3 1811 84558
2 3
3 1
1424 825
1424 393
825 817
825 87
817 890
890 1681
890 1222
1681 62
1681 616
62 1006
1006 904
904 1181
1181 365
365 1687
1687 301
1687 55
301 1032
301 612
1032 7
1032 1008
7 896
7 1484
896 1248
896 1402
1248 1365
1248 1208
1365 1699
1365 1231
1699 1752
1699 1499
1752 348
348 560
348 351
560 190
190 937
190 763
937 1792
937 547
1792 692
1792 811
692 1221
1221 800
1221 1730
800 169
800 1436
169 820
820 1364
1364 401
401 116
401 1510
116 661
116 300
661 316
316 1017
1017 717
717 1724
1724 782
1724 149
782 746
746 44
746 1710
44 1738
1738 1799
1799 923
923 1772
923 464
1772 1389
1772 1051
1389 600
1389 1465
600 562
600 49
562 195
195 1239
1239 515
1239 1153
515 528
515 483
528 17
528 1506
17 956
17 478
956 1078
956 1768
1078 1568
1568 292
1568 1719
292 1619
1619 42
1619 1640
42 1662
1662 1268
1662 627
1268 1717
1717 1512
1717 693
1512 1567
1512 1054
1567 1696
1696 1293
1293 188
188 248
248 1556
1556 137
137 1286
1286 1290
1286 1132
1290 266
266 60
266 648
60 1278
60 422
1278 181
1278 1373
181 743
743 847
847 313
313 644
313 841
644 1003
1003 224
1003 1623
224 942
224 460
942 1206
942 16
1206 697
697 1083
697 1718
1083 499
1083 786
499 1606
1606 1042
1042 1736
1736 598
598 677
677 223
223 46
46 687
687 79
687 926
79 1770
79 1747
1770 185
1770 230
185 556
185 282
556 1045
556 848
1045 722
722 1244
1244 1572
1572 264
1572 1246
264 1693
264 709
1693 1130
1130 1417
1417 426
426 921
426 199
921 1129
1129 1148
1148 104
1148 1542
104 132
104 255
132 1332
1332 1414
1414 184
1414 858
184 1217
1217 831
831 1585
1585 1029
1585 417
1029 406
406 1137
406 1012
1137 1336
1336 1610
1610 1439
1610 1265
1439 346
1439 696
346 507
507 1803
1803 821
1803 298
821 1475
1475 1113
1113 516
516 540
516 481
540 785
540 1049
785 6
785 1001
6 996
6 81
996 1100
1100 209
1100 1638
209 1498
1498 1359
1498 416
1359 1652
1359 1072
1652 784
784 193
784 399
193 1413
1413 1173
1173 807
807 1284
1284 1304
1304 1751
1751 982
1751 1116
982 66
982 1249
66 652
652 931
931 504
504 536
536 1426
536 823
1426 234
234 914
234 265
914 1147
914 801
1147 769
1147 279
769 1765
769 828
1765 1324
1765 68
1324 680
680 986
986 611
611 400
400 946
946 1214
946 1152
1214 1184
1214 1396
1184 1697
1184 1108
1697 1139
1139 94
1139 641
94 378
378 285
285 618
285 1346
618 669
618 338
669 1489
669 1154
1489 1340
1340 73
1340 203
73 864
73 1407
864 247
247 1565
1565 271
1565 1675
271 1383
271 117
1383 606
1383 463
606 1515
606 412
1515 1729
1515 1433
1729 84
1729 214
84 574
84 1123
574 53
574 876
53 235
235 736
736 712
712 1431
712 1505
1431 260
260 965
260 1674
965 1196
1196 1653
1653 875
1653 131
875 619
875 1074
619 1603
1603 576
1603 447
576 701
701 1777
701 1754
1777 250
250 924
250 738
924 1492
1492 675
675 1557
1557 754
754 1171
1171 734
734 895
895 1401
895 802
1401 525
525 1795
1795 1660
1660 1040
1040 514
1040 1442
514 350
514 1163
350 1632
1632 1783
1783 485
485 1701
485 535
1701 1526
1701 529
1526 865
1526 215
865 843
843 739
843 1212
739 1358
1358 1002
1358 1305
1002 749
1002 1576
749 1450
1450 309
1450 833
309 462
462 1520
462 1255
1520 773
773 803
803 1099
803 396
1099 1746
1746 1780
1746 1226
1780 1283
1780 8
1283 1451
1451 894
1451 827
894 1614
894 1411
1614 907
907 1677
1677 1131
1677 147
1131 221
221 1627
221 636
1627 150
1627 1473
150 737
737 418
418 1111
1111 51
1111 975
51 985
51 681
985 1685
985 1309
1685 1430
1685 881
1430 102
1430 1031
102 1351
1351 1240
1240 33
33 1778
33 202
1778 207
1778 987
207 1033
207 1742
1033 991
1033 310
991 1269
1269 663
1269 1527
663 1162
663 1267
1162 1227
1162 1434
1227 898
1227 1342
898 1387
898 797
1387 1320
1320 24
24 189
24 394
189 54
54 911
54 1477
911 108
108 1633
108 480
1633 971
1633 1238
971 552
552 1408
1408 1020
1020 1468
1020 1541
1468 1287
1468 437
1287 402
1287 484
402 159
402 1524
159 450
159 583
450 64
64 258
64 187
258 1733
258 391
1733 1308
1733 256
1308 448
1308 225
448 951
951 1119
1119 954
1119 1398
954 75
954 1583
75 1329
1329 643
643 1277
1277 727
1277 532
727 201
201 793
793 251
251 1651
1651 122
122 1516
122 299
1516 451
1516 283
451 845
451 620
845 1810
1810 732
732 1496
1496 180
180 492
492 1615
1615 337
337 1749
1749 349
349 806
806 139
139 775
139 23
775 1158
1158 1491
1491 1361
1361 810
810 783
783 1577
1577 1057
1057 1661
1661 826
826 1548
826 1393
1548 101
1548 913
101 241
241 1237
241 218
1237 885
1237 1037
885 799
799 517
517 1166
1166 1474
1166 252
1474 97
97 1596
97 48
1596 658
658 1313
658 657
1313 194
194 1035
194 1151
1035 177
1035 1805
177 444
177 152
444 502
444 38
502 374
502 870
374 1291
374 146
1291 988
1291 581
988 688
988 270
688 1194
688 1388
1194 577
577 474
474 1090
474 243
1090 1461
1461 1634
1461 698
1634 1106
1106 1771
1771 938
1771 889
938 962
962 1363
1363 1371
1363 815
1371 909
909 768
909 405
768 1201
1201 781
1201 1356
781 832
781 427
832 1529
832 1605
1529 366
366 603
366 1036
603 920
603 1294
920 778
778 472
472 958
472 1598
958 1319
1319 626
1319 1438
626 912
912 861
912 1167
861 112
112 1236
1236 1289
1236 287
1289 1637
1289 1144
1637 564
564 1459
1459 903
903 1731
1731 735
1731 1220
735 814
735 41
814 1352
1352 198
198 1725
198 1712
1725 559
1725 667
559 307
559 919
307 1193
1193 713
1193 891
713 1688
713 330
1688 58
58 625
625 1218
1218 1495
1218 119
1495 629
629 1142
629 622
1142 1774
1774 1444
1774 1301
1444 1517
1444 1525
1517 1311
1517 742
1311 1767
1311 1518
1767 672
1767 1457
672 1737
672 103
1737 597
1737 945
597 948
597 1303
948 47
948 476
47 1141
1141 183
183 728
728 449
449 563
449 1062
563 510
563 656
510 546
510 745
546 884
884 979
884 191
979 639
979 1330
639 631
631 770
770 933
770 56
933 708
708 1392
708 1533
1392 1370
1370 940
940 1591
940 1081
1591 458
458 950
458 360
950 1626
950 584
1626 1198
1626 1061
1198 753
1198 1155
753 1216
1216 1721
1721 1326
1721 1684
1326 355
1326 1174
355 1021
1021 935
935 95
935 963
95 3
3 1186
3 325
1186 1250
1186 1190
1250 674
1250 710
674 638
638 1753
638 596
1753 824
1753 136
824 312
312 855
855 1758
855 1514
1758 659
659 1038
659 762
1038 284
1038 113
284 1023
284 1621
1023 1782
1782 1732
1732 1375
1732 1575
1375 1500
1375 614
1500 1412
1412 1726
1412 1464
1726 551
1726 1
551 1251
1251 352
1251 488
352 1554
1554 1257
1554 1595
1257 772
772 541
772 1007
541 1159
1159 440
1159 1382
440 1295
440 653
1295 503
503 835
503 983
835 358
835 1676
358 419
419 1345
1345 779
779 1513
1513 459
1513 952
459 1009
459 1224
1009 634
1009 336
634 293
293 1629
293 557
1629 308
1629 1098
308 384
384 1427
1427 1066
1427 1368
1066 1010
1066 386
1010 164
1010 296
164 756
756 383
383 1357
383 1168
1357 304
304 671
304 1225
671 1261
1261 305
305 1455
1455 179
179 1180
179 1703
1180 1272
1180 306
1272 527
527 1325
527 689
1325 610
610 1759
610 1631
1759 1508
1759 1046
1508 167
1508 927
167 278
278 718
718 809
809 798
809 390
798 1321
798 1494
1321 208
1321 970
208 1808
1808 495
495 1409
495 1435
1409 654
1409 433
654 538
654 959
538 506
506 182
506 787
182 1097
1097 1059
1097 947
1059 1716
1716 1788
1716 35
1788 1263
1263 486
486 1564
1564 315
1564 1657
315 776
315 1586
776 438
776 28
438 263
438 403
263 487
263 575
487 415
415 791
415 1555
791 372
372 615
615 880
880 647
647 1466
1466 1673
1673 11
11 586
11 1511
586 1285
1285 1384
1285 569
1384 276
276 425
276 976
425 1093
1093 572
572 1092
1092 646
1092 210
646 473
646 910
473 172
172 846
172 932
846 111
111 465
465 1360
1360 974
974 1538
1538 1299
1538 1720
1299 673
673 1312
1312 77
77 1260
77 1800
1260 716
716 1694
716 1088
1694 1242
1242 1764
1764 1562
1764 1178
1562 267
1562 1648
267 130
267 105
130 333
130 423
333 249
249 1617
249 1112
1617 585
585 74
585 39
74 356
74 82
356 1462
1462 873
1462 1056
873 1341
1341 89
89 318
89 871
318 408
408 1766
408 605
1766 22
22 1528
22 780
1528 849
849 1245
1245 1282
1282 1315
1282 477
1315 1723
1723 1210
1723 1349
1210 237
237 161
161 1540
161 757
1540 1775
1540 1682
1775 1547
1547 219
1547 1490
219 1203
1203 790
1203 1594
790 1229
790 1091
1229 363
1229 994
363 1680
1680 981
1680 1560
981 354
354 1266
354 602
1266 599
1266 1380
599 1256
599 580
1256 1067
1067 1416
1416 589
589 242
589 1573
242 1532
242 244
1532 110
110 1686
110 900
1686 1233
1233 777
1233 490
777 1372
1372 63
63 1102
63 730
1102 520
1102 1235
520 955
955 632
632 1486
632 1182
1486 604
1486 1378
604 1530
1530 1787
1530 72
1787 1743
1787 1120
1743 43
43 1170
43 155
1170 1404
1404 220
1404 1397
220 748
220 32
748 1809
748 1027
1809 1400
1400 1334
1400 969
1334 1456
1334 741
1456 934
934 324
324 1587
324 930
1587 524
524 67
524 882
67 5
67 364
5 1018
5 1096
1018 533
533 461
533 50
461 76
76 1452
1452 120
120 153
120 554
153 1063
1063 1618
1618 1000
1000 650
1000 635
650 868
650 1616
868 1691
1691 126
126 1338
126 259
1338 1735
1735 1136
1735 497
1136 1642
1136 1448
1642 329
329 196
196 86
86 1405
86 1219
1405 1429
1429 1590
1429 1647
1590 455
455 836
455 1134
836 850
850 984
850 1535
984 498
498 1493
1493 228
1493 1071
228 1048
1048 1670
1670 1252
1670 275
1252 1440
1252 531
1440 1064
1440 1381
1064 92
92 1791
1791 381
381 1569
1569 1698
1569 323
1698 1597
1698 145
1597 765
765 106
106 1419
1419 1107
1107 388
1107 339
388 1579
388 1337
1579 118
118 45
45 1060
45 1702
1060 269
269 482
482 707
707 1095
1095 1487
1095 468
1487 1310
1310 1715
1310 590
1715 1133
1715 27
1133 1386
1133 163
1386 30
1386 1423
30 925
30 1276
925 1318
1318 966
1318 1262
966 1624
1624 469
469 1728
469 1022
1728 320
1728 899
320 1270
320 370
1270 548
548 857
857 1641
1641 211
1641 1463
211 588
211 186
588 1497
588 1019
1497 1323
1497 542
1323 1086
1086 566
566 1604
1604 434
1604 1544
434 1232
1232 466
466 1690
466 1125
1690 262
262 1794
1794 26
26 375
375 816
816 212
212 1200
1200 980
980 154
980 1076
154 1601
1601 1784
1784 1643
1643 286
1643 1480
286 519
519 78
78 695
78 1713
695 367
367 1668
367 587
1668 1628
1628 1802
1628 964
1802 1065
1065 1553
1553 14
14 1593
1593 537
1593 232
537 1543
537 1592
1543 838
838 883
838 1665
883 550
883 607
550 1114
550 1279
1114 1807
1807 373
1807 1068
373 1327
373 1804
1327 818
1327 1014
818 1689
1689 522
1689 475
522 1084
1084 1297
1297 1179
1179 1275
1179 1215
1275 1612
1612 114
114 595
114 1347
595 1335
595 213
1335 582
1335 567
582 789
789 1082
789 651
1082 411
411 1467
1467 1478
1478 59
59 852
59 1672
852 1228
1228 1563
1228 1103
1563 1695
1695 715
1695 1745
715 766
766 862
766 1711
862 1581
1581 1798
1581 500
1798 1469
1798 973
1469 1264
1264 853
1264 1094
853 93
93 1773
93 751
1773 1052
1052 624
1052 549
624 1630
624 227
1630 1551
1630 1331
1551 1578
1551 443
1578 151
151 901
151 812
901 788
788 297
297 521
297 1785
521 157
157 1259
157 1613
1259 511
511 1571
511 1620
1571 171
171 573
171 253
573 37
37 257
257 1169
257 1546
1169 1079
1169 432
1079 1635
1079 676
1635 382
382 71
382 512
71 1666
71 1403
1666 1744
1744 345
1744 268
345 1069
1069 863
863 664
863 1622
664 1339
1339 1706
1339 591
1706 144
144 496
144 1472
496 1776
1776 1470
1470 960
960 173
173 684
173 834
684 1188
1188 706
706 240
706 128
240 9
240 494
9 1354
1354 1077
1077 877
877 1531
877 621
1531 1522
1531 761
1522 1254
1522 804
1254 1757
1757 369
1757 617
369 359
369 25
359 321
321 1043
1043 767
767 691
691 204
204 1138
204 1509
1138 699
1138 869
699 57
699 649
57 4
57 1109
4 361
4 509
361 1709
361 725
1709 508
1709 1446
508 467
467 830
467 445
830 1135
830 1756
1135 1243
1243 1395
1395 1128
1395 1683
1128 90
90 1545
90 794
1545 1645
1645 1165
1165 1582
1165 534
1582 407
407 1292
407 941
1292 839
839 640
839 660
640 1105
1105 628
628 1307
1307 291
291 1391
291 347
1391 1667
1667 720
1667 493
720 1124
720 1708
1124 1656
1656 897
897 1599
897 141
1599 311
311 1185
311 721
1185 1175
1175 726
1175 1058
726 40
726 943
40 344
344 1608
344 168
1608 1755
1608 135
1755 1298
1298 666
666 978
978 80
978 1274
80 397
80 1253
397 1458
1458 140
1458 1669
140 729
140 887
729 319
319 176
176 655
655 471
655 327
471 936
936 413
413 918
413 380
918 623
918 1796
623 1053
1053 129
1053 229
129 1241
129 906
1241 609
609 1333
609 686
1333 1453
1333 1080
1453 1739
1453 429
1739 226
226 392
392 1177
392 398
1177 85
85 1609
1609 1145
1145 1449
1145 1589
1449 410
1449 341
410 1122
1122 1607
1122 1748
1607 1722
1607 1558
1722 446
1722 178
446 679
446 1191
679 705
705 1302
1302 837
1302 523
837 453
453 740
740 1223
740 1149
1223 1161
1223 637
1161 539
1161 1367
539 878
878 526
526 685
526 1070
685 371
371 1164
371 1143
1164 70
1164 21
70 1789
70 281
1789 1176
1176 83
83 570
83 1580
570 1485
570 842
1485 578
578 1195
1195 733
1195 543
733 1030
1030 1211
1211 342
1211 866
342 1523
1523 109
1523 690
109 456
456 995
995 1488
995 31
1488 1501
1488 929
1501 501
501 997
997 1089
1089 1121
1121 1353
1121 1355
1353 1625
1353 452
1625 1779
1625 441
1779 1503
1779 1536
1503 170
1503 216
170 704
704 905
704 1306
905 642
905 967
642 328
642 1204
328 928
328 1644
928 1760
1760 1550
1760 744
1550 1115
1115 805
1115 205
805 670
805 893
670 1704
670 295
1704 1741
1741 1649
1649 19
1649 808
19 1811
19 1157
1811 1406
1406 414
414 277
414 1482
277 1377
1377 694
1377 376
694 340
694 795
340 1213
340 662
1213 972
972 36
36 1761
36 1566
1761 1234
1761 162
1234 593
1234 1574
593 1390
1390 915
1390 916
915 999
915 719
999 217
999 1348
217 1366
1366 1734
1734 1344
1734 1454
1344 1559
1344 2
1559 332
332 1085
1085 711
711 442
711 1663
442 1016
442 682
1016 236
236 1288
1288 1678
1288 755
1678 558
1678 544
558 747
558 1441
747 395
747 874
395 774
774 1209
774 1584
1209 1714
1209 12
1714 91
1714 421
91 822
822 1537
822 424
1537 1300
1537 1437
1300 491
1300 436
491 961
491 1483
961 479
479 1202
479 1374
1202 148
148 166
148 261
166 1328
1328 1271
1328 888
1271 714
714 530
714 1350
530 192
192 246
246 1447
1447 1316
1447 1692
1316 633
1316 288
633 1394
633 98
1394 1428
1394 851
1428 917
1428 289
917 34
34 1418
34 294
1418 1013
1418 156
1013 723
1013 977
723 334
334 1230
334 886
1230 1636
1230 343
1636 52
52 1026
52 1247
1026 1362
1026 317
1362 854
1362 142
854 1273
854 1160
1273 239
239 1654
239 15
1654 13
13 1207
1207 1655
1655 829
1655 630
829 1700
1700 174
1700 314
174 1047
1047 1369
1369 922
922 1197
1197 1087
1197 1073
1087 1790
1790 353
353 571
353 645
571 792
792 613
613 96
613 1146
96 758
758 594
594 750
594 1317
750 335
750 99
335 1385
335 1432
1385 379
1385 1156
379 760
379 430
760 272
272 377
272 435
377 123
123 1421
1421 1786
1421 206
1786 1639
1639 274
1639 565
274 892
892 1379
1379 796
1379 1422
796 1781
796 668
1781 608
1781 160
608 1769
1769 1118
1769 1705
1118 1646
1118 88
1646 908
908 1471
908 1727
1471 1679
1679 859
859 731
731 454
731 819
454 989
989 29
29 1314
29 389
1314 133
1314 1258
133 1763
1763 1534
1763 1399
1534 1806
1806 165
1806 505
165 1192
165 69
1192 949
949 1460
1460 1552
1460 1126
1552 1740
1552 1570
1740 555
555 1600
555 385
1600 303
303 939
939 1015
939 1025
1015 1004
1004 1479
1004 331
1479 1793
1793 302
1793 1671
302 1549
302 1034
1549 1521
1549 115
1521 1281
1521 107
1281 175
175 1041
175 100
1041 280
1041 1199
280 158
158 1101
1101 1005
1101 61
1005 1502
1502 840
840 1602
1602 1150
1150 1343
1343 1189
1343 561
1189 1104
1104 1028
1028 1127
1028 902
1127 1117
1127 1801
1117 1110
1110 683
1110 428
683 764
764 457
764 273
457 197
457 20
197 553
197 1075
553 1659
1659 127
127 1650
127 1658
1650 1140
1650 368
1140 601
601 703
601 409
703 326
326 998
326 771
998 1205
998 1507
1205 957
1205 1044
957 65
65 1011
65 968
1011 953
1011 752
953 1476
1476 18
1476 992
18 1611
18 143
1611 702
702 125
702 470
125 1172
1172 1539
1172 1415
1539 138
1539 700
138 579
579 568
568 254
568 233
254 1664
254 1425
1664 387
387 518
518 1050
518 124
1050 1187
1187 1024
1024 1183
1024 1322
1183 545
1183 678
545 1504
545 439
1504 357
1504 1410
357 860
860 238
860 1376
238 222
222 1055
222 489
1055 1280
1055 404
1280 665
1280 431
665 134
134 1750
1750 724
724 362
724 1445
362 1420
1420 231
231 872
872 1519
1519 990
990 1039
1039 245
245 1443
1443 1707
1443 322
1707 420
420 867
867 592
867 759
592 1481
1481 813
1481 993
813 121
121 1588
121 844
1588 879
879 513
513 944
513 10
944 1762
944 856
1762 1561
1762 1296
1561 200
1561 290
200 1797
