2 1967 47240664
1 2
1179 1818
1818 750
750 65
65 165
165 1645
1645 235
235 1036
1036 1278
1278 520
520 490
520 977
490 1334
1334 1372
1372 92
92 593
92 1909
593 376
593 883
376 1569
1569 1132
1132 123
123 1671
1671 1724
1671 264
1724 915
1724 1963
915 1236
915 258
1236 43
43 1438
1438 1392
1392 237
237 662
662 631
662 1300
631 809
631 1426
809 193
193 851
851 848
848 1830
848 528
1830 988
1830 1452
988 1446
988 1552
1446 644
644 942
942 321
942 1199
321 105
321 1834
105 665
105 1601
665 1235
1235 1799
1799 295
1799 959
295 1243
1243 79
79 798
798 315
315 1743
315 1095
1743 1579
1743 411
1579 53
53 471
53 1200
471 739
471 379
739 1781
1781 1431
1781 1507
1431 1876
1876 1189
1189 1027
1027 776
776 1075
776 1732
1075 529
529 585
585 1198
1198 783
1198 1152
783 1081
1081 1577
1081 1596
1577 557
1577 735
557 432
432 1170
1170 793
1170 641
793 1046
1046 813
1046 1532
813 1009
1009 1089
1089 69
69 1595
69 354
1595 27
1595 1280
27 1262
27 970
1262 586
1262 664
586 1406
586 1273
1406 591
591 656
591 308
656 425
656 562
425 922
922 1942
922 406
1942 1723
1942 794
1723 112
112 624
624 1813
1813 1500
1500 385
385 1158
385 549
1158 940
1158 1007
940 579
940 1939
579 975
579 1484
975 657
657 35
35 679
35 187
679 1625
679 921
1625 1090
1625 496
1090 348
1090 1459
348 1555
1555 714
1555 699
714 1455
714 1180
1455 1344
1344 824
1344 40
824 1031
824 1026
1031 1795
1031 1296
1795 1965
1795 1575
1965 1457
1457 1105
1457 1099
1105 1223
1223 1572
1223 1626
1572 1705
1572 1798
1705 1609
1705 1091
1609 884
1609 1224
884 909
884 1551
909 1922
909 304
1922 575
1922 852
575 1339
1339 732
1339 1284
732 650
650 973
973 271
973 1674
271 1815
1815 963
1815 701
963 881
881 623
881 182
623 911
911 1628
1628 1782
1628 1097
1782 387
1782 1959
387 951
951 1
951 134
1 1937
1937 1077
1077 305
1077 684
305 1443
1443 257
257 254
257 481
254 1371
1371 167
167 1884
1884 837
837 1247
1247 1421
1421 52
52 9
52 1529
9 1727
1727 277
1727 154
277 1801
277 1469
1801 1857
1857 1062
1857 1711
1062 565
1062 1746
565 1624
1624 1157
1624 176
1157 484
484 358
358 592
592 712
712 268
712 695
268 980
268 989
980 1255
1255 1850
1255 1938
1850 1894
1894 162
162 1539
162 1290
1539 340
340 1835
1835 1020
1835 1389
1020 1954
1954 1120
1954 178
1120 54
1120 1811
54 1634
1634 1088
1088 1450
1088 1301
1450 1039
1039 231
231 309
231 503
309 983
309 18
983 1958
983 1168
1958 1735
1958 1474
1735 637
637 1696
637 1825
1696 1428
1696 1475
1428 1264
1264 1248
1248 1040
1040 1599
1040 1205
1599 1900
1599 831
1900 651
651 253
253 1506
1506 174
1506 423
174 918
174 907
918 1483
1483 218
1483 499
218 825
825 1863
825 502
1863 1448
1863 463
1448 336
336 1418
336 1393
1418 449
1418 1025
449 995
449 286
995 865
865 1697
1697 160
1697 1087
160 229
229 753
229 882
753 1348
753 582
1348 1573
1348 672
1573 99
1573 329
99 1836
99 205
1836 1764
1764 1385
1385 1154
1385 1829
1154 1461
1154 1859
1461 493
1461 1440
493 956
956 1349
956 343
1349 66
66 1761
1761 1029
1029 349
349 1453
1453 1193
1453 120
1193 1936
1936 447
1936 1701
447 567
567 1422
567 1347
1422 476
1422 1462
476 1048
1048 1680
1048 572
1680 961
1680 1508
961 375
375 1015
1015 1497
1015 119
1497 966
1497 33
966 1332
1332 238
1332 874
238 1905
1905 1615
1615 241
241 731
731 1557
731 1267
1557 94
94 626
94 55
626 1800
1800 1432
1800 1862
1432 741
1432 775
741 1134
741 1430
1134 1078
1134 1169
1078 556
1078 1291
556 1096
556 1410
1096 1354
1096 818
1354 89
89 587
587 306
587 453
306 1726
306 870
1726 544
1726 1178
544 620
620 1762
1762 894
894 1355
1355 821
821 41
821 211
41 13
41 433
13 807
807 1366
1366 125
125 588
588 1789
588 1868
1789 74
1789 773
74 1819
1819 190
1819 523
190 1967
1967 1164
1967 1794
1164 1517
1164 1388
1517 752
752 518
752 475
518 1023
1023 1024
1024 1415
1415 148
1415 1073
148 834
834 1307
1307 526
526 1564
526 1588
1564 1530
1564 468
1530 1935
1530 1356
1935 166
166 846
166 421
846 466
846 913
466 288
288 341
341 1100
341 1731
1100 111
111 607
111 633
607 998
607 252
998 8
8 769
8 1949
769 1699
1699 49
1699 1921
49 1386
49 34
1386 555
1386 1879
555 1084
555 1329
1084 840
1084 12
840 1550
840 1396
1550 324
324 536
536 1807
536 106
1807 1433
1433 262
1433 905
262 1127
1127 1311
1127 325
1311 1021
1021 808
1021 1632
808 1677
808 434
1677 140
1677 868
140 833
140 543
833 743
743 374
374 75
374 426
75 1775
1775 444
1775 1871
444 507
507 412
412 1323
1323 1083
1083 1409
1409 192
192 691
691 605
605 1361
1361 1540
1540 1851
1851 1700
1700 820
820 659
659 663
659 685
663 278
278 1755
1755 683
683 242
683 1353
242 1159
242 845
1159 1032
1032 1845
1032 1856
1845 1621
1845 7
1621 1858
1621 11
1858 1014
1858 142
1014 240
1014 590
240 256
240 1908
256 1784
256 880
1784 658
1784 51
658 554
554 413
413 720
413 945
720 1767
720 1745
1767 1833
1833 1945
1945 130
1945 170
130 994
994 725
994 1692
725 1306
725 63
1306 212
1306 206
212 245
245 98
245 1310
98 1592
1592 610
1592 696
610 519
610 803
519 506
519 1512
506 1174
1174 1376
1376 1849
1376 1244
1849 464
1849 604
464 301
301 1960
301 208
1960 514
1960 14
514 722
514 1923
722 906
906 1603
1603 246
1603 1303
246 954
246 647
954 667
954 164
667 1479
667 366
1479 1911
1911 1173
1173 1142
1173 1737
1142 152
152 1694
1694 1538
1694 611
1538 183
1538 853
183 660
183 451
660 618
618 1141
1141 1196
1141 842
1196 1404
1404 132
132 1363
132 1288
1363 131
131 1556
1556 646
1556 100
646 669
646 407
669 777
669 1655
777 1728
1728 704
1728 1419
704 1582
1582 654
654 674
654 491
674 457
457 1548
457 1964
1548 30
1548 113
30 1774
30 143
1774 337
337 68
68 635
68 1839
635 1423
635 239
1423 630
1423 1852
630 1439
1439 1709
1709 416
1709 1493
416 589
416 272
589 705
589 1873
705 1899
1899 949
949 47
949 368
47 456
47 716
456 706
456 1610
706 802
706 1369
802 805
802 509
805 1754
805 1126
1754 782
782 615
782 344
615 243
243 454
454 606
606 465
465 372
465 1195
372 1053
372 1617
1053 558
1053 553
558 1631
558 622
1631 1336
1336 1840
1840 1693
1693 598
1693 1487
598 1637
598 1456
1637 1206
1637 1441
1206 157
1206 455
157 139
139 495
139 993
495 747
495 901
747 87
747 948
87 1766
87 59
1766 1821
1766 1308
1821 1480
1821 1566
1480 1576
1576 1919
1576 311
1919 718
718 849
849 512
849 1342
512 386
386 1005
386 156
1005 788
788 717
717 291
717 609
291 1802
1802 855
1802 1322
855 1299
1299 908
1299 1702
908 1604
1604 532
1604 1888
532 878
878 1470
878 900
1470 832
832 715
832 1177
715 405
405 885
885 1260
885 500
1260 1616
1260 279
1616 1806
1806 1340
1806 1116
1340 1147
1147 757
1147 124
757 1106
1106 1233
1106 723
1233 342
342 266
342 686
266 1545
266 352
1545 259
259 1612
1612 1593
1612 290
1593 1563
1563 893
893 1335
1335 138
1335 322
138 77
138 1864
77 671
671 969
969 1670
969 1525
1670 1384
1670 1045
1384 1686
1384 1543
1686 371
371 1166
371 501
1166 236
1166 223
236 595
236 207
595 1581
595 300
1581 318
318 1486
1486 1476
1486 1627
1476 1411
1411 912
912 1820
1820 1600
1820 1228
1600 1449
1600 362
1449 1108
1108 1465
1108 1333
1465 1056
1056 1022
1022 1076
1022 1282
1076 530
530 384
530 655
384 216
384 1234
216 15
216 1337
15 1687
15 1657
1687 1536
1536 251
251 1769
251 217
1769 895
1769 144
895 1070
1070 1050
1050 313
313 535
535 1870
535 891
1870 1673
1870 1391
1673 1239
1673 175
1239 896
1239 1309
896 765
896 1186
765 177
177 214
214 1038
214 625
1038 1887
1038 1328
1887 199
1887 571
199 1218
1218 1901
1218 599
1901 1883
1883 687
1883 1002
687 1092
687 294
1092 151
151 1590
151 1623
1590 564
564 474
474 1117
1117 576
576 1698
576 841
1698 1176
1698 759
1176 1741
1176 1044
1741 872
1741 1768
872 1786
872 1778
1786 370
370 1585
1585 1620
1620 859
859 303
859 1684
303 1941
1941 545
1941 1881
545 269
269 774
774 934
934 1230
934 968
1230 1408
1230 1915
1408 1320
1408 1703
1320 316
1320 1181
316 560
560 1535
1535 383
1535 1691
383 1192
1192 790
790 1416
790 473
1416 458
458 1246
458 378
1246 1153
1246 185
1153 467
467 1251
1251 573
573 1844
573 1652
1844 762
762 1298
1298 1669
1298 1597
1669 265
1669 1085
265 1492
1492 260
260 1847
1847 1049
1847 274
1049 114
114 928
114 1725
928 1294
928 58
1294 1739
1739 789
789 1758
1758 677
677 137
137 1201
1201 1685
1201 727
1685 62
1685 129
62 36
62 1672
36 1381
36 511
1381 460
1381 1793
460 1352
460 417
1352 196
1352 1140
196 1639
196 537
1639 492
1639 282
492 1468
492 926
1468 979
979 44
979 1270
44 638
44 1343
638 1086
1086 1150
1150 78
78 984
984 827
827 1155
827 90
1155 1047
1155 389
1047 332
332 1447
332 829
1447 1225
1447 1943
1225 347
1225 365
347 1395
1395 1182
1395 958
1182 310
1182 226
310 409
409 331
331 117
117 1138
117 4
1138 115
115 1292
1292 724
724 1683
724 1350
1683 323
323 1714
323 1591
1714 1561
1714 1259
1561 703
1561 860
703 1866
1866 627
627 1656
627 936
1656 1783
1783 23
1783 700
23 1135
1135 1357
1357 861
861 1890
861 1054
1890 952
1890 1241
952 619
952 1650
619 785
785 1666
785 916
1666 1373
1373 1886
1373 877
1886 1957
1957 169
169 1069
1069 1128
1128 1257
1128 158
1257 1869
1869 1614
1869 357
1614 770
1614 1405
770 1523
1523 1678
1523 1580
1678 1682
1682 250
1682 1458
250 800
800 1380
1380 1608
1380 668
1608 1549
1549 189
189 224
224 45
45 127
45 443
127 1643
127 570
1643 1400
1643 1295
1400 102
1400 109
102 764
764 1103
1103 1832
1103 899
1832 946
1832 391
946 742
742 1256
742 541
1256 104
104 804
104 215
804 1390
1390 1119
1390 439
1119 73
1119 636
73 399
73 19
399 70
399 1059
70 1622
1622 1640
1640 418
1640 431
418 810
418 642
810 1113
810 1927
1113 1245
1245 1109
1245 314
1109 395
1109 640
395 1351
395 1387
1351 1397
1351 1203
1397 838
838 84
838 864
84 1940
84 1460
1940 1814
1940 1162
1814 462
462 854
854 122
122 1520
122 1473
1520 228
228 1394
228 95
1394 255
1394 5
255 442
442 1210
442 249
1210 648
648 863
863 1118
1118 1315
1315 360
360 312
312 1542
1542 1194
1194 1912
1194 733
1912 971
971 184
184 990
990 869
990 933
869 420
420 1718
1718 181
181 222
222 653
653 1586
1586 273
1586 1183
273 999
273 1613
999 772
999 364
772 1297
1297 1197
1197 962
1197 596
962 461
962 408
461 1913
461 546
1913 1006
1006 1951
1951 1809
1951 632
1809 1324
1324 394
1324 363
394 856
394 1080
856 1779
856 1689
1779 1402
1402 489
1402 621
489 1553
489 469
1553 46
1553 355
46 737
46 1222
737 452
452 888
888 1417
1417 734
1417 1665
734 1013
1013 219
219 1661
1661 150
150 1279
1279 1544
1279 145
1544 1019
1019 1558
1558 180
180 1191
180 1658
1191 1125
1125 781
1125 760
781 83
83 867
83 1274
867 1250
867 547
1250 1917
1917 678
1917 1607
678 955
678 937
955 261
261 203
203 862
862 965
862 577
965 441
965 1220
441 1098
1098 172
172 1227
172 1584
1227 1704
1704 581
581 317
317 580
580 708
708 1953
708 601
1953 1736
1736 953
953 944
944 1437
944 1644
1437 1679
1679 925
1679 430
925 50
50 101
101 353
353 1004
1004 1910
1910 690
1910 1472
690 1878
690 107
1878 594
594 428
594 521
428 1304
1304 93
93 746
93 787
746 153
746 1172
153 1281
153 1792
1281 1269
1281 96
1269 209
209 515
515 1165
1165 1041
1165 307
1041 835
835 761
761 1266
1266 539
539 350
350 1635
1635 168
168 1848
168 42
1848 666
1848 171
666 1317
1317 1283
1283 766
1283 828
766 792
792 1946
792 438
1946 1527
1527 1712
1527 1810
1712 745
1712 284
745 1499
1499 754
1499 29
754 1791
754 1229
1791 1659
1659 1642
1659 1831
1642 1399
1642 1708
1399 778
778 116
116 1429
1429 419
419 121
121 1528
121 1185
1528 710
1528 186
710 1904
710 1313
1904 270
270 345
270 60
345 1444
1444 1000
1444 1413
1000 1920
1920 470
1920 1215
470 382
382 1838
1838 1068
1838 397
1068 1773
1068 1148
1773 857
1773 1249
857 31
857 1720
31 1787
1787 1763
1763 681
1763 1578
681 1485
1485 1151
1151 1367
1367 1867
1367 1272
1867 887
1867 1477
887 155
155 1207
155 1012
1207 1948
1948 328
1948 163
328 472
472 1796
472 1892
1796 201
201 1893
201 108
1893 1139
1139 1190
1139 194
1190 1489
1190 1061
1489 522
1489 920
522 1816
522 276
1816 816
1816 1379
816 1668
816 858
1668 1891
1891 1362
1362 67
67 435
67 784
435 1093
435 1496
1093 976
1093 1962
976 1491
976 682
1491 478
1491 957
478 1715
478 1042
1715 780
780 1464
1464 875
875 608
875 1028
608 1327
1327 1051
1051 1738
1738 1880
1880 1365
1365 1219
1365 230
1219 488
1219 866
488 333
333 964
333 972
964 819
964 756
819 1777
1777 1331
1331 991
1331 639
991 1570
1570 505
1570 1907
505 1837
505 817
1837 713
713 61
61 516
61 1253
516 91
91 1107
91 1213
1107 1817
1817 578
1817 1534
578 1001
1001 889
1001 1478
889 1424
889 38
1424 822
1424 1144
822 692
692 1374
1374 293
1374 1065
293 1547
293 1016
1547 1633
1547 1760
1633 1494
1633 542
1494 1521
1494 298
1521 1072
1072 1501
1501 424
424 1855
424 1482
1855 974
1855 448
974 1931
1931 1133
1133 1414
1133 280
1414 1947
1947 563
1947 614
563 1115
563 941
1115 1403
1115 459
1403 982
1403 1471
982 133
982 1516
133 844
133 1785
844 233
844 1226
233 97
97 1216
1216 1713
1216 24
1713 1314
1314 740
1314 892
740 3
740 1265
3 796
3 1571
796 390
796 924
390 981
981 1790
981 1966
1790 721
721 847
721 652
847 1263
1263 1058
1263 1064
1058 422
422 248
248 728
248 1302
728 1435
728 675
1435 1037
1435 485
1037 767
767 1463
767 381
1463 1898
1898 771
1898 1212
771 1208
771 534
1208 296
1208 1916
296 1568
1568 1505
1505 1321
1505 693
1321 1952
1952 525
525 1526
525 440
1526 1619
1526 1214
1619 1889
1619 751
1889 1765
1765 791
791 330
330 1925
1925 1509
1925 1695
1509 1721
1509 1826
1721 1271
1721 914
1271 758
758 1654
758 486
1654 1370
1654 1748
1370 730
1370 1137
730 287
730 643
287 402
287 1011
402 82
82 2
2 1102
1102 197
1102 146
197 1240
1240 1518
1240 1722
1518 1035
1518 1770
1035 879
1035 1488
879 1646
1646 1562
1646 1131
1562 1238
1562 1854
1238 574
1238 694
574 997
997 613
997 688
613 744
744 1647
744 482
1647 32
1647 1112
32 1425
32 1638
1425 1161
1425 1707
1161 1747
1161 1756
1747 299
299 1010
299 795
1010 204
204 1877
204 213
1877 1897
1877 1481
1897 1130
1130 200
200 1846
200 1364
1846 1896
1846 1918
1896 1221
1896 755
1221 392
1221 904
392 1956
392 527
1956 359
1956 1326
359 1003
1003 927
927 1874
927 1772
1874 645
645 1574
1574 517
517 86
86 801
86 930
801 1071
801 1082
1071 1662
1662 1804
1662 697
1804 1143
1804 1129
1143 702
1143 320
702 1018
1018 1716
1018 1930
1716 404
1716 839
404 1346
1346 1261
1346 335
1261 225
225 1490
225 1149
1490 1882
1490 1060
1882 1124
1882 1944
1124 670
670 285
670 1961
285 602
602 72
72 401
72 1757
401 234
401 985
234 410
410 275
275 1293
1293 779
1293 1515
779 1231
779 935
1231 1885
1231 1066
1885 1330
1330 48
1330 1771
48 26
26 584
584 1587
1587 220
220 978
220 202
978 1498
1498 57
1498 1167
57 680
57 1074
680 427
427 1589
427 1345
1589 531
1589 1451
531 221
531 1742
221 1822
221 1752
1822 689
1822 361
689 707
707 319
707 1606
319 497
319 617
497 661
497 1690
661 1681
661 628
1681 1719
1681 1055
1719 1325
1325 498
498 1204
498 1378
1204 1734
1734 1503
1503 600
1503 1636
600 1928
1928 1079
1079 939
939 22
939 524
22 1319
1319 1276
1276 136
1276 1163
136 836
136 1710
836 37
37 738
738 1187
738 1955
1187 1122
1122 768
768 960
768 1175
960 1933
1933 338
1933 393
338 649
338 76
649 1729
649 540
1729 943
943 6
943 929
6 1121
6 1145
1121 676
676 1950
1950 81
1950 1434
81 327
327 1842
1842 1906
1842 1136
1906 1275
1275 494
1275 388
494 1511
1511 748
1511 1420
748 1653
1653 830
1653 1258
830 1519
830 1865
1519 583
583 1412
1412 986
986 1560
986 1305
1560 1730
1730 302
302 1583
1583 1312
1583 369
1312 283
283 210
283 823
210 1524
1524 16
1524 950
16 173
173 1030
173 876
1030 247
247 1242
1242 415
1242 20
415 396
396 429
429 56
56 480
480 1502
480 1902
1502 1057
1057 910
1057 149
910 569
910 367
569 1828
569 932
1828 1797
1828 1567
1797 873
873 811
811 1522
1522 548
1522 815
548 1776
548 289
1776 483
483 931
483 1398
931 1427
1427 487
487 118
487 1660
118 1648
118 1611
1648 1110
1110 992
992 1717
992 923
1717 1043
1043 436
436 987
436 1495
987 1788
987 1903
1788 1676
1788 533
1676 414
1676 1123
414 1160
414 843
1160 267
267 897
897 550
550 1232
550 1706
1232 890
890 1605
1605 437
1605 1188
437 377
437 1338
377 1445
377 736
1445 17
17 128
128 1285
1285 850
850 1401
850 919
1401 1664
1401 232
1664 538
538 1454
1454 967
1454 450
967 227
967 566
227 1651
1651 445
1651 797
445 1895
445 1740
1895 1436
1895 1034
1436 1504
1504 1510
1510 1803
1510 147
1803 1533
1803 898
1533 551
551 1808
551 263
1808 1033
1808 886
1033 510
510 351
351 814
814 634
634 1375
634 1860
1375 1598
1598 400
1598 356
400 71
400 161
71 1383
1383 1827
1827 346
346 1067
346 85
1067 64
1067 1749
64 629
64 871
629 1318
629 297
1318 673
673 917
917 1442
917 1618
1442 1914
1914 1675
1675 110
110 1466
1466 195
1466 1541
195 39
39 1377
1377 1184
1377 698
1184 1104
1184 1008
1104 141
141 1932
141 504
1932 188
1932 479
188 1759
1759 826
1759 1467
826 1209
826 513
1209 1843
1209 1052
1843 1663
1843 10
1663 597
1663 568
597 159
597 1268
159 339
339 373
339 1824
373 1358
373 126
1358 1546
1546 1753
1753 1823
1753 1287
1823 1537
1537 1924
1924 103
1924 711
103 1733
1733 947
947 88
947 552
88 1513
88 612
1513 1359
1513 996
1359 786
1359 292
786 1554
786 80
1554 806
806 25
806 1629
25 198
25 1744
198 1667
198 1934
1667 763
763 938
763 1853
938 1861
938 812
1861 1875
1875 1872
1875 28
1872 1252
1252 1286
1252 1146
1286 1156
1156 1316
1316 749
749 561
749 1211
561 1407
1407 403
1407 1926
403 1750
1750 1101
1750 559
1101 1805
1805 326
1805 1217
326 1202
326 1565
1202 1382
1382 1630
1630 21
1630 334
21 1111
1111 616
616 1929
616 191
1929 603
603 1594
1594 1812
1812 709
1812 1751
709 1368
709 135
1368 1289
1368 1341
1289 1641
1641 1094
1641 903
1094 1531
1094 1237
1531 1017
1017 1114
1114 380
380 179
179 398
398 1559
1559 1514
1559 1841
1514 726
1514 799
726 1602
726 1780
1602 281
281 1688
281 719
1688 1171
1171 1277
1277 1649
1277 508
1649 902
1649 1063
902 729
729 1254
729 1360
1254 477
477 446
477 244
