1 2032 84
510 866
866 676
866 384
676 728
676 674
728 116
728 1872
116 195
116 952
195 274
274 57
274 1307
57 1621
57 108
1621 1523
1523 735
1523 1699
735 149
149 431
431 692
431 1994
692 1734
692 181
1734 476
1734 855
476 309
476 1040
309 137
137 833
137 300
833 479
479 183
479 1538
183 464
183 1882
464 472
472 487
472 915
487 980
980 869
869 815
869 1185
815 1170
815 371
1170 943
943 1215
1215 1096
1096 1991
1096 1112
1991 359
1991 1868
359 1320
359 900
1320 524
524 1245
1245 689
689 1959
1959 398
398 226
226 913
226 694
913 721
721 1574
1574 1542
1542 1155
1155 217
1155 1289
217 693
693 1268
693 1241
1268 1035
1035 763
763 975
975 1086
1086 1993
1086 1690
1993 701
701 1313
1313 282
282 449
282 1134
449 534
534 1799
1799 1372
1372 424
424 1910
424 1893
1910 1627
1910 1832
1627 1039
1627 933
1039 1728
1039 306
1728 140
140 1573
140 1564
1573 1417
1417 1308
1417 131
1308 777
777 415
777 44
415 651
415 3
651 1136
651 1210
1136 206
1136 278
206 1269
206 1018
1269 1650
1269 327
1650 1380
1650 188
1380 128
1380 204
128 644
644 1304
644 311
1304 1841
1841 852
852 774
852 1168
774 1969
774 951
1969 988
988 82
82 488
488 478
478 1581
478 1796
1581 1352
1581 1508
1352 1000
1352 1379
1000 443
1000 437
443 380
443 897
380 1643
380 1816
1643 1889
1889 91
1889 699
91 1329
91 1844
1329 1849
1849 522
1849 1809
522 1314
1314 180
180 1920
1920 276
276 585
585 139
139 899
899 1330
1330 192
192 710
192 2025
710 716
710 646
716 910
716 1209
910 1870
1870 1911
1870 1246
1911 543
1911 1384
543 859
543 569
859 1325
1325 102
102 1814
1814 1346
1346 581
1346 947
581 209
581 2015
209 1972
209 147
1972 834
1972 1975
834 799
834 20
799 32
799 1092
32 1514
1514 372
372 1258
372 903
1258 1358
1258 1912
1358 1659
1358 826
1659 2018
1659 387
2018 1309
1309 1986
1986 572
572 883
572 1742
883 1387
883 1900
1387 514
514 1263
1263 504
504 1762
504 1831
1762 1613
1613 1088
1613 566
1088 1252
1088 604
1252 1107
1107 1933
1107 681
1933 616
616 1857
1857 93
93 8
8 434
434 1421
434 401
1421 427
427 1810
1810 884
1810 231
884 321
884 691
321 1404
321 999
1404 1366
1404 459
1366 530
1366 257
530 72
530 1780
72 787
72 1113
787 862
862 1236
1236 1575
1236 296
1575 129
129 1142
129 1505
1142 1082
1082 1598
1082 807
1598 1688
1598 1013
1688 1837
1837 110
1837 590
110 244
110 292
244 1511
244 1895
1511 277
1511 1373
277 1639
1639 436
436 688
688 1706
1706 323
323 871
871 1442
1442 61
61 733
733 607
607 30
607 88
30 1927
1927 1801
1927 816
1801 788
1801 212
788 1600
1600 1774
1774 811
1774 567
811 1437
811 894
1437 312
1437 1660
312 1677
1677 1785
1785 342
1785 238
342 1709
1709 289
289 1504
1504 75
75 1880
1880 1178
1880 1149
1178 339
339 1398
1398 279
279 1118
279 208
1118 7
1118 748
7 2008
2008 1866
2008 324
1866 794
1866 349
794 764
794 801
764 1752
1752 1135
1135 73
73 358
358 890
890 1767
1767 1053
1767 1190
1053 808
808 1952
1952 958
1952 196
958 844
844 1275
844 66
1275 954
954 94
954 610
94 730
730 2
730 1171
2 1310
1310 1396
1310 1669
1396 1945
1945 1087
1087 789
1087 1935
789 1348
1348 1032
1348 1724
1032 446
446 1998
1998 631
1998 150
631 1501
631 432
1501 597
597 1626
597 1454
1626 114
114 1227
1227 1362
1362 329
1362 1547
329 173
329 1531
173 160
160 1427
1427 1765
1427 355
1765 1036
1765 175
1036 1914
1036 1063
1914 1233
1233 553
553 1769
1769 772
1769 1712
772 361
361 1121
361 1111
1121 1440
1121 1322
1440 1902
1440 330
1902 1856
1902 1672
1856 335
1856 364
335 1624
1624 1772
1624 649
1772 2024
2024 720
2024 1477
720 70
720 14
70 105
105 625
105 1763
625 675
625 1338
675 511
675 269
511 939
939 52
52 517
52 1220
517 166
166 1462
1462 87
1462 1265
87 1237
87 12
1237 798
1237 84
798 167
167 513
167 4
513 1131
513 821
1131 830
830 1781
1781 1254
1781 931
1254 46
46 652
652 26
652 1439
26 1753
26 1076
1753 1318
1753 1191
1318 824
824 1350
1350 838
838 1890
838 731
1890 291
291 320
320 1207
1207 1708
1708 740
1708 1370
740 1951
740 260
1951 711
711 541
711 1449
541 598
598 669
598 1057
669 1719
1719 840
840 739
739 957
957 1571
1571 171
171 1518
171 528
1518 1337
1337 1988
1337 768
1988 400
1988 741
400 2011
400 425
2011 1527
2011 313
1527 1094
1094 623
623 902
902 176
176 966
176 1276
966 193
966 1175
193 775
193 1824
775 211
211 1342
211 1031
1342 595
595 1722
595 523
1722 1622
1722 868
1622 155
1622 1675
155 1445
155 1371
1445 1536
1536 1852
1852 1425
1852 1696
1425 1177
1177 1618
1618 316
316 1400
1400 347
347 1401
347 1128
1401 1182
1182 1011
1011 1426
1426 1444
1444 714
1444 1609
714 946
946 1084
1084 239
239 1585
239 451
1585 348
1585 1218
348 1020
1020 1341
1341 1335
1335 1194
1335 1470
1194 1251
1251 1543
1251 1375
1543 628
1543 1615
628 1736
1736 1472
1736 293
1472 491
491 865
865 860
865 1299
860 453
860 677
453 1502
453 1550
1502 1122
1122 1476
1122 1987
1476 261
1476 242
261 1797
1797 662
1797 1691
662 738
662 757
738 773
773 1192
773 1068
1192 1065
1065 1250
1250 76
1250 1006
76 1559
1559 1982
1982 1556
1556 2017
2017 1544
2017 290
1544 994
994 1133
1133 1132
1132 1016
1132 749
1016 1965
1016 1430
1965 1921
1921 1025
1025 1487
1487 1423
1487 729
1423 1670
1423 1446
1670 468
468 1050
1050 1974
1974 299
299 1761
1761 1903
1903 1114
1114 141
1114 174
141 1981
141 92
1981 882
882 1448
882 24
1448 448
1448 1668
448 284
284 1424
1424 1918
1424 1687
1918 122
122 1888
122 657
1888 1512
1512 633
633 1119
633 9
1119 632
632 1925
1925 21
21 1205
1205 1754
1205 412
1754 665
1754 621
665 438
438 1937
438 1949
1937 1795
1937 1492
1795 843
1795 341
843 695
695 1197
695 411
1197 319
319 1049
1049 1315
1049 922
1315 1066
1066 1022
1066 442
1022 1109
1022 1078
1109 547
1109 271
547 462
547 259
462 938
462 1739
938 1242
938 745
1242 521
521 297
297 737
737 1720
1720 1528
1720 904
1528 516
516 1846
1846 146
1846 611
146 1429
1429 1884
1429 562
1884 328
1884 1091
328 465
328 746
465 1359
465 1897
1359 1863
1863 135
135 1717
1717 1156
1156 1095
1095 467
467 350
350 1272
350 337
1272 53
1272 950
53 1919
1919 15
15 996
996 1633
1633 35
35 650
650 111
111 863
863 973
863 1657
973 1102
973 1116
1102 1794
1794 36
36 227
36 1140
227 1378
1378 1019
1019 2031
1019 1630
2031 835
2031 704
835 1608
835 1238
1608 1496
1496 1042
1496 190
1042 1692
1692 1055
1055 1663
1663 1316
1663 828
1316 205
205 1526
1526 10
1526 221
10 1506
1506 382
1506 1686
382 1271
382 1760
1271 304
304 1214
1214 917
1214 1067
917 755
917 1365
755 463
755 1973
463 395
463 1915
395 67
395 185
67 734
734 1891
1891 1167
1167 1862
1862 1173
1173 637
637 50
637 561
50 1631
50 318
1631 168
168 1311
1311 1357
1311 106
1357 1766
1766 1649
1649 1376
1649 1741
1376 654
1376 1947
654 1015
1015 627
627 912
627 494
912 120
120 989
120 1012
989 1700
1700 383
383 529
383 308
529 1718
1718 469
469 202
202 346
346 392
392 1546
392 1802
1546 723
1546 1195
723 804
723 1928
804 1591
1591 783
1591 1293
783 130
783 559
130 1368
1368 974
1368 1537
974 397
974 1798
397 2021
397 17
2021 926
2021 497
926 622
926 1497
622 1355
622 96
1355 1560
1355 452
1560 848
1560 1940
848 1729
848 533
1729 519
1729 929
519 1166
519 945
1166 1967
1166 247
1967 1226
1226 983
1226 1822
983 1597
983 470
1597 1223
1597 1707
1223 1879
1223 225
1879 1104
1104 936
1104 233
936 526
526 1968
1968 1963
1968 240
1963 1464
1464 1200
1464 1469
1200 1189
1189 964
1189 1740
964 2020
2020 1558
1558 376
1558 1610
376 145
376 1244
145 370
145 1399
370 69
370 1955
69 712
69 1865
712 1716
1716 1176
1716 702
1176 1345
1176 1905
1345 1855
1345 1568
1855 1755
1855 1219
1755 1750
1755 1843
1750 272
272 1614
272 1003
1614 686
686 351
686 365
351 1860
351 1701
1860 1447
1860 555
1447 113
113 378
378 1567
378 956
1567 1733
1733 1845
1845 793
1845 28
793 663
663 1256
663 148
1256 814
1256 1392
814 1008
1008 127
1008 1864
127 839
127 1584
839 23
23 612
23 1818
612 1377
612 1172
1377 353
353 85
85 670
85 1416
670 1793
670 1665
1793 752
752 95
752 2009
95 1555
1555 241
241 1486
241 1323
1486 156
156 532
156 761
532 301
301 1295
301 1938
1295 1388
1295 405
1388 1159
1388 2002
1159 1255
1159 162
1255 1825
1825 1638
1825 1491
1638 31
1638 1743
31 1231
1231 1503
1503 410
1503 1479
410 287
410 163
287 172
287 690
172 1500
172 841
1500 1147
1147 1225
1147 703
1225 911
1225 1833
911 2007
911 288
2007 439
439 985
439 601
985 1759
1759 796
796 1312
796 1098
1312 831
831 568
831 881
568 2016
568 1522
2016 1069
1069 609
1069 1681
609 1051
1051 992
1051 1620
992 1266
992 45
1266 1616
1616 1655
1616 874
1655 252
252 201
252 1004
201 1813
201 1551
1813 1936
1813 1433
1936 1270
1270 977
1270 1130
977 213
977 586
213 549
213 1946
549 1009
1009 867
867 961
961 1847
1847 1673
1847 878
1673 507
1673 754
507 1695
1695 1115
1695 1146
1115 891
1115 121
891 187
187 1326
1326 1471
1471 1034
1471 86
1034 829
1034 2000
829 1964
829 591
1964 285
1964 1261
285 1854
1854 80
80 1996
80 37
1996 1817
1817 1727
1817 1644
1727 1224
1224 154
1224 2006
154 1984
154 264
1984 158
1984 6
158 1641
1641 429
1641 1397
429 444
444 776
444 294
776 1877
776 779
1877 1431
1877 447
1431 626
626 580
626 138
580 817
817 1896
1896 250
250 1647
250 1412
1647 1540
1647 1164
1540 1636
1636 875
1636 1381
875 1563
1563 325
1563 230
325 932
932 1017
1017 1519
1017 484
1519 571
571 1481
1481 578
1481 62
578 573
578 760
573 1899
1899 286
286 880
880 1676
880 583
1676 1465
1465 1353
1353 648
648 1881
1881 461
461 126
461 268
126 1808
126 1435
1808 374
1808 1257
374 1287
374 1180
1287 338
338 1217
338 55
1217 1990
1990 870
870 1861
1861 1867
1861 1958
1867 512
1867 1748
512 668
668 1406
668 368
1406 1148
1406 1451
1148 995
1148 416
995 1090
1090 1714
1714 352
1714 667
352 832
352 369
832 430
832 112
430 615
615 1840
615 853
1840 645
645 1674
645 1302
1674 1869
1869 1859
1859 1193
1193 1697
1193 1028
1697 1989
1989 1198
1198 813
813 767
813 744
767 1137
767 509
1137 1202
1202 199
1202 103
199 11
11 1745
1745 1594
1745 266
1594 1211
1594 336
1211 909
909 1985
1985 1651
1651 770
1651 2022
770 1619
770 1806
1619 1807
1807 1061
1807 333
1061 658
658 1436
1436 546
1436 1339
546 1075
1075 1917
1075 1684
1917 391
391 751
751 556
751 385
556 993
993 1562
993 1138
1562 879
1562 394
879 557
879 508
557 1007
557 1047
1007 535
535 1875
1875 1284
1875 458
1284 1929
1929 18
18 1710
18 641
1710 1391
1710 256
1391 1515
1515 953
953 1853
953 419
1853 1394
1394 1735
1394 215
1735 962
1735 1402
962 1970
1970 315
1970 237
315 809
315 1812
809 1108
1108 1787
1108 89
1787 1516
1787 1422
1516 473
473 403
473 1771
403 1524
1524 1161
1161 109
109 322
322 2027
322 2012
2027 503
2027 1349
503 1604
503 1932
1604 618
618 620
618 708
620 56
56 698
56 310
698 928
928 1909
928 1625
1909 536
536 850
536 1336
850 1997
1997 1596
1997 1529
1596 1941
1941 48
48 635
48 1060
635 1483
635 1432
1483 1434
1483 1577
1434 262
262 1782
1782 360
1782 1731
360 1158
1158 531
531 1788
1788 1906
1788 119
1906 1507
1906 1059
1507 1532
1532 1143
1532 1467
1143 823
823 142
823 1948
142 1876
142 1689
1876 1971
1971 498
1971 1165
498 1839
498 515
1839 927
1839 971
927 1493
927 540
1493 1586
1493 1408
1586 1592
1592 1738
1738 1775
1775 656
656 1385
656 1664
1385 406
1385 959
406 124
406 450
124 856
856 889
856 1354
889 197
197 705
705 1415
1415 1273
1273 263
1273 1103
263 1073
263 1291
1073 1590
1590 589
589 1297
1297 98
1297 1499
98 753
98 1301
753 1611
1611 769
769 544
544 593
544 1530
593 629
593 1930
629 1629
629 684
1629 357
357 107
357 194
107 1980
1980 298
1980 539
298 1083
1083 955
1083 354
955 1317
955 1117
1317 399
1317 1127
399 178
399 1333
178 97
178 660
97 1583
97 500
1583 1962
1583 972
1962 198
198 153
198 29
153 1642
1642 1653
1653 1228
1653 837
1228 49
49 1071
49 1010
1071 920
920 1085
1085 1747
1085 1292
1747 388
388 2029
2029 614
614 639
639 1819
639 1187
1819 1374
1374 1834
1374 249
1834 200
1834 923
200 778
200 638
778 1184
778 1667
1184 51
1184 527
51 1961
51 790
1961 558
558 305
305 189
305 771
189 1494
1494 545
1494 1052
545 407
545 574
407 643
643 1999
643 1885
1999 441
441 606
441 506
606 2030
2030 474
2030 1259
474 1482
1482 907
1482 1791
907 1950
907 43
1950 125
1950 1976
125 267
125 1461
267 1332
1332 2028
1332 1942
2028 762
762 600
762 1803
600 60
60 2032
2032 726
2032 71
726 759
726 825
759 1978
759 19
1978 1264
1264 1169
1264 990
1169 944
944 1120
1120 1154
1154 1901
1901 722
1901 1656
722 1535
1535 1533
1535 219
1533 486
486 1150
1150 1480
1480 1606
1606 501
1606 1850
501 1784
1784 1296
1784 1014
1296 214
214 766
214 680
766 1290
1290 1548
1548 827
1548 887
827 1826
1826 876
876 1240
876 1093
1240 1303
1240 2005
1303 820
820 409
409 707
409 520
707 1139
1139 1203
1139 1
1203 786
1203 706
786 38
38 1783
1783 1283
1783 207
1283 1634
1283 719
1634 1489
1634 525
1489 1474
1489 1830
1474 661
661 64
661 1887
64 970
64 1595
970 1356
1356 810
1356 1045
810 1021
810 851
1021 861
861 2004
861 254
2004 1541
1541 1405
1541 642
1405 104
104 1282
104 1201
1282 47
1282 1239
47 1744
1744 1756
1744 1328
1756 603
1756 1001
603 495
495 2013
495 673
2013 65
65 687
687 1152
687 1145
1152 151
151 220
220 664
664 1458
1458 483
483 1327
1327 725
1327 905
725 683
683 1278
683 570
1278 914
1278 275
914 1602
914 1704
1602 1521
1521 1557
1521 40
1557 428
1557 303
428 1043
428 724
1043 1438
1043 682
1438 1274
1274 373
373 1804
1804 228
228 802
228 736
802 565
565 784
784 2010
2010 1347
1347 1588
1588 1821
1821 987
987 575
987 1823
575 800
575 942
800 1072
1072 640
1072 345
640 930
930 1023
930 1204
1023 979
1023 608
979 921
921 1281
1281 679
1281 596
679 157
679 475
157 1815
1815 671
1815 727
671 83
671 940
83 666
83 750
666 594
666 1956
594 74
74 548
548 101
101 924
924 605
924 1554
605 79
605 1463
79 502
502 480
502 1478
480 1410
1410 302
1410 133
302 1234
302 1924
1234 191
191 758
191 243
758 1579
1579 713
713 1645
1645 1723
1723 592
1723 332
592 576
592 1414
576 849
576 1367
849 1029
849 1828
1029 997
1029 1612
997 136
136 1509
136 1520
1509 872
1509 1702
872 1908
1908 144
144 542
144 647
542 1395
542 1199
1395 981
981 785
981 248
785 1680
785 1277
1680 935
1680 765
935 229
935 1749
229 624
229 78
624 381
381 1179
381 537
1179 806
1179 177
806 1364
1364 2001
2001 1737
2001 367
1737 563
1737 1324
563 331
331 1873
1873 934
1873 420
934 1157
1157 560
560 245
560 1196
245 1835
245 1409
1835 908
908 1174
1174 1904
1904 445
1904 967
445 1517
1517 492
1517 1829
492 255
492 466
255 90
255 579
90 164
164 1848
1848 780
1848 307
780 1878
1878 118
118 1080
118 1943
1080 1382
1382 1730
1730 858
858 253
253 1403
1403 216
216 554
216 1858
554 1758
1758 68
68 143
68 390
143 877
877 1468
877 836
1468 976
976 2019
976 1248
2019 1777
1777 334
1777 1603
334 270
334 584
270 251
270 1827
251 1294
251 1792
1294 1212
1212 1923
1923 1498
1498 25
25 81
81 941
941 582
582 100
582 1569
100 1779
100 1208
1779 812
812 1452
1452 1966
1452 344
1966 77
1966 1267
77 42
77 1280
42 1151
1151 1944
1151 489
1944 1954
1944 182
1954 1534
1534 1027
1534 115
1027 418
418 846
846 1062
1062 538
1062 2003
538 281
538 1892
281 1490
1490 218
1490 232
218 1654
1654 1144
1654 1389
1144 1648
1144 1124
1648 1126
1648 1635
1126 123
123 1685
123 1321
1685 1488
1488 1811
1488 1162
1811 1661
1661 1459
1661 1183
1459 169
1459 1099
169 1077
1077 117
1077 499
117 33
117 1460
33 2026
2026 1181
1181 1513
1181 1871
1513 965
1513 1129
965 456
965 901
456 617
617 1030
1030 885
1030 1441
885 414
414 224
224 1725
1725 179
1725 1038
179 1247
1247 1800
1247 1456
1800 653
653 421
421 1623
421 1070
1623 454
1623 1671
454 317
317 709
317 1764
709 440
440 1549
1549 1960
1549 1125
1960 222
222 1123
222 898
1123 1002
1002 22
1002 1605
22 505
22 1916
505 433
433 326
433 1443
326 822
822 1931
822 1097
1931 1805
1805 1778
1805 1383
1778 742
742 1926
742 223
1926 619
1926 1570
619 984
619 1037
984 1757
984 948
1757 1363
1757 1939
1363 781
781 386
386 1721
1721 1790
1790 587
587 978
978 1913
978 1418
1913 1836
1836 1693
1693 1678
1693 426
1678 916
916 577
577 919
577 1705
919 1235
919 1351
1235 1632
1632 41
41 314
314 818
314 1079
818 1979
818 1874
1979 982
982 1599
982 1694
1599 1453
1599 743
1453 1473
1473 1206
1473 847
1206 1344
1206 356
1344 963
963 379
963 58
379 1652
379 1587
1652 588
588 1106
588 1589
1106 1466
1466 1658
1658 1475
1475 1262
1262 1565
1262 366
1565 375
375 396
375 1485
396 564
396 1340
564 1216
564 165
1216 613
613 493
613 1977
493 599
493 1300
599 1229
1229 1637
1637 1141
1141 170
170 1768
1768 159
159 1407
159 1646
1407 1413
1407 1334
1413 895
895 857
857 16
857 1230
16 1666
16 782
1666 1510
1666 402
1510 1992
1510 906
1992 203
1992 1305
203 1298
1298 1572
1298 1495
1572 1820
1820 161
1820 854
161 1683
161 1776
1683 265
265 634
265 803
634 672
634 236
672 1064
1064 1024
1024 1450
1024 986
1450 273
273 1601
1601 27
27 1419
27 636
1419 550
1419 1160
550 1420
550 39
1420 1617
1617 845
845 1041
845 210
1041 1285
1041 1545
1285 659
1285 1698
659 1907
1907 1773
1773 1048
1048 417
1048 717
417 1838
1838 715
1838 1369
715 1044
715 234
1044 1682
1044 1054
1682 747
1682 471
747 1662
747 246
1662 362
1662 1058
362 422
422 482
482 792
792 423
792 1026
423 408
408 819
408 888
819 1628
819 1553
1628 435
435 1922
435 892
1922 602
1922 1883
602 1005
602 1249
1005 1186
1186 864
1186 477
864 696
864 340
696 1213
1213 258
1213 1279
258 1593
258 1306
1593 1842
1842 1898
1898 1751
1898 460
1751 1319
1751 969
1319 756
756 1957
1957 1640
1957 59
1640 132
132 1163
132 295
1163 186
186 184
184 1386
1386 389
389 1222
1222 413
1222 1715
413 34
413 1711
34 13
34 283
13 1561
1561 1607
1607 1361
1607 1455
1361 377
377 1105
377 393
1105 1552
1105 457
1552 518
518 54
518 2014
54 1390
1390 1188
1188 991
991 1411
991 700
1411 842
842 1484
1484 134
1484 343
134 1786
1786 1074
1786 1934
1074 5
1074 455
5 1221
1221 886
886 797
797 1525
797 1360
1525 896
896 1726
1726 551
551 1343
1343 280
1343 1770
280 1566
1566 678
1566 1886
678 1260
678 1153
1260 1033
1260 363
1033 1243
1033 481
1243 1331
1243 1288
1331 490
1331 63
490 1056
1056 1110
1056 937
1110 1100
1100 1789
1100 1713
1789 1732
1789 1851
1732 1457
1732 718
1457 235
235 1995
235 732
1995 1679
1679 655
655 1894
1894 496
496 960
960 1578
1578 1746
1578 1703
1746 697
697 552
552 805
552 1081
805 1983
1983 685
685 893
893 2023
893 795
2023 949
2023 998
949 1576
1576 99
99 152
99 968
152 1253
152 1393
1253 404
1253 1580
404 1953
404 1232
1953 1046
1953 925
1046 1089
1046 1428
1089 1286
1089 873
1286 1539
1539 1101
1539 1582
1101 918
918 485
485 791
485 630
