3 2137 8
2 3
3 1
57 874
57 1630
874 255
874 1386
255 282
282 358
358 1210
1210 82
82 581
581 274
581 1124
274 660
660 1719
1719 1327
1327 2049
1327 1349
2049 1526
1526 1072
1072 455
455 1246
1246 1104
1246 726
1104 125
125 103
103 224
224 1893
1893 1351
1893 521
1351 839
1351 97
839 65
65 1169
65 1478
1169 1752
1752 1859
1752 1095
1859 203
1859 910
203 1089
1089 1897
1897 1884
1884 503
1884 79
503 1103
1103 480
480 1312
480 1683
1312 1309
1312 1248
1309 70
1309 1475
70 268
268 1592
268 1777
1592 2134
2134 1712
1712 171
1712 571
171 1604
1604 772
1604 528
772 1582
772 565
1582 36
1582 809
36 437
437 643
437 458
643 1858
1858 2077
1858 1621
2077 1374
2077 1514
1374 1369
1374 729
1369 739
739 696
696 414
414 567
414 1987
567 317
567 13
317 47
317 736
47 1032
1032 1073
1073 654
1073 1662
654 566
566 1048
1048 747
747 442
747 1008
442 1554
1554 913
913 2016
913 911
2016 563
2016 685
563 853
563 1976
853 1877
853 1350
1877 1721
1877 211
1721 1885
1721 977
1885 804
1885 1407
804 917
917 1413
1413 67
1413 844
67 680
67 635
680 850
680 2005
850 1432
1432 489
489 2048
489 1035
2048 1060
1060 997
1060 436
997 204
204 1865
1865 243
243 1112
1112 2057
2057 254
2057 1187
254 229
254 1368
229 653
229 388
653 168
653 394
168 236
236 2101
236 795
2101 347
347 1192
1192 743
1192 479
743 969
743 677
969 884
969 1200
884 1401
884 1001
1401 1522
1522 1036
1522 2063
1036 1649
1649 967
967 937
967 1669
937 1557
1557 1929
1929 2
2 1786
2 1767
1786 695
695 77
695 1766
77 392
77 1234
392 1901
1901 914
914 351
351 1226
1226 1837
1226 981
1837 1490
1837 1713
1490 2078
2078 767
2078 387
767 560
767 1904
560 1304
1304 973
973 1224
973 119
1224 1357
1357 1754
1754 1908
1754 2065
1908 1397
1908 145
1397 2006
2006 549
2006 1920
549 334
334 1793
1793 283
1793 1050
283 1772
283 100
1772 251
251 1363
251 2095
1363 441
441 2031
2031 2027
2027 1366
1366 616
616 252
616 238
252 1189
1189 468
468 544
544 2075
544 1668
2075 1654
1654 1680
1654 397
1680 302
1680 870
302 771
771 1199
1199 765
1199 810
765 374
374 58
58 694
58 12
694 1574
1574 1659
1574 1833
1659 1508
1659 1658
1508 1485
1508 1567
1485 986
986 1706
1706 1012
1012 264
264 1879
1879 1011
1879 1473
1011 223
223 880
223 1730
880 1911
1911 1675
1911 16
1675 1714
1675 652
1714 62
1714 1943
62 1107
1107 45
1107 328
45 1419
1419 452
452 1845
452 1543
1845 1382
1382 824
824 242
824 821
242 49
49 1915
1915 1276
1915 1968
1276 1738
1276 834
1738 1243
1243 915
915 1587
915 454
1587 899
899 1398
1398 991
1398 1563
991 1589
1589 1962
1589 48
1962 1928
1928 1266
1928 1874
1266 1180
1180 92
92 1672
92 1131
1672 407
407 1626
1626 1718
1718 740
740 390
740 1847
390 1803
1803 2072
1803 1464
2072 1293
2072 706
1293 1724
1293 1303
1724 2133
2133 1806
1806 607
607 943
943 1024
943 1615
1024 1242
1024 1538
1242 1033
1033 2130
2130 719
2130 284
719 512
512 832
512 1892
832 1002
832 167
1002 183
183 339
339 357
357 250
357 1686
250 946
946 117
946 1445
117 472
472 1709
1709 1177
1177 152
152 951
152 108
951 1822
951 1136
1822 1575
1575 1914
1914 461
461 1091
1091 1562
1091 109
1562 770
770 1507
1507 1498
1507 940
1498 1290
1290 735
1290 1923
735 985
985 2018
985 705
2018 38
2018 1472
38 327
38 1191
327 2052
327 1910
2052 1182
2052 950
1182 737
1182 1346
737 1063
737 1588
1063 1849
1063 367
1849 2045
1849 2086
2045 312
312 1317
1317 1975
1975 1133
1975 375
1133 553
553 1046
1046 1764
1764 419
1764 260
419 1756
1756 124
124 1068
124 249
1068 1927
1927 1900
1900 599
1900 916
599 945
599 814
945 1913
945 1000
1913 2044
1913 1435
2044 220
220 159
220 1167
159 1525
1525 780
1525 1641
780 1007
780 907
1007 816
816 363
363 467
467 582
467 71
582 1364
1364 700
1364 37
700 1233
1233 1964
1964 794
1964 530
794 2064
2064 1052
1052 1263
1263 1792
1263 1711
1792 1909
1792 1601
1909 989
989 1335
1335 1998
1998 638
1998 598
638 5
638 1517
5 1528
1528 1688
1688 300
1688 432
300 343
343 2110
2110 926
926 44
44 628
628 2096
628 1459
2096 438
2096 373
438 83
438 228
83 198
198 1966
1966 968
968 202
202 1137
1137 2131
1137 679
2131 350
2131 321
350 2117
350 1715
2117 815
2117 944
815 332
815 1438
332 1941
332 1487
1941 777
777 2109
2109 558
558 1283
1283 1573
1573 1431
1573 331
1431 1430
1431 478
1430 676
1430 329
676 484
676 1918
484 1282
1282 1895
1282 1815
1895 234
234 352
352 230
230 656
656 248
656 2132
248 684
248 589
684 2084
2084 1696
2084 698
1696 2021
1696 450
2021 883
883 1532
883 156
1532 139
1532 1647
139 782
139 1776
782 513
782 1759
513 1812
513 975
1812 1707
1707 359
1707 1789
359 1863
359 799
1863 189
189 2089
2089 496
496 1449
496 642
1449 1643
1449 1051
1643 427
1643 849
427 2032
427 1585
2032 153
2032 1467
153 2037
153 827
2037 1890
1890 1843
1890 1891
1843 923
923 1267
923 1223
1267 107
1267 256
107 1671
107 2022
1671 535
535 1085
535 2115
1085 483
483 175
175 1653
175 1857
1653 1635
1653 355
1635 459
1635 195
459 1798
459 87
1798 1141
1141 2116
2116 806
2116 1994
806 415
806 113
415 1042
1042 1123
1123 1549
1549 1057
1549 2015
1057 1127
1057 1145
1127 637
1127 1768
637 2002
2002 603
603 1331
603 1273
1331 1861
1861 1955
1955 1778
1778 697
1778 577
697 586
586 1571
1571 1614
1614 568
568 675
568 1
675 465
465 2040
2040 1512
2040 371
1512 1898
1512 404
1898 1019
1019 96
1019 1016
96 1523
1523 176
1523 866
176 687
176 1345
687 1504
1504 867
867 1760
867 852
1760 838
838 971
971 1645
971 1807
1645 1924
1645 1274
1924 1353
1924 1749
1353 2122
1353 960
2122 931
931 525
931 325
525 84
84 2093
2093 1260
1260 52
52 1185
52 1138
1185 1245
1245 301
301 1352
1352 1638
1352 2071
1638 1889
1638 690
1889 583
583 215
215 1663
1663 778
1663 1700
778 179
179 1367
179 1722
1367 1111
1111 1465
1465 1232
1232 935
935 237
935 1152
237 126
237 273
126 2136
126 1515
2136 1329
2136 766
1329 897
897 1694
1694 613
1694 622
613 1217
613 1790
1217 1810
1810 200
200 683
200 847
683 606
683 1938
606 1129
1129 1204
1204 1344
1344 1090
1344 391
1090 1867
1867 1328
1867 1581
1328 962
1328 2039
962 105
962 1278
105 2043
105 774
2043 2055
2055 783
2055 556
783 1870
1870 1193
1870 818
1193 1951
1193 1144
1951 1305
1305 1319
1305 644
1319 1486
1319 276
1486 1883
1883 1418
1883 1166
1418 648
1418 639
648 1122
1122 270
270 492
492 1991
492 257
1991 984
984 1421
984 1821
1421 1334
1421 275
1334 1617
1334 1025
1617 1511
1617 758
1511 1253
1253 1846
1253 868
1846 1381
1381 742
1381 885
742 1348
1348 19
1348 691
19 1990
19 1106
1990 1405
1405 1814
1405 2054
1814 90
1814 112
90 871
871 206
206 2128
206 837
2128 221
221 110
110 1576
110 578
1576 1181
1181 277
1181 1703
277 1388
1388 1631
1631 647
1631 550
647 1452
1452 692
1452 555
692 909
909 241
909 1753
241 1047
1047 244
1047 1015
244 1981
244 641
1981 1201
1201 102
1201 336
102 447
102 1689
447 1949
447 1417
1949 727
1949 1026
727 970
970 1342
970 536
1342 474
474 1629
474 335
1629 1544
1544 1986
1544 1666
1986 1506
1986 1336
1506 1442
1506 405
1442 1852
1852 1642
1852 1495
1642 323
323 20
323 1619
20 1930
1930 166
166 27
27 605
27 541
605 401
605 1378
401 934
934 208
934 1580
208 1590
1590 1952
1952 1168
1952 1330
1168 2066
2066 1652
2066 290
1652 1318
1318 1170
1170 769
1170 1595
769 1695
1695 1661
1695 1454
1661 1698
1661 51
1698 471
471 1030
471 751
1030 2129
1030 1455
2129 519
2129 508
519 1591
519 1611
1591 1053
1053 307
1053 426
307 895
307 1780
895 1693
1693 790
1693 941
790 434
790 286
434 760
760 64
64 842
842 1483
1483 460
460 39
460 1031
39 1899
1899 297
1899 1158
297 956
297 1578
956 121
121 165
165 1916
165 893
1916 1556
1916 425
1556 191
1556 18
191 169
191 75
169 699
169 516
699 1540
1540 918
1540 1644
918 370
370 1817
1817 2113
2113 966
966 908
908 1482
1482 741
741 1110
741 1056
1110 800
1110 1558
800 1978
800 1236
1978 1775
1978 291
1775 1876
1876 1093
1093 185
1093 922
185 557
557 819
557 1745
819 1586
819 1743
1586 511
511 462
511 1105
462 136
462 754
136 1697
1697 384
1697 491
384 1620
384 1076
1620 188
1620 792
188 522
188 1726
522 314
314 2079
2079 631
631 111
631 1458
111 1208
1208 1774
1208 1665
1774 629
629 954
629 632
954 56
954 6
56 1402
1402 1624
1624 1356
1356 1383
1356 1462
1383 1896
1383 1677
1896 1860
1860 194
194 507
507 1227
507 1165
1227 833
833 1249
1249 623
1249 1510
623 710
710 99
99 164
99 1636
164 1119
164 380
1119 98
1119 1022
98 1040
1040 1744
1744 1296
1744 845
1296 1818
1296 711
1818 1993
1993 2081
2081 1569
1569 661
661 2011
661 1297
2011 610
2011 627
610 570
570 306
570 226
306 2106
306 848
2106 475
475 1411
1411 2105
2105 2092
2105 115
2092 35
35 1206
35 963
1206 1463
1206 1198
1463 645
645 91
645 859
91 383
383 271
383 1564
271 1552
1552 231
1552 1066
231 1043
1043 812
812 265
265 1527
1527 929
1527 151
929 2047
929 532
2047 2008
2008 464
2008 403
464 609
464 1400
609 418
418 2041
2041 1028
1028 1881
1881 1255
1881 1098
1255 305
305 1157
305 1735
1157 1555
1555 1062
1062 927
927 682
682 1763
1763 214
1763 1651
214 338
214 1081
338 863
338 1096
863 965
965 980
980 630
630 1341
1341 843
843 1961
843 1716
1961 313
1961 116
313 1902
1902 120
120 725
725 1058
1058 531
531 924
924 1238
1238 1484
1238 745
1484 755
755 2009
755 193
2009 573
573 386
573 431
386 1301
1301 2068
1301 60
2068 1489
1489 1492
1492 1222
1222 1468
1222 1259
1468 1553
1553 33
33 894
894 715
894 1751
715 1061
1061 841
1061 1769
841 619
619 444
619 1443
444 1819
444 1842
1819 1732
1819 1984
1732 395
395 1429
395 1656
1429 1027
1429 1250
1027 217
1027 320
217 1159
217 1761
1159 1118
1159 1360
1118 372
1118 1020
372 63
372 1409
63 1808
63 1953
1808 1572
1808 1741
1572 1734
1572 633
1734 178
178 1125
1125 1607
1125 1691
1607 399
399 1186
1186 1321
1321 192
1321 1634
192 101
101 2088
2088 177
177 1235
1235 128
1235 1954
128 1313
1313 1450
1450 1070
1070 1748
1070 1362
1748 1967
1748 473
1967 54
1967 318
54 15
15 801
15 1447
801 1315
1315 1648
1315 1476
1648 723
723 2124
723 1142
2124 992
992 227
227 891
891 856
891 1322
856 1989
856 2042
1989 2061
2061 546
2061 1999
546 222
222 1453
1453 562
562 154
154 1121
1121 674
674 1637
1637 324
1637 137
324 32
324 1045
32 218
32 1524
218 2025
218 509
2025 724
2025 1804
724 393
724 1355
393 449
393 225
449 1541
1541 23
1541 1851
23 1308
1308 158
158 878
158 146
878 506
506 961
506 892
961 2083
2083 2028
2028 597
2028 2003
597 1940
1940 1497
1497 2062
1497 862
2062 186
2062 348
186 417
417 261
417 470
261 1866
1866 130
130 527
130 132
527 1613
1613 416
416 749
749 982
749 210
982 4
4 1412
1412 1699
1699 957
957 1470
1470 1426
1426 1717
1717 1839
1839 433
1839 890
433 1371
433 667
1371 1690
1690 1441
1441 920
1441 1326
920 345
920 1531
345 901
901 406
901 368
406 1534
1534 829
1534 514
829 857
829 127
857 1428
857 1237
1428 840
840 1258
1258 720
1258 1530
720 750
720 1113
750 615
615 873
873 976
873 731
976 1594
976 1439
1594 1972
1972 1433
1433 587
1433 1957
587 453
453 1044
453 1919
1044 72
1044 1288
72 1985
1985 601
601 1078
601 21
1078 269
1078 600
269 1609
269 1239
1609 887
887 869
887 2060
869 1936
869 1946
1936 1215
1936 170
1215 1074
1215 1147
1074 953
953 1065
953 1801
1065 1037
1037 140
140 1434
140 2007
1434 1300
1300 1880
1300 1841
1880 1228
1228 1550
1228 147
1550 817
1550 398
817 1460
1460 1733
1460 1359
1733 22
22 2033
2033 636
636 451
636 1623
451 29
451 903
29 288
29 1039
288 1218
1218 1029
1029 1628
1628 1279
1628 10
1279 61
1279 1869
61 1151
61 1163
1151 1520
1151 428
1520 1320
1320 1049
1320 281
1049 572
572 580
572 1117
580 2013
2013 1820
2013 1387
1820 1983
1820 1502
1983 797
1983 785
797 947
797 1809
947 155
947 2017
155 877
877 2104
877 889
2104 440
2104 1802
440 921
921 362
362 3
3 1003
1003 608
1003 1135
608 1494
608 1384
1494 1561
1494 781
1561 2024
1561 1728
2024 575
575 1974
575 540
1974 2094
2094 764
2094 1625
764 138
138 1599
1599 1577
1599 1702
1577 595
595 1212
1212 1261
1261 1503
1503 477
477 898
898 1781
898 621
1781 1816
1781 30
1816 1597
1597 658
1597 278
658 1424
658 561
1424 796
796 1354
796 2073
1354 802
802 1965
802 618
1965 1109
1965 1704
1109 1646
1646 1606
1606 1907
1606 272
1907 1314
1314 1196
1314 1937
1196 1844
1844 26
1844 1491
26 974
974 1448
974 1705
1448 73
1448 662
73 808
73 1667
808 1547
808 134
1547 430
430 141
430 1533
141 1069
141 1960
1069 31
1069 1280
31 1440
31 703
1440 1275
1275 423
423 881
423 1128
881 46
881 446
46 469
469 1340
469 1422
1340 1871
1871 791
1871 1811
791 1922
1922 499
499 422
422 1347
1347 978
1347 1155
978 1395
978 673
1395 2090
1395 1888
2090 2035
2035 1935
1935 1437
1437 517
517 1603
1603 1446
1603 365
1446 1436
1436 983
983 1784
983 182
1784 617
1784 752
617 1457
617 1831
1457 1427
1427 689
689 551
689 993
551 443
443 2058
443 326
2058 330
330 1270
1270 1535
1270 333
1535 738
738 1067
738 88
1067 875
875 89
875 775
89 341
341 888
341 594
888 93
888 664
93 1773
1773 585
585 24
585 180
24 718
24 515
718 1959
718 1791
1959 78
78 131
131 1416
1416 1055
1055 2026
2026 855
2026 299
855 1132
855 1887
1132 688
1132 1079
688 1570
1570 1539
1570 1670
1539 826
1539 1332
826 1420
1420 1379
1420 2019
1379 1805
1379 596
1805 651
651 485
485 1219
1219 296
296 1545
296 2036
1545 354
1545 486
354 854
354 1921
854 369
854 2120
369 928
369 381
928 958
928 1006
958 896
958 322
896 1205
896 337
1205 1254
1254 1164
1164 7
7 1676
7 1358
1676 1939
1676 990
1939 1038
1038 1832
1832 872
1832 239
872 346
872 1488
346 377
377 1725
1725 1992
1725 267
1992 590
1992 1481
590 1391
1391 1813
1813 1723
1813 733
1723 779
779 448
448 157
448 1077
157 713
713 59
59 1500
1500 1948
1948 396
1948 1272
396 545
545 761
545 786
761 1584
761 1926
1584 1788
1584 1944
1788 1231
1231 2112
2112 295
2112 1673
295 1980
1980 1593
1593 1338
1338 588
588 133
588 201
133 548
133 287
548 1214
1214 510
510 1225
510 1477
1225 1252
1252 412
1252 1281
412 2020
412 118
2020 746
2020 316
746 681
746 402
681 41
41 624
624 825
624 1794
825 858
825 1148
858 665
858 995
665 1161
665 1324
1161 1969
1161 86
1969 1099
1099 789
789 1758
789 385
1758 1829
1758 219
1829 494
1829 340
494 1265
1265 2080
1265 768
2080 1509
2080 1213
1509 247
247 1762
247 1529
1762 1973
1762 655
1973 1082
1082 50
50 526
50 1610
526 1172
526 1160
1172 94
94 1854
94 529
1854 559
559 1782
1782 106
1782 1086
106 1945
106 1826
1945 95
95 1423
1423 1469
1423 748
1469 1650
1469 144
1650 190
190 308
190 361
308 1674
308 948
1674 1872
1674 162
1872 1333
1872 1868
1333 40
40 538
538 1269
538 1840
1269 1518
1269 17
1518 830
830 1950
830 539
1950 1783
1950 1292
1783 1598
1783 344
1598 807
1598 122
807 2067
807 1771
2067 988
2067 1298
988 1834
988 1456
1834 1755
1755 34
34 518
518 292
518 389
292 626
292 1174
626 1188
626 184
1188 212
1188 1925
212 1632
1632 2107
2107 1286
1286 1727
1727 502
1727 1493
502 400
400 1905
1905 906
1905 1311
906 1681
1681 763
763 497
497 353
497 1551
353 266
266 1627
1627 356
1627 1519
356 730
356 187
730 1799
1799 253
1799 150
253 481
253 123
481 2059
481 876
2059 114
114 1220
1220 1657
1657 1995
1657 1536
1995 1229
1995 1216
1229 1415
1415 2014
2014 76
2014 482
76 1466
76 409
1466 148
148 1560
1560 28
28 1824
28 666
1824 42
42 1785
1785 378
378 1080
1080 1894
1080 1971
1894 1678
1894 1389
1678 591
591 1542
591 1221
1542 1377
1377 717
717 1579
717 1496
1579 2103
2103 756
2103 1149
756 784
784 949
949 1017
949 1770
1017 1323
1323 1306
1323 1414
1306 1757
1757 235
235 930
235 246
930 1154
1154 1679
1679 1800
1679 298
1800 1115
1800 262
1115 1343
1343 1471
1471 1299
1299 1262
1299 728
1262 1083
1083 1480
1480 1004
1004 805
805 1244
805 1932
1244 1731
1244 1958
1731 1302
1731 1285
1302 1765
1765 1836
1836 1720
1720 1102
1720 704
1102 1997
1102 1977
1997 592
592 1370
592 280
1370 53
53 798
53 1682
798 435
435 933
933 1425
933 1912
1425 1559
1425 942
1559 1660
1559 232
1660 1071
1660 537
1071 1640
1640 1830
1830 822
1830 1372
822 1156
822 1406
1156 836
1156 1247
836 999
836 523
999 672
672 1021
1021 823
823 181
823 263
181 8
8 25
8 1194
25 612
612 1116
612 245
1116 1140
1116 2123
1140 1548
1548 445
445 828
445 964
828 311
311 1875
1875 882
882 912
882 1375
912 602
602 1183
1183 303
1183 504
303 376
303 135
376 1094
376 279
1094 707
707 1787
1787 1639
1787 744
1639 2121
1639 576
2121 2010
2010 1521
2010 1746
1521 793
793 1013
1013 2053
1013 611
2053 69
2053 476
69 143
69 1947
143 938
938 972
972 593
972 955
593 1878
593 174
1878 1444
1444 1537
1444 670
1537 542
1537 1873
542 1684
542 209
1684 1284
1684 604
1284 163
163 505
505 1934
1934 1173
1934 1339
1173 1294
1173 1014
1294 285
1294 1139
285 1041
285 2050
1041 1059
1041 2118
1059 1175
1059 439
1175 1178
1178 500
1178 1903
500 1737
1737 1361
1737 1461
1361 693
693 11
11 649
11 2097
649 1054
1054 1795
1054 803
1795 1565
1795 1602
1565 732
1565 1600
732 1616
1616 1850
1616 55
1850 1264
1264 1848
1264 1100
1848 759
1848 1380
759 1605
759 2023
1605 197
1605 1394
197 240
197 773
240 1396
240 1404
1396 1886
1886 1325
1325 851
851 1513
851 349
1513 1838
1838 1310
1838 584
1310 811
1310 1779
811 1005
811 196
1005 1996
1996 315
1996 289
315 659
315 708
659 1393
1393 762
1393 172
762 614
614 1153
1153 2069
2069 533
533 1399
533 524
1399 1979
1399 552
1979 753
753 1365
1365 2012
1365 80
2012 1088
2012 1827
1088 382
1088 68
382 1906
1906 1956
1906 543
1956 1114
1114 129
1114 959
129 2099
2099 1390
2099 364
1390 424
1390 534
424 1747
424 1505
1747 74
74 309
309 634
309 2000
634 569
569 410
569 1134
410 1797
1797 1146
1797 1307
1146 663
1146 721
663 996
663 1856
996 574
996 2074
574 1931
574 1268
1931 2100
1931 294
2100 1566
2100 495
1566 2034
2034 487
487 1257
487 493
1257 1176
1176 776
776 2137
2137 173
2137 1108
173 9
173 1209
9 936
9 835
936 925
936 669
925 1075
925 1664
1075 1130
1130 1289
1130 81
1289 310
310 1864
1864 712
1864 1064
712 1825
712 1018
1825 952
952 85
952 919
85 1373
1373 1685
1373 1692
1685 2004
2004 2126
2126 1179
1179 1701
1701 216
216 846
846 1882
1882 2056
2056 258
258 1195
1195 1982
1195 2051
1982 1385
1982 2135
1385 1479
1385 668
1479 104
104 205
205 820
205 366
820 2102
2102 1988
2102 488
1988 456
456 620
456 1150
620 554
554 686
686 1190
1190 787
787 2070
2070 1202
1202 2108
2108 463
2108 2119
463 1612
1612 2111
1612 905
2111 1855
2111 564
1855 879
1855 625
879 149
879 66
149 1499
1499 207
1499 2030
207 831
831 2127
831 1451
2127 979
2127 1023
979 259
979 490
259 788
259 900
788 2082
788 1568
2082 1862
2082 1596
1862 1376
1862 1853
1376 1963
1376 142
1963 1942
1942 233
233 1197
1197 702
1197 1010
702 1917
702 1933
1917 2114
2114 1708
2114 1207
1708 902
1708 304
902 2001
2001 1287
2001 1835
1287 709
1287 1742
709 319
319 579
579 1970
579 2087
1970 722
722 865
722 420
865 360
360 43
360 2046
43 2029
2029 498
2029 1295
498 932
498 1277
932 1256
932 716
1256 1474
1256 2098
1474 342
1474 501
342 813
813 547
547 1184
1184 1203
1203 1516
1203 2125
1516 1392
1392 864
1392 1211
864 1501
864 657
1501 1729
1501 213
1729 757
1729 678
757 1546
1546 1092
1092 998
998 640
640 1618
640 671
1618 199
1618 520
199 1251
1251 2038
2038 1823
1823 1316
1823 904
1316 1687
1316 1337
1687 1710
1710 646
1710 701
646 1583
646 1403
1583 2076
1583 1410
2076 860
2076 421
860 2091
2091 408
2091 161
408 939
408 1087
939 160
939 1126
160 1171
1171 1608
1171 1230
1608 861
1608 1162
861 1009
1009 1633
1009 1828
1633 1622
1633 1143
1622 1084
1622 2085
1084 1271
1084 714
1271 650
650 987
650 1655
987 466
987 886
466 411
411 1240
411 1739
1240 1750
1240 1241
1750 1736
1736 1740
1736 14
1740 1120
1120 1097
1097 994
1097 457
994 1101
1101 1291
1101 1796
1291 413
1291 379
413 293
413 734
293 1408
1408 1034
1034 429
