2 926 1301
2 1
291 919
291 93
919 337
337 574
337 644
574 345
574 338
345 201
345 794
201 554
201 316
554 181
181 680
181 245
680 274
274 868
868 708
708 29
29 775
29 43
775 416
775 192
416 420
420 423
423 197
423 35
197 369
369 283
369 520
283 584
584 456
456 800
456 172
800 817
817 894
894 22
894 417
22 108
108 263
263 134
263 89
134 421
134 698
421 358
358 276
358 296
276 427
276 92
427 2
427 50
2 415
2 333
415 871
415 604
871 500
871 144
500 733
733 704
733 810
704 121
121 685
121 641
685 370
685 716
370 252
370 82
252 95
95 643
95 861
643 863
643 100
863 738
738 256
738 233
256 594
256 153
594 664
594 591
664 767
767 608
608 364
608 600
364 111
111 404
111 371
404 33
404 242
33 44
33 655
44 510
510 15
510 401
15 482
482 409
482 444
409 299
299 217
299 687
217 445
217 376
445 13
13 189
189 912
189 182
912 707
912 279
707 760
707 710
760 392
392 375
375 215
215 5
215 68
5 826
5 211
826 51
826 537
51 766
51 77
766 638
766 568
638 18
18 652
18 744
652 313
313 617
617 235
235 195
235 498
195 572
195 34
572 722
572 788
722 309
309 286
286 469
286 729
469 462
462 118
118 851
851 341
341 781
781 860
860 403
860 398
403 631
631 198
198 719
719 613
719 665
613 488
613 524
488 72
72 730
730 857
857 368
368 387
368 17
387 200
200 477
200 381
477 88
88 154
154 596
596 821
596 692
821 105
105 452
105 839
452 599
599 267
599 429
267 169
169 879
879 634
634 94
94 176
94 46
176 690
690 753
690 395
753 312
312 457
312 304
457 513
457 461
513 654
654 899
899 478
899 869
478 329
329 780
780 518
518 675
675 468
468 793
468 646
793 878
878 399
878 872
399 671
399 820
671 884
671 527
884 583
583 823
583 632
823 772
823 539
772 721
721 218
721 474
218 688
688 582
688 470
582 455
455 811
455 141
811 829
811 683
829 883
829 413
883 447
447 486
447 59
486 24
486 32
24 129
24 60
129 430
430 1
430 81
1 495
1 737
495 659
495 480
659 80
80 701
701 491
701 305
491 695
695 529
695 749
529 728
728 705
705 543
705 828
543 712
543 741
712 805
712 504
805 38
805 23
38 818
818 47
47 187
47 587
187 250
250 889
250 673
889 640
889 799
640 258
640 69
258 467
258 123
467 454
454 56
454 422
56 99
56 115
99 580
580 103
580 49
103 703
103 278
703 551
703 53
551 658
551 630
658 565
658 562
565 758
565 925
758 310
758 209
310 269
310 552
269 598
598 260
260 804
260 261
804 911
804 76
911 668
668 435
435 246
246 450
450 497
497 893
893 645
645 448
645 120
448 186
448 449
186 394
186 434
394 432
432 536
432 822
536 809
536 249
809 621
809 779
621 765
765 502
502 573
502 922
573 397
397 720
720 840
720 875
840 171
171 265
171 284
265 253
253 297
253 718
297 379
379 636
379 517
636 150
150 167
150 700
167 140
140 849
140 492
849 784
849 90
784 877
784 882
877 607
607 151
151 602
602 230
602 516
230 816
230 315
816 406
406 624
406 790
624 228
624 453
228 494
228 606
494 924
924 439
439 667
439 876
667 610
610 796
796 742
742 915
742 317
915 402
402 137
137 119
119 112
112 288
288 900
900 907
907 126
126 66
66 400
66 323
400 586
400 802
586 560
586 237
560 553
560 174
553 575
575 25
25 605
605 97
97 166
97 902
166 8
8 887
8 684
887 611
611 85
611 159
85 540
540 856
540 147
856 301
301 224
224 356
356 281
356 116
281 679
281 764
679 391
679 732
391 782
391 302
782 653
653 26
26 908
26 102
908 838
908 609
838 290
838 243
290 755
290 503
755 203
203 614
203 778
614 616
614 633
616 96
96 785
785 669
669 266
266 532
532 776
532 791
776 464
776 471
464 58
464 280
58 347
347 61
347 424
61 866
61 155
866 853
866 225
853 612
612 642
642 827
827 382
827 227
382 48
382 576
48 706
706 847
847 852
847 830
852 746
852 238
746 918
746 162
918 314
314 372
314 135
372 530
372 465
530 511
511 194
194 674
194 292
674 45
674 110
45 901
901 322
322 657
657 164
657 37
164 906
164 567
906 819
906 327
819 361
819 534
361 411
361 489
411 501
411 388
501 592
501 625
592 891
592 472
891 407
891 318
407 107
107 723
107 254
723 593
723 205
593 383
383 294
294 892
294 31
892 98
892 867
98 711
711 541
711 428
541 188
541 763
188 349
349 564
564 74
564 257
74 854
854 756
854 443
756 223
756 689
223 378
223 647
378 841
378 131
841 62
62 226
62 91
226 546
226 183
546 156
156 507
156 459
507 696
507 747
696 308
308 343
343 846
343 542
846 903
903 789
789 813
789 479
813 859
813 220
859 79
79 114
114 30
30 410
410 113
113 328
328 139
139 909
139 547
909 717
717 754
754 798
798 682
682 490
682 620
490 142
142 289
289 515
289 837
515 921
515 731
921 222
222 484
484 122
122 458
458 493
458 694
493 885
493 835
885 697
885 360
697 750
697 590
750 442
750 255
442 354
354 320
354 339
320 769
769 132
769 184
132 325
325 873
325 425
873 191
873 206
191 748
191 881
748 545
545 519
519 904
904 177
904 221
177 219
219 335
335 412
412 127
127 264
264 745
745 389
745 768
389 352
352 836
836 106
106 275
275 64
275 259
64 926
64 601
926 571
926 578
571 307
307 725
307 180
725 353
353 87
87 65
87 334
65 773
773 117
773 377
117 649
649 405
649 70
405 535
405 128
535 441
441 145
441 656
145 693
145 336
693 686
693 577
686 672
672 662
672 306
662 179
662 724
179 736
179 699
736 55
736 579
55 702
702 910
702 485
910 858
910 713
858 357
858 57
357 204
357 84
204 916
204 7
916 628
916 597
628 862
862 663
862 157
663 880
663 272
880 556
556 834
556 678
834 78
78 481
78 525
481 774
481 792
774 676
774 390
676 639
676 512
639 12
639 173
12 589
589 812
812 615
615 285
615 393
285 160
285 787
160 920
160 786
920 726
920 83
726 414
414 42
42 385
42 163
385 193
385 555
193 342
342 321
321 214
321 795
214 824
824 623
623 691
623 86
691 27
691 366
27 14
27 216
14 287
287 351
351 384
351 550
384 487
487 138
487 149
138 681
138 36
681 178
681 514
178 359
359 440
440 16
440 273
16 808
16 199
808 270
808 39
270 350
270 476
350 332
350 303
332 231
231 544
231 864
544 814
544 268
814 75
75 239
75 526
239 648
239 759
648 348
348 505
505 158
158 522
158 635
522 832
522 506
832 897
832 843
897 196
196 6
6 236
236 783
783 752
783 618
752 19
752 743
19 890
19 807
890 282
890 419
282 563
563 446
563 168
446 73
446 133
73 277
277 651
277 815
651 190
190 751
190 344
751 466
466 28
28 9
9 735
9 10
735 426
735 559
426 11
11 362
11 538
362 475
362 727
475 670
670 41
670 833
41 740
740 124
124 770
124 777
770 557
770 67
557 262
557 845
262 437
437 165
165 202
202 865
202 240
865 431
865 548
431 363
363 483
483 622
483 803
622 229
229 373
373 558
373 533
558 886
886 762
886 637
762 311
311 666
311 831
666 473
666 54
473 247
473 109
247 234
234 408
234 626
408 213
408 677
213 888
888 771
771 496
771 521
496 842
842 146
146 531
531 451
451 438
438 63
63 210
210 734
734 207
207 660
207 528
660 797
660 757
797 914
914 161
914 715
161 136
161 627
136 433
433 3
433 460
3 418
3 895
418 499
499 585
499 566
585 629
629 185
185 509
509 561
561 761
761 923
923 244
923 588
244 367
244 570
367 355
355 850
850 825
850 293
825 212
212 896
212 898
896 52
896 603
52 619
52 806
619 104
104 523
104 905
523 330
330 298
330 326
298 152
152 380
380 21
380 870
21 101
101 549
549 709
549 365
709 848
709 71
848 508
508 581
508 650
581 340
581 714
340 148
148 143
148 801
143 251
251 271
251 386
271 20
20 346
20 175
346 874
874 661
874 374
661 436
436 300
300 208
208 295
208 4
295 396
295 855
396 739
396 324
739 569
569 232
232 319
232 125
319 913
319 241
913 40
913 248
40 463
463 844
844 331
331 595
331 917
595 130
130 170
