1 1569 3243
1218 377
1218 1486
377 109
377 993
109 409
409 526
526 511
511 850
511 1145
850 98
850 271
98 882
98 236
882 469
469 702
702 938
702 571
938 199
199 934
934 1152
934 506
1152 1089
1152 1558
1089 11
11 1497
1497 334
1497 1329
334 742
334 1188
742 65
742 1481
65 82
65 733
82 159
82 1262
159 1095
159 33
1095 1210
1210 547
547 677
677 1149
677 912
1149 869
1149 110
869 690
690 554
554 244
554 1108
244 1042
244 1483
1042 570
1042 699
570 606
606 1350
606 1081
1350 594
594 1563
1563 1309
1309 301
301 466
466 750
750 583
750 1078
583 270
270 66
66 176
66 555
176 151
151 716
151 1132
716 1265
716 682
1265 1259
1259 74
1259 1084
74 434
74 91
434 515
515 62
515 156
62 1335
62 21
1335 1200
1200 380
380 312
380 649
312 38
312 593
38 678
38 740
678 59
59 85
85 800
85 1466
800 656
656 277
656 7
277 728
728 936
728 69
936 625
625 590
590 796
590 133
796 1119
1119 1452
1452 1416
1416 1242
1242 186
186 260
186 418
260 955
260 1153
955 1023
955 178
1023 281
1023 788
281 1300
281 1098
1300 1365
1365 1432
1365 1043
1432 1125
1125 126
1125 1505
126 412
126 149
412 929
412 328
929 111
111 175
111 1068
175 350
175 386
350 673
673 335
335 1143
1143 339
1143 1131
339 251
339 610
251 1000
251 1400
1000 932
1000 1390
932 123
932 1014
123 64
123 229
64 937
937 1079
1079 1224
1224 245
245 429
429 294
294 1048
294 930
1048 372
372 1351
372 847
1351 1292
1351 207
1292 1184
1184 1005
1005 200
1005 785
200 37
200 384
37 73
73 883
883 420
883 391
420 767
420 1124
767 1551
767 435
1551 101
101 1217
1217 997
997 1511
997 13
1511 527
527 1156
527 1419
1156 1222
1156 616
1222 588
1222 607
588 783
588 128
783 121
121 1160
121 1502
1160 1405
1405 1212
1212 1250
1212 215
1250 806
806 1378
806 75
1378 538
1378 490
538 1420
1420 1540
1420 205
1540 489
1540 1123
489 172
489 94
172 972
172 1216
972 1030
972 417
1030 1539
1539 263
1539 881
263 854
854 1339
854 978
1339 1367
1367 713
1367 756
713 539
713 1384
539 177
539 1167
177 449
449 103
103 1392
1392 825
1392 876
825 1275
1275 1347
1347 1017
1347 799
1017 721
721 1254
721 946
1254 1174
1254 53
1174 181
181 722
181 683
722 1533
722 1207
1533 1389
1533 1462
1389 1025
1389 1421
1025 725
725 983
983 1255
983 1195
1255 537
537 807
807 345
345 325
345 817
325 448
448 359
448 1134
359 1219
359 1088
1219 777
777 919
777 196
919 155
155 575
575 889
575 501
889 67
67 875
67 1560
875 977
875 1279
977 692
692 119
692 945
119 1375
119 1410
1375 387
387 1011
387 1175
1011 798
798 952
798 1037
952 1012
1012 106
106 772
772 1186
1186 1412
1412 495
1412 9
495 145
495 329
145 438
438 517
517 872
517 428
872 1386
872 231
1386 326
1386 1464
326 1067
1067 1066
1066 265
1066 942
265 639
639 558
639 204
558 282
282 1009
282 865
1009 230
1009 622
230 8
230 18
8 1214
8 560
1214 705
705 787
787 859
859 631
631 415
415 1040
415 1454
1040 1272
1272 659
659 1518
1518 131
131 130
131 348
130 400
400 1073
400 508
1073 1020
1073 2
1020 1555
1020 1002
1555 19
1555 546
19 1065
1065 1478
1065 1414
1478 424
1478 1032
424 1243
1243 358
1243 823
358 311
358 1164
311 1338
311 582
1338 820
820 1493
820 1221
1493 697
1493 1288
697 1366
1366 405
405 310
310 634
634 457
634 367
457 1474
1474 617
1474 628
617 1022
617 1035
1022 624
624 180
180 965
965 1544
1544 268
1544 371
268 1215
1215 839
839 36
36 354
354 1303
1303 376
376 746
746 1198
1198 1008
1198 1532
1008 837
1008 809
837 191
191 166
191 426
166 1407
1407 782
1407 206
782 116
782 382
116 1086
1086 492
1086 427
492 797
492 221
797 423
797 1355
423 43
43 618
618 113
618 1318
113 283
113 259
283 861
861 1296
861 668
1296 1434
1296 559
1434 1281
1281 901
1281 918
901 1388
901 1446
1388 514
514 217
217 752
217 1477
752 1402
1402 1364
1364 902
1364 762
902 568
902 403
568 1499
1499 815
815 843
843 666
666 1342
666 1327
1342 477
1342 1075
477 95
477 765
95 440
95 1087
440 577
577 332
332 899
899 1310
1310 513
513 637
637 432
432 1071
1071 1546
1546 708
1546 795
708 1496
1496 1041
1496 374
1041 474
474 1233
1233 1031
1031 1063
1063 1552
1063 1162
1552 1467
1552 30
1467 341
341 921
921 401
921 650
401 696
696 1193
1193 327
327 1435
1435 653
653 729
729 827
729 844
827 1430
1430 1336
1336 1395
1336 655
1395 247
247 1369
1369 355
1369 1501
355 232
355 375
232 829
232 700
829 1431
829 633
1431 584
584 1302
1302 84
84 425
425 346
346 717
717 102
102 1380
102 68
1380 1001
1380 621
1001 751
1001 693
751 1228
751 284
1228 445
445 743
743 1444
1444 99
99 118
118 968
118 366
968 1085
1085 664
664 1239
1239 333
333 920
333 1227
920 394
920 848
394 317
317 1535
1535 1003
1003 290
1003 222
290 1179
290 1191
1179 1515
1515 1141
1515 689
1141 1330
1141 243
1330 1039
1330 1183
1039 718
718 343
343 723
343 1520
723 1323
723 1523
1323 142
142 193
193 1231
193 1230
1231 974
974 6
974 563
6 745
745 894
894 731
894 135
731 1562
1562 1368
1562 998
1368 1482
1482 1178
1178 1060
1060 864
1060 951
864 28
864 1468
28 289
289 984
984 581
984 1128
581 318
318 963
318 3
963 660
963 242
660 216
660 1038
216 1154
1154 1519
1154 4
1519 179
179 632
632 1403
632 947
1403 586
586 896
586 1443
896 1090
1090 275
275 1249
1249 890
1249 1234
890 233
890 680
233 758
758 1194
1194 1138
1194 803
1138 681
681 411
681 1564
411 1197
1197 378
378 887
887 261
887 860
261 171
171 1491
1491 862
862 545
862 857
545 1237
1237 397
397 368
368 470
368 154
470 958
958 1269
1269 824
1269 279
824 1284
824 480
1284 1566
1566 272
1566 1356
272 562
272 1106
562 1062
562 556
1062 93
1062 1324
93 962
93 790
962 1109
1109 20
1109 512
20 1345
20 686
1345 1283
1345 1267
1283 356
1283 1266
356 10
10 524
524 1352
524 1404
1352 1185
1352 96
1185 1449
1185 41
1449 15
1449 431
15 565
565 1058
565 1094
1058 698
698 389
698 906
389 640
389 1247
640 1148
1148 956
1148 188
956 478
478 320
320 255
255 117
255 1137
117 1121
1121 1104
1121 83
1104 1325
1325 801
1325 726
801 1285
1285 1316
1316 402
1316 40
402 114
402 786
114 747
114 1157
747 939
939 153
939 645
153 351
351 1211
1211 813
1211 330
813 1150
813 1159
1150 388
1150 107
388 1360
1360 1049
1360 1408
1049 34
1049 364
34 671
34 897
671 253
253 399
399 871
399 811
871 822
822 525
822 316
525 979
979 1244
1244 957
957 1274
957 1321
1274 1413
1274 456
1413 950
1413 1319
950 1550
950 132
1550 502
1550 22
502 922
922 1459
1459 295
1459 1387
295 1569
1569 1203
1203 226
226 48
226 163
48 1536
48 262
1536 1102
1536 543
1102 1006
1006 464
1006 1208
464 579
579 1115
1115 35
35 138
35 1136
138 1077
138 306
1077 379
379 1448
1448 1024
1448 1260
1024 548
548 1401
1401 789
1401 1235
789 152
152 1099
152 1135
1099 530
1099 1176
530 1554
1554 269
269 630
630 1437
1437 805
1437 578
805 870
805 626
870 694
870 1192
694 1232
694 276
1232 831
1232 127
831 973
973 286
286 407
407 1393
1393 914
1393 184
914 214
914 903
214 139
214 485
139 1530
139 1114
1530 473
1530 1280
473 552
473 296
552 158
158 1326
158 1306
1326 1307
1307 497
1307 685
497 1440
497 771
1440 313
1440 1492
313 915
313 189
915 173
173 398
173 1522
398 203
398 1361
203 898
203 1456
898 80
898 1091
80 300
300 1007
300 846
1007 39
1007 1016
39 210
39 1517
210 810
810 1508
1508 1044
1508 1298
1044 410
1044 362
410 1209
1209 1314
1314 572
572 174
572 1313
174 170
174 24
170 246
170 460
246 305
246 535
305 540
305 208
540 826
540 1415
826 195
826 308
195 1396
1396 670
670 267
670 239
267 97
97 1130
97 1531
1130 148
148 1374
148 776
1374 472
472 976
472 463
976 1019
976 509
1019 298
298 867
298 816
867 187
867 1426
187 1287
187 1498
1287 254
254 893
254 724
893 766
893 430
766 224
224 832
224 754
832 197
832 1469
197 1341
197 636
1341 720
1341 863
720 1471
1471 600
600 944
600 608
944 1457
1457 303
1457 1163
303 840
840 452
840 987
452 1391
452 441
1391 373
373 218
218 712
712 273
712 943
273 141
141 250
250 465
250 1561
465 1504
465 1379
1504 336
1504 1127
336 146
336 1168
146 528
146 1057
528 1349
528 992
1349 1344
1349 715
1344 989
989 641
989 856
641 895
641 891
895 143
895 444
143 734
734 1529
1529 518
518 1411
1411 647
1411 1151
647 1541
1541 619
1541 775
619 1120
619 879
1120 793
1120 49
793 874
793 1180
874 706
706 1245
1245 292
292 667
667 665
667 1196
665 748
665 498
748 567
748 408
567 654
654 1305
1305 1422
1422 383
1422 1490
383 735
735 237
735 709
237 1028
237 1370
1028 361
1028 615
361 1161
361 1334
1161 314
1161 1455
314 591
591 416
416 643
416 52
643 147
147 778
147 51
778 264
778 1169
264 736
264 980
736 1331
1331 1093
1331 549
1093 404
1093 1056
404 287
404 238
287 212
212 1246
1246 1549
1246 1111
1549 1450
1549 1139
1450 662
662 601
662 252
601 695
695 1525
695 1487
1525 150
1525 1567
150 768
768 719
768 390
719 1568
1568 1036
1036 453
1036 688
453 1424
1424 1340
1340 1273
1273 1029
1273 1297
1029 845
1029 393
845 923
845 419
923 999
923 1110
999 812
999 1105
812 970
970 422
422 910
422 675
910 1343
1343 487
487 603
487 597
603 1204
1204 969
969 198
198 658
658 1311
1311 814
1311 165
814 462
462 988
988 1070
1070 112
1070 5
112 192
112 1240
192 1538
192 504
1538 140
140 536
140 1080
536 1199
536 648
1199 369
369 985
369 266
985 136
136 162
136 1371
162 738
738 1346
738 821
1346 1147
1346 211
1147 557
557 761
557 1166
761 115
761 661
115 340
340 926
340 907
926 381
381 773
381 1423
773 1472
773 1225
1472 1051
1472 72
1051 802
802 1072
802 484
1072 1509
1509 1357
1509 553
1357 651
651 886
886 551
551 357
357 611
357 928
611 1289
611 741
1289 1101
1101 481
481 1034
481 1301
1034 396
396 851
396 1126
851 168
851 274
168 1510
1510 727
1510 235
727 1465
1465 520
1465 996
520 201
520 1521
201 1263
1263 931
1263 971
931 892
931 1556
892 1557
1557 614
1557 652
614 1495
614 1
1495 299
299 911
911 1116
911 1359
1116 241
241 442
241 1528
442 744
442 1527
744 1425
744 1045
1425 31
31 1545
1545 220
1545 954
220 90
90 1096
90 1453
1096 1097
1097 595
1097 609
595 900
900 781
781 1445
1445 227
1445 1438
227 569
227 835
569 991
569 612
991 1506
1506 990
990 483
990 42
483 122
122 60
122 1358
60 395
395 194
395 924
194 496
194 1248
496 1547
496 1565
1547 791
1547 834
791 365
365 710
710 1155
1155 757
1155 574
757 70
757 599
70 1429
70 1257
1429 437
1429 1513
437 1171
437 353
1171 1524
1524 26
26 105
105 1206
105 828
1206 657
657 240
240 1427
1427 1398
1398 1559
1398 285
1559 672
1559 1112
672 602
672 676
602 519
602 324
519 297
519 949
297 46
46 982
982 315
315 293
315 491
293 1213
1213 1394
1213 1236
1394 209
1394 1076
209 144
209 1447
144 1475
144 516
1475 948
1475 1337
948 392
948 1276
392 1461
392 56
1461 475
475 88
88 288
88 1140
288 1061
288 1290
1061 1383
1383 1543
1383 534
1543 1004
1004 849
1004 50
849 54
54 47
47 1053
1053 1463
1053 1050
1463 523
523 182
182 1129
182 1417
1129 225
225 1021
225 853
1021 124
1021 228
124 1476
124 964
1476 482
482 454
454 486
454 1382
486 213
213 185
213 704
185 476
185 44
476 161
161 1353
161 841
1353 836
1353 446
836 888
888 1202
1202 966
966 877
966 134
877 433
877 307
433 160
160 613
613 27
613 687
27 458
27 278
458 23
23 732
23 61
732 1362
1362 760
760 995
995 1170
1170 1397
1397 585
1397 1553
585 711
711 1304
1304 1069
1304 1512
1069 1299
1299 503
503 1441
503 533
1441 12
12 234
234 642
642 352
642 322
352 1113
352 1500
1113 76
1113 1479
76 164
76 87
164 1320
1320 467
1320 494
467 986
986 1201
1201 1015
1015 1055
1015 866
1055 167
167 564
167 1322
564 1291
1291 319
1291 884
319 125
125 838
838 468
468 663
468 1205
663 605
605 833
605 1399
833 77
833 1059
77 573
77 1489
573 522
522 1277
1277 904
1277 1146
904 592
904 451
592 493
592 646
493 291
291 1181
291 669
1181 505
1181 714
505 587
505 959
587 873
587 507
873 1253
1253 753
753 32
32 1293
32 439
1293 1010
1293 321
1010 596
596 627
596 81
627 257
257 370
370 248
370 120
248 1348
1348 45
1348 1144
45 1409
1409 302
302 1433
1433 1278
1433 1083
1278 1418
1278 447
1418 1436
1436 763
1436 1534
763 842
842 349
842 347
349 880
880 1507
880 1229
1507 1458
1458 629
1458 55
629 1027
629 1317
1027 89
89 707
89 701
707 953
953 1385
1385 1376
1376 1251
1376 1182
1251 157
157 561
561 1312
1312 1142
1142 1223
1142 249
1223 737
1223 1470
737 1122
737 604
1122 1315
1122 794
1315 331
1315 1082
331 25
331 29
25 17
17 566
17 620
566 1271
566 421
1271 1270
1270 644
644 1052
644 852
1052 1158
1158 104
104 1258
1258 1264
1258 1516
1264 86
1264 258
86 933
933 499
933 1282
499 819
499 905
819 1165
1165 63
1165 360
63 589
63 1308
589 598
589 804
598 190
190 684
190 691
684 1526
1526 1241
1526 137
1241 385
385 1268
385 169
1268 580
580 16
580 1542
16 337
337 925
337 1354
925 878
925 830
878 916
878 1133
916 71
71 450
450 532
450 779
532 1439
1439 1190
1439 1381
1190 1480
1480 1026
1480 576
1026 479
1026 1177
479 531
479 818
531 1173
1173 1187
1187 1484
1187 623
1484 1363
1363 1046
1046 961
1046 755
961 855
961 1103
855 1373
855 638
1373 674
1373 78
674 1261
1261 808
808 414
414 749
749 1488
1488 764
764 927
927 219
927 1333
219 443
443 541
541 1473
1473 784
1473 461
784 1377
1377 960
960 455
960 1252
455 1238
1238 1514
1238 413
1514 183
183 57
183 58
57 935
935 280
935 14
280 868
280 521
868 304
304 338
304 1018
338 1485
1485 635
1485 908
635 459
459 1220
459 759
1220 679
1220 309
679 1294
679 1107
1294 1372
1372 406
406 1256
406 92
1256 323
1256 1054
323 917
917 342
917 544
342 703
342 1503
703 1117
703 909
1117 1189
1189 1074
1074 1537
1074 1332
1537 913
1537 967
913 1033
913 941
1033 344
344 1328
344 100
1328 774
774 730
774 1494
730 1064
1064 981
1064 1172
981 1442
1442 885
885 1226
885 994
1226 1295
1295 1013
1013 975
1013 1092
975 542
542 488
488 1100
488 363
1100 471
1100 858
471 202
471 79
202 1118
1118 550
1118 1047
550 769
769 780
769 223
780 1406
1406 108
1406 940
108 529
108 770
529 792
792 1286
792 436
1286 500
1286 1451
500 129
500 256
129 1460
129 1548
1460 510
1460 1428
510 739
