2 1400 841910
1 2
340 438
340 229
438 375
438 663
375 819
819 291
819 1058
291 248
248 675
248 368
675 796
675 713
796 139
139 423
423 1019
1019 383
1019 1181
383 877
383 959
877 706
877 249
706 360
360 240
240 1016
240 482
1016 2
1016 1170
2 355
2 320
355 1145
1145 1010
1010 1127
1127 231
1127 635
231 738
231 323
738 259
259 91
259 666
91 916
91 1
916 101
916 1129
101 1023
1023 825
825 417
825 1162
417 450
450 790
790 523
523 1221
1221 1211
1221 1289
1211 504
1211 260
504 188
504 89
188 842
188 950
842 793
842 987
793 976
976 1301
976 219
1301 997
1301 1252
997 1174
997 177
1174 1311
1174 1384
1311 321
321 354
321 739
354 1198
1198 281
1198 23
281 432
281 371
432 277
432 1119
277 596
277 272
596 10
10 537
537 572
537 1176
572 131
131 51
51 116
116 685
116 1080
685 21
685 743
21 836
836 992
836 1164
992 126
992 206
126 392
392 1390
1390 578
578 493
493 29
29 311
311 147
311 95
147 41
147 829
41 763
763 1278
763 1325
1278 1209
1278 236
1209 386
1209 488
386 669
386 524
669 456
456 416
416 990
416 318
990 172
990 1116
172 307
307 1352
1352 1299
1299 494
494 1393
1393 512
1393 774
512 856
512 581
856 1156
1156 985
985 1089
985 314
1089 786
786 969
969 1055
969 469
1055 1354
1354 640
1354 1171
640 1348
640 698
1348 169
1348 573
169 1118
169 480
1118 963
963 1179
963 912
1179 1309
1179 39
1309 921
1309 342
921 951
921 553
951 365
365 822
822 820
820 1071
1071 518
518 107
107 1091
107 1031
1091 1076
1091 150
1076 919
1076 59
919 1200
1200 1261
1200 464
1261 1249
1249 78
78 555
555 758
758 1000
1000 414
414 286
414 1036
286 566
286 215
566 1376
566 232
1376 22
22 593
22 1104
593 1332
1332 1343
1332 1394
1343 1320
1320 978
978 831
978 288
831 1154
1154 327
1154 1257
327 379
379 27
379 644
27 731
27 996
731 748
748 144
144 273
144 304
273 766
766 460
460 648
648 1029
648 419
1029 791
1029 772
791 1158
791 28
1158 1069
1069 1008
1008 771
1008 312
771 894
894 679
679 611
679 1387
611 1377
1377 641
1377 74
641 535
641 609
535 1173
535 859
1173 908
1173 358
908 1331
908 1259
1331 4
4 855
855 1356
1356 114
1356 1396
114 910
910 158
158 1177
1177 1283
1283 390
390 406
406 258
258 905
905 1128
905 251
1128 723
1128 550
723 247
247 1398
247 857
1398 690
1398 1140
690 510
690 1235
510 433
510 1195
433 474
433 157
474 130
474 662
130 436
436 574
436 879
574 361
574 776
361 901
361 69
901 1068
1068 1291
1068 301
1291 767
1291 1344
767 1021
767 14
1021 656
1021 502
656 816
656 631
816 408
816 551
408 1264
408 1375
1264 1027
1027 57
57 1365
1365 24
1365 507
24 626
626 134
626 192
134 451
134 529
451 779
779 445
779 1034
445 1042
445 1351
1042 9
1042 322
9 637
9 31
637 540
540 411
540 1251
411 459
411 500
459 1183
1183 143
143 345
345 673
345 1114
673 183
183 415
183 682
415 592
415 863
592 708
592 765
708 56
708 906
56 1367
1367 1184
1367 1117
1184 718
718 1327
1327 209
1327 1328
209 326
209 993
326 599
326 586
599 1270
1270 1250
1270 54
1250 492
1250 440
492 336
492 565
336 764
764 1112
764 243
1112 1321
1321 98
1321 808
98 11
11 621
621 795
621 175
795 740
740 1265
740 347
1265 163
1265 883
163 618
618 1248
618 699
1248 577
577 1368
1368 330
1368 88
330 171
330 1047
171 1056
171 521
1056 613
1056 333
613 1001
1001 888
1001 1380
888 982
982 1011
1011 525
1011 1138
525 356
356 1012
356 1078
1012 1204
1012 1373
1204 363
363 142
363 1059
142 1323
142 815
1323 141
141 805
805 588
805 1247
588 1218
588 962
1218 279
1218 775
279 387
279 757
387 1312
1312 659
1312 576
659 70
70 132
70 96
132 1004
132 226
1004 467
467 484
467 1307
484 402
484 370
402 324
402 1237
324 221
221 1302
221 68
1302 477
477 1111
1111 1079
1111 1271
1079 505
505 589
505 424
589 1372
589 931
1372 487
487 895
895 46
46 867
867 395
395 42
395 122
42 630
630 689
630 1347
689 498
498 624
498 794
624 369
369 674
674 927
674 15
927 1040
927 1334
1040 233
1040 71
233 780
233 989
780 1339
780 911
1339 750
1339 562
750 6
750 1175
6 711
6 1067
711 1015
711 242
1015 401
401 1238
401 238
1238 468
468 112
112 811
112 1131
811 1360
1360 1370
1360 478
1370 1150
1150 385
1150 317
385 159
159 165
165 651
165 90
651 922
651 733
922 261
261 671
671 768
768 293
293 838
293 694
838 1285
1285 749
749 1213
749 1199
1213 935
935 1317
935 729
1317 642
642 1075
1075 237
237 735
237 79
735 213
213 1026
213 1263
1026 533
1026 1379
533 804
533 1049
804 1212
804 1193
1212 319
1212 1051
319 63
63 1062
1062 257
1062 203
257 1279
1279 563
563 604
604 720
604 302
720 275
720 942
275 949
949 455
455 545
455 678
545 1092
1092 612
612 947
947 701
701 38
701 722
38 1210
1210 751
1210 121
751 427
427 752
427 670
752 384
384 509
509 683
683 627
683 890
627 726
627 1005
726 957
726 298
957 300
300 1256
1256 824
1256 1148
824 787
824 465
787 970
787 216
970 1262
970 153
1262 575
575 1239
1239 1290
1239 3
1290 933
1290 1046
933 348
933 660
348 1366
1366 681
1366 629
681 803
681 33
803 447
447 968
447 870
968 434
968 1349
434 594
594 806
594 1192
806 376
806 979
376 1303
376 727
1303 1064
1303 412
1064 420
1064 812
420 923
420 928
923 350
923 677
350 538
538 128
538 201
128 435
435 8
8 266
8 1400
266 252
252 1294
1294 178
1294 770
178 984
178 1098
984 442
984 937
442 430
430 954
954 1163
1163 1228
1228 1125
1228 49
1125 872
1125 862
872 1190
1190 1054
1190 709
1054 313
1054 1337
313 801
801 328
328 994
994 840
840 426
840 1082
426 1310
1310 885
885 37
885 75
37 925
925 196
196 495
196 246
495 1101
495 210
1101 1203
1101 741
1203 1030
1203 26
1030 636
1030 1141
636 1275
1275 1227
1227 110
110 194
110 882
194 590
194 967
590 1009
1009 241
241 1353
1353 1362
1353 948
1362 707
1362 960
707 536
536 598
598 499
598 185
499 457
457 224
224 405
405 1241
405 125
1241 891
1241 61
891 810
891 547
810 1274
1274 223
1274 1225
223 184
184 366
184 268
366 1255
1255 1338
1255 691
1338 115
1338 639
115 344
344 672
344 851
672 119
672 195
119 148
119 1050
148 1003
148 900
1003 1399
1399 377
1399 1061
377 292
377 58
292 1137
292 1146
1137 250
1137 76
250 87
87 1300
1300 73
1300 734
73 1313
1313 287
287 1077
287 1186
1077 431
1077 62
431 1335
431 1133
1335 1385
1385 1304
1304 104
1304 686
104 454
454 756
756 409
756 274
409 999
409 1206
999 980
980 374
980 649
374 1165
374 802
1165 290
1165 800
290 83
83 1038
83 965
1038 1288
1288 541
541 652
541 568
652 1269
652 220
1269 1319
1319 903
1319 1281
903 200
200 403
200 82
403 16
403 953
16 1159
16 1093
1159 86
86 887
887 413
413 108
413 1086
108 1341
108 854
1341 25
25 1282
25 972
1282 160
1282 1286
160 744
160 1153
744 308
308 418
418 560
560 357
560 1033
357 1280
357 981
1280 619
1280 1063
619 896
896 570
570 880
570 1168
880 352
352 633
352 964
633 1231
633 351
1231 769
769 515
769 1107
515 520
515 1020
520 1167
520 676
1167 736
1167 778
736 1006
736 762
1006 335
1006 782
335 452
452 784
452 1090
784 1007
784 1194
1007 876
876 296
296 754
754 60
60 1217
60 1268
1217 657
657 1142
657 522
1142 527
527 828
828 481
481 140
481 5
140 692
140 475
692 1121
692 1240
1121 1220
1220 472
472 193
193 1342
1342 1136
1136 256
256 267
267 138
138 813
813 582
813 1018
582 531
582 1180
531 1099
531 394
1099 127
1099 151
127 81
127 807
81 339
81 43
339 1088
1088 858
1088 977
858 462
858 1161
462 1287
1287 1074
1287 1315
1074 591
591 789
789 156
156 1326
1326 202
202 1139
202 179
1139 721
721 556
721 463
556 332
556 703
332 1318
1318 309
309 190
309 617
190 1345
1345 725
1345 404
725 983
983 939
939 271
271 647
647 1024
1024 367
367 34
34 1120
1120 1205
1120 878
1205 580
580 866
580 1100
866 1109
866 632
1109 860
1109 875
860 453
860 1105
453 299
453 218
299 680
299 66
680 1215
1215 217
1215 1350
217 929
929 123
123 1134
1134 1188
1134 1052
1188 362
362 513
362 848
513 1371
513 643
1371 1330
1371 50
1330 827
1330 103
827 693
827 1147
693 1232
693 1244
1232 305
1232 211
305 899
899 1048
1048 991
991 1397
991 579
1397 483
483 382
382 490
382 1229
490 534
490 1284
534 898
898 265
265 72
72 620
620 343
343 1072
343 204
1072 53
53 1110
1110 1391
1110 485
1391 1126
1391 1041
1126 988
1126 546
988 303
303 710
710 45
710 874
45 255
45 602
255 13
255 1292
13 834
13 904
834 334
334 539
334 737
539 511
539 759
511 1272
511 952
1272 1057
1272 914
1057 437
1057 52
437 1296
1296 497
1296 40
497 966
966 597
597 331
597 832
331 422
422 1122
422 974
1122 1191
1122 1083
1191 600
1191 961
600 1363
600 930
1363 470
470 543
470 187
543 285
543 958
285 176
285 65
176 1381
1381 1073
1073 297
1073 924
297 353
353 623
623 32
32 554
32 1166
554 558
558 847
847 197
847 146
197 622
622 44
44 603
603 826
826 235
235 646
646 1389
1389 654
654 284
284 36
36 503
503 18
18 1314
18 393
1314 113
113 1267
1267 389
389 837
389 162
837 264
837 105
264 262
264 199
262 30
30 270
270 1233
270 918
1233 443
443 869
443 530
869 1359
869 1115
1359 1305
1305 1182
1182 792
792 1053
792 471
1053 214
1053 1108
214 742
214 398
742 817
742 1144
817 902
902 94
94 1123
1123 1386
1123 907
1386 124
1386 712
124 429
124 861
429 1361
429 1151
1361 1094
1094 595
595 225
595 136
225 228
228 1152
228 294
1152 1039
1152 1032
1039 283
283 47
283 17
47 161
47 601
161 986
161 133
986 717
717 571
571 688
571 844
688 1035
688 1254
1035 940
940 569
569 830
569 542
830 80
80 444
444 684
444 1207
684 732
684 1382
732 865
865 173
865 1322
173 64
64 316
316 359
316 1185
359 821
359 396
821 1258
1258 936
1258 137
936 843
936 650
843 605
843 1113
605 917
917 364
364 1234
364 1383
1234 909
1234 944
909 1388
909 399
1388 1187
1187 934
934 164
934 1081
164 715
164 833
715 1242
1242 446
1242 168
446 730
446 208
730 608
730 881
608 428
428 728
728 118
728 102
118 665
665 19
665 1096
19 1002
1002 1025
1002 100
1025 372
372 167
372 761
167 129
129 849
849 1329
1329 191
191 955
191 557
955 1037
955 889
1037 373
1037 186
373 995
373 823
995 897
995 1230
897 873
897 1216
873 846
873 439
846 1135
846 77
1135 1172
1172 585
585 719
585 1132
719 1346
719 1017
1346 1378
1346 549
1378 645
645 479
645 407
479 1219
1219 93
1219 92
93 289
289 1189
1189 1022
1022 839
839 149
839 239
149 380
380 501
501 1276
1276 788
788 106
106 1245
106 1243
1245 278
1245 1324
278 1028
1028 425
425 35
425 329
35 655
35 615
655 448
655 7
448 528
448 198
528 1149
528 1097
1149 945
1149 170
945 932
945 664
932 724
724 117
117 1298
1298 391
391 421
421 1087
421 938
1087 99
99 295
99 55
295 486
486 668
668 1013
1013 1043
1043 174
1043 702
174 212
174 476
212 244
244 1364
244 111
1364 661
661 227
227 1045
1045 189
189 841
189 1297
841 864
864 1197
1197 145
145 1260
145 325
1260 508
508 1392
1392 245
1392 449
245 253
253 610
610 388
610 1226
388 915
388 461
915 85
915 1246
85 496
85 222
496 1316
1316 548
548 280
548 473
280 658
658 1066
1066 1103
1103 269
1103 1044
269 747
269 135
747 926
926 714
714 941
941 814
814 337
337 263
263 886
886 1124
1124 1169
1169 1143
1169 628
1143 850
1143 182
850 797
797 753
797 207
753 120
120 845
120 1202
845 667
845 892
667 341
667 1336
341 349
349 638
349 1014
638 653
638 1160
653 97
97 181
181 310
181 1060
310 517
310 1224
517 785
517 687
785 773
785 607
773 1196
773 315
1196 397
397 282
397 338
282 783
282 1374
783 777
777 491
777 745
491 625
625 704
625 506
704 552
704 1065
552 634
634 705
705 920
705 1070
920 755
755 466
755 913
466 868
868 716
868 1130
716 587
716 544
587 1236
1236 760
1236 695
760 514
514 884
884 381
381 458
458 109
109 1308
1308 853
853 956
853 1358
956 276
276 1178
276 166
1178 584
1178 583
584 1395
1395 561
1395 532
561 20
20 559
559 697
559 567
697 230
697 606
230 1201
1201 378
378 516
378 1306
516 1095
1095 973
1095 781
973 84
84 1333
84 799
1333 696
696 400
696 1085
400 893
893 1102
1102 306
1102 234
306 180
180 871
871 564
871 616
564 1155
564 1293
1155 746
1155 1157
746 1222
746 798
1222 48
48 1223
48 67
1223 1084
1223 1277
1084 519
1084 346
519 998
998 1266
998 818
1266 700
1266 614
700 441
700 1214
441 205
205 155
155 1355
155 971
1355 489
1355 1369
489 835
489 946
835 1273
1273 152
152 975
975 526
975 852
526 1253
526 1357
1253 943
943 154
943 1208
154 1295
1295 1340
1295 1106
1340 254
1340 410
254 12
254 809
