19 1141 131
7 18
18 5
5 17
17 19
17 10
19 11
19 1
11 3
11 9
3 14
3 16
14 12
14 8
12 2
2 6
6 4
4 13
13 15
426 469
426 696
469 375
375 532
375 480
532 941
532 493
941 365
365 422
422 263
263 561
561 1041
1041 759
1041 106
759 965
759 679
965 1076
1076 921
921 62
62 468
62 1082
468 690
690 1080
690 410
1080 1026
1026 897
1026 637
897 652
897 669
652 149
652 342
149 746
149 331
746 855
746 184
855 591
591 955
591 732
955 245
245 63
245 1084
63 391
63 708
391 42
42 1031
1031 215
1031 1129
215 864
864 789
789 660
660 916
660 40
916 711
916 1092
711 356
711 453
356 301
356 547
301 79
301 624
79 1135
79 964
1135 181
181 523
181 491
523 446
446 579
446 1077
579 346
579 1009
346 45
45 214
45 473
214 288
214 348
288 1042
1042 901
1042 635
901 230
901 287
230 332
230 49
332 36
36 833
833 895
833 543
895 567
895 1099
567 1139
567 172
1139 236
1139 1007
236 540
540 983
983 432
432 920
432 636
920 619
920 18
619 284
284 129
284 134
129 962
962 590
962 266
590 721
721 634
634 968
968 445
968 1133
445 576
445 14
576 786
786 88
88 417
88 1067
417 758
417 191
758 586
758 455
586 187
187 791
791 672
672 1052
1052 818
818 3
3 30
3 227
30 885
30 702
885 1025
1025 959
959 656
959 714
656 1090
1090 513
1090 995
513 861
861 1011
861 589
1011 113
113 722
113 118
722 734
722 1116
734 1125
1125 903
903 166
166 790
166 846
790 395
790 675
395 514
395 953
514 218
514 398
218 557
218 321
557 447
557 460
447 24
24 998
24 700
998 588
998 353
588 1049
1049 762
762 1018
1018 330
1018 822
330 1043
1043 259
1043 862
259 556
556 806
806 66
806 116
66 899
899 972
899 925
972 812
972 771
812 1072
812 1030
1072 1070
1072 835
1070 1071
1070 238
1071 46
1071 20
46 880
46 235
880 389
880 544
389 655
389 1094
655 248
655 545
248 239
239 1022
239 1002
1022 888
1022 804
888 415
415 698
415 560
698 28
28 427
28 211
427 1054
427 316
1054 943
943 41
943 719
41 524
524 185
185 490
185 770
490 325
490 60
325 290
325 100
290 208
208 399
208 297
399 370
399 945
370 482
482 244
244 296
296 651
296 1051
651 48
651 554
48 50
48 412
50 462
50 779
462 56
56 148
148 37
37 600
37 1126
600 957
600 318
957 1006
957 1001
1006 922
1006 705
922 463
463 969
463 961
969 503
969 470
503 352
352 255
255 1046
255 315
1046 119
1046 200
119 272
272 251
272 963
251 940
940 198
198 785
198 850
785 132
785 157
132 592
132 84
592 938
938 1097
1097 224
1097 349
224 22
224 731
22 219
219 464
464 616
464 359
616 156
616 688
156 139
139 201
201 127
201 933
127 108
127 860
108 801
801 183
183 237
183 283
237 465
465 421
465 908
421 707
421 423
707 228
228 434
434 673
434 220
673 1028
1028 39
39 874
874 548
874 437
548 242
242 599
599 507
507 694
507 661
694 21
21 620
21 175
620 158
620 929
158 324
324 1056
324 875
1056 1010
1010 960
960 542
542 280
542 1020
280 915
280 629
915 613
915 580
613 171
171 677
171 390
677 304
304 414
304 858
414 1107
414 563
1107 506
506 466
466 94
466 243
94 539
94 128
539 303
539 247
303 767
303 853
767 952
767 967
952 526
526 990
526 640
990 811
811 459
811 97
459 174
459 1035
174 788
788 551
551 726
726 279
279 256
279 671
256 190
256 350
190 838
838 1104
1104 368
1104 681
368 649
368 1016
649 494
649 319
494 498
494 428
498 162
498 476
162 1014
1014 755
1014 1110
755 401
401 808
808 253
808 988
253 994
994 780
994 725
780 516
516 977
977 1108
1108 222
1108 618
222 394
222 691
394 772
772 1058
1058 723
723 647
647 1130
647 768
1130 392
392 685
392 1087
685 776
776 9
776 857
9 709
709 471
471 525
471 384
525 536
525 724
536 1118
536 299
1118 1123
1118 868
1123 209
1123 52
209 114
209 877
114 827
114 816
827 338
827 382
338 419
419 697
697 249
249 1140
249 744
1140 1039
1140 832
1039 799
799 984
799 1079
984 1044
1044 221
221 58
221 966
58 250
58 12
250 829
250 486
829 820
820 1114
1114 715
1114 433
715 701
701 828
828 121
121 913
913 1073
1073 658
1073 718
658 549
658 197
549 1045
549 252
1045 452
452 605
452 308
605 17
17 57
17 585
57 55
57 461
55 1000
55 488
1000 1021
1000 692
1021 571
1021 205
571 729
729 522
522 1034
1034 867
1034 223
867 1003
867 5
1003 289
289 1065
1065 305
1065 240
305 499
499 500
499 176
500 258
258 16
258 1091
16 96
96 310
96 505
310 133
310 1038
133 229
133 595
229 794
794 1017
1017 668
1017 86
668 203
668 782
203 904
203 678
904 887
887 105
105 896
896 873
873 161
161 361
361 802
361 950
802 720
720 277
277 538
538 778
778 891
891 533
533 67
533 1019
67 402
402 438
438 849
438 173
849 851
849 74
851 93
851 736
93 670
670 917
670 163
917 81
81 889
81 374
889 844
844 1060
1060 70
1060 378
70 78
78 76
76 654
76 686
654 372
654 328
372 621
372 843
621 909
909 958
909 302
958 59
59 1008
59 68
1008 773
1008 1095
773 441
441 582
582 144
144 479
144 189
479 1131
1131 286
1131 753
286 975
975 2
2 1064
1064 520
1064 270
520 584
520 371
584 35
35 769
769 644
644 485
644 341
485 420
485 1055
420 393
393 836
393 192
836 400
836 813
400 164
400 662
164 756
164 664
756 775
756 663
775 577
775 92
577 333
577 609
333 451
451 317
451 484
317 373
317 572
373 282
373 275
282 626
626 309
626 638
309 546
546 117
117 377
117 386
377 508
377 727
508 517
517 429
517 760
429 226
226 866
866 1117
1117 982
982 177
982 298
177 339
177 819
339 541
541 167
167 492
492 233
233 439
439 406
439 825
406 369
406 125
369 179
369 954
179 194
194 693
194 376
693 797
797 997
997 574
574 343
343 216
216 863
216 8
863 924
863 611
924 360
924 65
360 743
360 413
743 684
684 512
684 741
512 180
180 34
34 363
363 648
363 703
648 550
550 665
665 54
54 329
329 809
809 159
159 213
213 1074
1074 1066
1074 291
1066 559
559 674
559 168
674 939
674 949
939 405
939 603
405 598
405 807
598 735
598 748
735 534
735 631
534 859
859 472
859 73
472 852
472 436
852 795
795 830
795 322
830 495
495 345
495 535
345 477
477 75
477 796
75 747
75 396
747 1120
747 695
1120 1111
1111 942
942 13
942 821
13 642
642 160
160 424
424 847
424 1063
847 357
357 122
122 481
122 653
481 823
481 740
823 919
919 993
919 596
993 276
276 1
276 43
1 1029
1029 699
699 749
699 225
749 99
749 10
99 650
99 824
650 182
182 285
182 926
285 902
285 1061
902 980
980 555
555 388
555 501
388 978
978 1032
1032 927
927 4
4 281
281 716
281 774
716 217
716 918
217 87
87 842
842 340
842 425
340 25
340 742
25 951
25 265
951 881
881 440
440 643
440 385
643 1085
1085 841
1085 900
841 1013
1013 750
1013 1105
750 44
750 89
44 264
264 552
552 379
552 110
379 320
320 61
61 6
61 147
6 865
6 730
865 430
430 876
876 257
876 261
257 38
38 1053
38 817
1053 558
1053 1101
558 627
627 140
140 262
140 1048
262 617
617 474
617 1096
474 364
364 1027
1027 985
1027 1127
985 510
510 511
511 931
511 107
931 337
337 509
337 142
509 970
509 946
970 614
970 989
614 515
515 47
47 408
408 19
408 986
19 1050
1050 553
1050 601
553 487
487 737
737 659
659 188
188 1062
188 848
1062 135
1062 431
135 104
135 528
104 687
687 72
72 475
72 467
475 1113
475 676
1113 894
894 666
666 11
666 458
11 138
11 355
138 1128
138 906
1128 293
1128 518
293 996
996 890
996 628
890 883
890 443
883 937
883 404
937 1121
937 1040
1121 131
1121 1086
131 146
146 834
834 260
260 738
738 409
409 383
409 639
383 416
416 879
416 210
879 51
879 1068
51 814
51 155
814 979
814 704
979 854
979 575
854 269
269 971
269 151
971 1075
1075 15
15 973
973 615
973 80
615 935
615 33
935 95
935 306
95 761
761 872
761 566
872 454
454 120
454 1112
120 1098
120 102
1098 763
1098 892
763 784
784 335
335 593
593 273
593 530
273 90
273 882
90 1141
1141 483
1141 712
483 562
562 212
212 981
981 103
981 366
103 83
103 1106
83 295
83 124
295 521
295 680
521 115
115 91
91 29
91 597
29 948
29 683
948 914
948 717
914 710
914 604
710 1012
710 856
1012 1024
1012 766
1024 911
911 143
143 32
32 294
294 313
313 442
313 910
442 641
442 397
641 944
641 869
944 645
944 706
645 186
645 448
186 608
608 947
608 154
947 274
274 411
411 344
411 254
344 837
837 387
837 752
387 334
387 602
334 565
334 292
565 98
98 610
610 751
610 607
751 170
170 519
519 165
519 923
165 7
165 23
7 646
7 1132
646 450
646 765
450 141
141 145
141 1083
145 764
145 314
764 840
764 757
840 403
403 803
403 196
803 845
845 831
831 581
581 999
999 930
930 311
311 793
793 327
793 870
327 136
327 358
136 457
136 1100
457 934
934 1033
1033 380
380 1036
380 347
1036 489
489 974
489 478
974 496
974 77
496 1059
496 1023
1059 783
1059 407
783 1047
783 1119
1047 745
745 1088
745 754
1088 307
307 26
307 435
26 594
26 805
594 444
594 336
444 278
444 733
278 241
241 112
241 1005
112 633
112 810
633 531
633 792
531 884
531 1134
884 169
169 207
207 800
800 1115
800 1136
1115 928
928 1081
928 268
1081 497
1081 689
497 1089
1089 932
1089 713
932 1004
1004 300
300 153
153 583
153 126
583 199
199 312
312 956
956 101
101 569
101 504
569 111
569 53
111 64
64 527
527 623
623 987
623 351
987 1122
987 326
1122 267
1122 232
267 815
815 69
815 449
69 178
178 1103
178 568
1103 1137
1103 657
1137 564
1137 777
564 682
682 728
682 787
728 1102
728 231
1102 193
193 612
193 367
612 1138
1138 667
667 1078
1078 381
1078 976
381 573
573 992
992 31
992 936
31 152
31 137
152 204
204 202
204 418
202 907
907 537
907 354
537 898
898 871
898 85
871 839
871 632
839 1109
839 886
1109 905
905 798
798 991
798 739
991 893
893 234
234 570
234 130
570 1057
570 587
1057 27
1057 82
27 71
27 1124
71 271
71 1069
271 502
502 1093
502 625
1093 826
826 578
826 206
578 456
456 323
323 1015
323 606
1015 195
195 529
195 878
529 1037
529 123
1037 622
1037 246
622 362
362 781
781 109
781 912
109 150
150 630
