29 289 4630695
12 17
17 1
17 26
1 15
1 13
15 3
15 24
3 7
7 5
7 25
5 18
18 10
10 11
11 22
11 16
22 29
22 8
29 28
28 23
23 2
23 6
2 27
2 14
27 4
4 20
20 19
19 21
19 9
36 243
243 267
243 156
267 119
119 207
119 53
207 32
32 28
28 133
28 215
133 210
210 8
8 107
8 59
107 289
289 93
289 198
93 176
93 124
176 256
176 168
256 253
253 284
253 190
284 101
284 64
101 139
101 225
139 260
139 188
260 229
260 13
229 46
229 106
46 86
86 31
86 216
31 234
31 47
234 61
61 265
265 257
257 88
88 147
88 246
147 277
277 149
277 154
149 242
149 235
242 39
39 90
39 26
90 82
82 180
82 11
180 262
180 115
262 87
87 268
268 18
268 186
18 144
144 67
144 125
67 169
67 270
169 222
222 166
166 80
80 160
80 109
160 3
160 57
3 213
213 206
206 177
177 23
23 99
99 189
189 29
29 35
29 37
35 223
35 161
223 79
79 117
117 248
248 237
237 171
171 34
34 247
34 183
247 30
247 194
30 1
30 27
1 232
1 104
232 9
232 205
9 108
108 135
135 167
135 38
167 122
122 111
111 78
111 2
78 137
78 264
137 126
126 184
184 282
282 272
282 76
272 286
286 22
22 158
22 20
158 227
158 159
227 241
227 14
241 63
241 261
63 211
63 15
211 212
211 146
212 16
16 224
16 131
224 273
273 94
94 77
94 84
77 269
269 100
269 150
100 155
155 113
113 255
113 92
255 163
163 231
163 40
231 258
258 236
258 105
236 136
136 4
4 44
44 60
44 48
60 69
60 74
69 238
238 127
127 240
127 153
240 209
209 17
17 179
179 65
179 71
65 83
65 251
83 129
129 141
141 276
276 62
62 280
62 41
280 145
145 196
196 10
10 97
97 151
151 49
49 58
49 226
58 197
58 201
197 45
197 55
45 287
287 116
287 178
116 281
116 170
281 230
230 134
134 89
134 85
89 245
89 120
245 275
275 91
91 142
142 185
185 56
185 173
56 202
56 112
202 217
217 157
217 274
157 200
200 143
200 54
143 204
143 51
204 66
66 220
66 95
220 271
271 164
164 279
164 96
279 172
279 191
172 165
165 102
102 73
73 50
50 181
50 283
181 19
181 228
19 81
19 278
81 118
81 25
118 250
118 52
250 195
250 21
195 174
174 187
174 203
187 285
187 254
285 75
285 6
75 33
75 152
33 249
33 138
249 199
249 70
199 98
199 72
98 110
110 148
110 259
148 288
148 140
288 162
288 218
162 68
68 132
132 214
132 12
214 182
182 208
182 233
208 239
239 130
239 175
130 221
130 128
221 103
221 121
103 5
5 24
24 244
24 7
244 123
123 43
43 252
43 219
252 114
252 263
114 266
266 192
266 193
192 42
