6 2248 254
1 6
1 3
6 4
6 5
4 2
2219 1765
1765 1
1 1310
1310 1683
1683 987
987 1162
1162 1826
1162 2195
1826 869
869 245
245 131
131 1241
131 308
1241 452
452 2209
452 1931
2209 1306
2209 1757
1306 166
166 1738
166 1470
1738 318
1738 786
318 1971
318 1023
1971 1720
1971 376
1720 1756
1756 1037
1756 1283
1037 124
1037 2086
124 1903
1903 1540
1540 1687
1687 215
1687 1256
215 2245
2245 2140
2140 129
129 864
129 1875
864 1798
1798 1137
1798 2186
1137 198
1137 126
198 1450
198 1945
1450 2048
1450 716
2048 458
458 1528
1528 925
925 1198
1198 1886
1886 1697
1886 1822
1697 482
1697 209
482 820
820 830
820 1926
830 1725
830 1501
1725 2075
2075 840
840 660
840 2160
660 2223
2223 558
2223 2200
558 1422
558 84
1422 635
635 1524
635 1115
1524 1963
1524 1335
1963 779
779 1367
779 1101
1367 1575
1575 1428
1428 1285
1285 1669
1669 75
1669 2154
75 461
461 946
946 942
942 1231
942 2087
1231 1871
1231 714
1871 1771
1871 744
1771 487
487 1107
1107 902
1107 431
902 1174
902 212
1174 1867
1867 1577
1867 1240
1577 335
335 2203
2203 1026
1026 1827
1827 614
1827 1567
614 511
614 616
511 65
65 220
65 1861
220 1777
1777 1934
1777 11
1934 1996
1934 2022
1996 1259
1259 1271
1271 1458
1458 1910
1910 1481
1910 417
1481 1751
1751 259
259 1665
259 1322
1665 295
295 2232
295 13
2232 483
2232 1521
483 737
737 1843
737 1857
1843 872
1843 51
872 1208
872 154
1208 524
524 812
812 121
121 352
352 721
721 1204
721 12
1204 1916
1204 1152
1916 190
1916 423
190 963
190 1482
963 618
618 1096
1096 739
739 1350
1350 777
1350 1647
777 1138
777 2081
1138 449
449 822
822 1858
822 1688
1858 1884
1884 1950
1950 905
905 893
893 1336
893 1033
1336 2026
2026 818
818 68
818 1133
68 1923
1923 97
97 1027
97 709
1027 476
1027 1750
476 1784
476 624
1784 2115
1784 443
2115 1314
2115 123
1314 605
605 2071
605 96
2071 94
2071 470
94 979
979 40
40 2177
2177 2168
2177 1682
2168 341
2168 735
341 1191
341 1395
1191 462
462 1846
1846 1141
1141 934
934 973
934 832
973 694
973 717
694 1620
1620 520
520 1059
1059 2215
2215 1935
2215 518
1935 1872
1872 350
1872 1413
350 1845
350 480
1845 1272
1272 489
489 1366
1366 1135
1135 2233
1135 1744
2233 189
2233 1293
189 1282
1282 2018
2018 505
505 313
505 2213
313 157
313 1153
157 248
248 232
232 1312
232 323
1312 20
20 766
20 2224
766 290
766 1357
290 972
290 1582
972 1990
1990 2246
1990 2181
2246 2176
2176 366
2176 789
366 702
702 175
702 486
175 2109
175 1924
2109 1201
2109 2137
1201 140
1201 733
140 205
205 1788
1788 1039
1039 83
83 216
83 2090
216 507
507 1729
507 2002
1729 2132
2132 1021
1021 640
1021 386
640 111
640 638
111 1403
111 1919
1403 999
1403 900
999 1498
999 1136
1498 2138
2138 1859
2138 142
1859 711
1859 1638
711 564
711 1593
564 2070
2070 1780
2070 2240
1780 1804
1780 36
1804 1083
1804 357
1083 275
1083 53
275 1783
275 1493
1783 1890
1890 1038
1890 1353
1038 686
686 132
686 1382
132 909
132 1892
909 179
909 1011
179 836
179 225
836 322
322 1475
322 1419
1475 1289
1475 388
1289 2076
2076 2229
2076 415
2229 1601
1601 2188
1601 1719
2188 270
2188 1213
270 1188
1188 1897
1188 521
1897 833
833 1581
1581 1163
1163 1161
1161 280
1161 1218
280 202
280 477
202 1365
1365 1628
1365 1663
1628 781
1628 535
781 750
781 747
750 940
750 2093
940 2056
2056 56
56 1607
1607 8
1607 666
8 1842
8 2096
1842 1650
1842 2037
1650 1108
1108 1932
1932 1120
1932 106
1120 478
1120 1538
478 1347
1347 1802
1347 707
1802 2068
1802 1902
2068 1486
1486 1193
1486 1755
1193 588
1193 288
588 1879
588 985
1879 867
1879 405
867 2150
867 802
2150 1418
1418 1508
1508 305
1508 1980
305 24
305 954
24 1691
1691 2163
2163 278
2163 2236
278 2126
2126 1406
2126 683
1406 1878
1406 2021
1878 653
1878 331
653 2183
2183 16
16 1091
16 1423
1091 727
1091 1516
727 994
727 1250
994 1908
1908 759
759 1431
1431 1598
1598 2050
1598 2092
2050 1584
2050 533
1584 2047
2047 860
2047 1775
860 1052
1052 1279
1052 676
1279 2180
2180 1915
1915 1050
1050 712
712 1543
1543 1627
1627 221
1627 201
221 1374
1374 1270
1374 655
1270 761
761 732
761 1734
732 1089
732 886
1089 1060
1089 89
1060 1947
1060 1242
1947 147
1947 794
147 937
147 1043
937 1837
937 656
1837 2054
1837 1029
2054 770
770 1202
770 1302
1202 1882
1882 1612
1882 2196
1612 390
1612 534
390 1169
1169 2157
1169 181
2157 1615
2157 516
1615 2149
1615 1987
2149 1599
2149 2170
1599 145
145 2127
2127 1633
2127 792
1633 2027
1633 1632
2027 743
2027 1943
743 1504
1504 569
1504 1176
569 647
647 1844
647 397
1844 1731
1844 1156
1731 1733
1733 1239
1733 2184
1239 1724
1724 1997
1724 2095
1997 1670
1997 2173
1670 1111
1670 297
1111 1278
1278 43
1278 582
43 125
43 1542
125 159
159 1074
1074 926
926 413
926 921
413 2036
413 401
2036 1056
1056 2094
1056 1895
2094 1071
1071 1974
1974 1369
1974 2143
1369 741
741 93
93 567
567 161
161 701
701 1816
701 749
1816 1936
1816 891
1936 55
1936 665
55 1165
55 343
1165 1064
1064 1712
1064 1664
1712 378
1712 148
378 72
72 884
884 1173
884 939
1173 1055
1173 602
1055 699
1055 1560
699 587
587 1277
587 2139
1277 2107
2107 1629
2107 1264
1629 269
269 1821
1821 442
442 2117
442 1084
2117 1761
2117 251
1761 1252
1252 664
1252 2202
664 888
888 1887
888 862
1887 2052
2052 1799
1799 1979
1979 975
1979 593
975 194
194 687
194 850
687 333
687 1624
333 2158
2158 1333
2158 1828
1333 1546
1333 303
1546 1397
1546 879
1397 1090
1397 1421
1090 1442
1090 828
1442 767
1442 2051
767 2179
767 603
2179 1819
1819 1825
1825 1170
1170 1689
1689 116
116 1049
1049 1920
1920 1085
1085 910
1085 451
910 531
910 1928
531 454
531 1230
454 529
454 500
529 573
573 546
546 1864
546 1013
1864 2125
2125 91
2125 309
91 1414
91 186
1414 1447
1447 704
1447 1820
704 756
756 1646
1646 69
69 1495
69 1946
1495 1587
1587 2040
1587 1457
2040 609
2040 282
609 1552
1552 1380
1380 583
583 1957
583 1723
1957 941
941 771
771 612
771 1653
612 1184
1184 1331
1184 1227
1331 738
1331 2142
738 550
738 1772
550 1072
1072 379
1072 854
379 2043
379 1753
2043 222
2043 380
222 1848
222 22
1848 1668
1668 894
894 1047
1047 1299
1047 1994
1299 1541
1541 1730
1730 2205
2205 90
90 1813
1813 1048
1813 1036
1048 552
1048 472
552 2120
2120 1606
2120 837
1606 1211
1606 1662
1211 1782
1211 1318
1782 1824
1824 1007
1824 1151
1007 1944
1007 113
1944 964
964 1424
1424 1876
1424 1005
1876 668
1876 402
668 1803
1803 414
414 302
302 1776
1776 27
1776 1595
27 293
293 806
806 362
806 1561
362 897
897 1114
897 2207
1114 2166
2166 187
187 409
187 109
409 868
409 843
868 1591
868 1233
1591 772
1591 1205
772 961
772 2113
961 2028
961 670
2028 1194
1194 570
1194 2153
570 561
570 950
561 1396
561 1286
1396 389
1396 916
389 230
230 1641
230 2074
1641 914
914 797
797 1674
797 1166
1674 264
1674 723
264 1075
1075 2099
1075 907
2099 441
441 1785
1785 427
1785 468
427 513
427 1337
513 1758
513 88
1758 1098
1098 1773
1773 422
422 1496
1496 1463
1463 1190
1463 410
1190 52
1190 315
52 1192
1192 1017
1192 748
1017 71
1017 945
71 1592
1592 1086
1086 1847
1086 257
1847 823
1847 2088
823 104
104 1710
104 1054
1710 261
261 5
5 853
5 1462
853 1530
853 2148
1530 1073
1530 1660
1073 1246
1246 1321
1321 2210
2210 2065
2065 957
2065 1351
957 1913
1913 2192
2192 79
2192 1372
79 1145
1145 152
152 367
367 1767
1767 1676
1676 1840
1840 180
180 266
180 1488
266 506
266 241
506 885
885 503
885 1040
503 204
204 328
204 1131
328 581
328 1035
581 39
39 643
643 208
208 1187
1187 1791
1791 1223
1791 1348
1223 1742
1742 160
160 1389
160 608
1389 1225
1225 1726
1225 2049
1726 1257
1726 255
1257 1681
1681 459
459 1015
1015 706
706 880
706 2146
880 1234
880 1195
1234 1518
1234 811
1518 2185
1518 272
2185 661
2185 1770
661 1118
1118 695
1118 591
695 1354
695 1967
1354 444
444 1226
1226 42
42 1617
1617 1002
1002 2004
2004 144
144 490
490 2199
490 625
2199 1630
1630 517
517 1554
1554 1535
1554 637
1535 471
1535 579
471 1405
471 2062
1405 1553
1405 185
1553 793
1553 1657
793 466
466 1489
466 364
1489 908
1489 592
908 804
804 1220
1220 2141
2141 436
436 316
436 1852
316 1621
316 1129
1621 1412
1621 780
1412 324
324 169
169 598
598 751
598 1818
751 1806
1806 235
1806 1637
235 568
568 1317
1317 1197
1197 2193
1197 2105
2193 2114
2114 2182
2182 785
785 769
769 1579
769 1537
1579 584
584 1274
584 298
1274 2226
1274 1100
2226 2156
2156 1829
2156 654
1829 1686
1686 1614
1686 1287
1614 669
1614 2220
669 19
669 646
19 1690
19 997
1690 1569
1690 2106
1569 1718
1718 1768
1718 622
1768 224
1768 485
224 528
528 425
528 260
425 556
425 1126
556 1658
1658 1327
1327 1181
1181 291
291 277
277 1105
277 1634
1105 1953
1953 2135
1953 848
2135 548
548 626
626 959
959 346
346 199
346 821
199 1473
1473 782
782 2206
2206 7
7 1212
1212 863
1212 1548
863 301
301 1228
301 1613
1228 1016
1016 986
986 294
986 1675
294 1307
1307 498
1307 623
498 865
498 1247
865 1067
1067 1716
1716 502
1716 497
502 1728
1728 1831
1831 1656
1656 877
1656 775
877 883
883 1651
883 620
1651 2197
1651 1722
2197 141
2197 2001
141 2045
141 1125
2045 1179
1179 1766
1179 1635
1766 1275
1766 82
1275 424
1275 17
424 610
610 1977
1977 1459
1977 374
1459 2017
2017 1600
1600 2194
2194 1438
2194 1992
1438 2089
2089 1024
1024 340
1024 969
340 457
457 167
457 974
167 2187
2187 1959
2187 2
1959 433
433 1792
1792 1672
1672 960
960 659
659 1714
659 193
1714 642
1714 1398
642 2069
2069 1097
1097 576
576 1830
1830 1801
1801 105
105 1334
105 901
1334 1388
1334 100
1388 876
876 918
876 1510
918 1142
918 1800
1142 798
1142 273
798 525
798 1068
525 878
525 1805
878 2241
2241 1127
2241 1404
1127 136
136 632
632 742
742 1694
742 981
1694 1511
1511 1453
1511 334
1453 1968
1453 1207
1968 1304
1968 690
1304 1186
1186 2097
1186 1808
2097 149
149 1209
149 965
1209 2234
1209 565
2234 1440
1440 2058
1440 1386
2058 336
336 636
336 1610
636 418
418 1006
1006 1189
1006 1478
1189 311
1189 1361
311 426
426 1407
1407 920
1407 2038
920 351
351 1678
351 1134
1678 228
1678 2032
228 1988
1988 1116
1116 590
1116 532
590 594
594 936
936 250
250 698
698 1949
698 913
1949 234
1949 2243
234 1330
234 1891
1330 933
933 1512
933 1973
1512 2083
2083 29
2083 2136
29 369
29 450
369 304
304 839
839 226
226 1619
226 1839
1619 1860
1619 1985
1860 1505
1505 1284
1505 1031
1284 1099
1099 1865
1865 1893
1893 861
861 360
861 1764
360 217
360 1065
217 1739
217 2035
1739 438
1739 430
438 1811
1811 1907
1811 174
1907 2024
1907 404
2024 574
2024 1667
574 2010
2010 1449
2010 1345
1449 663
663 244
244 67
67 1094
1094 536
1094 383
536 130
130 365
130 1639
365 1455
1455 274
1455 1922
274 1588
1588 1305
1588 1053
1305 1175
1305 101
1175 784
1175 800
784 9
9 2072
9 1434
2072 292
2072 2169
292 392
292 2190
392 1383
1383 110
110 330
110 976
330 1760
330 649
1760 267
1760 1280
267 2030
267 834
2030 211
2030 1148
211 1995
1995 889
1995 1057
889 1698
889 1519
1698 1572
1698 1432
1572 858
858 2175
2175 1743
1743 473
1743 2112
473 1244
473 522
1244 1326
1244 1172
1326 955
1326 559
955 1636
1636 2227
2227 48
48 41
41 460
41 172
460 1649
460 133
1649 514
514 1640
1640 1164
1640 34
1164 170
1164 1793
170 355
355 1969
355 1294
1969 2005
2005 219
219 619
219 713
619 1507
1507 78
78 1045
1045 1850
1850 1954
1954 475
1954 1328
475 1046
1046 856
1046 966
856 1841
856 312
1841 92
1841 1930
92 1958
92 1558
1958 685
1958 138
685 151
151 896
896 1762
1762 158
1762 28
158 501
501 740
740 494
494 1562
494 2212
1562 1707
1707 1898
1707 989
1898 375
375 2238
375 1659
2238 258
258 54
54 1051
54 1437
1051 1255
1255 1436
1255 1534
1436 263
263 218
263 2162
218 998
998 1445
1445 595
1445 1435
595 384
384 874
384 847
874 127
874 474
127 692
692 1323
692 1238
1323 1585
1585 57
1585 456
57 1941
57 1012
1941 363
1941 1942
363 1568
363 1155
1568 968
1568 1955
968 1523
968 1781
1523 252
252 2057
2057 2066
2057 527
2066 496
2066 990
496 2061
2061 1343
1343 2116
1343 1616
2116 391
391 1571
391 2059
1571 1359
1359 1014
1014 1745
1014 1564
1745 1608
1608 764
764 1748
1748 265
265 2073
2073 1549
1549 238
238 35
35 412
412 469
469 1948
1948 1119
1119 651
651 805
651 2248
805 1532
1532 373
1532 530
373 553
553 549
549 1671
1671 746
746 1206
746 114
1206 1410
1410 1583
1583 1349
1583 1536
1349 1835
1835 32
32 1332
32 555
1332 829
1332 662
829 1041
1041 633
1041 1952
633 1866
1866 919
1866 2102
919 790
919 1715
790 2084
2084 1483
1483 1344
1483 268
1344 575
1344 2198
575 615
615 77
615 601
77 2201
77 1408
2201 1003
2201 1180
1003 1342
1342 1229
1342 1182
1229 271
271 345
345 1918
1918 2067
2067 1550
1550 628
1550 400
628 2055
628 634
2055 86
86 1901
86 1378
1901 566
566 1363
566 1815
1363 2174
1363 1899
2174 1557
1557 1796
1557 672
1796 1266
1796 1648
1266 508
1266 2237
508 542
542 2085
2085 254
2085 1417
254 1938
1938 1034
1938 1384
1034 585
585 2091
2091 1576
2091 1814
1576 1589
1589 1154
1154 1044
1044 745
745 168
745 859
168 1309
168 25
1309 296
1309 1740
296 1393
296 1360
1393 1466
1393 1563
1466 557
557 1868
1868 156
1868 1427
156 509
156 1904
509 1290
1290 892
892 1547
892 249
1547 1210
1547 1454
1210 394
1210 99
394 358
394 1263
358 1139
358 2235
1139 895
1139 1517
895 504
504 420
420 700
420 118
700 1983
1983 1741
1741 2222
1741 447
2222 703
703 1368
1368 1809
1368 1597
1809 192
192 396
192 826
396 1028
1028 1251
1028 1999
1251 658
658 1492
658 1373
1492 2155
2155 1545
1545 85
85 146
85 1991
146 1171
1171 2130
2130 1392
1392 1025
1025 765
1025 1430
765 1487
1487 437
437 952
952 416
416 621
621 754
754 718
754 421
718 2104
2104 1735
1735 1701
1735 370
1701 1339
1701 2008
1339 932
1339 342
932 554
554 1514
554 1315
1514 411
411 589
589 408
589 824
408 1300
1300 825
825 962
962 406
406 197
197 953
953 1390
953 1123
1390 1855
1855 678
678 1925
678 898
1925 540
540 736
540 1480
736 2164
736 1746
2164 1677
2164 2034
1677 1451
1451 62
62 196
196 1249
1249 2147
2147 807
2147 1832
807 64
807 866
64 1989
64 184
1989 845
1989 2110
845 108
845 1001
108 1565
1565 627
1565 674
627 1265
1265 1160
1265 120
1160 30
30 321
30 1838
321 731
321 1906
731 1993
1993 1070
1070 1684
1070 188
1684 1666
1684 289
1666 2033
1666 1199
2033 1551
1551 1102
1551 1854
1102 1113
1102 2172
1113 448
448 306
306 134
306 1596
134 236
134 354
236 173
173 372
372 995
372 1222
995 231
231 1167
1167 1544
1544 971
1544 176
971 1525
1525 2015
2015 541
541 1443
1443 1754
1754 1853
1754 611
1853 851
851 928
851 947
928 776
776 526
526 281
526 1452
281 1881
1881 2082
1881 81
2082 1625
1625 904
904 1497
1497 47
1497 1484
47 1631
47 31
1631 1611
1631 774
1611 1705
1705 715
1705 1268
715 899
715 1970
899 1143
1143 1779
1143 1732
1779 143
143 1147
1147 911
911 1873
911 629
1873 183
183 1984
183 586
1984 1298
1298 1196
1298 1807
1196 1769
1769 98
98 2230
2230 1132
2230 1727
1132 247
1132 1559
247 1885
1885 1080
1885 1000
1080 117
1080 842
117 2242
2242 102
2242 419
102 50
50 1703
1703 844
844 547
844 1376
547 287
287 1464
1464 76
1464 688
76 1214
76 791
1214 14
1214 753
14 2231
2231 1078
2231 95
1078 1500
1500 240
240 1444
1444 543
1444 671
543 1467
543 2244
1467 562
562 1929
562 2119
1929 1975
1975 2161
2161 1695
2161 1203
1695 1273
1695 203
1273 1066
1066 119
1066 2039
119 2042
2042 1604
2042 938
1604 38
38 310
310 382
310 1093
382 2214
382 580
2214 819
819 1377
819 1088
1377 1911
1911 317
1911 2000
317 464
317 1352
464 1375
1375 2031
1375 492
2031 1849
2031 1117
1849 1515
1849 795
1515 2046
1515 1355
2046 1652
2046 2123
1652 1851
1652 283
1851 978
1851 429
978 407
407 299
299 1077
299 1320
1077 2100
2100 314
2100 279
314 1704
1704 1499
1704 329
1499 1643
1499 1909
1643 808
1643 206
808 2124
2124 2144
2144 1982
1982 428
1982 1900
428 1966
428 890
1966 980
1966 1439
980 446
980 1018
446 276
276 1177
276 1261
1177 403
403 1863
1863 455
455 1737
1737 1150
1150 1759
1759 1786
1759 515
1786 1787
1787 3
1787 1894
3 1503
1503 163
163 551
163 730
551 155
551 284
155 139
139 307
307 796
796 325
796 1324
325 484
325 70
484 2189
2189 122
2189 327
122 2167
122 1917
2167 73
2167 1221
73 1469
1469 726
1469 182
726 679
679 1217
1217 1243
1243 2025
2025 2128
2025 285
2128 2098
2128 956
2098 2204
2204 1642
1642 1178
1178 1706
1178 510
1706 2118
2118 1236
1236 207
207 1295
1295 15
1295 881
15 1509
15 1533
1509 2108
1509 757
2108 49
2108 1693
49 2171
49 1159
2171 1836
1836 682
682 996
682 153
996 1749
1749 645
645 958
958 1248
958 1618
1248 1362
1248 1477
1362 1709
1709 693
693 725
725 710
725 46
710 604
710 596
604 213
604 2003
213 286
286 1329
1329 903
1329 1763
903 1491
1491 23
23 2079
23 1110
2079 332
2079 572
332 1556
1556 1961
1556 61
1961 912
1961 763
912 1870
1870 1479
1870 6
1479 359
1479 1341
359 935
935 1605
935 1962
1605 80
80 239
80 988
239 2080
2080 2152
2152 697
697 2014
697 162
2014 1474
1474 1644
1474 1937
1644 4
4 1823
4 1128
1823 815
1823 262
815 1009
815 852
1009 613
613 150
613 1297
150 2012
2012 755
755 719
719 344
344 242
242 1472
242 1109
1472 799
799 45
45 128
128 2225
2225 1905
2225 1420
1905 1103
1905 1092
1103 1940
1940 708
1940 1927
708 948
708 2077
948 1888
948 1235
1888 2151
1888 970
2151 599
2151 855
599 1794
1794 813
813 1778
813 1058
1778 606
1778 1736
606 991
606 951
991 1042
991 684
1042 1877
1877 1673
1877 1416
1673 229
229 835
835 66
835 1183
66 1409
66 571
1409 1880
1409 870
1880 681
681 2159
2159 639
639 538
538 1391
1391 2101
2101 1696
1696 1711
1711 210
1711 1713
210 768
768 677
677 752
752 943
752 887
943 463
463 523
463 2060
523 300
523 21
300 178
300 1752
178 1609
1609 1998
1998 1446
1446 1358
1358 74
74 537
74 1862
537 33
33 1978
33 1964
1978 809
809 191
809 2178
191 1237
191 1721
1237 1570
1237 103
1570 1216
1216 1679
1216 1645
1679 762
1679 2019
762 2221
2221 1626
1626 600
1626 137
600 1914
1914 607
607 871
607 849
871 398
871 577
398 1654
1654 493
493 875
493 1149
875 1254
875 967
1254 243
243 1476
1476 1531
1531 1325
1325 1387
1325 112
1387 814
814 453
814 2239
453 1513
1513 1146
1513 115
1146 915
1146 2122
915 37
37 922
922 1411
922 1586
1411 982
982 1529
1529 165
1529 2165
165 1008
1008 1168
1168 1301
1301 481
1301 2013
481 237
237 1258
1258 1385
1258 657
1385 353
353 1573
1573 1095
1573 1465
1095 1539
1095 1010
1539 2063
2063 338
338 63
63 1288
1288 253
253 1956
1956 432
1956 705
432 787
432 177
787 1063
1063 783
1063 648
783 1456
1456 873
1456 1394
873 395
873 1245
395 1939
1939 1494
1939 929
1494 1522
1494 1370
1522 1810
1810 949
1810 1580
949 2016
2016 1965
1965 223
1965 675
223 1276
223 1692
1276 578
578 758
578 319
758 720
758 652
720 788
788 1896
788 1030
1896 356
1896 1076
356 200
200 2217
200 1972
2217 256
256 499
256 841
499 2029
2029 1400
1400 1260
1400 2131
1260 1655
1260 906
1655 1790
1790 983
983 1622
983 696
1622 10
10 857
857 2020
857 214
2020 107
2020 1912
107 1346
107 2006
1346 2044
1346 1311
2044 1685
2044 387
1685 1797
1797 495
495 831
495 171
831 87
831 2121
87 1502
1502 2011
2011 1303
1303 1104
1104 1680
1680 1702
1680 1889
1702 993
1702 1081
993 773
773 644
773 1603
644 2103
2103 2216
2216 246
2216 667
246 597
597 944
597 1485
944 1700
944 650
1700 1869
1700 1232
1869 2053
1869 399
2053 1812
2053 1986
1812 1426
1426 1448
1448 1157
1448 680
1157 339
1157 917
339 1144
1144 803
1144 1379
803 2218
2218 817
2218 1425
817 18
817 630
18 1004
1004 1313
1004 371
1313 760
1313 347
760 2064
2064 539
2064 1399
539 1834
539 1590
1834 1527
1834 2078
1527 479
479 2247
2247 2129
2247 2208
2129 691
691 1082
1082 846
1082 1292
846 778
846 368
778 931
931 2228
2228 2211
2228 724
2211 1219
1219 59
59 1795
1795 924
924 385
924 930
385 1371
385 1981
1371 1717
1717 1460
1717 44
1460 1526
1526 488
1526 1061
488 827
488 1262
827 381
827 1441
381 1490
381 641
1490 617
617 631
631 1121
1121 1062
1062 1555
1062 1281
1555 1253
1555 729
1253 512
1253 1200
512 1747
512 1951
1747 673
1747 1079
673 1623
1623 1708
1623 1087
1708 1122
1122 1774
1774 326
1774 1506
326 734
326 563
734 1402
1402 465
465 1401
1401 1883
1401 1019
1883 927
1883 2111
927 1566
927 1960
1566 1933
1933 1594
1594 1381
1381 1699
1699 1578
1578 519
519 58
519 1269
58 1020
58 1106
1020 445
445 135
445 1069
135 1291
1291 838
1291 320
838 2041
838 923
2041 882
882 689
689 984
689 2009
984 1296
984 1185
1296 1319
1296 1817
1319 1415
1319 2134
1415 992
992 1520
992 233
1520 1308
1308 1130
1130 2007
2007 1340
1340 164
164 1158
1158 1364
1364 1433
1433 810
810 1124
1124 560
1124 1471
560 1602
1602 1112
1602 1032
1112 434
1112 1356
434 977
434 361
977 1338
1338 1316
1338 26
1316 60
1316 2133
60 1140
1140 439
439 801
801 337
801 435
337 1224
337 816
1224 467
467 348
348 544
348 2145
544 1022
1022 1874
1022 1976
1874 227
1874 1789
227 2191
227 440
2191 1429
2191 1661
1429 1833
1833 491
491 728
728 1921
728 1215
1921 2023
1921 349
2023 1856
2023 1267
1856 1574
1856 545
1574 377
377 195
195 1461
195 1468
1461 722
722 393
