2 1343 26134973
2 1
245 1330
1330 688
1330 542
688 1065
1065 187
187 1150
187 1149
1150 977
1150 278
977 38
38 828
38 617
828 1306
828 186
1306 536
536 307
536 255
307 959
959 64
64 1185
1185 158
1185 82
158 682
158 98
682 691
691 619
619 220
619 124
220 830
830 1202
830 848
1202 252
252 958
252 1190
958 1191
1191 1227
1191 83
1227 1007
1227 389
1007 746
1007 452
746 1
1 749
749 1000
749 944
1000 564
564 1102
564 1203
1102 969
1102 459
969 1229
969 795
1229 52
52 318
52 1223
318 1255
1255 132
1255 71
132 169
132 1224
169 26
26 1312
26 251
1312 1334
1312 610
1334 1201
1334 1062
1201 1188
1188 1157
1157 616
1157 109
616 1035
1035 498
1035 797
498 562
562 1193
1193 916
916 626
626 162
162 313
313 880
880 84
880 287
84 237
237 897
897 735
735 1200
735 1167
1200 198
1200 472
198 1175
198 1002
1175 1165
1175 772
1165 137
137 559
137 368
559 461
461 675
461 291
675 541
675 61
541 647
647 68
647 1028
68 1080
1080 819
1080 1180
819 994
819 1240
994 439
439 1046
1046 789
789 935
935 834
935 624
834 873
873 321
873 135
321 181
181 159
159 116
116 529
529 380
380 837
380 775
837 860
837 32
860 357
860 1029
357 607
607 1174
1174 641
641 687
641 968
687 646
646 268
268 1146
268 549
1146 1098
1146 372
1098 1296
1296 1288
1296 1132
1288 799
799 112
799 1093
112 1152
112 438
1152 253
253 871
253 1310
871 1116
871 1217
1116 184
1116 481
184 1234
184 926
1234 636
636 1072
636 1091
1072 986
986 102
986 319
102 444
444 550
444 248
550 160
160 781
781 872
781 740
872 1293
1293 343
1293 500
343 1163
343 1100
1163 1247
1247 33
1247 511
33 978
978 272
978 1256
272 717
717 532
717 723
532 940
940 702
702 1148
702 4
1148 1316
1316 1118
1118 279
279 1271
1271 963
1271 479
963 568
963 119
568 842
842 1059
1059 769
769 244
769 243
244 259
244 885
259 16
259 782
16 214
16 499
214 655
214 620
655 523
655 579
523 716
716 502
716 898
502 1160
502 1161
1160 346
346 1305
346 659
1305 911
911 627
911 964
627 171
171 640
171 598
640 1275
640 505
1275 812
812 74
812 43
74 1231
74 1280
1231 594
1231 1207
594 1184
1184 90
90 202
90 681
202 1264
202 846
1264 413
1264 1221
413 668
668 440
440 345
345 938
345 560
938 724
938 1004
724 1171
1171 1335
1335 507
1335 1077
507 329
507 780
329 1036
329 710
1036 65
65 309
65 415
309 267
267 887
267 1282
887 991
887 1084
991 1120
991 264
1120 424
424 1136
424 644
1136 810
810 669
669 138
138 999
999 800
800 358
800 713
358 1246
358 1176
1246 1204
1246 1259
1204 1067
1067 141
1067 525
141 803
141 1143
803 281
803 108
281 1130
1130 1162
1130 1088
1162 704
704 449
704 215
449 194
194 76
194 1304
76 633
76 139
633 886
886 821
886 684
821 305
305 121
121 719
719 526
719 1258
526 841
526 60
841 1112
1112 191
191 733
733 377
733 793
377 706
377 921
706 639
706 745
639 453
639 1045
453 320
453 1216
320 379
320 273
379 1178
379 41
1178 1292
1292 147
147 336
336 1230
1230 133
1230 1090
133 992
992 1126
1126 308
1126 894
308 1239
308 58
1239 727
1239 316
727 662
662 363
363 240
363 371
240 570
570 952
952 779
952 661
779 983
983 1270
1270 584
1270 274
584 1317
1317 134
1317 23
134 970
970 296
970 737
296 143
296 1315
143 606
606 736
736 1043
1043 1187
1043 531
1187 24
1187 445
24 373
24 367
373 356
373 447
356 1127
356 101
1127 881
881 1205
1205 906
1205 760
906 596
906 1064
596 853
596 457
853 62
62 672
62 490
672 54
672 942
54 146
146 233
233 1300
233 1194
1300 1327
1327 20
1327 1262
20 30
20 1024
30 817
30 342
817 712
817 323
712 1103
1103 1038
1038 850
850 277
850 679
277 709
709 731
709 1338
731 34
731 207
34 738
34 260
738 480
480 905
905 557
557 404
404 1107
1107 354
1107 546
354 391
391 1144
391 634
1144 1099
1099 913
913 94
913 955
94 534
94 1086
534 904
534 110
904 664
664 1051
1051 1326
1051 286
1326 238
1326 120
238 416
238 456
416 397
416 434
397 261
261 224
224 857
857 39
857 117
39 417
39 705
417 615
615 600
615 722
600 302
302 899
302 801
899 28
28 193
193 929
929 973
973 1244
973 361
1244 576
576 933
576 145
933 1073
1073 583
583 603
583 632
603 205
603 234
205 1332
1332 18
1332 103
18 152
152 720
720 1321
720 269
1321 816
816 715
715 572
572 763
572 823
763 752
763 1109
752 338
752 701
338 1295
338 486
1295 1014
1295 945
1014 1267
1014 221
1267 1139
1139 491
491 1049
491 242
1049 910
910 282
282 1058
1058 471
1058 293
471 360
471 587
360 1101
1101 665
665 826
826 543
826 487
543 195
195 651
195 1031
651 1325
651 131
1325 718
718 725
725 545
545 8
8 1206
1206 1269
1269 540
540 700
540 348
700 1252
1252 512
1252 63
512 1323
512 1168
1323 200
1323 347
200 1266
200 330
1266 423
423 1071
423 1182
1071 957
957 660
957 893
660 412
660 890
412 1111
1111 761
761 337
337 987
337 208
987 128
987 91
128 49
128 1235
49 814
814 838
838 730
838 547
730 618
618 1131
1131 106
1131 903
106 69
69 840
69 1284
840 914
840 757
914 949
949 1208
1208 197
1208 941
197 478
478 21
478 359
21 290
21 796
290 210
210 878
210 390
878 663
663 922
922 657
657 1283
1283 1016
1283 1287
1016 833
1016 1232
833 1253
1253 142
1253 1278
142 1268
1268 306
1268 1290
306 908
306 13
908 222
222 822
822 1104
822 325
1104 1121
1104 168
1121 794
1121 496
794 411
794 1082
411 645
645 127
645 528
127 436
127 223
436 554
554 25
554 573
25 762
25 533
762 764
762 236
764 1318
1318 166
166 1279
166 395
1279 827
1279 748
827 807
807 73
807 741
73 42
73 219
42 228
42 1320
228 638
228 747
638 1030
638 629
1030 815
1030 1299
815 270
270 216
216 859
859 382
382 574
574 1294
1294 694
694 165
694 1145
165 249
165 203
249 341
341 1138
341 517
1138 429
1138 854
429 891
429 1195
891 604
891 378
604 1303
1303 95
1303 35
95 907
95 188
907 544
544 206
544 151
206 180
180 482
180 1056
482 432
482 676
432 593
593 714
593 311
714 355
355 1034
355 770
1034 235
235 1013
1013 6
6 982
6 954
982 407
982 1265
407 788
788 919
788 553
919 349
919 806
349 1147
1147 433
1147 443
433 79
433 1140
79 501
501 185
185 161
185 578
161 126
161 879
126 506
126 1060
506 1141
506 1025
1141 493
1141 53
493 1048
1048 972
972 428
972 31
428 317
428 340
317 1003
317 1342
1003 901
1003 183
901 15
15 250
15 845
250 96
250 1134
96 381
381 1119
381 508
1119 1276
1276 776
776 1021
776 351
1021 370
370 862
862 1095
862 673
1095 80
1095 192
80 204
80 387
204 213
204 1033
213 637
213 874
637 104
104 785
104 771
785 465
785 492
465 217
465 1124
217 284
284 852
852 148
852 437
148 1183
148 1092
1183 1333
1183 463
1333 123
123 460
123 605
460 1044
460 1156
1044 1311
1311 114
1311 150
114 430
114 254
430 530
530 280
530 1233
280 1050
1050 1154
1154 503
1154 674
503 653
653 989
653 1011
989 285
989 864
285 920
920 1027
1027 988
1027 1309
988 17
17 467
17 1053
467 589
467 567
589 697
589 995
697 322
697 366
322 1020
1020 167
1020 1108
167 707
167 476
707 300
707 784
300 1254
300 1054
1254 1137
1254 51
1137 70
1137 514
70 654
70 1336
654 631
654 711
631 298
298 1110
298 1285
1110 1052
1110 130
1052 376
1052 726
376 1341
376 398
1341 327
1341 1115
327 888
888 66
888 173
66 67
67 1047
67 1249
1047 1243
1047 266
1243 450
1243 590
450 164
450 12
164 734
164 946
734 1215
734 201
1215 406
406 75
406 1142
75 40
40 1074
1074 575
1074 1343
575 1153
1153 580
1153 844
580 484
484 791
484 918
791 209
209 474
474 196
196 876
196 1125
876 399
399 967
399 59
967 86
967 750
86 47
47 1087
47 751
1087 392
1087 1005
392 1220
1220 304
1220 831
304 577
304 1135
577 350
350 154
154 566
566 649
649 469
469 1164
1164 312
312 865
865 699
699 1015
699 1328
1015 520
520 1322
520 1340
1322 790
1322 211
790 81
81 77
77 939
77 856
939 182
939 27
182 426
182 927
426 1214
1214 1018
1018 489
489 650
489 802
650 1009
650 609
1009 895
1009 1075
895 1281
1281 1257
1257 178
1257 683
178 976
178 393
976 805
805 1297
1297 1261
1261 1302
1261 820
1302 1070
1070 225
1070 262
225 892
225 996
892 953
892 758
953 912
912 581
581 1061
1061 1177
1061 1324
1177 263
263 1097
1097 1226
1097 971
1226 917
917 585
917 548
585 755
755 324
755 1319
324 408
324 1225
408 843
843 229
843 1123
229 364
364 753
753 88
88 866
88 586
866 985
866 875
985 1170
1170 156
1170 835
156 1069
1069 867
867 118
118 670
670 883
883 1037
883 1210
1037 608
608 36
608 1337
36 1198
1198 1151
1151 599
1151 45
599 677
677 798
798 635
635 931
931 405
405 602
405 951
602 768
768 497
768 1155
497 458
458 283
458 1166
283 9
283 787
9 153
9 611
153 869
869 105
869 685
105 742
105 1083
742 896
896 690
690 230
690 588
230 402
402 232
232 297
232 851
297 612
612 87
87 451
87 689
451 410
451 915
410 518
410 275
518 565
518 962
565 667
667 226
667 902
226 786
226 115
786 403
403 1329
1329 671
1329 400
671 552
552 595
552 1179
595 538
538 1313
538 1241
1313 993
993 1010
993 299
1010 744
744 1042
1042 510
510 614
510 621
614 732
614 686
732 811
811 509
509 504
509 455
504 930
504 418
930 1277
930 1219
1277 89
1277 369
89 836
89 1026
836 948
948 1122
948 1263
1122 613
613 1339
1339 601
601 93
93 1228
93 11
1228 515
515 288
515 485
288 961
961 328
961 739
328 829
829 868
829 924
868 495
868 1128
495 334
334 1001
334 777
1001 980
980 140
980 824
140 57
140 344
57 189
57 396
189 1314
1314 1079
1079 401
401 46
401 56
46 14
46 680
14 331
14 847
331 1289
331 1096
1289 1129
1129 703
703 1113
703 774
1113 257
1113 409
257 1081
1081 494
1081 314
494 1213
494 258
1213 1242
1242 1197
1197 729
729 1236
729 388
1236 1238
1236 783
1238 190
1238 176
190 1192
1192 386
386 696
386 175
696 483
483 623
623 630
623 937
630 488
488 352
488 1307
352 1291
352 1055
1291 136
136 125
136 1039
125 909
125 656
909 1298
1298 792
1298 622
792 925
925 1308
925 539
1308 628
628 825
628 1032
825 122
825 558
122 743
743 1041
1041 37
37 1022
1022 301
301 464
464 561
561 315
561 698
315 1066
315 591
1066 1222
1222 524
524 276
524 759
276 421
276 422
421 7
421 965
7 1063
1063 1012
1012 111
111 454
111 1017
454 107
454 1251
107 365
365 72
365 78
72 556
72 643
556 113
113 420
113 50
420 239
420 247
239 813
813 129
813 555
129 625
625 981
981 335
335 85
85 241
241 692
241 462
692 1260
692 956
1260 1286
1286 1212
1212 1133
1133 92
92 695
92 979
695 773
773 808
808 384
384 10
384 947
10 1189
10 521
1189 1089
1089 863
1089 375
863 55
55 1158
1158 990
1158 295
990 353
990 414
353 44
353 839
44 642
44 884
642 427
642 466
427 928
427 765
928 923
928 943
923 394
394 997
997 227
227 861
227 1218
861 571
861 934
571 678
678 889
678 22
889 256
889 163
256 582
256 728
582 475
582 537
475 551
475 1237
551 218
551 265
218 932
932 339
932 1331
339 1199
339 974
1199 966
966 1245
966 157
1245 374
1245 310
374 425
425 435
425 1274
435 513
435 289
513 597
597 721
721 1006
721 1106
1006 778
1006 1169
778 385
385 1209
1209 97
1209 170
97 177
177 849
177 294
849 804
804 149
804 1117
149 652
652 936
652 877
936 246
936 1078
246 1250
246 100
1250 1068
1068 419
1068 766
419 468
468 155
155 754
155 1105
754 1023
754 5
1023 984
984 900
900 1186
1186 708
708 950
950 1094
950 383
1094 1172
1094 332
1172 870
870 99
99 3
3 519
519 29
29 818
818 1211
818 592
1211 441
1211 326
441 1159
441 516
1159 1040
1040 1173
1173 569
569 442
442 809
809 882
882 1008
1008 1196
1196 1076
1076 431
431 174
174 1019
1019 179
1019 1057
179 172
172 1085
172 563
1085 271
271 855
855 303
855 1301
303 535
303 477
535 756
756 292
756 1273
292 212
212 473
473 832
473 231
832 975
975 470
975 666
470 960
470 333
960 362
960 693
362 648
648 522
648 1181
522 48
522 658
48 144
144 527
527 1248
527 446
1248 1114
1114 998
998 19
19 767
19 199
767 1272
1272 2
1272 448
2 858
