3 555 8404375
3 2
2 1
522 405
522 414
405 267
267 65
267 439
65 431
431 378
378 74
74 359
74 542
359 416
359 143
416 128
128 376
128 207
376 176
176 553
553 264
264 20
264 211
20 159
159 411
159 280
411 469
469 89
89 127
89 281
127 108
127 217
108 124
108 396
124 349
124 484
349 547
547 362
547 193
362 284
284 448
284 506
448 510
510 436
510 315
436 238
436 206
238 95
238 453
95 368
95 237
368 145
368 16
145 64
145 294
64 372
64 47
372 507
507 476
476 142
476 417
142 123
123 358
358 345
358 185
345 19
19 357
19 200
357 461
357 415
461 219
461 26
219 69
69 178
69 293
178 234
234 177
234 307
177 428
177 148
428 282
428 444
282 125
282 313
125 198
198 478
198 496
478 96
478 521
96 236
96 303
236 295
236 87
295 191
295 341
191 251
251 138
251 72
138 388
388 492
388 48
492 474
492 508
474 210
210 173
173 23
173 445
23 300
23 541
300 169
300 43
169 122
169 499
122 394
122 229
394 528
394 11
528 83
83 432
432 339
432 240
339 84
84 132
132 299
299 139
139 457
139 333
457 421
457 321
421 33
421 62
33 119
119 262
262 80
262 226
80 532
532 310
532 156
310 205
205 423
205 249
423 137
137 189
137 25
189 392
189 397
392 401
392 446
401 351
351 452
351 7
452 555
452 49
555 82
555 105
82 318
82 97
318 255
318 224
255 399
255 434
399 114
114 305
114 346
305 441
441 15
15 332
332 75
75 188
75 424
188 389
188 338
389 451
389 2
451 113
113 157
113 247
157 468
157 167
468 154
154 430
430 442
430 222
442 450
442 466
450 172
450 223
172 410
410 278
410 402
278 343
278 490
343 342
342 160
342 147
160 390
160 279
390 408
408 162
408 500
162 66
66 213
213 273
213 371
273 67
67 352
352 322
352 418
322 344
344 460
460 458
458 374
458 55
374 425
374 438
425 239
239 140
239 274
140 337
140 63
337 471
471 470
470 501
470 283
501 486
486 6
486 110
6 12
12 426
426 203
203 136
136 347
136 104
347 60
60 28
28 481
28 184
481 409
409 485
485 71
485 534
71 331
71 225
331 232
331 4
232 348
348 325
348 335
325 502
502 101
101 170
101 449
170 31
170 276
31 163
31 483
163 465
465 14
465 329
14 86
14 111
86 304
304 403
304 78
403 231
231 290
231 551
290 52
52 270
270 153
153 76
153 32
76 149
76 187
149 412
149 473
412 384
412 505
384 355
355 391
391 209
391 360
209 530
209 40
530 120
530 29
120 419
419 201
201 1
1 214
1 141
214 377
377 59
59 354
354 285
354 272
285 550
285 540
550 146
550 131
146 245
245 22
245 454
22 38
22 517
38 174
38 488
174 18
18 413
413 133
133 552
552 254
552 41
254 58
254 383
58 256
256 317
317 183
183 50
183 9
50 164
164 220
164 151
220 85
220 531
85 546
546 504
546 330
504 289
504 130
289 17
17 336
336 537
537 538
538 275
538 519
275 53
275 100
53 228
53 117
228 268
228 179
268 319
319 463
463 367
367 549
549 129
549 73
129 529
129 99
529 286
529 161
286 227
286 366
227 166
227 296
166 246
246 218
246 482
218 535
218 175
535 381
535 316
381 456
381 92
456 21
456 91
21 263
21 309
263 121
263 489
121 312
312 487
487 385
487 447
385 241
241 259
241 208
259 112
259 233
112 190
112 248
190 479
190 152
479 406
479 516
406 525
525 297
297 524
524 422
422 77
422 106
77 533
533 323
533 498
323 472
472 79
472 265
79 182
182 216
182 539
216 68
68 328
328 364
364 253
253 98
98 511
98 37
511 404
511 398
404 361
404 126
361 250
250 144
144 334
144 44
334 464
334 429
464 242
242 3
242 13
3 548
3 109
548 230
548 252
230 395
230 554
395 493
395 491
493 350
493 326
350 5
5 306
306 514
514 320
514 88
320 400
320 356
400 269
400 186
269 477
269 158
477 536
477 27
536 462
536 155
462 8
462 30
8 39
39 107
107 197
107 261
197 103
197 61
103 545
545 302
302 375
302 369
375 34
34 386
34 523
386 480
480 93
93 196
196 171
171 324
171 291
324 10
324 379
10 90
10 543
90 180
180 353
180 433
353 204
204 387
204 292
387 370
370 115
370 135
115 70
70 277
277 340
340 257
257 266
257 212
266 503
266 527
503 192
503 515
192 497
497 45
45 57
45 298
57 221
221 544
544 365
544 513
365 443
365 437
443 494
494 520
520 243
243 440
440 287
287 81
287 56
81 118
81 168
118 407
118 467
407 54
407 311
54 42
54 199
42 102
42 495
102 327
327 380
327 271
380 526
526 288
526 181
288 363
288 116
363 475
363 420
475 512
512 51
512 308
51 455
455 150
455 24
150 518
518 459
518 235
459 509
459 301
509 46
46 393
393 435
393 260
435 427
427 202
427 195
202 94
94 134
134 244
244 258
244 35
258 165
258 382
165 373
165 215
373 36
36 194
194 314
