17 1330 336932
4 15
15 7
15 10
7 3
7 12
3 16
3 8
16 9
9 5
5 13
5 14
13 2
2 11
2 1
11 17
17 6
1300 408
1300 1166
408 365
408 525
365 557
557 215
215 409
215 1251
409 345
409 1255
345 30
30 1142
30 517
1142 710
1142 382
710 1020
710 1230
1020 2
1020 560
2 1175
2 655
1175 83
83 498
498 134
498 492
134 757
134 1159
757 1029
1029 444
444 368
444 694
368 239
239 788
239 1277
788 672
672 115
115 53
115 784
53 1281
53 153
1281 1047
1047 184
1047 620
184 71
184 1148
71 191
71 866
191 1163
191 565
1163 419
1163 1025
419 504
419 245
504 1329
504 311
1329 85
1329 709
85 670
670 930
930 481
481 916
481 364
916 597
916 108
597 896
597 6
896 581
896 1180
581 1181
1181 957
1181 116
957 1191
1191 954
1191 1235
954 35
35 436
35 1330
436 144
144 142
142 1088
142 1316
1088 82
1088 484
82 1154
82 522
1154 1303
1154 237
1303 1289
1289 695
695 547
695 397
547 889
547 313
889 716
716 668
716 821
668 242
242 911
242 1022
911 699
699 507
699 833
507 1160
507 195
1160 1317
1160 564
1317 138
1317 1109
138 320
138 531
320 212
320 426
212 867
212 1
867 1069
1069 730
730 994
730 418
994 598
598 1203
1203 724
724 572
572 913
913 1314
913 650
1314 92
1314 229
92 809
809 676
809 1306
676 1117
676 1201
1117 748
748 852
852 131
131 415
131 926
415 290
415 447
290 46
46 390
390 929
929 750
750 1092
1092 252
1092 819
252 75
252 1209
75 1199
75 653
1199 1039
1039 205
205 79
205 1114
79 1146
79 1038
1146 343
343 143
343 767
143 873
873 25
873 542
25 1240
25 510
1240 339
339 1270
1270 1015
1015 533
533 226
533 752
226 983
983 43
983 358
43 1327
1327 660
660 183
660 449
183 295
295 661
295 259
661 554
661 1304
554 11
554 874
11 1106
1106 1319
1319 793
1319 780
793 431
793 233
431 424
431 284
424 310
424 312
310 225
310 37
225 638
225 707
638 1226
638 1174
1226 406
406 1308
406 1282
1308 870
1308 1099
870 502
870 711
502 281
281 1324
1324 354
1324 321
354 16
354 1075
16 1205
16 811
1205 763
1205 1223
763 723
723 768
768 708
708 199
708 63
199 476
476 906
476 1058
906 991
906 29
991 1035
1035 402
1035 1261
402 538
538 44
44 462
462 591
462 1246
591 428
428 912
912 706
912 827
706 1227
1227 1133
1133 1206
1133 230
1206 334
334 1172
334 521
1172 487
1172 51
487 634
634 836
634 834
836 38
836 671
38 102
102 1229
102 50
1229 717
1229 721
717 1084
717 1140
1084 181
1084 52
181 567
181 526
567 499
567 103
499 459
499 705
459 1000
459 262
1000 794
1000 684
794 759
759 595
595 304
595 27
304 582
304 909
582 326
582 204
326 1275
1275 1019
1275 782
1019 1018
1019 681
1018 513
513 1237
513 931
1237 814
814 1309
1309 1138
1138 1116
1138 1072
1116 81
81 1085
81 468
1085 380
380 1241
380 228
1241 1287
1287 353
1287 1001
353 962
353 1170
962 145
145 516
145 1257
516 1122
1122 551
1122 283
551 482
482 950
950 910
950 718
910 747
910 1204
747 1254
747 792
1254 553
1254 375
553 1131
1131 1267
1131 884
1267 273
1267 791
273 822
273 568
822 856
822 990
856 633
856 78
633 1045
1045 495
495 124
495 772
124 1074
124 13
1074 1065
1074 55
1065 267
267 156
156 662
662 552
552 1024
1024 285
285 917
285 1183
917 177
917 438
177 146
146 848
146 739
848 54
848 455
54 251
54 352
251 113
251 1173
113 232
232 677
232 562
677 880
880 483
483 361
361 164
361 1089
164 669
164 477
669 959
959 773
773 433
773 576
433 1057
1057 224
1057 161
224 190
190 830
830 964
830 255
964 1095
964 1192
1095 1090
1095 807
1090 1315
1090 1321
1315 254
1315 58
254 271
271 820
271 467
820 826
820 832
826 48
48 1134
48 1244
1134 465
465 317
465 831
317 308
308 1247
308 1040
1247 877
877 1030
1030 1155
1030 942
1155 949
949 1054
1054 1262
1262 600
1262 451
600 33
600 1266
33 979
33 149
979 569
569 714
714 549
714 1023
549 57
57 828
57 786
828 318
828 604
318 244
244 613
613 501
501 989
501 1243
989 555
555 410
410 586
586 105
105 150
105 322
150 370
370 1213
1213 18
18 1087
18 1121
1087 813
813 64
64 915
64 769
915 976
915 216
976 1186
976 579
1186 412
412 93
93 450
450 940
940 1101
1101 12
12 17
12 1178
17 656
656 196
656 89
196 185
196 871
185 779
185 1190
779 393
393 824
824 689
689 182
182 846
846 1111
846 22
1111 1139
1139 1288
1139 1328
1288 1066
1288 844
1066 158
158 478
478 362
478 486
362 973
362 770
973 401
401 1248
401 126
1248 1250
1250 208
208 829
829 188
829 712
188 733
733 528
528 700
700 1036
1036 69
69 812
812 575
812 643
575 980
980 627
627 141
141 1041
141 977
1041 342
342 1097
342 248
1097 532
532 201
201 1083
201 1144
1083 646
1083 596
646 734
734 946
734 764
946 665
946 860
665 446
446 1228
1228 1068
1068 1050
1050 585
1050 1128
585 96
585 130
96 496
96 488
496 1046
496 715
1046 250
1046 1086
250 1207
250 624
1207 520
520 857
857 592
857 1071
592 186
186 1215
186 223
1215 548
548 955
955 1168
1168 623
1168 899
623 1006
1006 771
1006 1052
771 606
606 109
606 420
109 422
109 136
422 783
783 1026
783 754
1026 193
193 1264
1264 729
1264 466
729 577
729 1021
577 878
577 148
878 667
878 816
667 796
667 593
796 927
796 386
927 837
927 40
837 279
279 272
272 1033
1033 398
1033 583
398 1210
1210 907
1210 703
907 888
888 1296
888 594
1296 1200
1296 62
1200 413
413 497
413 644
497 4
4 781
781 960
781 509
960 494
960 1126
494 651
494 1238
651 512
651 1007
512 919
512 903
919 1118
919 198
1118 480
480 678
480 892
678 746
746 849
849 1311
1311 346
1311 922
346 890
890 234
234 1127
1127 749
1127 584
749 439
439 1093
1093 47
1093 777
47 176
176 376
376 1198
376 966
1198 349
349 640
349 383
640 24
24 1056
1056 1231
1056 1189
1231 574
574 344
344 270
270 647
270 475
647 753
753 944
753 9
944 384
384 936
384 766
936 443
936 1295
443 90
443 806
90 894
90 1070
894 882
894 1112
882 445
882 67
445 971
445 135
971 1082
1082 854
1082 751
854 60
854 1224
60 737
737 34
34 535
535 301
535 23
301 1278
301 442
1278 1102
1102 805
805 351
805 1107
351 720
720 1014
720 1073
1014 1273
1014 1286
1273 1272
1273 1320
1272 997
997 218
997 1276
218 934
218 1294
934 121
934 1113
121 1003
121 211
1003 862
862 1123
1123 453
1123 122
453 111
453 39
111 337
337 649
337 411
649 1080
1080 36
1080 540
36 1167
36 147
1167 274
274 1265
1265 636
1265 740
636 1212
636 1162
1212 175
175 1145
1145 566
566 1208
1208 42
42 1079
42 137
1079 985
1079 518
985 675
675 1005
675 319
1005 291
1005 545
291 98
98 286
98 621
286 125
125 31
31 561
561 117
561 1012
117 743
743 789
789 209
789 119
209 269
209 1017
269 464
269 859
464 1129
464 886
1129 639
639 1305
639 140
1305 864
864 243
243 440
243 88
440 527
527 629
527 324
629 758
629 256
758 843
843 400
843 458
400 941
941 744
744 863
744 1171
863 965
965 515
965 1062
515 1236
515 10
1236 1268
1236 303
1268 166
166 539
539 1100
1100 914
1100 546
914 1312
1312 741
1312 1280
741 84
84 277
277 178
277 648
178 1104
178 399
1104 1260
1104 686
1260 392
392 1326
1326 197
197 943
943 403
403 1245
1245 77
77 327
77 725
327 803
327 778
803 1158
1158 302
1158 998
302 534
534 1318
534 536
1318 21
21 823
823 908
908 470
470 359
359 1179
1179 292
1179 601
292 963
963 168
963 573
168 213
213 654
654 938
654 514
938 389
389 631
389 610
631 430
430 336
336 975
975 68
975 456
68 883
68 900
883 1076
1076 427
1076 897
427 1193
427 350
1193 935
935 529
529 300
529 341
300 1098
300 872
1098 423
1098 865
423 258
258 1037
1037 363
1037 1301
363 299
299 162
162 698
162 1211
698 222
698 414
222 902
222 887
902 974
902 367
974 952
952 986
986 727
727 163
727 1059
163 288
163 1067
288 72
288 1302
72 1136
1136 297
1136 179
297 905
905 745
745 1152
745 519
1152 704
1152 731
704 441
704 1119
441 97
441 742
97 556
556 296
296 642
296 817
642 1322
1322 609
1322 1124
609 1216
609 1137
1216 152
1216 1274
152 840
152 457
840 452
452 28
452 385
28 550
550 523
523 206
523 73
206 616
616 611
616 1010
611 1147
1147 968
1147 588
968 666
666 236
666 132
236 891
236 544
891 701
891 541
701 530
530 1064
530 921
1064 435
1064 160
435 1143
435 1291
1143 485
485 981
485 219
981 107
981 893
107 1004
1004 920
1004 374
920 1252
1252 719
1252 589
719 19
719 265
19 159
159 381
159 618
381 118
381 1043
118 95
118 373
95 1234
95 240
1234 635
1234 693
635 369
369 133
133 1164
1164 506
1164 280
506 305
506 762
305 394
394 664
394 307
664 214
664 1051
214 978
214 614
978 5
5 680
680 20
680 167
20 101
20 391
101 1292
1292 1094
1292 1150
1094 395
1094 120
395 1185
395 787
1185 1002
1185 123
1002 1161
1002 491
1161 276
1161 861
276 1151
1151 503
1151 637
503 1103
1103 679
1103 493
679 1233
1233 626
1233 939
626 289
289 340
289 543
340 702
702 641
641 875
641 169
875 129
875 1297
129 1028
129 434
1028 774
774 500
774 1182
500 658
658 448
448 674
448 657
674 835
835 1091
1091 1081
1091 993
1081 194
1081 323
194 356
194 157
356 988
356 841
988 1135
988 76
1135 174
1135 379
174 1157
174 1027
1157 690
690 776
690 264
776 858
776 1263
858 761
858 956
761 104
761 799
104 151
151 306
151 387
306 66
66 847
847 1284
847 294
1284 257
1284 599
257 94
94 70
94 335
70 953
953 1249
1249 1125
1125 682
1125 425
682 65
65 366
65 187
366 992
366 15
992 945
945 928
945 612
928 1196
1196 1325
1196 868
1325 713
1325 238
713 785
785 1108
785 328
1108 947
1108 895
947 473
947 797
473 628
628 958
628 8
958 388
958 1011
388 298
388 261
298 755
755 696
696 315
696 155
315 106
315 227
106 432
432 241
241 1165
1165 139
139 26
139 1217
26 45
26 1176
45 995
995 511
995 416
511 1049
511 472
1049 217
1049 925
217 154
154 1310
1310 14
1310 765
14 56
14 1225
56 692
56 220
692 1130
1130 879
1130 508
879 112
879 170
112 800
112 855
800 578
800 1055
578 127
127 1044
127 355
1044 687
687 1221
687 460
1221 801
1221 524
801 461
461 417
461 808
417 948
948 173
173 260
173 1293
260 172
172 1253
1253 1013
1013 876
1013 235
876 202
202 287
202 331
287 1218
1218 982
982 961
961 1053
961 937
1053 360
360 1269
1269 608
1269 471
608 1105
608 474
1105 726
1105 378
726 869
869 559
869 999
559 736
559 918
736 80
80 1279
1279 74
1279 490
74 330
74 1197
330 815
330 619
815 775
775 853
775 602
853 818
818 247
247 630
630 904
630 1214
904 1184
1184 728
1184 1115
728 537
537 332
332 1141
1141 901
1141 605
901 479
479 268
479 372
268 1032
1032 200
1032 987
200 61
61 348
348 850
850 377
850 1299
377 659
659 357
357 249
357 347
249 128
128 885
885 683
885 1132
683 1169
683 838
1169 1156
1156 1323
1323 1048
1323 463
1048 790
1048 898
790 1220
790 969
1220 738
738 1177
738 587
1177 842
1177 685
842 580
580 924
580 325
924 590
590 316
316 246
316 967
246 489
246 171
489 1232
489 1063
1232 1313
1313 1290
1290 100
1290 278
100 404
404 845
404 851
845 309
845 405
309 756
309 1031
756 802
802 210
210 1256
210 1060
1256 804
1256 293
804 91
804 1149
91 881
881 99
99 1298
99 505
1298 329
329 338
338 189
189 570
570 923
923 1271
1271 1195
1195 1283
1283 932
932 933
933 87
933 396
87 652
87 41
652 207
207 282
282 3
282 1307
3 407
407 49
49 454
454 697
697 1259
697 7
1259 1120
1120 86
86 663
663 615
615 1096
1096 1008
1008 203
203 1202
1202 263
1202 691
263 558
263 1222
558 1188
558 1187
1188 32
32 625
32 1194
625 1258
625 1219
1258 59
59 1016
1016 165
1016 231
165 1239
165 221
1239 1078
1078 1077
1077 795
1077 970
795 110
795 1110
110 333
333 645
645 571
571 1042
1042 437
437 429
429 1242
429 951
1242 617
617 1009
617 972
1009 1285
1285 632
1285 371
632 180
632 192
180 1061
180 810
1061 798
1061 275
798 688
688 421
421 735
735 825
825 996
825 722
996 253
253 673
673 114
114 732
732 1034
1034 1153
1153 984
984 839
984 760
839 469
839 314
469 266
266 622
266 603
622 563
622 607
