20 2624 445
15 11
11 14
14 16
16 2
16 4
2 17
17 9
17 7
9 8
8 1
8 10
1 6
6 18
6 20
18 3
18 19
3 13
13 12
13 5
170 2224
170 880
2224 1700
1700 1939
1939 2451
1939 1327
2451 1377
2451 320
1377 535
535 626
535 1088
626 1565
1565 2515
1565 94
2515 1434
1434 488
488 1195
488 1858
1195 1437
1437 1210
1437 2313
1210 1137
1210 108
1137 2450
1137 1920
2450 1087
2450 2208
1087 892
1087 1541
892 813
813 2465
813 95
2465 1517
1517 1659
1659 798
1659 802
798 153
798 894
153 2128
153 793
2128 1350
2128 1099
1350 714
1350 2433
714 1960
714 2325
1960 1154
1960 379
1154 596
596 2351
596 147
2351 2618
2618 251
251 969
969 605
969 1747
605 713
713 1750
1750 415
415 744
744 1152
744 694
1152 479
1152 472
479 1559
479 1254
1559 1448
1559 335
1448 682
1448 1292
682 1068
1068 2355
1068 1602
2355 2556
2556 1153
1153 2415
2415 2048
2048 643
643 274
274 716
716 1502
716 1422
1502 940
1502 480
940 2019
2019 1647
1647 598
598 1566
598 1444
1566 1555
1566 2134
1555 1568
1568 1378
1378 1730
1730 1788
1730 1069
1788 1485
1788 51
1485 292
1485 635
292 619
619 1581
619 1463
1581 961
961 2478
2478 396
396 86
396 220
86 1895
86 2406
1895 1826
1826 1478
1478 1757
1478 1142
1757 145
1757 1957
145 1386
1386 817
817 1212
817 2624
1212 1206
1206 1311
1206 2124
1311 1759
1759 1420
1759 1823
1420 74
74 838
74 2513
838 342
838 1521
342 250
342 2419
250 943
943 2098
943 1871
2098 1802
1802 2289
1802 1590
2289 2397
2397 1756
2397 6
1756 2482
2482 1202
2482 982
1202 1315
1202 1055
1315 31
31 133
31 308
133 1817
133 2294
1817 1093
1093 1064
1093 1818
1064 511
1064 1726
511 544
511 2435
544 2438
544 703
2438 1925
2438 1660
1925 159
159 2370
2370 1807
2370 872
1807 811
811 230
811 854
230 78
230 173
78 2030
2030 217
2030 160
217 919
217 1258
919 1905
919 382
1905 1864
1905 64
1864 477
1864 1403
477 1287
1287 456
456 720
456 2497
720 2544
2544 427
427 1699
427 389
1699 1850
1699 116
1850 1314
1314 2548
2548 620
2548 718
620 1753
1753 577
577 1642
577 2373
1642 1549
1549 1421
1549 1453
1421 2062
1421 2530
2062 200
2062 1968
200 1564
200 1837
1564 1217
1217 2282
1217 1937
2282 2356
2356 1148
2356 371
1148 677
677 359
359 1198
359 2545
1198 566
1198 920
566 77
566 901
77 2389
77 1011
2389 2477
2389 381
2477 1414
2477 934
1414 2612
1414 231
2612 1981
2612 2586
1981 1617
1981 2256
1617 438
1617 1053
438 1267
438 2388
1267 422
422 1285
422 2529
1285 1707
1707 2575
1707 1230
2575 571
571 2239
2239 532
2239 1418
532 2105
532 2244
2105 1221
1221 2153
2153 1146
2153 1219
1146 691
1146 2488
691 1334
1334 2280
2280 2566
2566 1323
2566 884
1323 834
1323 853
834 958
958 198
198 2340
2340 1686
2340 462
1686 131
131 1432
131 1803
1432 536
1432 2228
536 323
323 66
66 209
66 1111
209 431
209 76
431 1983
431 2237
1983 2331
1983 1095
2331 1994
1994 2290
2290 594
594 205
205 816
205 2156
816 1848
1848 2192
1848 1500
2192 1973
2192 1578
1973 1178
1973 1596
1178 12
1178 1213
12 1690
1690 346
346 155
346 2205
155 936
936 702
702 791
702 487
791 279
279 1276
1276 900
900 1733
1733 977
1733 154
977 1742
977 2463
1742 851
851 1824
1824 2139
1824 55
2139 1741
2139 2391
1741 1363
1363 899
1363 1784
899 1429
1429 2310
1429 2146
2310 673
2310 1199
673 2142
673 1856
2142 1447
1447 46
1447 724
46 1577
1577 1140
1577 2174
1140 1364
1140 966
1364 2602
1364 1970
2602 1270
1270 2553
2553 291
291 452
452 1942
1942 945
1942 623
945 2092
945 1492
2092 938
938 1063
1063 2398
1063 742
2398 400
400 144
400 489
144 2372
2372 607
2372 1717
607 1718
1718 1274
1718 501
1274 2218
2218 1224
1224 2012
2012 156
2012 1244
156 113
113 1143
113 2608
1143 336
1143 60
336 2427
2427 579
579 650
579 1181
650 1688
1688 2035
1688 1862
2035 1557
1557 2610
2610 856
2610 2481
856 85
85 1761
85 1092
1761 2606
1761 2585
2606 765
2606 2617
765 2181
2181 1658
1658 1133
1133 2380
1133 1832
2380 2119
2119 1936
2119 358
1936 2620
2620 112
112 1401
112 1299
1401 1041
1041 1214
1041 1722
1214 629
629 832
629 293
832 1322
832 857
1322 2439
2439 115
2439 408
115 167
115 784
167 2155
167 2346
2155 1769
1769 1777
1777 1155
1155 804
804 2301
2301 1887
1887 190
190 2014
190 1993
2014 2135
2135 2011
2135 1324
2011 585
2011 627
585 484
585 790
484 1852
484 584
1852 2536
1852 1229
2536 1222
1222 2560
2560 686
686 2421
2421 56
56 1723
1723 1927
1927 547
547 575
575 1045
575 1207
1045 1903
1903 1026
1903 567
1026 2191
2191 2524
2191 2230
2524 1121
2524 819
1121 497
1121 2428
497 2591
497 2526
2591 599
2591 1366
599 1353
1353 2354
2354 1248
2354 1551
1248 2263
2263 1365
2263 178
1365 183
1365 2338
183 1678
1678 2069
2069 1427
1427 1654
1654 22
1654 2377
22 1009
22 1126
1009 1289
1009 729
1289 875
1289 2379
875 2578
875 659
2578 355
355 1296
1296 1286
1296 2054
1286 2188
1286 1522
2188 1537
2188 1839
1537 2425
2425 674
2425 2121
674 2542
2542 1752
1752 1810
1752 2149
1810 812
1810 2323
812 2029
812 2399
2029 1310
1310 1875
1310 2414
1875 708
1875 586
708 2111
708 1135
2111 774
774 2136
2136 34
34 2308
2308 459
459 2214
459 1634
2214 2476
2214 1819
2476 776
2476 1669
776 1595
1595 416
1595 1436
416 2177
2177 2470
2470 2039
2470 486
2039 766
2039 257
766 32
32 1498
1498 2086
1498 1999
2086 1674
1674 1439
1674 152
1439 1173
1439 1375
1173 57
1173 2603
57 1554
1554 1164
1554 466
1164 2100
1164 507
2100 1346
2100 1888
1346 349
349 2277
349 671
2277 1955
2277 1141
1955 2270
2270 600
2270 792
600 1529
600 631
1529 2220
1529 2366
2220 165
165 1305
1305 2246
1305 2059
2246 574
574 1799
574 314
1799 2064
2064 223
223 2540
223 2309
2540 1341
2540 2582
1341 959
959 1234
1234 636
1234 305
636 498
636 430
498 2395
2395 1667
1667 1919
1919 1252
1252 2623
2623 646
2623 1046
646 1182
1182 227
227 2272
2272 1601
2272 2360
1601 1705
1601 769
1705 1998
1998 1623
1623 1612
1612 1989
1612 104
1989 2278
2278 1024
2278 1536
1024 1006
1006 1589
1589 826
1589 1005
826 1987
826 2381
1987 1652
1652 1689
1689 653
653 331
331 602
602 1073
1073 9
1073 1449
9 2371
9 1738
2371 465
465 952
952 1144
952 211
1144 310
1144 1728
310 837
310 649
837 2115
837 1278
2115 1120
1120 1002
1120 177
1002 8
1002 588
8 1417
8 121
1417 2008
2008 1779
1779 502
502 1680
502 424
1680 423
423 2436
423 1184
2436 1954
1954 2479
1954 2164
2479 42
2479 759
42 1407
1407 939
939 999
939 559
999 2437
999 984
2437 1972
1972 909
909 1901
1901 1731
1731 2066
2066 2509
2066 946
2509 482
2509 1479
482 1552
1552 2088
2088 2245
2088 333
2245 965
2245 996
965 1892
1892 695
695 1904
1904 2442
2442 1070
2442 2080
1070 2457
2457 2511
2457 91
2511 1487
2511 1409
1487 1665
1487 820
1665 2576
2576 556
2576 935
556 1698
1698 2416
2416 1014
2416 1849
1014 2365
2365 874
874 1312
874 2455
1312 1497
1312 317
1497 1204
1204 693
1204 825
693 1039
1039 1594
1039 778
1594 519
519 1506
519 2125
1506 2592
2592 2454
2454 454
454 1739
454 1507
1739 2049
2049 1049
2049 214
1049 688
1049 296
688 2348
688 81
2348 174
174 2255
2255 122
122 1396
122 2176
1396 345
1396 2141
345 1978
1978 236
236 1220
236 1997
1220 1419
1220 179
1419 860
1419 294
860 494
494 1598
1598 139
139 981
139 524
981 2569
2569 1780
2569 446
1780 595
1780 1701
595 580
580 2131
580 829
2131 2184
2184 1255
1255 21
1255 831
21 2286
21 192
2286 863
2286 106
863 565
863 117
565 259
565 1630
259 189
189 2025
189 618
2025 1261
2025 2559
1261 2229
1261 256
2229 1454
1454 1486
1486 1907
1907 830
1907 2221
830 526
526 324
526 286
324 2297
2297 1467
2297 2352
1467 1853
1467 1482
1853 1931
1931 23
23 864
23 630
864 2223
864 302
2223 1380
1380 2572
2572 1398
2572 1227
1398 1793
1398 397
1793 374
1793 350
374 17
374 458
17 523
523 822
822 2525
822 1473
2525 537
2525 1192
537 657
657 202
202 1518
1518 738
738 1621
738 1655
1621 1166
1621 1959
1166 62
62 44
62 1967
44 2021
44 199
2021 1986
2021 797
1986 1711
1711 1675
1711 726
1675 2393
2393 1494
1494 2037
1494 1766
2037 2329
2329 2502
2502 903
2502 2056
903 1265
903 2222
1265 1228
1265 118
1228 1413
1228 908
1413 299
1413 979
299 1593
1593 1058
1058 1924
1924 542
1924 1169
542 2349
2349 1988
1988 421
1988 313
421 848
848 1457
1457 1902
1902 1190
1902 668
1190 836
1190 297
836 59
836 2407
59 1089
1089 707
707 1914
1914 478
1914 991
478 2197
478 1297
2197 1575
1575 1262
1262 1611
1262 656
1611 1259
1611 1622
1259 615
1259 518
615 2203
615 288
2203 868
868 2614
868 994
2614 2057
2057 2458
2057 319
2458 1080
1080 1489
1080 234
1489 787
787 425
787 2070
425 2179
2179 2296
2296 1076
2296 2546
1076 933
1076 1211
933 2293
2293 235
2293 548
235 975
975 375
975 689
375 1107
1107 1
1 1440
1 1531
1440 1007
1007 26
26 1938
26 206
1938 2232
1938 2328
2232 891
2232 2558
891 222
222 2521
222 541
2521 2204
2521 2302
2204 2020
2020 451
2020 245
451 1425
1425 2075
1425 610
2075 2194
2194 2217
2194 1303
2217 2195
2217 697
2195 1273
1273 392
392 2322
2322 2535
2322 2474
2535 692
692 1430
692 516
1430 1122
1430 2562
1122 1509
1509 1607
1607 123
1607 67
123 1139
123 2261
1139 1295
1139 1326
1295 1118
1295 2443
1118 2412
1118 866
2412 1882
1882 493
493 2202
493 1241
2202 1505
1505 306
1505 783
306 962
962 2145
2145 1917
1917 469
1917 2170
469 2327
469 918
2327 5
2327 2137
5 2068
2068 1646
2068 184
1646 2266
1646 2447
2266 711
2266 246
711 1515
711 2242
1515 1708
1515 616
1708 1912
1912 1857
1857 1106
1106 48
48 1624
48 1743
1624 520
520 1964
1964 1435
1964 2006
1435 1372
1435 2112
1372 648
1372 1729
648 253
253 2504
253 474
2504 1930
1930 514
514 522
522 1020
1020 844
844 1263
844 1677
1263 496
496 929
496 140
929 1130
929 2206
1130 2273
2273 1150
1150 1400
1400 383
1400 1995
383 987
987 53
987 1990
53 2122
2122 2106
2122 1471
2106 1569
1569 949
949 1235
949 1337
1235 2429
1235 138
2429 1264
2429 1613
1264 1825
1825 2248
2248 1048
1048 552
1048 2151
552 303
552 325
303 265
303 2489
265 1643
1643 733
733 1878
1878 376
376 1533
1533 1160
1533 2418
1160 839
1160 925
839 2052
839 1441
2052 800
2052 1943
800 1958
1958 2091
1958 1558
2091 1561
1561 1496
1496 1918
1918 1744
1744 1977
1977 1021
1977 533
1021 157
157 2275
157 2231
2275 329
2275 1415
329 2238
329 2032
2238 1546
2238 1540
1546 1815
1546 1503
1815 233
1815 914
233 30
233 841
30 328
328 420
420 212
420 2375
212 1066
212 2459
1066 1737
1737 428
1737 2307
428 562
428 2334
562 2432
2432 852
852 2044
852 393
2044 2144
2144 1370
1370 1933
1933 407
1933 1081
407 1615
1615 315
315 1663
315 1765
1663 2097
2097 311
2097 2589
311 1687
1687 391
391 2235
2235 2073
2235 2216
2073 2402
2402 1030
1030 126
126 2162
126 1368
2162 158
158 2362
158 893
2362 553
2362 2269
553 411
411 1836
1836 666
1836 226
666 282
282 2326
2326 1560
1560 683
683 968
968 2110
968 1535
2110 957
2110 1889
957 83
957 75
83 2082
83 2147
2082 1980
1980 262
1980 2337
262 1898
262 237
1898 1433
1898 283
1433 2250
1433 1028
2250 781
781 739
781 326
739 1331
739 698
1331 316
316 1308
1308 2534
2534 2083
2083 457
2083 1477
457 794
457 2358
794 2219
794 2001
2219 1844
1844 2466
1844 847
2466 876
2466 1131
876 2148
2148 823
823 1100
1100 821
821 684
821 1282
684 2291
2291 281
2291 2046
281 263
263 2168
263 2060
2168 467
2168 1256
467 1894
467 1065
1894 950
950 833
950 954
833 2257
2257 203
2257 388
203 788
788 495
788 974
495 865
865 1459
1459 92
92 1681
92 937
1681 846
846 2165
846 2036
2165 2611
2165 2207
2611 640
2611 748
640 386
386 1625
1625 142
1625 120
142 1758
1758 1288
1288 1145
1288 2306
1145 269
1145 2132
269 1481
1481 2051
1481 1411
2051 1845
1845 47
1845 2178
47 1071
47 168
1071 1525
1525 1606
1525 1266
1606 1051
1606 129
1051 2368
1051 1094
2368 362
362 20
20 550
550 1102
1102 43
43 2071
2071 779
2071 1320
779 1176
1176 2577
2577 617
617 911
617 906
911 1306
1306 667
667 1885
1885 1530
1530 1115
1530 239
1115 986
986 835
835 1054
1054 539
539 2003
539 1574
2003 2324
2324 563
563 1783
563 1800
1783 201
201 1032
1032 385
1032 1579
385 4
4 1626
4 1416
1626 434
1626 93
434 510
510 1953
510 361
1953 2249
2249 3
3 870
3 1185
870 2543
2543 1013
1013 1822
1822 972
972 1532
1532 1175
1532 1466
1175 1656
1656 1490
1656 2076
1490 2594
1490 775
2594 2550
2550 1872
1872 611
611 1588
611 881
1588 2480
1588 645
2480 773
2480 810
773 1057
1057 340
1057 2253
340 589
340 746
589 2186
589 1863
2186 2200
2186 2303
2200 284
2200 2445
284 647
647 889
889 1514
889 1293
1514 1842
1842 2376
2376 500
2376 1060
500 1355
500 65
1355 2574
2574 2254
2574 35
2254 1899
1899 347
347 125
347 2547
125 1348
1348 2343
2343 867
2343 1442
867 2554
867 780
2554 1620
1620 858
1620 2018
858 578
858 970
578 2533
2533 1340
2533 1843
1340 2385
1340 2401
2385 1170
2385 665
1170 2500
1170 1480
2500 27
27 2159
2159 1736
1736 1712
1736 557
1712 953
953 2096
2096 1300
1300 1251
1300 2276
1251 137
137 2226
2226 621
2226 1876
621 1335
1335 2621
1335 1351
2621 1797
1797 704
704 1952
704 247
1952 654
654 1591
654 592
1591 444
444 1405
444 353
1405 2552
1405 944
2552 705
2552 1720
705 1446
705 1385
1446 2551
1446 366
2551 448
2551 1018
448 613
448 69
613 2609
2609 163
2609 2557
163 850
163 136
850 1083
1083 224
1083 1387
224 2271
224 1280
2271 527
2271 15
527 2593
2593 290
290 1553
290 267
1553 2292
2292 2369
2292 989
2369 801
2369 2058
801 597
801 1469
597 1019
597 1695
1019 2267
1019 1713
2267 109
109 1874
109 1187
1874 1916
1916 633
1916 1468
633 761
761 1114
761 2152
1114 11
11 426
426 14
14 1866
14 130
1866 993
993 162
162 260
260 2567
260 625
2567 1001
2567 1047
1001 464
1001 1059
464 2448
464 72
2448 2408
2448 926
2408 751
751 161
751 1284
161 1511
1511 828
828 1117
1117 37
1117 2251
37 1343
1343 2027
1343 669
2027 2154
2027 921
2154 641
2154 2016
641 194
641 905
194 1790
1790 1461
1461 2400
2400 1636
1636 1034
1034 2471
2471 2532
2471 503
2532 2344
2344 10
2344 2396
10 1770
1770 2347
2347 1703
1703 1451
1451 655
655 777
777 2410
777 171
2410 1246
1246 587
587 859
587 1614
859 197
197 1586
1586 1519
1586 1389
1519 1748
1748 182
1748 1940
182 1928
1928 429
1928 1662
429 509
509 554
509 1167
554 2061
554 1985
2061 2431
2431 1242
2431 1891
1242 1809
1809 897
1809 1321
897 2295
897 2321
2295 1452
2295 339
1452 1830
1830 1108
1830 701
1108 2209
1108 2116
2209 1781
2209 1406
1781 2501
2501 2183
2501 1138
2183 1932
2183 270
1932 960
1932 186
960 1225
1225 1827
1827 1127
1827 725
1127 58
1127 652
58 1508
58 96
1508 1672
1672 264
264 637
637 1200
637 604
1200 998
1200 1616
998 150
998 670
150 1052
150 861
1052 1740
1740 2568
1740 1648
2568 1298
2568 2129
1298 124
124 1627
124 734
1627 1012
1012 2104
1012 2469
2104 343
343 2045
343 757
2045 1426
1426 276
276 1641
276 2390
1641 169
1641 1362
169 373
169 591
373 175
373 151
175 29
29 756
29 228
756 1516
756 1464
1516 447
1516 1209
447 1086
1086 2028
1086 2118
2028 1716
2028 1240
1716 732
1716 2339
732 1619
1619 1670
1670 460
1670 2561
460 1250
460 261
1250 2607
2607 2486
2486 2114
2486 61
2114 266
2114 2601
266 19
19 1003
19 1272
1003 840
840 258
840 90
258 2087
2087 855
2087 2079
855 1867
855 2496
1867 1103
1867 1941
1103 1873
1873 2227
2227 2247
2227 1835
2247 1035
2247 763
1035 764
1035 193
764 985
764 2357
985 2243
2243 1371
1371 2527
1371 1910
2527 1923
2527 1402
1923 2378
2378 558
558 2055
2055 568
568 1908
568 419
1908 1673
1908 254
1673 417
1673 110
417 814
814 2067
814 1719
2067 188
2067 1156
188 2094
188 2024
2094 512
2094 924
512 1015
1015 1249
1249 1247
1247 504
504 1037
1037 453
1037 1805
453 1571
1571 107
107 932
107 752
932 1576
932 1544
1576 1458
1458 111
111 842
111 63
842 1572
842 2167
1572 2350
2350 2492
2492 1008
1008 414
414 1231
1231 1232
1231 2077
1232 1811
1232 796
1811 2264
1811 877
2264 1776
2264 1976
1776 2539
2539 1443
1443 2234
1443 1808
2234 1104
1104 181
181 948
181 114
948 1253
948 403
1253 1881
1881 1317
1317 208
1317 364
208 1806
208 639
1806 1816
1816 1668
1668 1495
1668 1078
1495 2084
2084 2473
2473 2430
2473 2581
2430 1841
2430 377
1841 285
1841 1165
285 735
735 471
471 1038
1038 1791
1038 730
1791 916
916 827
827 879
879 1358
879 1869
1358 1798
1358 1109
1798 322
1798 1600
322 662
662 304
304 1745
304 1397
1745 2033
2033 268
268 978
268 1608
978 1215
978 1336
1215 543
543 1831
1831 799
799 2078
2078 882
882 806
806 1456
1456 1384
1456 767
1384 902
902 795
902 435
795 1996
1996 418
1996 330
418 2587
418 2133
2587 521
521 1804
1804 1584
1804 2613
1584 845
845 483
845 277
483 1657
1657 2022
1657 1550
2022 1352
1352 560
560 1313
1313 1563
1313 1177
1563 1074
1563 2150
1074 1345
1345 1476
1345 1291
1476 2312
2312 1367
1367 1151
1367 990
1151 931
931 2573
931 409
2573 1573
2573 663
1573 2487
1573 1792
2487 651
651 1597
1597 1395
1395 401
401 218
401 334
218 491
218 2405
491 1307
1307 1194
1307 1333
1194 2002
2002 2596
2596 195
2596 378
195 1097
195 2319
1097 2101
2101 1157
2101 1640
1157 2283
1157 2123
2283 2000
2283 992
2000 1168
2000 2426
1168 1472
1168 1124
1472 1543
1543 2315
1543 1110
2315 99
2315 1762
99 360
99 1801
360 896
360 2374
896 2531
896 1974
2531 2189
2531 525
2189 1302
2189 2493
1302 1309
1309 785
1309 1650
785 2010
785 148
2010 2260
2010 551
2260 1764
2260 280
1764 549
1764 2452
549 357
549 370
357 196
357 1499
196 1833
1833 555
555 1971
555 41
1971 506
1971 1772
506 1271
506 849
1271 221
221 1004
1004 2616
2616 2597
2597 380
2597 2555
380 1859
1859 601
1859 2320
601 1951
601 473
1951 1475
1475 2510
2510 134
134 2490
2490 384
384 1462
1462 1455
1462 530
1455 717
1455 100
717 2386
2386 49
49 1884
49 492
1884 2175
2175 1868
2175 762
1868 2491
1868 25
2491 883
2491 143
883 149
149 1233
1233 1945
1233 988
1945 1029
1945 1768
1029 1357
1357 1556
1357 273
1556 1040
1556 255
1040 437
437 1290
1290 1360
1290 658
1360 242
1360 102
242 2300
2300 2600
2300 442
2600 2472
2472 685
2472 887
685 706
706 341
706 395
341 561
341 2417
561 1376
1376 747
1376 687
747 321
321 2085
321 1820
2085 721
721 1785
721 1682
1785 2494
1785 2345
2494 1913
1913 1379
1913 755
1379 1692
1379 2166
1692 390
1692 1860
390 1851
1851 1582
1851 2332
1582 564
1582 1090
564 2508
2508 271
2508 119
271 2588
2588 570
570 2516
2516 1512
1512 1042
1512 475
1042 2143
2143 2281
2143 1706
2281 298
2281 963
298 888
298 300
888 1491
888 513
1491 105
105 141
105 1828
141 1072
141 1010
1072 1786
1786 275
275 661
661 1128
661 1513
1128 213
1128 951
213 97
97 750
97 2440
750 2173
750 2570
2173 2387
2173 1855
2387 1865
1865 1946
1865 1585
1946 2185
2185 71
2185 2240
71 1493
71 2109
1493 1033
1493 2005
1033 679
679 2041
679 272
2041 1760
2041 1149
1760 2233
1760 709
2233 2505
2505 760
2505 1450
760 638
760 2571
638 440
638 1347
440 1929
440 1886
1929 2462
1929 612
2462 2446
2446 2461
2446 1542
2461 741
741 2311
741 2364
2311 2258
2311 1465
2258 745
2258 1132
745 1897
1897 1484
1484 772
1484 1664
772 2034
2034 135
135 2506
135 1635
2506 956
2506 1197
956 995
995 1789
1789 1683
1789 1702
1683 1330
1683 1325
1330 2182
1330 1734
2182 461
2182 2317
461 2314
461 1944
2314 696
696 295
295 1548
295 967
1548 2190
2190 1653
1653 2353
2353 1697
2353 2127
1697 2604
1697 1134
2604 2161
2161 1880
2161 2475
1880 412
412 128
412 1633
128 365
128 2503
365 1257
365 485
1257 1394
1257 1438
1394 1813
1394 2541
1813 2383
2383 2017
2383 103
2017 2382
2382 191
2382 913
191 2043
191 1975
2043 1714
1714 2420
2420 2483
2483 363
363 749
749 2265
2265 394
2265 2518
394 2053
394 1632
2053 354
354 318
354 2038
318 225
318 2023
225 2549
225 238
2549 1666
2549 1342
1666 1201
1666 1671
1201 528
1201 1113
528 2099
528 1795
2099 1527
1527 2259
1527 2444
2259 338
2259 642
338 743
743 569
569 1814
1814 700
700 2157
700 727
2157 754
754 1239
1239 1159
1159 1767
1159 1609
1767 2042
2042 406
406 869
406 572
869 1821
1821 1428
1821 2361
1428 609
1428 2590
609 824
824 2298
824 2274
2298 2468
2468 1991
2468 2523
1991 1965
1965 1906
1965 912
1906 1539
1906 1147
1539 1105
1539 1763
1105 327
327 2040
2040 753
753 672
753 1794
672 1610
672 2563
1610 2072
2072 1129
2072 1056
1129 490
490 2520
490 309
2520 664
664 1226
664 1526
1226 1236
1236 540
540 28
28 2213
28 886
2213 1390
1390 1870
1870 710
710 33
710 1724
33 39
33 45
39 1911
39 1838
1911 443
1911 1329
443 1751
1751 1470
1751 1275
1470 84
84 2403
84 2089
2403 1268
1268 1787
1268 807
1787 1404
1787 1979
1404 344
344 2422
344 13
2422 676
2422 289
676 2384
2384 1618
2384 2564
1618 1050
1618 606
1050 2333
1050 1645
2333 2212
2333 2409
2212 2305
2212 534
2305 1934
2305 450
1934 405
405 1216
1216 603
1216 445
603 1172
1172 1567
1172 964
1567 2211
2211 1715
1715 79
79 2424
2424 351
2424 1180
351 2467
2467 1171
2467 1356
1171 722
1171 1883
722 871
871 2441
2441 1773
2441 1044
1773 7
7 2130
7 2584
2130 1316
2130 2434
1316 1847
1847 1125
1125 1950
1125 1043
1950 2065
1950 1383
2065 2288
2065 1186
2288 809
809 2103
2103 219
219 1782
219 2622
1782 2210
1782 1829
2210 127
127 1754
127 1709
1754 1599
1754 531
1599 449
1599 928
449 2423
2423 2287
2287 2063
2287 1879
2063 367
367 70
367 1629
70 2359
2359 2047
2359 1359
2047 1238
1238 770
770 2236
2236 768
2236 910
768 2120
2120 808
808 1778
1778 368
1778 1840
368 1696
368 771
1696 873
873 2007
873 1423
2007 614
2007 1547
614 660
660 40
40 1583
1583 1460
1583 1279
1460 1685
1460 898
1685 1538
1685 1796
1538 634
1538 930
634 1116
634 573
1116 2140
2140 301
301 2392
301 2411
2392 1412
2392 249
1412 1136
1412 971
1136 1237
1237 1301
1237 1027
1301 1603
1301 923
1603 758
1603 2107
758 1812
758 590
1812 941
1812 1684
941 432
941 1431
432 1488
432 581
1488 244
244 2619
244 348
2619 216
2619 455
216 1545
1545 2498
1545 1725
2498 1188
2498 1727
1188 312
1188 628
312 1631
1631 2108
2108 146
2108 1501
146 1162
146 1587
1162 1935
1935 805
805 1735
1735 2460
1735 2514
2460 470
2460 1161
470 786
786 1691
786 1639
1691 1896
1896 622
622 508
622 1061
508 1900
508 2512
1900 2341
2341 1392
2341 728
1392 2413
1392 2580
2413 2
2 1294
1294 1410
1410 545
1410 2456
545 1084
545 54
1084 1163
1084 332
1163 2193
1163 723
2193 499
499 398
499 731
398 2367
398 2565
2367 1704
1704 1628
1704 1534
1628 904
904 915
904 736
915 287
287 1382
287 204
1382 922
1382 2215
922 1921
922 2519
1921 1926
1926 1112
1112 980
980 2485
2485 232
232 1562
1562 1373
1562 1023
1373 1174
1373 2196
1174 215
1174 2517
215 843
843 1017
1017 1388
1017 2268
1388 1218
1218 583
1218 50
583 1890
583 207
1890 1077
1077 1304
1077 1031
1304 2522
2522 1000
1000 166
166 675
675 229
675 624
229 2453
229 2160
2453 2187
2453 410
2187 1085
1085 132
132 719
132 1969
719 402
719 80
402 2449
2449 1079
1079 18
1079 2225
18 1328
18 927
1328 2285
2285 1474
1474 1520
1520 1408
1520 2318
1408 2013
1408 1528
2013 895
2013 2262
895 2394
2394 180
2394 98
180 955
180 715
955 1846
955 1637
1846 307
1846 1877
307 1982
1982 1091
1982 1245
1091 1915
1091 1962
1915 1067
1067 2009
2009 1189
1189 2172
1189 505
2172 1956
2172 387
1956 1909
1956 2484
1909 608
1909 2537
608 1338
608 1203
1338 546
1338 1223
546 1861
1861 1749
1749 1604
1749 976
1604 2330
1604 1963
2330 1269
1269 436
1269 1445
436 1062
1062 680
680 917
917 243
917 1721
243 1732
1732 2093
2093 1393
1393 2090
2090 2316
2316 372
2316 803
372 2117
2117 2583
2117 1424
2583 88
88 1283
1283 2495
2495 2342
2495 678
2342 2599
2599 515
2599 252
515 2499
515 1834
2499 538
538 1369
538 1260
1369 176
1369 241
176 2026
176 1755
2026 2102
2102 1354
2102 441
1354 1158
1158 187
187 907
907 68
907 278
68 1281
1281 1693
1281 878
1693 1318
1318 2363
1318 1098
2363 2241
2241 2074
2241 947
2074 2335
2074 2605
2335 1893
2335 1504
1893 1922
1893 2015
1922 2081
2081 87
87 1694
1694 1949
1694 2163
1949 782
782 1592
1592 2252
1592 36
2252 2138
2138 997
2138 1570
997 1361
997 1196
1361 2579
1361 164
2579 1022
2579 737
1022 1510
1022 529
1510 890
890 983
890 862
983 356
983 1651
356 2507
2507 1332
1332 681
681 1025
1025 2615
2615 1399
2615 1208
1399 468
1399 2284
468 1349
468 973
1349 2198
1349 1391
2198 1483
2198 413
1483 1524
1483 2126
1524 712
712 1992
712 1649
1992 1243
1992 699
1243 2171
1243 818
2171 399
2171 476
399 1016
399 1036
1016 481
481 1854
481 2004
1854 1644
1644 1082
1082 2169
2169 1746
1746 1123
1123 2538
1123 1947
2538 1277
2538 644
1277 1193
1193 1638
1638 352
1638 2336
352 1205
352 240
1205 337
1205 517
337 1961
1961 885
1961 1774
885 369
885 1344
369 1119
369 463
1119 2201
1119 2031
2201 582
2201 210
582 1710
582 101
1710 24
1710 815
24 404
24 1580
404 2304
404 1676
2304 172
172 576
172 740
576 1179
576 2050
1179 38
38 1523
1523 1605
1605 1101
1101 789
1101 1096
789 2095
2095 2598
2095 2595
2598 1374
1374 16
16 2299
16 1339
2299 439
439 2528
439 1319
2528 2180
2180 89
2180 82
89 185
89 1381
185 2113
185 433
2113 1966
1966 1183
1966 2279
1183 1775
1775 52
1775 1948
52 248
52 73
248 2404
2404 632
2404 2158
632 690
632 1679
690 1771
1771 1984
1771 1191
1984 1075
1075 593
1075 2464
593 2199
2199 942
2199 1661
