6 869 18274575
2 5
5 6
6 3
3 1
3 4
32 706
706 63
63 439
63 771
439 574
439 757
574 38
38 325
325 560
325 701
560 151
560 331
151 335
335 123
335 121
123 421
123 18
421 780
421 726
780 374
780 65
374 16
374 744
16 54
54 673
54 396
673 753
673 210
753 81
81 496
81 715
496 713
713 718
718 688
688 411
411 101
411 310
101 838
838 338
338 822
822 776
776 214
214 603
214 710
603 469
469 795
469 641
795 404
404 155
155 502
155 621
502 482
502 125
482 371
482 105
371 388
388 521
521 201
201 102
102 122
102 329
122 532
532 319
319 614
319 72
614 750
750 784
784 307
307 604
604 124
604 517
124 478
124 812
478 154
154 321
321 261
321 506
261 339
261 149
339 683
683 318
683 520
318 62
62 492
492 553
553 44
44 7
7 219
219 834
834 438
834 624
438 100
100 278
278 127
278 754
127 89
127 524
89 135
89 462
135 522
522 118
118 200
200 519
200 610
519 14
519 188
14 247
247 650
247 494
650 785
650 480
785 801
801 42
801 298
42 716
716 824
824 689
689 458
458 526
458 104
526 708
708 573
573 657
573 694
657 365
657 807
365 182
365 212
182 762
762 677
762 751
677 51
51 370
51 866
370 633
370 717
633 535
535 499
535 851
499 364
364 597
364 844
597 217
597 467
217 778
217 30
778 323
323 513
513 47
47 27
47 611
27 498
27 95
498 730
498 413
730 294
294 833
833 724
833 444
724 445
445 131
131 500
131 827
500 69
69 383
69 354
383 140
383 361
140 568
140 495
568 588
588 725
588 793
725 68
725 252
68 243
243 859
859 74
859 169
74 712
74 867
712 546
546 765
765 360
765 695
360 531
360 165
531 777
531 59
777 231
231 238
231 342
238 433
238 271
433 752
752 863
863 286
286 90
286 671
90 646
646 486
646 425
486 160
160 372
160 345
372 770
372 446
770 739
739 656
739 25
656 71
71 432
432 239
432 544
239 226
226 435
226 638
435 667
667 133
133 391
391 461
461 564
461 571
564 265
564 427
265 61
265 664
61 228
61 829
228 755
755 224
224 313
313 676
676 488
488 177
488 449
177 178
178 19
19 617
617 403
403 147
403 175
147 852
852 171
852 67
171 508
508 145
145 263
145 542
263 420
263 37
420 768
768 558
558 721
558 73
721 758
721 714
758 828
758 389
828 810
828 586
810 441
810 622
441 267
441 464
267 806
267 430
806 57
806 350
57 183
183 253
253 820
820 679
820 77
679 545
679 334
545 616
545 569
616 709
709 12
709 740
12 662
662 783
783 453
783 418
453 273
453 106
273 340
273 860
340 507
340 437
507 185
507 854
185 138
185 5
138 685
685 767
767 312
767 41
312 119
119 223
223 454
223 279
454 393
454 353
393 585
585 589
589 668
668 10
668 722
10 837
10 691
837 493
837 187
493 255
493 295
255 385
385 540
540 563
563 628
563 582
628 655
628 576
655 426
426 471
426 303
471 704
471 390
704 843
704 410
843 282
282 463
463 505
463 82
505 759
759 817
817 648
648 737
737 49
737 515
49 674
674 258
674 84
258 309
309 148
309 577
148 608
148 431
608 301
301 399
301 772
399 761
761 764
764 727
727 663
727 83
663 825
825 179
825 686
179 285
285 143
285 174
143 533
533 159
533 543
159 607
159 756
607 134
134 92
92 352
92 763
352 186
186 39
39 97
97 241
241 192
192 623
623 566
623 256
566 346
346 291
346 272
291 173
291 735
173 475
475 525
475 434
525 612
612 341
341 181
341 534
181 416
416 107
107 645
107 132
645 687
687 592
687 690
592 8
8 103
103 221
103 116
221 232
232 289
289 191
191 248
248 60
60 34
34 359
359 537
537 644
644 417
417 150
150 798
150 839
798 64
798 397
64 618
618 262
618 769
262 596
596 501
596 626
501 296
501 792
296 483
483 736
736 636
636 583
636 503
583 669
583 168
669 602
669 746
602 108
108 45
45 518
518 36
36 281
281 234
281 117
234 561
561 775
775 257
775 408
257 696
257 376
696 491
491 700
491 680
700 527
700 137
527 840
527 447
840 593
840 442
593 581
593 658
581 552
581 790
552 865
552 80
865 705
865 381
705 665
705 216
665 141
665 180
141 225
225 850
225 112
850 1
850 497
1 580
580 729
580 640
729 637
637 529
637 111
529 742
742 702
742 631
702 842
702 419
842 259
259 240
259 570
240 692
692 485
485 46
485 75
46 220
46 605
220 373
220 466
373 738
373 856
738 443
443 197
443 382
197 514
197 33
514 823
823 720
720 43
720 547
43 584
584 35
584 136
35 358
35 804
358 448
448 204
448 841
204 314
314 619
314 811
619 218
218 402
218 76
402 377
402 190
377 139
377 320
139 629
629 743
743 678
678 328
678 98
328 510
510 551
551 613
551 283
613 113
113 91
91 719
719 195
719 327
195 311
311 50
50 386
386 774
386 355
774 864
774 387
864 819
819 348
348 846
348 436
846 606
606 162
606 384
162 206
162 528
206 26
26 766
766 699
766 284
699 745
745 803
803 470
470 392
392 229
229 330
229 380
330 556
330 251
556 129
129 555
555 796
555 830
796 869
869 349
869 731
349 565
565 853
565 821
853 308
308 78
308 802
78 697
697 163
697 343
163 509
509 290
509 815
290 567
567 782
567 799
782 250
782 787
250 818
818 144
818 773
144 23
23 246
246 4
246 406
4 142
142 269
269 347
269 703
347 634
634 276
276 235
276 539
235 400
235 156
400 813
400 274
813 203
203 548
203 590
548 6
548 760
6 575
6 260
575 779
575 293
779 22
779 275
22 245
22 487
245 306
306 594
306 747
594 167
167 791
791 130
791 557
130 336
130 395
336 831
336 357
831 398
398 711
398 549
711 554
554 423
423 429
423 366
429 244
429 157
244 288
244 9
288 832
832 205
205 415
415 440
440 193
193 414
193 809
414 857
857 412
412 128
128 394
128 835
394 15
394 99
15 457
15 601
457 375
457 53
375 52
375 814
52 70
52 300
70 17
70 120
17 40
40 675
675 209
209 58
209 172
58 242
58 230
242 31
242 847
31 826
31 299
826 194
194 322
322 333
333 292
292 379
292 227
379 405
405 48
405 523
48 625
48 643
625 452
452 734
734 490
490 109
109 161
109 94
161 652
652 749
652 233
749 158
158 479
479 277
479 609
277 305
305 88
305 196
88 451
88 789
451 351
451 369
351 732
351 654
732 489
489 326
489 642
326 2
2 344
344 115
344 332
115 512
115 287
512 164
164 29
29 684
684 249
684 649
249 152
249 836
152 484
484 93
484 598
93 858
858 28
858 422
28 748
748 599
599 848
848 264
848 845
264 222
222 849
849 536
536 800
536 473
800 707
800 578
707 316
707 367
316 661
316 407
661 211
661 202
211 504
504 236
504 254
236 189
189 660
660 460
660 666
460 86
86 698
86 794
698 79
698 153
79 21
21 805
21 315
805 862
862 723
862 146
723 199
199 511
511 55
511 213
55 591
591 266
266 208
208 3
3 176
3 465
176 808
176 550
808 368
808 184
368 317
368 538
317 270
270 215
270 861
215 268
268 572
268 20
572 207
207 516
516 237
516 627
237 170
237 781
170 651
651 672
651 474
672 468
672 741
468 653
653 530
653 816
530 456
530 639
456 428
456 356
428 682
682 481
481 378
378 670
670 409
670 297
409 647
647 595
647 477
595 587
595 96
587 302
302 472
302 13
472 126
472 450
126 304
126 476
304 681
681 401
681 363
401 459
459 868
459 324
868 562
562 620
562 728
620 797
797 455
455 198
455 166
198 786
198 693
786 24
24 114
114 600
114 337
600 659
659 559
559 66
559 615
66 788
788 424
788 541
424 635
635 632
632 362
632 579
362 56
56 85
85 87
85 110
87 630
630 733
733 11
11 855
855 280
