3 1250 8329
2 3
3 1
829 287
829 1198
287 344
344 907
344 1241
907 317
317 431
317 1047
431 864
864 807
864 1109
807 279
279 992
992 881
881 905
881 719
905 1014
905 1233
1014 1020
1014 339
1020 1236
1236 665
1236 1111
665 115
665 579
115 372
115 819
372 90
372 1129
90 498
498 322
322 935
322 877
935 995
935 798
995 66
66 1039
1039 378
378 1178
1178 356
356 835
835 8
8 651
651 1227
1227 1112
1227 664
1112 329
1112 847
329 1124
1124 1038
1038 113
113 681
113 411
681 179
179 332
332 1069
1069 236
1069 310
236 892
236 515
892 1087
1087 92
1087 917
92 855
855 603
603 804
603 69
804 62
62 131
131 617
617 200
617 487
200 828
828 109
828 1091
109 422
109 598
422 842
842 424
842 349
424 330
424 357
330 456
456 394
456 42
394 143
394 1088
143 1212
143 970
1212 928
928 909
928 314
909 319
909 885
319 602
319 1102
602 818
602 1144
818 1070
1070 1170
1170 369
1170 866
369 1055
1055 381
381 596
381 1057
596 215
596 1083
215 160
215 353
160 1249
160 595
1249 737
737 497
497 103
497 193
103 365
103 531
365 2
365 1250
2 380
380 1037
1037 955
955 224
955 859
224 628
224 588
628 714
628 994
714 328
328 277
328 736
277 1215
1215 942
1215 275
942 841
942 325
841 529
841 653
529 39
39 936
39 458
936 448
936 549
448 971
448 135
971 3
3 288
288 334
288 1182
334 423
423 504
504 272
272 433
433 722
433 661
722 297
722 840
297 1247
1247 1120
1247 1084
1120 800
1120 136
800 608
608 189
608 402
189 414
189 629
414 56
56 1165
1165 893
893 1040
893 261
1040 999
1040 832
999 894
894 1062
1062 1176
1176 1077
1077 1186
1186 343
1186 445
343 1059
1059 977
977 239
239 494
494 1143
494 931
1143 16
1143 13
16 781
781 1110
1110 675
1110 1239
675 948
948 713
713 18
713 118
18 271
271 150
150 1009
1009 417
417 548
417 1217
548 1003
548 1089
1003 492
492 774
492 939
774 954
954 750
750 645
645 930
645 1096
930 89
89 405
89 265
405 660
405 293
660 1130
1130 368
1130 374
368 1067
368 520
1067 702
1067 166
702 650
650 472
650 945
472 768
472 252
768 248
768 1104
248 1049
248 836
1049 345
345 1028
1028 28
28 243
28 678
243 724
243 712
724 391
724 769
391 922
391 558
922 929
929 47
47 303
303 1141
1141 868
1141 462
868 812
812 426
426 673
426 352
673 104
104 111
104 235
111 770
770 35
35 562
562 568
562 732
568 324
324 409
324 1222
409 551
551 302
551 186
302 99
99 701
701 869
701 883
869 443
443 944
944 572
944 51
572 517
517 839
517 550
839 91
91 709
709 358
709 969
358 671
671 1153
1153 890
890 932
890 884
932 93
93 1005
93 395
1005 180
1005 105
180 648
648 788
788 306
788 1189
306 1151
1151 418
418 816
418 610
816 80
816 620
80 615
80 1228
615 262
262 721
262 1225
721 270
270 953
953 1105
1105 808
808 850
808 1194
850 305
305 1063
305 882
1063 126
126 43
43 1027
43 1000
1027 1237
1237 194
194 735
194 1149
735 698
698 631
631 820
820 245
245 692
692 142
692 791
142 1045
142 199
1045 294
294 706
294 281
706 172
706 968
172 1174
1174 1156
1174 814
1156 168
168 1022
168 956
1022 593
1022 419
593 1195
1195 260
1195 307
260 957
957 1115
1115 1125
1125 1050
1125 1023
1050 1226
1226 539
539 802
539 512
802 965
965 110
110 1025
110 822
1025 316
316 10
316 300
10 228
10 887
228 440
440 758
758 594
594 383
594 589
383 564
383 327
564 933
564 963
933 283
933 259
283 897
897 640
897 824
640 823
640 978
823 382
382 1200
382 1197
1200 511
511 144
511 213
144 474
144 962
474 961
474 601
961 192
961 967
192 366
366 1128
1128 377
1128 296
377 1180
1180 591
591 727
727 1238
727 361
1238 523
523 975
975 139
139 537
139 565
537 857
857 269
269 1080
269 609
1080 130
1080 106
130 128
130 697
128 865
865 19
19 6
19 1056
6 318
318 1246
1246 534
534 363
534 321
363 1043
1043 878
878 925
878 700
925 207
925 528
207 1203
1203 459
1203 849
459 777
777 129
129 652
129 123
652 1004
652 379
1004 481
481 122
122 406
122 1188
406 341
341 152
152 914
914 1017
1017 404
1017 242
404 267
267 949
267 268
949 886
949 393
886 1090
1090 190
190 518
190 952
518 221
518 24
221 553
553 1066
553 9
1066 309
309 547
309 756
547 570
547 23
570 31
570 705
31 59
59 52
59 451
52 1034
1034 546
546 510
546 373
510 1060
1060 821
821 435
435 347
347 612
347 772
612 37
37 1211
37 739
1211 410
1211 708
410 340
340 1191
1191 17
17 876
876 101
876 831
101 734
101 1139
734 1021
1021 430
430 527
527 555
555 237
237 29
29 46
29 1127
46 401
46 292
401 175
401 636
175 389
389 974
974 659
659 155
659 1234
155 663
155 125
663 134
134 298
134 993
298 58
298 703
58 599
58 220
599 742
599 117
742 689
689 67
67 227
227 623
227 244
623 320
320 979
979 1085
1085 805
805 966
805 1169
966 1243
966 163
1243 755
1243 806
755 988
755 888
988 940
988 586
940 219
219 1133
1133 120
1133 710
120 827
827 36
827 597
36 634
36 906
634 331
331 524
331 333
524 246
524 14
246 201
246 496
201 1042
201 127
1042 669
669 65
669 1248
65 450
65 741
450 44
450 1204
44 1190
44 177
1190 715
1190 85
715 895
715 255
895 1142
1142 521
521 398
521 425
398 121
398 854
121 513
513 972
972 119
972 630
119 164
164 775
775 958
775 690
958 621
958 670
621 926
926 789
789 385
385 1193
385 25
1193 782
782 87
782 618
87 102
87 94
102 346
102 1166
346 1007
1007 1031
1007 644
1031 348
348 834
834 1121
834 575
1121 167
167 695
695 913
913 837
913 1145
837 266
837 748
266 449
449 488
449 21
488 396
488 797
396 470
396 27
470 745
470 222
745 525
525 1123
525 505
1123 387
387 1214
1214 951
1214 1074
951 1150
1150 987
1150 7
987 49
987 182
49 466
466 64
466 96
64 1078
1078 1036
1036 960
1036 1134
960 232
960 1075
232 191
191 502
502 530
530 853
853 491
491 554
491 514
554 903
554 218
903 1006
1006 295
1006 362
295 291
295 950
291 249
249 107
107 304
304 83
83 1159
83 541
1159 862
862 95
95 140
140 241
140 896
241 181
181 457
181 438
457 1131
1131 174
1131 1224
174 1065
1065 1002
1002 351
351 764
351 891
764 762
762 20
20 1064
1064 171
1064 899
171 428
428 225
428 674
225 792
792 258
258 108
108 205
108 767
205 863
863 639
863 233
639 921
921 84
921 250
84 794
84 753
794 985
794 1232
985 1107
1107 257
1107 30
257 137
257 860
137 731
731 655
655 1099
1099 578
578 1183
578 1196
1183 508
1183 33
508 666
666 364
364 82
364 1098
82 1008
1008 170
170 1093
170 286
1093 982
982 867
867 75
75 290
290 790
790 184
184 367
367 447
367 973
447 1148
447 133
1148 691
1148 63
691 1229
1229 991
1229 826
991 543
543 60
60 604
60 1015
604 81
81 1206
1206 898
898 912
898 585
912 918
912 784
918 195
195 683
195 507
683 580
683 1201
580 159
159 475
475 1035
475 335
1035 48
1035 1053
48 489
489 1162
489 526
1162 53
53 40
53 273
40 900
40 112
900 1
900 763
1 943
1 465
943 1199
1199 1207
1199 720
1207 522
522 726
522 544
726 1164
1164 1242
1242 688
1242 154
688 38
688 399
38 336
336 350
336 744
350 707
707 254
254 682
254 983
682 308
682 730
308 799
308 633
799 1010
1010 476
1010 1058
476 573
476 315
573 165
573 1051
165 360
360 685
685 654
654 793
654 833
793 403
403 751
403 1175
751 247
751 1240
247 923
247 976
923 637
923 848
637 312
312 656
656 754
656 198
754 464
754 1167
464 626
464 1032
626 156
156 761
156 725
761 1168
761 326
1168 323
1168 787
323 149
323 301
149 282
149 875
282 1086
1086 217
217 1179
1179 574
1179 313
574 434
574 581
434 226
226 116
116 830
116 740
830 204
830 1223
204 280
204 178
280 641
280 879
641 337
641 415
337 388
337 484
388 997
997 765
765 1181
765 810
1181 535
535 861
861 785
785 161
161 212
212 4
4 1095
1095 1158
1095 73
1158 468
468 5
468 619
5 852
5 776
852 649
852 927
649 187
649 616
187 421
187 436
421 70
70 538
538 858
538 938
858 571
858 311
571 614
571 1081
614 230
614 584
230 132
230 643
132 97
97 452
97 576
452 77
77 811
811 1117
811 299
1117 1052
1117 263
1052 1220
1052 718
1220 1054
1054 984
1054 625
984 658
984 1082
658 1205
1205 141
1205 153
141 1106
1106 461
461 605
461 533
605 964
964 145
145 453
145 582
453 1216
1216 420
420 15
15 540
15 947
540 444
444 284
444 723
284 743
743 183
743 408
183 234
183 998
234 68
68 1116
1116 26
1116 437
26 874
874 773
874 1100
773 563
563 1163
1163 285
1163 749
285 990
990 185
990 1101
185 532
532 795
532 500
795 657
657 780
780 162
780 1018
162 607
607 41
41 429
41 1138
429 1245
1245 499
499 289
499 432
289 506
506 413
506 355
413 460
413 1013
460 545
545 12
12 214
12 1076
214 684
214 560
684 501
501 542
542 910
910 416
416 1071
1071 711
711 148
711 1119
148 904
148 1048
904 1172
1172 76
76 647
76 552
647 844
647 78
844 1160
1160 559
1160 889
559 454
559 138
454 72
72 872
872 147
147 1202
147 996
1202 635
635 679
635 1024
679 22
22 1235
1235 693
1235 696
693 1132
693 1041
1132 817
1132 1155
817 370
370 556
556 632
556 747
632 1146
1146 600
1146 477
600 1033
1033 738
738 1126
1126 1218
1126 911
1218 873
1218 400
873 557
873 61
557 759
759 838
759 752
838 924
838 1137
924 71
71 463
71 642
463 611
463 223
611 11
611 1044
11 908
11 1219
908 1092
908 188
1092 493
493 728
728 1068
1068 1114
1068 478
1114 482
1114 251
482 766
766 253
253 442
442 1072
1072 1213
1213 786
1213 704
786 486
786 1161
486 375
375 901
901 1147
901 1157
1147 809
809 208
809 846
208 455
208 196
455 338
455 771
338 946
946 1187
946 1019
1187 473
1187 1079
473 1231
1231 920
920 801
920 1097
801 1108
801 716
1108 509
1108 390
509 843
509 203
843 1171
1171 342
342 158
342 1103
158 870
158 536
870 845
870 937
845 646
845 1135
646 796
646 803
796 54
796 197
54 480
54 354
480 566
566 694
694 1026
694 209
1026 86
1026 676
86 606
86 779
606 278
278 50
50 934
50 88
934 446
934 941
446 760
760 729
760 1122
729 176
729 783
176 427
427 733
733 371
733 1113
371 672
672 439
672 146
439 114
439 1192
114 151
151 569
569 638
638 274
274 680
680 256
680 717
256 397
256 851
397 986
986 467
467 686
686 98
98 1012
1012 583
1012 57
583 519
583 386
519 1030
519 1177
1030 561
1030 592
561 471
561 1173
471 392
392 74
392 815
74 613
613 516
613 915
516 503
516 124
503 32
503 216
32 667
32 210
667 699
699 1073
699 880
1073 276
1073 157
276 206
276 871
206 1208
206 856
1208 627
1208 229
627 173
627 590
173 778
173 1244
778 1184
1184 677
1184 412
677 1029
1029 916
916 1001
916 240
1001 1140
1001 825
1140 1230
1230 231
1230 902
231 624
231 485
624 479
624 980
479 490
479 1094
490 687
687 1061
1061 55
55 1221
1221 757
1221 495
757 1136
1136 1046
1136 211
1046 919
919 376
919 567
376 662
662 34
662 577
34 469
469 959
959 1210
959 989
1210 359
1210 1154
359 202
359 384
202 264
264 407
264 238
407 746
746 169
169 79
169 1152
79 1011
1011 1016
1016 668
668 45
45 441
45 1185
441 100
441 981
100 483
100 813
483 587
483 1209
587 1118
1118 622
