28 698 45909776
28 27
28 21
27 9
27 19
9 1
1 3
3 25
25 14
25 13
14 2
2 12
2 8
12 26
12 23
26 15
26 4
15 16
15 18
16 7
7 11
7 10
11 22
11 17
22 20
20 5
20 24
5 6
474 216
216 676
676 246
676 268
246 362
362 476
362 53
476 45
45 602
45 297
602 380
380 25
25 116
116 678
678 302
302 48
302 491
48 441
441 462
441 544
462 387
387 305
305 369
305 664
369 449
369 340
449 310
449 453
310 137
137 290
137 627
290 459
290 548
459 329
329 648
648 405
648 531
405 603
603 667
603 206
667 112
112 680
680 433
433 177
433 191
177 243
243 475
243 394
475 339
339 486
339 469
486 275
275 170
275 639
170 156
156 43
156 128
43 454
43 630
454 422
454 129
422 530
422 159
530 326
530 668
326 374
374 496
496 318
496 490
318 90
318 662
90 174
90 601
174 241
241 527
241 131
527 335
527 67
335 50
335 83
50 644
50 293
644 199
644 289
199 532
199 636
532 96
96 332
332 75
75 78
75 564
78 596
78 575
596 645
596 635
645 609
645 533
609 631
631 4
4 58
4 571
58 124
58 658
124 473
473 641
641 622
622 235
622 205
235 229
235 65
229 215
229 629
215 536
536 457
457 264
264 126
126 569
569 179
569 592
179 1
1 138
138 493
138 481
493 390
390 447
390 325
447 409
409 357
357 101
101 511
511 183
183 248
248 244
248 201
244 508
244 82
508 515
508 350
515 430
430 304
304 580
304 214
580 518
518 16
518 694
16 412
16 604
412 606
412 69
606 488
606 681
488 415
415 95
415 659
95 354
354 140
140 484
140 210
484 267
484 207
267 55
267 637
55 563
55 21
563 512
563 286
512 611
512 377
611 194
611 86
194 249
249 576
576 200
200 547
200 320
547 154
154 402
154 621
402 465
402 282
465 677
465 57
677 247
247 384
384 643
384 448
643 66
643 315
66 379
66 695
379 366
366 17
366 612
17 196
196 132
132 417
417 281
417 266
281 665
281 169
665 574
665 594
574 419
574 376
419 566
566 114
566 99
114 358
114 401
358 54
54 203
203 242
242 573
242 287
573 688
573 451
688 280
688 197
280 162
162 522
522 59
522 487
59 163
163 113
163 558
113 87
113 661
87 271
87 164
271 223
271 675
223 165
223 618
165 619
165 73
619 256
256 687
256 313
687 590
687 306
590 399
590 567
399 294
399 492
294 461
461 333
333 479
479 692
479 535
692 317
692 52
317 303
303 62
303 14
62 616
616 9
616 420
9 614
9 176
614 222
222 89
222 495
89 407
407 341
407 553
341 456
341 373
456 509
509 60
60 292
60 444
292 655
292 400
655 663
655 277
663 226
226 231
226 520
231 230
230 334
230 253
334 202
202 355
355 121
355 343
121 173
173 673
673 147
147 559
559 404
404 642
404 425
642 312
642 472
312 542
542 690
690 255
690 346
255 193
255 626
193 651
651 538
538 27
27 502
27 79
502 155
155 471
155 84
471 141
141 378
141 506
378 600
378 108
600 501
600 478
501 505
501 577
505 466
505 605
466 403
403 13
403 327
13 529
13 634
529 30
30 672
672 260
260 301
260 11
301 322
322 517
322 28
517 579
517 8
579 568
579 158
568 308
308 283
283 431
431 228
431 234
228 398
228 519
398 311
398 691
311 657
311 299
657 3
657 49
3 224
224 29
224 524
29 353
353 421
421 139
421 151
139 61
139 118
61 683
61 411
683 221
221 175
221 103
175 36
36 142
36 269
142 18
142 633
18 521
18 582
521 595
521 338
595 434
595 324
434 192
192 10
192 46
10 468
468 105
468 181
105 554
554 485
485 371
485 263
371 360
371 218
360 288
288 523
523 342
342 259
342 39
259 185
185 414
185 669
414 157
157 146
157 51
146 537
146 426
537 646
646 585
646 123
585 545
585 251
545 682
545 35
682 23
23 64
64 372
64 679
372 261
372 610
261 330
330 345
345 424
345 367
424 321
321 145
145 625
145 370
625 291
625 102
291 273
273 307
307 395
307 368
395 670
395 26
670 47
670 63
47 38
47 77
38 557
557 167
167 122
122 328
328 494
494 349
349 153
153 452
153 543
452 127
452 71
127 500
127 93
500 100
500 525
100 295
295 549
295 198
549 85
549 470
85 460
460 20
460 34
20 189
20 408
189 624
624 381
624 410
381 115
115 693
693 32
693 125
32 209
32 195
209 364
364 435
435 265
265 211
265 31
211 445
211 389
445 450
445 24
450 588
450 111
588 584
588 149
584 686
584 539
686 428
428 68
428 540
68 442
442 257
442 182
257 650
257 534
650 615
615 276
615 598
276 552
552 72
552 240
72 2
72 252
2 337
337 314
314 298
314 166
298 440
298 233
440 258
440 91
258 161
258 556
161 455
455 613
613 168
613 184
168 7
7 397
7 656
397 22
397 190
22 33
33 98
98 344
98 562
344 19
344 385
19 599
599 396
396 555
396 70
555 212
212 135
135 489
489 572
489 480
572 80
572 76
80 463
463 107
107 438
107 698
438 323
323 365
365 477
477 654
654 92
654 660
92 528
92 352
528 458
458 188
458 284
188 119
188 254
119 497
497 620
497 88
620 446
620 178
446 593
593 347
593 498
347 696
696 551
551 382
551 623
382 674
382 104
674 331
331 37
37 608
37 262
608 144
608 583
144 375
375 237
375 437
237 187
187 208
187 359
208 109
109 219
219 356
356 172
172 586
172 546
586 309
586 526
309 171
309 432
171 186
171 134
186 507
507 443
443 482
482 94
482 666
94 628
628 383
383 41
383 348
41 565
41 220
565 684
684 351
351 550
351 597
550 617
617 640
617 513
640 483
640 591
483 278
483 56
278 392
278 279
392 250
250 361
361 6
6 44
6 514
44 653
44 133
653 150
150 74
150 439
74 427
74 238
427 272
272 638
638 406
638 589
406 632
406 300
632 316
632 418
316 130
130 15
15 217
217 685
217 274
685 81
685 652
81 319
81 671
319 40
40 204
40 136
204 239
204 697
239 152
152 578
152 232
578 510
510 213
213 541
213 110
541 504
504 499
499 393
393 391
393 120
391 386
391 464
386 363
363 117
363 436
117 42
117 227
42 160
42 416
160 581
581 148
581 587
148 503
148 180
503 561
561 607
607 143
143 245
245 570
570 689
689 516
689 236
516 467
467 285
467 225
285 413
413 429
413 647
429 560
560 12
560 649
12 423
12 270
423 296
296 336
336 5
5 106
5 388
106 97
