2 548 5895056
2 1
338 441
338 172
441 478
441 35
478 296
296 54
54 512
512 474
512 333
474 291
474 365
291 369
369 255
369 401
255 241
255 274
241 273
273 459
459 51
51 392
392 202
392 278
202 106
106 501
501 219
501 384
219 346
219 460
346 343
343 462
343 311
462 455
455 25
455 72
25 70
70 191
70 450
191 74
74 197
74 188
197 281
197 69
281 495
281 409
495 17
495 142
17 58
58 115
115 63
115 320
63 271
271 297
297 262
297 20
262 12
12 316
316 371
371 239
239 464
464 526
464 193
526 358
358 122
358 103
122 34
34 170
170 250
250 306
306 181
181 361
361 251
251 212
212 124
124 85
124 21
85 518
85 381
518 111
518 428
111 354
354 454
454 375
454 535
375 497
375 498
497 81
497 204
81 175
175 429
175 185
429 192
192 431
431 119
431 304
119 9
119 546
9 357
357 148
357 29
148 383
383 457
383 156
457 312
312 533
533 470
533 348
470 484
470 228
484 176
176 117
117 496
117 465
496 482
496 154
482 40
482 275
40 400
40 310
400 390
390 452
390 504
452 480
480 162
162 507
162 3
507 395
395 13
13 355
355 120
120 108
120 505
108 399
399 363
399 18
363 267
267 226
226 96
226 48
96 411
411 502
411 370
502 359
502 329
359 10
10 166
10 425
166 301
166 444
301 149
149 30
149 2
30 4
30 49
4 466
4 473
466 487
466 230
487 317
317 98
317 121
98 100
100 33
33 215
33 542
215 205
205 147
205 109
147 351
147 86
351 309
351 388
309 288
309 421
288 130
130 308
308 299
299 213
213 240
213 79
240 168
168 89
168 448
89 231
89 114
231 415
415 486
415 95
486 356
356 389
389 352
352 6
352 402
6 150
150 404
150 313
404 393
404 360
393 391
393 540
391 45
45 158
158 419
419 318
419 435
318 145
318 129
145 544
544 521
544 433
521 539
539 234
234 292
292 427
292 165
427 179
179 443
443 302
443 136
302 101
302 116
101 461
461 16
461 135
16 368
368 127
368 527
127 78
127 377
78 55
55 280
55 38
280 265
280 112
265 279
279 378
279 105
378 186
378 32
186 216
216 144
216 434
144 529
529 133
529 293
133 285
133 259
285 52
52 217
217 190
190 503
503 453
453 353
353 245
353 422
245 469
245 270
469 532
469 37
532 218
218 385
218 403
385 77
77 481
77 339
481 44
44 210
210 264
264 337
264 65
337 506
506 159
159 266
159 456
266 42
266 515
42 492
42 53
492 426
492 5
426 362
426 82
362 28
28 261
261 424
424 538
424 315
538 405
538 303
405 57
57 319
57 545
319 60
319 92
60 289
60 222
289 248
248 237
248 134
237 436
436 522
522 244
244 23
23 243
243 87
243 151
87 344
344 379
344 408
379 209
379 516
209 347
347 41
41 46
41 229
46 294
46 36
294 180
180 47
47 416
47 140
416 173
416 326
173 196
196 7
7 207
207 437
437 485
485 102
102 208
102 68
208 39
208 201
39 27
27 118
118 345
118 467
345 211
345 475
211 157
157 500
500 418
500 334
418 282
282 71
71 541
541 490
490 477
490 376
477 548
548 367
548 246
367 321
321 286
286 364
286 314
364 236
364 160
236 249
249 328
249 223
328 268
328 22
268 26
268 152
26 260
260 413
260 331
413 254
413 99
254 153
254 440
153 380
153 406
380 524
380 530
524 123
524 397
123 93
93 206
93 90
206 534
206 64
534 258
258 73
258 113
73 509
73 287
509 514
514 283
514 14
283 510
510 394
394 307
394 372
307 43
43 76
76 88
76 295
88 91
88 519
91 163
91 139
163 1
1 161
1 214
161 341
161 366
341 227
227 83
83 107
107 203
107 493
203 242
242 137
137 523
523 252
523 182
252 525
525 386
386 449
449 300
300 146
146 382
146 56
382 110
382 471
110 167
110 67
167 66
167 235
66 447
447 499
499 132
499 491
132 62
62 396
62 340
396 19
396 547
19 189
19 131
189 513
189 520
513 187
187 155
187 430
155 305
155 177
305 272
272 423
423 59
423 61
59 417
417 194
194 50
194 97
50 126
50 184
126 84
126 472
84 199
84 489
199 298
199 531
298 438
298 200
438 407
438 220
407 374
407 332
374 263
374 412
263 511
263 24
511 479
511 327
479 80
479 141
80 536
536 446
536 276
446 468
468 183
183 517
517 528
528 8
528 398
8 94
8 269
94 537
537 221
221 451
221 543
451 138
138 373
373 15
15 11
15 253
11 174
174 290
290 233
290 256
233 238
238 164
164 195
195 463
195 330
463 350
350 232
350 432
232 284
232 257
284 178
284 410
178 75
75 488
75 335
488 323
323 324
323 31
324 508
324 439
508 224
224 349
224 420
349 169
169 171
171 476
171 143
476 414
414 247
247 445
247 442
445 225
445 104
225 198
198 336
198 387
336 458
336 128
458 277
458 125
277 494
277 342
494 325
494 322
325 483
