7 2970 993
6 5
6 4
5 2
5 7
2 3
2 1
2722 2543
2543 214
2543 1531
214 1451
214 1400
1451 2247
1451 542
2247 335
335 2546
2546 2561
2546 2817
2561 1404
2561 2307
1404 2101
2101 1239
2101 655
1239 2081
1239 2036
2081 2075
2075 412
412 2090
412 1081
2090 1983
1983 1842
1983 1481
1842 2767
1842 876
2767 368
368 1803
1803 370
1803 2771
370 1299
1299 1420
1299 548
1420 2821
1420 1217
2821 495
495 635
635 1175
635 2315
1175 1995
1175 106
1995 648
1995 2952
648 560
648 143
560 1596
1596 741
1596 2128
741 1035
741 1906
1035 1798
1798 2340
2340 426
2340 1018
426 2285
426 971
2285 73
73 1364
73 1944
1364 1800
1800 1023
1023 1041
1041 958
1041 332
958 117
117 1614
117 1482
1614 2192
1614 625
2192 2330
2330 775
2330 1116
775 1588
1588 2411
2411 2824
2824 493
2824 2300
493 436
436 646
646 2448
2448 2152
2152 473
2152 1532
473 2708
2708 2579
2579 515
515 2243
515 1460
2243 2706
2243 2384
2706 2240
2706 2812
2240 1171
1171 1009
1009 1706
1706 1964
1706 2146
1964 1025
1964 2843
1025 1774
1774 872
1774 899
872 1746
872 179
1746 675
1746 58
675 1279
1279 1368
1368 155
155 601
601 369
369 2465
369 531
2465 959
959 2291
2291 490
490 991
490 503
991 2041
991 929
2041 633
633 1837
1837 2272
1837 2786
2272 100
100 557
557 527
527 568
568 1040
1040 2598
2598 289
289 521
521 2304
2304 894
2304 2298
894 2753
894 852
2753 116
2753 2131
116 2957
116 312
2957 1897
1897 1092
1897 220
1092 2188
2188 2762
2188 1639
2762 2779
2779 1413
2779 212
1413 269
269 1669
1669 2414
1669 76
2414 2668
2668 2715
2668 2261
2715 2512
2715 1898
2512 910
2512 2357
910 24
910 905
24 2617
24 2034
2617 1430
2617 2306
1430 1328
1328 142
1328 2224
142 1907
142 177
1907 2060
2060 262
2060 744
262 1343
1343 2628
2628 2477
2477 86
86 1376
86 115
1376 14
1376 1900
14 448
14 2626
448 1868
448 2021
1868 1287
1868 87
1287 1563
1287 2396
1563 1851
1851 166
1851 1312
166 1029
1029 2107
1029 1338
2107 2181
2107 2914
2181 2859
2859 1136
1136 1805
1136 2642
1805 1053
1053 2069
1053 596
2069 1595
2069 1616
1595 961
961 1098
961 688
1098 1817
1098 1757
1817 2954
1817 1211
2954 2059
2954 9
2059 706
2059 624
706 1382
1382 2514
2514 1875
1875 1032
1875 1569
1032 2839
2839 450
2839 2895
450 832
450 301
832 963
832 410
963 1537
963 263
1537 2226
2226 2133
2133 2299
2133 2005
2299 1302
1302 562
562 532
532 1265
532 1214
1265 134
1265 2268
134 2911
2911 774
774 1475
1475 663
1475 860
663 1260
663 949
1260 2900
1260 2280
2900 2184
2900 1663
2184 2728
2184 2730
2728 990
990 1979
990 1938
1979 2513
1979 1713
2513 1055
1055 163
1055 1891
163 2640
2640 2206
2206 266
2206 321
266 2829
2829 377
2829 1091
377 802
377 2362
802 1945
1945 1767
1767 1560
1767 2745
1560 72
72 1033
72 939
1033 784
784 1450
1450 1828
1450 397
1828 1632
1828 2293
1632 709
709 668
668 1384
1384 353
353 414
414 2869
2869 2604
2604 8
2604 218
8 1421
1421 1294
1294 324
1294 80
324 1005
1005 1354
1354 1615
1354 2791
1615 1656
1656 2674
1656 2756
2674 1725
2674 317
1725 736
1725 2379
736 1350
1350 488
1350 1426
488 350
488 2111
350 267
267 647
647 2573
2573 2809
2809 781
2809 867
781 2259
781 887
2259 610
610 162
162 251
162 747
251 2350
2350 1715
1715 2669
2669 2079
2669 366
2079 2204
2079 1447
2204 2456
2456 2703
2456 1477
2703 2374
2374 632
2374 1719
632 1802
1802 405
1802 649
405 1841
405 476
1841 2125
2125 1895
2125 2727
1895 2714
2714 1866
1866 2389
2389 2483
2483 211
211 2469
211 583
2469 1242
2469 578
1242 1391
1391 171
171 1353
1353 97
1353 1135
97 2798
2798 1061
1061 512
1061 44
512 2534
512 484
2534 1161
1161 1941
1161 1024
1941 1170
1170 2710
1170 2440
2710 886
2710 2070
886 2089
2089 2495
2089 1427
2495 948
2495 1180
948 197
948 2017
197 2837
2837 890
2837 1530
890 1597
890 1965
1597 783
783 660
783 766
660 1954
1954 2492
1954 2110
2492 1307
2492 2011
1307 994
1307 2489
994 2486
994 1549
2486 1380
2486 1179
1380 1156
1156 808
1156 1428
808 2780
2780 2190
2780 386
2190 470
2190 231
470 617
617 2520
617 1323
2520 2570
2520 244
2570 566
566 2102
566 1472
2102 1593
1593 1345
1593 398
1345 574
574 1586
574 2614
1586 1459
1586 2867
1459 1278
1459 917
1278 2696
2696 1048
1048 2205
1048 1393
2205 1446
1446 1623
1623 2166
1623 806
2166 2476
2476 2096
2096 1250
1250 2877
2877 2920
2920 1207
1207 2675
2675 2834
2834 1818
1818 1735
1735 2875
1735 2609
2875 670
670 2066
2066 303
303 814
814 1529
1529 2207
1529 2198
2207 2629
2207 2279
2629 2418
2629 1956
2418 113
2418 2945
113 2941
2941 1972
2941 21
1972 2436
1972 2274
2436 1089
1089 2297
2297 986
986 2346
2346 1679
2346 1528
1679 915
1679 2968
915 883
915 1374
883 325
883 1998
325 257
257 2271
2271 481
481 1986
481 2641
1986 2593
1986 985
2593 698
2593 865
698 2453
698 1106
2453 2664
2453 2265
2664 39
39 2564
39 360
2564 931
931 1753
931 2681
1753 169
1753 538
169 1660
169 723
1660 2554
1660 1937
2554 1322
2554 1710
1322 1547
1322 2132
1547 2917
1547 1311
2917 2886
2886 2924
2924 861
2924 2039
861 27
861 439
27 1127
1127 275
275 2178
275 2444
2178 2116
2116 665
2116 2503
665 740
740 380
740 1414
380 933
933 2248
933 422
2248 786
2248 2135
786 1989
786 977
1989 700
700 951
700 2555
951 588
588 1854
1854 1761
1761 776
1761 2449
776 277
776 283
277 2751
277 429
2751 827
2751 2846
827 1924
1924 2276
2276 22
22 2018
22 413
2018 2683
2018 1496
2683 1923
1923 2394
1923 2127
2394 1799
1799 835
1799 2256
835 2447
835 2551
2447 2948
2447 1334
2948 1256
1256 2608
2608 1621
1621 2457
2457 1748
1748 2076
2076 2909
2076 63
2909 551
2909 31
551 1318
1318 1431
1318 1690
1431 2651
2651 2333
2333 229
229 1912
1912 264
1912 1288
264 2524
2524 2375
2375 462
2375 507
462 1437
1437 1192
1192 2826
2826 70
70 2085
2085 13
13 2049
13 2527
2049 235
2049 2446
235 2244
2244 1932
1932 308
1932 2729
308 1893
1893 2567
1893 1495
2567 922
922 195
922 1786
195 1640
195 228
1640 1254
1640 2084
1254 1402
1402 500
500 1636
500 960
1636 1542
1542 1607
1542 1310
1607 2778
1607 1444
2778 524
524 1373
1373 1742
1742 627
1742 672
627 74
74 2892
74 2341
2892 888
888 2155
2155 2646
2155 2605
2646 1618
2646 418
1618 1503
1618 2332
1503 1365
1365 1107
1365 1457
1107 1693
1693 1208
1208 1572
1572 2080
2080 2197
2197 2006
2006 472
2006 2063
472 2302
2302 2566
2302 2303
2566 2559
2559 2592
2592 1359
2592 2936
1359 953
953 2117
953 196
2117 2249
2117 268
2249 1068
1068 2104
2104 1567
2104 1259
1567 717
717 2788
717 2314
2788 2866
2866 2364
2364 2873
2873 445
2873 2856
445 159
445 1094
159 1836
1836 2702
2702 304
304 82
304 1963
82 1843
1843 1512
1843 67
1512 2158
1512 2327
2158 892
892 2200
2200 2949
2200 2199
2949 653
653 2348
653 957
2348 2487
2487 2371
2371 2108
2371 2185
2108 871
2108 984
871 314
871 1536
314 407
407 2818
407 803
2818 2536
2818 1264
2536 2591
2591 1910
2591 954
1910 1775
1775 227
227 2086
2086 285
2086 1707
285 2312
2312 843
843 1739
1739 226
1739 1184
226 767
767 2215
767 2796
2215 1978
2215 280
1978 478
478 1658
478 1771
1658 281
1658 2496
281 32
32 1784
32 1861
1784 1943
1784 435
1943 208
1943 2525
208 1003
208 290
1003 1810
1003 2885
1810 174
1810 1819
174 1583
174 763
1583 1880
1880 2452
1880 2697
2452 2766
2766 393
2766 683
393 1772
393 1766
1772 494
1772 2749
494 645
645 2781
645 1071
2781 2429
2429 1848
1848 2698
2698 2547
2698 1834
2547 1666
2547 272
1666 2699
1666 2660
2699 2908
2699 1255
2908 544
2908 1487
544 1293
1293 96
96 1385
1385 2842
1385 759
2842 1884
2842 1991
1884 1662
1662 1238
1238 626
626 978
978 972
978 1093
972 2613
2613 259
2613 298
259 2848
2848 1788
1788 580
580 2634
2634 1200
2634 55
1200 1839
1839 613
1839 1342
613 1399
613 2506
1399 2918
1399 1196
2918 2759
2759 870
2759 2950
870 1191
870 628
1191 2402
2402 2376
2402 1778
2376 988
988 2838
988 1591
2838 1661
1661 2056
1661 1501
2056 1130
2056 1762
1130 205
205 2407
205 123
2407 2427
2407 430
2427 821
2427 606
821 129
129 1590
1590 33
1590 1057
33 2441
2441 1056
1056 432
432 1535
1535 1183
1535 2718
1183 334
334 840
840 1990
840 306
1990 2704
1990 460
2704 582
582 313
582 35
313 619
313 319
619 2051
619 996
2051 1882
1882 692
692 1731
1731 2052
2052 1468
1468 2719
1468 921
2719 2383
2383 779
779 1883
1883 847
1883 121
847 1565
847 2852
1565 1651
1651 1065
1065 1873
1065 1357
1873 2633
1873 452
2633 796
796 101
796 517
101 2800
101 2351
2800 1599
1599 2180
1599 974
2180 1568
2180 77
1568 2369
1568 2537
2369 2012
2369 893
2012 2865
2012 2528
2865 2490
2865 1541
2490 2607
2607 2091
2607 1331
2091 2840
2091 91
2840 572
2840 2851
572 75
572 2943
75 125
75 2795
125 684
684 2568
684 427
2568 2275
2568 2937
2275 2897
2897 1289
1289 2794
1289 1645
2794 284
2794 841
284 2933
284 1360
2933 1577
1577 1539
1577 2211
1539 433
433 2425
433 2813
2425 1950
1950 1644
1950 2930
1644 2746
1644 1215
2746 623
2746 1641
623 1131
1131 330
1131 995
330 1112
1112 224
224 1992
224 2339
1992 1163
1163 881
1163 300
881 992
881 757
992 2542
992 1358
2542 1362
2542 1280
1362 938
938 2748
938 2571
2748 1083
1083 2426
1083 466
2426 2230
2230 1860
2230 1620
1860 1894
1860 1370
1894 2129
1894 1047
2129 1097
1097 2318
1097 508
2318 873
2318 1628
873 401
401 2385
2385 2584
2385 2233
2584 2509
2509 2187
2509 1909
2187 1038
2187 1524
1038 526
526 2797
2797 1274
2797 243
1274 554
1274 742
554 2552
2552 156
156 428
156 26
428 1407
1407 2494
2494 1683
1683 1888
1683 347
1888 2711
1888 725
2711 1088
1088 1643
1088 547
1643 1027
1027 2020
2020 937
937 2844
2844 1470
1470 378
378 1867
378 2169
1867 797
1867 1508
797 1625
797 1776
1625 2777
2777 420
2777 2182
420 2355
2355 2772
2355 1366
2772 1523
2772 694
1523 1922
1922 864
1922 2401
864 1011
864 1856
1011 1730
1730 316
1730 1792
316 1387
316 1718
1387 2947
1387 2029
2947 2793
2947 194
2793 2363
2363 760
2363 1949
760 2690
760 1240
2690 1506
1506 1994
1994 1801
1994 912
1801 1337
1801 102
1337 2871
1337 1859
2871 1133
2871 1004
1133 458
458 642
642 447
447 2058
447 181
2058 2692
2058 1874
2692 1210
1210 1887
1887 61
61 1939
61 1388
1939 1626
1939 982
1626 1896
1626 1587
1896 362
362 1284
362 2229
1284 2732
2732 1510
2732 98
1510 1151
1510 1809
1151 2529
2529 2792
2529 1846
2792 591
2792 2932
591 1575
1575 2601
2601 533
533 43
43 1433
43 1928
1433 118
1433 2740
118 657
657 1195
657 702
1195 1697
1697 1268
1697 1717
1268 716
1268 1646
716 1
1 1927
1 2344
1927 1544
1544 2175
1544 1845
2175 2258
2258 1016
1016 2159
1016 1726
2159 1787
1787 1080
1080 1103
1103 2881
2881 513
2881 1335
513 2033
513 2939
2033 237
237 183
237 2835
183 18
183 1783
18 336
18 480
336 2845
336 730
2845 1154
1154 2580
1154 1085
2580 457
2580 2099
457 1581
1581 579
1581 1820
579 2026
579 60
2026 2624
2026 1811
2624 16
2624 2666
16 2269
16 2860
2269 1996
2269 2744
1996 252
252 2027
252 573
2027 659
2027 598
659 2612
659 979
2612 1925
2612 2625
1925 2257
1925 2391
2257 1490
1490 636
636 2106
636 812
2106 2760
2106 1957
2760 815
815 926
815 1392
926 1962
926 2189
1962 2356
1962 758
2356 1491
1491 1664
1664 837
1664 1804
837 1325
837 689
1325 2217
2217 2144
2144 2308
2308 849
2308 50
849 791
791 1765
1765 2621
2621 2432
2432 434
2432 1782
434 108
434 469
108 126
108 1723
126 499
499 1773
1773 384
384 2433
2433 844
2433 2511
844 1037
844 1844
1037 1469
1469 669
669 2964
2964 1720
1720 1090
1720 193
1090 1940
1090 1728
1940 152
152 1304
1304 1521
1304 2784
1521 964
964 1892
964 1223
1892 1290
1290 127
1290 1794
127 1929
1929 1908
1929 1039
1908 1082
1908 1054
1082 2092
1082 2927
2092 1574
2092 2783
1574 68
68 2899
2899 1993
2899 153
1993 2510
1993 2750
2510 291
291 842
842 1686
1686 2733
1686 817
2733 833
2733 387
833 1716
1716 104
104 164
164 323
164 2173
323 2801
2801 1899
2801 2907
1899 2194
1899 1736
2194 1058
1058 150
1058 1237
150 618
618 165
618 778
165 225
225 863
225 1067
863 1442
1442 1020
1442 722
1020 1411
1411 2134
1411 1827
2134 2378
2378 1281
2378 2678
1281 1069
1281 1303
1069 1232
1232 2474
1232 1984
2474 2141
2141 1143
2141 2874
1143 2395
2395 2491
2491 516
516 219
516 192
219 1704
219 2623
1704 2098
2098 930
2098 637
930 1352
930 69
1352 2841
1352 1066
2841 2250
2250 440
2250 2652
440 344
344 245
245 976
976 1231
976 296
1231 213
213 1372
1372 1396
1372 372
1396 519
1396 2218
519 2530
519 2242
2530 1790
1790 1480
1790 1602
1480 451
451 1729
1729 2008
2008 1113
1113 1417
1417 170
1417 734
170 1233
1233 2317
1233 454
2317 2289
2317 704
2289 348
348 1966
1966 2445
2445 1043
2445 2458
1043 20
1043 902
20 217
217 1606
217 136
1606 34
1606 2273
34 363
363 1445
363 246
1445 878
878 983
878 1546
983 2167
983 1076
2167 693
2167 15
693 829
829 253
829 941
253 2854
2854 913
913 2709
913 2799
2709 2655
2709 2820
2655 342
342 511
342 2254
511 230
230 1306
230 1394
1306 2320
2320 896
2320 1272
896 934
934 2004
2004 57
57 2882
2882 559
2882 819
559 234
234 1013
234 1700
1013 468
468 2255
468 1162
2255 1230
2255 509
1230 1812
1812 1269
1269 2550
2550 2461
2550 2479
2461 944
944 2606
944 2758
2606 1461
1461 2627
2627 81
81 2656
2656 2610
2656 45
2610 359
2610 1141
359 2576
2576 600
2576 611
600 2517
2517 2161
2517 2847
2161 2353
2353 1423
2353 1933
1423 1275
1423 2864
1275 2123
2123 1243
2123 92
1243 2103
2103 552
552 679
552 1780
679 90
679 1178
90 2825
2825 999
999 813
813 777
813 1245
777 2531
2531 489
2531 286
489 2670
2670 443
2670 2717
443 667
667 2904
667 1916
2904 2160
2160 2583
2160 112
2583 1961
2583 677
1961 1519
1519 10
1519 714
10 1624
1624 2305
2305 94
2305 2172
94 604
94 1443
604 2416
2416 2354
2416 1330
2354 1026
1026 1573
1573 461
1573 2761
461 2912
2912 1286
2912 292
1286 2763
2763 2823
2763 1913
2823 1705
1705 1930
1930 1182
1930 236
1182 2481
1182 2228
2481 1629
2481 402
1629 2676
1629 376
2676 2294
2676 545
2294 288
288 2814
288 354
2814 621
2814 2884
621 2922
2922 656
656 1440
656 2880
1440 1699
1699 2870
2870 2739
2739 467
2739 371
467 83
83 2505
2505 2219
2505 2685
2219 1601
2219 968
1601 2358
1601 137
2358 614
2358 2828
614 644
644 1498
1498 2890
2890 1505
2890 711
1505 1852
1505 178
1852 1911
1911 889
1911 2931
889 2868
889 2032
2868 2451
2868 2009
2451 1395
2451 592
1395 2290
1395 498
2290 1309
1309 2599
2599 1206
1206 1126
1126 590
590 2919
590 2804
2919 854
854 1935
1935 1968
1968 1676
1968 2316
1676 1386
1386 2042
2042 1355
2042 1677
1355 676
1355 1172
676 1981
676 2785
1981 2822
2822 1745
1745 1673
1745 1448
1673 2549
2549 1534
2549 936
1534 2047
2047 1971
2047 898
1971 1527
1527 1224
1224 287
287 1187
287 2235
1187 696
696 248
696 1415
248 1422
248 2833
1422 2118
2118 331
331 282
282 2849
282 1313
2849 1222
1222 149
1222 1425
149 1870
1870 661
1870 2220
661 2360
661 581
2360 2044
2044 787
787 2443
2443 838
838 2770
838 2397
2770 95
2770 1958
95 2405
95 556
2405 2024
2405 1769
2024 855
855 221
221 2787
221 483
2787 1408
1408 1492
1492 1006
1492 537
1006 1558
1558 1754
1754 687
1754 1516
687 1545
687 1808
1545 2284
2284 2910
2284 857
2910 1096
1096 1709
1709 1760
1709 634
1760 51
51 2010
2010 575
575 1902
575 1471
1902 1228
1228 2769
2769 216
216 2068
2068 2500
2068 680
2500 2168
2500 1031
2168 2805
2168 2007
2805 2266
2805 1193
2266 379
2266 1021
379 279
379 1543
279 1379
1379 1324
1379 2149
1324 2967
2967 1059
1059 274
1059 381
274 970
274 2903
970 2115
2115 641
2115 1157
641 1361
1361 3
1361 2014
3 238
3 1019
238 326
238 2688
326 2322
326 146
2322 270
270 1741
270 594
1741 769
769 1100
769 1197
1100 792
1100 131
792 2154
2154 1969
1969 189
1969 2502
189 708
189 2532
708 2438
708 790
2438 1807
2438 1955
1807 109
109 719
109 1397
719 1199
719 1073
1199 1050
1050 1456
1050 1752
1456 2404
1456 41
2404 2013
2404 973
2013 2523
2013 223
2523 1611
2523 1999
1611 2663
1611 190
2663 678
2663 955
678 1476
1476 1953
1476 400
1953 138
138 2239
138 2724
2239 2475
2475 718
718 421
718 187
421 1877
1877 2597
2597 2803
2597 1465
2803 845
845 2208
845 1605
2208 2736
2736 1258
1258 2464
2464 1689
2464 772
1689 2961
2961 2953
2953 1168
2953 501
1168 1044
1168 1229
1044 2031
1044 2862
2031 345
345 2893
345 294
2893 1277
2893 258
1277 2662
2662 962
2662 2130
962 800
800 265
800 1631
265 1849
1849 1209
1849 620
1209 2731
2731 358
358 431
431 1315
1315 859
1315 340
859 2420
859 2923
2420 2109
2109 535
535 1332
1332 2806
1332 2114
2806 175
175 2816
2816 2399
2816 465
2399 1917
2399 1585
1917 2815
2815 459
459 553
459 497
553 2077
553 239
2077 2616
2616 1554
1554 2016
1554 1826
2016 1152
2016 2373
1152 762
1152 1150
762 1111
1111 828
1111 46
828 1412
1412 2916
2916 1257
2916 2222
1257 558
558 2659
2659 482
482 2577
482 2942
2577 2587
2587 2334
2587 2065
2334 1578
2334 710
1578 449
1578 496
449 2286
2286 1515
2286 751
1515 2879
2879 1580
2879 2177
1580 1438
1438 1566
1566 839
1566 916
839 2581
2581 1571
2581 85
1571 441
441 1779
1779 2263
1779 2901
2263 2126
2126 1657
2126 1613
1657 382
382 2661
2661 1367
2661 2393
1367 1173
1173 2153
2153 1060
1060 745
1060 135
745 1488
745 1203
1488 2462
1488 1931
2462 1829
2462 563
1829 328
1829 1685
328 2238
2238 1251
1251 124
1251 585
124 920
124 2830
920 1216
1216 2773
2773 2388
2388 2712
2712 2392
2712 1356
2392 132
2392 2493
132 1017
132 1671
1017 59
59 2891
59 2590
2891 261
2891 1698
261 250
250 2497
250 1051
2497 1079
2497 2423
1079 1270
1079 1881
1270 1145
1145 241
241 1797
1797 1042
1797 1115
1042 2466
2466 1815
2466 2940
1815 805
1815 2861
805 1948
805 1263
1948 1934
1948 1120
1934 1967
1934 1759
1967 2094
1967 564
2094 1167
2094 210
1167 453
453 2028
2028 2926
2926 1164
1164 528
528 1652
1652 638
638 2030
2030 1600
1600 302
302 2672
302 1813
2672 1918
2672 658
1918 2743
1918 2467
2743 2061
2061 1684
1684 1292
1292 2913
1292 691
2913 1576
2913 2400
1576 1087
1087 1724
1087 2342
1724 2045
2045 1034
2045 1344
1034 2653
2653 850
2653 207
850 295
850 1743
295 816
295 2682
816 1680
816 967
1680 390
1680 505
390 396
396 133
396 419
133 1219
133 337
1219 2313
1219 724
2313 2515
2515 385
2515 1617
385 2003
2003 737
737 903
737 571
903 2301
2301 514
514 666
514 168
666 416
666 2582
416 956
416 570
956 2707
956 1850
2707 1737
2707 2790
1737 1485
1485 2471
2471 2367
2471 29
2367 2140
2140 810
810 1452
1452 1190
1452 686
1190 1336
1190 1665
1336 947
947 733
947 858
733 1389
733 64
1389 2827
1389 2225
2827 1793
1793 1378
1378 2409
1378 2853
2409 2119
2409 1987
2119 1317
1317 2310
1317 2946
2310 874
2310 2054
874 942
874 1212
942 2241
942 1791
2241 1876
1876 682
682 2337
2337 1824
1824 1466
1466 2684
2684 2138
2684 1118
2138 2442
2442 2650
2442 1750
2650 1604
1604 1553
1604 1235
1553 504
504 1630
504 1429
1630 49
49 2588
49 654
2588 339
2588 2658
339 607
607 1926
1926 141
141 2632
2632 1441
2632 2504
1441 1499
1499 2023
1499 1253
2023 1648
1648 438
1648 834
438 569
569 1556
569 673
1556 2253
1556 1980
2253 862
2253 824
862 789
862 1014
789 357
357 2603
357 2694
2603 1169
1169 388
1169 154
388 1124
1124 1109
1124 770
1109 1637
1109 2693
1637 2370
2370 520
520 1901
520 254
1901 2548
2548 2203
2203 444
444 1857
444 338
1857 1879
1857 2186
1879 1296
1296 754
1296 630
754 182
182 2331
2331 1194
2331 30
1194 1129
1194 2055
1129 309
1129 2064
309 869
309 2361
869 1114
1114 2270
2270 1655
1655 2538
2538 1770
2538 780
1770 1589
1770 681
1589 935
1589 599
935 2560
935 699
2560 1084
1084 1432
1432 1847
1847 2754
2754 771
771 17
17 2359
2359 690
690 2713
690 1403
2713 2431
2431 1406
1406 952
1406 1825
952 2252
952 773
2252 2408
2252 615
2408 1434
1434 198
1434 1148
198 721
721 25
25 2498
25 2174
2498 911
2498 2278
911 1153
911 746
1153 2295
1153 2450
2295 2757
2295 622
2757 2105
2105 1261
2105 608
1261 40
1261 1285
40 1703
1703 475
475 966
475 543
966 2540
966 1507
2540 2526
2526 1484
1484 612
1484 2281
612 1564
1564 2667
1564 2938
2667 2165
2165 1015
1015 1123
1015 151
1123 1075
1123 2887
1075 1777
1777 1525
1525 756
1525 2093
756 2944
756 2906
2944 856
2944 1291
856 119
119 1511
1511 879
879 2596
2596 240
240 1674
1674 2638
1674 909
2638 2163
2638 2435
2163 1582
2163 322
1582 1562
1562 980
1562 2956
980 2951
2951 2329
2329 1188
1188 2366
2366 79
2366 2463
79 2705
2705 1832
2705 2521
1832 1086
1832 540
1086 830
830 2022
830 2078
2022 2611
2611 1890
2611 409
1890 2473
1890 2572
2473 406
2473 2857
406 1619
406 2810
1619 549
1619 1327
549 1062
549 1659
1062 2747
1062 2644
2747 442
2747 1751
442 2752
2752 158
158 130
130 255
255 1340
255 1012
1340 1914
1914 1078
1914 1675
1078 2176
2176 2499
2499 2679
2679 726
726 1282
1282 2925
2925 1755
1755 1134
1755 1864
1134 589
589 1647
589 2439
1647 1682
1647 2210
1682 1785
1785 2326
2326 1262
1262 1001
1001 927
1001 831
927 315
927 1149
315 586
315 1165
586 2896
586 276
2896 2223
2896 1853
2223 1557
1557 1548
1548 1975
1975 2035
2035 1733
2035 1147
1733 318
1733 437
318 2648
2648 1276
2648 1186
1276 1249
1276 2424
1249 1959
1959 1181
1959 940
1181 2386
1181 2969
2386 2680
2680 664
2680 1538
664 2959
2959 1920
2959 184
1920 1234
1920 2725
1234 1502
1234 1878
1502 1509
1509 2649
1509 456
2649 1489
1489 1202
1202 1561
1561 2083
2083 88
2083 1375
88 110
88 1119
110 1185
110 1464
1185 2151
1185 1205
2151 749
749 1946
1946 6
6 486
6 1271
486 2966
486 1329
2966 2807
2807 1540
1540 1198
1540 2231
1198 38
1198 201
38 2832
38 2726
2832 2630
2832 2460
2630 2143
2630 2001
2143 2345
2345 728
2345 1160
728 2929
728 341
2929 1872
1872 2720
2720 1721
1721 901
901 2665
901 529
2665 2586
2586 349
349 2246
2246 12
2246 327
12 103
103 28
103 729
28 2775
28 895
2775 2398
2398 848
848 1696
1696 2618
2618 2087
2087 2735
2735 1976
1976 2095
2095 2349
2095 1320
2349 2267
2267 2459
2267 629
2459 1701
1701 1213
1701 1584
1213 249
249 2742
2742 1904
1904 2193
1904 47
2193 2421
2421 1458
2421 2122
1458 1416
1458 1236
1416 2113
2113 605
605 2191
2191 1462
2191 597
1462 1865
1865 1252
1865 510
1252 392
392 502
392 2164
502 998
998 2390
2390 186
186 1108
1108 755
1108 2292
755 99
99 310
310 1383
310 906
1383 1121
1121 793
1121 904
793 882
793 1806
882 662
882 987
662 1504
662 2136
1504 2019
2019 761
761 2620
761 1305
2620 593
593 1533
593 616
1533 352
352 1070
1070 981
981 188
188 176
188 550
176 2518
176 2480
2518 768
2518 173
768 2557
768 2501
2557 1635
1635 1714
1714 1140
1140 1201
1201 639
639 2963
639 788
2963 785
785 1650
785 299
1650 1349
1650 650
1349 2622
1349 1763
2622 411
411 2600
411 2863
2600 343
343 2287
2287 2484
2287 907
2484 78
78 1122
78 825
1122 2595
1122 846
2595 1101
1101 804
1101 1919
804 492
492 2889
2889 2905
2889 89
2905 1756
2905 374
1756 1711
1711 1398
1398 546
546 278
546 908
278 1266
278 1988
1266 1654
1266 161
1654 782
1654 1551
782 1840
782 2321
1840 395
1840 1247
395 752
752 738
738 2898
738 52
2898 2201
2898 1099
2201 1479
1479 975
1479 355
975 2701
2701 389
389 2387
2387 2365
2387 880
2365 1155
2365 202
1155 2336
1155 1768
2336 1146
2336 479
1146 1977
1977 2139
1977 1267
2139 1105
2139 2171
1105 522
522 1467
522 2319
1467 1158
1158 1514
1514 823
823 2142
2142 1301
1301 2410
1301 1555
2410 1248
2410 391
1248 2112
2112 1052
1052 1273
1052 2195
1273 2574
2574 820
2574 1727
820 799
799 671
671 365
671 2434
365 2819
2819 144
2819 2262
144 2260
144 1688
2260 1227
1227 160
160 1598
1598 1858
1598 609
1858 53
53 2639
2639 2264
2639 1204
2264 732
732 875
732 2236
875 1064
875 320
1064 2578
2578 147
2578 1789
147 1579
1579 2352
2352 307
307 1246
307 1668
1246 2382
2382 2855
2855 2589
2589 811
811 2221
811 925
2221 2850
2221 1095
2850 1942
1942 765
765 1316
765 2309
1316 333
1316 477
333 1522
1522 2872
1522 1781
2872 1691
2872 720
1691 215
215 1159
215 1738
1159 807
807 943
807 293
943 1517
1517 2768
2768 2048
2048 822
822 897
897 1453
897 1936
1453 1951
1951 399
1951 731
399 576
399 2381
576 2764
2764 2245
2764 1830
2245 885
2245 1177
885 735
885 111
735 2647
2647 2539
2647 2324
2539 1974
2539 1102
1974 114
114 2406
114 2067
2406 172
172 367
367 271
367 587
271 703
703 1816
1816 1973
1973 356
356 1351
356 233
1351 932
1351 148
932 950
950 2120
2120 2808
2808 1455
1455 2782
2782 1030
1030 1409
1030 2232
1409 1074
1409 408
1074 1871
1074 2372
1871 1592
1871 1077
1592 1734
1734 1418
1418 423
423 2037
423 2635
2037 1732
2037 2858
1732 695
1732 523
695 697
695 1702
697 2196
697 256
2196 1045
1045 1764
1764 1952
1952 2563
1952 37
2563 2470
2470 1046
2470 2934
1046 866
1046 1333
866 1821
1821 2894
2894 2836
2836 1653
1653 2883
1653 595
2883 185
185 1885
185 36
1885 1687
1885 2643
1687 2148
1687 1494
2148 1369
1369 424
1369 1117
424 2657
424 200
2657 2755
2755 2700
2755 2802
2700 311
2700 1474
311 534
534 2213
2213 1176
2213 1835
1176 506
506 2417
2417 561
561 2073
2073 2170
2073 2043
2170 643
643 1947
1947 2147
2147 2202
2147 1627
2202 2695
2202 555
2695 2422
2695 602
2422 1449
1449 65
65 2472
2472 868
2472 1049
868 297
868 801
297 2677
2677 1921
2677 1744
1921 2741
1921 2915
2741 1028
2741 2071
1028 455
455 1970
455 1401
1970 1377
1970 2562
1377 1347
1377 1473
1347 474
1347 2765
474 818
474 1749
818 2062
818 2415
2062 2437
2062 1010
2437 364
364 2965
2965 795
2965 1132
795 2156
795 383
2156 1863
2156 247
1863 2121
2121 2516
2121 1915
2516 2162
2516 1570
2162 1960
1960 2565
1960 2088
2565 525
2565 2776
525 1722
525 375
1722 2541
2541 1497
1497 1559
1497 2533
1559 1609
1609 750
750 565
750 2721
565 1478
565 2737
1478 809
1478 1002
809 1610
809 2403
1610 2631
1610 989
2631 1381
2631 128
1381 1493
1493 2535
1493 62
2535 993
2535 640
993 798
993 2038
798 539
798 4
539 2046
2046 1283
2046 536
1283 1104
1283 2508
1104 464
1104 1550
464 2615
464 1838
2615 2237
2615 2519
2237 305
305 2368
305 739
2368 2585
2585 351
351 2
2 11
2 2686
11 1454
11 2594
1454 2251
2251 1341
1341 1795
1341 199
1795 712
1795 446
712 923
712 2137
923 2183
923 541
2183 2328
2183 1747
2328 631
2328 707
631 1295
1295 1419
1295 1220
1419 2774
2774 1174
2774 1642
1174 2716
1174 2082
2716 2282
2282 2380
2282 1390
2380 2053
2053 1144
2053 2212
1144 487
487 2209
2209 329
329 471
471 2335
471 48
2335 2619
2619 232
2619 2455
232 1297
232 1513
1297 965
1297 2428
965 2150
965 652
2150 1348
1348 743
1348 851
743 705
743 2323
705 2227
705 2124
2227 919
919 2734
919 1226
2734 1189
1189 2377
2377 853
2377 1814
853 2671
2671 1692
1692 2654
1692 145
2654 924
924 2413
924 2691
2413 2545
2545 727
727 209
209 1708
1708 2277
2277 2831
2831 2057
2831 969
2057 1128
2057 1321
1128 1166
1166 1435
1166 1022
1435 93
1435 2216
93 2002
93 2338
2002 2958
2002 1308
2958 2347
2958 2602
2347 1486
2347 794
1486 918
918 753
918 2962
753 139
139 1634
139 66
1634 417
417 1695
417 651
1695 1612
1695 877
1612 1142
1142 1670
1142 1796
1670 1410
1410 2097
2097 120
2097 836
120 1758
1758 2311
2311 2234
2234 1526
2234 1436
1526 346
1526 1221
346 7
346 2738
7 2888
7 2575
2888 394
2888 2025
394 2637
2637 361
2637 1633
361 273
361 2145
273 203
273 2468
203 54
203 577
54 463
54 1712
463 1036
463 2507
1036 1007
1036 2157
1007 107
1007 2179
107 140
107 584
140 2000
140 1110
2000 1855
1855 2283
2283 945
2283 2789
945 1346
945 1439
1346 191
1346 2288
191 1241
191 2430
1241 2689
2689 2482
2689 1681
2482 1740
2482 1125
1740 2921
2921 2485
2485 167
2485 946
167 2015
167 1608
2015 122
122 2296
2296 2556
2556 518
518 2878
518 1000
2878 1363
1363 900
1363 19
900 567
567 1822
567 2343
1822 2723
1822 222
2723 2558
2558 1889
2558 2928
1889 1594
1594 2955
1594 2522
2955 2454
2454 748
2454 2419
748 764
748 1518
764 105
764 1694
105 1008
105 1319
1008 2902
1008 1339
2902 425
2902 2960
425 485
425 1314
485 2970
485 674
2970 2214
2970 2072
2214 603
2214 2645
603 1833
603 1982
1833 2687
1833 84
2687 2569
2569 180
2569 1244
180 1667
1667 1823
1667 206
1823 2040
2040 157
2040 1678
157 928
157 2553
928 1139
928 1138
1139 56
1139 2488
56 2636
2636 71
2636 997
71 2478
71 1500
2478 2100
2100 1638
2100 1483
1638 713
713 1072
1072 1672
1072 1218
1672 715
715 23
23 701
701 1649
1649 1903
1903 404
404 2935
404 2811
2935 1886
2935 2325
1886 415
415 1063
1063 2074
2074 2876
2876 826
2876 1300
826 2412
826 491
2412 1869
1869 1985
1869 1520
1985 884
1985 1603
884 204
204 914
204 685
914 42
914 1371
42 891
891 1463
1463 1298
1298 1862
1298 1405
1862 2544
2544 242
2544 1424
242 2050
2050 1552
2050 5
1552 1997
1552 1137
1997 260
1997 1905
260 2673
2673 1225
2673 373
1225 1622
1622 530
1622 1831
530 1326
1326 403
