1 1689 89225
1288 1377
1377 566
1377 135
566 291
291 1132
1132 980
1132 337
980 1055
1055 508
508 1209
1209 830
1209 336
830 1362
830 243
1362 1187
1187 1448
1187 1327
1448 346
1448 158
346 603
603 1309
1309 189
189 1569
1569 1468
1468 356
1468 1672
356 1329
1329 6
1329 572
6 1213
1213 1343
1343 1519
1343 1322
1519 1551
1551 1670
1551 1206
1670 37
37 1300
37 1367
1300 136
136 406
406 422
406 58
422 1587
1587 817
817 430
430 1378
430 11
1378 558
1378 954
558 1005
558 945
1005 1021
1005 591
1021 1509
1021 354
1509 1122
1122 650
650 751
650 1248
751 1408
1408 821
821 594
594 104
594 380
104 1559
104 1422
1559 528
1559 463
528 1382
528 1183
1382 1425
1425 1458
1425 1201
1458 1451
1458 1274
1451 220
220 736
220 938
736 1388
736 1191
1388 1491
1491 1614
1491 1631
1614 599
1614 1093
599 641
599 792
641 1515
641 1028
1515 1384
1384 651
651 224
651 304
224 1549
1549 832
1549 116
832 159
159 478
478 1624
1624 1387
1624 745
1387 460
1387 423
460 333
333 583
583 1082
583 1081
1082 177
1082 234
177 1014
1014 868
868 51
868 743
51 1613
51 226
1613 1311
1311 1204
1204 956
956 469
469 127
127 672
127 1222
672 481
481 729
729 555
555 744
555 632
744 1148
744 14
1148 816
1148 1348
816 1688
1688 988
1688 970
988 777
988 217
777 1541
1541 1167
1541 943
1167 761
761 1302
761 1303
1302 917
917 120
120 1503
1503 53
1503 1284
53 61
61 62
62 295
62 63
295 1087
295 911
1087 418
418 1494
418 250
1494 138
138 1636
138 77
1636 413
413 23
413 1435
23 541
541 142
541 510
142 41
41 152
152 1625
1625 1391
1391 1577
1391 859
1577 1487
1487 682
1487 1510
682 982
682 1644
982 448
982 1580
448 1189
1189 1584
1584 1067
1067 357
1067 309
357 1459
357 531
1459 628
1459 278
628 197
197 44
197 965
44 1669
44 887
1669 1490
1490 987
1490 501
987 986
986 285
285 895
285 300
895 1518
895 504
1518 1290
1518 1536
1290 763
1290 800
763 998
763 1445
998 692
692 1147
1147 1437
1147 468
1437 1334
1437 1158
1334 948
948 607
607 175
607 592
175 200
200 1376
1376 949
949 263
263 1598
263 1548
1598 990
990 1547
990 424
1547 1528
1528 1412
1528 176
1412 846
1412 1261
846 717
846 459
717 1537
1537 1371
1537 1111
1371 4
4 1117
1117 1035
1035 1507
1507 524
1507 1637
524 1483
1483 493
493 1084
493 700
1084 937
937 491
937 1070
491 527
527 441
527 1294
441 1061
441 1236
1061 321
1061 884
321 185
185 1019
185 659
1019 344
344 609
609 1612
1612 1116
1116 272
272 1365
1365 866
1365 497
866 1561
866 738
1561 1455
1561 601
1455 837
1455 492
837 1398
1398 769
769 1427
1427 134
1427 538
134 133
134 235
133 722
133 719
722 564
722 796
564 1307
1307 210
210 675
210 874
675 1350
675 121
1350 191
191 56
191 535
56 1075
56 569
1075 742
742 935
935 731
935 725
731 1270
1270 442
442 1635
442 521
1635 1655
1635 653
1655 409
1655 284
409 1588
409 567
1588 1395
1395 186
1395 1405
186 755
755 341
341 683
683 1032
1032 1079
1032 1683
1079 690
1079 875
690 154
690 249
154 45
154 889
45 67
67 711
67 507
711 245
245 457
457 823
823 1027
823 640
1027 1665
1027 1171
1665 867
867 1657
867 701
1657 576
576 17
576 1645
17 1617
17 440
1617 702
1617 184
702 1524
702 239
1524 775
775 1562
1562 449
449 1246
449 1276
1246 1218
1246 1076
1218 841
841 619
619 838
838 759
838 1440
759 1514
759 1297
1514 1526
1514 1393
1526 1444
1526 1130
1444 1066
1066 1465
1465 500
500 1126
500 1215
1126 1182
1126 113
1182 370
370 42
42 353
353 906
353 597
906 1192
906 523
1192 1283
1192 68
1283 1530
1530 1045
1530 378
1045 131
1045 578
131 1210
1210 787
1210 1080
787 398
787 928
398 283
398 771
283 1374
283 791
1374 98
98 1680
98 758
1680 375
375 1681
1681 279
1681 1472
279 335
335 307
335 1647
307 991
307 676
991 1169
991 1208
1169 843
843 350
350 1428
1428 1058
1428 1423
1058 1000
1000 776
776 1660
776 215
1660 12
12 1497
12 349
1497 1656
1497 1098
1656 718
1656 696
718 1262
1262 33
33 894
33 115
894 322
322 932
932 1295
932 415
1295 1431
1431 831
1431 922
831 1240
831 290
1240 850
1240 1039
850 75
75 147
147 112
147 379
112 881
881 66
66 1103
66 252
1103 1298
1103 1036
1298 70
70 1389
1389 1579
1389 613
1579 1135
1579 166
1135 171
171 123
123 433
123 1554
433 1449
1449 170
1449 109
170 1301
170 1424
1301 1049
1049 1401
1049 888
1401 633
633 941
633 872
941 84
84 1546
1546 1252
1252 770
770 883
883 1034
883 670
1034 1344
1344 47
47 1155
1155 317
1155 414
317 1216
1216 989
1216 1144
989 1089
989 1197
1089 28
28 1642
1642 896
1642 429
896 1159
1159 1305
1159 1256
1305 1385
1385 1041
1041 20
1041 1627
20 677
20 811
677 1470
677 795
1470 580
1470 853
580 648
648 1653
648 704
1653 749
1653 774
749 1667
1667 21
21 807
21 1336
807 940
807 871
940 1101
1101 1168
1168 1632
1168 631
1632 586
586 180
586 1349
180 1399
1399 473
1399 268
473 203
473 923
203 716
716 43
716 1253
43 596
596 1313
596 1287
1313 543
1313 806
543 803
543 34
803 1463
1463 962
1463 106
962 477
962 273
477 754
754 933
754 276
933 637
637 1450
637 1615
1450 826
826 1420
1420 886
886 919
886 80
919 691
691 1352
1352 671
671 537
537 805
537 1017
805 382
382 819
819 1113
1113 588
1113 1088
588 1170
588 1193
1170 750
750 1263
750 907
1263 1051
1263 89
1051 778
778 511
778 1410
511 953
511 1634
953 395
953 1069
395 1237
1237 851
1237 499
851 1533
851 688
1533 262
1533 372
262 259
262 927
259 929
259 55
929 296
296 1351
1351 140
1351 645
140 1469
140 762
1469 162
1469 332
162 1415
162 265
1415 1500
1500 1560
1500 798
1560 1138
1138 345
345 258
258 587
587 1006
587 196
1006 961
961 470
470 764
470 450
764 979
764 1194
979 960
960 552
552 99
552 432
99 1163
99 1211
1163 898
1163 1467
898 1531
1531 848
1531 732
848 916
848 1065
916 453
453 1462
1462 1174
1462 674
1174 1278
1174 1366
1278 936
936 1578
936 730
1578 1511
1578 240
1511 1052
1052 297
1052 1238
297 458
297 921
458 1107
458 1471
1107 5
1107 445
5 973
5 915
973 489
973 1165
489 1593
1593 739
1593 550
739 951
739 975
951 1229
951 689
1229 65
1229 1661
65 100
65 1179
100 1029
1029 451
451 585
451 577
585 608
608 1356
608 1232
1356 79
1356 174
79 782
79 282
782 48
48 812
48 1164
812 1648
1648 703
703 1432
703 35
1432 783
783 1269
783 330
1269 83
1269 1100
83 230
230 216
216 502
502 959
959 96
96 1176
1176 985
985 1687
1687 1062
1687 183
1062 584
1062 198
584 753
584 1464
753 925
753 844
925 944
944 403
944 860
403 1096
403 472
1096 1200
1200 1583
1200 797
1583 389
389 1646
1646 1228
1646 209
1228 1611
1228 1146
1611 815
815 401
401 329
329 373
373 930
930 225
930 27
225 715
715 205
205 1664
1664 1484
1484 924
924 31
31 1234
1234 772
772 978
772 984
978 1542
1542 117
117 1677
117 893
1677 1479
1479 111
1479 1601
111 547
111 829
547 519
547 1668
519 485
485 685
685 257
685 1600
257 361
257 747
361 1373
361 1304
1373 366
366 368
366 1265
368 1151
368 1643
1151 1534
1151 482
1534 835
835 1592
835 687
1592 820
820 292
820 343
292 556
556 412
412 661
661 1339
661 26
1339 417
1339 1325
417 616
616 1181
1181 419
419 1544
419 1619
1544 606
606 369
369 129
369 1185
129 1354
1354 125
125 1316
1316 1046
1046 1685
1685 727
1685 878
727 1299
727 1618
1299 248
248 376
376 1654
376 757
1654 122
122 1003
122 665
1003 668
1003 673
668 551
551 1545
551 1267
1545 275
275 1434
1434 1589
1589 1030
1589 794
1030 532
532 313
532 604
313 1521
313 1207
1521 946
946 1143
946 1053
1143 1628
1628 40
1628 211
40 870
870 1202
1202 411
1202 789
411 91
91 362
362 1574
1574 1140
1574 69
1140 49
49 1678
49 913
1678 1015
1678 325
1015 22
22 1318
22 130
1318 474
1318 667
474 595
595 810
810 534
810 218
534 1010
1010 623
623 773
773 1353
1353 598
1353 1572
598 706
598 143
706 565
706 490
565 484
565 1186
484 287
287 908
287 1407
908 274
274 1136
274 737
1136 1532
1136 1142
1532 157
1532 1347
157 137
157 834
137 187
187 1254
1254 809
809 29
809 1571
29 1221
1221 348
348 1289
1289 93
93 634
93 666
634 1345
634 861
1345 479
1345 1563
479 1527
1527 1674
1674 1025
1025 1231
1231 1178
1231 1314
1178 958
958 1257
1257 466
466 365
466 101
365 19
365 880
19 1582
19 710
1582 657
1582 1591
657 698
698 1099
1099 1227
1099 1557
1227 589
589 97
589 517
97 639
97 1259
639 340
340 405
340 1504
405 323
323 1341
323 1595
1341 25
1341 339
25 654
25 618
654 233
654 1453
233 768
233 1535
768 1141
768 1421
1141 1317
1141 1379
1317 864
864 228
864 301
228 847
228 1105
847 664
847 1359
664 1539
664 1529
1539 1152
1539 167
1152 1173
1173 204
204 1281
204 3
1281 726
1281 741
726 160
160 487
160 15
487 1573
487 1022
1573 1172
1172 845
845 107
107 529
529 261
529 882
261 955
261 1137
955 1394
955 302
1394 124
124 779
124 95
779 1275
779 456
1275 331
331 392
331 59
392 627
627 236
627 647
236 1375
236 1042
1375 190
1375 1476
190 1570
190 995
1570 1243
1243 1436
1436 74
74 920
74 454
920 1575
1575 1131
1575 1603
1131 680
680 1402
1402 574
574 229
574 610
229 390
390 612
390 431
612 1426
1426 781
781 153
781 1564
153 1023
1023 858
1023 804
858 512
858 1332
512 165
165 720
165 1456
720 1177
720 869
1177 561
1177 1086
561 1342
1342 374
1342 784
374 662
374 1235
662 1368
1368 1543
1543 201
1543 854
201 145
201 1175
145 694
145 939
694 1679
694 178
1679 890
890 842
890 536
842 1686
842 873
1686 1161
1686 1162
1161 1224
1224 723
723 1296
723 246
1296 914
914 1513
1513 1568
1513 1477
1568 840
840 1663
840 571
1663 993
1663 1196
993 1396
993 1473
1396 471
471 1326
471 81
1326 909
909 546
546 1260
1260 1320
1320 593
593 1430
1430 1586
1586 227
227 168
227 693
168 1417
1417 1609
1417 712
1609 1689
1689 483
483 1623
1623 968
968 1363
968 562
1363 475
1363 385
475 163
475 1018
163 707
707 1383
1383 1478
1383 251
1478 397
397 1057
1057 1095
1095 208
1095 669
208 579
579 327
327 416
416 260
260 219
219 1629
219 360
1629 39
1629 425
39 1466
39 1649
1466 950
1466 1011
950 1610
1610 87
87 315
87 1038
315 1292
1292 899
1292 24
899 1358
1358 600
600 695
695 1413
695 1121
1413 480
480 1626
480 161
1626 1139
1626 1002
1139 1323
1323 444
444 785
785 1188
1188 1493
1493 760
1493 1608
760 223
760 310
223 1446
1446 1335
1335 1676
1676 387
387 72
72 1249
72 660
1249 71
1249 686
71 1457
71 635
1457 977
977 1369
977 298
1369 1414
1414 891
891 554
554 544
544 1599
1599 902
902 724
902 615
724 963
724 1085
963 1225
1225 1538
1538 714
714 443
443 590
590 1337
590 1166
1337 1630
1337 910
1630 293
293 38
38 1112
38 897
1112 981
981 367
981 311
367 1199
367 1203
1199 1602
1199 1621
1602 1361
1602 904
1361 1640
1361 314
1640 1596
1640 1145
1596 1604
1596 1285
1604 1016
1604 241
1016 73
1016 195
73 539
73 1043
539 822
822 299
299 1114
299 1195
1114 461
1114 139
461 1134
1134 16
16 1438
1438 1031
1438 202
1031 525
1031 1271
525 476
476 1553
1553 305
1553 88
305 522
522 1072
1072 833
1072 36
833 790
790 520
520 1333
1333 1516
1333 1059
1516 934
934 404
404 1315
404 86
1315 1157
1157 1266
1266 1306
1306 402
1306 303
402 1212
402 289
1212 495
1212 64
495 1241
495 1247
1241 1441
1441 1282
1441 1454
1282 1447
1447 1682
1682 1239
1682 1090
1239 222
222 1488
1488 656
1488 852
656 1047
656 856
1047 545
545 13
13 1277
1277 150
1277 530
150 629
150 1622
629 266
266 324
324 1129
1129 438
438 420
438 765
420 199
199 905
199 1054
905 611
611 1328
1328 1565
1565 1406
1406 622
622 679
679 119
119 1050
1050 255
1050 1346
255 813
813 1217
813 434
1217 602
1217 684
602 709
602 767
709 90
90 1419
90 1
1419 294
294 1119
294 1409
1119 818
1119 642
818 652
652 169
169 1566
1566 1590
1566 488
1590 1397
1397 983
1397 352
983 1068
1068 156
1068 1360
156 1442
1442 269
1442 270
269 1522
269 1244
1522 1404
1522 756
1404 118
1404 446
118 1662
118 60
1662 54
54 386
386 620
386 1120
620 638
620 452
638 400
638 748
400 901
400 918
901 515
901 1133
515 1180
515 2
1180 1556
1180 179
1556 857
1556 996
857 1481
857 320
1481 967
1481 1429
967 931
931 721
931 624
721 408
721 1233
408 1255
1255 1115
1255 50
1115 1380
1115 713
1380 1585
1380 181
1585 734
1585 1651
734 1013
734 1638
1013 997
997 863
997 605
863 1063
1063 1128
1128 1439
1439 636
636 1258
1258 559
559 802
802 1520
1520 76
76 1104
76 393
1104 1658
1658 1499
1499 1492
1492 849
1492 625
849 32
32 358
358 253
253 146
146 1517
1517 1567
1567 486
486 1550
486 1268
1550 1403
1550 244
1403 735
1403 1392
735 1219
1219 7
7 288
288 926
926 947
947 766
947 238
766 1659
766 533
1659 1523
1659 974
1523 8
1523 496
8 193
8 427
193 410
410 1242
1242 164
164 862
862 1340
862 1338
1340 808
1340 394
808 173
808 10
173 1321
1321 971
971 1205
971 966
1205 1480
1205 786
1480 828
828 286
286 1639
1639 359
359 1641
359 439
1641 151
151 1381
151 1226
1381 1245
1245 212
1245 752
212 614
614 105
105 467
467 144
144 563
563 705
563 1250
705 1411
705 267
1411 57
57 1489
1489 969
1489 316
969 237
969 994
237 1272
1272 513
513 1501
513 1620
1501 1486
1486 1110
1486 1576
1110 328
328 879
328 1558
879 1330
1330 788
788 464
788 516
464 1127
1127 1273
1127 141
1273 128
128 1078
1078 281
281 1123
1123 1004
1004 663
1004 1124
663 540
663 1102
540 149
149 877
877 526
526 334
334 1118
1118 1074
1118 964
1074 1279
1279 247
247 1106
247 1056
1106 271
271 396
271 1357
396 1482
1482 1607
1482 1673
1607 399
1607 85
399 1652
1652 1355
1652 1184
1355 1310
1310 254
1310 377
254 1508
1508 658
1508 1496
658 1125
1125 1502
1125 1097
1502 1616
1616 542
542 1154
542 885
1154 582
1154 312
582 570
582 388
570 518
518 1091
1091 1312
1312 548
1312 1597
548 1390
1390 1594
1594 1370
1370 681
1370 126
681 371
371 1149
1149 957
1149 1156
957 1684
1684 697
697 1264
1264 1331
1264 82
1331 549
549 630
630 1485
1485 347
347 1319
347 494
1319 1198
1198 435
435 52
435 1024
52 1048
1048 678
1048 557
678 1008
1008 839
839 728
728 381
381 746
746 740
746 1153
740 814
740 1037
814 999
999 338
999 407
338 827
338 1372
827 192
827 1092
192 194
192 462
194 1073
1073 242
1073 1475
242 708
242 1160
708 256
256 799
799 1293
1293 1443
1293 447
1443 1190
1443 1286
1190 892
892 1223
892 1308
1223 560
1223 1214
560 876
876 182
876 509
182 1418
1418 575
575 1671
1671 1040
1671 824
1040 355
355 437
437 1606
437 1452
1606 1012
1606 1083
1012 1416
1416 1020
1020 1540
1540 1251
1540 617
1251 1666
1251 855
1666 351
351 391
351 1675
391 428
428 103
428 1044
103 568
103 364
568 1525
1525 1230
1525 780
1230 581
581 308
308 1605
1605 1109
1605 655
1109 505
505 1094
505 30
1094 1512
1094 699
1512 1505
1505 644
644 621
644 1060
621 231
231 326
326 573
326 1033
573 646
646 649
646 1150
649 1077
1077 114
1077 1026
114 1071
1071 1581
1581 1280
1280 514
1280 1555
514 503
514 92
503 825
503 102
825 1400
1400 733
733 942
942 1506
942 148
1506 9
9 232
232 155
232 793
155 992
992 384
384 421
384 976
421 1650
421 643
1650 1460
1460 1220
1220 436
436 1433
1433 277
1433 506
277 264
264 1495
264 221
1495 1324
1324 1009
1009 306
306 865
865 18
18 1474
18 1291
1474 1007
1007 78
1007 498
78 553
78 952
553 972
553 318
972 108
972 1001
108 1108
1108 188
1108 1552
188 426
426 1364
1364 455
455 383
383 132
383 801
132 46
46 94
94 465
94 836
465 206
206 213
213 342
213 363
342 110
110 280
280 207
207 319
319 214
319 1064
214 1461
1461 900
900 1498
900 1386
1498 912
1498 172
912 1633
1633 903
903 626
