3 2321 712664992
2 3
2 1
377 1413
377 1664
1413 1097
1413 244
1097 897
897 1122
897 1450
1122 785
785 1948
785 2012
1948 1201
1201 1768
1768 74
74 285
74 2018
285 2113
2113 2166
2166 1244
2166 597
1244 1710
1710 1105
1105 1542
1105 247
1542 846
846 901
901 727
727 1558
727 1388
1558 1881
1881 1784
1881 1071
1784 1269
1784 1157
1269 291
1269 1055
291 42
42 1292
1292 1770
1770 1210
1770 315
1210 1557
1210 642
1557 821
821 82
821 1110
82 85
85 254
254 322
254 1668
322 347
347 340
340 886
886 1425
1425 694
1425 2055
694 661
661 683
661 958
683 1358
683 719
1358 1278
1358 862
1278 1534
1278 1821
1534 1941
1534 2226
1941 1528
1528 711
711 2091
2091 890
2091 431
890 914
890 1205
914 2222
914 2024
2222 988
988 842
988 907
842 1257
1257 1882
1882 279
1882 1135
279 2271
279 2235
2271 2255
2271 1579
2255 1316
2255 1545
1316 2085
2085 2110
2085 2223
2110 1225
1225 1461
1225 2002
1461 587
587 1851
587 1196
1851 121
121 879
121 1181
879 2095
879 1497
2095 1516
1516 859
1516 1241
859 2087
2087 1190
2087 502
1190 491
491 715
715 2204
715 1361
2204 1870
1870 746
746 1502
746 1883
1502 1248
1248 478
1248 331
478 1980
478 1638
1980 2200
2200 1722
1722 983
983 1539
983 1696
1539 1774
1539 1872
1774 1613
1774 1979
1613 1203
1613 1897
1203 1652
1203 851
1652 1912
1652 1487
1912 1974
1912 319
1974 581
1974 794
581 1447
1447 1602
1447 2278
1602 494
1602 379
494 204
494 1559
204 1961
1961 1587
1961 628
1587 1572
1572 899
899 1950
1950 1552
1950 409
1552 1643
1552 32
1643 1391
1643 598
1391 66
66 659
659 1648
659 1820
1648 1540
1648 1221
1540 2052
1540 1111
2052 1510
1510 1619
1510 1367
1619 515
1619 288
515 2182
515 1086
2182 877
877 971
877 732
971 1524
971 518
1524 1394
1394 1421
1421 858
858 2253
2253 1733
2253 695
1733 1594
1733 531
1594 1701
1701 1647
1647 1321
1647 917
1321 1734
1321 224
1734 1315
1734 14
1315 388
388 1990
388 1267
1990 1936
1936 1960
1960 10
10 1478
10 256
1478 1716
1478 2142
1716 497
497 2019
497 1756
2019 898
2019 1187
898 2259
2259 2070
2259 1789
2070 248
248 1723
248 929
1723 2039
1723 2277
2039 292
292 1479
292 2092
1479 79
1479 1239
79 1344
79 599
1344 1746
1746 1610
1746 49
1610 1226
1610 1600
1226 629
629 2148
629 773
2148 1797
2148 528
1797 600
1797 410
600 1865
600 650
1865 1428
1428 213
1428 631
213 1313
1313 392
1313 1301
392 536
392 2007
536 1584
536 169
1584 157
157 232
232 76
76 2005
76 1058
2005 1886
1886 286
1886 1493
286 601
601 2292
2292 1518
1518 1008
1008 1686
1008 2186
1686 1918
1918 556
556 1317
1317 753
753 2014
2014 2060
2014 1161
2060 2111
2060 257
2111 1888
2111 2208
1888 408
1888 1984
408 1942
1942 1466
1466 1522
1522 87
1522 863
87 861
861 1373
1373 2247
1373 770
2247 928
2247 1640
928 856
856 1019
1019 2317
1019 857
2317 2056
2317 916
2056 1276
2056 2248
1276 2203
2203 2003
2003 15
2003 2032
15 2254
2254 269
269 843
269 534
843 893
843 172
893 2
893 482
2 34
34 1568
1568 1601
1601 2160
2160 688
688 230
688 1041
230 1726
230 1383
1726 847
847 748
748 1908
1908 97
97 1052
1052 1538
1538 1817
1817 104
104 651
104 253
651 1982
1982 1947
1982 1171
1947 1924
1947 1168
1924 492
492 386
386 418
418 1167
418 1006
1167 668
1167 266
668 1458
1458 342
342 170
170 1520
1520 1100
1100 533
533 99
533 2175
99 2144
2144 1476
1476 1096
1476 809
1096 1299
1299 53
1299 495
53 461
53 1228
461 1606
1606 2283
2283 255
2283 2171
255 2127
2127 128
2127 1852
128 591
128 687
591 317
317 1216
1216 2116
2116 1690
2116 578
1690 445
445 1712
1712 1743
1712 1084
1743 1822
1822 1258
1258 175
1258 2069
175 1703
1703 946
946 362
362 1920
362 2121
1920 22
1920 822
22 1527
22 1411
1527 196
196 1409
196 960
1409 624
1409 606
624 1905
624 996
1905 1464
1464 1561
1464 177
1561 1996
1996 385
385 1098
385 2266
1098 1134
1098 141
1134 558
1134 2162
558 216
216 2308
2308 1433
2308 180
1433 436
1433 443
436 545
545 1914
545 1209
1914 788
788 966
966 621
966 217
621 830
830 1839
830 947
1839 887
887 577
577 43
43 677
43 1614
677 338
338 652
652 1855
652 2202
1855 1046
1046 189
189 1323
1323 1488
1488 549
549 1945
1945 446
1945 2264
446 1185
1185 1389
1185 775
1389 1195
1195 1838
1195 503
1838 1735
1838 1287
1735 92
92 618
618 574
618 1790
574 649
574 2217
649 1793
649 870
1793 1262
1793 1208
1262 243
243 926
926 1080
1080 757
1080 665
757 747
747 611
611 1033
611 1495
1033 620
620 1430
1430 1268
1268 2293
1268 309
2293 1871
1871 1824
1824 260
1824 933
260 975
260 1794
975 2296
975 36
2296 701
2296 1811
701 1780
701 1312
1780 130
1780 2079
130 1129
1129 1707
1707 1513
1707 2187
1513 84
1513 1706
84 1215
1215 800
1215 940
800 225
225 733
225 2242
733 1910
733 442
1910 626
626 11
11 562
562 220
562 449
220 1265
220 1827
1265 849
1265 992
849 394
394 88
394 493
88 684
88 152
684 1204
684 341
1204 1989
1989 1607
1607 355
1607 608
355 1969
1969 107
1969 923
107 1402
1402 1242
1402 1103
1242 444
1242 2137
444 1246
444 1067
1246 1261
1261 725
1261 1238
725 6
6 1094
6 2260
1094 956
956 1060
1060 1272
1272 1255
1272 1175
1255 2149
1255 1057
2149 19
19 89
89 21
21 1749
21 1333
1749 382
382 1184
1184 2132
1184 139
2132 302
2132 1501
302 1286
1286 1068
1286 2230
1068 1900
1900 1583
1583 679
679 1670
679 1053
1670 1934
1670 1199
1934 2193
2193 1658
1658 1535
1658 1143
1535 498
498 2067
498 1449
2067 627
2067 945
627 1154
1154 330
330 2192
330 540
2192 191
191 372
191 529
372 200
372 1197
200 462
462 1439
1439 1138
1439 2117
1138 840
1138 1977
840 397
397 902
902 805
805 584
805 942
584 2206
584 1260
2206 111
111 904
904 1121
1121 1063
1063 2298
2298 2103
2298 1481
2103 240
240 1475
240 526
1475 2304
1475 2093
2304 1896
1896 1360
1360 1437
1437 1112
1112 219
219 1183
1183 1840
1183 2027
1840 2008
2008 2212
2212 151
151 1473
1473 178
1473 424
178 741
178 1325
741 826
826 181
826 1034
181 1928
181 2262
1928 426
1928 187
426 936
426 425
936 1004
1004 1684
1004 2177
1684 1406
1406 919
1406 308
919 548
548 913
913 1758
913 2001
1758 469
469 829
829 411
829 1249
411 2297
411 1393
2297 834
2297 2063
834 1605
1605 2030
2030 2275
2030 970
2275 743
2275 2120
743 689
743 1017
689 640
689 190
640 2207
2207 790
790 2233
790 183
2233 1107
1107 1975
1975 2047
1975 999
2047 1264
2047 313
1264 2104
1264 1884
2104 1028
2104 519
1028 675
675 1136
675 1482
1136 1142
1136 2289
1142 1612
1142 120
1612 1782
1612 2237
1782 161
161 993
161 2040
993 852
852 2236
2236 1288
2236 1029
1288 1625
1288 2219
1625 1953
1953 110
110 802
802 267
267 404
404 1295
1295 467
467 1804
1804 865
1804 52
865 281
281 375
375 2140
2140 1350
1350 965
965 300
965 1106
300 1633
300 1357
1633 1441
1441 1626
1441 1907
1626 590
1626 490
590 625
625 892
625 144
892 2122
2122 1186
1186 2099
1186 2231
2099 2315
2099 1683
2315 1971
2315 1588
1971 663
663 1474
663 452
1474 889
889 1083
889 1815
1083 192
192 662
662 2155
2155 1320
1320 336
1320 571
336 1791
336 57
1791 70
70 776
776 1030
776 1341
1030 1051
1030 2210
1051 1005
1051 1725
1005 1642
1642 500
500 791
791 2080
791 774
2080 417
417 547
547 453
453 1866
453 772
1866 632
632 420
632 1847
420 1452
1452 759
759 765
759 1298
765 1778
1778 414
1778 644
414 72
72 1322
72 713
1322 1031
1031 981
1031 69
981 2158
981 544
2158 1426
1426 164
1426 1566
164 827
827 2154
2154 1835
1835 1755
1755 296
1755 1336
296 1021
296 2168
1021 1698
1698 1704
1704 2038
1704 699
2038 272
272 716
716 2109
2109 2220
2109 231
2220 1148
1148 263
263 321
321 483
483 2096
483 2276
2096 96
2096 1802
96 1233
96 1676
1233 787
1233 1343
787 361
787 1711
361 195
361 1645
195 339
195 911
339 1747
1747 573
573 1685
573 145
1685 646
1685 2205
646 1170
646 479
1170 1618
1170 867
1618 1160
1618 1590
1160 1635
1635 542
1635 972
542 882
542 635
882 432
882 509
432 1429
432 1954
1429 955
1429 1156
955 517
955 735
517 91
517 1277
91 1922
91 270
1922 1194
1194 1311
1194 1672
1311 1622
1311 2300
1622 441
441 1414
441 427
1414 94
1414 648
94 523
523 1368
523 1863
1368 1834
1368 2288
1834 1689
1834 1994
1689 824
824 1661
1661 1351
1661 563
1351 1446
1351 109
1446 1646
1446 1906
1646 1251
1646 4
1251 866
866 760
760 1546
1546 297
1546 1020
297 1858
297 1331
1858 2076
2076 512
2076 894
512 1620
1620 332
332 165
165 174
174 294
294 233
294 1875
233 1064
1064 2272
1064 959
2272 228
228 1302
1302 2225
2225 47
47 1078
1078 2062
1078 532
2062 55
55 1132
55 2153
1132 553
553 1280
553 1864
1280 2184
2184 1911
1911 1763
1763 2119
2119 1477
2119 2287
1477 1003
1477 1419
1003 7
7 383
7 1436
383 881
383 132
881 1754
881 1932
1754 1398
1754 391
1398 707
1398 480
707 237
237 1256
1256 1874
1256 1128
1874 1318
1318 1274
1318 831
1274 1200
1274 2269
1200 2227
2227 603
2227 1073
603 702
603 1506
702 2243
2243 1826
1826 869
1826 1695
869 1859
869 46
1859 588
1859 1604
588 1324
1324 819
1324 393
819 38
38 739
739 854
854 781
854 364
781 60
781 522
60 171
171 1014
171 2305
1014 1671
1671 1739
1739 2034
2034 935
935 242
935 575
242 1423
242 456
1423 358
358 1592
358 1988
1592 1800
1800 1553
1800 1102
1553 734
734 2051
2051 2249
2051 954
2249 1319
1319 304
304 274
304 1066
274 1582
274 1923
1582 1854
1854 1867
1867 1748
1867 1174
1748 1720
1748 280
1720 643
643 722
643 984
722 473
722 194
473 206
473 2257
206 654
654 969
654 937
969 1353
969 155
1353 2290
2290 311
2290 1807
311 324
324 1382
1382 1410
1382 185
1410 1504
1504 398
398 160
160 2280
160 813
2280 1515
1515 33
1515 2016
33 25
33 1846
25 227
227 2006
227 1370
2006 268
2006 310
268 808
808 818
808 1048
818 1894
818 44
1894 344
344 2013
344 938
2013 994
994 59
994 903
59 2273
59 1062
2273 1037
2273 112
1037 1250
1037 1830
1250 346
1250 1296
346 1972
346 1517
1972 1660
1972 1412
1660 1810
1810 614
1810 541
614 1217
1217 1819
1217 290
1819 1158
1158 1345
1345 343
1345 1904
343 1116
343 325
1116 1957
1957 455
1957 2107
455 298
455 454
298 806
298 1012
806 1547
806 752
1547 1630
1630 1463
1630 1224
1463 1732
1463 1489
1732 261
1732 1212
261 710
261 1507
710 45
710 2316
45 1119
1119 295
295 1930
1930 685
685 353
685 676
353 2022
353 1059
2022 1281
2022 703
1281 1901
1281 1869
1901 93
1901 1074
93 769
93 1627
769 1879
769 459
1879 1381
1879 1694
1381 924
1381 1327
924 807
807 148
807 1903
148 271
271 1697
1697 2229
1697 1131
2229 124
2229 1909
124 1013
124 745
1013 1291
1013 2216
1291 1915
1291 2214
1915 354
354 419
419 1503
1503 721
721 2161
721 1273
2161 422
2161 316
422 3
422 1876
3 2169
2169 1764
1764 527
527 569
527 771
569 1531
1531 214
214 1328
1328 2238
1328 303
2238 12
2238 1496
12 100
100 149
100 705
149 839
149 941
839 1270
1270 619
1270 1235
619 1585
1585 326
326 401
401 1525
401 637
1525 1043
1043 1404
1404 1338
1338 1796
1338 978
1796 198
198 284
198 2310
284 1828
284 539
1828 1162
1162 568
568 510
568 2021
510 798
798 2320
2320 105
2320 594
105 1917
1917 823
823 1364
823 403
1364 207
1364 1738
207 1339
207 1141
1339 2274
1339 1862
2274 1899
2274 1700
1899 2239
1899 135
2239 378
378 2061
2061 2129
2061 1179
2129 2081
2081 371
371 1577
1577 457
1577 2097
457 68
68 636
68 1453
636 2009
636 1326
2009 1424
2009 1597
1424 731
1424 674
731 1219
731 952
1219 2201
2201 872
2201 2321
872 2164
872 307
2164 475
2164 2195
475 1145
1145 712
1145 2143
712 250
712 236
250 1152
1152 2088
1152 742
2088 1385
2088 95
1385 218
218 596
218 900
596 1667
596 1976
1667 1310
1667 895
1310 2189
1310 2084
2189 2135
2135 572
572 2213
2213 784
784 35
784 1788
35 1806
35 2268
1806 1169
1806 1314
1169 1397
1397 1213
1213 1390
1213 29
1390 1099
1390 209
1099 1303
1303 832
1303 464
832 2286
2286 1616
1616 1137
1137 1384
1384 356
356 23
23 1396
1396 1550
1396 62
1550 967
1550 1718
967 2004
2004 2023
2023 2313
2023 1705
2313 2066
2066 400
2066 2031
400 551
551 86
551 1845
86 1164
86 871
1164 367
1164 9
367 717
367 1773
717 593
593 1075
593 439
1075 58
58 1088
1088 2000
1088 1805
2000 476
476 2281
476 2302
2281 1814
1814 63
1814 496
63 287
63 77
287 226
287 768
226 1981
226 374
1981 1163
1981 215
1163 188
1163 395
188 1816
1816 1297
1816 1769
1297 1420
1297 447
1420 1967
1420 1673
1967 1001
1001 1512
1001 2136
1512 18
1512 373
18 1951
1951 474
1951 1089
474 2267
474 2124
2267 1868
1868 1795
1868 855
1795 314
314 1978
1978 513
1978 1569
513 1551
513 2270
1551 2176
2176 2261
2176 1416
2261 448
448 468
448 555
468 116
116 1580
1580 726
1580 1999
726 299
299 848
299 1227
848 1803
848 697
1803 1009
1803 1593
1009 1177
1177 658
658 612
658 925
612 693
693 1403
693 118
1403 1937
1403 1560
1937 963
963 2291
963 1462
2291 645
2291 51
645 114
645 351
114 982
982 166
982 1054
166 1140
1140 1431
1431 1663
1431 610
1663 811
811 1717
1717 1422
1422 2078
1422 908
2078 567
567 39
567 1623
39 686
686 282
686 1300
282 48
282 1781
48 221
221 520
520 948
520 1230
948 234
234 1047
234 1766
1047 193
1047 184
193 507
193 777
507 2245
507 1294
2245 1730
1730 583
583 1880
1880 1654
1654 113
1654 1016
113 1964
113 1785
1964 1290
1290 1636
1290 1537
1636 607
607 1002
607 638
1002 883
1002 1611
883 1714
1714 458
458 2194
458 671
2194 1574
1574 1962
1574 985
1962 1737
1737 1759
1759 2068
2068 1955
1955 1363
1955 998
1363 1699
1699 1240
1699 673
1240 150
150 265
150 2065
265 2126
265 1085
2126 1729
2126 1079
1729 381
1729 1669
381 2309
381 664
2309 950
2309 1176
950 1182
1182 672
672 874
672 1355
874 2234
2234 905
2234 1220
905 1027
905 337
1027 246
246 1335
246 885
1335 1548
1335 2265
1548 1632
1632 472
1632 158
472 976
472 1000
976 670
670 318
670 604
318 389
318 918
389 16
389 1211
16 387
16 80
387 613
613 222
222 127
127 1090
127 657
1090 405
405 1329
405 2311
1329 1304
1329 1133
1304 2105
1304 1309
2105 1065
2105 2077
1065 961
1065 868
961 1831
1831 67
1831 138
67 312
67 345
312 122
122 552
122 812
552 1023
1023 2115
1023 1007
2115 320
2115 2252
320 283
283 1254
1254 1231
1254 1263
1231 1236
1236 2064
1236 1931
2064 1628
1628 778
778 1841
1841 1471
1841 884
1471 1798
1471 1589
1798 1943
1798 1237
1943 718
1943 415
718 616
616 2138
616 463
2138 2130
2138 1666
2130 1365
1365 700
700 932
700 2046
932 333
333 173
333 2020
173 1222
1222 2082
2082 2036
2082 1533
2036 2044
2036 1372
2044 1214
2044 639
1214 602
1214 1544
602 783
783 81
81 833
833 1691
833 1139
1691 229
1691 953
229 485
229 1721
485 755
755 1125
1125 40
1125 1581
40 1401
1401 1082
1401 585
1082 506
506 1202
1202 633
1202 1192
633 795
795 1681
795 376
1681 17
1681 1850
17 1678
17 1153
1678 115
115 1576
1576 801
801 1032
1032 763
763 1889
1889 1916
1889 1438
1916 238
1916 1172
238 1892
1892 1491
1491 101
1491 1575
101 1677
1677 440
1677 64
440 289
440 737
289 1809
1809 179
1809 1293
179 634
634 413
634 1050
413 1650
1650 1571
1650 416
1571 1469
1469 789
1469 1837
789 1771
1771 1570
1570 1519
1519 2180
2180 2181
2181 564
564 2258
564 2282
2258 1767
2258 1395
1767 1480
1480 2035
1480 1026
2035 2240
2240 1500
2240 764
1500 538
1500 1352
538 1279
1279 1603
1603 1562
1562 720
720 1505
720 1271
1505 1508
1505 1624
1508 690
690 396
690 1757
396 1483
396 1259
1483 1719
1719 1857
1719 1465
1857 1521
1857 1565
1521 944
1521 2174
944 920
920 1252
1252 951
951 1284
951 653
1284 1752
1752 1890
1890 1379
1379 1150
1379 828
1150 2151
2151 1025
2151 323
1025 306
306 817
306 1970
817 239
239 815
815 1511
1511 2145
1511 202
2145 1692
1692 980
1692 1369
980 2319
980 1010
2319 1772
1772 761
761 1371
761 1736
1371 156
1371 211
156 1024
1024 2112
2112 2042
2112 1608
2042 1659
1659 1407
1659 275
1407 708
708 335
335 615
615 98
98 1856
1856 481
1856 2228
481 328
328 2083
2083 2037
2083 1997
2037 1366
2037 1
1366 810
810 1092
1092 1680
1092 622
1680 277
1680 2106
277 159
277 1801
159 2199
159 667
2199 1070
1070 1378
1378 779
1378 1655
779 816
779 2075
816 2211
2211 20
2211 2197
20 2183
2183 995
995 1305
995 566
1305 102
102 1127
1127 1035
1035 1956
1956 1987
1987 1155
1155 368
368 1348
1348 54
54 2167
54 1442
2167 786
786 660
786 724
660 579
660 412
579 470
579 1234
470 550
470 986
550 1993
1993 390
390 1109
1109 704
704 2246
704 2299
2246 1375
1375 2049
1375 73
2049 2244
2049 1229
2244 504
2244 991
504 8
8 582
8 438
582 1380
582 1018
1380 2089
2089 931
931 1011
1011 2059
2059 1753
1753 433
433 1745
433 1615
1745 681
681 359
359 252
252 565
252 2224
565 1077
1077 939
1077 1631
939 767
939 2057
767 740
767 137
740 1728
740 1836
1728 1844
1844 797
1844 133
797 1656
797 2072
1656 1665
1656 1842
1665 1147
1665 1045
1147 2094
2094 1832
1832 1405
1405 399
1405 2058
399 1509
399 1944
1509 1799
1799 1938
1799 1308
1938 1952
1952 1727
1727 1245
1727 1556
1245 561
1245 1526
561 878
878 140
140 692
692 2015
692 1715
2015 1779
2015 766
1779 1118
1779 595
1118 891
1118 2152
891 2209
2209 2285
2285 199
2285 1776
199 1444
199 1949
1444 706
706 580
580 197
197 501
501 37
37 1564
1564 793
793 524
524 738
738 1529
1529 1149
1529 1609
1149 1885
1885 1833
1885 488
1833 804
1833 2173
804 136
136 853
136 912
853 380
380 1991
1991 2125
1991 134
2125 125
125 1104
1104 1823
1104 168
1823 1637
1637 554
1637 973
554 1076
554 2017
1076 850
1076 1679
850 2098
2098 880
880 1223
1223 451
1223 910
451 1454
1454 2191
1454 543
2191 2028
2028 1724
1724 1146
1146 126
1146 751
126 2114
2114 2159
2114 1682
2159 1933
1933 129
129 1596
1596 949
949 1651
1651 1813
1813 108
108 90
108 119
90 1688
90 2188
1688 24
1688 2101
24 756
24 729
756 987
987 799
799 782
799 1919
782 1282
782 570
1282 117
117 860
860 1307
860 147
1307 682
682 2284
2284 2026
2026 1762
2026 2215
1762 1038
1038 466
1038 1340
466 1985
466 402
1985 1377
1985 1578
1377 163
1377 698
163 2196
2196 1873
1873 83
1873 873
83 1986
1986 1657
1657 2090
1657 1374
2090 1432
2090 262
1432 1451
1451 41
41 1812
1812 1056
1812 2010
1056 1927
1056 1460
1927 1598
1598 1266
1598 968
1266 1342
1266 460
1342 1069
1069 796
796 1455
796 2043
1455 357
357 559
559 1829
1829 241
241 1849
241 1334
1849 1193
1849 350
1193 2263
1193 2279
2263 1456
1456 1400
1400 65
65 508
65 1499
508 1173
508 273
1173 235
235 1973
235 974
1973 106
1973 154
106 1702
1702 293
1702 1418
293 1283
293 2178
1283 1467
1467 1853
1467 1958
1853 1123
1123 530
530 844
844 1061
844 499
1061 1306
1061 979
1306 1687
1306 1750
1687 762
762 977
762 1399
977 484
977 27
484 1347
484 1617
1347 957
1347 535
957 2146
957 1641
2146 365
365 406
406 505
505 1253
505 1926
1253 736
1253 2071
736 1860
1860 28
28 1330
28 489
1330 1532
1330 471
1532 2139
1532 546
2139 258
258 1049
258 301
1049 2100
2100 1392
2100 2073
1392 327
327 1968
1968 56
1968 623
56 921
56 1554
921 780
780 1490
1490 2123
1490 1963
2123 837
837 1120
1120 1543
1120 728
1543 423
423 1925
1925 915
1925 1713
915 2108
2108 1940
1940 1895
1940 989
1895 349
1895 835
349 103
103 875
103 605
875 75
875 1191
75 1783
75 2011
1783 609
609 1427
609 1332
1427 1206
1427 1629
1206 2048
1206 1708
2048 210
210 1180
210 841
1180 61
61 1126
1126 557
557 1595
1595 1093
1595 162
1093 2221
1093 1893
2221 1709
1709 647
1709 1861
647 691
691 1549
691 1740
1549 334
1549 78
334 1349
334 1998
1349 348
348 2102
348 1541
2102 477
477 1159
477 1965
1159 838
1159 2147
838 205
205 516
516 1108
516 1115
1108 1786
1108 1178
1786 1117
1117 203
1117 909
203 1983
1983 1514
1983 2251
1514 1486
1486 1498
1498 906
906 1586
1586 249
1586 1634
249 2172
2172 560
2172 363
560 1741
1741 487
1741 1484
487 384
384 930
930 845
930 1044
845 537
845 1346
537 934
934 1356
934 896
1356 1095
1356 1415
1095 1166
1166 1792
1792 1494
1494 1470
1470 360
1470 131
360 1946
360 1878
1946 2156
2156 1198
2156 1929
1198 2128
2128 1898
1898 825
1898 1731
825 264
264 1751
264 1555
1751 13
1751 2157
13 814
13 465
814 182
814 1113
182 143
182 2301
143 1247
1247 1848
1247 1359
1848 1662
1662 1354
1354 329
1354 1808
329 678
329 730
678 428
678 1891
428 1417
1417 964
964 1775
1775 1959
1959 142
1959 511
142 430
142 1218
430 744
744 521
521 514
521 922
514 2163
2163 2198
2163 1144
2198 1362
1362 2306
2306 2054
2054 997
2054 1921
997 2086
2086 2179
2086 1440
2179 2294
2294 1459
1459 820
820 1114
1114 1492
1492 1243
1492 836
1243 2045
1243 370
2045 709
709 1022
1022 2314
2314 1536
2314 1674
1536 450
450 146
146 1621
1621 1188
1621 1408
1188 1091
1188 1289
1091 1818
1818 1599
1599 31
31 1760
31 1939
1760 1966
1966 486
1966 1124
486 2312
486 429
2312 369
369 1087
369 1040
1087 2256
1087 656
2256 1386
2256 1434
1386 927
927 1913
1913 1042
1913 1649
1042 696
696 1485
696 723
1485 2232
2232 1567
2232 655
1567 1207
1207 1232
1232 2074
2074 2041
2041 1530
2041 2250
1530 435
435 2218
435 1443
2218 434
434 421
421 2241
421 212
2241 864
864 2307
864 990
2307 586
586 2190
586 2025
2190 641
2190 176
641 1693
641 758
1693 5
1693 245
5 2050
5 1935
2050 208
2050 201
208 1387
1387 1573
1387 666
1573 305
1573 943
305 2141
305 1995
2141 1639
1639 1563
1639 876
1563 1285
1285 437
1285 1081
437 2029
2029 1777
1777 1591
1777 589
1591 2303
1591 750
2303 592
2303 251
592 2131
592 1887
2131 962
962 1877
1877 352
1877 278
352 2033
352 2133
2033 71
2033 1468
71 1472
71 1825
1472 2185
1472 1742
2185 366
366 1992
1992 617
617 407
617 2134
407 1448
1448 1457
1448 680
1457 153
1457 2295
153 1151
1151 1765
1765 1036
1036 1376
1036 1435
1376 2118
1376 26
2118 1675
2118 1653
1675 1843
1675 123
1843 1101
1843 1644
1101 223
223 525
525 2318
2318 2150
2318 2165
2150 714
2150 803
714 2170
714 1275
2170 1072
1072 1189
1072 576
1189 749
749 754
754 167
754 888
167 1902
1902 630
630 259
259 792
792 50
50 276
50 1015
276 1130
276 30
1130 669
1130 1165
669 1761
669 186
1761 1445
1445 1787
1787 1523
1523 1337
1523 1039
1337 1744
1337 2053
