2 1668 56068607
2 1
344 1016
1016 663
663 301
663 828
301 912
912 892
892 78
78 284
78 58
284 1047
284 1640
1047 808
808 1186
808 269
1186 1230
1186 752
1230 1498
1230 954
1498 127
1498 1182
127 339
339 1248
1248 1083
1248 1378
1083 253
1083 1497
253 215
253 698
215 930
215 41
930 1042
930 98
1042 498
498 712
712 1573
1573 191
191 100
191 1109
100 179
100 43
179 1617
179 1200
1617 641
1617 1282
641 966
966 840
966 1095
840 648
648 810
810 477
477 940
940 248
940 844
248 974
248 1609
974 405
974 217
405 565
405 660
565 73
565 128
73 1663
1663 372
1663 1290
372 411
411 715
715 84
84 1320
84 1536
1320 918
918 436
436 1265
1265 1374
1374 152
152 759
152 1448
759 1214
759 401
1214 1031
1214 1117
1031 327
1031 628
327 1208
1208 769
1208 1044
769 121
769 1619
121 503
121 1219
503 205
205 1501
1501 1399
1501 550
1399 469
469 654
654 357
357 207
357 632
207 950
207 506
950 1627
1627 176
1627 1124
176 132
176 1630
132 557
132 1188
557 154
557 1157
154 1423
154 1064
1423 910
1423 1249
910 197
197 743
743 360
360 556
556 734
556 83
734 1185
734 1607
1185 599
1185 521
599 1550
599 1246
1550 272
1550 1636
272 86
272 1006
86 804
804 1542
804 908
1542 1274
1542 634
1274 343
1274 224
343 1380
343 675
1380 621
1380 1450
621 1474
1474 615
615 976
615 109
976 85
976 627
85 241
241 244
244 145
244 813
145 1035
1035 70
70 508
70 597
508 427
508 262
427 92
427 1633
92 414
92 1078
414 522
414 750
522 1075
522 1245
1075 211
211 279
279 1408
1408 1453
1408 694
1453 1610
1610 1503
1610 385
1503 1356
1503 1597
1356 1471
1356 936
1471 1512
1512 656
1512 1113
656 1281
656 1478
1281 394
1281 1364
394 773
773 29
29 1451
1451 1071
1451 1616
1071 601
1071 144
601 1331
601 558
1331 626
626 946
946 307
946 992
307 1277
1277 1643
1643 1137
1643 931
1137 756
1137 677
756 256
256 162
256 1410
162 67
67 1646
1646 1622
1622 794
1622 1354
794 770
794 800
770 223
223 158
158 167
158 559
167 998
998 188
998 549
188 748
748 1160
748 1294
1160 1212
1160 286
1212 1457
1457 655
1457 148
655 856
655 268
856 578
856 596
578 833
833 421
833 447
421 587
587 882
587 822
882 1562
882 39
1562 890
1562 49
890 111
890 368
111 968
111 1247
968 1366
1366 259
259 577
259 1362
577 788
577 962
788 802
788 101
802 1068
802 104
1068 1522
1068 303
1522 876
1522 831
876 923
876 850
923 991
991 1140
1140 1499
1140 308
1499 1365
1499 1010
1365 333
1365 790
333 281
333 690
281 939
939 222
939 1149
222 904
222 220
904 644
904 1586
644 1104
644 1231
1104 865
1104 657
865 613
865 572
613 1161
613 1289
1161 1492
1492 410
1492 1114
410 1475
1475 422
422 426
422 1600
426 1298
1298 1123
1123 1142
1142 1309
1309 1255
1309 1425
1255 1468
1468 2
1468 538
2 972
972 980
980 1045
1045 1266
1045 1189
1266 47
1266 1371
47 1171
1171 1466
1466 311
311 832
311 1127
832 1506
1506 462
1506 212
462 459
462 1070
459 766
459 1147
766 854
766 1039
854 1011
854 1447
1011 847
847 739
847 1139
739 1435
1435 746
746 1154
746 113
1154 1341
1341 74
1341 472
74 19
19 1393
1393 1324
1393 1494
1324 1028
1324 688
1028 685
1028 504
685 9
685 1615
9 336
336 140
140 195
195 1279
1279 999
1279 287
999 374
374 1224
374 1487
1224 768
1224 1382
768 1637
1637 1598
1598 960
1598 175
960 1001
960 460
1001 1239
1001 1183
1239 1138
1138 321
321 375
321 323
375 164
164 250
250 837
250 965
837 1241
837 312
1241 87
87 870
870 894
870 1199
894 539
894 134
539 901
901 482
901 480
482 370
370 935
370 1181
935 820
935 77
820 501
820 435
501 943
943 531
943 782
531 161
161 1467
161 439
1467 1223
1467 811
1223 37
1223 1355
37 687
687 602
602 868
602 1244
868 1233
868 1229
1233 780
780 1444
780 1106
1444 963
963 873
873 1422
873 391
1422 1437
1437 112
112 1122
112 1263
1122 1311
1311 210
1311 995
210 528
210 245
528 1234
528 1158
1234 667
1234 542
667 1464
1464 1175
1464 45
1175 105
105 335
105 650
335 624
624 1026
624 310
1026 8
1026 1166
8 502
502 169
169 505
505 442
442 6
6 1043
1043 203
1043 455
203 379
379 36
379 457
36 1275
36 1566
1275 350
350 59
59 470
470 1561
470 1584
1561 696
1561 1514
696 1018
696 214
1018 1015
1018 571
1015 829
1015 1405
829 1172
1172 1025
1025 643
643 1547
1547 749
749 488
749 1509
488 430
488 1283
430 567
567 393
567 1359
393 616
616 1227
616 395
1227 1462
1462 741
741 1155
1155 1612
1155 1148
1612 1046
1612 646
1046 507
1046 869
507 1388
1388 366
366 353
366 403
353 1665
353 872
1665 206
1665 1269
206 110
110 30
110 523
30 1222
1222 1629
1222 298
1629 738
738 1528
1528 194
194 1649
1649 1162
1162 926
926 64
64 1567
1567 609
609 1666
609 192
1666 267
1666 680
267 886
267 1436
886 884
886 1611
884 292
292 484
292 122
484 155
155 271
271 823
823 1650
1650 1260
1260 456
1260 415
456 99
99 1030
99 384
1030 409
1030 55
409 934
409 761
934 762
762 618
618 362
618 1132
362 993
993 390
390 825
825 1544
1544 363
1544 1308
363 193
363 314
193 1318
1318 569
1318 784
569 796
569 830
796 1203
1203 902
1203 1145
902 834
902 434
834 771
834 330
771 1625
1625 807
1625 583
807 57
807 1452
57 996
57 1087
996 297
297 937
297 776
937 1125
937 232
1125 640
640 1020
640 451
1020 815
1020 793
815 1102
815 1556
1102 216
1102 1351
216 914
914 1401
1401 742
1401 1261
742 454
454 806
454 727
806 1357
1357 450
450 907
450 1349
907 1052
907 296
1052 731
731 181
181 849
181 637
849 1656
1656 1575
1656 185
1575 895
895 464
464 1264
1264 1217
1217 841
841 1063
1063 118
1063 988
118 1582
118 985
1582 1213
1582 1027
1213 1543
1213 852
1543 736
736 33
33 1373
33 1458
1373 1572
1373 231
1572 678
678 1097
1097 674
674 924
924 1032
924 495
1032 981
981 1545
981 483
1545 141
1545 1022
141 842
141 817
842 1394
1394 1240
1394 987
1240 18
1240 951
18 670
670 20
670 1069
20 1295
20 338
1295 433
1295 786
433 1057
433 1143
1057 961
961 28
28 1306
28 283
1306 512
512 1112
512 1479
1112 1041
1112 106
1041 814
1041 1079
814 1660
814 548
1660 91
1660 280
91 1664
1664 367
1664 1589
367 102
102 1108
102 1271
1108 866
866 622
866 486
622 1632
1632 1519
1632 959
1519 1017
1017 11
11 136
136 1210
136 1456
1210 1569
1210 853
1569 476
476 879
476 824
879 246
246 22
22 300
22 938
300 63
63 1205
1205 285
1205 570
285 274
285 50
274 1256
1256 1081
1081 371
1081 1002
371 774
774 383
774 1605
383 1029
383 606
1029 31
31 629
31 509
629 204
629 1441
204 264
264 1284
264 97
1284 533
533 1040
1040 398
1040 1319
398 1485
1485 93
1485 324
93 1165
1165 589
1165 945
589 3
3 1152
3 172
1152 331
1152 1
331 249
249 1588
1588 1195
1588 432
1195 1191
1195 1115
1191 90
90 1504
1504 843
1504 1192
843 1228
1228 859
1228 717
859 1414
1414 270
270 1008
270 1003
1008 592
592 445
592 710
445 978
978 608
608 779
779 623
623 499
499 878
499 361
878 1518
1518 429
429 967
429 1252
967 700
967 669
700 474
700 975
474 1225
1225 763
1225 479
763 1323
763 261
1323 1085
1085 1537
1085 143
1537 947
1537 1585
947 977
977 955
955 1336
955 789
1336 72
1336 146
72 341
341 1074
341 1151
1074 1576
1074 1004
1576 922
922 605
922 554
605 631
631 647
647 129
129 1094
129 693
1094 381
1094 1134
381 649
649 863
863 10
863 1608
10 1367
1367 564
1367 165
564 1334
1334 518
1334 1163
518 1054
1054 1321
1054 320
1321 388
1321 582
388 1652
1652 306
1652 352
306 551
306 520
551 1480
1480 989
1480 546
989 611
611 46
611 1387
46 1624
46 900
1624 990
1624 1657
990 1535
1535 346
1535 117
346 1407
346 594
1407 1184
1407 1411
1184 1400
1184 1483
1400 1482
1400 919
1482 1329
1482 1578
1329 1116
1116 365
1116 801
365 376
376 1280
376 1532
1280 351
1280 208
351 816
816 684
684 1037
684 1060
1037 1618
1037 62
1618 1613
1613 751
751 566
751 1554
566 299
566 1375
299 1050
299 864
1050 651
1050 730
651 1343
1343 821
1343 792
821 668
668 174
668 540
174 1488
1488 125
1488 289
125 1614
125 1541
1614 925
925 358
925 81
358 21
358 288
21 149
149 1427
149 598
1427 413
413 1620
1620 579
579 438
579 732
438 1130
1130 1156
1156 1368
1156 642
1368 885
885 689
689 620
689 1430
620 491
620 7
491 704
704 425
704 584
425 1438
1438 1300
1300 575
1300 1404
575 805
575 1455
805 60
805 465
60 1303
1303 517
1303 797
517 1662
1662 1520
1520 603
1520 997
603 399
399 1153
399 266
1153 1101
1153 534
1101 545
1101 877
545 240
545 257
240 471
471 1397
471 345
1397 573
1397 1392
573 1473
1473 612
612 1196
1196 708
708 1429
708 431
1429 723
723 795
795 777
777 889
889 1159
1159 402
402 1089
1089 921
1089 1581
921 1330
921 356
1330 389
1330 1287
389 720
720 1659
1659 729
729 948
729 591
948 1533
1533 580
580 1428
1428 443
1428 911
443 1056
1056 412
412 1555
412 137
1555 1379
1555 1634
1379 380
1379 82
380 378
380 423
378 638
638 1639
638 1131
1639 200
1639 186
200 1179
1179 1489
1489 555
555 1072
1072 130
130 489
130 1065
489 1563
1563 163
163 1167
1167 1591
1591 485
485 1221
485 610
1221 514
514 328
328 54
54 1668
1668 1579
1668 1297
1579 466
1579 1173
466 497
497 826
826 625
826 417
625 636
636 1571
1571 1098
1098 1118
1118 1559
1118 254
1559 1396
1396 1176
1396 586
1176 65
1176 229
65 1058
1058 543
543 1603
543 1645
1603 1103
1603 496
1103 576
1103 1398
576 1036
576 1091
1036 1133
1036 633
1133 515
515 964
515 326
964 1470
964 332
1470 420
1470 1564
420 1178
420 1197
1178 1253
1253 116
116 44
116 189
44 595
44 153
595 198
198 1469
1469 1515
1469 1009
1515 971
971 537
971 692
537 1661
537 1322
1661 1386
1661 278
1386 255
1386 359
255 1339
255 604
1339 187
187 213
187 574
213 1135
213 725
1135 126
1135 1194
126 1293
1293 226
226 614
614 1049
1049 1128
1128 721
1128 653
721 619
619 547
547 1658
1658 760
760 461
461 168
461 1360
168 941
941 236
941 1111
236 1595
236 418
1595 1144
1144 1110
1144 428
1110 699
699 260
260 516
516 171
171 1409
171 1389
1409 201
1409 818
201 1012
201 437
1012 1530
1012 1594
1530 239
239 1206
239 529
1206 791
791 1490
791 1621
1490 1347
1347 1486
1347 234
1486 1120
1486 1276
1120 32
32 1059
1059 1352
1059 671
1352 851
851 588
851 666
588 115
588 527
115 1590
115 702
1590 183
1590 227
183 1442
183 1655
1442 76
1442 1641
76 1268
76 1278
1268 1538
1268 553
1538 1310
1310 1446
1310 1286
1446 1301
1446 861
1301 313
313 88
313 1180
88 1510
88 1524
1510 664
1510 293
664 69
664 1096
69 173
69 133
173 467
173 1635
467 1237
1237 500
1237 170
500 888
500 581
888 733
733 1257
733 386
1257 916
916 1484
1484 108
1484 1568
108 1383
108 1593
1383 12
1383 233
12 839
12 396
839 1461
1461 880
880 906
906 1507
906 665
1507 532
532 1014
1014 397
1014 1201
397 1088
1088 812
812 68
812 1345
68 407
407 909
909 94
909 933
94 898
94 114
898 1193
1193 463
1193 635
463 1491
1491 75
75 238
75 1055
238 1558
1558 737
1558 302
737 294
737 1209
294 535
294 1391
535 1235
535 1493
1235 275
1235 758
275 1402
1402 1553
1402 305
1553 325
325 1531
1531 1313
1531 544
1313 1019
1313 1267
1019 1377
1019 1667
1377 1077
1377 1415
1077 1642
1642 983
1642 1580
983 659
983 1369
659 15
15 617
15 903
617 600
600 899
600 1202
899 80
899 745
80 150
80 563
150 1604
1604 329
1604 258
329 819
329 1511
819 1325
819 1100
1325 672
1325 1570
672 1292
1292 1376
1376 1226
1376 1602
1226 1431
1431 1481
1481 120
1481 107
120 1560
1560 235
1560 915
235 71
235 1342
71 561
71 1340
561 747
747 135
135 1121
1121 408
408 874
408 1419
874 1218
874 1421
1218 1164
1164 944
1164 970
944 1023
1023 1048
1048 119
119 867
119 53
867 1007
867 209
1007 166
1007 27
166 1296
166 406
1296 703
1296 349
703 695
703 190
695 1577
1577 309
1577 1291
309 142
142 726
142 897
726 348
726 1601
348 568
348 541
568 16
16 1517
16 61
1517 1385
1385 1084
1385 1198
1084 151
1084 1416
151 875
875 1262
875 927
1262 1403
1262 316
1403 772
772 1304
772 4
1304 798
798 441
798 1005
441 711
441 1440
711 1305
711 1272
1305 526
526 1105
526 1335
1105 202
202 722
722 718
722 440
718 1644
1644 764
764 419
419 701
419 781
701 645
701 783
645 492
645 530
492 1596
492 714
1596 952
952 1654
1654 679
1654 1623
679 803
679 891
803 1136
1136 446
1136 1502
446 754
754 1066
754 13
1066 929
929 1445
929 1353
1445 475
1445 34
475 1273
1273 511
1273 315
511 681
511 1548
681 277
277 243
243 1500
1500 449
1500 452
449 424
449 525
424 1021
424 1426
1021 1551
1021 156
1551 1211
1551 1449
1211 932
932 400
932 1433
400 560
560 1361
1361 1372
1361 661
1372 1254
1254 342
1254 1496
342 1238
342 1523
1238 1495
1495 1092
1092 1327
1327 691
691 757
691 159
757 318
757 1314
318 221
318 536
221 1190
1190 160
1190 1406
160 1539
1539 453
453 252
453 1250
252 196
252 513
196 1628
1628 1093
1628 1299
1093 1090
1093 1521
1090 1420
1420 1648
1420 1129
1648 1348
1648 1529
1348 1534
1348 1346
1534 1587
1534 984
1587 920
1587 855
920 662
920 1076
662 25
25 1174
1174 838
838 1038
838 1082
1038 473
1038 697
473 1024
1024 1326
1024 719
1326 986
1326 1413
986 705
986 676
705 218
705 1242
218 973
973 95
95 1477
95 735
1477 392
1477 1525
392 1236
392 364
1236 928
1236 1363
928 958
928 1258
958 862
862 1443
1443 1187
1443 377
1187 219
1187 1459
219 1412
219 1067
1412 585
1412 355
585 494
494 478
494 228
478 56
56 1631
56 5
1631 1592
1631 683
1592 347
1592 123
347 860
347 225
860 103
860 846
103 590
590 552
552 178
178 1460
1460 1177
1460 295
1177 519
519 1358
519 682
1358 1350
1358 744
1350 1062
1062 1215
1062 716
1215 1288
1215 1013
1288 1170
1288 1080
1170 1626
1170 1285
1626 957
1626 334
957 458
458 124
458 1527
124 893
124 180
893 1370
1370 799
1370 481
799 1312
799 1034
1312 493
1312 242
493 138
493 765
138 79
138 775
79 382
79 1333
382 942
942 1439
942 1099
1439 848
848 24
24 896
24 139
896 1472
1472 177
177 913
177 247
913 1270
1270 1307
1270 354
1307 51
51 1418
51 1317
1418 1638
1638 373
1638 1315
373 1033
1033 827
827 845
827 753
845 35
845 1557
35 1526
35 787
1526 658
1526 524
658 1053
658 857
1053 1344
1053 66
1344 686
1344 1381
686 1647
686 340
1647 251
1647 1216
251 337
337 1454
1454 14
14 1073
1073 713
713 1549
713 1384
1549 1169
1169 1565
1565 1220
1220 263
263 1150
263 1599
1150 728
728 237
237 182
182 38
38 835
38 291
835 1390
835 871
1390 1395
1395 468
1395 387
468 157
157 809
157 1207
809 1546
809 48
1546 953
1546 1424
953 276
276 1061
276 1332
1061 510
510 131
510 1583
131 994
994 1417
1417 1243
1243 1337
1243 40
1337 778
1337 1476
778 1432
778 639
1432 1000
1000 1126
1126 836
836 444
836 319
444 785
785 52
785 304
52 230
52 147
230 1465
230 1505
1465 1086
1086 282
282 881
881 199
199 317
317 982
982 858
858 593
858 969
593 26
26 1338
1338 42
1338 290
42 322
322 448
448 1651
1651 949
949 1259
1259 1141
1259 184
1141 887
887 740
887 1316
740 1606
740 487
1606 1302
1606 273
1302 755
1302 404
755 23
23 17
17 89
89 724
89 1513
724 1146
724 562
1146 1653
1146 956
1653 607
1653 369
607 1574
1574 673
673 630
630 1107
1107 265
1107 709
265 1516
265 652
1516 706
706 707
706 1251
707 1204
1204 767
767 1232
767 1508
1232 1051
1051 1540
1540 1552
1552 1168
1168 917
1168 490
917 1119
1119 1434
1434 1463
1434 416
1463 979
979 96
96 883
883 1328
883 905
