24 1607 51298
24 10
10 8
8 11
8 23
11 14
11 9
14 3
3 13
3 19
13 16
16 7
16 2
7 21
21 22
21 18
22 17
22 6
17 12
12 15
15 4
4 1
4 5
1 20
1557 1385
1557 393
1385 995
1385 765
995 555
555 1132
555 494
1132 779
779 1199
1199 1566
1566 814
1566 80
814 50
814 618
50 1488
50 1223
1488 431
431 1520
431 1506
1520 456
1520 583
456 551
456 626
551 1046
551 326
1046 372
372 1599
372 250
1599 345
345 269
269 31
269 1463
31 1446
1446 773
773 878
773 446
878 123
878 53
123 1330
1330 1228
1330 1328
1228 1264
1264 444
1264 635
444 112
112 63
112 470
63 1498
63 181
1498 869
1498 1477
869 293
293 1433
293 311
1433 1497
1497 1007
1497 1407
1007 720
1007 627
720 1074
720 268
1074 586
1074 1242
586 1280
586 1355
1280 744
744 202
202 242
202 1483
242 811
811 706
811 458
706 705
706 371
705 26
705 971
26 558
26 423
558 1248
558 280
1248 351
351 1363
351 366
1363 226
1363 102
226 982
226 384
982 109
982 941
109 1525
109 1171
1525 1457
1457 1323
1323 236
1323 1018
236 830
830 874
874 175
175 397
397 1351
397 433
1351 439
439 1338
1338 1371
1338 972
1371 1034
1034 1243
1034 1017
1243 1342
1342 846
846 764
846 1240
764 1309
1309 476
1309 98
476 422
422 1440
422 834
1440 1117
1440 1043
1117 1014
1014 695
1014 682
695 1241
695 769
1241 675
675 42
42 115
42 1319
115 1567
1567 1208
1208 772
772 1021
772 1581
1021 1119
1021 521
1119 30
1119 388
30 1040
30 615
1040 826
1040 1317
826 1055
1055 789
1055 1450
789 1146
789 961
1146 1173
1146 307
1173 1464
1464 1161
1464 1004
1161 911
911 60
60 450
60 1564
450 1533
1533 1254
1533 234
1254 77
77 357
77 989
357 103
357 1382
103 740
740 718
718 1183
718 663
1183 1006
1006 1068
1006 800
1068 894
1068 674
894 662
894 996
662 148
148 686
148 643
686 1157
1157 730
730 855
855 864
864 841
864 784
841 1203
1203 168
1203 748
168 1471
168 1300
1471 1460
1471 673
1460 1155
1460 128
1155 1000
1155 189
1000 1049
1000 912
1049 1125
1125 1604
1125 1606
1604 1494
1494 1108
1494 902
1108 795
795 758
795 261
758 1592
758 827
1592 54
54 1220
1220 1039
1220 1278
1039 1225
1039 452
1225 1360
1360 910
910 889
910 12
889 1548
1548 362
1548 620
362 303
303 940
940 1085
1085 1593
1085 1276
1593 126
126 82
82 1303
1303 180
180 1571
180 577
1571 829
1571 27
829 413
829 776
413 953
953 341
341 1109
341 246
1109 45
1109 288
45 956
45 1442
956 629
629 876
876 966
876 300
966 1465
966 1045
1465 451
1465 783
451 867
867 1244
867 1560
1244 1381
1244 967
1381 514
514 365
514 955
365 903
903 525
525 1376
525 166
1376 1327
1376 1590
1327 342
1327 401
342 711
342 132
711 887
887 460
887 1292
460 403
460 570
403 1422
1422 567
567 1391
1391 323
323 835
835 152
835 453
152 901
152 395
901 1093
901 1431
1093 200
1093 81
200 1473
1473 1030
1473 238
1030 1587
1587 1453
1587 131
1453 359
1453 979
359 1536
359 1436
1536 1022
1022 728
1022 805
728 124
124 1554
1554 503
1554 414
503 547
503 1539
547 1262
1262 1356
1356 477
477 291
477 1562
291 1235
291 991
1235 1281
1281 1221
1221 707
1221 381
707 723
707 964
723 548
548 1387
548 781
1387 1213
1213 947
1213 617
947 868
947 1417
868 1269
1269 1419
1419 1553
1419 290
1553 295
295 1512
295 933
1512 164
1512 739
164 1041
1041 1579
1579 1214
1579 1594
1214 468
1214 1598
468 1296
468 918
1296 44
44 880
880 230
230 752
230 85
752 973
973 101
101 1164
1164 277
1164 790
277 1099
1099 1476
1476 703
703 1481
1481 870
870 1202
870 576
1202 1350
1202 1140
1350 1310
1350 473
1310 1042
1042 161
1042 616
161 1147
161 1345
1147 1577
1147 757
1577 630
1577 1079
630 62
62 205
205 1545
1545 817
1545 589
817 475
817 1406
475 1540
1540 974
1540 97
974 1150
974 1139
1150 1192
1150 1145
1192 239
239 105
105 1586
105 129
1586 935
935 419
419 157
419 1507
157 334
157 641
334 544
544 95
95 1259
1259 436
1259 647
436 736
436 839
736 815
736 724
815 287
815 1572
287 1500
287 278
1500 194
194 1313
1313 1138
1313 339
1138 1358
1138 481
1358 1229
1229 958
1229 96
958 111
958 1314
111 1058
1058 788
788 560
788 1162
560 1253
560 891
1253 609
1253 19
609 816
816 1437
1437 1495
1437 632
1495 866
1495 925
866 1156
1156 1426
1156 1218
1426 139
139 1083
139 1176
1083 432
1083 1201
432 1120
432 1064
1120 1274
1120 428
1274 338
1274 140
338 1575
1575 1352
1352 524
1352 1462
524 1438
524 857
1438 697
697 899
697 534
899 638
899 522
638 897
897 1414
1414 1514
1414 463
1514 1283
1283 644
1283 1480
644 1556
1556 1549
1549 1346
1549 1084
1346 418
1346 637
418 782
782 1010
1010 1212
1010 69
1212 1154
1212 512
1154 223
223 981
223 185
981 599
599 1522
599 8
1522 1267
1267 843
843 285
285 1486
1486 441
441 749
749 856
856 920
920 1479
920 754
1479 1413
1479 144
1413 508
1413 715
508 1343
508 1583
1343 818
1343 1245
818 619
619 646
619 259
646 1484
1484 243
243 963
963 735
963 56
735 1051
1051 690
1051 1542
690 1584
690 1031
1584 1496
1584 1015
1496 750
750 1194
1194 1249
1194 199
1249 1077
1077 819
1077 1383
819 165
819 1378
165 1
1 976
976 771
771 648
771 1366
648 1178
1178 556
556 434
434 232
232 507
232 193
507 517
517 68
68 608
68 580
608 73
608 998
73 283
73 316
283 1230
1230 48
1230 621
48 1329
48 1076
1329 312
312 985
985 917
917 1482
1482 245
1482 1429
245 511
511 75
75 1295
1295 1149
1295 1227
1149 679
1149 1368
679 1501
1501 1222
1222 64
1222 1204
64 87
87 1320
87 1307
1320 405
1320 72
405 531
531 1197
531 929
1197 808
1197 1576
808 656
808 1113
656 802
656 241
802 931
931 510
510 687
510 23
687 759
687 1226
759 188
759 1210
188 1395
188 1336
1395 1409
1395 840
1409 946
1409 582
946 1427
1427 256
1427 415
256 1565
1565 721
1565 944
721 1451
721 1392
1451 1308
1451 38
1308 197
1308 681
197 1182
1182 55
1182 93
55 1142
55 1073
1142 965
1142 546
965 1516
1516 579
579 235
235 1552
235 1020
1552 408
1552 1165
408 51
51 775
51 404
775 807
775 828
807 922
922 774
774 1107
774 122
1107 1103
1107 1551
1103 248
1103 1607
248 1054
248 1377
1054 943
1054 1012
943 289
289 1502
1502 160
1502 1024
160 962
160 1418
962 1081
1081 240
240 392
392 928
392 625
928 650
650 76
650 461
76 447
447 1521
447 314
1521 274
274 89
274 741
89 1408
89 898
1408 1569
1569 496
1569 1372
496 1334
496 159
1334 1370
1334 1026
1370 904
904 573
904 1568
573 1023
573 40
1023 335
335 614
335 882
614 114
114 119
114 694
119 763
119 554
763 332
332 207
332 104
207 211
207 141
211 121
211 799
121 987
121 370
987 1098
987 652
1098 1399
1098 177
1399 301
301 552
301 448
552 173
173 914
914 231
231 942
942 378
942 284
378 488
378 1348
488 333
488 440
333 1111
1111 354
1111 16
354 218
354 538
218 107
218 875
107 533
533 1326
1326 957
957 986
957 905
986 167
167 349
167 430
349 1033
1033 1082
1033 1597
1082 1234
1234 601
601 1474
1474 22
1474 478
22 426
426 1452
1452 571
1452 212
571 1002
1002 302
1002 465
302 1168
302 306
1168 1515
1168 602
1515 147
147 806
806 837
806 1555
837 464
464 572
464 1321
572 172
172 1448
1448 1060
1060 344
344 1016
344 1251
1016 146
146 237
146 292
237 606
606 667
606 699
667 798
667 993
798 881
881 1001
1001 824
1001 501
824 642
824 1475
642 832
832 553
553 513
513 1517
513 862
1517 1400
1400 623
1400 636
623 24
24 1596
24 597
1596 467
467 1531
1531 201
201 689
201 968
689 313
313 183
313 1038
183 1270
1270 563
563 1163
1163 247
247 485
485 1541
485 442
1541 1322
1541 698
1322 416
416 1101
416 1255
1101 666
1101 1097
666 1526
1526 693
1526 1217
693 6
693 1087
6 176
6 1325
176 1490
1490 1375
1375 1445
1445 1337
1445 924
1337 1272
1337 825
1272 1485
1272 640
1485 1393
1393 1397
1393 587
1397 396
396 1277
396 700
1277 1191
1191 138
138 1353
138 325
1353 590
590 1072
590 622
1072 1233
1072 1080
1233 593
593 1415
593 794
1415 1293
1415 204
1293 1057
1293 20
1057 655
655 310
310 61
310 411
61 529
529 649
649 1028
1028 1152
1152 244
244 182
244 1198
182 535
535 186
186 1052
1052 1466
1466 753
1466 79
753 1258
753 1316
1258 919
1258 491
919 900
919 1160
900 657
900 5
657 41
41 709
709 714
714 678
678 948
948 1354
1354 92
1354 810
92 934
934 1092
934 1505
1092 1063
1063 539
1063 225
539 528
528 659
659 1048
659 343
1048 988
1048 542
988 624
624 130
624 1380
130 978
978 1335
978 1574
1335 1105
1335 581
1105 264
1105 214
264 1396
264 412
1396 559
559 1432
1432 1468
1468 178
178 884
178 557
884 348
884 486
348 394
348 1180
394 892
892 1206
1206 459
459 532
532 980
980 7
7 158
7 383
158 1578
158 162
1578 504
504 692
504 272
692 271
692 566
271 133
271 523
133 1444
1444 387
387 1461
387 1508
1461 1441
1441 658
658 584
658 1534
584 537
584 1090
537 1306
537 390
1306 1118
1306 374
1118 1279
1118 1106
1279 196
1279 322
196 847
847 1044
847 1532
1044 717
1044 1215
717 983
983 1124
1124 768
768 1573
768 219
1573 375
1573 952
375 1200
1200 1340
1200 43
1340 604
604 1089
1089 1602
1089 731
1602 877
877 364
877 273
364 945
364 1136
945 1362
945 296
1362 1236
1236 1260
1236 1179
1260 959
959 1189
959 1513
1189 696
696 1398
1398 437
437 852
437 1238
852 1478
852 262
1478 337
1478 654
337 36
337 1196
36 854
36 469
854 1600
854 487
1600 1167
1600 425
1167 385
385 67
385 1104
67 823
67 179
823 1423
823 49
1423 1458
1458 420
420 208
208 191
208 564
191 363
191 634
363 1096
363 1394
1096 999
1096 106
999 607
999 969
607 1305
1305 743
743 297
297 474
474 462
462 46
462 213
46 1558
1558 282
282 1013
282 1075
1013 1439
1013 906
1439 722
1439 1364
722 1247
1247 150
1247 1121
150 1530
150 896
1530 1456
1456 1301
1301 317
1301 386
317 1195
1195 294
294 1224
294 853
1224 1470
1224 888
1470 1428
1428 500
500 861
861 9
861 1159
9 803
9 770
803 725
725 1374
725 1275
1374 921
1374 536
921 1294
921 742
1294 198
1294 421
198 704
198 1091
704 255
704 279
255 863
863 1061
1061 298
1061 603
298 797
797 100
100 1122
1122 1443
1122 116
1443 1288
1288 466
466 612
612 611
612 356
611 1332
1332 1250
1332 585
1250 1424
1250 520
1424 495
1424 1282
495 1285
1285 373
373 1347
1347 360
1347 171
360 1025
360 1184
1025 545
1025 1447
545 1116
1116 455
455 1434
1434 90
90 281
90 1487
281 151
151 1047
151 253
1047 340
1047 671
340 1166
1166 192
192 1519
192 926
1519 1133
1133 217
217 668
668 1170
1170 1297
1170 203
1297 1175
1297 305
1175 78
1175 228
78 938
938 732
938 324
732 11
732 505
11 58
11 174
58 893
893 1421
893 347
1421 155
155 367
367 258
258 331
258 1112
331 329
331 1252
329 275
329 541
275 145
275 1589
145 499
145 1491
499 838
838 163
163 1066
1066 1603
1603 127
127 483
483 785
483 1315
785 873
873 1273
1273 1148
1148 685
1148 527
685 1563
685 3
1563 713
1563 35
713 379
713 251
379 1135
1135 1524
1135 319
1524 661
1524 1003
661 755
661 1207
755 1472
1472 1302
1302 187
187 28
28 1538
28 1134
1538 994
994 224
994 222
224 1232
224 1550
1232 787
1232 498
787 1357
1357 1036
1036 1588
1588 1467
1588 18
1467 977
977 1449
1449 1144
1144 1137
1137 1529
1529 94
1529 233
94 154
154 33
154 47
33 951
33 1386
951 113
951 14
113 1493
113 665
1493 352
352 676
352 117
676 1169
1169 153
153 1019
153 786
1019 1216
1019 712
1216 932
1216 21
932 886
886 1029
1029 1246
1029 871
1246 270
270 596
270 1078
596 1062
596 684
1062 1535
1062 997
1535 502
502 516
502 1537
516 1070
1070 883
883 320
883 479
320 376
376 1527
376 398
1527 142
142 791
791 1454
791 1388
1454 970
970 733
970 822
733 368
368 1071
368 885
1071 1389
1389 1263
1389 229
1263 1131
1263 1459
1131 937
937 1151
937 809
1151 304
1151 727
304 1035
1035 34
34 84
34 328
84 574
84 761
574 1158
574 1455
1158 52
52 1239
52 1256
1239 1065
1239 66
1065 266
1065 120
266 1153
266 613
1153 1257
1257 872
1257 821
872 1373
872 389
1373 482
482 588
588 1510
1510 653
1510 777
653 445
653 1284
445 399
399 836
836 628
628 820
820 1261
820 780
1261 842
1261 88
842 568
568 990
568 801
990 1298
990 895
1298 812
812 1384
812 400
1384 1369
1369 32
32 57
57 10
10 83
83 429
83 865
429 1059
429 518
1059 949
1059 1102
949 136
136 227
227 1088
1088 939
939 915
915 443
443 960
443 1172
960 91
960 594
91 424
91 1523
424 1311
1311 1420
1311 716
1420 1067
1420 1053
1067 184
184 1561
184 916
1561 1268
1268 361
361 380
361 1349
380 598
380 1123
598 1266
598 13
1266 908
908 756
756 286
756 747
286 670
286 195
670 254
254 221
221 907
221 1141
907 1265
907 1430
1265 135
1265 406
135 526
526 1289
1289 1299
1289 1008
1299 1181
1299 1365
1181 909
1181 595
909 923
923 688
923 992
688 1174
1174 719
1174 543
719 1129
719 672
1129 762
1129 308
762 591
762 890
591 1359
1359 1291
1359 645
1291 427
427 125
427 1188
125 336
125 1032
336 108
108 318
318 134
318 849
134 210
134 1595
210 1547
210 1050
1547 1287
1287 1211
1211 778
778 497
497 631
497 1403
631 767
631 4
767 170
767 353
170 831
170 382
831 309
309 1115
1115 435
1115 1341
435 569
569 549
549 327
327 1130
327 315
1130 701
701 746
746 330
746 1110
330 1126
1126 472
472 610
610 1511
610 346
1511 592
592 1582
1582 1237
1237 1318
1318 489
489 1094
489 438
1094 480
1094 17
480 600
480 1069
600 1559
1559 845
1559 1333
845 493
493 1405
493 848
1405 1219
1405 1177
1219 565
565 651
565 1231
651 407
651 169
407 143
407 1312
143 677
143 257
677 1193
1193 215
1193 509
215 1186
215 1570
1186 1290
1186 29
1290 457
457 65
65 954
65 1009
954 1056
1056 110
1056 15
110 216
110 299
216 99
99 1499
99 710
1499 1128
1128 1412
1128 1286
1412 860
1412 190
860 1580
1580 859
859 844
859 156
844 1367
1367 1331
1367 930
1331 1544
1331 1509
1544 737
1544 220
737 355
355 850
355 936
850 506
850 708
506 1401
1401 1143
1143 1344
1344 738
738 1114
1114 927
927 540
540 950
540 490
950 1005
950 680
1005 206
1005 605
206 402
402 745
402 760
745 858
858 1127
858 1404
1127 2
1127 86
2 1205
2 792
1205 1591
1591 1187
1591 471
1187 417
417 252
417 137
252 1410
252 1518
1410 1528
1410 1585
1528 975
1528 249
975 1086
1086 984
984 766
766 833
766 550
833 796
796 639
639 1435
1435 751
1435 561
751 410
751 1425
410 1304
410 39
1304 1190
1190 633
1190 530
633 37
633 1324
37 1546
1546 492
1546 369
492 70
492 734
70 1095
1095 691
1095 1379
691 1504
1504 562
562 276
562 1027
276 358
358 267
267 449
267 1411
449 454
454 409
409 1416
1416 726
1416 683
726 879
726 321
879 263
879 209
263 1543
263 59
1543 265
1543 391
265 1037
265 1503
1037 515
1037 913
515 669
669 813
669 729
813 260
813 25
260 578
578 71
578 804
71 664
664 74
664 660
74 1100
1100 1209
1100 1402
1209 149
149 519
149 1271
519 1011
519 1605
1011 1469
1011 793
1469 1390
1469 1489
1390 1339
1339 1601
1339 1361
1601 575
575 702
702 851
702 484
851 377
377 1185
1185 118
118 1492
118 350
