3 682 90908804
3 2
2 1
652 597
597 133
133 451
451 425
451 553
425 241
425 486
241 206
206 601
206 298
601 498
601 513
498 611
611 528
611 21
528 16
16 6
16 657
6 637
6 13
637 678
678 332
678 334
332 283
332 463
283 491
491 404
404 193
404 125
193 561
193 337
561 502
502 462
502 568
462 618
462 238
618 301
301 653
301 240
653 585
653 490
585 216
585 390
216 445
445 84
445 576
84 387
84 529
387 328
387 410
328 567
328 335
567 235
567 629
235 533
235 620
533 573
573 363
573 188
363 29
363 537
29 180
180 315
180 384
315 322
315 354
322 272
272 358
272 8
358 136
358 263
136 399
136 366
399 231
399 442
231 587
587 70
587 297
70 608
70 135
608 448
608 660
448 482
448 83
482 262
262 261
261 393
261 527
393 364
393 487
364 281
281 110
281 331
110 631
631 186
186 38
38 78
38 155
78 524
524 60
524 421
60 9
9 510
9 293
510 176
176 157
157 570
570 497
497 218
497 625
218 126
126 89
89 340
89 542
340 74
74 115
115 2
115 246
2 541
541 552
552 92
552 101
92 212
212 454
212 68
454 316
454 438
316 682
316 554
682 59
59 161
59 435
161 569
161 309
569 299
299 522
299 264
522 543
522 450
543 18
18 62
18 409
62 469
469 383
469 481
383 229
383 580
229 151
229 5
151 394
394 69
69 634
69 311
634 521
521 641
521 370
641 492
641 249
492 213
213 166
213 356
166 458
166 40
458 582
582 546
546 396
546 380
396 245
396 239
245 304
245 233
304 456
456 285
285 556
285 665
556 93
556 160
93 382
382 664
382 205
664 447
447 150
150 639
150 210
639 223
223 81
223 317
81 347
347 362
362 607
362 523
607 198
198 177
177 280
177 61
280 26
26 7
26 46
7 243
243 27
27 675
27 76
675 211
675 437
211 452
452 423
423 474
423 275
474 329
474 508
329 414
329 323
414 398
414 349
398 73
398 158
73 226
73 144
226 505
226 668
505 174
174 389
174 483
389 56
389 579
56 659
56 295
659 164
164 500
500 130
500 326
130 419
419 360
419 86
360 594
594 14
14 367
367 478
478 655
655 511
655 643
511 341
341 351
341 376
351 269
269 192
192 344
192 290
344 589
344 388
589 105
589 42
105 475
105 111
475 401
401 189
401 255
189 114
189 549
114 124
124 91
91 572
572 140
140 1
1 325
1 539
325 79
79 143
143 102
143 156
102 640
640 673
640 85
673 540
673 165
540 63
540 277
63 559
63 596
559 504
504 274
504 106
274 662
662 259
662 51
259 232
259 53
232 305
232 77
305 426
426 134
426 96
134 397
134 117
397 471
471 520
471 319
520 406
406 310
406 623
310 564
310 624
564 306
564 651
306 171
171 252
171 36
252 603
252 49
603 227
227 318
227 431
318 266
266 146
266 339
146 25
25 230
25 413
230 67
230 672
67 197
67 466
197 141
197 142
141 386
141 489
386 476
476 518
476 654
518 162
162 361
162 627
361 411
361 333
411 374
374 350
350 538
350 12
538 557
538 98
557 514
514 253
514 30
253 330
330 118
330 610
118 593
593 55
593 209
55 509
509 563
509 584
563 167
563 628
167 488
167 379
488 200
488 279
200 82
200 550
82 338
338 536
536 303
303 365
303 24
365 345
345 501
501 534
534 562
562 108
108 636
108 599
636 247
636 267
247 432
432 422
432 400
422 248
248 185
185 289
185 352
289 648
648 642
648 320
642 381
642 34
381 225
225 149
149 183
183 313
183 308
313 343
343 184
343 348
184 294
184 256
294 614
614 635
635 72
72 22
72 470
22 577
577 87
87 312
312 517
517 622
517 48
622 530
530 307
307 429
429 644
429 94
644 650
650 104
650 270
104 169
169 645
645 551
645 234
551 181
551 179
181 119
181 395
119 43
119 187
43 132
132 484
132 37
484 506
506 276
276 288
276 633
288 52
288 477
52 138
52 377
138 586
138 224
586 592
586 375
592 598
592 10
598 525
525 163
163 15
163 418
15 368
368 609
368 516
609 31
609 355
31 195
31 403
195 139
139 415
415 287
415 254
287 590
590 100
590 32
100 191
100 359
191 671
191 271
671 41
41 424
424 302
302 286
286 284
284 548
548 440
548 547
440 291
291 17
17 485
17 336
485 658
485 507
658 44
658 436
44 420
420 221
420 20
221 385
221 168
385 215
385 258
215 244
215 613
244 479
479 428
428 402
428 441
402 95
95 621
95 66
621 449
621 495
449 616
449 208
616 172
172 47
47 373
47 670
373 219
373 615
219 473
219 23
473 544
473 433
544 656
544 443
656 600
656 4
600 571
600 535
571 417
571 430
417 199
417 113
199 207
207 127
207 314
127 65
127 35
65 480
65 632
480 321
321 103
321 680
103 88
103 606
88 604
604 39
604 71
39 178
39 453
178 392
178 201
392 575
575 214
575 28
214 605
214 416
605 461
605 159
461 459
459 391
459 412
391 439
391 220
439 602
602 434
434 465
434 175
465 217
465 170
217 408
217 112
408 574
408 679
574 531
531 583
531 626
583 342
342 182
342 190
182 612
612 667
612 58
667 107
667 515
107 496
496 372
372 64
372 300
64 50
64 494
50 292
292 154
292 468
154 131
131 90
131 357
90 677
677 268
677 681
268 467
268 591
467 148
467 565
148 145
145 250
145 472
250 260
250 282
260 595
260 116
595 446
446 649
649 353
353 204
204 669
204 532
669 265
669 371
265 427
265 630
427 278
278 228
278 558
228 273
228 296
273 194
273 75
194 173
173 19
173 676
19 638
638 405
405 128
405 526
128 121
128 619
121 663
121 137
663 578
663 503
578 120
120 555
120 457
555 566
566 346
566 378
346 560
560 99
560 122
99 3
3 80
3 661
80 11
80 499
11 647
11 444
647 242
242 617
242 153
617 203
617 109
203 57
57 196
196 237
237 464
464 327
464 152
327 236
327 519
236 512
236 251
512 455
512 666
455 369
455 54
369 147
147 324
147 646
324 257
257 222
257 123
222 45
222 129
45 202
202 674
674 460
460 407
407 545
407 588
545 33
545 97
33 493
493 581
