1 95 19494
18 15
18 38
15 77
77 26
77 4
26 79
26 93
79 10
10 91
10 89
91 66
91 76
66 83
83 34
34 45
34 55
45 52
52 67
67 64
67 84
64 17
17 78
78 85
78 43
85 53
85 42
53 33
33 16
16 94
16 63
94 39
94 57
39 51
51 68
51 69
68 71
68 49
71 35
71 5
35 23
23 19
19 1
1 21
1 60
21 3
3 8
3 2
8 48
48 41
41 70
41 72
70 12
12 20
12 74
20 87
20 25
87 6
6 29
6 56
29 75
75 36
75 59
36 90
90 46
46 88
88 9
9 30
30 28
28 7
7 54
54 24
24 61
61 31
31 11
31 73
11 95
95 92
95 62
92 65
65 32
32 22
32 13
22 81
22 47
81 14
81 27
14 80
80 44
80 40
44 50
44 82
50 86
86 37
86 58
