27 1605 81860
18 10
10 26
26 13
13 1
13 4
1 19
1 23
19 24
19 2
24 9
9 14
14 8
8 15
8 21
15 22
15 16
22 20
20 27
27 7
27 6
7 17
7 3
17 5
5 25
25 12
25 11
56 539
56 636
539 732
732 756
756 498
498 904
904 52
52 783
52 637
783 521
521 225
521 404
225 660
225 603
660 1377
1377 1232
1377 89
1232 860
860 998
860 304
998 671
998 583
671 1375
1375 170
1375 1308
170 1564
1564 1353
1353 1134
1353 1068
1134 1439
1134 592
1439 1588
1588 1131
1131 1026
1026 501
1026 253
501 1549
1549 1283
1283 826
1283 503
826 305
826 1204
305 113
113 272
113 436
272 297
297 28
28 1332
28 761
1332 276
1332 1150
276 869
869 412
869 1098
412 368
412 986
368 871
368 574
871 815
815 663
815 836
663 403
663 1459
403 1229
403 1042
1229 74
74 1317
1317 1075
1317 609
1075 736
736 430
430 1404
1404 230
1404 1092
230 1020
1020 1341
1020 804
1341 99
1341 1060
99 1196
1196 1256
1196 1603
1256 974
1256 1072
974 1270
974 1063
1270 432
432 126
126 149
149 981
981 694
694 269
694 1061
269 780
780 1567
780 1280
1567 549
1567 1324
549 1305
1305 825
825 489
489 894
894 1461
894 280
1461 1303
1303 1554
1303 1121
1554 1516
1516 27
27 1553
27 1110
1553 648
1553 114
648 520
520 45
45 1481
1481 1103
1103 347
347 106
106 594
594 668
668 1579
1579 36
1579 1255
36 928
928 1592
1592 516
1592 665
516 1476
516 96
1476 1293
1293 1163
1293 1227
1163 1298
1163 175
1298 55
55 314
314 480
480 1586
1586 530
1586 550
530 475
530 1397
475 1105
475 264
1105 1160
1105 401
1160 38
38 782
38 431
782 1494
782 213
1494 53
1494 684
53 1012
1012 773
1012 1541
773 82
82 1510
1510 1076
1510 1329
1076 1264
1076 459
1264 578
578 334
334 670
670 514
514 337
514 1015
337 851
851 231
231 647
647 427
647 561
427 1109
1109 250
1109 1560
250 51
250 97
51 967
51 544
967 12
12 191
12 629
191 918
191 438
918 579
579 190
579 292
190 1099
1099 914
914 643
914 312
643 946
643 1531
946 556
556 1448
1448 1555
1448 566
1555 386
386 564
386 1191
564 619
619 809
619 672
809 616
809 1601
616 1248
1248 1469
1248 628
1469 64
64 1273
1273 348
348 593
593 1213
593 81
1213 107
1213 1585
107 405
405 17
405 890
17 437
437 837
837 139
837 1521
139 859
139 296
859 784
784 506
506 1452
1452 623
1452 1170
623 605
605 1043
1043 960
960 705
960 470
705 1468
1468 818
818 1431
818 565
1431 528
1431 1350
528 177
528 893
177 1261
1261 769
769 1259
769 1044
1259 1477
1259 1206
1477 229
1477 1281
229 1480
1480 1337
1337 1471
1471 418
418 856
856 1083
856 1403
1083 1116
1116 359
359 541
541 1295
541 456
1295 895
895 73
895 1491
73 642
73 971
642 1374
1374 324
1374 1144
324 1534
1534 656
656 1167
1167 197
1167 244
197 1515
197 999
1515 1528
1515 353
1528 697
697 92
92 822
92 1279
822 216
822 790
216 577
216 257
577 865
577 1019
865 775
775 1236
1236 1297
1297 1165
1297 420
1165 76
76 16
16 440
16 1474
440 781
440 795
781 165
781 237
165 839
165 1512
839 1504
1504 111
111 990
990 1208
990 460
1208 487
1208 396
487 399
487 896
399 434
434 613
434 127
613 1599
1599 1049
1599 80
1049 536
536 1489
1489 554
1489 750
554 93
93 66
93 424
66 1265
1265 1235
1235 1441
1441 161
161 748
748 388
748 1338
388 923
923 1260
1260 1008
1260 466
1008 1405
1008 307
1405 13
13 1288
1288 1166
1166 674
1166 607
674 345
345 733
733 108
733 117
108 1127
108 1129
1127 1587
1587 65
65 1500
1500 977
977 728
728 1153
728 393
1153 129
129 751
751 14
751 1120
14 185
185 1290
185 824
1290 1409
1409 410
410 1282
410 1488
1282 145
1282 957
145 1433
1433 797
1433 704
797 1406
1406 248
248 1119
248 543
1119 955
955 239
955 827
239 617
617 210
617 1360
210 1276
210 288
1276 135
1276 1192
135 1226
1226 472
472 1211
1211 972
1211 767
972 1013
972 1294
1013 123
1013 332
123 1385
123 271
1385 1460
1385 1087
1460 1032
1032 118
1032 1214
118 1292
1292 696
1292 862
696 284
696 983
284 626
284 1125
626 195
195 1319
1319 25
1319 512
25 417
25 428
417 32
417 596
32 545
32 1410
545 726
545 422
726 1523
1523 1011
1523 538
1011 1354
1354 1543
1354 21
1543 754
1543 367
754 996
754 731
996 1393
996 313
1393 802
1393 1300
802 557
557 832
557 1366
832 610
610 1533
1533 919
919 677
677 309
677 302
309 91
91 1482
1482 130
130 907
907 828
907 519
828 1025
828 1529
1025 1449
1449 1562
1449 1247
1562 426
1562 1580
426 912
912 1304
912 1161
1304 254
1304 79
254 953
254 900
953 1004
1004 1056
1004 1364
1056 770
1056 861
770 486
770 1178
486 1033
1033 1559
1559 1381
1559 857
1381 263
1381 331
263 346
263 270
346 879
346 1582
879 1289
879 1113
1289 58
58 1506
58 49
1506 457
457 655
655 1115
1115 1502
1115 478
1502 1210
1210 1095
1095 772
1095 1017
772 1094
1094 633
1094 831
633 140
140 1423
140 286
1423 713
713 789
713 158
789 911
911 841
911 737
841 622
622 258
258 1285
258 978
1285 1430
1285 1001
1430 788
788 88
788 124
88 1024
1024 18
18 1462
18 820
1462 303
303 597
303 722
597 1513
1513 1396
1513 355
1396 508
1396 1275
508 801
508 969
801 1149
801 699
1149 1077
1149 1209
1077 1522
1522 708
708 586
586 808
586 517
808 1343
1343 964
1343 442
964 682
682 581
581 351
581 686
351 940
351 580
940 1496
940 922
1496 546
546 1548
546 1014
1548 1490
1490 1569
1490 1310
1569 1394
1394 2
2 1137
2 814
1137 723
1137 289
723 200
723 1041
200 867
867 1107
867 464
1107 1505
1505 39
1505 1000
39 299
39 474
299 909
299 1581
909 1151
1151 1444
1151 1600
1444 1047
1047 1057
1047 1536
1057 279
1057 300
279 363
279 743
363 266
266 606
266 1347
606 1306
1306 1067
1067 1507
1067 1367
1507 650
650 1242
1242 1464
1464 446
446 35
35 1112
1112 449
1112 1443
449 525
525 1400
525 1128
1400 899
899 1143
1143 203
203 1342
1342 1036
1342 395
1036 1605
1605 572
572 1563
1563 1584
1563 730
1584 812
812 943
812 1145
943 1132
943 166
1132 33
1132 1369
33 926
33 1501
926 1200
1200 1202
1200 329
1202 1171
1202 846
1171 59
1171 98
59 287
287 1074
1074 221
221 1233
221 1193
1233 1524
1524 1387
1524 1185
1387 975
1387 939
975 1518
975 61
1518 1053
1518 847
1053 866
866 1257
866 476
1257 1104
1257 570
1104 620
1104 156
620 569
569 641
569 888
641 833
641 963
833 502
833 855
502 679
502 499
679 112
112 373
112 649
373 810
810 330
810 294
330 42
330 354
42 122
122 1386
122 1589
1386 238
1386 208
238 700
238 1291
700 505
505 1090
1090 1417
1090 448
1417 835
835 864
864 242
864 181
242 40
242 515
40 247
40 1355
247 786
786 906
906 959
959 298
959 631
298 709
298 976
709 144
144 1380
144 1299
1380 171
171 293
171 1598
293 1454
1454 1220
1454 729
1220 1450
1220 936
1450 1046
1450 153
1046 1325
1325 1453
1453 980
980 1321
1321 523
1321 587
523 676
523 988
676 749
749 179
179 105
105 116
105 944
116 917
116 1595
917 142
917 627
142 1278
142 1416
1278 688
688 317
688 86
317 336
317 1434
336 1422
336 968
1422 844
844 23
844 463
23 1508
23 1565
1508 599
1508 187
599 509
509 1155
1155 120
120 608
608 400
608 94
400 1557
1557 653
653 1556
653 1602
1556 443
1556 444
443 984
443 382
984 778
778 1436
1436 1054
1436 394
1054 1222
1054 1244
1222 965
965 1197
1197 157
157 793
793 236
236 479
479 1495
479 1539
1495 1230
1495 823
1230 889
889 451
889 582
451 838
838 199
199 1268
199 883
1268 1212
1212 338
1212 1421
338 1085
1085 1195
1195 1089
1089 1172
1089 614
1172 588
1172 186
588 779
588 1177
779 1065
1065 1535
1535 441
441 1438
441 717
1438 1446
1446 391
1446 387
391 575
391 683
575 1138
1138 103
103 703
103 483
703 1499
703 925
1499 997
997 522
522 1392
522 510
1392 450
1392 217
450 1080
450 600
1080 635
1080 1176
635 1
635 490
1 1401
1401 226
1401 882
226 1021
1021 419
419 1547
419 392
1547 454
454 868
454 886
868 692
692 1538
1538 1022
1022 1252
1252 198
198 970
970 1418
1418 799
799 481
481 492
481 176
492 908
908 845
908 958
845 764
764 559
559 1371
559 241
1371 1526
1526 1002
1002 494
1002 193
494 666
494 182
666 916
916 811
916 1045
811 137
811 1334
137 1339
1339 1069
1069 326
326 757
757 873
873 497
873 675
497 1058
1058 335
335 746
746 954
954 1466
954 1078
1466 1180
1180 872
872 834
872 148
834 1356
1356 567
567 702
567 1551
702 320
320 1267
1267 207
207 1527
207 477
1527 601
601 47
47 84
84 1312
84 875
1312 1218
1218 1215
1215 1239
1215 1537
1239 1475
1475 1142
1475 1007
1142 1091
1091 369
1091 44
369 461
369 1458
461 993
993 1530
1530 552
1530 1463
552 339
339 163
339 961
163 194
163 31
194 1301
194 794
1301 563
1301 1379
563 1486
1486 85
85 319
85 800
319 738
319 1383
738 26
26 947
947 291
291 931
931 1219
931 201
1219 60
60 381
381 1578
1578 1272
1272 196
196 527
527 315
527 1497
315 843
843 1368
1368 121
121 1205
1205 1136
1205 414
1136 455
455 1027
1027 870
1027 467
870 1596
870 760
1596 1064
1596 342
1064 376
1064 759
376 1284
1284 1084
1284 1594
1084 752
752 1250
752 634
1250 585
585 547
547 471
547 192
471 328
328 1455
1455 817
817 1384
1384 662
1384 1141
662 188
188 1498
1498 1363
1363 452
1363 1388
452 621
621 189
189 995
995 842
995 1140
842 715
842 265
715 54
715 698
54 356
54 1231
356 1168
356 425
1168 261
261 358
358 202
202 1328
202 848
1328 234
234 816
816 813
813 327
327 1182
1182 548
548 409
548 500
409 791
409 343
791 938
791 989
938 941
941 1052
1052 1544
1544 67
1544 223
67 1147
67 898
1147 535
1147 458
535 849
535 1221
849 1263
1263 1126
1126 209
209 690
690 349
690 383
349 397
397 110
397 744
110 721
721 792
721 1135
792 1016
1016 308
1016 281
308 850
308 651
850 1251
850 707
1251 742
1251 639
742 1038
1038 62
62 235
235 282
282 259
282 762
259 630
259 537
630 375
375 924
924 652
924 1330
652 333
333 885
333 154
885 858
858 9
9 206
9 1286
206 232
232 20
232 1051
20 352
20 1096
352 1320
1320 852
852 1517
852 1575
1517 678
1517 268
678 421
421 710
421 246
710 1086
710 1186
1086 1309
1309 125
125 249
249 172
249 551
172 753
172 774
753 147
753 1365
147 159
159 1550
1550 863
1550 1514
863 1174
863 323
1174 1154
1154 1390
1154 1217
1390 136
1390 956
136 119
119 1419
119 724
1419 618
1419 901
618 371
371 184
371 224
184 1266
184 1253
1266 1122
1266 453
1122 1525
1525 915
1525 365
915 310
310 740
310 1456
740 1542
740 34
1542 95
1542 1322
95 1597
95 877
1597 673
673 1427
1427 632
1427 1399
632 218
218 465
465 5
5 48
5 1370
48 233
233 1302
1302 378
1302 384
378 1445
378 1262
1445 1552
1445 1245
1552 496
496 1009
496 152
1009 1349
1009 1079
1349 416
416 435
416 128
435 950
435 1055
950 1040
1040 897
897 854
854 1429
1429 612
1429 102
612 930
612 1373
930 1432
1432 529
529 362
529 211
362 1164
362 1062
1164 439
439 796
439 1467
796 573
796 1424
573 30
573 962
30 1111
30 590
1111 1243
1111 1070
1243 884
1243 1158
884 78
884 274
78 589
589 1532
1532 658
1532 1159
658 1183
658 24
1183 398
398 385
398 485
385 183
385 1028
183 985
985 1187
985 169
1187 1162
1162 553
1162 1005
553 1391
553 344
1391 1066
1391 1485
1066 260
260 228
260 1240
228 1114
228 1152
1114 1566
1566 973
973 878
973 141
878 706
706 903
706 734
903 1010
903 646
1010 1327
1010 664
1327 766
766 1157
1157 167
1157 6
167 1604
1604 361
361 979
361 1359
979 571
571 173
571 1108
173 1437
1437 1344
1437 711
1344 132
132 1031
1031 275
1031 880
275 1234
1234 413
1234 935
413 1287
1287 322
322 311
311 949
311 1398
949 162
162 1254
1254 1059
1254 380
1059 927
927 285
285 340
285 429
340 807
807 1133
1133 68
1133 591
68 994
68 534
994 1093
994 657
1093 212
212 1237
1237 1311
1311 1336
1336 982
982 1224
1224 1576
1576 693
1576 1139
693 720
693 83
720 1199
720 1435
1199 1073
1199 913
1073 1478
1073 164
1478 741
1478 821
741 645
741 146
645 680
645 695
680 765
680 423
765 321
321 1037
321 1470
1037 1314
1314 829
829 256
829 1181
256 615
615 1207
615 1118
1207 830
1207 932
830 712
712 1225
712 1035
1225 1189
1225 1372
1189 933
933 1313
933 576
1313 1333
1313 19
1333 1358
1333 1071
1358 1097
1358 1201
1097 360
360 104
360 1378
104 364
364 1082
364 290
1082 1241
1241 462
1241 178
462 495
495 966
966 934
934 134
134 15
134 1570
15 507
15 739
507 687
687 1574
1574 411
1574 735
411 511
411 180
511 318
511 1425
318 1428
1428 532
1428 853
532 584
532 1018
584 1540
584 267
1540 747
1540 37
747 1361
1361 1591
1591 151
1591 654
151 1389
151 1249
1389 100
1389 1269
100 524
100 542
524 1228
524 1545
1228 1277
1228 1246
1277 1023
1023 1039
1039 1130
1039 891
1130 638
1130 892
638 402
402 881
881 75
75 1382
1382 951
1382 366
951 776
776 1216
1216 160
160 1573
160 1577
1573 3
3 727
727 214
727 415
214 433
433 90
90 540
90 1318
540 1572
1572 204
204 63
204 526
63 482
482 341
482 473
341 1487
341 1558
1487 491
491 1346
491 948
1346 240
1346 29
240 1323
240 220
1323 1376
1323 215
1376 278
1376 840
278 46
46 374
374 558
558 77
77 1411
77 624
1411 689
1411 625
689 1169
1169 262
262 942
942 243
942 640
243 109
243 992
109 763
109 1348
763 513
513 1274
1274 11
11 1179
11 661
1179 155
155 306
155 1117
306 819
306 644
819 1395
1395 1426
1395 1124
1426 1479
1479 1412
1412 1484
1412 390
1484 1190
1484 598
1190 133
1190 1238
133 533
533 1081
533 488
1081 1509
1509 1223
1223 1006
1223 295
1006 138
1006 806
138 255
138 701
255 7
7 1148
1148 1590
1148 277
1590 1583
1583 1414
1583 1357
1414 1203
1203 1413
1203 1034
1413 273
1413 379
273 920
920 1123
1123 407
1123 69
407 604
604 43
604 493
43 1315
1315 350
350 1519
1519 1362
1519 725
1362 1503
1503 1101
1101 716
716 902
902 1571
902 777
1571 1352
1571 785
1352 1331
1331 1102
1331 1258
1102 1351
1351 1420
1420 484
1420 50
484 1415
484 1407
1415 719
719 4
719 70
4 205
4 1483
205 952
952 1175
1175 787
787 8
8 222
222 771
222 1029
771 910
910 406
406 1271
406 659
1271 1345
1345 41
41 1003
1003 685
1003 1335
685 72
685 1326
72 1465
1465 377
377 714
714 370
714 595
370 987
987 611
611 718
611 937
718 681
718 101
681 945
681 389
945 283
945 22
283 1568
1568 691
691 560
560 1493
1493 1472
1472 372
372 1194
372 1561
1194 447
1194 562
447 1457
1457 1442
1442 805
805 1402
805 929
1402 115
1402 131
115 602
602 1492
602 667
1492 1030
1492 568
1030 1184
1184 1447
1184 798
1447 1473
1473 1316
1473 803
1316 251
1316 1188
251 876
876 758
876 445
758 1156
758 316
1156 518
1156 325
518 1408
1408 531
531 1593
531 469
1593 357
1593 1146
357 745
357 1340
745 1307
745 874
1307 1106
1307 150
1106 174
174 1451
174 245
1451 87
87 768
87 1173
768 1198
1198 1440
1440 1048
1440 755
1048 468
468 669
669 71
71 1100
71 301
1100 57
1100 227
57 504
57 1520
504 991
991 887
991 1050
887 252
887 905
252 1511
252 10
1511 1088
1088 168
1088 921
168 555
168 1296
555 219
219 143
219 1546
143 408
