3 1976 9
2 3
2 1
242 978
242 19
978 449
978 1786
449 1753
1753 574
1753 795
574 104
574 1200
104 1628
1628 393
393 1022
393 1281
1022 352
352 1563
352 1060
1563 164
1563 1864
164 328
164 1297
328 966
966 71
966 323
71 852
71 1408
852 1508
852 1159
1508 1767
1767 1217
1767 660
1217 610
1217 1346
610 793
793 251
251 1244
1244 1636
1244 445
1636 1631
1631 1262
1631 973
1262 1212
1212 1295
1295 1039
1039 1836
1836 1613
1836 1886
1613 656
656 146
146 598
598 1605
1605 869
1605 1208
869 650
650 1789
650 1521
1789 382
1789 1530
382 1210
1210 652
652 871
871 1645
871 1456
1645 687
1645 369
687 528
687 371
528 1000
528 641
1000 1132
1132 558
1132 939
558 1722
1722 1402
1722 24
1402 1592
1402 1652
1592 39
39 876
876 1206
876 1414
1206 14
1206 1008
14 1009
1009 1384
1009 1586
1384 240
1384 1852
240 512
240 144
512 1366
1366 1709
1709 825
1709 408
825 1415
825 881
1415 201
201 1510
201 1110
1510 1111
1111 1673
1673 567
1673 365
567 29
29 1872
1872 1166
1872 587
1166 31
1166 879
31 836
31 1084
836 1932
1932 1764
1932 724
1764 1616
1616 1738
1616 1283
1738 77
77 943
77 826
943 1797
1797 1215
1215 1890
1890 151
1890 266
151 1871
1871 66
1871 1441
66 454
454 1460
454 1828
1460 1278
1460 360
1278 1619
1278 1350
1619 1286
1619 908
1286 303
303 828
828 922
922 1078
1078 872
872 1814
872 422
1814 289
1814 1015
289 1540
1540 1092
1540 1048
1092 163
1092 11
163 1305
163 403
1305 701
701 149
701 1224
149 952
149 901
952 1004
952 486
1004 1236
1004 877
1236 740
740 707
707 668
668 1660
668 1548
1660 1031
1660 731
1031 1081
1031 603
1081 1544
1081 1438
1544 1018
1018 1148
1018 1679
1148 401
1148 607
401 1270
1270 1312
1270 41
1312 225
1312 1533
225 341
341 210
210 1142
1142 624
1142 1493
624 1908
1908 1341
1908 985
1341 378
1341 786
378 441
441 1671
1671 402
402 223
402 1944
223 747
223 1888
747 1449
1449 331
331 861
331 65
861 187
187 1034
1034 30
1034 1634
30 1070
30 1002
1070 1168
1070 1762
1168 63
63 1017
63 1887
1017 1596
1596 1969
1969 1274
1274 1771
1771 1201
1771 700
1201 1486
1201 1480
1486 1952
1486 980
1952 686
1952 1247
686 74
686 1960
74 1282
1282 1498
1498 228
1498 95
228 62
228 1666
62 1284
62 248
1284 1860
1860 1966
1860 1176
1966 392
1966 768
392 1885
1885 830
830 1948
1948 1369
1369 1951
1369 1209
1951 1419
1951 1360
1419 1931
1931 717
717 68
68 150
150 1269
1269 464
1269 1757
464 158
158 1565
158 1894
1565 1265
1265 1216
1216 570
570 1506
570 1178
1506 713
1506 1261
713 545
545 526
545 669
526 213
526 1612
213 455
213 147
455 1525
455 123
1525 1061
1525 1361
1061 23
1061 1321
23 1583
23 1108
1583 1245
1583 1375
1245 1003
1003 1620
1003 1743
1620 79
79 1820
79 1734
1820 1768
1768 616
1768 1328
616 196
196 418
196 396
418 1372
418 521
1372 1285
1372 1600
1285 752
752 1758
752 1446
1758 337
1758 1227
337 145
337 911
145 1879
1879 1164
1879 571
1164 894
894 1595
894 1512
1595 1603
1603 1339
1339 175
1339 780
175 620
175 832
620 972
972 507
507 1429
1429 1422
1422 1516
1516 397
397 556
556 237
237 850
237 1383
850 597
850 192
597 883
883 348
883 111
348 671
348 244
671 1249
671 235
1249 1635
1249 1260
1635 142
142 1735
142 311
1735 478
1735 889
478 1557
478 1379
1557 1718
1718 34
34 152
152 473
473 211
473 568
211 1333
211 522
1333 308
1333 1047
308 1435
308 767
1435 566
566 1226
566 723
1226 1085
1226 553
1085 1442
1085 1001
1442 1695
1442 375
1695 1715
1715 1513
1715 1686
1513 655
655 1398
1398 699
1398 1241
699 177
177 182
182 1264
1264 1975
1264 1109
1975 1426
1426 1819
1426 1487
1819 1494
1819 46
1494 496
1494 368
496 1855
496 948
1855 1653
1653 1663
1663 132
1663 259
132 200
200 40
200 1720
40 1477
1477 1574
1477 1861
1574 884
1574 1796
884 219
219 1568
219 1347
1568 1097
1568 173
1097 224
1097 1062
224 232
232 647
232 1137
647 514
647 1204
514 1790
514 806
1790 817
817 1358
1358 1694
1694 318
1694 439
318 420
420 706
420 188
706 160
160 1964
1964 139
139 648
139 956
648 1670
648 1617
1670 640
640 1154
640 1279
1154 94
1154 1945
94 280
94 645
280 1581
1581 221
1581 1336
221 1807
1807 255
1807 1841
255 1844
255 1526
1844 1505
1844 1523
1505 295
1505 469
295 680
295 1625
680 1897
1897 214
1897 715
214 1946
214 862
1946 165
1946 442
165 1591
1591 1637
1591 1798
1637 52
52 923
923 37
37 788
788 689
689 1742
689 1913
1742 1362
1362 133
1362 962
133 179
179 1199
1199 594
1199 544
594 1101
594 166
1101 1387
1387 802
1387 359
802 735
802 1756
735 1105
1105 937
1105 685
937 688
688 264
688 1263
264 243
243 1968
1968 1203
1203 1277
1203 766
1277 263
263 1907
263 1453
1907 1667
1907 1675
1667 1019
1019 503
1019 326
503 849
503 1432
849 1129
1129 508
1129 632
508 28
508 440
28 10
10 33
10 1562
33 1395
1395 226
226 233
233 1257
233 702
1257 1237
1257 868
1237 953
953 716
953 307
716 781
781 1847
781 180
1847 1479
1479 1086
1086 1963
1963 268
1963 238
268 301
301 197
301 96
197 771
771 1083
1083 1255
1255 1495
1255 109
1495 727
1495 472
727 581
581 1276
581 773
1276 1363
1363 1428
1428 1069
1428 1134
1069 533
533 1622
533 912
1622 711
1622 905
711 193
193 1950
1950 159
159 1549
159 892
1549 470
470 1794
470 823
1794 1443
1443 1760
1760 1787
1787 13
13 789
13 576
789 1713
789 1541
1713 867
1713 1716
867 431
867 1367
431 1840
431 1055
1840 22
1840 120
22 1497
1497 737
1497 1118
737 1340
1340 1845
1340 1300
1845 483
483 385
385 1310
1310 1167
1310 936
1167 1727
1167 600
1727 810
810 172
172 585
172 841
585 1311
1311 342
1311 1102
342 693
693 1318
1318 1327
1318 241
1327 762
1327 1232
762 1440
1440 666
1440 530
666 1883
666 346
1883 675
1883 976
675 1320
1320 1853
1853 220
1853 215
220 1817
220 1356
1817 203
203 1779
1779 1654
1654 1884
1884 1590
1884 1119
1590 460
1590 26
460 1936
1936 1187
1187 634
1187 1707
634 958
634 415
958 458
958 1185
458 539
458 293
539 260
260 437
260 333
437 1589
437 7
1589 1202
1202 480
1202 1053
480 907
907 1857
907 1629
1857 1531
1531 642
1531 1197
642 733
733 586
586 783
783 829
783 1703
829 1238
1238 846
1238 1090
846 755
846 776
755 842
842 484
484 345
345 690
345 1431
690 1903
690 1437
1903 1390
1390 1901
1901 60
1901 122
60 1658
1658 487
1658 753
487 896
896 1678
1678 977
1678 485
977 305
305 1554
305 130
1554 367
367 124
124 932
932 347
347 1520
1520 1921
1520 1123
1921 778
1921 1162
778 1025
778 1335
1025 1049
1049 1726
1049 794
1726 681
681 97
681 1795
97 406
97 638
406 692
406 2
692 982
692 1832
982 1965
1965 606
606 284
606 1417
284 1351
1351 273
273 1781
273 1659
1781 1012
1012 1823
1012 380
1823 505
1823 461
505 1766
505 1649
1766 1674
1766 1184
1674 491
491 1370
1370 471
1370 1657
471 979
471 1934
979 1962
979 1458
1962 863
1962 5
863 1374
1374 489
1374 895
489 1684
489 653
1684 921
921 1938
921 1711
1938 658
1938 535
658 1911
1911 363
1911 644
363 1225
1225 247
1225 951
247 882
882 1332
882 772
1332 106
1332 1063
106 1745
1745 294
1745 1538
294 1352
294 1382
1352 1561
1561 534
1561 929
534 195
195 1656
195 934
1656 1609
1656 1509
1609 1785
1785 330
1785 1710
330 840
840 903
903 743
743 1626
1626 665
665 812
812 902
902 432
432 557
432 1942
557 1315
1315 1319
1315 1243
1319 1552
1319 664
1552 1687
1687 271
271 1775
1775 537
1775 75
537 990
537 1515
990 925
925 72
72 292
292 1354
1354 405
1354 577
405 1016
1016 756
756 81
81 1298
81 885
1298 1280
1280 1219
1219 1080
1219 928
1080 1293
1293 87
87 85
85 790
790 1892
1892 509
1892 231
509 1393
509 467
1393 129
1393 1130
129 1253
1253 822
1253 141
822 870
822 1499
870 1765
1765 1782
1782 904
1782 654
904 1551
904 520
1551 1556
1551 1124
1556 370
370 57
370 1830
57 170
170 1749
1749 1873
1873 426
1873 589
426 629
629 808
629 286
808 112
808 90
112 91
112 919
91 1859
91 891
1859 1956
1956 659
1956 25
659 374
659 1349
374 604
604 1893
604 988
1893 117
117 992
117 372
992 1147
992 1578
1147 136
1147 1230
136 847
136 42
847 494
494 1013
494 1917
1013 1127
1013 321
1127 1597
1127 588
1597 1736
1597 47
1736 1858
1736 1306
1858 1064
1064 970
1064 69
970 1271
970 541
1271 1776
1776 838
838 1014
838 463
1014 185
1014 356
185 1188
185 1923
1188 1342
1188 1368
1342 1177
1177 1970
1177 1624
1970 304
304 965
965 1848
965 1813
1848 1007
1007 1627
1007 1805
1627 1091
1627 1527
1091 1827
1827 153
153 1559
1559 798
1559 1050
798 874
874 457
874 1925
457 218
457 1537
218 358
358 475
475 80
80 811
811 1692
1692 456
456 1539
456 510
1539 1087
1539 1773
1087 1461
1087 1572
1461 1792
1461 1943
1792 1029
1029 1849
1029 1152
1849 279
279 1439
1439 942
942 913
942 1044
913 1905
1905 70
70 561
70 519
561 1490
1490 427
1490 1630
427 910
427 413
910 108
108 1075
108 1854
1075 167
167 1947
167 257
1947 1172
1172 1473
1473 1317
1473 1272
1317 1235
1235 183
183 758
758 1862
758 621
1862 1136
1862 319
1136 1662
1136 1141
1662 819
1662 1433
819 1822
1822 1406
1822 20
1406 424
1406 1929
424 377
424 1769
377 1555
1555 1972
1972 801
801 1519
801 1138
1519 1930
1930 1104
1104 459
459 1898
1898 1186
1186 864
1186 1793
864 207
864 1242
207 542
542 1954
1954 1940
1954 50
1940 54
1940 362
54 857
54 411
857 296
857 858
296 1618
296 1688
1618 1575
1575 1169
1169 1690
1690 1680
1680 1501
1501 1095
1095 482
482 1140
1140 1464
1140 502
1464 1475
1475 1378
1378 739
739 1045
739 332
1045 1693
1045 1778
1693 630
1693 546
630 36
36 320
36 184
320 1304
1304 1491
1491 1474
1491 916
1474 390
390 1082
1082 1900
1900 643
643 628
643 15
628 428
428 873
873 984
873 813
984 917
917 1536
917 1878
1536 1153
1153 383
383 593
593 1396
593 1337
1396 1267
1396 831
1267 1588
1588 938
938 751
938 477
751 43
751 1151
43 1902
1902 1006
1902 1882
1006 1573
1573 677
1573 336
677 1451
1451 1165
1165 1444
1165 1570
1444 1843
1444 1838
1843 612
612 734
734 1250
1250 135
135 1400
135 1037
1400 281
281 1744
1744 799
1744 698
799 110
799 639
110 236
110 722
236 1731
1731 618
618 1128
618 1927
1128 1404
1404 434
434 1171
434 1067
1171 1801
1171 325
1801 1399
1801 1229
1399 748
1399 252
748 409
748 765
409 1420
409 1033
1420 695
1420 388
695 1606
695 573
1606 1915
1606 1239
1915 855
855 1223
1223 805
805 155
805 1094
155 156
156 1755
156 1448
1755 387
1755 1585
387 1835
387 89
1835 1040
1835 334
1040 1682
1682 757
757 391
391 1196
1196 1122
1196 945
1122 100
1122 1699
100 316
316 1182
316 736
1182 1114
1114 1973
1114 282
1973 468
468 404
468 1532
404 1338
1338 105
1338 265
105 1826
1826 416
416 875
416 1331
875 98
875 1345
98 199
199 1780
199 613
1780 721
1780 1524
721 809
809 1870
1870 525
1870 84
525 1576
525 745
1576 1289
1289 1774
1774 1117
1117 1041
1041 253
253 670
253 194
670 476
476 357
476 513
357 1221
357 1170
1221 64
1221 725
64 1116
1116 920
920 804
804 178
178 623
623 58
58 1496
1496 49
1496 338
49 191
49 946
191 1837
1837 448
448 399
399 1139
1139 898
1139 1529
898 1042
898 709
1042 306
306 1065
1065 250
250 851
250 121
851 1912
851 746
1912 1806
1806 1348
1348 886
886 997
997 270
997 1916
270 1856
270 451
1856 1723
1723 1183
1723 1314
1183 92
92 32
32 1211
1211 1850
1850 3
3 1316
1316 429
1316 927
429 679
429 1459
679 1234
1234 1416
1234 1937
1416 580
580 996
996 1646
996 1571
1646 254
254 1290
254 657
1290 859
859 205
205 599
599 955
955 1514
955 262
1514 310
1514 1669
310 1811
1811 1484
1811 1409
1484 1918
1484 1323
1918 126
1918 1476
126 1149
126 18
1149 1073
1149 495
1073 1052
1052 1839
1839 1974
1974 1747
1747 750
1747 1251
750 1413
750 854
1413 608
1413 435
608 208
608 438
208 704
208 386
704 398
398 1587
398 1334
1587 777
777 1030
777 1799
1030 518
1030 1467
518 1303
518 1763
1303 1643
1643 1696
1643 1462
1696 53
1696 1026
53 1268
1268 1028
1268 615
1028 1470
1470 1615
1615 1577
1577 1143
1143 856
856 1949
1949 1759
1949 327
1759 1706
1759 523
1706 705
705 974
974 1447
1447 897
1447 340
897 622
622 1371
1371 1702
1702 926
1702 1728
926 918
926 209
918 1121
1121 1777
1121 754
1777 787
787 1077
1077 1644
1077 1863
1644 1701
1701 560
560 361
560 1772
361 174
361 1240
174 116
116 845
116 848
845 844
845 821
844 1376
844 775
1376 1681
1681 1661
1661 1733
1661 1076
1733 493
1733 488
493 1043
493 444
1043 1385
1385 1668
1668 562
1668 381
562 595
562 410
595 128
595 1928
128 506
506 1389
506 1788
1389 1614
1614 816
816 1483
1483 906
1483 239
906 672
906 602
672 56
56 1038
56 684
1038 543
1038 88
543 344
543 888
344 161
344 1468
161 76
76 549
76 102
549 1079
1079 73
73 354
73 1584
354 1922
354 1579
1922 212
212 302
302 678
302 1851
678 818
678 450
818 1601
1601 1719
1719 1386
1719 314
1386 481
1386 297
481 1558
1558 1213
1213 353
1213 764
353 770
353 1842
770 1205
770 1924
1205 269
269 1344
269 1754
1344 447
1344 1724
447 728
447 837
728 48
48 1961
48 329
1961 1833
1961 714
1833 995
995 312
312 1550
1550 498
498 563
498 1933
563 1
1 968
968 1058
968 719
1058 1802
1058 1824
1802 1664
1664 1534
1664 1150
1534 971
971 1522
1522 1689
1522 113
1689 1958
1958 125
125 1650
125 35
1650 1023
1650 1818
1023 127
127 564
564 1740
564 1427
1740 1725
1725 662
662 1180
1180 551
1180 569
551 843
551 774
843 993
843 732
993 1252
993 313
1252 696
696 1445
696 1131
1445 1096
1096 1115
1115 663
663 1623
1623 1377
1377 1546
1546 591
1546 1676
591 1436
591 350
1436 1868
1436 614
1868 324
1868 1708
324 1976
324 1228
1976 1258
1258 1545
1545 1815
1545 1275
1815 419
1815 726
419 1145
419 1424
1145 131
1145 189
131 373
373 300
373 44
300 1560
1560 1098
1560 1804
1098 1074
1098 1647
1074 803
1074 1412
803 954
954 998
998 1895
998 1816
1895 931
1895 957
931 1301
931 246
1301 181
1301 1394
181 759
759 115
759 272
115 538
115 1580
538 1066
1066 171
1066 202
171 1353
1353 744
744 466
466 492
492 1158
1158 169
1158 1594
169 1638
1638 969
1638 162
969 1309
969 960
1309 1598
1309 1120
1598 601
601 1518
1518 899
1518 148
899 1214
1214 760
760 379
760 1651
379 683
683 1705
1705 609
1705 1198
609 366
609 866
366 1582
1582 17
17 987
17 820
987 1748
987 1834
1748 1173
1748 1307
1173 384
384 1463
1463 1829
1463 691
1829 1665
1665 1919
1665 400
1919 1926
1926 290
1926 565
290 694
694 186
186 283
283 1112
283 1935
1112 376
376 343
376 1455
343 1721
343 741
1721 99
1721 261
99 1865
99 9
1865 1181
1865 1714
1181 1430
1430 1465
1465 1179
1465 256
1179 1246
1179 1329
1246 1472
1472 504
1472 1068
504 682
504 101
682 940
940 275
275 364
275 637
364 761
761 1191
1191 86
86 1896
1896 1891
1896 198
1891 479
479 1326
479 138
1326 880
1326 51
880 853
880 729
853 550
550 1299
550 1517
1299 143
143 1157
1157 154
154 1504
154 315
1504 947
1504 8
947 991
991 317
991 1955
317 1876
317 216
1876 1401
1876 1812
1401 1355
1401 21
1355 1054
1054 501
1054 1450
501 1691
1691 1093
1093 157
157 1478
157 536
1478 274
274 1543
274 1672
1543 1633
1543 83
1633 217
1633 1502
217 1313
217 815
1313 989
1313 229
989 417
417 994
994 1174
1174 1639
1174 1809
1639 474
474 532
532 1717
1717 1156
1156 309
309 720
720 1611
1611 1410
1611 278
1410 1729
1410 1418
1729 38
38 730
38 1655
730 667
667 1233
1233 524
524 1770
1770 140
140 791
140 718
791 1357
791 6
1357 119
1357 592
119 1566
1566 1542
1542 1957
1542 230
1957 1302
1957 1144
1302 651
1302 1593
651 633
633 412
633 1373
412 1407
1407 1967
1967 1810
1810 1602
1602 222
222 1621
222 924
1621 572
1621 554
572 500
500 1607
500 582
1607 1821
1821 548
548 1231
548 27
1231 1273
1273 999
1273 625
999 865
999 1011
865 935
935 12
12 531
12 1608
531 190
190 78
190 814
78 649
649 636
649 578
636 227
227 827
827 1325
1325 1889
1889 1103
1103 349
1103 1642
349 834
349 1825
834 1287
1287 93
1287 1906
93 1632
93 515
1632 1192
1192 784
784 1511
784 1071
1511 1099
1099 335
335 118
335 1220
118 1959
1959 1489
1489 1292
1292 824
824 1021
1021 1056
1021 964
1056 1831
1056 299
1831 584
1831 1195
584 1193
1193 833
1193 1800
833 579
833 527
579 800
800 1107
800 963
1107 1380
1380 1391
1391 1397
1397 1683
1397 1881
1683 433
433 1712
433 738
1712 1569
1712 605
1569 204
1569 1547
204 914
914 909
909 430
430 1457
1457 421
1457 351
421 1324
421 1222
1324 1920
1324 1971
1920 596
1920 1700
596 1392
596 961
1392 1761
1761 1364
1761 860
1364 82
1364 414
82 1535
1535 626
1535 1100
626 769
626 1904
769 763
769 590
763 137
137 930
930 1089
1089 245
245 277
245 887
277 646
646 1266
1266 1403
1403 1909
1403 462
1909 893
1909 1135
893 959
893 1866
959 1737
1737 890
1737 1553
890 986
986 1648
986 674
1648 1741
1648 1471
1741 900
1741 1294
900 619
900 59
619 1846
619 16
1846 1175
1846 710
1175 782
1175 1405
782 1288
782 1020
1288 835
1288 552
835 1207
1207 676
676 631
631 288
288 559
288 1939
559 446
559 206
446 1482
446 1528
1482 452
1482 1685
452 712
452 1161
712 1640
712 1899
1640 407
1640 394
407 1698
407 499
1698 1308
1308 796
1308 983
796 697
697 1454
1454 1088
1454 1469
1088 673
673 1488
673 1381
1488 298
298 1492
1492 497
1492 1750
497 611
611 1322
1322 443
1322 1046
443 1641
443 1190
1641 436
436 981
436 1730
981 1808
1808 1106
1106 1739
1739 1941
1941 168
1941 1218
168 453
453 1072
1072 529
1072 322
529 1567
529 1032
1567 1146
1567 1291
1146 1877
1146 114
1877 1610
1610 389
389 355
355 661
355 944
661 1914
661 1704
1914 1875
1914 975
1875 1485
1875 287
1485 1880
1485 1133
1880 1423
1423 583
583 1005
1005 1248
1005 234
1248 511
511 4
4 1507
1507 291
291 708
708 249
708 1784
249 1783
1783 45
45 1024
45 285
1024 1803
1024 176
1803 1751
1751 878
1751 1452
878 1411
1411 785
1411 1365
785 1466
1466 1599
1466 1867
1599 55
55 395
395 61
61 1752
61 627
1752 1051
1752 1564
1051 67
67 1254
1254 517
517 1425
517 933
1425 635
1425 1036
635 1256
635 1035
1256 540
1256 617
540 1746
1746 779
1746 1791
779 1677
1677 1010
1677 1059
1010 425
425 1732
1732 465
465 1434
1434 1155
1155 950
950 1481
1481 1421
1481 1874
1421 276
276 749
749 742
749 941
742 267
742 915
267 807
807 1388
1388 134
134 967
134 103
967 1194
967 258
1194 1113
1113 1296
1296 1604
1604 1160
1160 1500
1500 1330
1330 575
1330 1125
575 1953
575 547
1953 1057
1953 1189
1057 423
423 1910
1910 490
490 1697
1697 1503
1503 1027
1027 555
555 516
516 339
339 1869
1869 797
1869 1163
797 1343
797 949
1343 839
1343 1126
839 792
792 1359
792 703
1359 107
1359 1259
