11 1752 53869
5 10
5 8
10 3
10 9
3 7
7 2
2 6
2 11
6 4
6 1
687 46
687 1647
46 98
46 232
98 871
871 373
373 464
373 830
464 1019
464 422
1019 1595
1595 1678
1595 414
1678 1205
1205 972
1205 869
972 1291
972 227
1291 134
134 509
134 1706
509 856
856 1390
856 760
1390 1202
1202 1473
1473 593
593 310
593 574
310 474
310 1690
474 218
474 1478
218 975
218 1477
975 244
975 1532
244 1128
1128 1456
1456 1026
1026 781
1026 66
781 1150
781 629
1150 654
654 898
898 45
45 1488
45 328
1488 806
806 1480
1480 603
603 1561
603 323
1561 962
962 1040
1040 1111
1111 454
1111 298
454 162
454 1625
162 1571
1571 1550
1550 601
1550 973
601 780
601 1431
780 127
127 850
127 502
850 649
649 1402
649 249
1402 1251
1402 1379
1251 1250
1250 720
720 1279
1279 97
97 1287
1287 552
1287 1448
552 450
450 334
450 955
334 319
334 1230
319 1715
319 1510
1715 15
1715 1527
15 671
671 785
671 1380
785 316
316 736
316 740
736 1329
1329 417
1329 435
417 59
59 1256
1256 942
942 1188
1188 786
1188 1080
786 1718
786 24
1718 1680
1718 367
1680 1289
1680 101
1289 690
1289 1346
690 762
762 1439
1439 1672
1439 1007
1672 697
697 1166
697 1266
1166 292
292 1584
292 1130
1584 789
789 1323
789 1529
1323 959
1323 1654
959 120
120 704
704 802
704 889
802 1086
1086 1401
1086 146
1401 877
877 1449
877 408
1449 1615
1449 476
1615 112
112 1320
1320 1741
1320 1262
1741 1630
1741 1440
1630 360
360 448
448 686
686 751
686 1405
751 1228
1228 54
54 504
504 935
504 1365
935 140
935 1494
140 93
140 346
93 1326
93 1559
1326 56
56 1541
56 997
1541 903
903 1674
1674 956
1674 696
956 1543
956 440
1543 376
1543 1000
376 833
376 952
833 79
79 1267
79 201
1267 1219
1267 23
1219 277
1219 138
277 1283
277 1413
1283 1006
1283 111
1006 1498
1006 508
1498 1184
1184 1721
1184 1701
1721 1567
1721 236
1567 256
1567 19
256 65
256 1438
65 1730
65 1660
1730 1337
1337 1203
1203 86
1203 899
86 927
86 664
927 838
838 1360
838 1280
1360 1415
1360 1172
1415 1117
1117 1548
1117 784
1548 1113
1548 599
1113 1031
1031 180
1031 379
180 999
180 52
999 1685
1685 129
129 1181
129 882
1181 1168
1181 1054
1168 208
1168 286
208 1194
208 1591
1194 1583
1583 1292
1292 1483
1292 1140
1483 1666
1483 1728
1666 388
1666 1127
388 1218
388 326
1218 906
1218 512
906 958
906 304
958 1029
958 915
1029 3
3 293
3 1236
293 169
293 1738
169 613
169 1421
613 950
613 632
950 908
950 269
908 466
908 974
466 1503
1503 187
1503 1175
187 1293
1293 554
554 1187
554 88
1187 733
733 390
390 102
390 324
102 673
102 1575
673 1472
1472 364
364 981
364 852
981 1613
981 125
1613 993
1613 20
993 832
993 1121
832 691
832 1606
691 1092
1092 35
35 221
221 1162
1162 1355
1355 399
1355 589
399 1700
1700 861
1700 620
861 400
400 688
400 181
688 1657
688 1023
1657 1404
1404 1013
1013 168
168 609
168 1513
609 1574
609 1069
1574 1324
1574 870
1324 1341
1324 99
1341 585
1341 374
585 308
308 758
308 325
758 463
463 790
790 745
790 91
745 443
443 1735
443 755
1735 846
1735 1437
846 581
846 354
581 279
279 64
279 1618
64 176
176 1051
176 261
1051 1533
1533 900
1533 280
900 21
21 144
144 462
462 1109
462 1028
1109 1637
1109 1245
1637 453
1637 1143
453 1078
453 930
1078 633
633 742
742 757
757 1453
757 491
1453 1318
1318 188
1318 250
188 1328
188 1015
1328 1668
1328 361
1668 322
1668 1435
322 1436
1436 1598
1598 1327
1327 349
1327 1641
349 1099
1099 565
1099 616
565 1518
1518 1104
1104 493
1104 577
493 425
493 1608
425 559
559 78
78 133
78 741
133 1306
133 1340
1306 1688
1688 1605
1605 1347
1605 1505
1347 420
1347 618
420 989
420 580
989 1694
1694 713
1694 1570
713 490
713 729
490 773
773 1271
1271 1368
1271 34
1368 501
1368 831
501 302
302 710
302 1458
710 1422
710 1255
1422 1486
1422 738
1486 321
321 190
190 202
190 350
202 252
202 1525
252 358
252 624
358 1247
1247 81
1247 1225
81 1312
1312 644
644 295
644 283
295 1382
1382 699
1382 1653
699 753
753 1428
1428 1582
1428 1465
1582 263
263 1132
1132 1148
1148 912
912 598
598 147
598 1398
147 1586
147 76
1586 285
285 1032
285 447
1032 555
1032 1403
555 527
527 945
945 1285
1285 911
1285 259
911 329
329 807
329 533
807 645
807 1530
645 1137
645 919
1137 672
672 1585
672 50
1585 558
1585 685
558 873
873 230
873 1085
230 653
230 16
653 391
391 398
398 1522
1522 370
1522 1050
370 788
370 562
788 247
247 426
426 1429
1429 619
1429 499
619 1496
619 392
1496 1161
1496 114
1161 6
1161 423
6 1416
6 841
1416 409
1416 1044
409 1542
1542 121
121 160
121 854
160 1224
1224 1038
1038 1160
1160 1593
1160 1093
1593 775
775 1011
1011 1506
1506 1632
1506 175
1632 151
151 808
808 530
530 1369
1369 1396
1396 343
343 1601
1601 1242
1601 1336
1242 355
1242 921
355 569
355 289
569 1173
569 545
1173 1079
1079 701
1079 980
701 457
457 1731
1731 1722
1722 207
1722 1039
207 896
896 679
679 331
331 1699
1699 1144
1144 224
224 1071
1071 424
1071 214
424 1457
424 397
1457 1681
1457 456
1681 1141
1141 932
1141 1025
932 637
637 860
860 523
860 1033
523 1451
523 100
1451 718
1451 83
718 560
560 1693
560 739
1693 650
1693 1565
650 676
676 235
676 1729
235 1286
1286 1235
1235 1146
1146 1737
1737 438
438 103
103 1651
103 264
1651 795
1651 812
795 1268
795 706
1268 1363
1363 1551
1551 1048
1048 1014
1014 575
575 845
575 1546
845 953
953 281
953 571
281 1406
281 1739
1406 395
395 1520
1520 1361
1361 305
1361 866
305 455
305 998
455 800
455 1607
800 987
800 410
987 670
670 1648
670 195
1648 1108
1648 823
1108 1614
1108 689
1614 842
1614 191
842 255
842 1005
255 1094
255 1623
1094 189
189 1682
1682 597
597 934
597 1227
934 1317
1317 1001
1317 475
1001 365
1001 703
365 320
365 1195
320 1211
1211 1752
1211 1394
1752 1123
1752 233
1123 351
351 777
351 1517
777 266
266 1669
266 971
1669 968
1669 1091
968 237
968 1558
237 721
237 532
721 1420
1420 223
1420 825
223 1470
1470 1095
1095 262
1095 503
262 890
890 1009
1009 1330
1330 1640
1330 216
1640 472
472 561
561 1683
1683 1587
1587 1372
1587 1102
1372 478
1372 665
478 58
58 506
58 368
506 776
506 1176
776 638
776 1743
638 1580
1580 1600
1580 1370
1600 511
1600 1314
511 782
511 1081
782 1052
1052 1671
1052 1240
1671 591
591 141
591 330
141 1362
1362 602
1362 1399
602 1519
1519 1450
1519 584
1450 606
606 1697
606 626
1697 1667
1697 586
1667 886
1667 1425
886 1748
886 1055
1748 1459
1459 1138
1138 1535
1138 217
1535 617
617 118
617 41
118 1485
118 627
1485 1253
1485 488
1253 1553
1553 651
1553 1155
651 611
651 494
611 1733
611 284
1733 963
1733 196
963 822
963 1103
822 486
486 1636
1636 986
1636 1493
986 1454
986 67
1454 1060
1060 170
170 276
170 307
276 332
332 1664
1664 95
1664 2
95 887
887 1526
887 1304
1526 161
1526 204
161 684
161 436
684 576
684 698
576 1182
1182 783
1182 1479
783 1442
1442 608
608 1554
608 1035
1554 4
1554 1389
4 1624
4 26
1624 1507
1507 222
222 674
222 1643
674 1687
1687 920
920 570
570 1409
570 1238
1409 203
203 393
393 1727
393 258
1727 793
1727 1604
793 8
793 416
8 749
749 1003
749 1295
1003 1557
1557 1301
1301 40
1301 84
40 1679
40 437
1679 427
427 200
427 731
200 1299
1299 730
730 449
449 1720
1720 636
636 1539
636 484
1539 1646
1539 970
1646 363
1646 1164
363 12
363 722
12 895
12 1196
895 1100
895 1500
1100 1351
1351 1424
1351 182
1424 737
737 1691
1691 27
27 143
27 197
143 1072
143 87
1072 893
1072 960
893 924
893 1074
924 756
924 643
756 165
165 1298
1298 260
260 1241
1241 226
226 1125
226 270
1125 11
1125 1566
11 239
239 1197
1197 1599
1599 1046
1046 810
810 1501
1501 682
1501 1207
682 378
682 403
378 1376
378 1698
1376 313
1376 1056
313 826
313 648
826 663
826 205
663 1167
663 1065
1167 1579
1167 296
1579 594
1579 660
594 592
592 548
592 130
548 152
548 1322
152 759
152 1423
759 301
759 522
301 977
301 92
977 1321
1321 1261
1261 1524
1524 774
1524 174
774 113
113 957
113 909
957 1010
1010 1332
1010 949
1332 119
1332 1171
119 1594
119 1426
1594 765
1594 1723
765 439
765 1659
439 1333
1333 1744
1333 153
1744 1334
1744 1067
1334 1257
1257 150
1257 253
150 983
983 1149
983 1290
1149 1077
1077 1717
1717 179
179 109
179 1704
109 1665
109 693
1665 340
340 1708
340 314
1708 300
300 1101
1101 124
1101 90
124 735
735 1201
1201 1004
1004 1662
1662 172
172 303
172 692
303 625
625 1569
1569 1057
1057 94
1057 1083
94 1331
1331 312
312 55
312 413
55 553
553 705
553 888
705 709
705 1639
709 411
411 228
411 604
228 1352
228 583
1352 372
372 1297
1297 700
1297 1252
700 516
700 761
516 540
516 70
540 44
44 913
913 1616
913 662
1616 1107
1616 884
1107 600
600 1732
1732 695
1732 22
695 500
695 794
500 1386
500 1357
1386 482
1386 1263
482 1537
482 538
1537 1209
1209 1397
1397 1016
1397 158
1016 820
1016 948
820 327
820 1233
327 804
327 1115
804 1650
1650 1712
1712 1568
1712 1464
1568 1434
1434 1407
1407 1476
1407 234
1476 38
38 1303
38 1133
1303 1528
1528 1284
1528 588
1284 377
1284 294
377 514
514 1142
514 1021
1142 241
241 879
879 1430
1430 39
39 510
39 1110
510 1367
510 1008
1367 640
1367 951
640 173
640 667
173 727
173 1135
727 747
747 1395
747 1017
1395 238
1395 1053
238 451
238 1447
451 1359
1359 1305
1359 469
1305 717
717 778
717 441
778 431
778 1335
431 1461
1461 551
551 923
551 891
923 1087
1087 1509
1509 1427
1427 385
385 137
385 132
137 1012
1012 634
634 407
407 1163
1163 1702
1702 1661
1661 940
940 318
940 771
318 271
318 381
271 557
271 1274
557 1393
557 77
1393 1577
1577 770
770 647
770 382
647 497
497 1621
497 369
1621 1719
1621 1343
1719 1338
1719 1514
1338 1302
1338 1540
1302 193
1302 894
193 614
193 1675
614 1378
1378 274
274 1445
1445 1597
1597 49
1597 847
49 1186
49 1191
1186 954
1186 1030
954 157
157 1018
1018 517
517 1576
1576 994
994 1709
1709 1350
1350 1375
1350 1082
1375 752
1375 154
752 941
941 1711
941 946
1711 811
811 928
928 73
928 37
73 306
306 1154
306 104
1154 1348
1154 724
1348 1170
1170 1200
1170 1220
1200 1611
1200 1560
1611 1649
1649 969
969 1384
969 30
1384 714
1384 183
714 1239
1239 944
1239 1536
944 799
799 1489
1489 922
922 725
922 938
725 905
725 939
905 1628
1628 524
1628 14
524 483
524 931
483 1180
1180 1174
1180 1024
1174 587
587 1075
1075 299
1075 1676
299 1309
1309 131
131 874
131 383
874 1642
874 1596
1642 384
1642 177
384 1114
1114 966
1114 421
966 148
148 933
148 85
933 167
933 1217
167 1684
1684 1059
1059 1222
1059 74
1222 1063
1063 265
265 1612
1612 885
1612 1696
885 1315
885 734
1315 1258
1315 1064
1258 1412
1258 309
1412 31
1412 1061
31 1097
31 485
1097 470
470 1495
470 1552
1495 198
198 406
198 1272
406 357
357 13
357 1392
13 1147
1147 1177
1177 694
694 231
231 1373
231 661
1373 1045
1045 1151
1151 1214
1214 967
967 1165
967 1467
1165 9
1165 213
9 849
9 990
849 880
880 623
623 525
525 546
546 526
546 1049
526 487
526 36
487 678
487 1278
678 816
678 534
816 863
816 1058
863 1311
1311 17
17 798
798 69
69 1124
69 348
1124 380
380 1179
380 1534
1179 1523
1523 1589
1523 96
1589 1212
1589 288
1212 211
1212 542
211 607
607 1619
607 194
1619 1169
1169 1502
1502 344
344 1692
1692 1300
1300 1145
1145 615
615 1463
615 156
1463 531
1463 1645
531 767
531 240
767 573
767 126
573 726
726 1288
1288 1713
1288 1076
1713 389
389 550
389 590
550 1022
1022 429
429 1549
1549 405
1549 878
405 387
387 630
630 518
630 996
518 418
418 291
418 668
291 467
467 219
219 1364
219 1221
1364 612
612 419
612 1349
419 1491
1491 1734
1491 578
1734 1157
1734 473
1157 1511
1157 1469
1511 1105
1105 1620
1105 386
1620 192
1620 1590
192 68
192 116
68 1356
1356 1193
1193 57
57 568
57 432
568 1602
568 10
1602 495
495 412
412 1656
1656 961
961 1277
1277 536
1277 1556
536 446
446 1475
1475 110
1475 1
110 29
110 445
29 658
29 675
658 772
658 897
772 1183
1183 1750
1183 1206
1750 763
763 680
680 342
342 248
342 801
248 916
248 567
916 1391
1391 984
984 1112
1112 1512
1112 917
1512 53
53 918
918 1313
918 1547
1313 1213
1313 1499
1213 702
1213 641
702 1136
702 843
1136 537
1136 746
537 1178
1178 881
881 1710
881 1716
1710 366
366 744
366 468
744 215
215 1249
215 359
1249 245
1249 267
245 206
206 858
858 827
858 1515
827 1153
827 1603
1153 595
595 1204
595 220
1204 282
282 1455
1455 621
621 1563
1563 1677
1677 481
481 1705
1705 1234
1705 1635
1234 1385
1385 185
185 80
80 528
528 1237
1237 1588
1237 1381
1588 1481
1588 1156
1481 995
995 1492
995 556
1492 442
442 715
715 936
936 1377
936 1265
1377 459
1377 1644
459 209
209 1707
1707 458
458 834
834 184
834 401
184 1126
184 1134
1126 1663
1126 352
1663 1419
1663 544
1419 106
106 149
106 471
149 635
635 840
635 430
840 1325
840 1441
1325 1747
1747 1264
1747 836
1264 1490
1490 507
507 1118
1118 764
1118 563
764 1745
764 338
1745 677
677 1296
1296 1411
1296 1695
1411 1726
1411 1254
1726 402
402 610
610 18
610 1319
18 25
25 1371
25 582
1371 347
347 477
347 867
477 964
964 876
964 1199
876 723
876 1185
723 646
723 901
646 394
394 1344
1344 1248
1248 1497
1497 315
315 857
315 605
857 904
857 33
904 1273
904 1041
1273 1631
1273 1444
1631 1119
1119 579
1119 1353
579 572
572 988
988 155
155 1043
1043 1724
1043 1627
1724 515
515 1190
515 1374
1190 766
1190 979
766 835
835 541
835 42
541 1226
1226 535
1226 1751
535 428
535 768
428 1432
1432 628
1432 566
628 1414
628 171
1414 1232
1232 1508
1508 246
1508 71
246 339
246 1521
339 1689
1689 1215
1689 82
1215 1516
1215 976
1516 163
1516 433
163 199
199 1609
199 521
1609 1670
1670 1020
1020 925
1020 287
925 48
48 1736
48 1084
1736 353
1736 1629
353 1246
353 844
1246 1276
1246 754
1276 655
1276 1066
655 115
655 797
115 489
489 1345
1345 1544
1345 1339
1544 1658
1544 1159
1658 818
1658 1578
818 1462
1462 1592
1462 1746
1592 461
461 1047
461 1096
1047 1562
1562 1460
1562 711
1460 872
1460 1002
872 779
779 108
779 272
108 513
108 596
513 631
631 1062
631 1269
1062 828
1062 1673
828 791
791 1634
791 656
1634 622
1634 460
622 1572
1572 821
1572 868
821 1342
821 1122
1342 1408
1408 1452
1452 743
1452 1387
743 243
243 1633
243 142
1633 712
712 1581
712 1358
1581 1231
1581 1725
1231 519
519 1468
1468 1216
1216 1622
1216 51
1622 1410
1622 159
1410 1418
1410 1545
1418 859
1418 1484
859 1098
859 1366
1098 1564
1564 60
60 1281
60 1471
1281 1617
1281 371
1617 136
1617 864
136 1282
1282 63
63 1152
63 1106
1152 862
1152 1307
862 855
855 851
855 707
851 337
851 164
337 1354
337 902
1354 290
1354 317
290 543
290 1208
543 75
75 1260
75 178
1260 564
1260 1742
564 1531
1531 123
123 1310
123 356
1310 1089
1310 1189
1089 837
837 991
991 1090
1090 796
796 186
186 669
669 539
669 47
539 444
539 1482
444 814
814 505
505 396
505 273
396 275
275 1120
1120 639
1120 926
639 1703
639 1474
1703 1538
1703 748
1538 716
1538 1198
716 805
805 978
978 496
496 1555
1555 1400
1555 813
1400 819
1400 452
819 1042
819 1034
1042 883
883 1275
1275 1244
1244 1610
1244 1036
1610 907
1610 1652
907 72
907 1443
72 1573
1573 107
107 333
333 5
333 910
5 659
659 943
659 251
943 1088
943 947
1088 32
32 242
32 128
242 865
865 28
865 1243
28 937
28 666
937 479
937 210
479 642
642 1210
642 657
1210 815
815 135
135 335
335 89
89 929
89 1638
929 43
43 257
43 1223
257 336
336 311
336 875
311 117
117 520
117 728
520 829
829 652
652 268
652 1749
268 1487
268 1655
1487 683
1487 732
683 529
683 62
529 1466
1466 1446
1466 1433
1446 7
7 1073
7 1417
1073 362
362 708
362 1037
708 1139
1139 787
787 415
787 212
415 480
480 1192
1192 345
1192 139
345 1229
345 914
1229 809
1229 225
809 817
809 1131
817 839
839 61
839 375
61 965
61 1504
965 465
465 1626
465 1740
1626 254
254 1068
1068 434
434 229
434 166
229 492
229 122
492 750
750 1308
750 1158
1308 1383
1383 1259
1383 1129
1259 341
1259 549
341 105
341 1070
105 1316
1316 1686
1316 982
1686 824
1686 404
824 1116
1116 297
297 1294
1294 145
1294 719
145 498
498 278
278 681
681 803
803 792
792 1714
1714 1027
1714 892
1027 1388
1027 853
1388 769
1388 992
769 985
769 1270
985 848
848 547
