1 2153 80
1346 675
675 1736
1736 1756
1756 1982
1756 516
1982 346
346 1535
1535 722
1535 350
722 1994
722 2046
1994 1132
1994 308
1132 976
1132 323
976 992
992 1375
1375 20
1375 218
20 981
20 1792
981 1966
1966 658
1966 431
658 42
42 669
669 1438
669 534
1438 356
356 1285
356 891
1285 1348
1285 1666
1348 470
470 832
470 594
832 2145
832 1558
2145 1273
1273 1013
1013 82
1013 117
82 335
82 384
335 1320
335 514
1320 1206
1206 1674
1674 1332
1674 1111
1332 2004
1332 256
2004 835
835 559
835 1363
559 2059
2059 428
2059 43
428 1413
428 1868
1413 267
267 1855
267 1391
1855 845
1855 1339
845 1478
1478 964
1478 127
964 291
964 1923
291 2053
291 915
2053 566
2053 2070
566 1926
566 66
1926 1260
1260 847
1260 664
847 1243
1243 1903
1243 1538
1903 1088
1088 536
536 1122
536 196
1122 578
578 619
619 1577
1577 360
1577 2057
360 1625
360 72
1625 522
1625 165
522 45
45 393
393 567
393 2120
567 446
567 1996
446 1884
1884 486
1884 780
486 1746
1746 1581
1746 2013
1581 1637
1637 1703
1703 729
729 1455
1455 1878
1455 2134
1878 1311
1878 687
1311 1422
1422 661
1422 771
661 1027
661 1553
1027 896
1027 1963
896 1223
896 1673
1223 1913
1913 398
398 1298
398 2152
1298 1856
1856 1475
1856 251
1475 453
453 1155
1155 414
1155 683
414 245
414 870
245 1985
1985 402
1985 1067
402 2133
2133 1034
1034 15
15 310
310 258
310 1236
258 1167
1167 1895
1895 994
1895 190
994 1445
994 1807
1445 1949
1949 1768
1949 2132
1768 1356
1356 34
34 188
188 1101
1101 617
1101 1671
617 109
109 1681
1681 943
1681 737
943 1359
1359 877
877 460
460 608
460 22
608 679
679 1561
679 452
1561 1896
1561 1691
1896 1775
1896 1882
1775 1504
1504 1912
1504 3
1912 201
201 802
201 1573
802 1831
1831 2115
1831 869
2115 1126
2115 945
1126 571
1126 830
571 363
363 207
207 978
978 694
978 1020
694 2083
694 1325
2083 8
2083 1989
8 1869
1869 860
1869 365
860 640
640 697
640 204
697 1924
697 108
1924 1137
1924 420
1137 2035
2035 1192
2035 1354
1192 988
1192 985
988 1009
1009 2088
2088 2144
2144 1717
1717 1552
1717 796
1552 1047
1047 1416
1416 371
371 508
508 2015
2015 1352
1352 1248
1352 493
1248 1704
1704 905
905 1026
1026 1396
1396 1837
1396 636
1837 1698
1698 243
1698 1178
243 1731
243 1477
1731 292
1731 483
292 512
512 1015
1015 1848
1015 586
1848 904
904 257
257 397
397 674
397 274
674 268
268 690
268 1714
690 209
690 2073
209 1780
209 1676
1780 1532
1780 1945
1532 1190
1532 1877
1190 2092
2092 1084
2092 2014
1084 1124
1124 73
73 2113
73 233
2113 1061
2113 1393
1061 465
465 444
444 264
264 890
890 774
890 1263
774 17
774 901
17 1075
1075 1527
1527 541
541 469
541 1909
469 219
469 895
219 938
219 99
938 1317
938 2026
1317 97
97 1545
97 368
1545 189
1545 2097
189 1899
1899 602
602 321
602 333
321 1005
1005 1644
1005 212
1644 1864
1864 1547
1864 1865
1547 1313
1313 2075
2075 1039
1039 1970
1970 1392
1970 2114
1392 629
1392 1154
629 2029
2029 750
750 889
750 1421
889 1364
889 467
1364 2063
1364 2140
2063 1828
2063 355
1828 2051
2051 773
2051 1712
773 2066
773 2122
2066 850
2066 1017
850 1858
850 1921
1858 484
484 888
484 1630
888 2142
2142 1496
1496 624
1496 152
624 1461
624 902
1461 695
1461 1201
695 301
695 59
301 932
301 26
932 1696
1696 1186
1696 1023
1186 2087
1186 39
2087 198
2087 825
198 1534
1534 1044
1044 32
1044 580
32 2060
32 1741
2060 1350
1350 611
1350 1767
611 2109
611 779
2109 2104
2104 854
854 2106
2106 797
797 1054
797 1737
1054 1256
1054 1275
1256 1383
1256 1187
1383 856
1383 231
856 833
833 542
833 1910
542 849
849 727
849 1930
727 698
698 101
698 1957
101 1803
1803 778
1803 1988
778 599
599 162
599 1956
162 309
162 1484
309 762
309 1793
762 1371
762 1439
1371 1893
1371 2041
1893 1293
1893 719
1293 1879
1879 1781
1781 1156
1156 709
709 1409
709 1603
1409 2007
1409 163
2007 525
525 1607
1607 713
713 305
305 1657
305 1
1657 74
1657 1548
74 1905
1905 782
1905 249
782 1344
782 1185
1344 1003
1003 954
1003 455
954 1713
1713 479
1713 1815
479 800
479 412
800 1183
1183 221
1183 1012
221 677
221 519
677 1229
677 610
1229 1071
1071 1907
1907 1997
1997 798
1997 1556
798 527
798 1744
527 1091
527 2056
1091 2052
1091 781
2052 1360
1360 616
1360 1592
616 1554
1554 1968
1968 487
487 362
362 693
362 286
693 1808
693 2112
1808 907
1808 973
907 2135
2135 793
2135 568
793 801
793 1650
801 1692
801 472
1692 987
1692 439
987 807
807 67
807 1707
67 1268
1268 684
684 320
320 206
320 1705
206 1140
1140 265
265 171
171 1050
171 425
1050 518
518 340
340 1010
1010 1429
1429 229
1429 1452
229 554
554 1706
1706 805
805 1294
1294 738
1294 1802
738 110
110 1551
110 1709
1551 569
569 1078
569 646
1078 900
1078 1115
900 2031
2031 1466
1466 1653
1466 6
1653 886
1653 435
886 2149
886 1399
2149 642
642 1473
642 715
1473 1436
1436 1871
1871 1797
1871 972
1797 429
1797 618
429 1492
1492 315
1492 1928
315 1843
315 1194
1843 374
1843 227
374 495
495 480
495 463
480 1470
1470 9
9 166
166 1284
166 1595
1284 924
1284 1721
924 1791
1791 448
448 831
448 379
831 606
831 86
606 2148
2148 1934
1934 1212
1212 1894
1894 1113
1113 841
1113 2124
841 2020
2020 1353
1353 2080
1353 1304
2080 1414
2080 248
1414 214
214 289
289 1481
1481 1596
1596 1296
1596 47
1296 1119
1119 1566
1119 391
1566 1008
1008 1025
1008 56
1025 151
1025 1283
151 721
151 1196
721 776
776 681
681 858
681 862
858 2047
858 1922
2047 1390
2047 1241
1390 984
984 299
984 1506
299 1794
299 613
1794 1308
1308 1322
1322 1234
1322 1401
1234 1191
1234 1846
1191 139
139 295
295 131
295 284
131 1972
1972 1180
1180 68
1180 1321
68 235
68 1809
235 1276
1276 977
1276 269
977 768
977 1228
768 1274
768 1597
1274 1562
1562 986
986 485
986 2011
485 1377
1377 1689
1689 791
1689 1693
791 641
791 395
641 1979
641 1231
1979 2005
2005 447
447 587
447 62
587 826
826 2061
826 1929
2061 816
2061 1038
816 1018
816 1664
1018 1269
1269 450
1269 936
450 1621
450 71
1621 1517
1517 312
312 63
63 817
63 1722
817 653
653 195
653 875
195 1249
1249 1634
1249 1166
1634 69
1634 238
69 294
69 1734
294 1247
1247 1076
1076 270
270 1796
270 892
1796 65
65 529
65 996
529 955
529 442
955 326
326 394
326 1080
394 1614
394 1987
1614 2099
1614 50
2099 625
625 501
625 468
501 1386
1386 1804
1804 407
407 2098
2098 1239
2098 252
1239 1752
1239 1463
1752 246
246 234
234 1448
234 1337
1448 2009
2009 1254
2009 1555
1254 53
53 1355
1355 1198
1355 1765
1198 1412
1198 1277
1412 639
639 125
639 1097
125 785
125 298
785 1278
1278 1189
1278 225
1189 1398
1398 734
734 1440
734 1774
1440 1083
1083 413
1083 1362
413 474
474 1096
474 135
1096 1769
1096 142
1769 1639
1639 2141
1639 1699
2141 1125
1125 115
115 1290
115 971
1290 1582
1290 1993
1582 1169
1582 1615
1169 1511
1169 90
1511 1726
1726 138
138 1226
1226 1611
1611 1058
1058 703
703 133
703 1408
133 2116
133 576
2116 532
532 215
215 1090
215 1875
1090 783
1090 49
783 1612
1612 197
1612 1522
197 598
598 2150
598 1574
2150 1891
1891 1719
1891 868
1719 1523
1523 1732
1523 1626
1732 54
54 128
54 1743
128 436
436 1560
436 1244
1560 1991
1991 543
543 1748
543 787
1748 821
821 1048
821 1160
1048 498
1048 1981
498 462
462 1686
462 351
1686 1079
1686 354
1079 88
1079 338
88 1718
88 732
1718 711
711 1295
711 1077
1295 83
83 94
94 1594
94 1806
1594 882
882 736
736 1888
736 155
1888 1656
1888 490
1656 2033
1656 1617
2033 1235
1235 1700
1700 1250
1250 701
1250 1839
701 1885
701 885
1885 1636
1885 1411
1636 1441
1636 975
1441 940
1441 1515
940 78
940 1973
78 1453
1453 2131
1453 76
2131 788
2131 1975
788 1474
788 369
1474 372
372 1427
372 279
1427 1059
1059 1435
1435 1372
1372 1152
1152 1937
1937 217
1937 1811
217 1883
1883 389
1883 1813
389 2129
389 819
2129 2078
2078 1739
2078 185
1739 313
1739 300
313 1631
313 949
1631 464
1631 643
464 1817
1817 1107
1107 1820
1820 311
1820 146
311 770
311 918
770 1876
1876 41
41 1628
1628 1131
1628 1443
1131 1609
1609 2107
2107 1669
2107 1498
1669 742
742 277
277 1349
1349 1442
1442 1750
1750 1395
1395 1150
1150 457
1150 92
457 21
457 434
21 1397
21 588
1397 1149
1149 1373
1373 761
1373 1519
761 123
761 1181
123 186
123 124
186 775
186 630
775 98
98 1110
98 2001
1110 509
1110 1312
509 1328
509 1685
1328 1849
1849 324
324 1688
1688 561
561 1680
561 660
1680 203
1680 141
203 1578
1578 2118
2118 4
4 563
4 1267
563 1990
1990 810
1990 1593
810 1035
810 812
1035 764
764 937
764 1525
937 564
937 1654
564 1773
1773 1361
1773 1297
1361 834
1361 1480
834 1590
1590 530
1590 126
530 865
530 2139
865 1501
865 1512
1501 1540
1501 1144
1540 1733
1540 626
1733 1810
1733 272
1810 25
1810 40
25 386
25 440
386 1627
386 396
1627 1579
1579 1510
1510 584
584 375
584 240
375 400
375 1844
400 1151
400 597
1151 730
730 416
730 644
416 605
416 1587
605 2137
2137 1176
1176 481
481 1002
1002 1735
1002 1387
1735 1544
1735 29
1544 1620
1544 1489
1620 1897
1897 1251
1897 1619
1251 1684
1251 1472
1684 1679
1679 57
1679 502
57 1613
57 222
1613 592
592 2018
2018 1381
1381 1011
1011 1716
1011 1434
1716 1500
1716 1404
1500 1173
1173 1508
1508 880
880 997
997 1095
997 874
1095 960
960 254
254 1675
1675 1168
1168 665
665 2074
2074 1836
2074 1683
1836 1948
1948 118
1948 1784
118 1662
1662 1225
1662 723
1225 1821
1821 1163
1821 1469
1163 573
1163 84
573 1279
1279 704
1279 662
704 1106
1106 2
1106 2019
2 958
2 1109
958 903
958 1711
903 811
811 2050
2050 1801
2050 1568
1801 2146
1801 1969
2146 1230
2146 1967
1230 1134
1134 2038
2038 1947
2038 720
1947 1667
1667 671
1667 1193
671 278
278 1720
278 935
1720 1862
1862 1622
1862 1094
1622 1998
1622 105
1998 765
765 1524
1524 520
1524 2108
520 843
843 1369
843 325
1369 1327
1327 1253
1327 1264
1253 1932
1253 1237
1932 1199
1199 2069
1199 1112
2069 799
2069 1499
799 2048
2048 829
2048 1331
829 533
533 5
5 942
942 1822
1822 239
1822 422
239 1323
1323 991
991 263
263 1814
263 510
1814 1030
1814 1171
1030 1419
1030 1351
1419 178
1419 2128
178 2119
2119 1365
2119 437
1365 756
756 883
883 911
883 2153
911 748
911 328
748 419
748 1336
419 430
419 1723
430 980
980 838
980 367
838 191
838 919
191 176
176 922
922 1347
1347 620
620 87
87 952
952 1123
1123 692
692 153
692 1819
153 319
153 590
319 950
950 144
144 581
144 1638
581 2095
2095 2016
2016 1665
2016 390
1665 1958
1665 822
1958 1860
1860 1203
1203 10
10 1838
1838 827
827 982
982 1161
1161 2028
2028 925
2028 676
925 1170
1170 1333
1333 1760
1333 503
1760 818
818 1146
818 2143
1146 2037
2037 366
2037 477
366 1262
366 1658
1262 403
403 871
871 1724
871 13
1724 184
1724 1541
184 872
872 376
872 596
376 1415
1415 1764
1764 591
591 1056
1056 377
377 1697
1697 1087
1697 378
1087 672
1087 194
672 1931
1931 172
1931 562
172 1145
172 2045
1145 1130
1130 1710
1710 1374
1374 1827
1374 361
1827 273
1827 1575
273 1258
1258 1281
1258 751
1281 656
656 1919
656 763
1919 863
1919 1918
863 1105
1105 1786
1105 1049
1786 708
1786 1074
708 241
241 1920
1920 1857
1857 1324
1324 909
909 2058
909 1208
2058 424
2058 116
424 1456
424 1514
1456 604
604 2125
604 11
2125 275
275 1462
275 1955
1462 2082
1462 894
2082 1870
1870 1840
1840 1529
1529 953
953 1816
1816 746
746 853
746 1053
853 1944
1944 75
75 2123
75 1052
2123 739
739 1382
739 134
1382 380
1382 725
380 147
380 632
147 691
147 1959
691 956
691 491
956 521
521 2094
521 968
2094 2044
2094 52
2044 287
2044 967
287 928
287 1066
928 316
928 1589
316 496
496 941
941 314
314 809
314 1900
809 1783
809 2076
1783 631
1783 1663
631 1824
1824 1240
1240 1301
1240 570
1301 1974
1301 1853
1974 1569
1569 1521
1569 2096
1521 970
970 1961
1961 1800
1800 1964
1964 726
1964 85
726 634
634 1715
634 920
1715 2023
2023 1954
2023 1211
1954 1330
1330 103
103 2017
103 1778
2017 1616
1616 475
1616 1340
475 735
735 266
735 794
266 404
266 1908
404 349
349 1672
1672 1089
1672 758
1089 304
1089 1834
304 1559
304 1833
1559 712
1559 96
712 46
712 731
46 1635
1635 1446
1446 2081
2081 1946
2081 670
1946 329
329 1158
329 7
1158 652
1158 1128
652 1984
652 1117
1984 814
1984 700
814 1103
814 327
1103 999
1103 1759
999 1772
999 1174
1772 95
1772 517
95 297
95 1604
297 164
297 544
164 2085
164 1172
2085 864
864 1935
864 1036
1935 1357
1357 1904
1357 1447
1904 1632
1904 1207
1632 173
1632 1652
173 1805
173 35
1805 741
741 1660
1660 1992
1660 526
1992 549
1992 154
549 2130
2130 906
906 1216
906 689
1216 820
820 1045
820 1530
1045 1829
1829 1999
1829 1757
1999 1493
1493 603
1493 2111
603 1557
1557 1755
1755 343
343 612
343 1980
612 1571
612 548
1571 983
983 1542
1542 1431
1542 551
1431 1287
1287 130
1287 353
130 682
682 1289
1289 1591
1289 2110
1591 1000
1591 777
1000 1121
1000 193
1121 655
655 948
655 1624
948 1608
948 1127
1608 1766
1766 1209
1209 1776
1209 250
1776 647
647 220
220 331
331 1454
1454 1424
1454 1978
1424 213
213 1659
213 1576
1659 1426
1659 2008
1426 405
405 192
405 1487
192 132
192 1358
132 318
132 1139
318 966
318 466
966 1742
966 492
1742 1246
1246 666
666 1021
666 106
1021 555
1021 893
555 1108
555 1282
1108 929
929 1861
929 2147
1861 1081
1081 558
558 112
112 2151
2151 1064
1064 1368
1064 1055
1368 1942
1368 600
1942 688
688 1835
1835 370
1835 1082
370 673
370 926
673 686
673 724
686 866
686 806
866 100
100 2067
100 1874
2067 2003
2003 1227
2003 476
1227 1886
1227 668
1886 418
418 91
418 2055
91 344
344 202
202 1682
202 1266
1682 461
1682 1747
461 44
44 1971
1971 2090
2090 2079
2090 1678
2079 410
2079 443
410 1952
410 575
1952 232
232 1950
232 873
1950 1402
1950 2103
1402 2065
2065 1866
1866 1943
1866 1007
1943 593
1943 851
593 947
593 364
947 330
330 881
881 93
881 1280
93 261
261 1197
1197 1648
1197 803
1648 27
27 406
406 1394
1394 1164
1394 1051
1164 998
998 537
537 1004
537 1841
1004 387
387 1319
1319 840
840 914
914 844
914 621
844 1300
844 342
1300 836
1300 2024
836 1881
836 1242
1881 2032
2032 1826
2032 649
1826 1329
1826 1022
1329 852
1329 358
852 993
993 804
993 334
804 1255
1255 1136
1136 1065
1136 148
1065 887
1065 1245
887 157
887 1292
157 179
157 2127
179 1845
179 1318
1845 1953
1953 1485
1485 1086
1086 30
1086 546
30 784
30 550
784 1148
784 842
1148 752
1148 1070
752 1450
1450 1016
1450 1188
1016 2068
2068 1788
2068 89
1788 1265
1788 1779
1265 1951
1265 1334
1951 24
24 1708
24 1366
1708 633
633 769
769 1315
1315 1526
1315 1570
1526 1342
1526 1502
1342 1549
1342 1690
1549 878
878 823
823 145
145 1586
145 1863
1586 1898
1586 2064
1898 979
1898 1812
979 1649
979 1887
1649 1316
1649 488
1316 48
48 651
48 1618
651 64
651 635
64 1917
1917 1823
1823 1425
1823 1092
1425 120
120 1157
1157 1787
1157 627
1787 1890
1787 959
1890 1420
1890 539
1420 1851
1420 702
1851 1272
1851 815
1272 1646
1272 1380
1646 1302
1302 1257
1257 524
524 337
337 307
307 200
307 577
200 828
200 1043
828 1458
1458 1147
1458 499
1147 150
1147 1464
150 1432
1432 1259
1432 1825
1259 846
1259 717
846 1536
846 276
1536 2021
2021 1165
2021 1310
1165 1031
1165 253
1031 1233
1031 177
1233 1488
1233 772
1488 383
383 921
383 2030
921 1142
921 500
1142 974
1142 175
974 1135
1135 1546
1135 1645
1546 236
236 1205
1205 1465
1465 1580
1465 623
1580 1379
1379 2091
2091 494
2091 454
494 1073
1073 1291
1291 716
716 451
451 553
553 1533
1533 1642
1642 471
471 1763
471 1798
1763 1790
1790 228
228 609
609 38
609 995
38 1222
1222 1410
1410 167
167 1762
167 1936
1762 607
607 180
180 58
58 1509
1509 293
293 574
293 1159
574 1370
574 1986
1370 923
1370 705
923 1901
1901 226
226 182
226 1507
182 1497
1497 1270
1270 884
884 1093
1093 1938
1938 119
1938 1423
119 1062
1062 1925
1062 1271
1925 1610
1925 1640
1610 296
296 1941
1941 1633
1633 538
1633 1099
538 1531
538 411
1531 1629
1629 2089
1629 242
2089 1651
1651 1288
1651 170
1288 1345
1288 1850
1345 1670
1670 456
456 795
456 421
795 540
795 1184
540 1520
540 352
1520 1799
1799 322
1799 1014
322 897
322 1417
897 557
557 2002
557 382
2002 1727
2002 1407
1727 1215
1727 1889
1215 1939
1215 560
1939 359
359 2072
359 908
2072 459
459 743
743 423
743 707
423 1940
1940 79
1940 1832
79 753
79 408
753 931
753 754
931 244
931 1232
244 515
244 813
515 615
515 2105
615 285
285 2034
2034 848
848 1162
848 1060
1162 513
1162 1384
513 786
513 1024
786 1661
786 1213
1661 1902
1661 1491
1902 1516
1516 1200
1200 1476
1200 879
1476 31
31 1305
1305 1063
1305 445
1063 1460
1460 341
341 1057
1057 589
1057 1006
589 1730
1730 1641
1641 1100
1100 19
19 511
511 114
114 302
302 585
302 111
585 317
317 438
438 55
55 595
595 1754
1754 1588
1754 1116
1588 876
1588 2027
876 482
876 1220
482 1114
1114 957
1114 2077
957 1175
957 565
1175 528
1175 1437
528 1341
528 260
1341 332
1341 1701
332 556
332 1405
556 259
259 622
259 1494
622 210
210 747
210 1725
747 381
747 696
381 667
381 347
667 288
667 187
288 345
288 18
345 1072
1072 1479
1479 1433
1479 1153
1433 441
1433 1777
441 545
545 637
545 1418
637 505
505 1771
1771 136
136 129
136 1583
129 1880
1880 1770
1880 913
1770 357
1770 963
357 760
357 1655
760 1085
760 1758
1085 1789
1789 582
1789 733
582 1854
582 855
1854 489
1854 680
489 951
489 579
951 899
899 1852
1852 1513
1513 1537
1537 1847
1847 271
271 934
934 247
247 645
247 1550
645 1598
1598 473
1598 1892
473 36
473 107
36 1906
36 2006
1906 1702
1702 685
1702 122
685 1141
685 37
1141 1388
1388 654
654 140
140 392
140 1286
392 1916
1916 104
104 944
104 1133
944 2101
944 409
2101 1221
1221 2071
2071 1729
2071 1915
1729 1602
1602 1518
1602 2062
1518 205
205 1795
1795 2138
1795 174
2138 1643
1643 506
1643 1019
506 1299
506 933
1299 33
33 1490
1490 808
808 1528
808 401
1528 2102
1528 1451
2102 1306
1306 572
1306 303
572 1543
572 2136
1543 912
1543 1601
912 861
861 1001
1001 1505
1505 1623
1505 1873
1623 149
1623 1102
149 1219
149 2093
1219 1459
1459 1428
1459 28
1428 426
1428 1539
426 1927
1927 1965
1927 1567
1965 80
80 1859
80 102
1859 1495
1495 1677
1495 1120
1677 965
1677 1326
965 216
216 1068
1068 927
927 161
161 458
458 81
458 1252
81 2121
81 1740
2121 1406
1406 728
1406 282
728 1309
728 1457
1309 1830
1830 2000
1830 1599
2000 1335
2000 1069
1335 77
1335 946
77 1449
77 916
1449 385
1449 583
385 1303
1303 2036
1303 824
2036 262
262 504
504 1933
504 1138
1933 2126
1933 1104
2126 281
2126 1572
281 2010
2010 2043
2043 1182
2043 399
1182 1565
1182 2025
1565 1471
1471 61
1471 1430
61 1867
1867 657
657 1238
657 1037
1238 969
1238 1960
969 70
969 1647
70 290
290 1378
290 1400
1378 710
1378 1728
710 1745
710 306
1745 1403
1403 755
1403 1098
755 208
208 1694
1694 648
648 1218
648 230
1218 224
224 2040
2040 1695
1695 336
1695 839
336 16
336 1976
16 280
280 699
699 507
699 638
507 2012
2012 1482
2012 767
1482 1872
1482 552
1872 1785
1872 1029
1785 1143
1785 1782
1143 2086
1143 160
2086 1224
1224 181
1224 2022
181 601
601 388
388 1214
1214 917
917 156
156 790
790 1376
1376 718
1376 143
718 898
718 2049
898 714
714 789
714 1563
789 930
789 183
930 2117
2117 2054
2117 12
2054 339
339 1818
1818 497
497 740
740 1040
740 1033
1040 1338
1338 1753
1338 137
1753 60
60 169
169 159
159 433
433 255
255 1962
255 1738
1962 158
158 121
158 23
121 867
867 1751
1751 168
168 1385
168 757
1385 910
910 744
744 1977
744 1914
1977 962
962 1129
962 859
1129 1210
1210 1761
1210 373
1761 1028
1028 223
1028 759
223 417
417 1842
1842 1367
1842 2100
1367 792
792 614
614 659
659 2039
2039 1911
2039 1118
1911 283
283 857
857 1585
857 1343
1585 51
1585 650
51 1605
51 1483
1605 211
211 1983
1983 1041
1983 1389
1041 1600
1041 1995
1600 1204
1204 749
749 837
749 1687
837 1179
1179 427
427 1032
1032 1217
1032 1202
1217 478
478 237
237 415
237 449
415 706
415 113
706 989
706 535
989 1444
1444 1195
1195 14
1195 2042
14 1584
14 1503
1584 1046
1046 348
1046 628
348 1177
1177 1668
1668 1307
1307 1042
1042 199
199 678
199 990
678 1314
1314 1486
1486 547
1486 1467
547 2084
2084 939
939 523
939 1468
523 432
432 1261
432 1749
1261 1606
1261 961
1606 1564
1564 663
1564 766
663 745
745 531
