28 1067 51449868
8 28
8 4
28 21
21 15
21 11
15 1
15 27
1 23
1 2
23 16
23 13
16 3
3 24
3 7
24 10
24 26
10 25
25 19
19 9
9 22
22 6
22 17
6 18
18 5
5 20
20 14
20 12
998 593
593 897
897 981
981 346
346 871
346 171
871 291
871 279
291 207
291 426
207 303
207 12
303 240
303 763
240 435
435 666
435 825
666 718
718 379
379 558
558 417
558 770
417 863
863 920
920 166
166 25
25 1046
25 749
1046 924
924 819
924 221
819 621
819 739
621 139
139 850
139 153
850 326
326 935
326 596
935 186
935 165
186 754
754 857
857 419
419 777
419 134
777 26
777 115
26 159
159 277
159 503
277 144
144 169
144 358
169 502
502 764
502 862
764 705
705 342
342 150
150 661
661 234
234 3
234 1033
3 333
333 626
626 284
284 856
856 17
856 909
17 660
17 409
660 957
957 573
573 334
334 612
612 704
704 312
704 486
312 785
312 674
785 958
958 222
222 177
177 456
177 223
456 151
151 722
722 778
722 945
778 32
32 904
32 175
904 1056
1056 528
1056 710
528 656
656 356
656 71
356 297
297 433
297 392
433 451
451 475
475 100
475 8
100 98
98 973
973 410
410 316
316 800
316 481
800 327
327 255
327 1045
255 858
255 187
858 90
858 852
90 457
90 849
457 1044
1044 88
1044 1008
88 891
891 668
891 1034
668 711
668 396
711 185
185 225
225 540
540 756
540 92
756 506
506 910
506 407
910 513
513 416
513 886
416 566
566 64
64 693
693 1061
693 491
1061 189
1061 685
189 505
505 651
505 620
651 440
440 368
440 238
368 765
765 390
765 677
390 145
390 331
145 274
145 768
274 195
195 544
195 329
544 247
544 1063
247 461
461 814
814 896
896 930
896 622
930 604
604 790
790 578
578 524
578 39
524 663
663 723
723 530
530 216
530 264
216 72
216 773
72 14
14 123
14 795
123 376
376 694
376 712
694 473
473 206
206 27
27 682
682 469
469 210
210 788
210 731
788 796
796 598
796 597
598 498
498 936
936 444
936 570
444 480
480 112
480 526
112 811
811 692
811 548
692 681
681 141
681 752
141 493
141 106
493 267
493 301
267 688
688 751
688 690
751 13
13 955
955 937
937 294
937 590
294 745
294 116
745 912
912 212
212 117
117 84
117 619
84 126
126 170
170 1050
170 350
1050 556
556 1025
1025 905
1025 448
905 721
721 880
880 283
283 716
283 437
716 188
188 664
188 614
664 719
719 432
719 841
432 801
801 941
801 82
941 717
941 714
717 1059
717 158
1059 458
458 730
458 911
730 286
730 648
286 44
44 109
109 33
109 815
33 453
33 1024
453 372
453 37
372 670
670 365
670 976
365 307
365 970
307 697
697 940
940 337
337 2
2 813
813 914
914 308
914 73
308 160
308 789
160 925
925 922
925 608
922 1004
922 265
1004 687
1004 842
687 559
687 172
559 494
494 557
557 257
257 933
933 531
933 786
531 319
531 260
319 698
319 1020
698 22
22 460
22 870
460 565
460 119
565 603
603 715
715 280
715 927
280 822
822 391
822 817
391 108
391 928
108 736
108 932
736 810
736 750
810 360
810 30
360 520
360 851
520 780
520 954
780 466
780 428
466 23
466 672
23 300
23 1032
300 884
884 298
298 325
298 885
325 445
445 330
330 980
330 511
980 48
980 474
48 508
48 686
508 631
508 962
631 344
631 640
344 733
733 627
733 343
627 539
539 580
580 655
655 899
899 429
899 258
429 485
429 726
485 865
865 369
369 256
369 919
256 62
62 482
62 549
482 509
482 947
509 887
509 152
887 1057
1057 422
422 966
966 199
199 131
131 961
961 527
961 449
527 163
163 55
55 606
55 400
606 784
784 727
784 1031
727 50
727 824
50 827
827 563
563 269
563 427
269 359
269 167
359 797
797 201
201 378
378 931
378 162
931 377
931 993
377 673
673 148
148 328
148 875
328 833
328 218
833 546
833 995
546 948
546 1006
948 281
281 78
78 352
352 393
393 321
321 478
478 840
478 818
840 846
846 99
99 1040
99 387
1040 10
10 412
412 844
412 133
844 304
844 779
304 184
304 671
184 602
184 290
602 31
602 217
31 200
31 366
200 1030
1030 956
956 1009
956 1054
1009 804
1009 572
804 516
804 430
516 802
802 985
802 399
985 609
609 581
609 371
581 545
545 753
753 120
753 125
120 499
499 908
908 683
908 859
683 142
683 69
142 16
16 1065
1065 761
761 495
761 1022
495 472
495 587
472 823
472 174
823 869
823 447
869 637
637 521
637 1029
521 805
521 93
805 381
381 907
381 24
907 599
599 383
599 707
383 740
383 311
740 532
532 776
776 288
288 318
318 861
861 339
339 510
339 66
510 477
510 489
477 136
477 929
136 464
464 594
594 636
594 967
636 735
735 984
735 46
984 182
984 405
182 403
182 990
403 21
21 992
992 991
992 592
991 272
272 525
525 1014
525 455
1014 702
702 80
702 826
80 787
80 454
787 94
94 135
94 1013
135 1043
1043 434
434 63
434 374
63 972
63 67
972 122
972 1026
122 611
611 639
611 601
639 196
196 952
196 363
952 91
952 289
91 45
45 168
45 975
168 229
168 738
229 87
87 538
538 181
538 748
181 828
181 675
828 901
901 113
901 1060
113 724
724 781
781 809
809 799
799 335
335 470
470 953
470 143
953 812
812 375
812 888
375 792
792 1016
1016 89
1016 278
89 638
638 295
638 964
295 774
295 438
774 874
774 1001
874 287
287 204
287 268
204 728
728 146
728 977
146 250
146 766
250 515
515 741
515 85
741 9
741 357
9 54
9 588
54 926
926 315
926 567
315 137
137 296
296 845
296 192
845 176
176 561
561 107
107 934
934 6
934 20
6 254
254 1005
254 1
1005 101
101 111
111 219
219 713
219 156
713 860
713 963
860 349
349 662
662 582
582 645
582 261
645 579
645 484
579 239
579 76
239 605
605 332
605 1003
332 1023
332 1015
1023 816
816 892
816 883
892 263
892 305
263 397
263 523
397 793
793 1021
1021 989
1021 894
989 906
989 946
906 839
906 243
839 178
178 35
178 237
35 251
35 835
251 938
938 564
564 483
483 772
772 921
772 971
921 128
128 591
128 309
591 231
591 987
231 836
836 292
292 595
292 983
595 70
595 241
70 634
70 562
634 110
634 769
110 43
43 479
43 873
479 632
479 102
632 127
127 848
848 900
900 830
830 808
808 414
414 575
414 895
575 492
575 213
492 782
782 1055
1055 551
1055 696
551 103
103 384
384 517
517 635
635 960
960 313
313 589
313 59
589 680
589 553
680 394
394 708
708 36
708 643
36 676
676 443
443 205
443 791
205 576
205 389
576 194
194 944
944 1010
1010 867
1010 51
867 244
867 542
244 821
821 607
821 994
607 471
607 423
471 706
471 74
706 104
104 703
703 208
208 446
446 413
413 649
649 310
649 19
310 555
555 535
535 227
227 986
986 1002
1002 373
1002 881
373 293
293 7
293 889
7 408
7 47
408 623
623 118
118 868
118 306
868 214
868 60
214 997
214 974
997 270
997 512
270 52
270 370
52 701
701 838
701 353
838 642
642 500
500 1018
500 610
1018 969
969 56
56 1058
56 755
1058 903
1058 665
903 1051
903 40
1051 1017
1051 771
1017 317
317 783
317 1028
783 877
877 543
543 96
543 943
96 1064
1064 552
1064 737
552 982
982 653
653 49
49 130
49 41
130 83
83 348
348 347
348 323
347 832
832 659
659 61
659 487
61 568
61 537
568 404
404 463
463 585
463 155
585 879
585 351
879 657
657 497
497 847
847 58
58 220
220 361
220 854
361 242
242 725
725 441
441 285
441 577
285 720
720 425
720 843
425 266
266 518
266 507
518 418
518 533
418 53
418 191
53 415
415 42
415 968
42 421
421 367
367 560
367 747
560 1042
1042 1053
1053 11
11 744
744 583
744 183
583 496
583 476
496 536
536 519
519 203
519 1067
203 794
794 949
949 654
654 385
654 340
385 1000
385 450
1000 807
1000 202
807 691
807 468
691 534
691 866
534 248
248 684
684 406
684 547
406 617
406 467
617 75
75 915
915 630
630 743
743 624
743 488
624 320
624 831
320 355
355 1041
1041 1038
1041 584
1038 798
798 950
798 97
950 669
950 898
669 193
669 124
193 1035
1035 504
504 913
504 837
913 149
913 1047
149 424
149 273
424 465
465 271
271 275
275 1019
1019 114
114 942
114 820
942 757
942 29
757 198
198 154
198 226
154 1007
1007 1036
1007 652
1036 79
1036 625
79 324
324 729
324 132
729 442
442 615
615 650
650 228
228 939
939 436
939 173
436 522
522 420
420 224
224 853
853 951
951 161
161 732
161 613
732 190
732 775
190 916
916 979
979 121
121 401
401 180
180 550
180 341
550 618
550 746
618 34
34 616
34 628
616 282
282 759
282 362
759 834
759 569
834 215
215 249
249 876
249 1037
876 586
586 411
411 988
411 164
988 490
988 398
490 641
490 38
641 18
18 65
65 999
65 529
999 57
999 459
57 1049
1049 211
1049 245
211 571
211 514
571 388
388 233
233 902
902 364
902 246
364 633
364 68
633 742
742 86
742 81
86 1039
86 402
1039 253
253 1066
253 541
1066 28
1066 380
28 345
345 734
345 917
734 864
734 762
864 767
864 1052
767 138
767 678
138 965
138 105
965 236
965 354
236 709
236 872
709 658
709 689
658 431
658 893
431 882
882 4
882 395
4 647
4 209
647 959
647 646
959 629
959 667
629 855
855 644
855 197
644 923
644 679
923 1048
923 600
1048 501
501 1062
501 336
1062 15
1062 140
15 230
15 1027
230 386
230 996
386 95
95 262
262 129
129 695
129 918
695 890
890 276
890 699
276 77
77 700
700 259
700 1012
259 302
259 554
302 179
302 978
179 157
157 803
803 5
5 232
5 829
232 452
452 574
574 322
322 758
758 806
758 252
806 338
806 235
338 1011
1011 462
1011 147
462 314
462 878
314 760
314 299
760 382
382 439
