3 1557 1327636
3 1
1 2
1509 139
1509 445
139 604
139 302
604 1489
1489 1298
1298 78
1298 370
78 1436
78 954
1436 1466
1436 572
1466 1315
1315 1316
1316 477
1316 1461
477 1068
477 1339
1068 1413
1068 1256
1413 1009
1413 371
1009 264
1009 1229
264 607
264 1107
607 1492
607 1365
1492 850
1492 378
850 1066
850 1016
1066 656
1066 986
656 172
656 103
172 367
367 519
519 592
592 1149
1149 874
1149 947
874 164
874 123
164 901
901 814
901 544
814 1292
814 259
1292 290
290 934
934 816
934 900
816 762
762 485
485 1230
485 996
1230 1072
1072 1379
1379 303
1379 1051
303 1502
1502 153
1502 864
153 1268
1268 338
338 517
517 662
662 1335
1335 776
776 503
503 530
530 408
408 113
113 1078
113 992
1078 145
1078 34
145 94
145 1057
94 903
94 1233
903 909
909 1507
909 583
1507 144
144 1356
1356 1403
1403 357
357 157
357 407
157 648
648 610
648 785
610 135
610 1110
135 1112
1112 391
1112 696
391 341
341 564
564 446
564 1299
446 619
446 1179
619 981
619 487
981 295
295 218
218 1006
1006 780
1006 138
780 1097
780 646
1097 796
1097 98
796 700
700 1465
700 663
1465 1139
1465 430
1139 32
1139 1067
32 140
140 1389
1389 1496
1389 1176
1496 1541
1496 628
1541 1059
1541 1184
1059 1416
1416 177
177 923
923 1411
1411 1279
1411 914
1279 179
179 1109
1109 13
13 514
13 229
514 1449
1449 1158
1158 1075
1075 1113
1113 385
385 285
285 1390
285 1393
1390 492
1390 310
492 1008
1008 1214
1214 1337
1214 112
1337 1540
1540 1494
1494 1341
1494 1175
1341 484
484 590
484 352
590 905
905 84
84 449
449 188
188 1165
1165 755
1165 1349
755 185
185 670
185 1438
670 772
772 1405
772 1127
1405 555
555 53
555 948
53 732
732 266
266 307
266 1452
307 699
307 284
699 1015
699 1347
1015 149
149 4
4 182
4 479
182 664
182 372
664 521
521 1005
521 189
1005 557
1005 712
557 690
557 1151
690 872
872 404
404 1395
404 311
1395 1186
1186 1178
1186 730
1178 1154
1154 993
1154 101
993 632
632 443
632 174
443 1329
1329 820
820 940
820 334
940 1118
1118 658
658 26
658 1213
26 152
26 745
152 1319
1319 44
1319 1020
44 642
642 852
642 811
852 767
852 228
767 70
70 379
70 595
379 286
286 1362
286 769
1362 515
515 1144
515 975
1144 364
364 1307
364 56
1307 1255
1255 344
344 196
344 650
196 743
196 122
743 337
743 471
337 1380
1380 452
1380 1199
452 51
51 1357
1357 1364
1357 566
1364 424
1364 1537
424 1074
424 665
1074 1029
1029 1102
1029 262
1102 1250
1102 345
1250 561
1250 280
561 1054
561 277
1054 912
1054 75
912 950
950 392
392 961
961 1444
1444 1384
1384 38
1384 210
38 913
38 227
913 708
913 684
708 410
708 754
410 48
410 1171
48 55
48 797
55 50
50 1261
1261 1324
1324 268
1324 688
268 1281
268 715
1281 927
927 459
927 559
459 822
822 1267
1267 882
1267 86
882 848
882 1450
848 884
884 686
884 423
686 25
25 1234
1234 481
1234 1516
481 252
252 1294
252 1010
1294 823
1294 1272
823 1126
823 991
1126 929
1126 1361
929 523
523 518
523 472
518 543
518 535
543 433
543 705
433 235
235 1108
1108 496
1108 1060
496 1420
496 563
1420 440
440 318
440 859
318 306
306 1219
1219 851
851 437
851 626
437 191
437 1088
191 1557
191 1224
1557 243
243 360
360 368
368 426
368 1031
426 777
426 682
777 821
821 260
821 498
260 1401
1401 513
513 460
460 838
460 1512
838 489
838 413
489 195
489 374
195 442
442 815
815 482
815 1062
482 1160
482 171
1160 197
1160 1382
197 693
197 979
693 226
693 325
226 1387
226 461
1387 1445
1387 842
1445 1480
1480 1145
1145 725
1145 1556
725 64
725 1266
64 148
148 952
148 520
952 1137
1137 1338
1137 930
1338 1201
1201 1242
1242 150
1242 1399
150 906
906 208
906 1407
208 631
631 612
631 66
612 265
612 1485
265 273
265 995
273 1076
273 504
1076 14
14 862
14 380
862 365
862 680
365 740
740 300
740 576
300 956
300 1120
956 283
956 217
283 1378
283 760
1378 349
349 134
134 1422
1422 247
247 819
819 1093
819 775
1093 899
899 417
417 724
417 20
724 709
709 21
709 1055
21 1529
1529 886
886 1531
886 1122
1531 464
464 107
464 351
107 1440
107 1037
1440 1368
1440 1092
1368 231
231 223
231 463
223 545
545 132
132 792
792 358
358 33
33 1260
33 1432
1260 1491
1491 616
616 871
616 475
871 1125
1125 401
401 502
502 854
502 326
854 255
854 42
255 622
622 462
462 512
512 1470
512 970
1470 736
1470 1439
736 439
439 1203
439 630
1203 1216
1203 133
1216 895
1216 409
895 949
895 453
949 1156
949 1288
1156 781
781 1131
1131 1243
1243 1467
1467 77
77 1317
1317 887
887 316
316 491
491 194
194 904
904 739
904 808
739 1459
1459 5
1459 828
5 1200
1200 222
1200 615
222 1001
1001 868
868 830
868 834
830 876
876 7
876 1052
7 1177
1177 879
879 965
965 649
649 641
641 582
582 1275
1275 88
88 541
541 142
541 654
142 1506
142 297
1506 1280
1506 932
1280 1515
1280 1472
1515 129
129 43
129 585
43 549
43 1343
549 910
910 1303
910 483
1303 1548
1303 963
1548 877
1548 580
877 254
877 1446
254 919
919 831
831 1246
831 151
1246 1300
1300 861
861 175
861 894
175 681
175 1542
681 911
911 560
560 1021
560 529
1021 1363
1021 1161
1363 1257
1363 1026
1257 788
788 209
209 890
890 939
890 621
939 1014
939 474
1014 301
301 383
383 951
383 957
951 1544
1544 720
720 1194
720 546
1194 1135
1135 339
339 1370
339 1263
1370 933
933 250
250 711
250 220
711 1474
1474 37
1474 687
37 176
37 1077
176 741
176 551
741 698
698 304
698 594
304 271
271 1447
1447 702
702 778
702 1119
778 108
778 274
108 376
108 429
376 593
376 1331
593 1498
593 1519
1498 1080
1080 569
569 1041
1041 406
1041 869
406 420
420 389
420 638
389 634
389 39
634 1047
634 883
1047 328
1047 1136
328 804
328 359
804 216
804 552
216 393
216 315
393 931
931 398
931 916
398 40
398 1124
40 418
418 967
967 779
779 1375
779 76
1375 1458
1458 1271
1271 292
292 703
703 219
703 640
219 697
219 1524
697 999
697 93
999 1048
999 332
1048 1543
1048 455
1543 668
668 1130
668 556
1130 416
416 225
416 233
225 1082
1082 296
1082 803
296 1482
1482 324
1482 69
324 893
893 674
674 1270
1270 1043
1043 490
490 415
415 387
387 1180
1180 898
898 388
388 578
578 749
749 548
548 12
12 695
695 1539
1539 350
1539 1114
350 748
748 198
748 764
198 355
198 158
355 1207
1207 812
812 1460
812 1071
1460 707
707 272
707 1167
272 938
272 660
938 770
938 258
770 1469
1469 211
211 1249
211 1310
1249 1508
1249 759
1508 1045
1045 1172
1045 1103
1172 47
47 1191
47 1228
1191 880
880 1431
1431 591
591 1221
1221 49
49 525
49 706
525 897
897 1141
1141 714
1141 1190
714 361
714 522
361 239
239 1237
239 127
1237 734
1237 984
734 1245
1245 1002
1245 856
1002 1211
1002 524
1211 694
694 678
678 857
678 186
857 305
305 330
330 234
234 1483
1483 1269
1483 476
1269 1373
1373 97
1373 846
97 1204
97 771
1204 1046
1204 1345
1046 735
735 666
735 539
666 397
666 600
397 451
451 1555
451 807
1555 1545
1545 937
937 1218
1218 1050
1050 1168
1168 1404
1168 1254
1404 614
614 928
928 1289
928 73
1289 1493
1493 441
441 659
659 1372
1372 238
238 488
238 571
488 1063
1063 1406
1406 1284
1284 540
1284 230
540 480
540 1182
480 657
657 1248
657 1346
1248 716
716 10
716 677
10 1385
1385 958
958 74
74 241
74 493
241 500
241 321
500 1500
1500 1441
1441 526
526 1381
1381 124
1381 1320
124 750
124 817
750 1505
1505 1140
1140 169
1140 1484
169 1162
169 1514
1162 588
1162 829
588 942
942 384
384 137
384 1497
137 213
213 925
213 1511
925 679
679 242
242 27
27 1035
27 1306
1035 579
579 847
847 1435
847 809
1435 717
717 221
717 1236
221 214
214 1554
214 203
1554 167
1554 791
167 1386
167 1274
1386 422
1386 87
422 1551
1551 403
1551 837
403 574
574 784
784 733
784 269
733 1359
1359 1546
1359 1058
1546 336
336 627
336 977
627 501
501 1251
1251 24
1251 119
24 1265
1265 1520
1520 726
1520 794
726 1536
1536 251
1536 256
251 1217
1217 800
800 1522
1522 54
1522 1129
54 1183
1183 1464
1183 1417
1464 1525
1525 832
1525 118
832 128
128 601
128 111
601 147
601 536
147 944
944 71
71 782
782 633
782 527
633 1181
633 136
1181 30
30 567
30 1202
567 427
567 1258
427 1428
1428 130
130 1453
1453 1313
1453 467
1313 348
348 971
971 825
825 1456
825 79
1456 1143
1143 1134
1134 1360
1360 1148
1360 1222
1148 1400
1148 1235
1400 89
1400 915
89 237
237 1240
1240 1344
1344 114
1344 1040
114 494
494 752
752 400
400 270
270 946
946 798
798 1198
798 1090
1198 918
918 1530
918 587
1530 1210
1210 629
629 568
629 875
568 1301
568 1193
1301 1418
1418 652
652 1547
652 1128
1547 609
1547 1423
609 163
163 889
163 1376
889 1391
889 1259
1391 1174
1391 458
1174 1226
1226 246
246 1036
246 1388
1036 253
253 691
691 1053
1053 623
623 964
964 636
636 1115
1115 553
1115 1095
553 193
553 584
193 63
193 178
63 1354
1354 1252
1252 99
1252 478
99 647
647 692
692 329
692 562
329 1013
329 599
1013 298
298 96
96 870
96 65
870 613
613 52
613 117
52 156
52 1322
156 1518
156 1032
1518 980
980 651
651 643
651 907
643 1276
643 1003
1276 793
793 786
786 362
362 457
362 202
457 1159
457 959
1159 240
240 428
428 212
428 747
212 1253
212 625
1253 1448
1253 1398
1448 173
1448 131
173 3
3 843
843 1311
843 335
1311 293
1311 972
293 1170
1170 448
448 1314
1314 510
510 67
67 731
67 1116
731 1084
1084 1437
1437 1471
1437 675
1471 1442
1471 835
1442 116
1442 955
116 920
920 1326
1326 538
1326 434
538 1371
538 1117
1371 644
1371 896
644 168
644 22
168 888
888 1133
1133 343
343 1039
1039 1369
1369 756
1369 104
756 1153
1153 15
1153 763
15 1187
1187 1296
1296 1297
1297 1069
1069 1510
1510 1138
1138 968
1138 790
968 1503
1503 878
878 1022
1022 215
1022 509
215 444
215 425
444 1286
1286 1332
1332 729
729 818
818 468
818 998
468 978
978 1121
978 1065
1121 624
624 1227
1227 60
1227 1264
60 1285
60 1293
1285 1101
1285 1011
1101 90
1101 1487
90 82
90 470
82 1342
82 120
1342 839
1342 1410
839 1189
1189 605
605 746
605 1305
746 994
994 1367
994 1495
1367 1377
1367 18
1377 102
102 187
187 676
676 602
602 1427
1427 921
1427 109
921 394
921 751
394 381
381 166
166 1038
166 723
1038 289
289 1282
289 575
1282 1473
1282 841
1473 319
1473 1111
319 1225
319 373
1225 969
1225 1152
969 314
969 1017
314 962
314 58
962 6
6 382
6 943
382 1083
1083 1147
1083 1443
1147 450
450 987
987 317
317 412
412 126
126 402
126 577
402 645
645 737
645 865
737 207
737 100
207 768
207 589
768 287
287 1185
1185 1348
1348 313
313 1475
1475 795
1475 945
795 953
795 805
953 1327
953 1079
1327 36
36 291
291 375
375 537
375 1169
537 1096
537 988
1096 354
1096 125
354 997
997 421
421 1457
1457 1247
1457 1081
1247 1501
1247 486
1501 637
1501 892
637 431
637 1028
431 1104
1104 533
1104 611
533 1157
533 294
1157 155
1157 1283
155 261
261 72
72 263
72 1433
263 288
288 312
312 1023
312 1220
1023 976
1023 866
976 466
976 184
466 9
466 863
9 1553
1553 1044
1044 1308
1308 1205
1205 511
511 232
232 1302
232 1353
1302 248
1302 59
248 1328
248 926
1328 353
1328 206
353 508
353 655
508 528
508 596
528 1273
1273 1278
1273 41
1278 982
1278 1073
982 983
983 989
989 200
989 620
200 1196
1196 1056
1056 885
885 1277
885 1468
1277 531
1277 661
531 1333
1333 532
1333 924
532 495
495 719
495 1383
719 1070
1070 1064
1070 1451
1064 1396
1064 204
1396 1366
1396 17
1366 840
840 1421
1421 917
917 323
917 598
323 1355
1355 395
1355 85
395 558
558 183
183 1018
183 309
1018 1142
1018 1188
1142 710
1142 713
710 165
710 653
165 432
165 363
432 224
224 1336
224 1287
1336 11
1336 1192
11 91
91 249
249 853
249 1478
853 35
35 1150
35 603
1150 1412
1150 718
1412 1087
1087 154
154 1419
1419 1429
1419 106
1429 1499
1499 891
1499 1173
891 81
891 766
81 858
81 1490
858 1323
1323 1538
1538 1212
1212 1350
1212 1463
1350 669
669 201
669 1239
201 331
201 327
331 606
606 1123
606 1155
1123 1025
1123 436
1025 61
61 115
115 813
115 23
813 1409
813 810
1409 435
435 618
435 405
618 1425
1425 581
581 1430
1430 990
1430 356
990 985
990 1486
985 146
146 45
45 671
671 347
671 506
347 1513
347 279
1513 192
1513 1424
192 1030
1030 667
667 454
667 1552
454 542
542 597
542 586
597 833
833 738
738 1004
738 68
1004 161
161 1215
161 534
1215 1007
1007 1206
1206 346
346 1209
1209 1454
1454 390
390 966
966 1321
966 774
1321 1304
1321 1012
1304 1085
1085 320
1085 1455
320 728
728 1414
728 1163
1414 844
844 1415
1415 801
801 340
340 547
340 836
547 701
547 1351
701 447
701 1100
447 333
333 758
333 396
758 1481
758 722
1481 276
276 827
827 19
19 855
19 1
855 1146
855 105
1146 550
550 1352
550 753
1352 281
1352 742
281 922
922 83
922 1208
83 908
908 673
908 704
673 1034
1034 727
1034 1535
727 1521
1521 787
1521 244
787 685
787 1099
685 826
826 1195
826 199
1195 499
499 1340
1340 181
181 1426
1426 141
141 377
141 1504
377 257
377 1318
257 1295
1295 973
1295 941
973 1291
1291 342
342 143
143 299
143 1232
299 469
299 190
469 236
469 689
236 245
236 322
245 160
245 1334
160 1477
160 8
1477 783
783 465
783 16
465 1549
465 683
1549 414
1549 1091
414 31
414 278
31 1290
1290 62
1290 824
62 1105
62 438
1105 1000
1000 505
505 46
505 1262
46 1476
1476 275
1476 1098
275 1312
1312 386
1312 1042
386 881
881 1223
1223 1534
1223 617
1534 1408
1408 935
1408 1086
935 757
935 1024
757 1330
757 57
1330 849
1330 1238
849 773
773 29
29 570
29 1527
570 516
516 789
516 170
789 639
789 1027
639 80
80 960
960 159
960 1479
159 1231
159 565
1231 180
180 1197
180 1132
1197 860
1197 554
860 1019
1019 1325
1325 267
267 308
308 1394
1394 635
635 1532
635 1061
1532 1309
1309 1089
1309 1488
1089 1049
1049 1033
1049 761
1033 1550
1550 744
744 1358
1358 1434
1434 806
1434 802
806 867
867 411
867 1526
411 1094
1094 92
92 507
507 2
2 205
205 1241
1241 1397
1397 573
1397 902
573 162
573 1244
162 1523
162 282
1523 1528
1523 1106
1528 497
497 95
497 721
95 1533
1533 366
1533 873
366 1166
366 974
1166 110
1166 1164
110 765
110 1517
765 419
419 936
936 608
936 1402
608 456
608 473
456 28
456 845
28 399
28 121
399 369
369 672
672 799
799 1462
1462 1392
1392 1374
