3 1079 23247583
3 1
3 2
312 816
816 116
816 965
116 942
942 318
318 694
318 598
694 413
413 620
620 919
919 812
919 39
812 369
369 1075
369 829
1075 530
1075 97
530 150
150 20
150 177
20 132
20 1058
132 211
211 845
845 740
740 923
740 977
923 1010
923 292
1010 682
1010 2
682 1056
682 780
1056 911
1056 838
911 1050
1050 78
1050 468
78 273
273 41
273 801
41 476
41 825
476 271
271 498
271 545
498 1067
498 513
1067 322
322 823
823 505
505 148
148 813
813 483
483 745
483 1048
745 265
745 28
265 359
359 886
886 885
885 648
648 252
252 649
649 759
759 645
759 709
645 555
555 769
555 217
769 862
769 953
862 301
301 442
301 504
442 388
442 162
388 676
388 147
676 410
410 859
859 1060
859 652
1060 194
194 841
194 761
841 660
841 994
660 387
660 226
387 673
387 214
673 398
398 912
398 871
912 697
697 436
436 990
990 189
990 567
189 400
189 623
400 355
355 136
136 870
136 1073
870 417
870 744
417 734
417 354
734 254
254 166
166 867
867 277
277 215
277 305
215 755
215 141
755 710
710 534
710 902
534 335
534 611
335 629
629 85
629 794
85 661
661 1034
1034 61
1034 1061
61 616
61 626
616 350
616 821
350 325
350 964
325 944
944 360
944 421
360 999
360 391
999 593
593 129
593 884
129 333
129 91
333 314
314 810
314 811
810 615
615 439
439 1025
1025 113
113 1015
113 496
1015 737
1015 29
737 716
737 878
716 898
716 415
898 11
11 181
181 64
181 575
64 219
219 241
241 8
8 730
8 104
730 724
730 892
724 343
343 664
343 574
664 340
664 203
340 1023
1023 443
443 89
443 624
89 989
989 409
989 733
409 1078
1078 345
1078 941
345 983
983 196
983 854
196 631
631 47
47 256
47 646
256 342
342 416
342 95
416 980
416 117
980 809
980 557
809 470
470 323
323 952
323 399
952 948
952 981
948 118
948 96
118 541
541 566
541 38
566 321
566 551
321 597
597 842
597 839
842 230
842 687
230 112
230 191
112 338
112 492
338 165
165 432
165 9
432 419
432 852
419 290
419 356
290 804
290 858
804 998
998 351
351 881
351 901
881 427
881 309
427 763
427 847
763 55
763 120
55 700
55 170
700 446
446 1047
446 299
1047 539
1047 402
539 713
713 123
713 679
123 883
123 491
883 558
883 370
558 17
17 145
145 835
145 134
835 519
519 606
606 466
606 1003
466 656
656 793
793 896
793 480
896 947
947 14
947 149
14 1064
14 630
1064 412
1064 174
412 182
412 671
182 973
973 531
531 663
663 987
663 715
987 475
475 248
475 781
248 229
229 30
229 232
30 329
30 42
329 379
329 586
379 970
970 904
970 334
904 591
904 997
591 833
591 924
833 474
474 543
474 553
543 868
868 339
868 784
339 378
339 144
378 779
779 1027
1027 485
485 348
348 559
348 92
559 1021
1021 1008
1008 115
115 433
433 758
758 882
882 723
723 808
723 425
808 929
929 208
929 133
208 647
647 420
647 121
420 296
296 827
827 684
827 770
684 536
536 423
423 384
384 1004
384 907
1004 958
958 913
958 982
913 362
913 1042
362 138
138 4
138 748
4 1031
4 705
1031 828
828 317
828 195
317 1033
1033 52
1033 80
52 84
84 915
915 422
915 455
422 90
90 887
90 596
887 368
887 938
368 928
928 284
284 444
444 869
444 727
869 529
529 570
570 452
570 467
452 353
452 653
353 790
353 315
790 917
917 279
917 395
279 372
372 817
372 686
817 60
60 967
967 1020
1020 636
636 927
636 580
927 822
927 407
822 895
895 695
895 908
695 164
164 316
164 778
316 677
316 643
677 889
889 160
889 82
160 135
135 837
837 659
659 418
418 1071
1071 937
937 68
937 102
68 23
68 610
23 88
88 473
88 855
473 24
473 1063
24 675
24 330
675 269
675 253
269 533
269 327
533 100
100 110
100 747
110 81
81 743
743 161
161 522
522 79
522 319
79 975
79 930
975 157
975 510
157 180
157 1024
180 926
180 717
926 848
926 718
848 1041
848 791
1041 260
260 819
260 58
819 906
906 357
357 976
976 876
976 249
876 187
876 275
187 722
187 678
722 840
840 526
840 604
526 573
573 128
573 21
128 375
375 332
375 605
332 772
332 590
772 243
243 546
546 1012
1012 618
1012 179
618 130
130 202
202 459
459 968
459 261
968 749
749 514
514 900
900 1035
900 406
1035 396
1035 438
396 940
940 547
940 931
547 428
547 274
428 441
428 765
441 212
212 227
212 484
227 991
227 1054
991 453
991 506
453 171
171 463
171 448
463 1002
463 692
1002 888
1002 288
888 685
685 576
685 1040
576 864
864 109
864 289
109 497
109 431
497 537
497 861
537 916
537 268
916 26
916 903
26 613
26 696
613 10
10 622
622 242
622 820
242 742
742 451
451 1032
451 764
1032 560
1032 735
560 578
560 383
578 306
306 414
414 515
414 201
515 65
515 762
65 945
945 465
465 137
137 298
298 602
602 771
602 905
771 43
771 893
43 1072
43 974
1072 729
729 853
729 786
853 152
853 969
152 521
152 988
521 563
563 168
168 469
168 223
469 276
469 12
276 429
276 914
429 978
978 310
310 741
310 732
741 328
741 449
328 707
707 75
707 750
75 344
344 93
93 66
93 814
66 35
66 51
35 482
482 617
617 27
27 381
27 1052
381 1016
381 374
1016 404
1016 499
404 1045
404 45
1045 873
1045 751
873 108
108 40
40 798
798 690
798 500
690 86
690 127
86 282
282 103
282 894
103 218
103 851
218 184
184 224
224 972
224 221
972 478
972 1005
478 31
478 34
31 556
556 48
48 175
175 712
175 44
712 564
712 774
564 146
146 502
502 789
502 641
789 352
789 520
352 796
796 461
796 462
461 200
200 565
565 651
651 863
863 549
863 773
549 625
549 245
625 1
625 107
1 949
1 458
949 490
490 1059
1059 216
216 711
711 153
153 608
608 800
608 797
800 186
186 464
186 720
464 603
464 302
603 159
603 126
159 1007
1007 169
169 15
15 632
15 286
632 548
548 760
760 392
760 721
392 834
392 669
834 517
517 270
517 158
270 726
270 36
726 185
726 71
185 259
185 472
259 377
377 188
377 634
188 386
386 233
386 599
233 1014
233 877
1014 204
204 909
204 244
909 880
880 509
509 776
776 487
776 430
487 583
487 995
583 50
583 267
50 802
50 562
802 106
106 397
106 178
397 1069
397 313
1069 450
1069 291
450 607
450 785
607 628
607 238
628 680
680 59
59 699
59 961
699 654
699 954
654 258
258 73
258 865
73 527
73 1019
527 579
579 757
579 935
757 176
176 361
361 1053
1053 53
53 37
37 736
736 488
488 278
488 815
278 960
960 872
872 87
872 584
87 285
87 62
285 403
285 234
403 501
501 7
501 494
7 1049
1049 445
445 962
962 210
210 1062
210 638
1062 843
1062 358
843 246
843 925
246 346
346 1039
1039 486
1039 25
486 561
486 495
561 592
592 538
538 197
197 222
197 239
222 424
424 255
255 56
56 782
56 77
782 493
493 554
493 401
554 992
554 612
992 1026
1026 380
380 250
250 235
235 1044
235 588
1044 125
125 272
125 32
272 434
434 477
434 963
477 826
826 708
708 1022
1022 295
295 460
295 308
460 1028
1028 601
1028 890
601 76
601 266
76 518
76 856
518 63
63 326
63 22
326 336
336 581
336 1055
581 754
581 389
754 542
754 524
542 936
936 662
662 435
662 124
435 1043
435 768
1043 600
600 525
525 807
807 507
807 635
507 701
701 307
701 633
307 860
860 70
70 1013
1013 775
775 46
775 320
46 528
528 739
528 844
739 371
371 939
939 373
939 393
373 738
373 220
738 140
738 190
140 910
910 262
262 294
294 728
728 783
783 99
783 933
99 619
619 665
619 98
665 875
875 297
297 366
297 550
366 205
205 237
205 324
237 920
920 257
257 788
257 932
788 471
471 247
247 857
247 986
857 756
857 207
756 489
756 511
489 637
489 156
637 523
523 922
922 571
922 363
571 454
454 644
644 263
644 1070
263 1057
1057 67
67 704
704 19
19 33
33 683
683 830
830 703
703 13
703 1030
13 225
13 568
225 587
225 569
587 3
3 1046
1046 681
1046 72
681 508
508 155
508 966
155 1001
155 5
1001 918
918 891
891 293
891 131
293 746
746 376
746 1009
376 609
609 209
609 1077
209 163
163 49
49 385
49 946
385 264
385 535
264 691
264 1000
691 979
691 83
979 287
287 303
287 866
303 971
971 850
850 347
850 516
347 725
347 803
725 341
725 540
341 672
341 956
672 198
198 1036
198 94
1036 996
1036 1011
996 640
640 122
640 251
122 753
753 799
799 300
300 614
614 639
614 512
639 1029
639 650
1029 766
766 719
719 943
943 405
943 950
405 589
589 231
589 824
231 457
231 16
457 667
457 832
667 693
667 114
693 111
111 767
767 688
688 957
957 447
957 365
447 897
447 831
897 192
192 921
192 105
921 367
367 572
367 503
572 621
572 173
621 582
621 657
582 984
582 836
984 206
206 172
172 411
172 304
411 666
411 311
666 394
666 54
394 731
394 689
731 456
456 151
151 706
151 795
706 119
119 959
959 544
544 143
544 627
143 714
143 331
714 228
714 183
228 283
283 236
236 642
642 69
69 1076
69 139
1076 101
1076 752
101 481
481 390
390 1068
390 479
1068 1051
1051 280
280 702
702 805
805 818
818 1037
1037 698
698 655
698 426
655 349
349 594
594 281
594 993
281 577
281 1018
577 6
6 787
787 408
787 777
408 1065
1065 1074
1065 199
1074 532
1074 142
532 364
532 899
364 1017
1017 440
440 154
154 951
154 213
951 193
193 585
585 670
670 874
874 337
337 57
57 382
382 792
792 1038
792 806
1038 674
1038 1066
674 167
674 240
167 879
167 1079
879 1006
1006 595
1006 955
595 658
658 849
658 437
849 668
668 934
668 985
934 846
934 74
846 552
552 18
