1 2327 347
617 289
617 652
289 1754
1754 2287
2287 315
2287 1261
315 1001
1001 1225
1225 696
1225 747
696 1132
1132 813
813 339
813 827
339 1882
339 150
1882 14
14 40
40 1295
1295 2066
1295 638
2066 1006
1006 1766
1766 1097
1766 2215
1097 2253
1097 1219
2253 1996
1996 246
246 845
246 1168
845 2095
2095 952
2095 222
952 1111
1111 1133
1133 594
1133 2093
594 1081
594 191
1081 1660
1660 278
278 1968
1968 1762
1762 498
1762 147
498 208
208 551
551 303
303 271
271 1838
271 937
1838 920
1838 1571
920 996
996 243
996 2073
243 413
243 331
413 2271
2271 858
858 979
858 227
979 2223
979 2263
2223 210
2223 1663
210 2229
2229 2193
2193 2014
2193 2122
2014 2252
2014 580
2252 1439
1439 1717
1439 9
1717 515
515 38
515 1442
38 1328
38 1720
1328 954
1328 1235
954 585
954 1468
585 357
357 2281
2281 1617
1617 926
1617 2327
926 520
926 233
520 106
106 363
363 129
129 1843
129 145
1843 1961
1843 1030
1961 722
1961 90
722 148
722 2006
148 1027
148 1551
1027 1127
1027 306
1127 203
1127 1498
203 2024
203 756
2024 986
986 1278
986 1171
1278 1504
1504 1455
1455 1436
1436 2209
2209 2170
2170 2100
2100 447
447 1552
447 1788
1552 927
1552 2081
927 104
927 2305
104 2192
2192 1601
2192 1281
1601 589
589 133
589 1096
133 2130
2130 1464
1464 317
1464 682
317 1883
317 509
1883 1400
1400 740
1400 467
740 1334
740 971
1334 2164
2164 2241
2164 1649
2241 867
2241 892
867 149
149 284
149 561
284 1310
284 390
1310 4
4 1543
4 2314
1543 2132
2132 810
2132 1428
810 397
397 552
397 136
552 1786
552 299
1786 2297
1786 1254
2297 1076
2297 2176
1076 1661
1661 2140
2140 791
791 224
224 729
224 885
729 587
587 1016
587 752
1016 1984
1984 1983
1984 1867
1983 1757
1983 1063
1757 656
1757 1396
656 665
656 1735
665 70
70 1767
1767 1251
1767 1677
1251 1795
1795 183
183 63
183 1722
63 950
950 2301
2301 1041
1041 2222
1041 10
2222 1403
2222 833
1403 1472
1472 508
1472 143
508 275
508 832
275 1809
275 1073
1809 1121
1121 1707
1121 1033
1707 374
374 1761
1761 350
350 1585
1585 478
478 942
942 1189
1189 1997
1997 335
335 1376
335 888
1376 2021
2021 1086
2021 2020
1086 158
1086 1138
158 991
991 1773
991 2111
1773 1019
1019 1555
1019 1362
1555 1528
1555 1889
1528 260
260 1329
1329 577
1329 1432
577 116
116 1077
1077 727
1077 1424
727 1093
1093 1352
1352 1460
1460 1287
1460 240
1287 1609
1609 901
901 1748
901 815
1748 2065
2065 2299
2299 2156
2156 1308
2156 1214
1308 855
855 759
759 621
621 871
621 949
871 1538
1538 607
607 1642
1642 531
1642 1461
531 1285
1285 1597
1285 2173
1597 970
970 398
970 1587
398 274
274 1092
1092 1851
1851 1860
1860 304
304 998
998 1787
1787 932
932 1311
932 442
1311 1150
1150 172
172 788
172 1193
788 1245
788 282
1245 1579
1245 199
1579 1700
1700 1553
1553 2202
1553 2032
2202 492
492 1078
1078 1366
1078 1675
1366 1690
1366 801
1690 2049
1690 1060
2049 868
2049 431
868 565
565 698
565 2152
698 1537
1537 1109
1109 345
345 1980
1980 1185
1185 1865
1185 847
1865 2280
2280 392
2280 685
392 399
392 2069
399 1741
399 525
1741 2183
2183 1536
2183 468
1536 1459
1459 1051
1459 1906
1051 764
1051 2203
764 1049
764 1395
1049 1554
1554 734
734 1891
734 352
1891 1800
1800 632
1800 1874
632 2097
632 654
2097 1706
1706 1125
1706 583
1125 96
1125 1182
96 1733
1733 389
1733 1312
389 1298
1298 655
1298 1921
655 42
42 1347
42 2190
1347 1499
1499 2201
2201 658
658 1626
1626 1282
1626 556
1282 153
1282 1012
153 1304
153 1515
1304 709
709 83
709 1321
83 1290
1290 776
776 1449
776 1654
1449 763
763 88
88 322
88 640
322 823
823 2315
823 435
2315 1492
1492 1098
1492 933
1098 2326
1098 934
2326 261
2326 633
261 717
717 1531
1531 249
1531 1995
249 757
249 851
757 1666
757 2047
1666 2186
1666 488
2186 553
553 683
553 1273
683 1031
683 1466
1031 783
783 141
141 2178
141 1023
2178 507
507 887
507 668
887 166
887 1616
166 1155
166 1946
1155 71
1155 1526
71 1650
1650 446
446 1550
1550 1852
1550 830
1852 1292
1852 1746
1292 1143
1292 1035
1143 1934
1934 1200
1200 2106
1200 1148
2106 1280
2106 362
1280 93
93 1389
1389 700
700 1895
700 627
1895 248
1895 1920
248 1624
1624 75
75 1394
1394 630
630 250
250 291
250 899
291 1146
1146 1113
1146 1123
1113 1919
1113 961
1919 1716
1919 945
1716 2079
1716 2289
2079 1765
2079 358
1765 1953
1765 69
1953 1234
1953 1203
1234 510
510 1630
1630 1823
1823 555
555 1672
555 2059
1672 1841
1841 879
1841 1507
879 588
879 1736
588 1028
588 560
1028 114
1028 159
114 941
941 973
941 73
973 1259
973 2260
1259 811
1259 1931
811 2131
2131 60
60 1484
60 620
1484 1563
1563 1890
1890 1960
1890 2017
1960 481
1960 1104
481 2027
481 2316
2027 1664
1664 2318
1664 1443
2318 1691
2318 1592
1691 1192
1192 545
1192 178
545 1437
545 1972
1437 889
1437 1144
889 547
547 146
547 1072
146 2018
146 789
2018 1293
2018 319
1293 2042
2042 514
2042 679
514 388
388 1928
1928 1061
1928 477
1061 62
1061 2144
62 1839
62 55
1839 276
1839 262
276 1797
1797 1260
1797 989
1260 479
1260 433
479 592
592 285
285 1854
285 755
1854 610
1854 1118
610 838
610 1421
838 661
838 841
661 2015
2015 1508
1508 420
1508 2246
420 475
475 1493
475 2195
1493 1858
1493 1368
1858 1634
1858 359
1634 1763
1634 1275
1763 1957
1763 1705
1957 2133
2133 179
179 697
697 1471
697 2071
1471 1948
1948 635
635 1243
1243 2319
1243 1648
2319 1505
1505 1255
1255 1364
1255 1161
1364 972
1364 1048
972 846
846 527
846 978
527 1152
1152 1404
1404 843
1404 1488
843 2171
2171 749
2171 221
749 1226
749 865
1226 770
1226 28
770 1519
770 2160
1519 782
782 2162
2162 1694
1694 1876
1694 983
1876 680
680 1924
1924 725
725 1015
725 641
1015 1594
1015 1737
1594 1861
1594 1820
1861 1002
1002 1917
1002 535
1917 1017
1917 229
1017 218
1017 1447
218 746
746 1495
746 314
1495 37
1495 916
37 2187
37 575
2187 56
56 1360
1360 1791
1791 2041
2041 1167
2041 356
1167 1239
1239 1703
1239 1613
1703 958
1703 1879
958 1415
1415 518
1415 209
518 1397
1397 19
1397 1909
19 1373
1373 2007
2007 400
400 1305
1305 423
1305 370
423 985
423 2210
985 1160
985 536
1160 1170
1170 449
1170 1712
449 371
449 1828
371 602
602 748
748 2298
2298 821
821 648
648 2237
2237 2182
2237 1813
2182 619
619 162
162 1572
162 2323
1572 2150
1572 2114
2150 994
2150 2056
994 265
265 1967
265 720
1967 2288
2288 769
769 118
769 2089
118 829
829 1145
829 1708
1145 1473
1473 1204
1473 1821
1204 1047
1204 2218
1047 1565
1047 1401
1565 1478
1565 1322
1478 309
1478 2276
309 2151
309 1457
2151 1427
1427 2057
1427 1718
2057 1393
1393 1756
1756 462
1756 1156
462 1819
462 200
1819 1407
1819 2266
1407 1336
1336 735
735 872
872 1606
1606 1107
1606 718
1107 1713
1107 1853
1713 897
1713 2072
897 581
581 466
466 497
466 1562
497 378
378 1665
1665 1418
1665 628
1418 1479
1418 1631
1479 124
1479 570
124 1169
1169 719
1169 1580
719 1697
719 1872
1697 2155
2155 395
2155 1184
395 904
395 2302
904 943
943 156
943 1615
156 121
156 537
121 257
121 182
257 2274
2274 1607
1607 2224
1607 1320
2224 2001
2001 1136
2001 919
1136 1088
1136 1417
1088 1622
1088 1674
1622 693
1622 259
693 1317
693 2048
1317 715
1317 1956
715 1981
1981 1845
1981 2244
1845 1837
1837 1217
1217 139
1217 283
139 1032
139 134
1032 2077
2077 1338
2077 980
1338 1836
1836 43
43 1892
1892 1055
1892 595
1055 1812
1812 1785
1812 1793
1785 768
1785 35
768 2257
768 72
2257 95
2257 1405
95 778
778 1521
778 2040
1521 1608
1608 831
1608 187
831 1582
1582 1392
1582 1238
1392 895
895 1915
895 1237
1915 125
1915 2322
125 1131
125 1802
1131 1045
1131 1646
1045 50
50 834
50 2196
834 809
834 2012
809 738
738 516
738 1248
516 1134
516 408
1134 1937
1134 312
1937 1345
1937 673
1345 1284
1284 1669
1669 1923
1669 175
1923 379
1923 1900
379 1361
379 690
1361 196
196 1814
196 1768
1814 1778
1778 1566
1778 928
1566 1038
1038 1228
1038 1578
1228 1525
1525 881
881 1938
881 977
1938 1897
1938 714
1897 1044
1897 818
1044 2211
1044 360
2211 1105
2211 2258
1105 132
1105 487
132 27
27 504
504 1799
1799 1556
1556 1349
1349 1885
1349 1743
1885 381
1885 439
381 394
381 1621
394 1253
1253 86
86 1410
86 1034
1410 1695
1410 639
1695 333
1695 2325
333 2245
333 1164
2245 2308
2245 313
2308 1530
2308 1087
1530 173
173 1782
173 1122
1782 372
372 1527
372 1288
1527 959
959 1629
959 2238
1629 31
1629 2269
31 567
567 787
567 1004
787 368
787 1371
368 964
368 1681
964 780
964 1350
780 1174
780 252
1174 2296
1174 1522
2296 2119
2296 237
2119 1476
1476 1817
1476 873
1817 472
1817 342
472 2188
472 564
2188 1686
2188 340
1686 550
550 1881
550 2088
1881 1398
1881 1596
1398 15
15 1153
15 1532
1153 1289
1289 2303
2303 34
34 307
34 401
307 2062
307 637
2062 1069
1069 22
22 1277
1277 1727
1277 876
1727 1227
1727 474
1227 45
1227 2216
45 1568
1568 1266
1568 568
1266 1962
1266 886
1962 361
1962 385
361 1745
1745 1679
1679 1599
1679 775
1599 130
1599 1604
130 377
377 664
664 2074
2074 2265
2265 1560
2265 1753
1560 1726
1726 1453
1453 1000
1453 1933
1000 170
1000 2034
170 1927
1927 1501
1927 25
1501 1978
1978 1494
1494 1331
1494 1149
1331 1126
1331 1792
1126 1381
1126 1315
1381 2036
2036 1365
2036 1576
1365 1198
1365 848
1198 1577
1577 1593
1593 2019
2019 513
2019 1822
513 2011
513 704
2011 1704
1704 1673
1673 2084
2084 24
24 695
695 11
695 459
11 1849
11 1363
1849 1013
1849 61
1013 1207
1013 997
1207 305
305 614
614 2198
614 373
2198 1208
1208 528
1208 882
528 1789
528 2206
1789 87
87 21
21 434
21 798
434 1832
434 1229
1832 938
1832 416
938 17
17 636
17 512
636 828
828 1450
1450 663
663 405
663 576
405 1913
405 939
1913 1064
1064 1391
1391 1699
1391 1511
1699 174
174 956
174 1256
956 8
956 491
8 660
660 1359
660 1115
1359 1643
1359 2247
1643 1898
1643 337
1898 2105
2105 557
2105 1994
557 287
287 1172
287 1325
1172 1065
1172 2277
1065 135
1065 2279
135 1846
1846 2194
2194 2179
2194 1482
2179 471
2179 723
471 1922
471 2138
1922 902
902 1517
1517 393
393 2038
2038 736
736 2101
2101 1641
1641 354
354 1140
354 1620
1140 1808
1140 1533
1808 1374
1808 993
1374 1688
1688 596
1688 593
596 884
884 1747
884 2197
1747 2217
2217 1696
1696 111
111 1545
111 548
1545 1987
1545 611
1987 1833
1987 320
1833 1420
1833 1209
1420 1971
1420 1715
1971 1355
1971 1438
1355 296
1355 1709
296 1440
1440 2321
2321 396
396 1755
396 822
1755 1183
1183 1758
1183 957
1758 706
1758 1246
706 126
706 365
126 1693
126 338
1693 1959
1693 1824
1959 1020
1020 217
1020 2158
217 68
217 1684
68 1008
1008 483
483 969
483 1101
969 761
969 1159
761 142
142 1358
142 2145
1358 1815
1815 519
519 1682
1682 115
1682 1354
115 669
669 1605
669 1977
1605 1270
1605 1647
1270 369
1270 1947
369 650
650 1662
1662 380
380 117
117 1676
117 1075
1676 1178
1676 1180
1178 184
184 137
137 165
137 1847
165 1377
1377 109
1377 84
109 2061
2061 677
2061 219
677 1067
677 300
1067 1985
1985 334
1985 1689
334 1099
334 1206
1099 781
1099 1247
781 1422
781 976
1422 907
1422 351
907 554
554 2031
2031 469
2031 432
469 762
469 168
762 2177
762 107
2177 2058
2177 1477
2058 1744
1744 2163
1744 1434
2163 2045
2163 1653
2045 490
490 1963
490 1810
1963 1343
1343 269
1343 2096
269 427
427 517
427 1058
517 364
364 1595
364 1698
1595 353
353 1944
353 1911
1944 1025
1025 36
36 1215
1215 1070
1215 649
1070 1241
1241 571
571 1518
571 1233
1518 206
1518 100
206 981
206 2249
981 2008
2008 2134
2134 241
2134 1448
241 1369
1369 1734
1369 1242
1734 256
256 1318
1318 1166
1166 46
46 473
46 1541
473 2226
473 2030
2226 911
2226 772
911 2242
911 1887
2242 415
2242 78
415 161
415 1218
161 558
161 2250
558 1414
558 1749
1414 387
1414 402
387 1039
1039 288
288 1942
288 936
1942 2165
2165 482
482 1943
1943 453
453 1951
453 1139
1951 1625
1951 2135
1625 1339
1625 2159
1339 2174
2174 598
598 1089
598 1176
1089 1129
1129 1110
1129 1739
1110 2076
2076 1375
2076 406
1375 1496
1496 869
1496 391
869 1066
869 603
1066 80
1066 502
80 1230
80 1725
1230 623
1230 437
623 1327
1327 1341
1327 2282
1341 1856
1856 584
1856 1068
584 1326
584 1332
1326 2169
2169 642
642 2272
642 1656
2272 425
425 1095
425 2199
1095 2292
1095 1413
2292 645
2292 1165
645 1918
645 235
1918 2293
1918 1062
2293 2121
2121 703
703 1344
1344 2063
2063 1291
2063 1497
1291 1949
1291 336
1949 1991
1949 790
1991 1386
1991 1903
1386 465
465 800
465 797
800 965
965 2259
965 526
2259 629
629 48
629 984
48 2291
48 1079
2291 2051
2051 999
999 1294
1294 1283
1283 2270
1283 1965
2270 849
2270 721
849 298
849 1777
298 573
573 264
573 1191
264 711
264 329
711 874
874 1683
1683 675
1683 2125
675 1469
1469 566
1469 870
566 1855
1855 1811
1855 835
1811 258
1811 2083
258 802
802 1818
1818 207
207 1252
1252 771
1252 1231
771 2320
771 1954
2320 1830
1830 1444
1830 1655
1444 852
1444 1775
852 495
495 1888
495 898
1888 1040
1040 1868
1868 2039
2039 1300
1300 1199
1300 1240
1199 445
1199 1740
445 1970
445 1037
1970 1353
1353 308
1353 1337
308 2107
2107 428
2107 1054
428 2104
2104 1771
2104 54
1771 404
1771 1154
404 2295
2295 263
263 66
66 318
66 1671
318 701
701 733
733 671
733 1645
671 987
671 1790
987 253
987 225
253 2033
2033 1955
1955 1969
1969 672
1969 1806
672 1458
1458 990
990 47
990 1346
47 948
948 1899
948 1509
1899 1489
1489 1840
1840 2146
1840 1751
2146 1384
1384 866
1384 912
866 1091
1091 1423
1423 2075
2075 1857
1857 429
1857 494
429 1279
1279 2091
2091 7
7 77
7 1080
77 254
77 266
254 2309
254 457
2309 1258
2309 1584
1258 524
524 966
966 2153
2153 1512
1512 2208
1512 1546
2208 1667
1667 113
1667 1306
113 817
113 634
817 1989
1989 1299
1299 2214
1299 2060
2214 1618
2214 2307
1618 92
92 1591
1591 1516
1591 157
1516 1950
1950 1430
1430 2035
1430 894
2035 501
501 842
501 1687
842 784
842 2204
784 737
737 2103
2103 2213
2103 542
2213 626
2213 1929
626 1910
1910 1005
1910 443
1005 908
908 1632
908 1042
1632 1760
1760 110
110 281
281 2052
2052 678
678 220
678 844
220 1274
1274 2043
1274 1780
2043 194
2043 421
194 710
710 2172
2172 819
819 1670
1670 290
290 825
290 760
825 2168
825 953
2168 1520
2168 724
1520 2310
1520 930
2310 1513
1513 1426
1426 1085
1085 450
450 151
450 1356
151 292
151 176
292 922
922 1859
1859 1046
1046 2230
1046 1880
2230 18
2230 2078
18 779
18 2116
779 460
460 1974
460 1742
1974 192
1974 963
192 743
192 255
743 1901
743 622
1901 2294
1901 599
2294 1147
2294 859
1147 1925
1147 805
1925 2267
2267 913
2267 1309
913 98
98 1379
1379 1958
1379 1628
1958 1774
1774 533
533 1103
533 1411
1103 426
1103 1
426 1416
1416 1878
1878 814
814 30
30 201
30 2240
201 860
201 29
860 343
343 857
343 1186
857 774
774 277
277 1557
1557 1728
1728 1619
1728 946
1619 820
1619 785
820 1827
820 1011
1827 119
1827 1319
119 376
119 909
376 2200
2200 1945
2200 1896
1945 441
1945 925
441 177
441 808
177 574
177 52
574 2068
574 2278
2068 2273
2273 1175
2273 967
1175 744
1175 6
744 1805
744 2261
1805 2086
2086 2139
2086 1342
2139 662
662 128
662 223
128 1372
1372 572
572 903
903 436
436 803
803 1162
1162 1999
1999 328
328 609
328 539
609 1514
609 1408
1514 1784
1514 1863
1784 2016
2016 1510
2016 1276
1510 1561
1510 2220
1561 2123
1561 1112
2123 20
2123 773
20 1202
20 2110
1202 1986
1986 1834
1986 1570
1834 765
765 1056
1056 1213
1056 2092
1213 1930
1930 716
1930 616
716 1973
716 202
1973 1893
1893 935
935 1752
935 816
1752 968
968 582
582 195
195 2254
195 1024
2254 1542
1542 799
799 1825
799 2127
1825 877
877 643
877 293
643 59
643 597
59 2022
59 742
2022 407
407 26
26 1022
1022 947
1022 2102
947 1232
947 2228
1232 1540
1540 493
493 529
529 1535
529 452
1535 2120
1535 1249
2120 2285
2285 2013
2285 2180
2013 753
753 180
180 1286
1286 2233
2233 975
975 2137
975 1106
2137 39
2137 444
39 878
39 2143
878 197
197 236
236 232
236 1108
232 1316
232 1388
1316 893
1316 631
893 2219
893 1573
2219 1116
1116 1446
1446 1685
1446 1875
1685 563
1685 613
563 1314
1314 1759
1314 670
1759 1559
1559 2002
2002 1914
2002 1120
1914 2256
1914 1456
2256 1772
1772 2003
2003 2290
2003 1302
2290 1195
2290 1939
1195 692
692 1211
692 1007
1211 1082
1211 1796
1082 1658
1082 193
1658 2046
1658 414
2046 1367
2046 532
1367 205
205 1265
205 921
1265 122
122 1157
1157 2108
1157 272
2108 2205
2205 1829
1829 2243
1829 2053
2243 1158
2243 403
1158 1194
1194 1932
1194 1884
1932 653
1932 1141
653 1465
1465 326
1465 2050
326 1732
326 905
1732 1205
1205 1567
1567 464
464 346
464 1719
346 1114
1114 2221
2221 1864
2221 1701
1864 523
1864 806
523 81
81 230
230 1844
1844 2300
1844 1445
2300 1250
2300 13
1250 91
1250 216
91 681
681 215
681 615
215 506
215 2191
506 461
506 127
461 382
461 2085
382 1181
382 458
1181 612
1181 1483
612 1804
1804 1399
1399 82
1399 543
82 1730
1730 2128
1730 244
2128 470
2128 120
470 730
470 2313
730 138
730 726
138 1729
1729 2268
2268 2212
2268 1574
2212 758
758 1807
758 1071
1807 792
1807 1431
792 1966
1966 323
1966 1779
323 604
323 739
604 1043
604 1586
1043 214
1043 1390
214 163
163 2157
163 1831
2157 995
995 231
231 1303
231 812
1303 489
489 1452
1452 279
1452 2064
279 1451
1451 213
1451 923
213 1589
1589 89
89 1926
89 1702
1926 766
1926 2113
766 837
837 750
750 647
647 295
295 1090
1090 2239
2239 1714
2239 1378
1714 1257
1257 1869
1869 988
988 341
988 915
341 419
341 251
419 1340
1340 1029
1029 2004
2004 2090
2004 600
2090 1264
2090 2227
1264 480
1264 2025
480 102
102 854
854 1142
1142 301
1142 2148
301 2251
301 705
2251 875
875 5
5 1721
1721 1026
1721 1333
1026 713
1026 625
713 438
713 1611
438 1835
1835 1935
1935 2129
1935 1964
2129 1223
2129 824
1223 1731
1731 1637
1637 1236
1637 409
1236 883
883 1402
1402 666
1402 1603
666 694
694 1659
694 896
1659 2037
2037 181
2037 657
181 1441
181 2055
1441 1433
1441 1794
1433 1387
1433 51
1387 1678
1678 23
1678 1429
23 2094
23 1271
2094 2126
2094 1724
2126 422
422 185
185 2026
185 239
2026 1850
1850 2317
1850 65
2317 108
108 732
108 2067
732 1050
732 754
1050 1816
1050 1710
1816 1151
1816 238
1151 1307
1151 1335
1307 198
1307 2080
198 2284
2284 310
2284 1419
310 880
880 2185
2185 1262
2185 1635
1262 2306
2306 1179
1179 1084
1084 1614
1084 1680
1614 579
579 2207
579 58
2207 1412
1412 16
1412 924
16 861
16 1776
861 1481
1481 330
1481 1657
330 2286
2286 807
807 2262
807 384
2262 940
940 1905
940 212
1905 302
1905 546
302 1640
1640 324
324 767
324 2312
767 456
456 1470
1470 712
712 951
951 1188
951 2142
1188 702
702 1197
702 2112
1197 44
1197 1916
44 659
44 906
659 522
522 910
522 918
910 1936
910 79
1936 1435
1936 1267
1435 496
496 97
97 190
190 1668
1668 850
1668 2109
850 247
247 1993
247 455
1993 1848
1848 1600
1600 2118
1600 541
2118 2248
2248 1998
1998 606
1998 590
606 1137
1137 1652
1652 586
586 1351
1351 1979
1979 559
559 1764
559 2311
1764 440
440 1877
440 1201
1877 1912
1912 1301
1912 103
1301 1454
1301 731
1454 2147
1454 2166
2147 1564
2147 530
1564 1212
1212 1083
1083 155
1083 1100
155 2225
2225 804
2225 1549
804 931
931 2275
2275 534
2275 2161
534 1348
1348 2000
2000 1894
1894 383
1894 1870
383 676
383 1769
676 1633
676 105
1633 1506
1633 418
1506 316
316 12
12 689
12 1590
689 1272
1272 2010
2010 745
2010 1480
745 1380
1380 992
992 793
793 1886
1886 1425
1425 41
1425 794
41 601
601 1692
601 1723
1692 242
1692 131
242 1803
1803 591
591 644
644 1222
1222 2005
1222 164
2005 1770
2005 1503
1770 840
840 2167
840 751
2167 1173
2167 2098
1173 64
1173 1524
64 349
64 2141
349 417
349 1324
417 294
417 1357
294 1117
294 2070
1117 2099
2099 540
540 688
688 618
688 1502
618 112
618 1992
112 1581
112 211
1581 1982
1581 3
1982 484
484 1128
484 1598
1128 2175
2175 1220
1220 1738
1738 1102
1102 1544
1544 204
1544 699
204 1873
1873 1866
1866 1244
1866 1385
1244 1163
1163 454
454 188
188 674
188 962
674 448
448 344
344 1548
1548 1313
1313 424
1313 2136
424 286
424 708
286 1975
286 53
1975 1871
1975 1862
1871 280
280 226
226 1474
1474 1781
1474 1547
1781 578
578 366
578 863
366 1406
1406 1330
1330 1908
1330 687
1908 99
1908 1534
99 1190
99 974
1190 1059
1190 2028
1059 796
1059 245
796 786
786 1907
1907 270
270 1052
270 890
1052 234
1052 1263
234 1639
234 1053
1639 741
1639 667
741 1798
741 186
1798 1036
1798 1216
1036 1990
1990 853
1990 1382
853 2236
853 544
2236 1569
1569 1135
1569 355
1135 982
982 485
982 1463
485 1801
1801 1221
1801 2283
1221 1487
1221 1490
1487 1952
1952 1018
1952 503
1018 348
348 160
160 505
505 500
505 2044
500 1638
500 684
1638 1094
1638 154
1094 2232
2232 2264
2232 608
2264 1269
1269 2054
1269 1612
2054 1124
1124 605
1124 49
605 1003
605 646
1003 914
914 2149
2149 2023
2023 1976
1976 1177
1177 367
1177 1196
367 268
268 332
268 171
332 152
152 1010
152 85
1010 1268
1268 1462
1268 1651
1462 1783
1462 375
1783 686
1783 1074
686 1297
1297 826
826 1623
1623 1539
1623 2124
1539 1486
1486 864
1486 430
864 856
856 169
856 1902
169 411
169 1644
411 1119
411 347
1119 267
1119 1627
267 955
955 1588
955 1485
1588 325
1588 549
325 1583
1583 960
960 2
2 1575
2 2117
1575 321
321 2181
2181 562
562 569
562 1130
569 1558
569 486
1558 1523
1558 476
1523 1826
1523 2304
1826 2235
2235 1529
2235 1323
1529 2231
2231 1500
2231 2115
1500 511
1500 1940
511 2255
2255 2324
2255 1187
2324 2009
2324 2029
2009 33
2009 2184
33 1610
33 412
1610 836
1610 463
836 1750
836 538
1750 167
1750 1467
167 2087
2087 32
32 1224
1224 2082
2082 1057
1057 862
1057 1009
862 2234
2234 311
311 1602
311 297
1602 839
839 451
839 1941
451 521
521 1021
1021 94
1021 1491
94 140
94 1842
140 929
140 624
929 189
929 707
189 795
189 410
795 2154
2154 651
651 1014
1014 1636
1014 101
1636 1210
1636 691
1210 728
728 1409
728 144
1409 891
1409 123
891 900
900 273
900 499
273 327
273 1475
327 944
944 917
944 67
917 777
777 57
57 74
74 1711
74 1296
1711 386
1711 2189
386 1988
386 1370
1988 1904
1988 1383
1904 76
1904 228
