8 723 29966
6 7
6 4
7 5
7 2
5 8
8 1
1 3
378 525
525 483
483 141
483 132
141 444
141 675
444 552
552 181
181 559
181 634
559 690
559 369
690 458
690 551
458 96
96 481
96 564
481 691
481 60
691 596
596 498
498 423
498 619
423 488
488 604
488 555
604 316
604 310
316 409
409 194
194 375
194 520
375 14
375 148
14 21
21 82
21 558
82 399
399 219
399 331
219 540
540 597
540 720
597 709
597 236
709 342
709 496
342 427
342 656
427 556
556 574
574 670
574 254
670 35
35 264
35 390
264 286
286 661
661 379
379 447
447 197
197 606
606 268
268 22
22 222
222 497
497 721
721 581
721 3
581 705
581 195
705 303
303 156
303 384
156 334
334 159
159 482
482 683
683 7
683 541
7 479
7 56
479 567
479 368
567 696
567 614
696 706
706 171
706 29
171 633
633 74
74 419
74 280
419 269
269 685
269 225
685 313
685 320
313 177
313 526
177 174
177 252
174 476
174 146
476 263
476 78
263 391
263 474
391 330
391 290
330 12
330 39
12 163
163 489
489 429
489 298
429 426
429 277
426 420
420 714
420 445
714 243
714 607
243 337
243 658
337 468
468 377
377 588
377 188
588 480
588 507
480 221
480 700
221 332
221 575
332 425
425 281
281 471
471 279
471 524
279 155
279 208
155 601
155 233
601 297
601 265
297 595
595 689
595 246
689 140
689 628
140 23
140 533
23 433
23 466
433 173
173 314
314 311
311 585
311 62
585 428
585 289
428 183
428 198
183 204
204 642
642 560
560 478
478 713
713 45
713 207
45 276
45 636
276 608
276 196
608 491
608 42
491 99
491 546
99 128
99 599
128 123
123 652
123 245
652 511
652 187
511 44
44 363
44 422
363 352
363 69
352 548
352 118
548 13
13 443
13 400
443 501
443 680
501 81
81 405
81 412
405 486
486 242
242 416
242 11
416 93
93 275
275 88
88 600
600 2
2 518
2 139
518 374
374 671
671 109
671 561
109 36
36 452
36 94
452 609
609 8
8 27
27 113
27 380
113 257
113 116
257 251
251 490
251 220
490 61
490 66
61 516
516 105
105 625
105 571
625 32
32 451
451 50
451 325
50 424
50 43
424 91
91 248
91 256
248 454
248 659
454 722
722 666
666 211
211 272
211 127
272 15
15 469
15 216
469 305
305 191
191 307
191 566
307 508
307 626
508 293
508 317
293 333
293 538
333 136
136 142
136 103
142 232
232 698
698 199
199 388
388 51
51 442
51 115
442 554
554 205
554 338
205 448
205 213
448 440
448 539
440 438
440 341
438 65
438 283
65 326
65 506
326 459
459 306
459 179
306 446
446 226
226 97
226 472
97 534
534 309
309 315
309 455
315 676
676 373
373 190
190 435
435 151
151 568
568 460
568 259
460 201
201 224
201 229
224 182
224 643
182 328
328 79
79 456
79 255
456 47
456 230
47 639
47 715
639 361
361 273
273 271
271 319
319 357
357 667
667 611
667 335
611 407
611 648
407 401
407 371
401 532
532 162
162 19
162 120
19 702
702 31
31 605
31 470
605 457
605 587
457 370
370 209
209 327
209 147
327 247
327 24
247 292
247 514
292 122
122 41
122 347
41 660
660 367
660 192
367 253
367 381
253 618
618 673
673 287
673 686
287 193
193 434
434 431
431 67
431 408
67 203
67 672
203 542
542 360
360 647
647 594
647 473
594 461
594 77
461 430
430 403
430 629
403 106
106 131
131 167
131 385
167 267
267 638
638 622
622 130
130 653
653 462
653 383
462 9
9 500
9 241
500 322
500 640
322 475
475 510
475 563
510 6
510 602
6 529
529 418
418 432
432 589
589 553
553 144
144 20
144 545
20 395
395 150
395 350
150 40
40 406
406 168
168 295
295 38
295 463
38 396
396 665
396 674
665 358
358 228
358 530
228 64
64 393
393 389
393 364
389 180
389 632
180 355
355 493
355 238
493 308
493 217
308 527
527 692
692 274
692 348
274 703
274 63
703 544
703 624
544 90
90 694
694 153
153 613
153 4
613 249
249 152
152 121
121 708
121 189
708 569
708 119
569 413
413 98
98 523
98 85
523 299
299 644
644 521
521 577
577 578
577 5
578 365
578 210
365 71
71 48
48 693
693 492
693 300
492 688
492 517
688 323
688 110
323 154
154 339
154 10
339 464
339 603
464 637
464 519
637 95
95 223
95 668
223 487
487 392
487 343
392 657
392 543
657 166
657 679
166 635
635 149
149 296
296 583
583 212
583 134
212 610
610 124
610 682
124 282
282 354
282 260
354 494
494 234
494 346
234 107
107 512
512 285
285 108
108 654
108 664
654 28
28 528
528 404
528 288
404 522
404 344
522 414
522 655
414 662
662 34
34 59
34 324
59 716
59 565
716 592
592 37
37 161
161 101
101 623
101 250
623 75
75 421
421 301
421 206
301 160
301 261
160 697
160 202
697 557
697 16
557 114
557 83
114 169
114 54
169 351
351 184
351 345
184 402
402 117
117 362
362 591
591 304
591 70
304 612
304 291
612 372
372 586
372 165
586 100
586 133
100 200
200 450
450 718
450 477
718 503
503 570
570 684
684 129
129 436
436 723
723 701
701 89
89 387
89 262
387 616
616 356
356 318
356 185
318 582
318 621
582 484
484 415
484 125
415 580
415 562
580 80
80 593
593 1
1 111
111 138
111 359
138 649
649 266
649 499
266 294
294 695
695 235
695 449
235 645
235 598
645 711
645 214
711 590
711 26
590 641
641 270
641 376
270 549
549 126
549 68
126 175
175 515
515 537
515 439
537 573
537 227
573 485
485 57
485 550
57 410
57 92
410 55
55 25
55 104
25 465
25 218
465 707
707 172
707 630
172 627
627 170
170 699
699 572
699 677
572 505
505 239
505 650
239 340
239 576
340 102
102 72
102 143
72 513
72 509
513 49
513 17
49 53
53 651
53 164
651 186
651 531
186 441
186 284
441 145
441 710
145 52
145 467
52 137
52 719
137 678
678 135
678 30
135 386
135 237
386 46
386 157
46 547
46 336
547 278
278 669
278 620
669 33
669 321
33 84
33 215
84 687
687 18
18 411
18 579
411 615
411 86
615 535
535 158
535 240
158 704
158 73
704 681
704 646
681 394
681 584
394 231
394 631
231 366
231 382
366 58
58 398
58 437
398 453
453 76
453 112
76 312
76 258
312 397
312 244
397 495
397 717
495 178
178 87
87 536
536 712
536 417
712 663
663 502
663 176
502 329
502 617
329 302
329 349
302 504
302 353
