3 2047 7
3 1
3 2
1391 425
1391 1656
425 185
425 698
1656 574
1656 1620
185 1834
185 1905
698 1653
698 256
574 1259
574 245
1620 1878
1620 1092
1834 1645
1834 1200
1905 64
1905 153
1653 1258
1653 1504
256 297
256 1289
1259 65
1259 1714
245 1880
245 732
1878 1078
1878 198
1092 1176
1092 145
1645 733
1645 1337
1200 1696
1200 1511
64 1804
64 969
153 159
153 1576
1258 1186
1258 783
1504 1038
1504 2002
297 1907
297 1596
1289 1330
1289 482
65 1906
65 463
1714 825
1714 1139
1880 1126
1880 1855
732 1799
732 67
1078 288
1078 758
198 1408
198 1950
1176 308
1176 52
145 779
145 1673
733 489
733 1610
1337 1525
1337 1018
1696 1369
1696 335
1511 721
1511 1517
1804 886
1804 357
969 214
969 1942
159 1496
159 826
1576 1765
1576 868
1186 1989
1186 208
783 1049
783 1998
1038 1037
1038 1221
2002 832
2002 850
1907 130
1907 885
1596 1351
1596 1782
1330 777
1330 129
482 248
482 372
1906 379
1906 278
463 996
463 1285
825 1900
825 788
1139 773
1139 1336
1126 1097
1126 1803
1855 1832
1855 1494
1799 625
1799 1386
67 522
67 1095
288 1090
288 1137
758 938
758 1778
1408 342
1408 1875
1950 1668
1950 935
308 1808
308 1426
52 1400
52 1323
779 603
779 694
1673 566
1673 808
489 657
489 656
1610 1425
1610 1701
1525 4
1525 1093
1018 1163
1018 1456
1369 1060
1369 2017
335 1434
335 1770
721 995
721 2039
1517 73
1517 1903
886 338
886 1876
357 1128
357 1333
214 240
214 1441
1942 976
1942 759
1496 327
1496 1483
826 92
826 1198
1765 946
1765 140
868 1187
868 669
1989 1658
1989 1030
208 570
208 1297
1049 680
1049 746
1998 1410
1998 993
1037 749
1037 834
1221 1670
1221 1284
832 15
832 523
850 697
850 316
130 793
130 917
885 1747
885 1316
1351 1188
1351 1666
1782 830
1782 722
777 57
777 1843
129 1444
129 664
248 164
248 683
372 1665
372 471
379 340
379 665
278 757
278 673
996 1480
996 864
1285 1837
1285 1617
1900 901
1900 726
788 249
788 1100
773 674
773 1760
1336 845
1336 1421
1097 1248
1097 328
1803 1737
1803 1824
1832 331
1832 270
1494 1894
1494 990
625 546
625 1849
1386 1835
1386 999
522 1573
522 1064
1095 1491
1095 1478
1090 577
1090 427
1137 1477
1137 1029
938 1669
938 107
1778 1193
1778 1451
342 975
342 464
1875 1002
1875 1590
1668 1179
1668 1074
935 457
935 106
1808 68
1808 476
1426 536
1426 1474
1400 293
1400 486
1323 644
1323 655
603 350
603 171
694 1014
694 622
566 1276
566 1652
808 2041
808 282
657 1742
657 838
656 99
656 1229
1425 1305
1425 1175
1701 119
1701 1657
4 1485
4 2013
1093 1713
1093 135
1163 936
1163 1890
1456 382
1456 1717
1060 1540
1060 2011
2017 401
2017 1447
1434 272
1434 228
1770 1350
1770 963
995 889
995 971
2039 527
2039 802
73 1358
73 188
1903 1839
1903 1413
338 484
338 1367
1876 696
1876 1399
1128 904
1128 1032
1333 138
1333 1501
240 914
240 1238
1441 1312
1441 141
976 1518
976 1807
759 1157
759 17
327 72
327 2014
1483 562
1483 2012
92 1813
92 173
1198 1957
1198 563
946 415
946 1280
140 1585
140 1754
1187 1154
1187 485
669 1623
669 592
1658 1699
1658 251
1030 763
1030 303
570 1314
570 641
1297 588
1297 899
680 994
680 1183
746 243
746 1257
1410 2004
1410 1341
993 1753
993 1123
749 1256
749 1362
834 1404
834 896
1670 840
1670 595
1284 263
1284 1
15 1292
15 837
523 1022
523 1816
697 1178
697 1954
316 1999
316 627
793 1693
793 2034
917 912
917 114
1747 1978
1747 450
1316 1387
1316 1274
1188 688
1188 410
1666 156
1666 1723
830 979
830 1524
722 1606
722 2028
57 122
57 1613
1843 705
1843 1389
1444 1201
1444 411
664 1302
664 567
164 1510
164 1112
683 1319
683 204
1665 1215
1665 1911
471 1800
471 491
340 1119
340 1579
665 1840
665 1287
757 1530
757 1059
673 1936
673 1061
1480 589
1480 1791
864 873
864 131
1837 1707
1837 95
1617 386
1617 394
901 1993
901 110
726 598
726 961
249 1279
249 2037
1100 377
1100 851
674 1495
674 395
1760 312
1760 1290
845 1811
845 575
1421 648
1421 807
1248 708
1248 1471
328 1792
328 1231
1737 32
1737 1076
1824 647
1824 515
331 775
331 1088
270 789
270 1624
1894 1325
1894 1328
990 378
990 1712
546 951
546 1005
1849 177
1849 715
1835 232
1835 481
999 2020
999 1177
1573 1515
1573 1995
1064 537
1064 330
1491 225
1491 1945
1478 1047
1478 175
577 1452
577 168
427 1384
427 1532
1477 300
1477 196
1029 923
1029 1021
1669 623
1669 968
107 1174
107 362
1193 125
1193 63
1451 1217
1451 806
975 1324
975 117
464 2047
464 179
1002 8
1002 155
1590 818
1590 1332
1179 820
1179 229
1074 1631
1074 1106
457 541
457 1286
106 1211
106 1859
68 1243
68 1461
476 207
476 633
536 242
536 1654
1474 184
1474 1821
293 1117
293 459
486 902
486 176
644 1339
644 786
655 1469
655 1057
350 1549
350 181
171 1158
171 1181
1014 1136
1014 1872
622 1069
622 61
1276 1077
1276 1797
1652 1402
1652 1110
2041 1464
2041 1990
282 1246
282 42
1742 1956
1742 1224
838 1536
838 1429
99 1618
99 1270
1229 333
1229 1969
1305 1558
1305 102
1175 911
1175 202
119 601
119 1751
1657 756
1657 1756
1485 822
1485 1247
2013 27
2013 1311
1713 548
1713 1376
135 645
135 1383
936 1539
936 1812
1890 823
1890 1865
382 1162
382 1073
1717 1790
1717 1363
1540 332
1540 1254
2011 1967
2011 1105
401 1015
401 915
1447 98
1447 1321
272 2027
272 519
228 1937
228 1570
1350 1591
1350 676
963 734
963 1120
889 302
889 1774
971 1308
971 1472
527 277
527 747
802 828
802 978
1358 1479
1358 1578
188 643
188 351
1839 989
1839 1895
1413 884
1413 369
484 1724
484 1632
1367 1551
1367 429
696 925
696 2046
1399 158
1399 1556
904 1463
904 36
1032 1442
1032 1147
138 606
138 1148
1501 1715
1501 1741
914 1334
914 94
1238 1929
1238 927
1312 74
1312 1961
141 218
141 723
1518 1815
1518 2007
1807 1007
1807 1758
1157 292
1157 1783
17 1486
17 1528
72 474
72 853
2014 252
2014 1052
562 591
562 842
2012 134
2012 1698
1813 1360
1813 157
173 558
173 1165
1957 631
1957 1801
563 1659
563 347
415 1731
415 1975
1280 2022
1280 1916
1585 29
1585 810
1754 750
1754 1140
1154 262
1154 213
485 1761
485 469
1623 582
1623 1239
592 1102
592 1261
1699 1583
1699 1959
251 480
251 174
763 872
763 874
303 1802
303 1744
1314 805
1314 1013
641 30
641 1111
588 1223
588 398
899 794
899 299
994 1512
994 1734
1183 986
1183 399
243 120
243 1156
1257 128
1257 1634
2004 1836
2004 66
1341 772
1341 1129
1753 222
1753 661
1123 182
1123 949
1256 671
1256 984
1362 742
1362 1428
1404 638
1404 1700
896 711
896 689
840 1523
840 538
595 1628
595 132
263 890
263 223
1 19
1 1561
1292 703
1292 815
837 1151
837 977
1022 511
1022 1651
1816 987
1816 1798
1178 798
1178 1083
1954 959
1954 47
1999 1075
1999 1988
627 341
627 1372
1693 997
1693 787
2034 1210
2034 1089
912 264
912 1150
114 473
114 1009
1978 1131
1978 127
450 246
450 438
1387 1879
1387 237
1274 866
1274 309
688 1608
688 396
410 1955
410 1844
156 1949
156 580
1723 1087
1723 1779
979 1040
979 1542
1524 829
1524 1375
1606 1703
1606 389
2028 1068
2028 291
122 1932
122 373
1613 400
1613 18
705 470
705 1144
1389 922
1389 1755
1201 903
1201 1138
411 1006
411 1750
1302 1091
1302 801
567 37
567 1470
1510 1488
1510 1344
1112 1897
1112 1433
1319 1146
1319 1304
204 380
204 325
1215 817
1215 883
1911 1780
1911 702
1800 1230
1800 1938
491 988
491 447
1119 217
1119 306
1579 1213
1579 1635
1840 1489
1840 1345
1287 1923
1287 1450
1530 584
1530 1599
1059 908
1059 1359
1936 1968
1936 1562
1061 501
1061 1818
589 281
589 1409
1791 1212
1791 640
873 1759
873 1705
131 616
131 53
1707 290
1707 147
95 1268
95 516
386 1293
386 1467
394 1034
394 524
1993 1056
1993 1726
110 1086
110 877
598 795
598 974
961 54
961 614
1279 430
1279 1676
2037 28
2037 446
377 1418
377 1930
851 420
851 1574
1495 1205
1495 1694
395 1381
395 1263
312 1190
312 940
1290 77
1290 1225
1811 1465
1811 905
575 191
575 1277
648 1044
648 704
807 1966
807 728
708 375
708 443
1471 1552
1471 1012
1792 492
1792 1103
1231 50
1231 1454
32 1415
32 1535
1076 321
1076 831
647 1373
647 91
515 727
515 690
775 960
775 701
1088 870
1088 487
789 1625
789 1346
1624 1016
1624 2024
1325 718
1325 1565
1328 1445
1328 178
378 827
378 46
1712 199
1712 1010
951 1226
951 769
1005 421
1005 1072
177 919
177 709
715 1827
715 608
232 1892
232 458
481 893
481 621
2020 81
2020 916
1177 1973
1177 2032
1515 1195
1515 1873
1995 105
1995 2043
537 1860
537 1963
330 1267
330 1487
225 881
225 103
1945 1991
1945 1636
1047 1043
1047 108
175 1055
175 981
1452 33
1452 1616
168 1234
168 1505
1384 322
1384 1981
1532 1587
1532 947
300 1371
300 1716
196 266
196 1121
923 1555
923 1264
1021 226
1021 475
623 1329
623 652
968 1935
968 1733
1174 1370
1174 569
362 2033
362 900
125 136
125 998
63 1011
63 1107
1217 2
1217 257
806 1499
806 392
1324 1502
1324 320
117 187
117 1167
2047 1598
2047 146
179 797
179 345
8 359
8 1708
155 250
155 597
818 298
818 1684
1332 307
1332 412
820 1113
820 839
229 858
229 1980
1631 5
1631 1039
1106 716
1106 440
541 1411
541 1228
1286 1784
1286 847
1211 343
1211 1964
1859 1457
1859 1184
1243 1033
1243 1663
1461 2021
1461 1153
207 729
207 1115
633 101
633 390
242 1604
242 581
1654 283
1654 1026
184 452
184 1443
1821 610
1821 1584
1117 1155
1117 1081
459 1062
459 2025
902 1863
902 931
176 402
176 407
1339 1851
1339 1071
786 1508
786 761
1469 1366
1469 1378
1057 684
1057 1787
1549 557
1549 1683
181 1533
181 1220
1158 517
1158 724
1181 311
1181 1679
1136 1214
1136 980
1872 1124
1872 143
1069 442
1069 9
61 1697
61 1354
1077 2003
1077 1568
1797 950
1797 45
1402 1971
1402 1065
1110 500
1110 1647
1464 111
1464 472
1990 725
1990 1094
1246 755
1246 572
42 14
42 507
1956 1347
1956 1704
1224 1348
1224 1466
1536 1655
1536 651
1429 1777
1429 1204
1618 1253
1618 857
1270 1847
1270 1917
333 907
333 404
1969 1904
1969 1099
1558 289
1558 465
102 1361
102 1288
911 1237
911 41
202 12
202 1842
601 929
601 1786
1751 1531
1751 1594
756 1473
756 100
1756 593
1756 1393
822 115
822 1806
1247 859
1247 1145
27 490
27 1994
1311 189
1311 712
548 192
548 2019
1376 579
1376 520
645 849
645 409
1383 301
1383 1852
1539 31
1539 139
1812 1581
1812 1300
823 906
823 1912
1865 1291
1865 59
1162 1080
1162 813
1073 160
1073 953
1790 1982
1790 1728
1363 419
1363 1706
332 40
332 561
1254 867
1254 1385
1967 1108
1967 124
1105 891
1105 1335
1015 234
1015 87
915 653
915 1667
98 1953
98 315
1321 200
1321 1796
2027 713
2027 276
519 1227
519 2042
1937 560
1937 659
1570 1681
1570 75
1591 56
1591 1182
676 667
676 547
734 530
734 84
1120 635
1120 348
302 1640
302 1661
1774 1085
1774 587
1308 785
1308 1947
1472 764
1472 2001
277 1674
277 1898
747 149
747 738
828 1281
828 1965
978 1550
978 509
1479 1572
1479 51
1578 1122
1578 824
643 1492
643 1202
351 611
351 1475
989 878
989 1789
1895 1772
1895 48
884 82
884 1041
369 1686
369 1407
1724 504
1724 1031
1632 258
1632 358
1551 133
1551 244
429 1054
429 1817
925 894
925 630
2046 730
2046 672
158 1934
158 388
1556 162
1556 1101
1463 973
1463 1870
36 477
36 305
1442 1869
1442 1831
1147 1544
1147 163
606 1914
606 304
1148 596
1148 1412
1715 809
1715 1940
1741 743
1741 494
1334 428
1334 456
94 860
94 1135
1929 1727
1929 1948
927 496
927 1933
74 1161
74 578
1961 121
1961 965
218 1272
218 1888
723 1920
723 543
1815 1612
1815 861
2007 1252
2007 346
1007 1946
1007 284
1758 675
1758 774
292 1497
292 1309
1783 550
1783 692
1486 982
1486 38
1528 353
1528 1974
474 83
474 203
853 972
853 319
252 1642
252 717
1052 1453
1052 1972
591 1303
591 1922
842 1908
842 542
134 269
134 835
1698 1422
1698 275
1360 1394
1360 424
157 1794
157 1622
558 892
558 166
1165 1017
1165 926
631 152
631 451
1801 1977
1801 1763
1659 1776
1659 1170
347 1294
347 468
1731 682
1731 1513
1975 109
1975 1826
2022 841
2022 695
1916 1273
1916 142
29 324
29 1775
810 985
810 1678
750 1529
750 118
1140 1688
1140 1118
262 1168
262 367
213 1269
213 930
1761 1735
1761 1757
469 49
469 368
582 1952
582 714
1239 1773
1239 1127
1102 431
1102 1710
1261 1887
1261 1767
1583 454
1583 220
1959 1050
1959 1067
480 1066
480 1159
174 554
174 1207
872 1340
872 339
874 1939
874 1436
1802 1448
1802 261
1744 383
1744 1660
805 381
805 93
1013 1692
1013 2045
30 1185
30 1180
1111 1327
1111 771
1223 1424
1223 253
398 607
398 529
794 740
794 762
299 1927
299 1244
1512 1507
1512 1960
1734 1096
1734 2029
986 1275
986 1526
399 551
399 799
120 432
120 329
1156 80
1156 116
128 1795
128 1866
1634 1235
1634 1024
1836 1749
1836 1431
66 609
66 1357
772 1597
772 1675
1129 897
1129 385
222 1449
222 97
661 1893
661 909
182 1641
182 1672
949 1084
949 642
671 1986
671 462
984 508
984 1637
742 1721
742 1196
1428 2030
1428 879
638 1343
638 193
1700 1468
1700 1970
711 528
711 1603
689 898
689 792
1523 628
1523 1648
538 1621
538 1992
1628 154
1628 422
132 238
132 862
890 1633
890 1307
223 1306
223 910
19 1738
19 363
1561 632
1561 96
703 1871
703 499
815 195
815 934
1151 624
1151 685
977 280
977 1171
511 639
511 836
1651 1008
1651 326
987 1845
987 2000
1798 391
1798 1079
798 364
798 1132
1083 1493
1083 875
959 620
959 1868
47 197
47 285
1075 796
1075 962
1988 1560
1988 1318
341 172
341 1522
1372 564
1372 239
997 816
997 247
787 1296
787 1541
1210 1417
1210 751
1089 583
1089 710
264 403
264 287
1150 231
1150 148
473 646
473 414
1009 1646
1009 201
1131 605
1131 739
127 1828
127 503
246 1689
246 62
438 161
438 1899
1879 1035
1879 1143
237 211
237 585
866 964
866 1166
309 1365
309 1685
1608 1820
1608 1752
396 361
396 1222
1955 1543
1955 555
1844 1575
1844 1825
1949 1392
1949 260
580 650
580 1928
1087 928
1087 1736
1779 1283
1779 2009
1040 209
1040 1846
1542 1943
1542 194
829 918
829 1830
1375 1317
1375 1397
1703 1109
1703 1189
389 754
389 1593
1068 782
1068 821
291 1240
291 435
1932 765
1932 920
373 334
373 1664
400 1762
400 58
18 365
18 205
470 1458
470 460
1144 780
1144 318
922 233
922 514
1755 1566
1755 1320
903 1028
903 686
1138 1861
1138 1004
1006 1548
1006 1098
1750 35
1750 112
1091 612
1091 1455
801 869
801 230
37 594
37 1823
1470 1390
1470 286
1488 1250
1488 1557
1344 1403
1344 1709
1897 1519
1897 1569
1433 1910
1433 393
1146 461
1146 945
1304 384
1304 1877
380 668
380 1352
325 1768
325 991
817 483
817 20
883 123
883 498
1780 2018
1780 445
702 1298
702 559
1230 279
1230 1262
1938 314
1938 354
988 1725
988 2035
447 753
447 86
217 274
217 812
306 1388
306 224
1213 55
1213 735
1635 1864
1635 1639
1489 1785
1489 1405
1345 1862
1345 1630
1923 444
1923 1822
1450 1889
1450 25
584 719
584 1720
1599 1116
1599 553
908 183
908 273
1359 1854
1359 525
1968 2044
1968 571
1562 654
1562 1638
501 1781
501 1884
1818 1695
1818 510
281 1951
281 227
1409 1958
1409 1833
1212 549
1212 678
640 376
640 888
1759 1649
1759 1435
1705 495
1705 1913
616 76
616 626
53 2023
53 1500
290 1788
290 855
147 1242
147 1380
1268 1976
1268 887
516 3
516 236
1293 1439
1293 1729
1467 433
1467 1944
1034 767
1034 1611
524 1925
524 811
1056 677
1056 924
1726 1260
1726 1810
1086 1025
1086 1023
877 852
877 1191
795 219
795 699
974 337
974 800
54 1819
54 970
614 590
614 221
430 1046
430 436
1676 687
1676 1266
28 1881
28 1730
446 1278
446 540
1418 488
1418 1690
1930 804
1930 310
420 666
420 518
1574 434
1574 1882
1205 439
1205 1891
1694 23
1694 352
1381 1401
1381 544
1263 79
1263 1514
1190 1313
1190 1481
940 1545
940 1921
77 1856
77 706
1225 1070
1225 1460
1465 1580
1465 90
905 1615
905 1342
191 1711
191 535
1277 552
1277 707
1044 70
1044 206
704 271
704 819
1966 437
1966 413
728 539
728 1838
375 1941
375 344
443 24
443 1219
1552 865
1552 104
1012 617
1012 467
492 1427
492 1521
1103 844
1103 1607
50 137
50 466
1454 150
1454 1719
1415 1245
1415 1377
1535 613
1535 512
321 1194
321 1582
831 1241
831 1142
1373 1850
1373 1430
91 681
91 2005
727 731
727 1282
690 1602
690 1722
960 169
960 846
701 180
701 1571
870 803
870 216
487 766
487 1438
1625 1677
1625 1537
1346 814
1346 737
1016 151
1016 932
2024 1310
2024 478
718 618
718 649
1565 1459
1565 1134
1445 336
1445 1805
178 720
178 1446
827 441
827 186
46 1909
46 1019
199 1432
199 1743
1010 423
1010 6
1226 856
1226 1216
769 113
769 957
421 1437
421 1926
1072 1857
1072 1671
919 1702
919 1829
709 313
709 190
1827 1233
1827 10
608 1682
608 1987
1892 1901
1892 1885
458 2040
458 1766
893 426
893 1577
621 1490
621 259
81 1503
81 693
916 1192
916 1520
1973 1567
1973 1740
2032 1886
2032 942
1195 1265
1195 418
1873 952
1873 1114
105 165
105 1058
2043 1353
2043 1538
1860 1979
1860 1125
1963 1082
1963 1769
1267 1650
1267 1609
1487 1732
1487 505
881 371
881 533
103 958
103 933
1991 1564
1991 497
1636 1130
1636 1199
1043 1643
1043 1600
108 744
108 752
1055 60
1055 1748
981 1853
981 1619
33 1691
33 21
1616 600
1616 255
1234 449
1234 1149
1505 1841
1505 876
322 1662
322 954
1981 144
1981 1420
1587 691
1587 943
947 736
947 634
1371 408
1371 1209
1716 78
1716 1440
266 770
266 2026
1121 88
1121 2010
1555 212
1555 126
1264 1718
1264 748
226 955
226 1218
475 1406
475 1172
1329 1255
1329 983
652 1141
652 2006
1935 1423
1935 1173
1733 882
1733 565
1370 1509
1370 406
569 1164
569 1379
2033 1208
2033 1589
900 1896
900 39
136 1902
136 658
998 1053
998 921
1011 602
1011 1476
1107 294
1107 1626
2 863
2 1547
257 493
257 1232
1499 2031
1499 1364
392 1985
392 1764
1502 662
1502 568
320 604
320 526
187 1506
187 2038
1167 265
1167 1331
1598 296
1598 1627
146 939
146 1482
797 2008
797 1546
345 1003
345 397
359 1322
359 776
1708 448
1708 573
250 295
250 317
597 1919
597 1295
298 1206
298 619
1684 1251
1684 1063
307 745
307 405
412 937
412 637
1113 2016
1113 556
839 1984
839 895
858 532
858 1104
1980 506
1980 1534
5 1924
5 880
1039 1414
1039 1516
716 387
716 1045
440 1042
440 944
1411 586
1411 453
1228 1745
1228 356
1784 7
1784 1271
847 629
847 1586
343 1874
343 1527
1964 1349
1964 502
1457 1027
1457 1498
1184 1236
1184 1000
1033 615
1033 1563
1663 1152
1663 833
2021 1997
2021 1814
1153 670
1153 1739
729 370
729 69
1115 374
1115 1931
101 235
101 1867
390 1396
390 1249
1604 1962
1604 941
581 268
581 254
283 871
283 1203
1026 1595
1026 1338
452 1605
452 323
1443 2015
1443 790
610 660
610 1680
1584 760
1584 355
1155 948
1155 1462
1081 1315
1081 521
1062 215
1062 513
2025 455
2025 1883
1863 1983
1863 360
931 1614
931 545
402 576
402 417
407 89
407 967
1851 1036
1851 1301
1071 1484
1071 1809
1508 781
1508 267
761 210
761 1629
1366 778
1366 1382
1378 1553
1378 1592
684 534
684 167
1787 966
1787 854
557 1915
557 1918
1683 1601
1683 1416
1533 71
1533 700
1220 1001
1220 992
517 1793
517 1355
724 416
724 43
311 1048
311 741
1679 1771
1679 366
1214 44
1214 784
980 1559
980 1197
1124 1326
1124 1356
143 1858
143 1368
442 531
442 1160
9 22
9 791
1697 85
1697 679
1354 349
1354 956
2003 1588
2003 599
1568 1644
1568 636
950 1687
950 848
45 1398
45 170
1971 1419
1971 1020
1065 768
1065 1374
500 663
500 479
1647 1169
1647 1746
111 11
111 26
472 1554
472 1051
725 2036
725 913
1094 34
1094 1299
755 13
755 843
572 1395
572 1133
14 241
14 1996
507 16
507 1848
