3 311 1
2 3
3 1
80 134
80 224
134 262
134 249
262 81
81 272
272 182
182 103
103 100
100 46
46 70
70 295
295 76
295 93
76 149
149 82
82 165
165 142
165 11
142 50
50 48
48 184
48 45
184 304
184 35
304 254
304 163
254 7
7 228
228 237
228 141
237 203
203 23
23 109
109 146
146 263
146 89
263 197
197 59
197 232
59 69
69 30
30 150
30 145
150 101
150 301
101 72
72 251
72 291
251 211
251 195
211 49
49 208
49 8
208 194
208 282
194 267
267 28
267 187
28 200
200 131
200 239
131 201
201 244
201 188
244 10
244 91
10 64
10 207
64 238
64 164
238 20
238 158
20 3
3 13
13 218
218 223
223 215
223 234
215 206
215 216
206 111
206 57
111 157
157 66
157 22
66 56
56 12
56 193
12 175
175 139
175 108
139 222
222 106
222 126
106 29
29 204
204 170
204 189
170 198
198 261
261 226
226 26
26 180
180 287
287 68
68 177
68 219
177 293
177 156
293 52
52 174
174 117
117 137
137 240
137 60
240 245
240 233
245 270
270 266
266 32
266 202
32 161
161 279
161 39
279 192
192 229
229 122
122 110
122 259
110 75
75 220
220 225
225 154
225 96
154 172
172 306
172 19
306 87
306 63
87 179
179 257
179 307
257 132
257 309
132 104
104 242
242 115
242 274
115 54
115 297
54 128
128 191
191 27
27 58
27 210
58 71
71 92
71 171
92 305
305 303
305 136
303 38
38 107
38 271
107 276
276 258
276 169
258 119
258 230
119 217
217 5
5 310
310 41
41 190
41 6
190 143
190 31
143 298
143 118
298 42
42 62
42 214
62 300
300 24
300 227
24 95
24 99
95 243
95 34
243 148
148 33
33 278
278 299
278 79
299 21
299 176
21 205
21 288
205 286
205 18
286 65
286 102
65 127
127 199
127 55
199 37
37 151
151 255
255 4
255 186
4 235
235 135
235 36
135 121
135 264
121 236
121 241
236 84
84 1
1 86
86 77
86 260
77 85
85 133
133 44
44 173
44 159
173 116
116 138
116 311
138 14
138 90
14 25
25 221
25 289
221 285
285 51
285 246
51 155
51 98
155 144
144 61
144 112
61 265
61 47
265 94
94 283
283 250
250 290
290 247
247 114
247 160
114 212
212 292
212 9
292 294
292 105
294 40
294 213
40 43
40 125
43 284
284 123
123 15
15 2
15 130
2 308
2 162
308 281
281 16
281 248
16 167
16 296
167 209
167 147
209 185
185 73
185 275
73 129
129 74
129 196
74 153
74 140
153 67
67 152
67 231
152 88
88 78
78 120
120 124
124 268
268 83
268 181
83 183
83 113
183 53
53 252
252 168
168 302
302 256
302 17
256 277
256 97
277 178
277 253
178 166
178 273
166 269
269 280
