2 1412 9795
1 2
1294 832
1294 198
832 560
832 1342
560 713
713 737
737 249
737 1318
249 1372
1372 838
1372 1111
838 823
838 438
823 535
823 1328
535 1123
1123 1244
1123 770
1244 44
1244 953
44 151
151 1159
151 586
1159 197
197 1271
1271 1062
1271 258
1062 519
519 1158
519 308
1158 1226
1226 499
499 1119
1119 339
1119 1180
339 904
339 1165
904 803
904 379
803 942
803 664
942 231
231 1049
1049 1352
1049 212
1352 1223
1223 1186
1223 866
1186 1411
1411 365
1411 890
365 1409
1409 392
392 453
453 397
397 297
397 705
297 722
297 230
722 616
722 698
616 412
412 1008
1008 909
1008 650
909 1065
1065 1211
1065 1193
1211 213
213 911
213 331
911 755
911 66
755 75
75 281
75 1284
281 299
281 450
299 1172
1172 345
345 858
858 293
858 1313
293 999
293 190
999 666
666 527
527 977
977 348
977 980
348 429
348 447
429 1400
429 368
1400 112
1400 1302
112 1001
112 76
1001 1316
1316 372
372 125
372 240
125 947
947 984
984 1252
1252 558
558 969
558 476
969 513
513 1151
513 224
1151 836
1151 905
836 925
836 106
925 350
350 730
730 563
563 375
375 1281
375 1251
1281 1292
1292 569
569 1275
569 1195
1275 77
77 335
77 795
335 318
318 1298
318 1291
1298 523
523 1160
1160 85
1160 1084
85 794
794 777
777 1004
777 809
1004 509
509 1013
509 592
1013 439
439 65
65 1075
1075 328
1075 825
328 526
328 444
526 1118
1118 693
693 1071
1071 482
482 12
482 203
12 1290
1290 575
1290 310
575 641
575 443
641 420
420 731
731 338
731 591
338 1368
1368 481
1368 639
481 136
136 975
136 1367
975 604
975 37
604 1262
604 1299
1262 223
1262 269
223 1265
223 219
1265 1315
1315 1014
1315 878
1014 1254
1014 1170
1254 735
1254 404
735 132
735 259
132 818
818 480
818 584
480 739
739 441
739 493
441 706
706 344
344 99
344 605
99 545
99 427
545 296
545 1270
296 1394
1394 913
913 307
913 849
307 1144
307 267
1144 952
952 894
952 114
894 525
894 127
525 1222
525 71
1222 593
1222 758
593 45
593 717
45 859
45 716
859 696
696 774
696 286
774 750
750 1184
1184 316
316 1257
1257 543
1257 1210
543 670
543 1063
670 1091
670 175
1091 14
1091 46
14 105
14 629
105 1390
105 1129
1390 728
1390 479
728 1201
1201 602
602 234
234 540
234 1056
540 907
540 120
907 445
445 746
445 671
746 3
746 1360
3 1161
3 1086
1161 655
655 270
270 1343
1343 1096
1343 67
1096 1232
1232 964
964 854
854 1064
854 932
1064 488
488 294
294 1314
1314 749
749 834
749 157
834 1358
1358 733
733 204
733 160
204 237
204 337
237 516
237 1319
516 840
840 1157
840 564
1157 261
261 330
261 295
330 579
579 1101
1101 1378
1378 1011
1011 1190
1011 266
1190 1347
1190 1132
1347 930
1347 690
930 507
507 855
507 1179
855 320
855 82
320 107
320 1277
107 785
785 474
785 963
474 1334
474 1255
1334 475
475 1020
475 723
1020 669
1020 898
669 176
176 1191
176 484
1191 1300
1191 154
1300 214
1300 625
214 833
214 853
833 363
833 268
363 211
211 186
186 1152
186 138
1152 254
1152 414
254 757
757 284
757 811
284 208
284 1373
208 448
208 674
448 149
448 1153
149 1317
1317 843
843 835
835 401
835 134
401 761
761 1241
1241 373
1241 1205
373 425
425 73
73 710
73 1261
710 72
710 800
72 1140
1140 241
1140 1356
241 228
241 659
228 1228
1228 1068
1228 264
1068 521
1068 1221
521 748
748 694
694 495
495 291
495 494
291 8
8 435
435 1310
435 147
1310 4
4 1082
4 1288
1082 235
1082 1332
235 1219
1219 103
103 1385
103 461
1385 998
998 1377
1377 1295
1295 1171
1171 54
54 1107
1107 313
1107 935
313 684
684 611
611 1209
611 1365
1209 742
1209 346
742 492
742 915
492 805
805 192
805 1250
192 983
983 1266
1266 485
485 1108
485 1286
1108 451
1108 797
451 652
451 332
652 1366
652 95
1366 1041
1366 381
1041 1248
1248 199
199 822
822 744
822 656
744 1267
744 440
1267 841
841 793
793 340
793 987
340 924
924 685
924 549
685 63
685 675
63 1330
63 1145
1330 608
608 1375
1375 946
1375 542
946 343
343 531
531 48
531 60
48 1408
1408 158
158 236
236 56
56 227
56 1350
227 796
227 789
796 1264
796 417
1264 1247
1247 486
486 1320
486 407
1320 1087
1087 1204
1204 1253
1204 353
1253 1405
1253 285
1405 1033
1405 1051
1033 1229
1033 1139
1229 87
87 665
87 170
665 775
665 981
775 852
775 311
852 1227
1227 1273
1273 1371
1273 216
1371 1022
1022 812
812 626
626 359
359 257
257 17
257 1066
17 578
578 116
116 1361
1361 371
371 524
371 1260
524 738
524 704
738 884
738 819
884 1042
1042 817
1042 1237
817 319
319 719
319 762
719 29
719 1306
29 1269
1269 514
514 33
514 378
33 936
936 617
617 1090
1090 680
680 1156
1156 52
52 965
52 764
965 62
965 589
62 424
62 1349
424 612
612 594
594 512
594 582
512 950
512 1392
950 1095
950 1263
1095 1006
1095 283
1006 842
842 1074
1074 156
1074 1391
156 1345
1345 1256
1256 828
828 173
828 265
173 322
322 1143
322 786
1143 1113
1143 1278
1113 1181
1113 217
1181 943
1181 550
943 1034
1034 667
1034 891
667 278
667 928
278 215
278 70
215 1030
215 1258
1030 458
458 1036
1036 632
1036 765
632 873
873 1236
1236 98
98 683
98 788
683 544
544 242
242 556
242 152
556 1296
556 862
1296 1216
1296 1103
1216 159
1216 109
159 415
159 1104
415 754
754 131
131 47
47 251
47 901
251 799
251 428
799 1154
1154 178
1154 1052
178 347
178 609
347 128
128 654
654 778
654 1249
778 1225
778 990
1225 355
355 460
355 200
460 700
700 1208
1208 391
1208 1382
391 598
391 1112
598 643
598 1134
643 271
643 253
271 387
271 922
387 370
370 183
370 920
183 631
631 1097
631 695
1097 323
1097 436
323 1174
323 856
1174 1407
1407 1010
1407 649
1010 115
115 446
115 1026
446 221
221 1279
221 180
1279 1355
1355 615
615 1196
615 561
1196 596
1196 1403
596 469
596 703
469 966
469 769
966 93
966 130
93 1305
93 1043
1305 552
552 104
104 958
958 1088
1088 430
430 708
708 573
573 179
179 1072
1072 374
1072 39
374 534
534 926
534 661
926 239
926 148
239 1005
239 282
1005 1197
1197 1117
1117 850
850 903
850 875
903 13
13 520
13 174
520 1078
1078 395
395 1131
1131 860
1131 857
860 506
860 53
506 844
506 1214
844 79
844 410
79 400
79 517
400 1099
400 686
1099 49
1099 408
49 1203
1203 91
1203 982
91 218
91 865
218 1370
218 644
1370 581
1370 196
581 681
581 188
681 577
577 1363
577 979
1363 623
1363 1325
623 957
623 1359
957 317
317 117
317 1167
117 988
117 129
988 711
988 1024
711 277
277 449
277 50
449 1138
449 250
1138 663
663 1245
663 538
1245 24
24 912
24 1224
912 657
657 798
657 897
798 771
798 1
771 887
887 718
718 1381
718 21
1381 555
555 1150
1150 411
1150 1339
411 1303
1303 530
1303 813
530 1397
530 468
1397 1240
1240 1322
1240 1324
1322 1348
1348 1374
1348 34
1374 1018
1374 1398
1018 1280
1018 660
1280 89
1280 707
89 533
89 1380
533 497
497 478
478 1069
478 142
1069 714
714 1027
1027 1100
1027 1285
1100 388
388 662
388 801
662 442
662 1304
442 243
442 423
243 102
243 57
102 1050
1050 1338
1050 1351
1338 390
1338 161
390 487
487 1105
487 1215
1105 701
1105 306
701 522
522 808
808 1127
808 1102
1127 238
238 776
238 1058
776 83
83 870
83 677
870 25
870 782
25 351
351 715
351 36
715 1037
715 1017
1037 246
1037 1136
246 646
246 1121
646 867
867 193
193 518
518 384
518 583
384 31
384 949
31 960
31 327
960 473
473 40
40 941
40 141
941 32
32 1230
1230 1038
1230 1039
1038 985
1038 421
985 1055
1055 201
1055 995
201 515
201 41
515 1019
1019 917
917 732
917 1147
732 341
732 971
341 537
537 546
537 233
546 1080
546 167
1080 720
1080 1188
720 490
490 1076
1076 292
1076 672
292 1335
1335 1406
1335 851
1406 883
883 1336
1336 863
863 419
863 1362
419 939
419 871
939 1309
939 504
1309 1402
1309 78
1402 396
396 383
383 1393
1393 1272
1272 1307
1272 576
1307 1311
1307 7
1311 324
1311 570
324 119
119 505
119 1259
505 1401
505 121
1401 815
1401 740
815 899
815 118
899 551
551 367
367 1098
367 676
1098 959
1098 568
959 303
959 682
303 68
303 968
68 918
68 496
918 919
919 528
919 245
528 692
692 1048
1048 210
210 90
90 532
90 43
532 502
532 289
502 1142
1142 804
1142 653
804 452
804 929
452 1333
1333 1282
1333 880
1282 587
587 1312
587 1243
1312 1239
1312 111
1239 377
1239 647
377 1015
1015 287
287 1110
287 821
1110 885
1110 955
885 220
885 1028
220 802
220 155
802 252
252 1079
252 209
1079 1081
1079 1386
1081 1321
1321 1353
1321 1059
1353 1053
1053 1192
1192 1387
1192 326
1387 760
1387 1327
760 205
205 727
727 376
727 422
376 336
376 970
336 916
336 603
916 895
916 1173
895 153
153 600
153 248
600 1268
600 1177
1268 1012
1268 1094
1012 1246
1246 1092
1246 565
1092 610
1092 536
610 902
610 172
902 64
64 11
64 399
11 356
356 144
356 784
144 500
500 314
314 1077
1077 139
139 1308
1308 366
1308 1120
366 10
10 1297
1297 169
169 559
169 202
559 276
559 19
276 790
790 1178
1178 1040
1178 1060
1040 831
1040 914
831 84
831 1164
84 413
84 1046
413 642
413 792
642 182
182 321
182 1176
321 962
962 992
992 637
637 329
329 689
689 272
689 1287
272 416
272 876
416 300
416 622
300 352
300 908
352 1146
352 1206
1146 1070
1146 1238
1070 403
1070 1379
403 931
403 16
931 122
931 974
122 166
166 846
846 171
171 1301
171 779
1301 1293
1293 1007
1007 1194
1194 385
1194 743
385 597
385 349
597 595
595 470
595 937
470 633
470 20
633 69
69 61
61 409
409 879
409 864
879 418
879 736
418 1093
1093 648
1093 1002
648 567
648 1031
567 386
386 910
910 432
432 274
274 702
702 882
702 590
882 938
882 1369
938 634
938 426
634 1376
634 1388
1376 185
185 948
948 133
133 207
133 1116
207 1383
1383 290
1383 101
290 734
734 872
734 874
872 398
872 557
398 726
398 1220
726 945
726 607
945 978
945 1199
978 756
756 94
94 721
721 302
302 462
462 457
462 1106
457 312
312 471
471 996
996 752
996 845
752 465
752 501
465 1396
1396 511
1396 145
511 826
826 673
826 1122
673 814
814 889
889 434
889 954
434 477
477 498
498 892
892 456
456 135
135 1202
1202 260
260 92
260 1021
92 601
601 1149
1149 1274
1274 571
571 354
354 1169
1169 489
1169 628
489 108
108 824
824 74
74 1189
1189 772
772 6
772 1283
6 22
22 360
360 691
360 1168
691 827
827 191
827 877
191 572
572 940
940 1389
1389 358
1389 787
358 431
358 454
431 81
81 280
280 566
566 305
305 780
305 124
780 150
150 1133
1133 1166
1133 1126
1166 554
1166 1404
554 599
599 868
599 123
868 687
868 503
687 906
906 225
906 1067
225 614
614 621
621 588
588 298
588 26
298 483
483 1242
1242 816
816 1073
1073 933
933 342
342 1341
1341 1085
1085 226
1085 1344
226 613
613 820
613 96
820 244
244 1016
1016 539
539 1329
539 997
1329 763
763 1128
763 1395
1128 262
262 1217
262 309
1217 402
1217 206
402 1141
1141 1337
1337 389
389 1163
389 837
1163 658
1163 1029
658 187
658 1234
187 697
697 562
697 256
562 791
791 137
791 467
137 165
165 55
165 1289
55 80
55 741
80 699
699 380
699 783
380 645
645 1109
1109 1115
1115 463
1115 806
463 42
463 110
42 893
42 651
893 1057
1057 712
1057 143
712 177
177 810
177 1182
810 222
810 1023
222 679
222 1175
679 194
679 1061
194 759
759 986
759 51
986 618
986 624
618 927
618 1135
927 1032
1032 1354
1354 1207
1207 830
1207 635
830 900
830 508
900 315
315 869
869 113
113 574
574 263
574 1114
263 678
678 1326
678 1045
1326 1183
1183 58
1183 459
58 1233
1233 1218
1218 638
1218 162
638 140
140 273
140 393
273 30
30 88
30 1148
88 168
168 747
747 1137
747 9
1137 275
275 1047
275 301
1047 630
1047 768
630 333
333 1130
1130 989
989 1384
1384 620
620 472
620 640
472 627
627 967
967 1346
967 886
1346 636
636 164
636 1340
164 724
724 1276
724 585
1276 991
1276 606
991 304
991 553
304 688
688 181
181 23
23 433
23 247
433 334
433 189
334 279
279 27
27 97
27 1089
97 406
406 357
357 1054
1054 1185
1185 35
35 921
35 993
921 288
921 325
288 491
491 18
18 951
18 548
951 1125
1125 163
163 807
807 1213
807 1357
1213 382
382 405
405 829
405 541
829 146
829 529
146 361
146 729
361 1412
1412 956
1412 973
956 5
5 394
5 364
394 725
725 1200
725 195
1200 976
1200 362
976 1000
1000 1009
1000 994
1009 781
781 934
934 1198
934 255
1198 972
972 510
510 1044
1044 1035
1035 455
1035 1083
455 1187
1187 848
848 1162
848 751
1162 38
38 580
580 1364
580 15
1364 773
1364 1003
773 2
773 1155
2 1323
2 232
1323 923
1323 753
923 847
847 745
847 767
745 881
881 1235
1235 1212
1212 1025
1212 1331
1025 961
1025 229
961 369
961 28
369 896
896 619
619 1399
619 1231
1399 766
1399 668
766 464
464 86
86 861
86 1410
861 100
100 59
59 1124
59 437
1124 709
709 888
709 839
888 944
944 547
547 126
126 466
466 184
