1 2808 4
619 2344
619 1099
2344 673
2344 631
673 361
673 971
361 1117
1117 1699
1117 1015
1699 895
895 56
895 2071
56 377
56 1253
377 1518
377 1486
1518 1197
1197 2768
1197 1274
2768 1609
1609 1813
1609 310
1813 274
1813 2685
274 1992
274 1576
1992 306
1992 2313
306 2798
2798 1338
2798 1960
1338 1937
1338 156
1937 234
234 612
234 218
612 277
277 1618
1618 1198
1618 829
1198 2392
1198 649
2392 1821
2392 587
1821 782
782 1328
782 2414
1328 2369
2369 1719
1719 529
529 2700
2700 1861
1861 1708
1861 2116
1708 2474
1708 1332
2474 2742
2742 664
2742 846
664 102
664 1028
102 2180
102 2049
2180 1158
1158 2460
2460 623
2460 644
623 555
555 2253
555 2614
2253 1084
2253 1606
1084 800
1084 2131
800 2531
2531 1963
1963 2567
1963 2303
2567 2586
2586 1635
2586 2601
1635 1172
1635 871
1172 635
635 250
250 1835
250 266
1835 1542
1542 2716
1542 2191
2716 2376
2716 1756
2376 1634
1634 1822
1822 1321
1321 215
215 1909
215 2661
1909 2138
1909 2592
2138 2196
2138 2549
2196 1772
1772 591
1772 94
591 1159
1159 301
301 2258
2258 22
22 224
22 2146
224 152
152 813
813 984
984 1984
1984 2625
1984 2704
2625 2518
2625 1976
2518 2129
2518 281
2129 604
2129 862
604 1489
1489 2667
1489 2054
2667 240
2667 1295
240 1009
240 582
1009 757
757 710
757 2562
710 1820
1820 567
567 1685
567 1550
1685 1380
1380 759
759 299
759 860
299 1223
1223 2259
2259 2261
2261 592
2261 1392
592 1521
1521 2720
1521 1141
2720 221
2720 439
221 2441
2441 2269
2441 337
2269 2573
2269 1000
2573 1965
1965 441
441 2086
441 991
2086 865
2086 2528
865 2442
865 187
2442 749
2442 1735
749 1192
1192 1885
1192 125
1885 358
1885 2747
358 2510
358 2515
2510 2324
2324 259
259 262
262 1583
262 2649
1583 684
684 2207
2207 443
443 256
443 2495
256 1106
1106 319
1106 2152
319 1114
1114 977
977 2517
2517 518
2517 1742
518 689
518 1597
689 2694
2694 814
2694 885
814 1833
1833 1881
1881 1142
1142 792
1142 2202
792 2413
2413 881
2413 558
881 2282
881 183
2282 2753
2282 940
2753 1787
2753 1559
1787 1064
1787 490
1064 1377
1377 2729
2729 2084
2084 1330
1330 2621
2621 879
879 284
879 662
284 1458
1458 268
1458 368
268 2519
268 1782
2519 452
452 1612
1612 2024
1612 2386
2024 418
2024 248
418 1393
418 1189
1393 1522
1393 249
1522 80
1522 1245
80 2194
2194 685
685 616
616 1601
616 1093
1601 270
1601 2384
270 1507
270 2203
1507 2273
1507 200
2273 2524
2273 1836
2524 924
2524 968
924 388
388 447
388 2555
447 1207
1207 1644
1644 2264
1644 2368
2264 675
675 2807
675 1789
2807 2759
2807 1547
2759 2340
2340 1036
1036 2556
1036 1105
2556 220
220 990
990 1246
990 201
1246 2462
1246 269
2462 1331
1331 2653
2653 2776
2653 2009
2776 2638
2638 2229
2229 892
892 136
136 1133
136 1459
1133 1504
1504 735
735 1068
1068 802
1068 727
802 84
84 2296
2296 1952
2296 1183
1952 799
799 2367
799 2619
2367 1502
2367 2726
1502 2774
2774 1078
2774 2727
1078 2808
2808 21
2808 1684
21 1704
21 1596
1704 872
1704 2666
872 2169
2169 2103
2169 260
2103 131
131 1958
1958 559
1958 1778
559 461
461 81
81 1828
81 1296
1828 624
1828 1276
624 935
935 1839
1839 2516
2516 712
712 115
712 795
115 1662
115 95
1662 804
804 1227
1227 1703
1703 2664
2664 228
2664 997
228 1353
228 817
1353 1241
1241 533
533 630
533 2163
630 2177
630 185
2177 2761
2177 1543
2761 726
2761 2000
726 821
821 2357
821 1647
2357 925
925 1859
1859 560
560 585
560 964
585 1646
585 398
1646 2183
1646 693
2183 661
661 1350
1350 1718
1718 929
929 2599
929 1018
2599 346
346 1950
1950 1004
1950 263
1004 1895
1004 2321
1895 2576
2576 561
2576 2494
561 2643
2643 926
926 1697
1697 2508
1697 294
2508 59
2508 2686
59 2725
59 445
2725 128
2725 958
128 702
128 1497
702 2144
702 1169
2144 2616
2616 1904
1904 1513
1513 2780
2780 2552
2552 2164
2164 512
2164 646
512 1382
512 1613
1382 1196
1196 1173
1196 1457
1173 989
1173 823
989 551
551 642
551 1657
642 1650
1650 598
598 1849
1849 2723
1849 1113
2723 1045
2723 1365
1045 2195
1045 1499
2195 694
2195 1204
694 2502
694 758
2502 1469
2502 2461
1469 1615
1469 950
1615 67
1615 138
67 2216
67 62
2216 1914
2216 1284
1914 1554
1914 554
1554 796
1554 1501
796 1318
796 602
1318 2635
1318 538
2635 2334
2334 2785
2334 1808
2785 2381
2785 2220
2381 237
237 2764
237 1903
2764 2121
2764 1420
2121 519
519 882
519 2271
882 2558
2558 1830
1830 2067
1830 2404
2067 1264
1264 1926
1264 1897
1926 2286
2286 2550
2286 2444
2550 2019
2019 1383
2019 2034
1383 737
1383 2436
737 2680
737 793
2680 1300
2680 177
1300 919
919 395
395 1675
1675 1024
1024 98
98 1039
1039 2637
1039 527
2637 456
456 2136
2136 1715
1715 451
451 1418
1418 2101
1418 1194
2101 959
959 1727
1727 172
172 790
790 2120
790 1165
2120 1145
1145 371
1145 1809
371 754
754 1079
754 1818
1079 668
1079 517
668 2527
2527 1167
2527 120
1167 1215
1167 1262
1215 676
676 1022
676 1851
1022 2118
2118 2235
2118 2275
2235 1437
2235 1378
1437 82
1437 2074
82 2579
2579 770
2579 2772
770 390
390 729
729 2339
729 2499
2339 1088
1088 1062
1062 883
883 1485
1485 2607
2607 2268
2268 2360
2360 315
2360 686
315 1432
315 2571
1432 1448
1432 719
1448 37
37 1714
37 1474
1714 446
1714 1484
446 1094
1094 2190
2190 653
2190 574
653 1529
1529 1594
1529 252
1594 536
1594 1780
536 1289
536 733
1289 2532
1289 493
2532 966
2532 1030
966 1302
1302 2070
1302 1104
2070 1055
1055 736
736 878
736 898
878 1710
878 2204
1710 937
937 2096
2096 2420
2420 2503
2420 2238
2503 479
2503 1512
479 297
479 2304
297 229
229 2626
229 2013
2626 1887
1887 2587
1887 2778
2587 1304
1304 2088
2088 444
2088 2208
444 2380
444 2267
2380 703
703 55
703 601
55 1182
1182 2449
2449 546
2449 503
546 671
671 2627
2627 552
552 1790
552 290
1790 1146
1146 389
1146 2165
389 2048
389 1759
2048 2734
2048 233
2734 2681
2681 2078
2681 666
2078 2221
2221 1738
2221 945
1738 910
1738 2408
910 2663
2663 748
748 454
748 2234
454 1731
454 2341
1731 2766
2766 154
154 1140
1140 68
68 2702
2702 1866
1866 540
1866 874
540 934
934 2639
2639 1595
1595 541
1595 2410
541 577
577 2115
2115 915
915 2668
915 3
2668 1527
1527 407
407 1455
1455 2699
2699 2243
2243 1303
1303 972
972 880
880 983
880 2157
983 487
487 272
487 2063
272 2374
272 902
2374 1327
2374 2450
1327 2542
1327 1882
2542 1807
2542 2439
1807 31
1807 1129
31 828
828 463
463 478
478 114
478 863
114 2349
114 973
2349 385
2349 2486
385 325
385 2128
325 1209
1209 2010
1209 1163
2010 985
985 1483
1483 1421
1421 2305
2305 2541
2305 2777
2541 2149
2149 1736
1736 1770
1736 1791
1770 1400
1400 2014
2014 2760
2760 1333
2760 2478
1333 484
1333 1266
484 2299
484 1948
2299 2473
2299 99
2473 436
436 2743
436 24
2743 1082
2743 340
1082 1336
1082 2500
1336 2046
2046 353
353 2111
2111 1591
2111 2365
1591 1155
1591 981
1155 647
1155 2758
647 1177
647 64
1177 280
1177 1663
280 1573
280 279
1573 2469
2469 844
2469 2489
844 1799
1799 92
1799 1156
92 2230
2230 65
65 2300
2300 1765
2300 392
1765 86
86 408
408 1827
1827 688
688 961
961 500
500 1436
500 472
1436 2362
1436 2767
2362 2671
2671 867
867 1694
867 2454
1694 2032
1694 2002
2032 1226
2032 2281
1226 2740
1226 1049
2740 1803
1803 1010
1010 348
1010 1463
348 1969
1969 2322
1969 1768
2322 186
186 421
186 282
421 2089
2089 2659
2089 2470
2659 1186
1186 1283
1186 2260
1283 2018
1283 1913
2018 1721
2018 672
1721 621
1721 318
621 1417
1417 1928
1928 1178
1178 2151
2151 1761
1761 607
1761 1130
607 1275
607 2214
1275 2733
2733 2167
2733 2749
2167 2421
2421 2058
2421 1395
2058 1322
1322 1208
1208 2770
1208 2139
2770 1435
1435 1287
1287 1832
1832 1439
1832 73
1439 766
766 1985
1985 1261
1985 2580
1261 1346
1261 1040
1346 2634
2634 1942
1942 2577
2577 1441
1441 652
1441 1359
652 2363
652 1384
2363 1810
2363 2263
1810 151
1810 946
151 1516
151 629
1516 764
1516 2568
764 611
611 1582
1582 2615
1582 987
2615 244
2615 2106
244 715
244 2005
715 2083
2083 535
535 951
951 2312
2312 1947
2312 1299
1947 746
746 975
746 363
975 1763
1763 2244
2244 909
909 2153
2153 1073
2153 1831
1073 1280
1280 2602
2602 534
2602 492
534 2432
2432 1214
1214 1921
1921 2113
2113 1879
2113 2628
1879 1575
1575 1057
1575 2695
1057 214
214 1603
1603 2279
1603 2045
2279 2757
2279 162
2757 2673
2757 2415
2673 435
435 498
498 217
498 2315
217 1970
217 570
1970 1906
1906 2255
2255 2036
2255 2496
2036 1137
1137 1530
1137 289
1530 1116
1116 1929
1116 60
1929 2020
1929 1251
2020 1081
1081 1160
1081 838
1160 12
12 1973
12 508
1973 743
1973 1840
743 1915
743 1218
1915 523
1915 1655
523 745
523 2802
745 141
745 198
141 573
141 1128
573 1653
1653 160
1653 1091
160 1739
1739 1402
1402 130
130 2232
2232 2533
2533 2471
2533 590
2471 1953
2471 2575
1953 127
1953 1310
127 2396
2396 475
2396 83
475 1854
475 1817
1854 908
1854 147
908 1043
1043 993
993 1967
1967 157
157 1924
157 2593
1924 1980
1980 1054
1054 1157
1157 2055
1157 579
2055 1658
2055 2714
1658 1713
1713 1234
1234 2590
1234 1826
2590 2172
2590 2425
2172 1034
2172 2330
1034 213
213 93
213 1102
93 1874
1874 1893
1874 163
1893 2022
2022 2350
2022 206
2350 962
962 845
845 2162
2162 40
40 1988
40 847
1988 96
96 747
96 2250
747 1498
747 2150
1498 2721
1498 1868
2721 1349
2721 2773
1349 2539
2539 343
343 1424
1424 1680
1424 2670
1680 2771
1680 2291
2771 2675
2771 877
2675 1224
1224 486
486 1617
1617 2719
2719 1553
1553 440
440 1143
440 2660
1143 2247
1143 4
2247 572
572 807
572 2534
807 433
807 2198
433 283
433 2108
283 695
283 911
695 589
589 1764
589 317
1764 38
38 2801
38 464
2801 1051
1051 1986
1051 2228
1986 2044
2044 1354
2044 996
1354 894
1354 150
894 2245
2245 2717
2245 1996
2717 2574
2574 2004
2574 1317
2004 1294
1294 568
1294 1237
568 412
412 1746
1746 2431
1746 1798
2431 2763
2431 459
2763 1450
1450 1605
1450 2640
1605 349
1605 1855
349 30
30 658
658 2597
658 380
2597 1397
2597 424
1397 2600
1397 425
2600 2012
2012 2707
2012 1021
2707 155
155 1013
1013 1678
1678 473
1678 2744
473 1086
1086 2594
1086 2452
2594 53
53 564
564 303
564 2079
303 1954
1954 1326
1326 2547
2547 1734
2547 1814
1734 2505
2505 1672
2505 2544
1672 1496
1672 889
1496 1876
1496 1536
1876 222
1876 431
222 1003
222 1907
1003 2485
2485 808
808 992
808 1494
992 403
992 1636
403 744
744 1452
744 2309
1452 161
1452 1995
161 2476
2476 556
556 1228
556 738
1228 1477
1228 858
1477 657
657 876
657 149
876 2557
2557 2092
2092 341
2092 2656
341 2433
2433 406
2433 1342
406 956
406 952
956 1083
956 1959
1083 275
1083 1979
275 897
897 820
820 2438
2438 2038
2038 923
2038 2498
923 2789
923 2098
2789 1773
2789 1422
1773 779
779 2430
2430 1232
1232 8
8 2021
8 1136
2021 261
261 448
448 1633
1633 1753
1753 1747
1747 2762
2762 2366
2762 2030
2366 1314
2366 524
1314 2522
1314 2608
2522 812
812 2093
812 1399
2093 401
2093 1815
401 2026
2026 2583
2026 110
2583 1229
2583 1884
1229 1724
1724 394
1724 2170
394 314
314 677
677 1802
1802 1277
1802 25
1277 659
659 711
659 859
711 784
711 366
784 762
784 2252
762 101
101 391
101 530
391 2755
391 1269
2755 886
2755 354
886 1092
1092 426
1092 717
426 1671
426 2016
1671 2332
2332 2463
2463 71
2463 148
71 831
71 2388
831 2402
2402 1620
1620 1729
1729 2143
1729 1372
2143 2752
2143 2609
2752 1569
1569 1631
1569 1451
1631 179
1631 1038
179 1961
1961 1999
1999 2746
2746 1981
2746 1894
1981 1438
1438 305
1438 1369
305 2277
2277 1286
2277 1624
1286 633
633 1098
633 1371
1098 1363
1363 1020
1363 667
1020 1941
1020 1599
1941 293
1941 2075
293 1027
1027 2712
2712 713
2712 1124
713 205
205 1112
205 927
1112 2715
2715 2326
2326 1212
2326 1433
1212 1254
1254 497
1254 1705
497 2529
2529 1743
1743 1534
1743 720
1534 775
1534 1430
775 1351
775 482
1351 1701
1351 2336
1701 1267
1267 2050
1267 1858
2050 900
2050 2741
900 2066
2066 1298
2066 1968
1298 1479
1479 969
969 797
797 2623
797 1800
2623 1943
2623 584
1943 732
1943 1005
732 1888
732 701
1888 553
553 2125
553 2059
2125 322
322 714
714 595
595 2437
2437 502
502 1889
502 2266
1889 226
226 2378
226 428
2378 1389
2378 890
1389 1416
1416 721
1416 730
721 2422
2422 752
2422 2459
752 1199
1199 370
370 708
370 333
708 1629
1629 2081
2081 2805
2081 1654
2805 767
767 1933
1933 1272
1272 1410
1272 2039
1410 2346
1410 330
2346 932
2346 1796
932 678
932 1630
678 195
195 1537
195 46
1537 1690
1690 1166
1690 1065
1166 2658
2658 2262
2262 2302
2262 1771
2302 2480
2480 1978
1978 1674
1978 77
1674 1120
1674 48
1120 66
66 121
121 843
843 1899
1899 434
1899 2307
434 832
434 2178
832 405
405 622
405 1257
622 1456
622 1070
1456 1014
1014 1993
1014 514
1993 2633
1993 1288
2633 1908
1908 1514
1908 2490
1514 33
1514 27
33 496
33 379
496 2657
2657 794
794 2218
794 2184
2218 1482
2218 254
1482 111
1482 1788
111 1695
1695 1211
1695 2205
1211 119
119 2787
119 253
2787 2416
2416 936
2416 1722
936 1682
936 2651
1682 495
1682 791
495 2347
495 913
2347 108
108 1619
108 2455
1619 2122
1619 2775
2122 13
13 1235
13 2736
1235 1508
1235 593
1508 1273
1508 690
1273 1311
1273 2783
1311 1216
1216 1546
1216 772
1546 618
1546 1233
618 241
241 2248
241 1898
2248 707
707 2466
2466 2353
2353 1891
1891 1540
1540 355
1540 182
355 223
355 1856
223 771
223 2630
771 10
771 948
10 2428
2428 1191
1191 1390
1390 2226
2226 938
938 2109
2109 2105
2105 1427
1427 637
1427 769
637 2008
637 2343
2008 1923
1923 920
920 1221
920 75
1221 1509
1221 1517
1509 2041
1509 2696
2041 2722
2041 1925
2722 489
489 334
489 539
334 1407
334 1236
1407 124
124 2647
2647 810
2647 1056
810 1528
1528 2406
1528 578
2406 123
2406 1641
123 1429
1429 1360
1360 2560
2560 480
480 1423
1423 419
419 2728
2728 105
105 679
105 1720
679 1063
1063 1434
1063 465
1434 302
1434 2483
302 197
302 970
197 1989
1989 1975
1975 537
537 1812
1812 709
709 789
789 2295
2295 716
2295 1255
716 1025
716 855
1025 531
1025 2156
531 192
192 176
192 615
176 429
429 2676
2676 1640
2676 2511
1640 2095
1640 724
2095 357
2095 1526
357 697
697 1149
1149 1523
1149 2545
1523 132
132 144
132 1431
144 2530
144 2794
2530 2037
2037 2692
2692 1870
1870 1306
1306 2085
1306 1110
2085 1541
2085 1873
1541 1737
1737 1837
1837 1087
1837 74
1087 2397
1087 851
2397 1783
2397 2706
1783 2598
1783 2285
2598 692
692 1174
692 2674
1174 1230
1174 2581
1230 2080
1230 1956
2080 1883
2080 2077
1883 1750
1883 1487
1750 2188
1750 1563
2188 2320
2188 2355
2320 61
61 980
61 1247
980 1037
980 636
1037 1447
1447 1741
1741 1042
1042 1614
1614 1932
1614 2487
1932 338
338 1184
1184 1361
1184 1755
1361 2233
2233 2791
2791 2201
2791 1213
2201 681
2201 1936
681 437
681 665
437 1944
1944 1085
1944 2251
1085 2241
2241 903
903 1607
1607 1795
1607 852
1795 1050
1050 1971
1050 1711
1971 1600
1971 1664
1600 2423
1600 1263
2423 1927
2423 1578
1927 1872
1927 236
1872 2015
1872 1089
2015 507
507 1627
507 15
1627 2698
2698 2553
2553 1544
1544 2795
2795 2141
2795 257
2141 2385
2385 494
2385 774
494 2272
494 1730
2272 1061
1061 614
1061 873
614 79
614 954
79 1002
79 1994
1002 2284
1002 1524
2284 1686
1686 543
1686 2325
543 1096
1096 2788
2788 1387
2788 273
1387 2687
1387 1659
2687 687
687 1966
1966 2610
1966 2718
2610 460
2610 1506
460 2377
2377 1740
2377 2751
1740 416
1740 2222
416 825
416 1095
825 994
825 2148
994 1918
1918 916
1918 169
916 2227
916 566
2227 1623
1623 2565
1623 1533
2565 242
2565 477
242 1180
242 291
1180 1281
1281 216
216 960
960 1649
1649 2732
2732 1250
2732 1153
1250 112
112 742
112 292
742 1285
742 1637
1285 1784
1285 599
1784 2047
2047 1374
2047 1291
1374 510
510 2318
510 999
2318 2803
2318 1181
2803 347
2803 189
347 809
347 2644
809 1324
809 1205
1324 2274
1324 1525
2274 2595
2274 2310
2595 1041
2595 2523
1041 374
374 1408
1408 1775
1775 722
1775 645
722 778
722 2629
778 731
778 2537
731 1539
1539 2027
2027 921
921 450
921 2185
450 1334
450 1622
1334 2563
2563 2782
2563 1793
2782 674
674 2456
2456 14
14 1564
1564 588
588 1500
588 2620
1500 165
165 1007
165 853
1007 1001
1001 2548
1001 458
2548 342
2548 393
342 801
342 1150
801 1515
801 2390
1515 208
208 1776
208 1312
1776 2708
1776 2246
2708 1792
1792 2797
2797 1896
2797 2249
1896 580
580 1066
580 1248
1066 345
1066 344
345 50
345 2617
50 1972
50 2065
1972 850
1972 2688
850 2007
850 2154
2007 76
76 904
76 1080
904 1702
904 2100
1702 483
483 1628
483 656
1628 397
397 565
565 2102
565 2477
2102 1344
2102 2724
1344 725
725 196
725 2029
196 1029
196 1168
1029 413
1029 2554
413 1053
413 806
1053 2411
1053 901
2411 868
2411 1026
868 1877
868 51
1877 104
1877 569
104 143
143 617
617 670
670 2161
670 922
2161 1225
2161 2507
1225 2011
1225 2482
2011 608
2011 2737
608 1152
1152 1278
1278 2370
2370 1931
1931 941
1931 2792
941 1880
1880 1305
1880 129
1305 175
175 364
364 2465
364 2231
2465 1077
1077 23
23 2182
23 967
2182 620
2182 1774
620 1364
620 1871
1364 1309
1364 485
1309 979
979 2114
979 1689
2114 2091
2114 1381
2091 1762
1762 2134
1762 327
2134 2440
2134 1676
2440 586
586 2197
2197 2212
2212 606
2212 2448
606 2311
2311 2806
2806 718
2806 1323
718 2561
718 2293
2561 2446
2561 2117
2446 2140
2140 243
2140 1011
243 548
243 146
548 2564
2564 1131
1131 1819
1131 369
1819 414
414 1592
1592 313
1592 2684
313 2479
313 2570
2479 499
2479 2497
499 2316
499 1611
2316 2278
2316 1570
2278 2094
2094 167
2094 1693
167 2512
167 1930
2512 1677
1677 563
1677 998
563 247
563 2382
247 2779
247 609
2779 2525
2779 833
2525 1396
2525 1584
1396 907
907 238
238 1726
1726 2338
1726 1857
2338 2288
2288 1580
2288 230
1580 1860
1580 265
1860 2399
2399 928
2399 1017
928 2551
2551 884
2551 1712
884 869
869 2655
869 1495
2655 1031
2655 1604
1031 326
1031 2192
326 982
326 427
982 2457
2457 955
2457 1210
955 834
955 2632
834 1161
1161 142
1161 1476
142 1598
142 1532
1598 705
1598 2540
705 468
705 1801
468 786
468 2179
786 1335
786 106
1335 963
963 545
545 525
545 2443
525 2265
2265 1121
2265 1574
1121 1901
1121 798
1901 331
331 2329
2329 1048
1048 1700
1048 1997
1700 1175
1175 1240
1240 171
1240 400
171 2297
2297 1231
2297 818
1231 139
139 2709
2709 1358
1358 2225
2225 320
2225 2488
320 184
320 2391
184 1122
184 1072
1122 1621
1122 1379
1621 1202
1202 9
9 1709
1709 1488
1488 2187
1488 2745
2187 1568
1568 1472
1568 1977
1472 861
1472 1282
861 466
861 2492
466 1454
466 1244
1454 2060
2060 1127
2060 2679
1127 39
39 323
39 1006
323 965
323 135
965 1290
965 453
1290 2082
2082 2713
2713 2765
2713 1648
2765 1754
2765 2731
1754 1019
1019 2206
1019 1252
2206 26
26 1805
26 404
1805 2189
1805 1200
2189 1938
1938 1566
1566 438
438 830
438 2213
830 2447
2447 2652
2447 2130
2652 2738
2652 2566
2738 170
2738 36
170 2569
170 383
2569 359
2569 2051
359 1176
359 1242
1176 974
1176 1425
974 2033
2033 2017
2033 2351
2017 2319
2017 826
2319 1052
2319 2043
1052 1315
1052 2606
1315 1656
1656 2256
2256 893
2256 231
893 2793
2793 1549
2793 1632
1549 1511
1511 85
1511 836
85 755
85 285
755 521
755 696
521 2057
521 1473
2057 1471
1471 58
1471 69
58 2137
2137 1670
2137 1749
1670 1848
1848 1769
1769 1804
1769 1892
1804 2784
1804 1626
2784 457
2784 2677
457 2373
2373 1419
1419 1060
1060 339
339 957
339 1033
957 605
605 1023
1023 2429
1023 1292
2429 1867
2429 2412
1867 1220
1220 2031
1220 1362
2031 2166
2031 381
2166 2703
2166 2361
2703 1545
1545 63
1545 2283
63 899
899 1520
899 34
1520 1249
1249 286
1249 912
286 986
986 2211
2211 1905
1905 728
728 122
728 307
122 1579
1579 2769
2769 626
2769 1203
626 1616
1616 1681
1681 1101
1101 700
700 258
700 1843
258 336
336 2375
336 1565
2375 2328
2375 1118
2328 988
2328 1556
988 1816
988 209
1816 78
78 842
842 1669
1669 1935
1669 2464
1935 1308
1935 1538
1308 7
1308 298
7 1991
7 1426
1991 1850
1850 819
1850 1692
819 2209
819 88
2209 2730
2209 1725
2730 953
2730 1478
953 914
953 1443
914 312
914 1148
312 557
557 2504
2504 1920
1920 930
1920 1869
930 1097
930 219
1097 1171
1097 1370
1171 54
54 918
918 133
918 402
133 1067
1067 1162
1067 2424
1162 1940
1940 2582
2582 1195
2582 309
1195 501
1195 2612
501 2750
501 193
2750 682
2750 1557
682 837
682 1316
837 2641
2641 734
734 511
511 2217
511 648
2217 232
232 295
295 335
335 1982
1982 528
1982 509
528 471
528 1638
471 375
471 1265
375 2342
2342 264
264 1190
1190 815
815 351
815 1900
351 600
600 2383
600 2379
2383 1781
2383 1687
1781 532
532 140
140 469
469 1404
1404 2622
1404 939
2622 1109
1109 2056
2056 2124
2056 373
2124 1219
1219 362
362 113
362 1666
113 1510
113 751
1510 753
1510 1125
753 1320
1320 300
300 1998
1998 1890
1890 699
1890 2642
699 1445
699 1660
1445 2665
2665 89
89 1683
1683 2472
2472 1348
1348 2468
2468 723
2468 2400
723 780
723 173
780 1571
1571 1256
1256 917
1256 2174
917 2613
917 788
2613 2662
2613 947
2662 650
2662 1987
650 1535
650 2364
1535 1911
1911 1352
1352 756
756 432
432 1279
432 638
1279 1642
1279 1561
1642 316
316 1786
316 1217
1786 180
1786 505
180 1688
1688 2317
2317 2401
2317 2240
2401 2210
2210 1732
1732 1829
1829 488
1829 2538
488 2395
2395 1401
1401 1551
1551 2501
1551 1608
2501 2123
2501 2133
2123 324
324 1260
324 2069
1260 2242
2242 2289
2289 1428
1428 2631
1428 773
2631 1356
2631 1341
1356 1757
1757 1752
1752 504
1752 639
504 1974
504 430
1974 1012
1974 2682
1012 126
126 1922
126 1758
1922 1325
1922 2650
1325 35
35 1847
35 1846
1847 1357
1847 2352
1357 1135
1135 57
1135 2042
57 2781
57 1403
2781 1016
2781 18
1016 2584
1016 1375
2584 1368
2584 2417
1368 2104
1368 1154
2104 1046
2104 2276
1046 1639
1639 1593
1593 1691
1593 2678
1691 1035
1035 1841
1841 2158
2158 824
824 1
824 2748
1 376
376 2521
376 571
2521 2520
2520 417
417 628
628 933
628 396
933 976
976 2028
976 1797
2028 520
2028 613
520 2110
520 2301
2110 2337
2110 2001
2337 1126
2337 1661
1126 72
72 2270
72 1706
2270 1825
1825 6
1825 2451
6 1100
6 1468
1100 296
1100 20
296 2215
296 2200
2215 2040
2215 1552
2040 2135
2040 2701
2135 906
906 1934
906 654
1934 1823
1934 803
1823 1558
1558 632
1558 188
632 2705
2705 2254
2254 103
2254 783
103 1852
1852 857
857 1475
857 1470
1475 2199
2199 1259
1259 835
835 1562
835 2142
1562 1453
1453 854
1453 1886
854 741
854 1838
741 378
378 1201
378 2393
1201 2418
1201 1951
2418 159
2418 706
159 949
159 1955
949 2513
949 2358
2513 356
356 513
513 5
513 2025
5 1745
1745 1337
1745 596
1337 2159
2159 207
2159 1625
207 822
207 1340
822 1910
822 251
1910 2127
2127 1491
1491 2333
1491 849
2333 1585
1585 840
840 1667
1667 1412
1412 2624
1412 2356
2624 2348
2624 1863
2348 1307
1307 739
1307 777
739 145
145 1355
1355 1440
1355 2175
1440 116
116 1645
1645 2107
2107 816
2107 2237
816 1069
1069 896
896 1696
896 1767
1696 1651
1651 1442
1651 1728
1442 2799
2799 1090
2799 2064
1090 449
449 641
449 1139
641 2546
2546 2331
2331 387
387 2739
2739 227
2739 1492
227 2754
2754 1698
2754 1902
1698 1385
1698 212
1385 304
304 1058
1058 1103
1058 1449
1103 526
1103 1147
526 191
526 1319
191 2306
2306 2280
2280 627
627 2168
2168 575
575 1766
575 49
1766 2445
1766 1962
2445 1548
1548 1834
1548 634
1834 2493
1834 562
2493 2236
2493 1779
2236 1794
2236 1610
1794 1345
1794 1134
1345 1665
1665 2559
1665 2604
2559 891
2559 1945
891 2689
891 2434
2689 1572
1572 2572
2572 1567
1567 1391
1391 2132
1391 839
2132 1602
2132 137
1602 1864
1864 581
1864 2467
581 2710
2710 16
16 2087
2087 811
811 1673
811 2589
1673 2035
1673 787
2035 2711
2035 1164
2711 1862
2711 2323
1862 474
474 1187
1187 2585
1187 2072
2585 2335
2335 2160
2335 1415
2160 841
2160 2405
841 2536
2536 2735
2735 2672
2672 1581
1581 1588
1588 827
827 1268
1268 481
481 1505
481 455
1505 603
1505 1222
603 516
516 2006
2006 1503
2006 1270
1503 1138
1503 625
1138 691
1138 1560
691 311
691 2453
311 1842
311 420
1842 2591
2591 2290
2290 1777
1777 2294
2294 2053
2294 1123
2053 1386
2053 70
1386 476
1386 1717
476 1243
1243 2287
1243 544
2287 225
225 655
655 2219
655 117
2219 1170
2219 158
1170 1824
1170 1329
1824 2126
1824 1008
2126 2147
2147 1406
1406 153
1406 1044
153 2062
2062 1460
1460 181
181 2407
181 328
2407 1107
1107 905
905 680
680 491
491 2648
2648 47
47 2756
2756 2636
2756 866
2636 2611
2611 415
2611 271
415 887
887 1444
1444 2491
1444 1744
2491 1293
2491 194
1293 202
202 352
202 549
352 942
352 1347
942 2458
2458 1071
2458 944
1071 1446
1446 1185
1446 1461
1185 2509
2509 1313
1313 1111
1111 660
1111 2257
660 423
660 2003
423 97
423 1297
97 2181
2181 382
2181 2371
382 2314
2314 2292
2314 2618
2292 2484
2292 1239
2484 1413
1413 781
1413 931
781 506
506 1785
1785 2193
2193 2506
2193 1075
2506 1589
2506 90
1589 372
372 470
470 1912
470 2119
1912 740
1912 1964
740 888
740 2298
888 1865
888 329
1865 1032
1032 2578
1032 2588
2578 1751
1751 308
308 19
19 864
19 44
864 583
583 1806
1806 1845
1845 107
1845 1652
107 1206
107 168
1206 2691
2691 2239
2691 1414
2239 32
2239 134
32 410
32 239
410 1367
410 2409
1367 875
875 2603
2603 1590
2603 2076
1590 399
1590 2435
399 17
399 1271
17 28
17 1258
28 1519
28 1957
1519 683
1519 1917
683 2693
2693 2387
2693 1946
2387 2646
2646 91
91 2345
91 763
2345 288
2345 1115
288 2
288 2669
2 1119
2 2804
1119 1577
1577 1405
1405 1144
1405 1990
1144 211
211 2061
2061 1643
1643 698
698 462
462 203
203 597
203 2596
597 1481
1481 750
750 768
768 1844
1844 2145
1844 1716
2145 2389
2389 663
663 1373
1373 2090
1373 2786
2090 640
640 1467
1467 1668
1467 2605
1668 1586
1586 1679
1586 386
1679 2796
2796 1811
1811 2543
1811 1464
2543 1132
1132 1409
1409 1748
1409 2427
1748 1398
1748 2683
1398 978
978 2068
2068 2690
2068 1238
2690 2155
2155 52
2155 1465
52 1723
52 210
1723 2790
2790 2359
2790 45
2359 1480
2359 1411
1480 2514
2514 467
2514 2697
467 522
522 246
246 1343
1343 2654
1343 2645
2654 2394
2394 245
2394 2097
245 547
547 1301
547 1939
1301 199
199 164
199 2052
164 276
164 411
276 267
276 109
267 995
267 2224
995 856
995 321
856 1531
1531 643
643 1466
643 805
1466 1179
1466 2099
1179 2475
2475 2223
2475 1047
2223 42
2223 1388
42 118
118 2419
118 1059
2419 594
594 765
765 1587
765 2023
1587 1875
1875 1949
1949 1983
1949 1733
1983 2308
1983 870
2308 332
2308 178
332 2171
332 29
2171 760
760 776
776 669
776 255
669 1493
1493 785
785 350
350 848
350 1074
848 11
848 2426
11 1853
11 1108
1853 1151
1151 166
166 2398
2398 1919
2398 365
1919 1878
1919 2354
1878 1394
1394 2176
1394 1188
2176 43
43 1555
43 2526
1555 704
704 2073
2073 651
2073 174
651 41
651 1760
41 1490
41 1193
1490 2535
1490 2372
2535 1339
2535 1076
1339 542
1339 2173
542 360
542 1916
360 2112
360 1366
2112 2800
2800 87
87 610
87 550
610 1376
1376 2481
2481 190
2481 422
190 1707
1707 367
367 943
943 100
943 278
100 409
409 287
287 235
287 2327
235 515
515 576
515 1462
576 204
576 2403
204 761
204 2186
761 384
384 442
