14 676 318074883
12 14
12 13
14 11
11 2
11 1
2 8
2 4
8 5
5 3
5 7
3 9
9 10
10 6
228 41
41 405
41 398
405 660
660 374
374 18
18 239
239 119
119 30
30 607
30 169
607 463
607 434
463 623
463 272
623 597
597 224
597 437
224 243
243 247
247 600
600 303
600 67
303 294
303 626
294 548
548 412
548 436
412 88
88 596
88 152
596 110
110 92
110 317
92 7
7 359
359 535
535 566
566 470
470 483
470 201
483 422
483 22
422 411
422 538
411 200
411 511
200 176
176 629
629 491
629 580
491 276
491 658
276 409
276 84
409 568
409 619
568 546
546 278
546 666
278 231
278 297
231 91
231 54
91 127
91 644
127 28
28 196
28 393
196 266
196 462
266 52
52 663
663 121
663 461
121 585
585 333
333 490
333 24
490 508
508 94
508 668
94 367
94 567
367 223
223 265
265 671
265 515
671 454
454 381
381 25
381 341
25 330
330 655
655 112
655 60
112 453
112 583
453 220
453 261
220 375
375 326
375 21
326 466
466 50
466 323
50 542
542 610
542 225
610 310
310 351
310 249
351 334
351 65
334 32
334 478
32 593
32 650
593 611
611 494
611 38
494 529
494 504
529 258
529 123
258 27
258 151
27 236
27 448
236 575
575 674
575 101
674 565
565 230
230 206
206 543
206 240
543 137
137 193
137 487
193 419
193 309
419 33
419 316
33 576
576 199
576 226
199 98
98 73
98 178
73 277
277 195
195 614
614 159
159 158
159 275
158 630
158 363
630 368
368 118
368 173
118 438
118 370
438 573
573 344
573 85
344 371
371 155
155 235
235 500
235 486
500 484
500 233
484 577
484 642
577 108
108 360
360 479
360 561
479 148
148 475
475 58
475 388
58 513
513 403
403 493
403 9
493 435
435 203
203 372
203 602
372 456
372 36
456 215
456 204
215 510
510 392
510 171
392 255
392 364
255 447
255 361
447 624
624 477
477 162
162 42
42 213
42 408
213 146
213 143
146 8
146 635
8 180
8 70
180 656
656 175
656 122
175 133
133 212
212 284
212 386
284 616
284 43
616 136
616 428
136 39
136 295
39 339
339 578
339 627
578 592
578 532
592 106
592 259
106 102
106 141
102 416
102 541
416 356
356 465
356 441
465 530
465 670
530 357
357 349
357 95
349 634
634 518
634 16
518 76
76 389
76 390
389 34
34 476
476 582
476 290
582 654
582 150
654 292
654 621
292 451
451 241
241 609
609 599
599 279
279 81
81 675
675 387
675 345
387 350
350 307
350 474
307 314
314 492
492 242
492 652
242 329
329 234
234 40
40 340
340 205
205 488
205 64
488 189
488 109
189 676
676 129
676 649
129 449
129 267
449 312
312 157
157 417
417 502
502 78
78 613
78 458
613 485
613 252
485 343
343 216
343 379
216 116
116 170
116 429
170 382
170 640
382 55
382 147
55 125
55 395
125 601
601 509
509 79
509 460
79 217
217 553
217 179
553 245
245 97
245 617
97 427
97 5
427 71
71 373
71 273
373 128
128 365
365 514
365 274
514 264
264 219
264 505
219 59
59 450
450 183
450 74
183 366
183 481
366 103
103 62
103 134
62 665
62 606
665 298
665 594
298 415
415 256
415 287
256 506
256 551
506 31
31 68
68 559
559 527
527 545
527 570
545 653
545 315
653 563
563 227
227 464
464 57
464 588
57 86
86 445
445 362
362 667
362 186
667 89
89 557
89 396
557 163
557 93
163 114
163 250
114 13
114 556
13 111
111 589
111 383
589 191
589 254
191 332
332 335
335 10
335 622
10 633
10 145
633 132
132 534
132 558
534 156
534 257
156 468
468 262
468 120
262 631
631 324
324 154
154 369
154 63
369 643
643 647
647 29
647 194
29 524
29 4
524 80
524 552
80 238
238 131
238 321
131 421
421 444
444 352
352 327
352 113
327 124
327 590
124 270
124 439
270 555
555 380
555 269
380 188
188 501
501 308
308 472
308 636
472 83
472 37
83 391
391 115
391 184
115 302
115 296
302 549
302 181
549 304
304 160
304 520
160 161
160 198
161 289
289 138
289 6
138 525
138 45
525 104
525 598
104 311
311 452
311 646
452 482
452 17
482 82
82 394
394 489
394 641
489 61
61 23
61 605
23 2
2 26
26 562
26 554
562 87
87 218
218 207
207 564
564 547
564 75
547 615
547 459
615 244
615 19
244 331
331 337
337 432
432 377
432 503
377 281
281 638
638 268
268 531
268 533
531 672
672 499
672 584
499 399
399 47
47 221
47 625
221 414
414 639
414 521
639 229
639 1
229 669
229 528
669 182
182 495
495 153
153 322
153 214
322 202
202 516
516 20
20 142
142 172
172 536
536 44
44 140
140 271
271 192
192 378
192 581
378 149
149 455
149 586
455 319
455 107
319 400
319 293
400 673
673 347
347 346
346 167
167 587
587 301
301 69
301 306
69 336
336 280
280 384
384 651
651 222
222 539
539 320
539 401
320 424
424 105
424 591
105 544
544 645
645 355
355 3
3 612
3 96
612 72
612 209
72 574
574 425
425 632
632 12
12 299
12 648
299 117
117 467
467 328
467 46
328 358
358 325
358 100
325 420
325 473
420 139
420 550
139 354
354 571
571 507
507 15
15 661
15 480
661 569
569 165
569 285
165 144
144 662
144 517
662 135
662 263
135 288
288 404
288 185
404 237
404 407
237 35
35 177
35 14
177 608
177 300
608 657
608 99
657 174
657 628
174 604
604 595
604 572
595 519
519 397
519 338
397 318
318 77
77 512
512 51
512 410
51 282
282 440
440 540
440 197
540 187
540 251
187 56
56 246
246 442
246 430
442 431
431 260
431 11
260 305
260 313
305 126
126 443
443 66
66 376
376 53
53 496
53 664
496 659
496 348
659 286
286 168
168 469
469 522
522 560
560 426
426 385
426 433
385 283
283 164
283 211
164 413
164 498
413 48
413 418
48 446
48 579
446 637
637 49
49 457
49 248
457 130
130 232
130 406
232 210
210 353
210 526
353 497
497 208
208 166
166 402
402 523
523 190
523 620
190 253
253 471
471 90
471 537
90 423
423 603
423 618
603 342
603 291
