3 2525 20
2 3
3 1
2375 1287
1287 2407
1287 1747
2407 1026
2407 1997
1026 52
52 1188
1188 685
1188 2310
685 2475
685 817
2475 1568
2475 1781
1568 215
215 1179
1179 1176
1176 525
1176 600
525 2525
2525 1825
2525 570
1825 1203
1825 709
1203 2047
1203 2243
2047 627
627 2070
627 2008
2070 939
939 2324
939 598
2324 9
2324 926
9 1492
1492 910
910 1309
910 798
1309 739
1309 1802
739 681
739 25
681 61
61 1133
61 1980
1133 1201
1201 262
262 2280
262 1585
2280 864
2280 1170
864 1283
864 1241
1283 2176
1283 24
2176 703
703 2199
703 2303
2199 702
2199 1654
702 1365
1365 1067
1067 26
26 1315
26 567
1315 1242
1315 2088
1242 1221
1242 1843
1221 824
1221 1745
824 2311
824 2009
2311 946
2311 287
946 174
946 464
174 1653
1653 241
241 219
241 889
219 2017
2017 918
2017 1903
918 225
225 329
329 1865
1865 1240
1240 411
1240 2313
411 498
498 2347
2347 676
676 1387
676 1762
1387 512
512 321
512 576
321 2025
2025 2061
2061 1127
1127 829
1127 451
829 346
346 282
282 734
734 2290
2290 712
712 546
546 2077
2077 1700
1700 1217
1217 506
506 1209
1209 124
1209 586
124 2217
124 1945
2217 250
250 983
983 1951
1951 2013
1951 299
2013 994
2013 668
994 1106
1106 1329
1329 427
427 276
427 1423
276 767
767 756
756 244
756 495
244 1868
1868 305
305 2040
2040 1369
1369 2328
2328 614
2328 1125
614 848
848 1656
1656 551
551 386
551 94
386 487
487 1883
487 1724
1883 1349
1349 2317
1349 619
2317 2455
2317 1832
2455 2016
2455 913
2016 896
896 190
896 1714
190 2428
190 1886
2428 1192
2428 1418
1192 2478
1192 2096
2478 754
2478 202
754 157
157 892
892 189
892 2426
189 147
147 58
58 307
58 2384
307 227
227 1863
1863 2442
2442 290
290 6
290 678
6 1578
1578 717
717 635
635 137
137 2498
137 134
2498 46
2498 363
46 450
46 2368
450 1882
450 36
1882 860
860 1054
1054 1430
1054 919
1430 714
714 175
175 2207
2207 131
2207 2211
131 2517
2517 1648
1648 1022
1022 1704
1022 2246
1704 1063
1704 548
1063 1116
1116 639
639 1481
1481 1135
1135 240
240 1115
240 3
1115 1998
1115 1361
1998 1789
1998 237
1789 878
1789 1573
878 1186
1186 127
1186 616
127 1374
127 107
1374 352
1374 769
352 1933
1933 925
925 2487
2487 1644
1644 231
231 1130
1130 2508
2508 1683
1683 1560
1560 2023
2023 2007
2023 2101
2007 1286
1286 1796
1796 97
1796 504
97 335
335 1466
1466 1893
1466 814
1893 2397
1893 647
2397 492
492 1486
492 392
1486 956
1486 968
956 1819
1819 419
419 1536
419 634
1536 1632
1632 2412
2412 1514
1514 188
1514 410
188 2129
188 1719
2129 16
16 1643
1643 2415
2415 2239
2415 940
2239 2279
2239 1150
2279 2003
2279 2284
2003 1224
1224 378
378 1143
1143 50
1143 1905
50 1711
50 1231
1711 2379
2379 1385
2379 1464
1385 1199
1199 2004
2004 1606
2004 2491
1606 2262
1606 1913
2262 5
2262 95
5 1755
5 1016
1755 1033
1755 620
1033 1899
1033 2245
1899 263
1899 2248
263 2041
263 12
2041 1957
1957 850
850 1327
850 656
1327 2463
2463 1407
2463 143
1407 1699
1407 463
1699 114
114 474
114 207
474 1108
1108 2371
2371 1068
1068 2231
1068 88
2231 2055
2055 1394
1394 630
1394 1344
630 1237
630 1873
1237 438
438 2404
438 564
2404 1412
1412 1706
1706 2273
2273 1635
1635 1328
1635 294
1328 1487
1328 1489
1487 1362
1362 344
344 379
344 158
379 317
317 1050
1050 1278
1278 415
415 1215
415 511
1215 1688
1215 2202
1688 1597
1688 1752
1597 2274
1597 792
2274 1072
2274 1062
1072 1056
1056 631
1056 1787
631 1401
631 1800
1401 773
773 1233
1233 521
521 1246
1246 725
1246 1848
725 1162
725 229
1162 2028
1162 2484
2028 101
2028 1695
101 934
101 2184
934 938
934 28
938 1780
938 822
1780 768
768 1061
768 762
1061 1734
1734 1406
1406 2472
1406 2218
2472 2369
2369 57
2369 2521
57 1216
1216 242
242 2483
2483 2062
2062 1138
1138 881
881 2018
2018 2393
2018 1534
2393 624
2393 2427
624 91
91 2200
91 503
2200 1300
2200 1405
1300 2161
2161 256
256 1786
1786 1851
1851 1083
1083 2449
2449 795
795 1247
795 1649
1247 1065
1065 2056
2056 1500
1500 86
86 90
86 2383
90 318
90 1867
318 221
318 1602
221 508
508 2398
508 571
2398 1208
1208 2323
2323 2044
2044 78
2044 213
78 833
833 783
833 1422
783 974
974 774
774 400
774 488
400 394
400 441
394 1990
394 2395
1990 1359
1359 40
1359 291
40 390
40 214
390 1716
390 1080
1716 2043
2043 977
977 1419
977 2261
1419 1993
1993 1671
1993 1540
1671 1547
1547 2177
2177 1259
1259 1073
1259 556
1073 732
732 1936
732 826
1936 608
608 661
608 1112
661 253
253 2452
253 1961
2452 1459
2452 1701
1459 2477
1459 757
2477 1953
1953 30
30 1290
30 1788
1290 1380
1380 1075
1380 274
1075 658
658 536
536 184
536 2132
184 1005
184 1225
1005 132
132 1763
1763 1079
1763 1537
1079 898
1079 1180
898 873
873 2392
873 1200
2392 1053
2392 1177
1053 1927
1927 1518
1927 370
1518 788
1518 238
788 258
788 2136
258 1197
258 1669
1197 465
465 2342
2342 2234
2342 659
2234 947
947 212
212 1052
212 820
1052 371
1052 1935
371 1136
1136 62
62 1642
1642 310
310 1517
1517 1386
1386 899
1386 1775
899 2126
2126 509
509 505
505 2459
2459 662
2459 1477
662 2036
662 1934
2036 753
2036 1451
753 1071
753 249
1071 1074
1074 1565
1565 1670
1670 63
1670 1816
63 2158
2158 1932
2158 1675
1932 2237
1932 1299
2237 1918
2237 1325
1918 786
1918 733
786 1684
1684 164
1684 35
164 1608
164 1550
1608 2005
1608 2503
2005 982
982 1510
982 1696
1510 1521
1510 173
1521 1379
1521 199
1379 524
1379 642
524 1705
1705 399
1705 554
399 1523
1523 1258
1258 522
1258 68
522 2265
522 765
2265 1809
1809 1828
1828 738
1828 2014
738 2221
738 2270
2221 1522
1522 1015
1015 1437
1015 728
1437 2141
2141 1282
2141 1778
1282 1626
1282 1875
1626 744
744 1972
744 1821
1972 1152
1972 1172
1152 172
172 597
597 612
612 2153
612 1468
2153 1742
2153 2194
1742 1686
1686 1810
1686 964
1810 2339
2339 1739
1739 113
1739 348
113 2266
113 1382
2266 2320
2320 1662
1662 2359
1662 1235
2359 930
930 1622
1622 2045
1622 1402
2045 613
2045 1357
613 1400
613 884
1400 1027
1027 2505
2505 1495
2505 2405
1495 1820
1495 1999
1820 2351
1820 445
2351 843
843 622
843 1392
622 1452
622 1582
1452 2134
1452 1979
2134 931
2134 183
931 1614
1614 205
1614 1727
205 1590
1590 1505
1590 1804
1505 1619
1619 2172
2172 2437
2172 2139
2437 1541
1541 2283
2283 2481
2481 469
469 877
469 1358
877 2156
877 1311
2156 1474
2156 544
1474 954
1474 359
954 628
954 145
628 2149
2149 1974
1974 2391
1974 2524
2391 2410
2410 1533
1533 957
1533 1687
957 716
716 764
764 284
284 1034
1034 969
1034 1009
969 1262
969 1914
1262 1089
1262 1548
1089 1966
1089 759
1966 142
142 313
313 1409
313 1469
1409 1823
1823 827
827 2373
2373 859
859 1765
1765 1692
1692 526
526 312
526 1304
312 1082
312 1551
1082 745
1082 404
745 1657
1657 1645
1657 413
1645 683
1645 1870
683 726
683 1782
726 797
797 1636
1636 490
490 1528
1528 259
1528 836
259 150
259 1107
150 723
150 2436
723 278
278 1023
278 2140
1023 1721
1023 1449
1721 2305
2305 1395
2305 2235
1395 2244
1395 1741
2244 1815
1815 2332
2332 761
2332 2378
761 29
29 1722
29 942
1722 185
185 857
185 75
857 2423
857 2190
2423 1633
1633 2042
2042 694
2042 454
694 2285
694 834
2285 782
782 1652
1652 607
607 1442
607 2181
1442 1097
1097 758
758 1959
1959 1431
1959 401
1431 2015
2015 742
742 2080
742 416
2080 19
2080 1920
19 350
350 355
350 1929
355 2227
355 2462
2227 1950
2227 455
1950 393
1950 159
393 1627
1627 2497
1627 384
2497 654
654 2292
654 720
2292 2372
2292 1638
2372 338
338 1441
1441 374
1441 1790
374 885
885 581
581 1473
1473 582
582 430
582 1093
430 65
65 2440
2440 81
81 804
81 353
804 316
316 2500
316 354
2500 136
136 2396
136 1046
2396 2131
2131 2114
2131 1515
2114 669
669 2474
669 705
2474 2454
2474 1123
2454 478
2454 793
478 1131
1131 2490
1131 2278
2490 1457
1457 285
285 2249
285 1841
2249 1994
2249 196
1994 426
426 466
426 1086
466 397
466 2389
397 2337
397 2469
2337 1655
1655 279
279 615
279 555
615 128
128 501
128 332
501 1566
1566 56
56 2417
2417 770
2417 1508
770 698
770 701
698 1842
1842 1415
1842 1628
1415 1455
1455 1037
1455 1599
1037 1680
1680 887
1680 433
887 151
887 715
151 1869
1869 2512
1869 1749
2512 595
595 1076
1076 2208
2208 2362
2208 458
2362 787
787 2178
787 1351
2178 1207
1207 507
1207 1836
507 1479
507 1339
1479 1252
1252 2183
1252 494
2183 440
2183 308
440 1124
440 1447
1124 1029
1029 1461
1029 1480
1461 1134
1134 67
67 2111
67 1767
2111 737
737 560
737 491
560 1363
560 771
1363 1443
1363 875
1443 2456
2456 553
553 1260
553 289
1260 2089
1260 1098
2089 2291
2291 2133
2291 772
2133 1530
2133 1462
1530 361
361 360
361 1921
360 2401
2401 2027
2401 2406
2027 154
154 1001
154 179
1001 2519
1001 122
2519 1525
2519 1511
1525 1403
1403 1726
1403 1273
1726 126
126 950
126 963
950 1947
1947 1898
1898 632
1898 1954
632 1661
632 471
1661 1091
1091 220
1091 914
220 2329
2329 1901
2329 2113
1901 1503
1901 1751
1503 1210
1503 2075
1210 2494
1210 83
2494 1609
2494 222
1609 1702
1609 2357
1702 588
1702 1277
588 1839
588 1629
1839 2118
2118 283
283 1697
1697 1504
1697 1611
1504 2034
1504 1600
2034 272
272 1189
272 2297
1189 296
1189 1834
296 802
296 2011
802 1257
802 743
1257 718
718 1267
718 679
1267 200
200 340
200 2399
340 1733
340 1014
1733 1892
1892 1384
1892 1853
1384 693
693 165
165 2330
2330 948
948 1391
948 2092
1391 60
60 684
60 2499
684 42
684 351
42 1030
42 2471
1030 1939
1939 823
1939 1424
823 2510
823 1261
2510 1154
1154 1296
1154 799
1296 1035
1035 1202
1035 2461
1202 2432
2432 1567
2432 2198
1567 337
337 692
337 646
692 23
23 819
23 650
819 1102
1102 148
1102 449
148 1588
1588 383
383 810
383 1731
810 388
810 226
388 831
388 1738
831 542
542 1024
542 2253
1024 1230
1230 858
858 1435
858 1084
1435 2259
2259 1390
2259 1753
1390 297
297 2241
2241 1467
1467 1844
1467 2030
1844 480
480 1992
480 746
1992 1012
1012 130
1012 537
130 1618
1618 741
1618 1598
741 1501
741 894
1501 2435
1501 1413
2435 1785
1785 603
603 985
985 1436
985 1985
1436 840
1436 602
840 1988
1988 2063
1988 1575
2063 1756
2063 2104
1756 565
565 713
565 1147
713 121
713 1948
121 1743
1743 414
414 2078
414 1372
2078 1663
2078 267
1663 420
420 2485
420 1630
2485 102
102 1659
102 181
1659 1586
1659 1310
1586 1967
1967 380
1967 13
380 2068
2068 710
710 1891
1891 1549
1549 568
1549 2356
568 1818
1818 330
1818 1512
330 251
330 443
251 2130
251 2457
2130 1266
2130 2037
1266 851
1266 2110
851 2257
2257 1408
1408 92
92 87
92 2254
87 1852
1852 1859
1859 1157
1859 1100
1157 2236
2236 1042
1042 2255
1042 984
2255 2195
2255 735
2195 69
69 2307
2307 203
203 944
203 1114
944 369
369 1248
1248 1085
1085 1651
1651 1463
1651 1761
1463 1940
1463 2419
1940 71
1940 755
71 2046
71 1866
2046 1531
1531 1416
1416 617
1416 2421
617 1066
617 2219
1066 2105
2105 1140
2105 367
1140 139
1140 177
139 2476
2476 1488
1488 53
53 978
53 41
978 747
978 2138
747 2026
747 2121
2026 21
21 1543
1543 2083
1543 2272
2083 4
4 1245
4 1398
1245 1185
1185 722
1185 1219
722 960
722 1772
960 54
54 534
54 485
534 1928
534 516
1928 784
1928 697
784 2349
2349 2233
2349 64
2233 2304
2233 1204
2304 1003
1003 347
347 1354
347 2318
1354 2319
2319 1878
1878 1324
1878 585
1324 462
1324 1685
462 1297
462 475
1297 1904
1297 1576
1904 1368
1904 816
1368 2162
2162 890
890 1768
890 2385
1768 1493
1768 1305
1493 2201
1493 195
2201 116
116 849
116 1544
849 275
849 1925
275 1624
275 510
1624 1334
1624 2099
1334 1421
1334 1559
1421 1740
1740 2051
1740 1323
2051 1615
2051 2002
1615 418
1615 453
418 2322
418 2335
2322 1973
2322 2370
1973 936
1973 653
936 1319
936 1049
1319 104
1319 1132
104 1958
104 178
1958 789
789 1276
1276 2364
1276 2157
2364 431
2364 1943
431 479
431 687
479 730
730 1099
730 1336
1099 1744
1744 1434
1744 559
1434 1664
1434 1826
1664 477
1664 377
477 444
444 2152
2152 1519
2152 880
1519 8
8 1779
8 2209
1779 1249
1249 663
663 665
663 1047
665 1558
665 1171
1558 27
1558 235
27 1554
1554 2196
2196 847
847 577
577 584
577 1855
584 2185
584 835
2185 1915
1915 996
996 486
486 2212
486 129
2212 2050
2212 2298
2050 677
677 1986
1986 1579
1579 1679
1679 218
218 18
18 428
428 2146
2146 637
637 2430
2430 1797
1797 1634
1634 1019
1019 557
557 523
523 906
906 888
888 1020
888 1448
1020 1
1020 194
1 82
1 1532
82 2509
2509 541
2509 2260
541 432
432 1397
432 2220
1397 265
265 2360
265 1218
2360 2453
2360 1340
2453 1556
2453 578
1556 1976
1976 853
853 1078
853 1345
1078 871
1078 43
871 1341
1341 2420
1341 170
2420 842
2420 2263
842 2267
2267 2012
2012 51
51 204
204 1129
204 1553
1129 2294
2294 1000
1000 39
1000 1983
39 569
569 641
641 981
641 108
981 1396
981 2281
1396 941
1396 1366
941 93
941 1095
93 456
93 837
456 22
456 2024
22 162
162 1182
1182 1350
1350 2071
2071 1173
1173 1641
1173 1190
1641 1846
1846 1526
1846 2350
1526 1545
1526 66
1545 123
123 1263
123 1888
1263 903
903 1860
1860 2095
2095 2189
2189 1456
1456 1527
1527 1212
1212 1770
1770 1331
1770 1454
1331 806
1331 845
806 2448
806 866
2448 1931
1931 1715
1931 2142
1715 846
1715 592
846 2100
846 970
2100 422
2100 34
422 261
422 1677
261 76
261 1906
76 246
246 2228
246 2504
2228 1183
1183 2093
2093 273
2093 1312
273 1194
1194 84
1194 437
84 1271
1271 626
1271 311
626 1563
626 1096
1563 1955
1955 2507
1955 1681
2507 396
396 1265
1265 572
572 1520
572 1250
1520 1284
1520 1693
1284 1081
1284 2400
1081 886
886 1269
886 1471
1269 1028
1028 391
1028 1491
391 1195
391 1710
1195 1326
1326 869
1326 1737
869 1417
869 96
1417 442
1417 1077
442 540
540 448
448 264
264 1938
1938 1256
1256 2269
1256 1552
2269 2229
2229 1845
2229 1164
1845 1348
1348 398
1348 1941
398 2180
398 47
2180 596
596 209
209 1708
209 1969
1708 2467
1708 1444
2467 2496
2496 2122
2122 1055
1055 1041
1041 1433
1433 1353
1433 1949
1353 1453
1453 1292
1292 1381
1381 1856
1381 1766
1856 2464
2464 721
2464 2167
721 1105
721 531
1105 1496
1105 1881
1496 2038
2038 688
688 1577
688 552
1577 558
558 1808
1808 152
152 928
152 288
928 1104
928 243
1104 327
1104 395
327 191
191 763
191 2001
763 118
763 1861
118 460
460 1388
1388 1166
1166 1234
1234 785
1234 1404
785 1314
1314 110
110 895
110 1293
895 2175
895 15
2175 513
513 1889
1889 2145
1889 1926
2145 349
2145 1564
349 2171
349 331
2171 1490
1490 2072
1490 2215
2072 1793
2072 1021
1793 1428
1793 1732
1428 2065
2065 1754
1754 1835
1835 1243
1243 979
979 1794
979 2306
1794 160
1794 2516
160 900
160 2523
900 387
900 655
387 1232
1232 99
99 1574
99 98
1574 1244
1574 1965
1244 1596
1244 2103
1596 1226
1596 2204
1226 2312
2312 519
2312 2409
519 1557
1557 2520
1557 1113
2520 1039
1039 1393
1393 1896
1896 1907
1896 106
1907 929
1907 729
929 1158
929 958
1158 1607
1607 1535
1607 2438
1535 1877
1535 927
1877 2518
1877 1352
2518 651
2518 1126
651 268
651 1776
268 852
268 1546
852 590
590 1621
1621 951
951 1122
1122 2222
2222 2137
2222 473
2137 208
2137 2102
208 838
838 696
838 862
696 1830
1830 2119
2119 907
907 2203
2203 1414
1414 1720
1414 1320
1720 1338
1338 707
707 1698
1698 2258
2258 1335
2258 1612
1335 2192
2192 1570
2192 675
1570 1884
1570 673
1884 2058
2058 1010
2058 254
1010 2301
2301 2451
2301 2115
2451 1484
1484 468
468 79
468 111
79 749
79 1383
749 1427
749 1031
1427 1924
1924 319
1924 1228
319 1812
1812 1757
1757 1317
1317 1601
1601 667
1601 1153
667 1187
667 77
1187 1295
1187 2358
1295 74
74 1092
74 2090
1092 1017
1092 168
1017 1373
1017 1163
1373 1984
1373 2087
1984 2473
2473 760
2473 1831
760 1833
760 711
1833 2250
1833 1145
2250 1198
1198 1960
1960 1952
1960 2193
1952 1673
1673 943
1673 2154
943 2073
2073 1038
2073 990
1038 1592
1592 1167
1592 2416
1167 2300
1167 623
2300 2106
2106 1268
1268 2174
2174 618
2174 255
618 794
794 1872
1872 292
292 1291
1291 1018
1018 1824
1824 484
1824 1060
484 1689
484 911
1689 1981
1689 992
1981 502
502 2216
502 362
2216 1897
1897 149
1897 2515
149 2191
2191 1672
1672 406
406 706
406 1285
706 171
706 339
171 1156
1156 2082
2082 2079
2082 1159
2079 407
2079 1678
407 2352
407 1962
2352 2447
2352 796
2447 1791
1791 1445
1445 2495
1445 1330
2495 1196
2495 1389
1196 1625
1625 1313
1625 605
1313 1191
1313 1735
1191 2344
2344 882
2344 863
882 271
271 1280
1280 2480
1280 953
2480 1251
2480 530
1251 1174
1251 2414
1174 791
791 1142
1142 993
1142 103
993 2331
993 830
2331 1995
1995 2186
2186 657
2186 1707
657 1294
1294 1478
1294 1045
1478 801
801 1991
801 1308
1991 141
1991 2264
141 2321
141 648
2321 589
589 535
535 286
535 874
286 1658
1658 1746
1658 1885
1746 2336
1746 574
2336 674
674 731
731 704
731 1817
704 100
100 609
609 2084
609 2031
2084 700
2084 2348
700 909
700 1975
909 1184
1184 550
550 1181
1181 224
224 515
224 239
515 690
690 304
690 1476
304 281
281 1709
1709 257
1709 593
257 1227
1227 1498
1498 198
1498 1347
198 217
198 811
217 2296
217 1222
2296 1087
1087 1748
1087 403
1748 807
807 2214
807 2020
2214 1460
1460 2429
1460 923
2429 412
412 818
412 1223
818 161
161 2252
161 591
2252 949
949 1420
1420 611
611 1603
1603 1004
1603 640
1004 973
1004 976
973 109
973 971
109 2163
109 1594
2163 163
163 1206
163 1529
1206 1572
1572 73
1572 1137
73 1148
1148 1432
1148 89
1432 2064
2064 527
527 2466
2466 972
972 645
645 1807
645 1799
1807 893
893 138
893 436
138 1497
138 989
1497 201
1497 232
201 1660
201 1970
1660 1069
1660 500
1069 601
1069 821
601 1717
1717 245
1717 689
245 563
245 854
563 1858
1858 528
1858 2295
528 790
528 365
790 1640
1640 920
1640 2408
920 1665
1665 408
408 140
408 2108
140 547
547 1051
547 2327
1051 997
997 1561
997 1637
1561 381
381 1725
1725 1591
1725 538
1591 2022
1591 2123
2022 1482
2022 1007
1482 435
435 2029
2029 1110
2029 322
1110 2091
2091 2125
2091 643
2125 766
766 2424
2424 2488
2424 1161
2488 1917
2488 2354
1917 828
1917 2247
828 1703
1703 1040
1040 1690
1040 1610
1690 472
472 358
472 1059
358 470
470 775
775 1989
775 2514
1989 2054
2054 520
2054 1141
520 2333
520 105
2333 1795
1795 844
844 2325
2325 1318
1318 1270
1270 1840
1840 320
320 1584
1584 333
333 621
621 1025
621 423
1025 1213
1025 1274
1213 248
248 1963
1963 49
49 499
499 2441
499 1876
2441 999
999 2160
999 117
2160 166
166 2074
166 70
2074 904
904 708
904 2128
708 364
708 1562
364 1118
364 1712
1118 2107
1118 1674
2107 924
924 1773
1773 295
295 1806
1806 580
1806 2226
580 1916
580 652
1916 965
1916 2388
965 1879
965 2345
1879 1120
1879 1956
1120 1450
1450 1516
1516 1440
1440 2
2 2066
2 876
2066 1356
2066 7
1356 14
1356 670
14 901
14 2210
901 1165
901 1306
1165 1298
1165 1236
1298 2315
1298 2223
2315 2501
2315 1822
2501 815
815 1239
1239 382
1239 579
382 216
216 1057
216 1044
1057 961
961 1750
961 1090
1750 1425
1425 1426
1426 2366
1426 120
2366 1376
2366 2086
1376 2053
1376 529
2053 1668
1668 1465
1465 1378
1378 298
298 1978
1978 2326
2326 493
2326 2059
493 2287
493 447
2287 2109
2287 1255
2109 2489
2489 45
45 832
45 1301
832 2492
2492 1169
2492 1691
1169 2493
2493 736
2493 206
736 1475
1475 1101
1101 839
1101 233
839 429
429 2282
429 1593
2282 48
2282 1509
48 562
562 2458
2458 727
2458 2151
727 2060
727 1814
2060 1064
2060 1759
1064 1667
1064 1155
1667 1168
1667 2403
1168 2205
1168 2225
2205 1337
1337 573
573 921
573 2019
921 1604
1604 841
1604 543
841 933
933 2117
2117 2443
2443 825
2443 1942
825 2124
2124 186
186 2112
2112 309
2112 228
309 1333
309 1837
1333 872
1333 1922
872 932
932 800
932 1289
800 1631
800 1581
1631 2470
1631 421
2470 2365
2470 2144
2365 180
2365 2032
180 11
180 439
11 2268
2268 133
2268 135
133 1343
1343 324
1343 210
324 1676
1676 2035
2035 2431
2431 1446
2431 425
1446 1502
1502 1411
1411 1439
1439 776
1439 2049
776 1890
1890 2314
1890 1322
2314 303
2314 750
303 599
303 1971
599 629
599 1900
629 937
629 144
937 545
545 2052
2052 587
587 270
587 2445
270 998
998 922
922 625
625 594
625 566
594 988
988 1002
1002 1617
1002 32
1617 357
357 1996
1996 2076
2076 549
2076 2169
549 481
549 266
481 182
182 247
182 1946
247 2094
2094 424
2094 897
424 373
373 1346
1346 2353
2353 1513
1513 1666
1513 987
1666 2238
1666 636
2238 314
2238 1472
314 1964
314 2376
1964 813
1964 252
813 1718
1718 366
1718 2374
366 680
366 1438
680 1160
680 277
1160 1555
1555 2048
2048 518
2048 1910
518 328
518 2098
328 1583
328 1058
1583 2343
2343 1360
2343 606
1360 779
1360 1911
779 2394
2394 916
2394 2147
916 2097
916 2085
2097 2446
2446 1238
2446 2033
1238 865
1238 2271
865 1871
1871 1862
1871 452
1862 533
533 1895
1895 638
638 1193
638 1758
1193 1620
1620 167
167 2411
167 1032
2411 2334
2334 1279
2334 967
1279 1507
1279 1616
1507 112
112 778
112 1682
778 2390
778 211
2390 1264
2390 482
1264 1128
1128 1121
1121 856
1121 1088
856 1139
856 2425
1139 902
1139 1485
902 682
682 1829
1829 1589
1829 1321
1589 980
980 187
980 808
187 1006
187 1736
1006 2155
2155 986
986 1539
986 1542
1539 514
514 1887
1887 1375
1887 2381
1375 883
1375 1494
883 699
699 461
461 1211
461 695
1211 489
1211 1151
489 1214
1214 1857
1857 1774
1857 385
1774 583
583 368
583 1272
368 891
368 2166
891 2361
891 959
2361 1850
2361 1470
1850 2232
2232 434
434 2159
434 2460
2159 2434
2159 2340
2434 2433
2433 2386
2386 2057
2057 1483
2057 1977
1483 336
336 1874
336 1571
1874 31
1874 2120
31 1149
1149 879
879 1008
1008 912
1008 446
912 389
389 1580
389 2465
1580 1036
1036 539
1036 812
539 376
539 1605
376 1613
376 1923
1613 666
666 20
20 342
342 2486
2486 459
2486 1043
459 457
459 633
457 85
457 1723
85 966
85 1639
966 1760
966 1764
1760 2382
1760 2502
2382 2450
2450 1908
1908 1367
1908 169
1367 908
908 409
908 10
409 2213
2213 2006
2006 1713
2006 345
1713 2506
1713 343
2506 1117
2506 1205
1117 803
803 2511
803 2240
2511 192
192 1111
192 809
1111 234
234 2293
234 1254
2293 1987
1987 334
334 1792
334 575
1792 2439
1792 44
2439 2067
2067 223
2067 867
223 1944
1944 952
952 995
952 870
995 532
532 193
532 1864
193 2299
2299 917
917 2256
917 752
2256 1410
1410 2422
1410 496
2422 2275
2275 1229
2275 2150
1229 2380
2380 945
945 2000
2000 2069
2069 672
2069 72
672 2309
672 671
2309 1784
2309 1587
1784 2135
1784 1902
2135 1316
1316 2288
2288 719
719 1070
719 1429
1070 1982
1070 2302
1982 1364
1982 1647
1364 1175
1175 2164
2164 740
2164 302
740 2377
2377 2482
2482 724
724 1499
1499 781
1499 153
781 37
781 2179
37 1803
1803 1769
1769 2522
2522 306
2522 1813
306 323
306 1146
323 1399
1399 2168
2168 2341
2168 1777
2341 1937
2341 1275
1937 2173
2173 1103
1103 2276
1103 2413
2276 1968
2276 1144
1968 1220
1220 176
1220 197
176 1307
176 855
1307 497
1307 649
497 2468
497 1854
2468 2418
2418 1811
2418 1838
1811 33
33 1847
1847 156
1847 2387
156 2346
156 1370
2346 1119
1119 561
561 2116
2116 2143
2143 1729
2143 1880
1729 1109
1729 780
1109 1303
1303 1178
1303 2021
1178 1728
1728 1342
1728 2039
1342 686
686 260
686 1288
260 476
476 905
476 868
905 2513
905 326
2513 861
861 2230
861 1730
2230 975
2230 1849
975 604
604 2010
604 748
2010 1894
1894 1912
1894 1281
1912 751
1912 483
751 1650
1650 1805
1650 2286
1805 230
230 301
301 293
293 1694
293 1377
1694 1623
1694 80
1623 777
777 55
777 2197
55 1458
1458 1332
1458 691
1332 1371
1332 2081
1371 805
805 955
805 1524
955 2188
2188 2308
2188 38
2308 1646
1646 417
1646 1783
417 2338
2338 1253
1253 1919
1919 1094
1094 1909
1094 146
1909 2355
2355 1798
1798 59
59 2251
2251 2402
2251 1048
2402 2444
2444 1011
2444 935
1011 115
115 1302
1302 372
372 660
660 405
405 991
991 1013
991 2367
1013 467
1013 2127
467 375
375 1595
1595 1569
1569 155
1569 269
155 2242
155 644
2242 402
2242 2148
402 1538
1538 125
1538 2316
125 356
125 2170
356 2165
356 610
2165 280
280 2224
2224 325
2224 17
325 1506
1506 1771
1506 962
1771 664
1771 300
664 2206
664 119
2206 2182
2182 1801
2182 517
1801 2187
1801 1355
2187 2277
2187 315
2277 915
2277 1827
915 2363
2363 2289
2363 236
2289 2479
2289 341
2479 1930
