29 520 50628
5 4
4 10
10 8
8 21
21 13
13 3
3 6
3 7
6 17
6 11
17 25
17 9
25 1
25 27
1 19
19 14
14 22
22 29
22 26
29 2
29 20
2 23
23 18
23 24
18 12
12 28
28 16
16 15
239 121
239 270
121 13
13 359
359 29
359 298
29 330
29 185
330 131
131 307
307 514
307 161
514 478
514 126
478 17
17 410
410 278
278 452
452 39
39 277
277 316
277 110
316 357
316 37
357 113
357 219
113 258
258 68
258 429
68 88
88 415
415 438
415 77
438 511
438 383
511 367
511 168
367 166
367 266
166 459
166 408
459 157
459 70
157 398
398 144
144 504
504 47
504 49
47 500
47 238
500 498
500 322
498 308
498 396
308 371
308 119
371 381
381 50
50 100
50 10
100 267
100 355
267 256
256 138
256 35
138 38
138 11
38 363
363 453
453 111
453 27
111 276
276 420
420 268
268 427
268 149
427 515
427 152
515 211
515 411
211 432
432 24
24 66
24 253
66 43
43 246
246 486
246 124
486 67
67 353
67 186
353 507
353 203
507 240
507 457
240 323
240 291
323 241
241 164
241 373
164 179
164 61
179 333
179 301
333 101
333 464
101 1
1 352
352 318
318 221
221 299
221 444
299 225
225 386
386 281
386 293
281 496
281 106
496 255
496 315
255 341
255 488
341 174
174 143
174 227
143 137
137 99
99 347
99 334
347 342
342 87
342 132
87 200
200 351
351 169
169 165
169 115
165 519
519 434
434 263
263 176
176 90
90 3
3 109
3 207
109 236
236 374
236 379
374 375
374 133
375 426
426 423
426 319
423 447
423 233
447 364
447 41
364 362
362 22
362 331
22 385
22 393
385 324
324 89
324 4
89 91
91 513
513 218
218 8
218 83
8 418
418 260
418 95
260 79
79 304
304 327
304 116
327 365
327 461
365 265
365 326
265 369
369 306
369 189
306 206
306 313
206 234
234 443
443 475
443 403
475 502
475 184
502 471
502 48
471 208
208 468
208 167
468 64
468 397
64 395
64 358
395 242
395 516
242 153
153 16
153 339
16 196
196 112
112 394
394 148
394 329
148 348
148 462
348 501
501 412
501 73
412 424
424 107
107 476
476 56
476 34
56 254
254 213
254 325
213 30
30 377
377 350
350 494
350 435
494 183
494 2
183 248
248 235
248 188
235 63
235 483
63 201
201 21
201 141
21 271
21 123
271 448
271 78
448 58
58 104
58 437
104 117
104 204
117 292
117 428
292 175
292 181
175 332
332 250
250 346
250 202
346 105
105 297
105 127
297 492
297 140
492 458
492 345
458 455
458 413
455 178
455 45
178 82
82 150
82 356
150 273
150 361
273 81
81 439
81 146
439 287
439 32
287 520
287 440
520 445
445 454
454 23
454 370
23 103
103 335
103 172
335 94
335 349
94 310
310 26
310 402
26 190
190 162
162 212
162 93
212 40
212 135
40 312
40 485
312 51
51 296
51 170
296 252
252 223
223 294
223 85
294 336
294 311
336 7
336 376
7 155
155 481
481 372
481 391
372 159
159 72
159 44
72 264
72 405
264 182
182 414
414 433
414 75
433 480
433 130
480 18
480 419
18 232
232 387
232 205
387 262
387 400
262 151
151 134
151 512
134 102
102 493
493 222
222 230
230 97
230 474
97 42
97 129
42 338
338 177
338 244
177 473
473 421
421 368
368 495
495 52
495 491
52 6
6 86
86 465
86 442
465 499
499 436
436 28
436 305
28 469
469 25
25 399
399 300
399 228
300 482
300 380
482 71
482 343
71 390
390 337
337 53
53 425
53 508
425 193
425 247
193 171
193 220
171 229
229 378
229 340
378 31
378 477
31 470
470 450
470 158
450 257
257 224
224 139
224 194
139 259
259 388
259 285
388 19
19 210
210 14
210 286
14 33
14 92
33 451
33 215
451 251
451 467
251 430
430 282
430 217
282 187
282 214
187 404
404 510
404 209
510 191
191 36
191 125
36 280
280 422
280 279
422 484
422 463
484 163
484 487
163 274
163 303
274 114
274 366
114 269
114 237
269 401
401 314
314 173
173 96
96 198
96 517
198 288
198 57
288 216
288 431
216 354
216 249
354 142
142 20
142 360
20 392
20 231
392 54
54 80
54 60
80 15
15 497
15 46
497 416
497 321
416 284
284 120
284 62
120 55
120 446
55 5
55 118
5 460
460 466
460 384
466 65
466 243
65 417
65 290
417 199
199 156
156 317
317 272
272 145
145 518
145 154
518 407
518 261
407 147
407 59
147 98
147 344
98 74
98 456
74 382
382 12
12 309
309 84
309 320
84 9
84 226
9 479
479 489
479 409
489 128
128 503
503 302
503 245
302 472
472 160
160 295
295 490
490 69
490 389
69 506
506 108
506 328
108 441
108 197
441 76
76 509
76 136
509 275
275 192
275 449
192 283
283 505
283 406
505 195
505 122
195 289
195 180
