16 2396 83052
5 4
5 15
4 16
4 9
16 12
16 6
12 3
12 10
3 14
3 7
14 1
1 8
1 13
8 2
2 11
1825 1211
1825 806
1211 339
339 1385
339 936
1385 617
617 2276
617 2304
2276 1739
1739 51
1739 1978
51 2026
51 815
2026 985
985 1026
985 2202
1026 2251
1026 96
2251 1637
1637 1313
1637 141
1313 1907
1907 2298
1907 2096
2298 708
708 1212
1212 1746
1746 1232
1746 1158
1232 981
1232 1067
981 313
981 308
313 1782
313 12
1782 513
1782 440
513 2060
513 608
2060 1675
1675 1071
1071 1496
1071 1833
1496 226
1496 198
226 2126
226 2136
2126 42
2126 86
42 971
42 331
971 2091
971 1175
2091 334
334 2144
334 734
2144 1114
2144 2315
1114 1508
1508 294
1508 1445
294 2355
2355 1370
1370 2168
1370 2131
2168 2184
2184 1046
2184 63
1046 1230
1046 207
1230 2154
1230 1256
2154 2073
2154 390
2073 1713
2073 685
1713 1021
1713 1766
1021 1996
1021 216
1996 1929
1996 2040
1929 1717
1929 975
1717 867
867 613
867 1111
613 2346
613 119
2346 508
508 1688
1688 1200
1200 2309
1200 1350
2309 1406
1406 817
817 1342
817 1768
1342 1130
1342 2347
1130 1549
1549 1689
1549 2250
1689 1076
1689 87
1076 159
1076 646
159 88
88 958
88 2230
958 653
958 2328
653 973
653 1321
973 886
886 1668
886 2206
1668 90
90 1386
1386 400
400 1145
1145 1690
1145 2326
1690 1517
1517 1209
1209 351
351 1397
1397 978
1397 1123
978 398
398 107
398 648
107 22
107 1293
22 521
22 49
521 859
521 916
859 1495
1495 741
1495 733
741 691
741 1534
691 1971
1971 832
832 2
832 756
2 1084
2 590
1084 2321
2321 851
851 2350
2350 21
2350 2379
21 2331
21 687
2331 658
658 847
847 1884
847 1226
1884 2193
2193 937
937 2183
937 1962
2183 186
2183 992
186 143
186 519
143 1648
143 869
1648 1943
1943 970
1943 1951
970 2076
2076 682
2076 878
682 1272
1272 1134
1134 1873
1134 1188
1873 1325
1325 2373
2373 82
82 1483
82 933
1483 248
1483 1587
248 1475
248 996
1475 2023
1475 683
2023 666
666 242
666 785
242 921
921 2310
921 1136
2310 1544
1544 1801
1544 238
1801 1838
1801 1974
1838 45
45 2270
2270 2146
2270 1465
2146 2135
2146 2278
2135 2177
2135 1311
2177 1428
1428 2210
1428 850
2210 587
2210 1436
587 2089
2089 2032
2089 47
2032 1262
1262 1824
1262 255
1824 1124
1824 1280
1124 1836
1124 2308
1836 38
1836 2372
38 1427
1427 889
1427 1934
889 1504
1504 1920
1504 1845
1920 1968
1920 1638
1968 1053
1053 1745
1053 2207
1745 1239
1239 2128
1239 1045
2128 223
2128 647
223 654
654 1347
1347 211
1347 46
211 860
211 1669
860 2190
860 2383
2190 275
275 1284
275 2227
1284 2120
1284 1603
2120 281
2120 777
281 1118
1118 1584
1584 945
1584 57
945 877
945 410
877 492
492 1707
492 1460
1707 2235
2235 1913
2235 1344
1913 843
1913 836
843 2000
843 1043
2000 1173
2000 1351
1173 53
53 1368
1368 1038
1038 258
1038 323
258 1261
1261 2226
2226 1419
2226 2061
1419 2296
2296 668
2296 407
668 606
668 2170
606 1828
606 218
1828 1985
1985 2274
1985 399
2274 2229
2229 2092
2229 498
2092 2327
2327 115
115 728
728 265
728 235
265 538
538 1376
1376 1324
1324 956
1324 2364
956 1602
956 737
1602 707
1602 101
707 1897
707 2249
1897 1229
1897 1622
1229 1196
1196 1813
1196 566
1813 1058
1813 1847
1058 955
955 1096
955 2034
1096 2016
2016 2228
2228 1650
1650 1598
1650 2185
1598 2134
1598 799
2134 1903
2134 1499
1903 1893
1893 18
1893 1036
18 1835
18 1660
1835 1390
1835 408
1390 581
1390 1900
581 1700
581 535
1700 1224
1700 472
1224 1217
1224 1476
1217 363
363 649
363 1047
649 1787
1787 651
651 482
651 183
482 1972
1972 723
1972 1877
723 1849
1849 1488
1488 15
1488 779
15 1851
1851 1391
1851 1988
1391 455
455 1657
1657 59
1657 41
59 1489
1489 229
229 368
368 1361
368 1820
1361 491
491 772
772 845
772 52
845 1135
1135 1684
1684 2268
2268 1535
1535 2013
1535 1411
2013 2255
2013 2130
2255 540
540 858
540 1420
858 861
861 2220
861 158
2220 1811
2220 256
1811 1113
1811 1117
1113 1653
1653 417
417 712
712 1119
1119 2313
2313 2394
2313 236
2394 1697
1697 512
1697 2366
512 1275
512 1077
1275 854
854 270
854 2123
270 2121
270 758
2121 446
446 2248
2248 230
230 1064
1064 1398
1064 14
1398 599
1398 2015
599 2381
599 1377
2381 264
2381 639
264 530
264 1269
530 1592
1592 717
717 800
800 569
569 1203
1203 137
137 1608
1608 1468
1468 1577
1577 1233
1233 1294
1294 690
1294 1341
690 352
690 1133
352 2068
352 1537
2068 1171
1171 2071
1171 1181
2071 291
291 695
695 2025
695 1605
2025 282
282 783
282 778
783 1437
1437 2116
2116 1822
2116 35
1822 1384
1384 1723
1384 856
1723 1042
1042 1492
1042 908
1492 1401
1401 1896
1896 361
1896 2291
361 125
361 1853
125 542
125 76
542 517
542 501
517 594
517 1966
594 1518
594 801
1518 1519
1519 1780
1780 20
1780 2260
20 2042
20 212
2042 2368
2368 2283
2283 1880
1880 1848
1848 1989
1989 1102
1989 127
1102 481
481 1318
481 615
1318 470
470 1225
1225 792
792 1179
792 1840
1179 995
1179 1485
995 1413
995 1218
1413 114
1413 1574
114 372
114 2396
372 510
372 1866
510 1400
510 1243
1400 2244
2244 1541
2244 489
1541 1524
1524 2369
1524 1973
2369 2194
2194 551
551 2323
2323 982
982 1208
1208 2351
1208 2218
2351 128
128 699
699 2385
2385 1969
2385 1044
1969 846
846 710
710 2378
710 447
2378 1767
2378 1930
1767 155
155 2019
155 1014
2019 1098
1098 1417
1098 1581
1417 1303
1417 1003
1303 1523
1523 775
775 890
890 2216
2216 1737
2216 2118
1737 2113
2113 1215
1215 2174
1215 1888
2174 874
874 1995
874 696
1995 1786
1786 1244
1786 689
1244 1023
1244 2205
1023 2285
2285 2209
2285 2125
2209 1729
2209 857
1729 711
1729 163
711 650
711 2145
650 1403
1403 1270
1270 312
1270 1017
312 173
173 2037
173 1956
2037 1715
1715 897
1715 676
897 1796
897 2208
1796 935
1796 923
935 1248
935 525
1248 1743
1743 987
1743 1505
987 1733
1733 706
1733 1754
706 1944
706 394
1944 505
505 1756
1756 1855
1756 1806
1855 784
1855 781
784 1279
784 1623
1279 379
1279 1843
379 1228
1228 520
520 500
500 2243
500 611
2243 1882
2243 1199
1882 605
605 2232
605 2066
2232 151
2232 428
151 1060
1060 2160
1060 600
2160 623
623 2256
623 767
2256 2314
2314 144
2314 1771
144 531
531 1578
1578 2033
1578 2077
2033 287
2033 1735
287 1564
1564 2393
1564 305
2393 1931
2393 842
1931 2354
2354 393
2354 983
393 192
393 924
192 485
192 2082
485 1554
485 254
1554 464
1554 645
464 700
700 279
700 1837
279 1794
1794 1128
1794 940
1128 75
75 752
75 1572
752 388
388 2211
388 1447
2211 316
2211 782
316 1315
316 1979
1315 629
1315 1646
629 1565
629 1187
1565 123
1565 1089
123 1809
1809 197
1809 949
197 478
478 31
31 1593
1593 1667
1667 1092
1667 1721
1092 1259
1259 336
1259 1886
336 303
303 325
325 1912
1912 929
929 1407
1407 1365
1365 1727
1727 632
1727 2024
632 342
632 350
342 2004
342 1917
2004 102
102 1816
1816 1658
1816 365
1658 2201
1658 2382
2201 1393
2201 1625
1393 1793
1793 810
810 1359
810 1538
1359 997
997 1177
997 1121
1177 593
593 1914
593 326
1914 773
1914 872
773 1569
773 1326
1569 2166
1569 1949
2166 1000
2166 1557
1000 1870
1870 812
1870 977
812 232
812 157
232 1636
232 1533
1636 1894
1894 1348
1348 2272
1348 380
2272 461
461 1760
461 1751
1760 677
677 959
677 2305
959 1193
1193 1631
1631 94
94 26
26 1864
26 1479
1864 2149
1864 1628
2149 2104
2149 332
2104 1453
2104 1993
1453 2282
1453 652
2282 234
234 1155
234 1362
1155 1714
1155 194
1714 942
942 174
174 893
893 1740
893 443
1740 963
1740 1566
963 2349
963 1817
2349 105
105 2342
105 179
2342 2241
2241 865
2241 2133
865 2176
2176 1892
1892 1776
1892 1940
1776 2097
1776 2353
2097 2078
2097 2365
2078 1923
2078 757
1923 1901
1923 2056
1901 349
349 2008
349 1066
2008 763
763 1101
1101 1630
1630 210
210 1795
210 2324
1795 2316
2316 121
121 1532
1532 1281
1281 2292
2292 126
2292 122
126 1823
1823 1933
1933 1890
1933 1454
1890 1611
1611 1300
1611 1309
1300 1443
1443 2390
1443 170
2390 1197
2390 495
1197 162
162 386
386 384
386 104
384 2165
384 714
2165 1967
2165 1286
1967 392
1967 1694
392 1112
1112 268
1112 1731
268 412
268 224
412 58
58 1382
58 33
1382 1876
1382 1433
1876 1094
1094 1696
1094 1356
1696 182
182 1075
182 2392
1075 403
1075 36
403 1471
403 2334
1471 1088
1088 1266
1088 543
1266 1461
1461 2017
2017 837
837 2363
837 761
2363 2005
2005 1371
1371 597
597 1216
597 511
1216 834
1216 642
834 879
879 1677
1677 1879
1879 1673
1879 1364
1673 965
1673 1389
965 667
667 272
272 1174
1174 1712
1174 1409
1712 1548
1712 895
1548 2337
1548 1680
2337 1317
2337 2112
1317 2237
1317 1429
2237 1844
1844 217
217 558
558 426
558 2011
426 603
603 2380
2380 366
366 2197
366 1805
2197 335
2197 2070
335 1839
335 602
1839 2336
2336 1108
2336 747
1108 1965
1965 1305
1305 1408
1408 1016
1016 557
1016 423
557 1195
1195 831
1195 1507
831 1830
1830 1881
1830 1718
1881 753
1881 1672
753 360
360 2261
2261 1984
2261 1399
1984 624
624 673
673 827
827 988
827 1204
988 2231
2231 1267
1267 421
421 318
421 3
318 1432
1432 2186
2186 454
454 1093
454 671
1093 1728
1728 68
68 1015
68 285
1015 1354
1015 751
1354 367
1354 841
367 966
367 2003
966 1337
1337 1095
1337 1863
1095 922
1095 237
922 567
567 2356
2356 672
672 1983
1983 1035
1983 1656
1035 1153
1035 2075
1153 1442
1153 488
1442 1059
1059 2199
1059 582
2199 1404
1404 750
750 2213
750 925
2213 1734
2213 619
1734 2192
2192 822
822 1192
1192 92
92 1331
92 703
1331 1664
1664 2224
1664 2200
2224 541
2224 2159
541 1170
541 533
1170 2361
1170 1770
2361 357
2361 1777
357 1613
1613 188
188 1919
1919 622
622 662
662 1013
1013 1695
1013 875
1695 1250
1695 681
1250 374
1250 1827
374 2062
2062 1692
2062 40
1692 670
1692 2010
670 962
962 2391
2391 486
486 1586
1586 1450
1450 1921
1450 1012
1921 760
1921 99
760 640
640 419
419 2311
2311 2157
2311 774
2157 1916
2157 1001
1916 2137
2137 463
2137 1292
463 1595
463 113
1595 328
328 1289
1289 55
55 532
55 1975
532 124
124 2001
2001 1477
1477 1080
1080 11
1080 1757
11 1176
1176 154
1176 1582
154 1682
154 998
1682 215
215 1290
215 2161
1290 129
1290 754
129 1706
1706 355
1706 1821
355 1062
1062 2258
1062 1852
2258 292
292 1501
292 776
1501 1719
1719 1925
1719 1268
1925 1156
1156 686
686 2163
2163 1545
2163 1031
1545 369
1545 1580
369 1832
1832 252
252 586
586 715
586 2175
715 67
67 1616
67 1163
1616 1651
1616 680
1651 1601
1651 1019
1601 1051
1051 979
1051 1236
979 1671
979 227
1671 459
459 1742
1742 404
1742 1169
404 228
404 241
228 808
228 1521
808 2195
808 1755
2195 2093
2195 2245
2093 2063
2093 954
2063 259
2063 1558
259 103
259 2164
103 896
103 1007
896 694
896 1167
694 1358
694 1285
1358 1249
1249 811
811 23
811 1265
23 2065
2065 2086
2065 276
2086 2345
2086 177
2345 2180
2345 222
2180 283
283 1097
1097 1037
1097 1074
1037 1206
1037 433
1206 1480
1480 1049
1480 536
1049 612
612 61
61 2387
61 260
2387 1953
1953 2277
1953 1346
2277 589
2277 1936
589 1302
589 913
1302 1514
1514 2079
2079 1323
2079 554
1323 820
1323 1065
820 2046
820 564
2046 219
2046 1369
219 477
477 527
527 795
527 1020
795 724
724 870
724 1939
870 788
870 1183
788 1312
788 1455
1312 1295
1312 1588
1295 7
1295 892
7 457
7 770
457 1869
457 2178
1869 1005
1005 1307
1307 1861
1861 1626
1861 1055
1626 1178
1626 780
1178 1027
1027 907
1027 106
907 145
907 2115
145 2362
145 722
2362 17
2362 930
17 2038
2038 1338
2038 2028
1338 1749
1338 466
1749 1659
1659 1441
1659 1078
1441 297
297 709
709 2312
2312 1600
1600 2376
2376 986
986 1405
986 823
1405 951
951 2142
951 1576
2142 944
2142 1654
944 1775
944 290
1775 1439
1439 6
1439 883
6 1164
1164 2106
1164 2153
2106 37
2106 1850
37 628
628 601
628 1678
601 2124
2124 1446
1446 1487
1487 1610
1487 213
1610 1214
1214 755
1214 1482
755 239
239 565
239 2333
565 149
565 1561
149 522
149 1530
522 1765
522 1139
1765 503
1765 2156
503 1550
1550 80
80 1831
80 2280
1831 4
1831 1769
4 1462
4 2299
1462 1952
1952 749
1952 972
749 718
749 1681
718 434
718 1154
434 1732
434 1328
1732 1125
1125 2051
1125 604
2051 1235
1235 2318
2318 993
2318 968
993 1679
1679 395
1679 1865
395 2048
2048 166
2048 1722
166 2302
2302 1090
1090 807
1090 2014
807 919
919 2234
919 1510
2234 1961
2234 863
1961 233
233 881
881 172
172 1516
172 449
1516 436
1516 618
436 943
436 452
943 912
912 2039
912 844
2039 396
2039 356
396 1986
396 1804
1986 2173
2173 928
928 866
866 269
269 1486
1486 2058
1486 108
2058 1752
1752 1710
1710 732
732 1590
732 1467
1590 1
1 1422
1422 697
1422 50
697 70
70 2263
70 790
2263 345
345 1874
1874 465
465 1898
1898 1798
1798 898
1798 661
898 178
178 669
669 299
669 1316
299 2127
2127 560
2127 1339
560 2088
560 1068
2088 1748
2088 1753
1748 1253
1748 401
1253 1902
1253 358
1902 329
1902 1642
329 1686
329 665
1686 1624
1624 568
1624 91
568 203
203 1319
203 1772
1319 44
1319 2332
44 794
794 190
190 25
25 528
25 643
528 277
528 85
277 1105
1105 161
1105 1287
161 1509
161 499
1509 1704
1509 1891
1704 2322
2322 1379
2322 116
1379 2367
1379 1947
2367 168
2367 286
168 324
168 548
324 1172
1172 1332
1332 2307
1332 2279
2307 320
320 1484
320 1551
1484 1800
1800 136
136 382
382 1260
382 1424
1260 1052
1260 1860
1052 134
134 764
134 1011
764 2117
764 899
2117 2188
2117 28
2188 791
2188 2300
791 635
791 1459
635 2262
2262 453
2262 991
453 657
657 1306
1306 1547
1306 1329
1547 2212
2212 1463
2212 429
1463 731
731 2395
2395 1726
2395 29
1726 713
713 364
364 98
98 2167
2167 2155
2155 2044
2155 1703
2044 1599
2044 473
1599 187
187 1380
187 460
1380 2021
1380 2009
2021 1857
2021 1567
1857 427
1857 1527
427 1322
1322 1141
1141 626
1141 2179
626 376
376 1240
376 1520
1240 1029
1029 2111
1029 1512
2111 340
340 1889
1889 206
1889 2287
206 989
206 572
989 534
989 2301
534 1107
534 1868
1107 2074
1107 576
2074 740
740 746
740 2140
746 2253
746 1612
2253 261
2253 1878
261 1458
1458 2103
1458 984
2103 829
2103 2295
829 910
829 2275
910 1803
910 1241
1803 1960
1960 1773
1773 1741
1773 1562
1741 1180
1741 2340
1180 2151
2151 862
862 796
862 148
796 903
796 1255
903 735
735 1412
735 1955
1412 83
1412 1992
83 280
83 1818
280 1691
1691 636
636 616
616 2094
2094 1388
1388 1238
1238 263
263 2225
2225 56
56 797
797 1276
797 1513
1276 1814
1814 884
1814 371
884 195
884 1904
195 1991
195 439
1991 833
833 882
882 1915
1915 1559
1559 156
1559 1573
156 1958
156 769
1958 1918
1958 1242
1918 1151
1918 1033
1151 2020
1151 1448
2020 167
2020 131
167 333
167 2055
333 62
62 225
62 571
225 1990
1990 1685
1685 432
432 189
189 529
529 2386
2386 1553
1553 1434
1553 1277
1434 138
138 931
138 496
931 1730
1730 729
729 736
729 2384
736 771
771 153
771 196
153 2139
2139 84
2139 2129
84 1762
84 948
1762 2098
1762 48
2098 1663
1663 1789
1789 13
13 306
306 2360
306 1264
2360 1336
2360 1662
1336 2080
2080 246
246 1345
246 1999
1345 1201
1201 5
5 2238
2238 1687
1687 765
765 1546
1546 2271
1546 24
2271 1761
2271 2152
1761 1387
1387 1165
1165 902
1165 483
902 1552
1552 1970
1552 377
1970 1491
1491 1568
1568 89
1568 1617
89 1781
89 97
1781 1474
1474 1050
1050 1104
1050 442
1104 1349
1349 1103
1103 1251
1251 2043
1251 679
2043 621
2043 2090
621 900
900 762
762 1009
1009 2122
1009 315
2122 27
27 2101
2101 824
824 1392
824 39
1392 476
476 171
476 759
171 514
171 2204
514 1144
1144 1061
1144 411
1061 425
1061 2022
425 1846
425 1122
1846 1258
1258 43
1258 939
43 1633
1633 633
633 467
467 444
444 727
727 1457
1457 484
484 1883
484 1157
1883 1030
1883 2035
1030 164
164 202
164 418
202 2045
2045 1607
2045 1539
1607 1575
1575 1871
1871 802
1871 1297
802 1082
802 946
1082 1470
1082 969
1470 2389
1470 2335
2389 310
2389 950
310 1872
310 1473
1872 201
1872 1106
201 684
684 110
110 2289
2289 343
343 1948
343 934
1948 1957
1957 675
675 1299
675 2269
1299 2012
2012 1394
1394 1185
1185 456
1185 887
456 1716
1716 2084
2084 1056
1056 1159
1159 585
585 240
240 1926
240 2264
1926 391
1926 1536
391 1556
1556 319
1556 1418
319 1815
319 664
1815 909
909 2018
909 701
2018 579
2018 250
579 849
849 1609
849 2047
1609 1859
1859 1764
1764 1333
1764 1724
1333 2247
2247 1002
2247 911
1002 30
1002 607
30 1231
1231 1116
1116 65
65 185
185 1373
185 1263
1373 2036
1373 1950
2036 1444
1444 509
1444 1560
509 1440
509 1246
1440 1829
1440 1219
1829 1416
1829 317
1416 873
1416 288
873 253
873 458
253 839
253 1085
839 999
999 2259
2259 1381
2259 2374
1381 960
960 431
960 1109
431 1699
431 406
1699 1335
1699 627
1335 1273
1273 894
894 298
298 1635
1635 2306
1635 1976
2306 1383
1383 1283
1283 2236
1283 798
2236 915
915 1472
1472 1649
1649 630
630 1166
1166 1086
1086 1711
1086 109
1711 2219
1711 348
2219 1402
1402 1594
1402 1899
1594 193
193 578
193 1073
578 262
578 1022
262 266
262 1087
266 549
266 247
549 1423
549 79
1423 1615
1423 1466
1615 1525
1525 545
1525 430
545 1506
1506 2147
2147 1186
1186 409
1186 1083
409 402
402 1227
402 814
1227 609
1227 1942
609 2158
2158 1334
2158 209
1334 1614
1334 2059
1614 1604
1604 1583
1604 2099
1583 2041
2041 205
2041 415
205 631
631 2215
2215 655
2215 1807
655 271
655 1271
271 941
271 152
941 1670
941 1885
1670 2320
2320 1674
2320 359
1674 221
1674 311
221 1234
1234 825
825 574
825 2087
574 705
705 719
719 2343
2343 1788
2343 175
1788 906
906 2171
906 1421
2171 552
2171 830
552 2246
2246 451
2246 1452
451 1640
451 1161
1640 1905
1905 1500
1905 2344
1500 1643
1500 570
1643 160
160 725
160 480
725 150
150 1606
150 1932
1606 523
1606 720
523 1841
523 2029
1841 1099
1841 1908
1099 1115
1099 2150
1115 16
1115 1963
16 302
16 1366
302 1140
1140 918
1140 2148
918 663
663 2141
2141 1205
2141 2223
1205 1343
1205 1210
1343 1647
1343 347
1647 1639
1647 1160
1639 876
1639 573
876 169
169 309
169 1464
309 547
309 821
547 1435
547 990
1435 416
1435 184
416 373
373 1596
1596 1856
1856 1162
1856 1451
1162 1784
1784 424
424 592
424 793
592 1456
592 1041
1456 1702
1456 994
1702 660
660 721
660 1579
721 905
721 1353
905 1367
1367 2377
2377 1909
2377 9
1909 249
1909 1652
249 1542
1542 132
1542 273
132 2143
2143 562
2143 2053
562 595
595 2052
595 2303
2052 1430
2052 1790
1430 1941
1941 656
656 2294
656 1570
2294 961
2294 1221
961 1799
1799 1634
1799 766
1634 1924
1634 370
1924 208
208 1708
208 378
1708 1854
1708 1641
1854 438
1854 614
438 2357
438 77
2357 1792
2357 2030
1792 1438
1792 387
1438 1997
1997 1994
1994 1928
1994 95
1928 10
1928 1666
10 947
10 64
947 2281
947 730
2281 468
468 805
468 1008
805 1410
1410 556
1410 1980
556 678
678 422
678 494
422 1194
1194 1198
1198 2095
1198 445
2095 526
2095 2371
526 1862
1862 659
1862 885
659 1375
1375 1340
1375 704
1340 1469
1469 1070
1070 1237
1237 1808
1237 72
1808 2266
1808 1152
2266 130
2266 1018
130 1725
1725 927
1725 1826
927 176
176 2257
176 1629
2257 1120
1120 1129
1129 1372
1129 625
1372 139
1372 462
139 244
139 1148
244 575
575 1168
1168 693
1168 1352
693 2108
2108 1069
1069 435
1069 1998
435 1207
435 1571
1207 1927
1927 853
853 674
674 2132
674 1515
2132 293
293 2221
2221 976
2221 1503
976 1150
976 1627
1150 2252
1150 330
2252 307
2252 864
307 938
307 296
938 257
938 2105
257 1378
1378 267
1378 1189
267 1182
1182 1887
1887 341
341 644
341 563
644 819
644 504
819 744
744 901
744 2196
901 2189
901 2338
2189 1363
1363 2325
2325 437
437 1922
1922 2119
1922 1202
2119 1490
2119 448
1490 634
1490 191
634 1701
634 243
1701 1327
1701 180
1327 289
289 738
289 1247
738 1245
1245 926
1245 354
926 2265
2265 2329
2329 2297
2297 1783
1783 1493
1783 871
1493 2100
1493 1278
2100 1091
1091 2370
1091 546
2370 231
231 497
497 60
60 1644
60 450
1644 1938
1644 1543
1938 957
1938 1540
957 1531
957 786
1531 742
742 809
809 813
813 1330
813 561
1330 2107
1330 2081
2107 2239
2107 1645
2239 2203
2203 2240
2240 2187
2240 1502
2187 1911
1911 1867
1867 932
932 441
441 2330
441 974
2330 789
2330 1288
789 1665
1665 389
389 112
389 1415
112 1906
112 840
1906 475
475 2288
2288 768
2288 1137
768 1081
768 1100
1081 743
743 93
93 1511
93 688
1511 1774
1511 420
1774 1126
1126 1127
1127 1720
1720 1414
1414 414
414 1481
414 2102
1481 2214
2214 200
200 2217
200 2348
2217 135
135 1149
135 2273
1149 1759
1759 2359
1759 1981
2359 502
2359 301
502 2064
2064 1555
2064 493
1555 214
214 2233
2233 1791
2233 295
1791 1191
1791 71
1191 100
100 1738
100 1964
1738 637
1738 2242
637 2072
2072 1374
1374 1522
1522 1110
1522 1945
1110 1758
1110 544
1758 344
1758 1709
344 69
69 32
69 641
32 471
471 620
471 598
620 818
818 2375
2375 1222
1222 1355
1355 34
34 165
34 1395
165 2050
2050 1310
2050 413
1310 1048
1310 518
1048 1494
1048 1778
1494 1736
1494 1396
1736 1618
1736 487
1618 278
1618 1142
278 1079
278 1802
1079 852
852 1314
852 147
1314 1032
1314 596
1032 1004
1004 375
375 914
375 1620
914 803
803 1431
1431 702
702 553
702 539
553 66
553 2319
66 1982
1982 2054
1982 1591
2054 980
2054 1858
980 2290
980 133
2290 588
588 1291
588 638
1291 1842
1291 2317
1842 146
1842 314
146 2169
2169 1977
2169 1676
1977 1478
1478 1254
1478 584
1254 692
1254 1257
692 1039
692 1063
1039 274
1039 118
274 199
274 1131
199 338
199 1426
338 550
550 952
952 726
952 1146
726 2352
2352 1357
2352 1138
1357 1819
1819 74
1819 1683
74 1946
74 880
1946 2198
1946 507
2198 1028
1028 1747
1747 1750
1747 917
1750 1274
1750 1655
1274 537
1274 838
537 2114
2114 1987
2114 1698
1987 2049
2049 54
2049 1585
54 787
54 1220
787 964
964 8
8 826
826 2031
2031 1057
1057 524
524 1954
524 1308
1954 1935
1935 2267
1935 1223
2267 2083
2083 1282
1282 304
1282 1072
304 2388
2388 1834
1834 1597
1834 745
1597 1304
1597 2286
1304 1526
1304 251
1526 397
397 1301
397 1320
1301 868
1301 1895
868 322
322 2109
322 1705
2109 346
346 591
591 516
516 1959
1959 1797
1797 381
1797 73
381 2172
2172 1449
1449 81
81 920
81 1425
920 1763
920 362
1763 506
506 1812
506 1498
1812 848
848 904
848 515
904 490
904 1143
490 1252
490 2284
1252 245
1252 1910
245 1529
245 1875
1529 577
1529 1296
577 2085
577 1779
2085 300
2085 2358
300 1025
300 1621
1025 1147
1025 1132
1147 1184
1184 1744
1744 1810
1810 2293
2293 2002
2002 1040
2002 337
1040 383
1040 828
383 1360
1360 385
1360 469
385 1298
1298 748
748 284
748 698
284 474
474 559
474 967
559 2339
2339 2222
2222 1589
1589 2007
2007 111
2007 1528
111 816
816 2138
2138 610
2138 1785
610 1034
1034 2057
2057 78
78 120
78 1661
120 1024
120 2341
1024 888
1024 1213
888 1563
1563 2182
1563 181
2182 1010
1010 1190
1010 2110
1190 327
327 2181
327 1006
2181 142
142 1937
142 583
1937 1497
1497 1619
1497 220
1619 891
1619 405
891 580
580 140
580 2067
140 804
140 555
804 953
953 479
479 2191
479 353
2191 2027
2191 739
2027 835
2027 321
835 1054
835 2069
1054 716
1054 19
716 1693
1693 2162
2162 855
855 2006
2006 204
2006 1632
204 2254
204 117
