1 685 1
478 10
478 359
10 230
10 458
230 397
397 475
397 125
475 528
475 515
528 406
406 222
406 225
222 15
15 456
456 135
456 496
135 122
135 245
122 472
472 144
472 207
144 107
144 153
107 450
107 296
450 648
648 187
187 512
187 367
512 80
80 264
80 140
264 203
264 205
203 607
203 499
607 1
607 452
1 209
209 98
98 590
590 593
590 634
593 242
593 368
242 477
242 146
477 551
551 324
551 619
324 56
324 231
56 655
56 464
655 113
113 538
538 132
132 202
202 438
438 421
421 391
421 586
391 329
391 136
329 198
329 190
198 591
591 481
481 585
585 364
364 8
8 379
379 351
351 312
312 78
78 385
385 393
385 482
393 566
566 44
44 487
487 614
487 283
614 575
575 19
19 495
495 493
495 16
493 404
493 21
404 69
69 321
69 680
321 380
321 447
380 68
68 520
68 223
520 181
520 109
181 217
217 64
64 196
64 42
196 294
196 75
294 394
294 57
394 232
232 573
232 595
573 269
573 148
269 188
269 635
188 646
646 465
465 234
465 221
234 83
234 375
83 274
274 640
274 657
640 253
253 492
492 168
492 463
168 163
168 577
163 453
453 156
453 372
156 251
156 105
251 396
396 219
396 606
219 304
219 469
304 215
215 305
215 236
305 616
305 155
616 681
681 366
366 90
366 95
90 685
685 143
685 63
143 5
5 23
5 667
23 248
23 193
248 645
248 61
645 361
361 505
361 553
505 383
505 85
383 531
383 29
531 661
531 161
661 546
661 513
546 605
605 470
605 417
470 557
470 584
557 285
285 169
169 574
169 254
574 60
574 461
60 420
60 289
420 639
420 562
639 241
241 91
241 555
91 638
91 325
638 308
308 624
624 233
624 565
233 497
497 659
497 656
659 370
370 130
130 610
610 587
587 602
587 52
602 519
602 102
519 59
59 275
59 345
275 525
525 668
668 474
668 613
474 117
474 649
117 330
117 460
330 617
330 572
617 192
617 293
192 567
192 596
567 623
567 476
623 381
623 22
381 409
381 180
409 86
86 539
539 612
612 126
126 134
126 184
134 540
540 615
615 2
615 625
2 131
131 303
131 331
303 12
303 166
12 297
297 485
297 558
485 94
94 332
94 141
332 543
543 442
442 431
442 426
431 72
431 654
72 333
72 399
333 630
630 110
630 676
110 7
7 54
54 112
54 433
112 282
112 414
282 526
526 653
526 435
653 100
653 26
100 76
76 500
76 466
500 118
118 457
457 609
609 313
609 597
313 38
38 582
582 239
239 328
239 344
328 588
588 179
179 152
179 65
152 158
152 349
158 302
302 343
343 486
343 564
486 252
486 123
252 82
252 568
82 20
82 334
20 261
261 33
261 523
33 436
33 547
436 389
389 92
389 124
92 662
662 237
237 561
561 621
561 445
621 429
429 74
429 291
74 548
548 30
30 600
30 298
600 32
32 533
533 311
311 517
517 277
517 559
277 58
277 398
58 6
58 418
6 514
514 479
514 119
479 79
79 408
408 427
408 299
427 378
378 9
9 174
9 410
174 441
174 490
441 560
560 84
84 295
295 43
295 550
43 247
43 578
247 101
101 537
537 455
455 641
641 129
641 416
129 652
652 462
652 286
462 454
454 390
454 220
390 306
390 498
306 301
306 287
301 599
599 218
218 115
115 3
3 428
3 276
428 643
643 273
643 28
273 175
175 664
664 194
664 628
194 622
622 249
249 147
249 71
147 229
147 41
229 594
229 571
594 36
594 50
36 439
439 17
17 150
17 40
150 544
544 518
544 444
518 270
518 508
270 121
121 468
121 259
468 580
468 358
580 151
151 569
569 268
268 371
268 511
371 165
165 631
165 350
631 127
631 337
127 186
127 658
186 395
395 199
199 315
199 669
315 415
415 636
636 51
51 542
542 120
542 633
120 419
419 382
419 620
382 504
504 491
491 246
491 326
246 13
246 386
13 214
13 348
214 611
214 290
611 471
611 31
471 536
471 338
536 73
536 335
73 139
73 210
139 672
139 272
672 530
672 228
530 316
316 592
592 262
262 446
446 673
446 608
673 55
55 489
55 37
489 197
197 211
211 356
356 39
39 257
39 627
257 402
257 157
402 339
339 267
339 159
267 195
195 362
362 583
362 154
583 108
108 142
142 432
432 598
432 224
598 160
160 459
459 14
459 66
14 629
629 437
629 684
437 317
437 288
317 255
317 256
255 529
529 644
529 149
644 243
644 322
243 323
323 434
434 235
235 227
235 516
227 483
483 281
483 360
281 27
27 534
534 601
601 171
601 384
171 111
111 62
111 377
62 423
423 424
424 45
45 25
45 422
25 480
25 284
480 411
411 106
411 319
106 448
448 34
448 666
34 352
34 576
352 357
352 552
357 213
357 521
213 77
77 347
347 365
365 341
365 176
341 663
663 488
488 473
488 651
473 374
473 346
374 392
374 4
392 318
318 138
318 310
138 178
178 212
212 403
212 87
403 238
403 405
238 554
238 665
554 81
554 541
81 336
336 206
336 563
206 509
206 314
509 271
509 376
271 589
589 502
589 278
502 133
502 114
133 67
67 637
67 191
637 167
167 581
581 545
545 467
545 524
467 603
603 260
603 226
260 258
258 353
258 527
353 674
353 510
674 340
340 387
340 103
387 307
387 400
307 177
177 162
177 182
162 556
162 201
556 494
494 11
11 279
279 263
263 327
327 183
327 355
183 137
137 35
137 240
35 440
35 97
440 683
440 46
683 292
292 660
292 671
660 89
660 413
89 47
47 93
47 18
93 373
373 579
579 501
579 678
501 173
173 363
173 266
363 189
363 250
189 265
189 549
265 682
265 244
682 96
96 200
96 412
200 632
200 522
632 104
632 626
104 642
104 484
642 506
506 407
407 532
407 170
532 650
532 185
650 430
650 535
430 604
430 145
604 401
401 670
670 320
320 204
320 342
204 503
204 449
503 309
309 24
309 443
24 451
24 647
451 48
451 116
48 49
48 369
49 70
49 172
70 216
216 53
53 425
53 388
425 99
425 679
99 128
128 675
128 570
675 507
507 354
354 164
164 88
88 677
677 280
280 300
300 618
300 208
