1 698 44642
149 439
149 501
439 53
53 341
341 167
341 153
167 461
461 696
461 685
696 232
232 609
232 577
609 366
609 643
366 573
573 331
573 678
331 11
331 634
11 199
11 205
199 567
199 206
567 101
567 423
101 576
576 565
576 217
565 221
565 22
221 324
221 475
324 290
324 347
290 698
290 321
698 190
698 98
190 165
190 608
165 172
165 552
172 654
654 574
574 651
574 647
651 449
651 650
449 320
320 281
281 637
637 652
637 35
652 539
539 118
118 524
118 451
524 259
524 445
259 13
13 624
13 184
624 99
624 409
99 235
99 537
235 440
440 130
440 435
130 477
130 182
477 387
387 669
669 454
454 500
454 334
500 403
403 143
143 327
327 613
327 351
613 307
307 218
218 543
543 186
186 309
309 589
589 280
280 359
280 150
359 603
359 308
603 175
175 350
175 77
350 468
468 512
468 418
512 87
512 532
87 173
87 338
173 124
173 558
124 521
521 318
521 285
318 229
229 540
229 274
540 314
314 73
73 383
383 197
197 349
349 443
349 599
443 23
23 623
23 687
623 413
623 126
413 7
7 287
287 68
68 151
68 5
151 516
516 411
411 145
411 481
145 450
450 127
127 649
649 507
649 75
507 174
174 14
174 498
14 509
14 264
509 598
509 60
598 112
112 234
234 346
346 544
346 37
544 590
590 155
155 180
155 36
180 21
21 502
21 638
502 448
448 381
381 8
381 636
8 56
56 471
471 115
115 163
115 114
163 306
306 191
306 298
191 91
191 668
91 47
47 397
397 496
496 63
496 612
63 65
63 466
65 586
586 286
286 189
189 506
189 171
506 142
142 646
142 299
646 401
646 671
401 679
401 394
679 492
679 3
492 240
492 326
240 54
54 667
667 129
129 41
41 100
100 125
125 265
125 479
265 629
629 284
629 277
284 225
284 268
225 44
225 136
44 644
44 161
644 138
138 170
170 122
170 660
122 104
104 402
104 578
402 187
187 66
187 106
66 260
260 50
260 183
50 178
50 430
178 26
26 689
26 523
689 446
446 32
32 422
422 371
422 670
371 302
302 692
302 541
692 81
81 328
81 95
328 472
472 442
442 111
111 659
659 49
49 323
323 148
323 39
148 437
148 631
437 335
335 693
693 656
656 354
354 588
588 198
588 487
198 211
198 393
211 313
211 433
313 591
591 504
504 279
279 42
279 261
42 395
42 584
395 663
663 223
223 97
97 9
97 132
9 158
158 628
158 250
628 560
628 25
560 416
560 611
416 572
416 405
572 275
572 166
275 300
300 408
408 661
661 340
340 410
340 363
410 604
410 379
604 432
604 457
432 203
432 398
203 406
203 58
406 388
406 295
388 484
484 587
587 674
587 639
674 491
674 400
491 293
491 456
293 69
293 192
69 168
168 263
263 616
616 315
616 436
315 88
88 336
336 420
420 345
345 404
404 602
602 210
602 566
210 389
389 219
219 272
219 527
272 271
271 641
271 45
641 292
292 571
292 458
571 70
70 593
593 478
478 569
478 459
569 597
597 415
415 249
249 133
133 431
133 16
431 236
431 617
236 536
236 419
536 424
424 241
424 291
241 561
241 694
561 270
561 62
270 610
270 76
610 195
610 188
195 412
195 664
412 181
412 511
181 224
224 202
224 179
202 29
202 672
29 364
364 230
230 147
147 135
147 245
135 269
269 683
269 596
683 256
256 545
545 141
545 600
141 273
273 473
273 96
473 28
28 510
510 697
697 169
169 355
355 61
61 238
61 94
238 253
253 488
253 140
488 78
78 144
144 201
144 242
201 319
201 554
319 162
162 333
333 51
51 305
305 684
684 213
213 493
493 159
493 653
159 655
159 557
655 485
655 369
485 128
128 555
555 121
555 105
121 370
370 79
370 580
79 357
79 123
357 426
426 575
426 632
575 564
575 80
564 542
542 392
542 89
392 467
392 495
467 107
107 529
529 427
427 84
84 18
84 361
18 526
526 282
282 645
282 429
645 686
686 538
686 382
538 648
648 520
520 676
676 581
581 489
581 146
489 71
489 209
71 508
71 665
508 626
626 193
193 385
193 113
385 605
385 614
605 304
605 633
304 237
237 322
237 276
322 375
375 362
375 226
362 680
680 677
680 568
677 296
677 43
296 474
296 514
474 72
72 505
72 339
505 548
548 288
548 463
288 535
288 582
535 365
365 551
551 390
390 621
621 563
621 681
563 74
563 317
74 152
152 531
152 499
531 441
441 627
441 20
627 303
627 682
303 117
303 553
117 601
117 615
601 102
102 139
102 360
139 534
139 585
534 380
380 528
528 330
330 137
137 522
522 67
522 134
67 257
257 246
257 233
246 688
688 391
688 301
391 358
391 214
358 399
399 482
399 480
482 283
482 378
283 662
283 228
662 513
513 494
513 525
494 185
185 384
384 15
384 619
15 497
497 31
497 453
31 530
31 517
530 658
530 690
658 444
658 332
444 207
444 160
207 559
207 17
559 476
559 247
476 157
476 519
157 220
220 695
695 196
695 455
196 64
64 266
266 594
266 82
594 570
594 120
570 367
367 12
12 4
4 503
4 447
503 252
503 48
252 337
252 294
337 438
438 34
34 622
622 374
374 417
417 329
417 342
329 343
329 640
343 262
262 154
262 396
154 208
208 57
57 556
57 356
556 116
556 244
116 377
377 592
592 38
592 691
38 546
38 204
546 490
490 414
490 243
414 352
414 421
352 657
352 625
657 231
231 216
231 19
216 55
216 212
55 108
55 620
108 316
316 311
316 93
311 59
311 425
59 10
10 549
549 464
464 635
464 470
635 344
635 255
344 547
547 83
547 579
83 376
83 278
376 258
258 90
90 465
90 6
465 177
177 372
177 515
372 373
372 666
373 215
215 222
215 434
222 227
227 254
254 267
254 109
267 310
310 164
164 325
325 595
595 194
194 407
407 131
131 30
131 518
30 110
30 452
110 24
110 119
24 289
24 428
289 550
289 1
550 562
562 176
176 312
176 618
312 533
533 251
251 460
251 85
460 469
460 2
469 606
469 630
606 200
200 486
486 368
368 353
353 86
86 33
33 46
46 248
248 483
248 297
483 40
40 103
103 156
156 675
675 607
607 462
462 673
462 642
673 348
673 583
348 92
348 386
92 239
92 27
239 52
