1 1992 1
795 1545
1545 782
782 1753
782 1812
1753 849
849 1790
1790 828
1790 1800
828 405
828 1739
405 1683
1683 140
1683 1515
140 229
140 1908
229 418
229 1902
418 1257
1257 1692
1692 9
1692 648
9 1821
1821 183
1821 23
183 1668
183 1216
1668 1136
1136 1446
1446 1138
1138 944
1138 1293
944 1752
944 1042
1752 297
297 1325
297 433
1325 336
1325 688
336 1244
336 1620
1244 1903
1903 977
1903 1629
977 201
201 399
399 1111
1111 1113
1113 1474
1474 802
1474 602
802 1854
1854 1331
1854 199
1331 364
1331 1221
364 1259
364 870
1259 1852
1259 678
1852 1483
1852 1888
1483 1603
1603 16
1603 978
16 341
341 1662
341 621
1662 216
216 1736
216 775
1736 871
1736 39
871 1351
1351 453
453 1450
453 1712
1450 116
116 531
116 207
531 266
531 1224
266 887
266 471
887 282
282 594
594 1806
594 294
1806 248
1806 1577
248 18
248 1223
18 14
14 507
507 1433
507 1954
1433 737
1433 424
737 164
164 1616
1616 1051
1051 1733
1733 1502
1502 1317
1317 1153
1153 257
257 817
257 463
817 35
817 843
35 652
35 1285
652 395
652 664
395 312
395 1229
312 599
312 829
599 808
599 499
808 1045
808 220
1045 1390
1045 1594
1390 293
293 861
293 1740
861 1747
1747 1805
1747 53
1805 1756
1756 1161
1161 1695
1695 1894
1894 1748
1748 208
208 960
960 1964
960 254
1964 1281
1964 845
1281 458
1281 647
458 895
895 1831
1831 1769
1769 1197
1769 1925
1197 122
122 1245
1245 1529
1245 1787
1529 558
1529 999
558 1214
558 679
1214 876
876 1366
876 1579
1366 698
698 347
347 81
81 587
81 440
587 1650
1650 219
1650 658
219 1145
219 109
1145 986
1145 1305
986 630
986 1493
630 1011
630 1255
1011 89
1011 189
89 611
89 271
611 413
413 899
413 624
899 1194
899 994
1194 1172
1172 1203
1172 1687
1203 47
47 331
331 612
612 1521
1521 1277
1521 1922
1277 758
1277 1834
758 1848
1848 1300
1300 1927
1927 983
1927 1006
983 1943
1943 194
1943 780
194 1386
1386 638
638 1917
1917 1937
1917 474
1937 1073
1937 1868
1073 1563
1563 1043
1563 991
1043 538
538 1659
538 411
1659 1810
1810 897
1810 852
897 1165
897 519
1165 153
153 1368
1368 138
138 1916
1916 1388
1916 1356
1388 1746
1388 1618
1746 1130
1746 408
1130 535
1130 806
535 1742
1742 1941
1941 735
735 414
735 165
414 1749
1749 398
398 437
398 1847
437 150
437 1782
150 1186
1186 1260
1260 767
1260 738
767 1866
767 764
1866 1091
1091 1735
1091 1587
1735 723
1735 1462
723 943
943 436
943 33
436 450
436 1381
450 480
480 10
10 912
912 1754
1754 1615
1615 772
772 1417
1417 174
1417 239
174 613
174 533
613 264
613 601
264 1135
264 673
1135 1154
1154 1027
1027 1206
1206 1524
1206 1156
1524 1413
1413 650
650 139
139 1910
139 714
1910 734
734 1823
1823 1704
1704 1064
1704 1273
1064 814
814 1741
1741 753
753 1445
753 1243
1445 534
534 1114
1114 835
835 924
924 379
379 864
379 956
864 1626
1626 1557
1557 1265
1265 1340
1340 549
1340 1218
549 1242
1242 945
1242 258
945 1855
1855 1512
1512 1537
1537 958
958 1108
958 263
1108 1797
1108 211
1797 1781
1781 51
51 975
51 939
975 682
975 742
682 1870
1870 1083
1083 628
628 1566
628 105
1566 1117
1566 550
1117 1850
1117 1590
1850 43
43 1684
43 1005
1684 1370
1370 532
1370 1321
532 1691
532 1464
1691 502
502 1024
1024 1400
1400 1674
1674 1099
1674 1969
1099 1190
1190 716
1190 1279
716 670
716 402
670 1589
670 751
1589 894
1589 803
894 71
894 1363
71 1830
71 1619
1830 1842
1842 645
1842 479
645 1249
645 1682
1249 1069
1249 623
1069 834
834 272
834 1849
272 1226
1226 231
1226 1596
231 1000
1000 744
744 1875
1875 574
574 195
574 881
195 1119
1119 1944
1119 1080
1944 472
1944 813
472 1322
1322 1489
1322 530
1489 90
90 566
90 1960
566 1401
1401 111
111 749
749 778
778 113
778 1288
113 1392
1392 1955
1392 1551
1955 1681
1955 60
1681 1981
1981 1097
1097 1732
1732 1173
1732 295
1173 559
559 1455
559 77
1455 1656
1656 1978
1656 486
1978 1511
1978 839
1511 675
675 1184
1184 1016
1184 1029
1016 1200
1200 1382
1382 1299
1382 1248
1299 568
1299 929
568 1047
568 1520
1047 1828
1047 966
1828 1652
1652 68
1652 529
68 1762
1762 824
824 1980
824 8
1980 443
1980 1677
443 416
416 1744
1744 180
180 925
180 1397
925 900
925 1506
900 1675
900 1485
1675 867
867 1525
1525 124
124 750
124 1395
750 1272
1272 525
1272 1409
525 963
963 631
631 348
631 337
348 1628
1628 579
1628 1605
579 865
865 1476
865 1239
1476 620
1476 691
620 1714
1714 1199
1199 1764
1764 1106
1764 63
1106 1468
1106 892
1468 1723
1468 384
1723 1664
1723 325
1664 262
1664 385
262 745
745 1751
745 1547
1751 1503
1751 811
1503 152
152 699
699 75
699 1442
75 702
75 701
702 268
268 1256
1256 177
177 359
359 397
359 570
397 1907
1907 964
1907 791
964 827
964 481
827 1763
827 1292
1763 571
1763 1825
571 1459
1459 383
383 1858
383 544
1858 1339
1339 143
1339 1094
143 1374
143 1418
1374 741
741 27
27 1609
1609 303
303 1931
1931 108
108 1359
108 667
1359 514
514 1885
1885 396
1885 1780
396 856
856 209
856 1844
209 1118
209 409
1118 878
1118 1280
878 391
391 1132
391 915
1132 66
1132 330
66 1065
66 1878
1065 1617
1065 1056
1617 586
586 1597
1597 1621
1621 260
260 1919
1919 491
491 1475
491 366
1475 1836
1475 292
1836 1210
1210 1798
1210 94
1798 1923
1798 790
1923 1174
1174 933
933 681
933 1731
681 57
57 308
57 890
308 1865
308 582
1865 548
1865 948
548 1578
1578 1592
1592 24
24 885
885 794
794 193
193 49
193 387
49 604
49 386
604 1816
1816 569
1816 304
569 1453
569 470
1453 269
1453 1989
269 560
560 1845
1845 236
1845 990
236 1660
1660 1625
1625 880
1625 1360
880 1327
1327 21
1327 1804
21 567
567 1986
1986 668
668 1494
668 503
1494 762
762 1666
762 84
1666 786
786 520
786 1632
520 352
520 415
352 634
352 859
634 403
634 1968
403 1860
1860 136
1860 776
136 38
38 65
38 1777
65 543
65 151
543 987
987 488
987 771
488 1951
488 810
1951 846
1951 1948
846 677
846 1833
677 957
677 1367
957 274
957 815
274 370
274 1383
370 1478
1478 1294
1294 377
377 1899
1899 425
1899 184
425 879
425 132
879 1125
879 1177
1125 783
783 850
850 344
850 485
344 562
562 1970
1970 314
1970 552
314 1252
314 1826
1252 868
1252 283
868 1929
868 1375
1929 1052
1929 1287
1052 1467
1052 1427
1467 156
156 510
510 968
968 857
857 1679
1679 311
1679 1700
311 349
349 1434
1434 1693
1434 1750
1693 1155
1155 728
728 1988
1988 277
277 797
277 996
797 22
797 1582
22 1555
1555 719
719 1362
719 1967
1362 547
1362 1093
547 1809
1809 1421
1421 1862
1421 259
1862 1759
1759 1171
1759 1716
1171 1192
1171 1215
1192 163
163 659
163 1290
659 315
659 1881
315 1730
1730 572
572 1935
572 863
1935 888
1935 230
888 789
789 91
91 252
91 1271
252 693
693 1140
1140 561
1140 992
561 428
428 889
428 1649
889 373
889 1952
373 1318
373 796
1318 1553
1318 1334
1553 1103
1553 421
1103 704
1103 79
704 1376
704 592
1376 390
390 1802
1802 1795
1802 696
1795 449
1795 296
449 743
449 1227
743 1274
1274 898
898 1794
1794 1217
1217 69
1217 1840
69 451
69 388
451 982
451 581
982 1061
1061 1601
1601 1075
1075 1562
1562 7
7 217
7 1507
217 513
217 29
513 1974
1974 1554
1554 984
984 82
82 240
82 838
240 1121
1121 773
1121 1306
773 210
773 1938
210 589
589 1715
589 1196
1715 1391
1715 233
1391 1079
1079 338
1079 253
338 1385
1385 1872
1872 44
44 412
412 1793
412 641
1793 1608
1608 1820
1820 1312
1312 149
1312 1491
149 232
232 1484
1484 1532
1532 1694
1532 1050
1694 224
1694 242
224 426
224 913
426 1470
426 1394
1470 58
1470 1867
58 376
58 215
376 1667
376 129
1667 1540
1540 872
872 1457
1457 11
11 1236
11 1175
1236 1164
1164 1637
1164 848
1637 955
955 1538
955 746
1538 748
1538 1977
748 59
59 1786
1786 118
1786 371
118 200
200 287
200 1904
287 1001
1001 844
1001 1403
844 1552
1552 1014
1014 1208
1208 61
61 1771
1771 198
1771 1353
198 1499
1499 1711
1499 1282
1711 319
1711 1178
319 927
927 1422
927 527
1422 1778
1778 1316
1778 110
1316 430
430 711
711 1891
1891 1003
1891 1320
1003 170
1003 1104
170 1002
1002 1630
1630 1379
1379 1405
1379 788
1405 1635
1405 1384
1635 273
273 1949
1949 1424
1424 998
998 1713
998 1959
1713 831
831 934
934 245
934 1486
245 494
245 1896
494 1112
1112 321
321 1237
1237 684
684 332
332 1295
1295 1432
1432 389
1432 541
389 434
434 1180
434 1149
1180 1775
1180 237
1775 917
1775 125
917 1033
1033 1956
1033 1936
1956 324
1956 1060
324 761
761 178
761 102
178 1886
178 465
1886 1636
1886 1054
1636 466
1636 83
466 663
663 1586
1586 441
1586 1612
441 583
441 1639
583 774
583 1041
774 575
774 823
575 542
575 1768
542 967
967 1261
967 1168
1261 528
1261 1230
528 431
431 95
95 1779
1779 1767
1779 137
1767 1262
1262 328
328 909
909 1074
909 171
1074 1055
1055 1346
1346 1648
1648 1651
1651 988
1651 1139
988 157
988 1345
157 475
475 1458
475 392
1458 1276
1276 1686
1276 1701
1686 404
404 298
404 1531
298 420
298 1222
420 1564
1564 192
192 1961
192 26
1961 643
643 891
891 1859
1859 1971
1859 318
1971 316
1971 1402
316 590
316 1387
590 858
858 1658
1658 1311
1658 435
1311 112
112 989
989 1126
989 1933
1126 1676
1126 133
1676 640
1676 722
640 1979
640 1296
1979 422
1979 1633
422 1048
1048 603
603 555
603 1947
555 1289
1289 1480
1289 973
1480 1049
1480 483
1049 355
1049 286
355 1307
355 5
1307 88
88 1278
88 521
1278 350
350 131
350 1829
131 238
131 1435
238 883
883 1900
1900 937
937 117
117 333
117 20
333 1570
333 1253
1570 766
766 204
766 1129
204 288
204 1544
288 121
121 676
676 632
676 67
632 76
76 50
50 1148
1148 642
1148 1141
642 926
926 1355
926 104
1355 1607
1607 1247
1247 1534
1247 1991
1534 662
1534 736
662 1496
1496 358
1496 1012
358 42
42 1913
42 1588
1913 1398
1398 1234
1234 1843
1843 1897
1843 1037
1897 851
851 487
851 1
487 1158
487 374
1158 1193
1193 123
1193 1301
123 1364
123 346
1364 1437
1364 1950
1437 1358
1358 291
1358 1268
291 1017
1017 680
680 1560
680 812
1560 1425
1560 452
1425 770
770 146
146 860
146 320
860 394
860 622
394 1179
394 445
1179 942
1179 1456
942 730
942 703
730 1053
730 169
1053 597
1053 1209
597 694
694 1086
694 1352
1086 1543
1086 1122
1543 1738
1738 739
1738 1228
739 1785
1785 1404
1785 115
1404 134
1404 1310
134 1354
1354 145
145 496
145 1611
496 847
847 1344
1344 223
223 1131
223 214
1131 763
1131 1523
763 1166
1166 1188
1188 759
759 1827
759 1613
1827 243
243 244
244 769
769 206
206 1039
1039 191
1039 1225
191 805
191 564
805 866
866 1449
1449 1663
1663 1818
1663 228
1818 692
692 1776
1776 1267
1776 916
1267 874
1267 1146
874 504
874 87
504 73
73 186
186 947
186 1962
947 972
947 1059
972 4
4 1774
4 610
1774 1973
1973 1040
1040 1569
1040 41
1569 605
1569 1013
605 1326
1326 1504
1504 1105
1504 1263
1105 656
1105 202
656 747
747 345
345 158
158 93
158 1250
93 99
99 1070
99 523
1070 962
962 842
962 1857
842 637
842 1332
637 446
446 1460
1460 546
546 1892
1892 997
997 826
826 1235
826 334
1235 565
1235 609
565 1361
565 1755
1361 1162
1162 498
1162 1488
498 784
784 1304
784 715
1304 340
1304 959
340 78
78 732
732 1286
1286 1760
1286 1559
1760 1419
1760 1067
1419 256
1419 36
256 792
256 1369
792 1473
792 1758
1473 459
1473 30
459 1934
1934 1240
1934 1992
1240 1528
1240 120
1528 661
661 1412
661 1853
1412 629
629 981
629 971
981 921
921 493
493 393
493 1717
393 910
393 1329
910 1940
1940 368
368 993
993 305
305 1984
305 1212
1984 1439
1439 833
833 410
833 1593
410 251
251 1721
1721 1765
1721 1558
1765 816
1765 1796
816 1526
816 1082
1526 674
674 130
674 1429
130 614
614 1645
1645 1169
1169 516
1169 1811
516 427
427 1851
1851 1901
1851 1109
1901 226
226 1824
1824 1508
1508 1561
1561 1410
1410 1378
1410 1874
1378 13
1378 1965
13 1669
1669 1573
1573 255
255 884
255 1856
884 1264
884 1646
1264 752
1264 1466
752 1441
752 1640
1441 930
930 203
203 1482
203 633
1482 1187
1482 1124
1187 635
1187 172
635 726
635 526
726 724
726 600
724 56
56 1837
1837 1815
1815 1549
1549 12
12 820
12 672
820 1328
1328 476
1328 457
476 17
17 1152
1152 877
1152 1116
877 1685
1685 1982
1685 1680
1982 309
1982 1678
309 1890
1890 1035
1035 241
1035 92
241 1541
1541 406
406 1343
1343 55
1343 1213
55 101
55 1877
101 1792
1792 176
176 1709
1709 1420
1709 456
1420 306
306 1530
1530 1191
1191 1232
1232 1864
1232 1195
1864 227
227 1431
1431 234
1431 302
234 407
407 653
653 1309
1309 855
855 1838
1838 196
1838 249
196 1357
1357 1911
1357 995
1911 798
798 103
798 608
103 875
103 1088
875 800
875 979
800 1647
800 367
1647 1063
1647 1726
1063 1641
1063 1204
1641 1202
1202 299
299 1624
299 1539
1624 649
649 1841
1841 74
1841 1372
74 1004
74 727
1004 1766
1766 920
1766 444
920 607
607 807
607 946
807 179
179 54
54 477
54 935
477 1447
1447 585
1447 1444
585 1643
1643 1912
1912 127
1912 836
127 689
127 1509
689 317
689 1757
317 128
128 573
573 1791
573 181
1791 965
965 1302
1302 970
1302 1710
970 804
970 551
804 1284
1284 657
1284 1581
657 598
657 62
598 928
598 1018
928 1163
1163 275
275 1341
275 606
1341 1598
1598 1644
1598 1799
1644 830
1644 969
830 1167
1167 1813
1167 636
1813 1724
1813 918
1724 1642
1724 1705
1642 381
381 537
381 626
537 725
725 1817
725 1604
1817 1495
1495 1144
1144 185
185 896
896 822
896 505
822 577
822 619
577 932
932 1472
932 1861
1472 107
107 936
936 96
96 708
96 1123
708 1423
1423 625
1423 1008
625 584
625 455
584 1170
1170 141
1170 429
141 1231
1231 740
740 497
740 1408
497 1835
497 15
1835 473
1835 588
473 25
473 1142
25 985
25 439
985 119
985 1160
119 1546
119 276
1546 280
1546 1516
280 64
64 819
64 687
819 1071
819 1032
1071 1789
1789 697
697 961
697 768
961 1081
1081 380
1081 576
380 1957
380 1905
1957 1078
1957 1238
1078 313
313 671
313 495
671 489
671 1469
489 1019
489 182
1019 1722
1722 512
1722 97
512 1406
512 1100
1406 508
508 1869
508 1134
1869 1807
1807 882
882 1270
1270 1416
1270 80
1416 1883
1416 1728
1883 1567
1567 353
353 1072
353 327
1072 1571
1571 1269
1571 1928
1269 1440
1440 1443
1440 1337
1443 1308
1443 1846
1308 646
1308 593
646 1428
646 509
1428 250
1428 931
250 1702
1702 401
1702 173
401 469
469 1737
469 707
1737 267
1737 462
267 343
343 354
343 1338
354 1743
354 873
1743 779
1743 1021
779 438
779 190
438 1627
1627 167
167 1414
1414 1487
1487 1772
1772 690
1772 1066
690 1697
1697 1477
1477 1283
1283 225
1283 1501
225 1623
1623 1490
1490 261
261 1430
1430 906
906 1084
1084 3
3 1151
3 1518
1151 52
1151 1871
52 1720
1720 840
840 1839
1839 517
517 1600
517 669
1600 954
1600 731
954 289
289 1761
1761 536
536 976
536 351
976 777
777 1314
777 654
1314 1606
1314 2
1606 1987
1987 596
596 1832
596 685
1832 323
1832 1076
323 400
400 1696
400 1773
1696 1990
1696 1689
1990 34
1990 615
34 448
34 1275
448 265
448 1426
265 1026
265 1513
1026 1077
1077 1451
1451 212
212 1514
212 787
1514 213
1514 1025
213 1133
1133 154
154 616
616 903
616 869
903 1585
1585 1015
1585 951
1015 1028
1028 660
660 1036
660 1631
1036 1411
1411 1921
1411 335
1921 1479
1479 1110
1110 1718
1110 1335
1718 1333
1333 1879
1879 147
1879 799
147 1095
147 419
1095 37
1095 1436
37 893
893 1211
893 1185
1211 618
618 197
197 952
197 1814
952 686
952 142
686 1377
1377 1719
1377 45
1719 1654
1719 655
1654 454
1654 854
454 322
322 1143
1143 923
923 1365
923 382
1365 1670
1670 1580
1580 1303
1303 1246
1246 1498
1246 1089
1498 1058
1498 511
1058 1591
1591 1574
1591 832
1574 369
1574 553
369 1614
369 733
1614 1220
1614 908
1220 114
1220 1389
114 1575
114 1233
1575 809
1575 1342
809 1882
809 1481
1882 500
1882 1783
500 1330
1330 1975
1330 482
1975 1181
1975 1657
1181 1924
1181 1801
1924 279
279 1655
1655 980
980 1465
1465 1729
1465 1010
1729 919
919 1510
919 478
1510 705
1510 563
705 1062
705 754
1062 31
31 246
246 1895
246 1096
1895 801
801 1533
801 595
1533 284
1533 1788
284 539
539 1889
539 591
1889 1219
1219 1438
1219 372
1438 1044
1438 785
1044 718
1044 1898
718 1298
1298 1102
1102 1706
1102 1622
1706 1550
1550 950
1550 326
950 821
950 781
821 32
32 1517
32 1863
1517 1157
1157 1057
1157 1914
1057 709
709 460
460 1734
460 1350
1734 1634
1734 342
1634 168
168 442
442 1953
1953 1572
1572 1183
1183 1107
1183 357
1107 1932
1107 6
1932 1101
1101 922
1101 914
922 281
281 1535
1535 1022
1022 1880
1022 1020
1880 1819
1819 617
1819 1128
617 1707
617 148
1707 1918
1918 1638
1918 19
1638 765
765 1876
1876 1266
1266 522
1266 378
522 1519
1519 760
760 1189
760 85
1189 1803
1803 1348
1803 301
1348 683
683 1371
1371 1448
1371 1092
1448 205
1448 1784
205 363
205 98
363 554
363 86
554 1556
554 651
1556 862
862 461
461 1505
461 720
1505 1085
1085 1542
1085 1120
1542 1336
1542 911
1336 1147
1147 1945
1945 365
1945 162
365 524
524 1958
524 235
1958 1595
1958 1393
1595 1976
1976 1699
1976 717
1699 1254
1699 1983
1254 1725
1254 155
1725 1703
1703 907
907 1205
907 1251
1205 222
1205 1313
222 1454
1454 1497
1497 484
1497 1661
484 1492
484 1671
1492 1150
1150 557
1150 1536
557 710
557 1963
710 1324
710 974
1324 1565
1565 1009
1009 1038
1009 1690
1038 126
1038 468
126 310
126 1672
310 1415
1415 221
221 46
221 1884
46 938
938 432
432 464
464 423
423 1893
1893 490
1893 841
490 825
490 953
825 278
278 712
278 1583
712 644
644 1159
1159 218
1159 1939
218 580
580 1665
580 1915
1665 135
1665 1258
135 159
159 417
159 361
417 1297
1297 639
1297 1887
639 1399
639 1576
1399 1115
1399 1930
1115 1822
1822 1673
1822 1920
1673 1946
1946 1972
1946 175
1972 106
106 1584
1584 285
285 339
285 706
339 1653
1653 1602
1602 1319
1319 793
793 695
793 666
695 1906
695 501
1906 1407
1407 818
818 1127
1127 1471
1127 1241
1471 247
247 1198
247 270
1198 375
375 518
518 1315
1315 1461
1315 187
1461 1942
1942 1291
1291 40
40 1708
40 1207
1708 578
1708 545
578 700
578 70
700 901
700 627
901 1007
901 1568
1007 1182
1182 1522
1522 356
356 713
356 1098
713 1090
1090 1201
1090 1176
1201 1034
1201 515
1034 837
837 1688
1688 757
1688 144
757 1873
757 1347
1873 160
1873 1909
160 1599
1599 166
166 721
166 853
721 1396
721 904
1396 1770
1770 540
540 506
506 1527
1527 161
161 48
48 665
48 1373
665 940
665 1610
940 492
492 72
72 1031
72 1046
1031 467
467 1068
1068 886
886 755
886 1808
755 1698
755 1500
1698 1030
1030 1926
1926 28
1926 307
28 756
28 1452
756 1087
1087 1548
1087 1745
1548 362
1548 1966
362 290
290 941
290 1985
941 1023
1023 100
1023 905
100 902
902 729
729 329
329 447
329 1463
447 1137
447 556
1137 188
188 360
188 1323
360 300
300 1349
1349 949
949 1727
949 1380
