1 1023 8
866 780
866 491
780 146
780 102
491 316
491 770
146 923
146 516
102 456
102 846
316 705
316 925
770 96
770 675
923 860
923 820
516 1018
516 715
456 720
456 157
846 779
846 334
705 784
705 371
925 163
925 293
96 517
96 912
675 20
675 346
860 99
860 390
820 16
820 331
1018 934
1018 487
715 70
715 404
720 873
720 719
157 828
157 512
779 236
779 801
334 950
334 694
784 591
784 136
371 982
371 874
163 919
163 385
293 684
293 312
517 889
517 723
912 689
912 310
20 218
20 221
346 95
346 18
99 106
99 410
390 63
390 79
16 3
16 290
331 590
331 503
934 895
934 440
487 940
487 307
70 575
70 840
404 953
404 888
873 922
873 27
719 549
719 787
828 527
828 485
512 128
512 536
236 788
236 1009
801 851
801 199
950 539
950 1005
694 215
694 735
591 728
591 407
136 285
136 336
982 160
982 378
874 205
874 23
919 262
919 177
385 595
385 415
684 853
684 180
312 405
312 217
889 195
889 576
723 496
723 508
689 686
689 739
310 457
310 880
218 55
218 948
221 838
221 61
95 45
95 714
18 546
18 166
106 131
106 744
410 700
410 492
63 596
63 227
79 961
79 299
3 332
3 434
290 355
290 86
590 579
590 980
503 384
503 606
895 46
895 951
440 626
440 418
940 29
940 479
307 212
307 454
575 944
575 991
840 364
840 817
953 752
953 621
888 561
888 352
922 830
922 928
27 562
27 468
549 314
549 731
787 652
787 587
527 389
527 703
485 351
485 509
128 1023
128 252
536 959
536 21
788 565
788 313
1009 748
1009 620
851 887
851 35
199 480
199 43
539 289
539 871
1005 911
1005 318
215 484
215 598
735 317
735 905
728 1000
728 507
407 460
407 634
285 636
285 884
336 855
336 216
160 475
160 2
378 530
378 998
205 1013
205 611
23 992
23 839
262 185
262 249
177 14
177 639
595 729
595 373
415 36
415 226
853 12
853 525
180 594
180 119
405 638
405 497
217 605
217 72
195 772
195 519
576 282
576 170
496 548
496 572
508 89
508 593
686 234
686 488
739 955
739 854
457 149
457 836
880 432
880 627
55 816
55 869
948 108
948 769
838 777
838 245
61 194
61 189
45 599
45 710
714 241
714 448
546 469
546 813
166 443
166 261
131 901
131 671
744 270
744 629
700 685
700 450
492 467
492 202
596 826
596 176
227 78
227 721
961 881
961 1015
299 736
299 688
332 412
332 348
434 309
434 98
355 308
355 793
86 274
86 164
579 798
579 927
980 697
980 324
384 84
384 151
606 973
606 142
46 557
46 917
951 746
951 397
626 58
626 439
418 792
418 233
29 264
29 48
479 952
479 483
212 417
212 975
454 470
454 19
944 461
944 897
991 107
991 637
364 988
364 33
817 81
817 763
752 615
752 964
621 958
621 213
561 292
561 932
352 424
352 453
830 466
830 822
928 872
928 246
562 614
562 147
468 179
468 192
314 368
314 645
731 74
731 219
652 104
652 569
587 935
587 165
389 537
389 277
703 477
703 303
351 986
351 210
509 392
509 273
1023 380
1023 898
252 416
252 267
959 696
959 345
21 896
21 305
565 5
565 668
313 271
313 1010
748 812
748 124
620 1004
620 280
887 753
887 737
35 452
35 206
480 899
480 979
43 172
43 52
289 135
289 24
871 399
871 319
911 990
911 765
318 444
318 607
484 1002
484 321
598 808
598 677
317 59
317 409
905 203
905 366
1000 463
1000 646
507 971
507 255
460 794
460 939
634 493
634 198
636 400
636 914
884 159
884 745
855 829
855 773
216 201
216 571
475 214
475 34
2 243
2 430
530 76
530 374
998 60
998 110
1013 877
1013 856
611 129
611 341
992 340
992 238
839 704
839 588
185 22
185 578
249 651
249 761
14 625
14 862
639 707
639 985
729 343
729 208
373 1016
373 186
36 406
36 100
226 734
226 200
12 47
12 567
525 554
525 193
594 949
594 727
119 291
119 420
638 306
638 983
497 268
497 859
605 580
605 906
72 91
72 388
772 609
772 612
519 540
519 502
282 259
282 692
170 504
170 425
548 930
548 232
572 360
572 50
89 942
89 358
593 837
593 401
234 968
234 999
488 868
488 883
955 523
955 882
854 449
854 858
149 747
149 974
836 543
836 819
432 56
432 810
627 278
627 482
816 725
816 311
869 125
869 367
108 421
108 674
769 155
769 850
777 235
777 178
245 162
245 116
194 394
194 419
189 272
189 941
599 144
599 730
710 68
710 835
241 558
241 663
448 695
448 913
469 993
469 750
813 347
813 239
443 51
443 82
261 1007
261 566
901 560
901 849
671 25
671 413
270 393
270 447
629 631
629 250
685 861
685 602
450 552
450 93
467 230
467 265
202 635
202 422
826 619
826 387
176 372
176 732
78 224
78 446
721 564
721 429
881 395
881 471
1015 583
1015 556
736 190
736 369
688 623
688 945
412 785
412 114
348 486
348 600
309 438
309 53
98 921
98 938
308 1003
308 797
793 743
793 414
274 802
274 741
164 842
164 376
798 547
798 786
927 156
927 462
697 145
697 1008
324 522
324 664
84 665
84 789
151 806
151 4
973 472
973 94
142 266
142 32
557 30
557 283
917 726
917 870
746 618
746 153
397 768
397 69
58 577
58 171
439 662
439 989
792 545
792 524
233 800
233 865
264 759
264 984
48 708
48 613
952 654
952 333
483 518
483 666
417 191
417 885
975 538
975 818
470 834
470 354
19 188
19 140
461 954
461 656
897 724
897 187
107 531
107 451
637 499
637 581
988 288
988 381
33 357
33 733
81 150
81 375
763 908
763 701
615 328
615 791
964 382
964 977
958 857
958 995
213 304
213 1019
292 544
292 893
932 297
932 852
424 967
424 996
453 994
453 349
466 490
466 709
822 169
822 71
872 161
872 778
246 342
246 1
614 781
614 650
147 247
147 749
179 767
179 329
192 532
192 771
368 73
368 966
645 8
645 222
74 223
74 653
219 436
219 40
104 957
104 121
569 386
569 604
935 322
935 807
165 478
165 9
537 529
537 632
277 258
277 39
477 592
477 481
303 26
303 426
986 640
986 676
210 181
210 54
392 718
392 681
273 152
273 465
380 553
380 398
898 17
898 248
416 574
416 535
267 287
267 910
696 391
696 365
345 803
345 776
896 740
896 7
305 904
305 225
5 751
5 62
668 122
668 706
271 359
271 361
1010 755
1010 920
812 137
812 123
124 67
124 353
1004 428
1004 112
280 275
280 1011
753 584
753 825
737 402
737 437
452 458
452 403
206 174
206 459
899 981
899 396
979 712
979 344
172 891
172 211
52 276
52 244
135 240
135 775
24 300
24 790
399 670
399 101
319 683
319 551
990 892
990 878
765 113
765 139
444 890
444 827
607 821
607 269
1002 442
1002 698
321 183
321 433
808 894
808 330
677 103
677 435
59 167
59 946
409 379
409 154
203 350
203 514
366 260
366 38
463 678
463 254
646 702
646 65
971 814
971 87
255 298
255 362
794 284
794 847
939 1021
939 970
493 641
493 754
198 624
198 257
400 805
400 795
914 924
914 207
159 907
159 141
745 363
745 845
829 197
829 559
773 337
773 809
201 738
201 649
571 126
571 936
214 667
214 690
34 28
34 960
243 863
243 526
430 66
430 815
76 570
76 92
374 758
374 327
60 601
60 843
110 534
110 962
877 15
877 713
856 520
856 642
129 804
129 876
341 473
341 555
340 622
340 823
238 844
238 148
704 528
704 916
588 494
588 184
22 408
22 969
578 669
578 617
651 679
651 900
761 550
761 464
625 10
625 263
862 585
862 75
707 926
707 965
985 699
985 521
343 11
343 589
208 929
208 742
1016 511
1016 610
186 204
186 182
406 90
406 356
100 441
100 879
734 902
734 296
200 134
200 766
47 875
47 841
567 987
567 542
554 963
554 168
193 251
193 978
949 811
949 229
727 643
727 445
291 1017
291 80
420 85
420 281
306 339
306 597
983 118
983 120
268 682
268 294
859 41
859 648
580 711
580 338
906 196
906 109
91 231
91 757
388 658
388 253
609 431
609 302
612 976
612 644
540 111
540 774
502 647
502 130
259 628
259 886
692 237
692 242
504 158
504 1014
425 115
425 377
930 796
930 6
232 1022
232 680
360 77
360 117
50 693
50 933
942 505
942 411
358 657
358 563
837 474
837 1006
401 383
401 427
968 782
968 672
999 97
999 495
868 423
868 143
883 717
883 301
523 127
523 659
882 764
882 762
449 476
449 661
858 633
858 175
747 903
747 315
974 687
974 799
543 500
543 510
819 49
819 937
56 295
56 370
810 943
810 489
278 455
278 57
482 83
482 603
725 972
725 138
311 1012
311 209
125 997
125 848
367 582
367 867
421 515
421 824
674 37
674 541
155 173
155 105
850 13
850 586
235 673
235 498
178 616
178 1020
162 31
162 506
116 722
116 42
394 608
394 716
419 533
419 756
272 286
272 335
941 44
941 864
144 832
144 918
730 220
730 325
68 956
68 228
835 132
835 513
558 783
558 630
663 660
663 64
695 655
695 947
913 909
913 133
993 256
993 831
750 323
750 568
347 88
347 691
239 320
239 931
51 1001
51 326
82 915
82 573
1007 833
1007 279
566 760
566 501
