3 2941 9892012
2 1
2 3
510 2919
2919 1036
1036 2345
2345 1644
2345 2502
1644 617
1644 346
617 2067
617 1555
2067 119
119 1396
1396 2897
1396 1124
2897 213
2897 1102
213 1646
213 1072
1646 671
671 2406
671 226
2406 2802
2802 295
2802 1594
295 2072
295 2177
2072 1341
2072 1014
1341 1299
1299 1146
1299 1946
1146 622
1146 2637
622 1489
1489 2092
2092 2547
2547 2154
2154 703
2154 1780
703 954
703 178
954 2130
954 2623
2130 62
62 550
550 182
182 542
542 470
470 765
765 405
765 2592
405 1482
405 432
1482 2741
1482 727
2741 1306
2741 2650
1306 1356
1356 2797
2797 652
652 1621
652 282
1621 1735
1621 2620
1735 124
1735 587
124 140
140 660
660 77
660 241
77 1317
1317 1772
1317 613
1772 1641
1641 989
1641 280
989 610
610 1841
610 2263
1841 1983
1841 1203
1983 2384
2384 293
293 2796
2796 465
465 61
465 2854
61 2700
2700 1394
1394 1444
1394 882
1444 1121
1121 694
694 368
694 1110
368 289
368 356
289 1810
289 562
1810 1413
1413 1994
1413 1097
1994 163
163 886
886 2794
2794 603
603 1657
603 2837
1657 2692
2692 557
557 208
557 602
208 2775
2775 2298
2298 1784
1784 2052
2052 1161
2052 1737
1161 1991
1991 2520
2520 1340
1340 397
397 1979
397 2441
1979 790
790 2494
790 722
2494 1684
1684 2230
1684 1245
2230 1475
2230 2515
1475 736
1475 2589
736 1407
1407 2900
2900 2606
2606 2767
2767 53
2767 2482
53 1432
1432 203
1432 1529
203 335
335 2330
2330 580
580 546
580 2815
546 2452
546 1703
2452 1683
1683 2277
2277 2738
2277 50
2738 1920
1920 1142
1142 2182
2182 246
246 2041
246 2915
2041 2148
2041 1013
2148 2341
2148 2396
2341 328
2341 177
328 2399
328 784
2399 1610
1610 2036
2036 434
2036 1706
434 342
434 1185
342 551
551 689
689 539
539 1813
539 270
1813 1922
1922 1165
1165 312
312 1510
312 453
1510 826
826 1238
1238 1847
1238 2270
1847 1811
1847 475
1811 680
1811 169
680 17
680 2805
17 1181
17 245
1181 1103
1181 840
1103 2112
1103 1046
2112 1406
2112 2935
1406 482
1406 1442
482 1260
1260 1465
1465 2261
1465 1501
2261 1514
1514 1925
1925 55
55 2061
55 2569
2061 507
2061 355
507 1781
1781 1272
1781 2817
1272 724
1272 2211
724 2198
724 930
2198 1571
2198 2119
1571 265
265 1502
265 1930
1502 1184
1184 283
283 302
283 1145
302 1989
302 2717
1989 2438
1989 1421
2438 650
2438 1133
650 1240
1240 624
624 663
624 1713
663 104
104 2450
104 1047
2450 2519
2450 1057
2519 1330
1330 2232
1330 2856
2232 683
2232 1608
683 844
683 2820
844 2544
2544 22
22 540
540 215
540 733
215 2103
215 2453
2103 1893
2103 1680
1893 313
313 1367
313 1537
1367 223
223 2917
223 1220
2917 1881
2917 714
1881 771
771 2661
2661 1749
2661 1833
1749 966
1749 2918
966 221
221 2729
221 2936
2729 2849
2849 2031
2031 2752
2031 1435
2752 1271
2752 2335
1271 2875
1271 1155
2875 2557
2557 2346
2346 1533
1533 2388
2388 1049
1049 2433
2433 564
564 217
217 168
217 2568
168 1990
1990 1597
1990 734
1597 2748
2748 1076
1076 118
118 2105
118 501
2105 2701
2105 1401
2701 2685
2685 1705
1705 541
1705 2608
541 1563
1563 579
1563 2019
579 382
382 2471
382 2614
2471 442
2471 1686
442 938
938 1974
1974 1591
1974 2624
1591 1547
1591 1956
1547 1449
1449 1344
1449 747
1344 1116
1344 1352
1116 1331
1331 2902
2902 2518
2518 2096
2096 2922
2096 2766
2922 2879
2879 825
825 802
825 1875
802 2713
802 348
2713 2488
2488 2195
2195 1389
2195 131
1389 2267
2267 2295
2267 2866
2295 2316
2295 2274
2316 990
2316 2379
990 942
990 2660
942 823
823 1614
823 210
1614 273
273 2403
2403 885
885 2598
2598 460
460 2120
460 1004
2120 2137
2120 556
2137 1017
2137 2601
1017 1945
1017 1326
1945 726
726 1180
726 2709
1180 1949
1949 592
592 2002
592 1992
2002 2662
2662 1661
1661 1092
1092 1152
1152 2727
2727 2669
2669 1243
1243 1601
1601 1851
1851 1254
1851 2015
1254 585
585 1312
585 499
1312 581
581 2305
2305 577
2305 1822
577 2761
577 1670
2761 2565
2565 80
80 1604
1604 1809
1809 618
1809 1416
618 2444
618 2825
2444 1412
1412 2411
2411 1762
1762 803
803 209
209 1115
1115 1094
1094 412
412 1768
1768 1525
1768 139
1525 2278
2278 1164
1164 1957
1957 691
691 106
106 2894
106 1278
2894 2880
2894 1793
2880 742
2880 2811
742 926
742 787
926 1565
1565 500
500 1383
500 1718
1383 1636
1383 1654
1636 588
1636 1530
588 242
242 1359
1359 1466
1466 1805
1805 1293
1805 2302
1293 199
1293 2746
199 1899
199 834
1899 1968
1899 2911
1968 2169
1968 2423
2169 467
467 350
350 2851
2851 1542
2851 2873
1542 1101
1101 2076
2076 2770
2076 2342
2770 1506
2770 1879
1506 99
99 955
99 2755
955 838
838 1329
1329 805
805 2079
2079 386
386 1625
1625 1151
1151 1215
1151 2759
1215 1084
1215 1553
1084 2098
1084 567
2098 706
2098 2420
706 782
706 2380
782 2185
782 2742
2185 1951
2185 2439
1951 1358
1951 473
1358 2639
1358 102
2639 2831
2831 1982
2831 1790
1982 1040
1982 2616
1040 24
1040 1235
24 1725
24 901
1725 430
430 2156
430 366
2156 1589
2156 1527
1589 1007
1589 1561
1007 1596
1007 1699
1596 1366
1596 2281
1366 20
1366 419
20 2824
2824 2693
2824 1535
2693 2273
2693 1261
2273 1491
2273 2737
1491 2579
1491 1744
2579 1208
1208 615
615 2163
2163 34
2163 186
34 2359
34 2381
2359 1712
1712 1800
1712 2238
1800 1060
1060 2006
1060 2058
2006 416
2006 2165
416 756
416 454
756 2769
756 1461
2769 2074
2769 2018
2074 1645
1645 400
1645 1170
400 2250
400 525
2250 2051
2250 2702
2051 781
781 468
781 921
468 1023
468 1375
1023 991
991 433
433 1462
1462 2464
2464 2162
2162 2852
2852 1474
2852 2086
1474 2728
1474 1458
2728 685
685 23
685 1016
23 1740
1740 85
85 1819
1819 1160
1819 1856
1160 2803
2803 1001
2803 1488
1001 677
1001 658
677 1045
1045 2667
1045 275
2667 554
554 2121
2121 2125
2125 2572
2125 977
2572 211
2572 918
211 2128
2128 2708
2708 612
612 809
809 373
373 1526
1526 1114
1114 2088
1114 684
2088 2427
2088 868
2427 1064
1064 2194
2194 1242
1242 768
1242 752
768 46
46 2029
2029 707
707 959
959 647
959 1068
647 1041
1041 151
1041 1439
151 2258
2258 1276
1276 2454
1276 664
2454 1620
1620 1287
1620 1346
1287 1026
1287 1658
1026 1446
1446 892
892 167
167 443
443 1598
443 429
1598 608
1598 1132
608 2920
2920 2186
2920 2756
2186 2412
2186 254
2412 89
89 1063
1063 1205
1205 1929
1205 1668
1929 1966
1929 746
1966 2400
1966 466
2400 1428
1428 905
905 2001
2001 987
987 292
292 813
813 1419
1419 560
1419 711
560 65
65 259
65 2191
259 917
259 979
917 2456
917 337
2456 1716
1716 511
511 2397
511 565
2397 2266
2266 814
814 2457
2457 2218
2457 629
2218 2801
2801 829
2801 2578
829 1897
1897 975
1897 1599
975 423
423 1567
1567 504
1567 1978
504 456
456 2610
456 1368
2610 414
414 1551
414 2448
1551 107
1551 172
107 1884
1884 1584
1584 26
26 1410
1410 968
968 1222
968 497
1222 515
1222 548
515 1896
1896 16
16 561
16 655
561 879
879 2479
2479 1129
1129 406
1129 2640
406 822
406 2928
822 320
822 1338
320 872
320 2793
872 569
569 417
417 2179
417 126
2179 1973
2179 1422
1973 1576
1576 1471
1576 939
1471 2043
2043 620
620 2220
620 1880
2220 956
2220 218
956 2225
956 1028
2225 531
531 2772
2772 2262
2772 1136
2262 2548
2548 426
2548 2684
426 1495
1495 2035
2035 2104
2104 2512
2512 1431
1431 39
1431 643
39 1799
1799 96
96 2561
2561 2501
2561 229
2501 1742
2501 1548
1742 1652
1742 2930
1652 2489
2489 2314
2489 1532
2314 517
2314 2323
517 1157
1157 713
1157 1694
713 448
713 1342
448 1206
448 793
1206 506
1206 2429
506 1066
506 2312
1066 256
256 2864
256 2236
2864 1586
1586 1479
1586 606
1479 281
1479 2057
281 49
49 1249
49 1908
1249 351
1249 1707
351 1258
1258 2541
2541 2068
2068 2499
2499 776
776 705
705 2385
2385 2795
2385 1291
2795 590
590 2664
590 1381
2664 2332
2332 2078
2332 2135
2078 1854
1854 1912
1912 73
1912 2551
73 1939
1939 2285
2285 486
486 376
486 2764
376 2319
2319 2590
2590 2318
2318 1588
2318 2045
1588 1426
1426 669
669 1125
1125 890
1125 806
890 1027
1027 173
173 2850
2850 138
138 1077
138 2405
1077 380
380 1700
380 2923
1700 1932
1932 852
1932 2435
852 2740
852 2562
2740 2724
2740 2449
2724 2514
2724 2556
2514 2247
2247 372
372 1357
1357 2890
2890 2504
2504 670
2504 1117
670 1294
1294 2153
1294 1310
2153 2158
2158 1838
2158 523
1838 285
285 1196
1196 371
371 1830
371 2023
1830 837
837 719
719 1244
1244 1816
1816 2279
1816 601
2279 853
2279 2008
853 1900
1900 1463
1900 1403
1463 1778
1778 190
1778 2696
190 458
458 1409
1409 2786
1409 1248
2786 2564
2564 98
98 288
98 1964
288 1540
1540 2599
1540 2867
2599 2020
2599 1764
2020 2731
2731 1251
1251 2136
1251 396
2136 1443
1443 415
415 1311
1311 2192
2192 2530
2192 331
2530 2212
2212 877
877 2000
2000 1704
1704 1714
1704 710
1714 452
452 597
597 2226
2226 2718
2226 1285
2718 984
2718 1069
984 2422
984 1006
2422 2145
2145 219
219 641
641 134
134 2714
134 1557
2714 2149
2714 2686
2149 498
498 1600
1600 1362
1600 960
1362 472
472 2716
2716 268
2716 2178
268 71
268 1970
71 1820
71 2619
1820 324
1820 1174
324 1860
1860 563
563 2304
563 37
2304 983
2304 1090
983 2070
2070 1096
1096 1241
1241 2683
1241 922
2683 976
2683 1183
976 1360
976 1839
1360 1947
1360 1569
1947 894
1947 2818
894 1369
1369 19
19 1283
19 1787
1283 858
858 1044
1044 698
698 2617
698 2605
2617 1177
1177 715
715 1883
715 150
1883 1840
1840 1172
1172 1153
1172 1058
1153 2325
1153 2681
2325 1511
2325 1748
1511 1578
1511 250
1578 835
835 2747
2747 981
2747 263
981 2443
2443 1301
2443 2234
1301 2363
1301 538
2363 390
2363 862
390 1977
1977 759
1977 1325
759 1590
759 980
1590 1128
1590 298
1128 1909
1909 2780
1909 1697
2780 1504
2780 44
1504 1961
1961 848
848 10
10 1985
10 1869
1985 2868
1985 146
2868 446
446 2829
2829 1135
2829 967
1135 578
578 1824
578 267
1824 69
1824 2336
69 1415
1415 2495
1415 1572
2495 112
2495 1440
112 2097
2097 2358
2358 1509
2358 2025
1509 2183
2183 1048
1048 1545
1545 1518
1518 635
1518 2265
635 1568
635 2140
1568 1457
1457 1191
1457 1469
1191 240
240 2463
240 1821
2463 1850
1850 1365
1850 2940
1365 83
1365 717
83 754
754 2083
754 1801
2083 1520
1520 1842
1520 2800
1842 692
692 810
692 326
810 2615
2615 2085
2615 154
2085 1767
1767 1777
1767 437
1777 716
716 674
716 2207
674 701
674 2567
701 2451
2451 893
2451 1071
893 2870
2870 2704
2704 2322
2322 935
935 1143
935 1384
1143 544
1143 1923
544 1134
1134 1612
1134 166
1612 1534
1612 1349
1534 1776
1534 1756
1776 1779
1779 142
142 2150
142 944
2150 2134
2134 651
2134 251
651 1702
1702 1962
1702 637
1962 305
305 909
909 657
909 1570
657 197
197 1473
1473 924
1473 741
924 317
924 723
317 370
317 1214
370 1507
1507 2181
1507 395
2181 1050
2181 200
1050 1605
1605 1343
1605 72
1343 478
1343 1503
478 196
478 2889
196 1052
1052 743
743 2745
743 2311
2745 662
662 2840
2840 2013
2013 1218
2013 2432
1218 2865
1218 1687
2865 925
925 687
925 1197
687 2410
687 1943
2410 2540
2540 113
2540 2508
113 2659
2659 2030
2659 2219
2030 576
2030 2570
576 849
576 360
849 2904
849 2063
2904 93
93 763
93 1178
763 645
645 2843
645 2206
2843 2799
2799 1868
1868 1736
1736 1083
1736 450
1083 2049
2049 1156
2049 1035
1156 2060
1156 2602
2060 1379
2060 2027
1379 1577
1577 2204
2204 2308
2308 2584
2308 2721
2584 1531
1531 308
1531 1163
308 1452
1452 431
1452 469
431 1728
431 1033
1728 1314
1728 972
1314 2549
2549 162
2549 290
162 3
3 1738
3 260
1738 2586
2586 2653
2586 11
2653 2126
2126 1689
1689 2543
2543 2833
2543 1832
2833 2283
2833 333
2283 143
143 1447
143 2892
1447 605
1447 846
605 253
253 2102
2102 2377
2377 1642
1642 1937
1937 2440
2440 90
2440 1192
90 2297
2297 300
2297 2382
300 1259
1259 735
1259 2430
735 2294
2294 1484
1484 2004
2004 2356
2356 48
48 1733
48 2750
1733 92
1733 2784
92 2927
92 1592
2927 2167
2927 2180
2167 266
266 116
266 1354
116 2347
116 1024
2347 1924
1924 841
841 2790
2790 2887
2887 1476
2887 64
1476 2113
1476 2528
2113 2372
2113 830
2372 2260
2372 421
2260 1080
2260 291
1080 2787
2787 1550
1550 327
327 1980
1980 2111
2111 929
2111 402
929 2810
929 2525
2810 1351
2810 277
1351 2480
2480 2028
2480 584
2028 1374
1374 2644
1374 673
2644 953
953 970
953 2203
970 1009
970 1141
1009 1844
1844 105
1844 6
105 1934
1934 961
961 2414
2414 399
399 2090
2090 1010
2090 340
1010 2174
2174 1176
2174 1190
1176 271
271 1826
271 863
1826 1216
1216 1512
1512 1309
1512 2214
1309 2472
2472 2600
2472 761
2600 314
314 1480
314 2842
1480 2309
2309 527
2309 2280
527 1634
527 158
1634 609
609 2635
609 625
2635 1039
1039 187
187 60
187 383
60 2190
60 799
2190 891
891 1417
1417 1663
1417 1745
1663 2242
1663 2469
2242 1583
1583 408
1583 593
408 43
408 1757
43 38
43 1158
38 1138
38 2143
1138 740
1138 2017
740 389
740 2545
389 2271
389 1265
2271 1051
2271 2925
1051 2016
1051 696
2016 982
2016 1866
982 1062
1062 2114
2114 2373
2114 369
2373 883
883 344
883 570
344 2672
344 2231
2672 1104
2672 502
1104 1952
1104 1395
1952 995
1952 644
995 1696
1696 1025
1696 867
1025 422
1025 2555
422 1759
422 1385
1759 997
997 738
738 420
738 1483
420 611
420 1692
611 1874
611 2773
1874 1034
1874 2533
1034 2387
2387 207
207 1109
207 1267
1109 1120
1109 1127
1120 2913
2913 833
2913 1536
833 1997
1997 1162
1997 1169
1162 2210
2210 2857
2857 1508
2857 1269
1508 2093
2093 2934
2093 2047
2934 1885
1885 1795
1885 56
1795 2765
2765 2563
2563 2199
2199 679
2199 393
679 1030
1030 237
237 2293
237 2517
2293 2366
2366 1766
1766 1500
1500 2694
1500 1327
2694 1855
1855 626
626 4
626 2401
4 2496
2496 129
2496 2751
129 2245
2245 2838
2245 2239
2838 2227
2838 2760
2227 2522
2522 2498
2498 2357
2357 1382
1382 2841
2841 84
2841 1825
84 2362
84 2133
2362 2286
2286 1517
1517 1882
1517 1292
1882 969
1882 2621
969 1400
969 2
1400 2828
1400 1695
2828 1451
1451 1390
1390 274
1390 1693
274 491
274 194
491 2354
2354 828
2354 2937
828 1277
828 110
1277 2249
2249 248
2249 1888
248 1391
1391 2926
1391 202
2926 479
479 2912
479 1398
2912 296
296 1079
1079 2275
2275 815
815 2703
2703 2735
2735 2595
2735 349
2595 2783
2595 2574
2783 906
906 2845
2845 176
2845 1179
176 2290
2290 1221
1221 97
97 1814
97 1042
1814 874
1814 329
874 785
785 1783
1783 732
1783 2523
732 2044
732 2560
2044 1015
2044 614
1015 811
1015 2493
811 294
811 1953
294 1000
1000 919
1000 1093
919 204
919 1648
204 817
204 2115
817 2531
2531 2419
2419 1319
1319 1088
1088 2287
2287 1791
2287 1497
1791 258
1791 2652
258 375
375 827
827 1609
1609 755
1609 589
755 481
481 1960
481 2596
1960 1617
1617 791
1617 447
791 243
791 493
243 385
385 21
385 964
21 553
553 1815
553 1345
1815 1904
1904 2762
1904 2368
2762 2087
2762 1752
2087 816
2087 2698
816 214
214 583
214 2110
583 2264
2264 1921
1921 2129
1921 1067
2129 2527
2129 665
2527 1627
2527 2863
1627 444
444 2299
444 757
2299 2524
2524 462
462 2375
462 2437
2375 1889
1889 963
963 2855
963 1456
2855 1671
2855 1806
1671 2776
1671 306
2776 1204
1204 392
1204 770
392 532
532 700
532 67
700 607
607 640
607 1715
640 1477
1477 758
758 2711
2711 518
518 8
518 228
8 2695
2695 332
2695 365
332 2176
2176 325
325 1835
325 1411
1835 1848
1848 1653
1653 1081
1653 2513
1081 2117
2117 572
572 649
572 1321
649 1803
1803 666
1803 1085
666 255
255 1717
255 1916
1717 2781
2781 1290
2781 2618
1290 1616
1290 428
1616 1402
1616 543
1402 2483
1402 971
2483 1861
2483 762
1861 1865
1865 558
558 1328
1328 509
509 47
47 1392
47 887
1392 309
1392 880
309 720
309 2313
720 1147
720 1347
1147 1256
1147 1137
1256 2010
1256 2361
2010 2462
2010 897
2462 160
160 2465
160 2921
2465 1798
2465 2391
1798 394
1798 2651
394 1817
1817 996
1817 170
996 1649
1649 1566
1649 2367
1566 264
1566 854
264 2908
2908 773
773 2251
773 1926
2251 1353
2251 730
1353 2081
1353 627
2081 533
533 1837
1837 2612
1837 600
2612 2310
2612 1513
2310 1194
2310 1182
1194 1405
1194 1393
1405 323
323 1257
323 485
1257 2539
2539 549
549 888
888 920
920 174
174 1886
174 855
1886 2288
1886 1373
2288 2055
2288 1231
2055 2459
2055 820
2459 1873
1873 1018
1018 1333
1018 1667
1333 108
1333 2202
108 859
859 1996
859 1478
1996 744
1996 2607
744 1372
1372 2665
2665 547
2665 1638
547 1643
547 767
1643 639
1643 725
639 1664
1664 179
1664 2798
179 2647
2647 1056
1056 1774
1056 224
1774 559
1774 1831
559 436
436 286
286 1539
286 212
1539 1602
1539 2609
1602 1070
1602 1905
1070 1623
1623 2506
2506 75
2506 1318
75 2003
75 471
2003 2445
2445 2715
2445 2582
2715 1131
1131 100
1131 457
100 2324
2324 1140
1140 2792
1140 876
2792 552
2792 2402
552 132
132 133
133 2248
2248 2939
2248 2631
2939 2763
2939 2224
2763 2490
2490 766
2490 2389
766 812
766 881
812 1282
812 985
1282 1969
1969 2216
2216 988
988 1559
1559 731
731 524
731 505
524 59
524 916
59 2475
59 1650
2475 1433
1433 514
1433 257
514 1751
514 235
1751 1679
1751 522
1679 709
1679 101
709 338
338 222
222 857
222 728
857 45
45 1211
1211 2147
2147 676
676 2291
676 1154
2291 1516
1516 2534
1516 2240
2534 2893
2893 398
2893 682
398 1065
1065 2821
2821 2315
2315 1804
2315 1496
1804 595
595 1361
1361 321
321 1626
321 1519
1626 933
1626 2899
933 2470
933 1902
2470 103
103 2905
2905 51
51 76
51 2491
76 1903
76 2885
1903 575
1903 261
575 1760
575 545
1760 2529
1760 1698
2529 1954
1954 27
1954 2066
27 913
913 1948
913 2914
1948 1741
1741 779
779 2886
779 1348
2886 1863
2886 269
1863 2292
1863 2478
2292 1486
1486 2460
1486 2814
2460 1734
1734 1386
1386 109
1386 2823
109 2221
2221 425
2221 2834
425 2233
2233 1522
2233 2627
1522 388
388 1337
1337 2320
1337 1424
2320 494
2320 2228
494 1967
494 2300
1967 2331
2331 1722
2331 147
1722 1544
1544 1054
1054 2146
1054 1678
2146 230
230 2836
230 198
2836 2477
2836 2205
2477 40
40 1607
40 145
1607 117
117 1223
117 2884
1223 1268
1268 513
513 2189
513 907
2189 191
191 352
352 2859
352 1941
2859 2014
2859 284
2014 621
621 1021
621 2768
1021 463
463 794
463 336
794 654
794 856
654 2138
2138 2707
2138 1549
2707 2329
2707 236
2329 1585
2329 42
1585 1720
1720 1955
1720 492
1955 1031
1031 2425
2425 2026
2425 1200
2026 2860
2026 2284
2860 2106
2860 2777
2106 1637
1637 438
1637 1020
438 1846
438 2839
1846 999
1846 530
999 1581
1581 2682
1581 1355
2682 2237
2682 58
2237 2428
2428 1275
2428 789
1275 1100
1100 2101
2101 1468
1468 1485
1485 630
630 2042
2042 123
2042 2654
123 860
860 2222
2222 1470
2222 2774
1470 1038
1038 1647
1038 529
1647 25
1647 1198
25 1494
1494 2734
1494 873
2734 1460
2734 1975
1460 1878
1878 2656
2656 2883
2883 1917
1917 1640
1640 1564
1564 648
648 33
33 2447
2447 1918
2447 1022
1918 2241
1918 2575
2241 850
2241 526
850 2376
2376 2474
2474 185
2474 2048
185 780
185 2109
780 2907
780 2012
2907 88
88 1639
1639 2371
2371 1098
2371 225
1098 464
1098 2062
464 2848
464 895
2848 1350
2848 1308
1350 358
358 1870
1870 520
520 936
936 379
936 774
379 1914
1914 272
1914 2099
272 2611
2611 2317
2317 2418
2418 1669
1669 878
878 807
878 2436
807 2778
2778 1618
2778 1493
1618 1944
1618 1453
1944 1595
1944 1316
1595 1297
1595 2011
1297 718
1297 904
718 2392
718 404
2392 950
950 1521
1521 2343
2343 1730
1730 536
536 1769
1769 1095
1769 316
1095 1193
1095 1552
1193 2846
1193 2050
2846 2032
2846 490
2032 1859
1859 1739
1859 1724
1739 1149
1149 1771
1771 798
1771 1629
798 769
798 1377
769 1266
769 1378
1266 1624
1266 2758
1624 751
1624 2127
751 1323
1323 702
1323 1061
702 2065
702 1523
2065 66
66 1202
1202 2184
2184 2625
2184 1459
2625 2804
2804 2807
2804 1675
2807 2732
2807 1
2732 1907
1907 2710
1907 951
2710 1656
2710 91
1656 2172
1656 668
2172 1674
2172 2369
1674 2613
2613 2719
2613 1253
2719 2160
2160 2157
2160 2476
2157 1593
1593 2276
1593 155
2276 1709
1709 2390
2390 2344
2390 1782
2344 1582
1582 1786
1582 114
1786 948
1786 1171
948 678
948 795
678 1199
678 1273
1199 1727
1199 377
1727 1086
1086 1011
1086 1755
1011 2872
2872 1849
2872 2649
1849 2571
1849 2193
2571 2688
2688 1891
1891 1280
1891 884
1280 818
1280 2404
818 1556
1556 2585
1556 79
2585 57
57 949
949 2677
949 1300
2677 2788
2677 14
2788 2813
2813 1867
2813 2374
1867 1613
1613 2200
1613 1935
2200 1864
1864 488
1864 2725
488 441
488 1130
441 1286
1286 737
1286 788
737 1414
737 1587
1414 2071
1414 276
2071 1792
2071 931
1792 832
832 435
435 1481
1481 2680
2680 2581
2581 2187
2187 1622
1622 2633
1622 2895
2633 2365
2365 1430
2365 1464
1430 642
642 1364
1364 1002
1364 2075
1002 1789
1002 115
1789 2521
2521 1499
2521 1808
1499 1370
1499 121
1370 459
1370 1666
459 1376
1376 1279
1279 1919
1279 836
1919 1119
1919 516
1119 1758
1119 1418
1758 2591
2591 1467
2591 633
1467 2215
1467 249
2215 1262
2215 535
1262 2197
1262 357
2197 1685
2197 1335
1685 2835
2835 484
2835 180
484 864
864 1108
1108 1845
1845 1399
1399 898
898 1029
898 206
1029 489
489 311
489 2038
311 128
311 391
128 279
128 1862
279 2881
279 2882
2881 2657
2881 1543
2657 2757
2657 52
2757 1765
1765 1721
1765 1315
1721 2546
1721 1872
2546 2255
2546 2024
2255 845
2255 1895
845 1209
845 2903
1209 1397
1209 2577
1397 1836
1397 407
1836 411
1836 739
411 1672
1672 1404
1672 2257
1404 2054
1404 1773
2054 2022
2022 262
2022 1763
262 1232
262 2009
1232 2874
2874 1681
2874 2118
1681 384
1681 911
384 496
384 1139
496 1524
1524 1089
1089 2832
2832 2351
2832 427
2351 2622
2351 900
2622 2383
2622 824
2383 1560
1560 937
937 1972
937 2906
1972 1615
1972 318
1615 175
1615 568
175 1324
175 2603
1324 2077
2077 1818
1818 1726
1818 1472
1726 574
574 2754
574 923
2754 1188
1188 1723
1723 2282
1723 2630
2282 2246
2282 1732
2246 800
2246 1173
800 914
914 2395
2395 1965
2395 1043
1965 1632
1632 508
508 1091
508 189
1091 2507
1091 74
2507 1332
1332 1558
1558 130
1558 821
130 928
130 495
928 2034
2034 2847
2847 2812
2812 598
2812 1264
598 1387
598 2670
1387 1690
1387 183
1690 171
171 41
171 1228
41 1212
1212 136
136 1984
136 2124
1984 2808
2808 2901
2901 1659
1659 1986
1986 1008
1986 29
1008 586
586 1631
1631 2442
2442 1307
2442 2338
1307 1938
1307 778
1938 2916
1938 632
2916 239
239 775
775 451
775 2089
451 915
451 2888
915 2910
915 899
2910 1606
2910 1877
1606 1455
1455 1633
1633 1628
1628 1913
1628 697
1913 322
1913 2744
322 861
861 362
861 13
362 2853
362 2107
2853 232
2853 440
232 1408
1408 1981
1408 2272
1981 410
410 1420
410 869
1420 1227
1420 729
1227 1906
1906 449
1906 2668
449 902
449 2558
902 2826
2826 1186
1186 903
1186 2675
903 2830
2830 364
2830 1858
364 193
193 760
193 566
760 307
760 81
307 1298
1298 141
141 2164
2164 1105
2164 1175
1105 1892
1892 2587
2587 940
2587 681
940 1676
940 36
1676 361
361 2303
2303 2687
2687 2782
2782 2791
2791 2409
2791 5
2409 998
2409 2509
998 1078
1078 656
656 2597
656 30
2597 1852
2597 2634
1852 343
1852 403
343 965
343 512
965 2033
965 675
2033 2720
2033 2155
2720 345
2720 2132
345 418
345 1655
418 1295
418 2822
1295 483
1295 2538
483 1911
1911 1827
1911 2497
1827 2355
1827 2005
2355 2536
2536 2415
2536 2658
2415 216
2415 2878
216 2473
2473 111
2473 1187
111 1682
1682 1603
1603 2771
2771 2082
2082 952
2082 2256
952 1113
1113 2503
2503 2408
2503 1505
2408 1230
1230 1729
1729 1339
1729 2552
1339 1528
1339 2593
1528 866
866 2858
2858 2505
2505 184
2505 2535
184 164
164 2663
164 1541
2663 910
2663 801
910 1224
910 31
1224 1950
1224 2869
1950 2646
2646 1334
1334 2789
1334 616
2789 1236
1236 1931
1236 1665
1931 2458
2458 1073
1073 1788
1788 1719
1719 2213
2213 842
2213 2253
842 2069
842 2349
2069 994
994 1834
1834 2876
2876 2537
2537 1574
2537 2749
1574 2678
1574 1785
2678 708
2678 1701
708 749
708 2806
749 2094
2094 2550
2094 772
2550 2924
2924 653
653 2139
2139 2116
2116 1890
2116 1303
1890 2871
2871 750
750 205
205 672
672 2131
2131 686
686 745
745 1107
1107 1490
1107 927
1490 1998
1998 1448
1448 15
1448 661
15 2877
15 95
2877 2175
2175 297
2175 278
297 1651
1651 2353
1651 1619
2353 2328
2353 1673
2328 359
2328 1229
359 1201
359 2827
1201 2334
2334 1711
1711 2492
2492 851
851 137
851 1082
137 2580
137 1438
2580 2705
2580 409
2705 122
122 875
122 582
875 401
401 1871
1871 1936
1871 912
1936 1802
1936 1423
1802 1270
1802 1239
1270 992
992 555
555 234
234 2296
2296 18
18 1168
1168 839
1168 86
839 201
201 1003
1003 1843
1843 195
195 2413
2413 1313
1313 1118
1313 1987
1118 2931
1118 2573
2931 688
2931 476
688 1910
1910 2229
1910 843
2229 2676
2676 1958
2676 1032
1958 1380
1958 2252
1380 945
945 667
945 2326
667 748
748 777
777 2350
777 1611
2350 2370
2350 247
2370 2166
2370 796
2166 2168
2166 2932
2168 1304
2168 1288
1304 1660
1660 2416
2416 2159
2416 2583
2159 2730
2159 9
2730 1075
2730 156
1075 424
1075 1167
424 2604
2604 2898
2604 908
2898 2736
2736 1427
2736 220
1427 636
1427 2809
636 1284
1284 35
35 2123
35 82
2123 2819
2123 1976
2819 2468
2819 2697
2468 519
2468 1189
519 1074
519 1796
1074 439
1074 487
439 2481
2481 1388
2481 1750
1388 2559
2559 865
2559 695
865 1281
1281 1857
1857 2485
2485 1662
2485 2679
1662 1296
1296 2487
2487 986
2487 2084
986 2398
986 1144
2398 2431
2431 181
181 870
870 2421
2421 2671
2671 2364
2364 315
2364 2566
315 2434
315 1999
2434 2223
2434 252
2223 2352
2223 2268
2352 2360
2360 2933
2933 1274
1274 2666
2666 2073
2073 962
962 2554
2554 934
2554 1743
934 1579
934 1691
1579 2259
1579 1887
2259 1940
1940 2144
2144 792
2144 135
792 334
334 1250
1250 2244
2244 2629
2244 374
2629 2632
2629 591
2632 1166
1166 2064
2064 378
2064 2007
378 2217
2217 1770
2217 1037
1770 993
1770 1099
993 528
993 1933
528 2941
528 783
2941 2142
2941 693
2142 1237
2142 2461
1237 2307
2307 871
2307 2170
871 978
871 2642
978 1252
978 699
1252 2378
2378 120
2378 943
120 2386
2386 455
2386 2673
455 287
287 1207
287 2446
1207 2689
2689 2929
2689 1797
2929 619
2929 125
619 2753
2753 1710
2753 2201
1710 2196
1710 63
2196 94
2196 623
94 227
94 2059
227 2046
227 847
2046 2628
2628 932
2628 1112
932 2466
932 2690
2466 2706
2706 1794
1794 2712
2712 1898
2712 1246
1898 238
238 1971
1971 2348
2348 1437
1437 2648
2648 721
721 2208
721 1963
2208 2095
2208 2021
2095 1928
1928 896
896 2339
2339 1213
2339 2542
1213 68
68 2340
68 1225
2340 2641
2641 413
413 2417
2417 304
2417 808
304 2333
304 1988
2333 1487
2333 712
1487 646
646 1498
1498 2626
1498 2743
2626 573
573 1055
573 1425
1055 1122
1055 2510
1122 1828
1828 2511
1828 2235
2511 1234
1234 1336
1234 628
1336 1708
1336 974
1708 1775
1708 2394
1775 2301
1775 1915
2301 2588
2301 2722
2588 831
2588 188
831 387
831 2040
387 1441
1441 301
1441 2161
301 303
303 2553
303 946
2553 2576
2553 2056
2576 1159
1159 1853
1853 1123
1123 1829
1123 804
1829 1012
1012 461
1012 1538
461 1302
461 797
1302 2674
1302 753
2674 2862
2674 1630
2862 2455
2455 1688
1688 319
1688 2209
319 127
319 1322
127 503
503 1995
1995 1894
1995 786
1894 1635
1894 1126
1635 1436
1436 2638
2638 2100
2638 599
2100 153
153 1754
1754 165
1754 2938
165 2723
2723 2269
2723 159
2269 381
2269 2816
381 604
381 299
604 2785
604 2733
2785 819
2785 1823
819 2171
2171 1959
2171 1305
1959 2327
2327 2655
2327 638
2655 596
596 764
596 363
764 367
764 1812
367 1226
367 148
1226 2122
1226 78
2122 2739
2739 1876
2739 1761
1876 347
347 2594
2594 1371
2594 2141
1371 534
1371 521
534 477
534 2188
477 2243
2243 28
2243 1434
28 244
244 1195
1195 2306
2306 12
2306 354
12 87
87 594
594 1747
1747 192
1747 2699
192 2393
2393 973
2393 537
973 1289
1289 1573
1573 2424
2424 2080
2424 1148
2080 1059
2080 1580
1059 1515
1059 32
1515 1219
1515 2726
1219 149
149 70
70 2691
70 2779
2691 1546
2691 1575
1546 2152
2152 634
2152 2909
634 571
571 1492
571 1053
1492 1731
1492 1927
1731 341
1731 2500
341 2516
341 1150
2516 690
2516 152
690 54
690 1019
54 2407
54 1807
2407 1450
1450 1005
1450 2337
1005 2467
2467 7
2467 1454
7 1087
7 2053
1087 2636
1087 2426
2636 1247
1247 1210
1210 659
659 957
957 1106
957 704
1106 161
1106 941
161 2321
161 631
2321 144
2321 1111
144 233
233 339
233 1445
339 2108
339 2039
2108 2173
2108 2037
2173 157
157 445
157 330
445 2484
445 958
2484 1217
2484 310
1217 2844
2844 1429
1429 947
947 2532
2532 2891
2891 1263
1263 1320
1320 2091
2091 353
2091 1901
353 2151
2151 480
2151 2643
480 889
480 1677
889 1255
889 474
1255 1746
1255 2486
1746 2861
1746 1993
2861 1942
1942 1753
1753 1554
1554 1562
1562 2289
2289 231
231 2645
231 2254
2645 2526
2526 1363
2526 1233
1363 2896
