2 1242 756
1 2
136 326
136 1230
326 445
445 469
469 1160
469 247
1160 868
1160 1134
868 262
262 53
53 528
528 300
528 885
300 141
141 1238
141 192
1238 104
104 924
104 283
924 1222
1222 218
218 34
34 991
991 698
698 1092
1092 827
827 511
827 126
511 782
782 948
782 100
948 1041
948 1189
1041 556
1041 804
556 864
556 541
864 506
506 79
506 465
79 1169
79 31
1169 522
1169 347
522 678
522 486
678 1179
1179 1197
1179 1205
1197 173
173 351
351 1006
351 1212
1006 1059
1059 258
258 573
258 591
573 615
615 260
615 1094
260 167
167 952
952 1192
1192 730
730 391
730 1188
391 12
12 1241
1241 117
1241 1124
117 509
509 277
277 297
297 178
178 207
178 1159
207 487
207 1026
487 225
487 501
225 794
225 1174
794 1195
794 843
1195 903
903 684
684 796
684 90
796 1161
1161 664
664 227
227 945
945 6
945 423
6 364
6 686
364 538
538 1046
1046 628
1046 392
628 524
524 651
651 421
651 503
421 82
82 691
691 676
691 383
676 1155
676 500
1155 711
711 38
38 763
38 20
763 1111
763 341
1111 1001
1001 694
1001 292
694 190
190 1162
190 131
1162 256
1162 107
256 1107
1107 324
324 950
324 212
950 1133
950 24
1133 30
1133 872
30 475
475 1239
475 926
1239 103
103 186
186 358
186 205
358 553
553 139
553 561
139 73
139 344
73 731
73 28
731 401
401 244
401 132
244 912
912 765
765 234
234 80
234 916
80 520
520 235
235 37
37 335
37 1231
335 693
335 550
693 584
693 450
584 106
106 280
280 744
744 597
597 611
611 279
279 1184
1184 27
27 626
27 161
626 1070
1070 510
1070 590
510 270
510 624
270 299
299 1032
1032 762
762 329
329 185
329 413
185 754
185 652
754 810
754 899
810 259
259 63
259 1145
63 1077
1077 970
970 1009
1009 764
1009 750
764 913
764 171
913 866
866 644
866 189
644 534
534 1135
534 1091
1135 1122
1135 1158
1122 1
1 499
1 1142
499 1227
499 142
1227 745
1227 630
745 826
826 861
826 977
861 110
110 1108
110 900
1108 1141
1108 918
1141 896
1141 639
896 713
896 605
713 564
564 865
865 111
865 266
111 473
111 1214
473 60
473 402
60 407
60 481
407 166
166 46
166 278
46 202
46 170
202 230
202 1113
230 791
791 898
791 614
898 176
898 627
176 1004
1004 601
1004 551
601 1099
601 148
1099 1110
1099 519
1110 1149
1149 1102
1102 10
1102 179
10 281
10 236
281 579
281 243
579 802
802 625
802 191
625 1024
1024 649
1024 303
649 294
294 569
569 137
137 909
909 1000
1000 268
268 555
268 687
555 165
165 956
956 1196
1196 1190
1190 870
870 468
468 389
389 598
598 902
598 717
902 682
682 788
682 962
788 94
94 596
596 229
229 552
229 362
552 512
512 1237
1237 840
1237 1112
840 527
527 355
355 633
355 1003
633 497
497 929
497 769
929 801
801 1079
1079 1229
1229 1018
1018 312
1018 1062
312 349
312 521
349 149
149 367
149 32
367 1013
1013 398
1013 871
398 377
377 515
377 721
515 562
562 830
830 143
143 1173
143 381
1173 451
451 1031
1031 1100
1031 588
1100 752
1100 333
752 1042
752 488
1042 396
1042 439
396 983
983 1164
1164 1125
1125 576
1125 572
576 322
576 457
322 410
322 88
410 766
766 922
922 996
996 715
996 175
715 883
715 461
883 1073
1073 470
470 654
654 607
607 1106
607 772
1106 712
1106 1060
712 1116
1116 214
214 824
214 655
824 485
485 978
485 880
978 1206
1206 426
426 81
81 1027
81 653
1027 1143
1027 370
1143 298
298 1048
298 376
1048 982
982 309
309 290
290 828
290 709
828 493
828 348
493 853
493 180
853 851
851 352
352 459
459 1120
459 645
1120 184
1120 307
184 456
456 965
965 365
365 433
365 707
433 799
433 809
799 272
272 723
272 1093
723 336
723 841
336 890
336 565
890 767
767 188
767 856
188 563
563 1157
1157 986
986 740
986 749
740 286
286 444
286 747
444 836
444 725
836 5
5 820
820 761
761 442
761 164
442 1146
442 95
1146 65
65 795
65 1180
795 387
795 359
387 876
876 257
257 284
284 40
284 893
40 440
440 419
440 71
419 613
419 96
613 969
613 1175
969 1136
969 395
1136 895
895 829
829 1236
1236 154
154 399
399 483
483 959
959 491
959 846
491 513
491 431
513 1168
1168 532
532 675
675 98
675 1014
98 650
650 831
650 220
831 973
831 932
973 1187
1187 146
1187 623
146 832
832 1103
1103 901
901 858
858 640
858 1029
640 779
779 1084
779 816
1084 301
301 849
301 1057
849 974
974 1056
974 17
1056 4
1056 892
4 409
4 706
409 84
409 585
84 778
84 252
778 811
811 437
811 571
437 232
232 467
232 904
467 250
467 1064
250 237
237 888
888 1049
1049 847
1049 394
847 789
789 115
115 183
115 1020
183 105
183 49
105 998
105 719
998 1052
998 518
1052 209
1052 1224
209 1088
209 1225
1088 339
339 714
714 83
714 1123
83 1167
83 815
1167 814
814 1065
1065 667
1065 889
667 643
667 254
643 592
643 448
592 72
592 805
72 540
540 587
540 787
587 332
332 758
758 494
494 482
482 1040
482 87
1040 894
1040 334
894 690
690 937
937 531
531 1215
531 477
1215 504
1215 882
504 680
504 422
680 580
580 372
580 881
372 850
372 1019
850 558
558 677
558 792
677 446
446 656
656 800
656 636
800 449
449 206
206 120
206 1219
120 43
120 685
43 934
43 949
934 753
753 369
753 420
369 181
181 1153
1153 253
1153 975
253 302
253 158
302 855
855 803
855 47
803 695
803 933
695 921
695 1022
921 204
921 476
204 373
204 1148
373 36
36 249
249 16
16 848
16 1228
848 525
525 397
397 716
716 774
716 1140
774 1039
774 689
1039 777
1039 797
777 946
777 910
946 238
238 1083
238 25
1083 1132
1083 1114
1132 405
405 343
343 1054
343 981
1054 219
219 837
219 273
837 241
837 331
241 1151
1151 638
1151 1109
638 1101
638 575
1101 306
1101 1207
306 507
306 1118
507 732
732 768
732 619
768 874
768 746
874 443
874 1177
443 350
443 665
350 1087
1087 242
242 210
210 44
210 330
44 193
44 879
193 425
425 1202
1202 641
1202 135
641 239
239 529
239 1008
529 70
70 429
70 1201
429 1105
1105 127
1105 311
127 393
393 681
393 1007
681 994
681 863
994 1089
994 1165
1089 941
1089 1037
941 384
384 927
927 35
35 823
823 875
875 821
875 368
821 152
152 1025
1025 621
1025 357
621 755
755 674
755 971
674 997
674 159
997 919
919 928
928 631
631 138
138 1144
1144 604
1144 245
604 246
246 581
581 914
581 629
914 907
914 248
907 733
733 345
345 545
345 323
545 18
545 783
18 547
547 78
547 328
78 548
78 1061
548 726
548 917
726 434
434 696
434 86
696 1015
696 64
1015 66
66 472
66 833
472 113
472 374
113 1081
113 337
1081 1072
1081 160
1072 1034
1034 102
1034 427
102 109
109 480
109 151
480 593
593 944
944 432
944 1182
432 812
432 346
812 517
517 296
296 213
296 884
213 495
213 727
495 13
13 198
13 873
198 412
412 3
412 45
3 128
128 854
854 1033
854 537
1033 182
182 89
89 559
89 1203
559 130
559 59
130 56
56 68
68 739
739 817
739 255
817 920
817 93
920 221
221 1204
221 760
1204 505
1204 940
505 775
775 58
58 318
58 1213
318 536
318 1095
536 822
822 1185
1185 26
26 452
452 1170
1170 1074
1074 603
603 544
544 1181
544 356
1181 578
1181 1030
578 321
578 1172
321 287
321 806
287 121
287 269
121 282
121 662
282 390
282 976
390 123
390 1150
123 15
123 938
15 672
672 342
342 1047
342 288
1047 316
1047 622
316 438
316 275
438 271
271 612
612 1010
1010 67
67 97
67 1218
97 418
97 388
418 660
660 954
660 646
954 773
954 145
773 992
992 474
474 608
608 1098
1098 57
1098 251
57 539
539 327
539 1119
327 264
327 508
264 1242
264 168
1242 150
1242 993
150 1021
150 466
1021 808
808 722
808 923
722 1069
722 153
1069 526
1069 600
526 670
670 819
819 1085
819 9
1085 162
1085 464
162 39
162 1235
39 835
39 891
835 742
835 144
742 119
742 1208
119 514
119 738
514 61
514 838
61 987
987 1211
987 226
1211 308
308 606
606 453
606 1131
453 172
172 1058
172 984
1058 658
1058 776
658 911
658 317
911 533
533 1216
1216 567
1216 703
567 42
42 411
42 201
411 845
845 414
414 957
414 265
957 233
233 566
233 1234
566 736
566 274
736 1121
1121 33
1121 931
33 371
33 570
371 985
371 697
985 699
985 157
699 748
748 535
748 108
535 877
535 19
877 1163
1163 460
460 757
460 479
757 995
995 936
995 361
936 463
936 101
463 516
516 217
217 860
860 683
860 1137
683 942
683 999
942 1016
942 647
1016 557
557 1223
1223 436
436 988
436 635
988 1080
1080 637
637 441
637 293
441 289
289 231
289 228
231 1200
1200 125
125 492
125 915
492 29
29 710
29 498
710 313
313 403
403 195
403 1050
195 666
195 315
666 11
11 1082
11 961
1082 62
1082 310
62 163
62 960
163 2
163 784
2 1117
1117 943
943 867
867 41
41 363
41 447
363 215
363 1171
215 484
215 122
484 1012
1012 435
435 208
208 963
208 1011
963 1154
1154 582
1154 878
582 759
759 353
759 989
353 200
200 617
617 1055
1055 203
203 1166
203 1183
1166 1233
1166 1186
1233 338
1233 908
338 496
496 276
276 813
813 728
728 1156
728 378
1156 735
1156 1152
735 818
735 48
818 609
609 859
859 620
620 224
224 1045
1045 951
1045 1067
951 155
951 972
155 966
155 177
966 1191
966 807
1191 400
1191 546
400 174
174 939
174 194
939 751
751 1051
751 549
1051 261
261 385
261 743
385 1071
1071 69
69 979
979 267
979 668
267 156
267 147
156 240
240 85
240 380
85 1193
85 935
1193 671
671 340
671 99
340 408
340 382
408 92
92 673
92 844
673 594
594 1129
594 886
1129 222
1129 1217
222 1023
222 574
1023 1127
1023 616
1127 417
1127 905
417 737
417 842
737 543
737 688
543 1178
543 729
1178 785
785 1035
785 869
1035 530
1035 116
530 263
263 1028
1028 366
366 781
366 756
781 1063
1063 1210
1063 1130
1210 589
589 216
216 953
953 1096
1096 478
478 291
291 1199
1199 114
114 415
415 1104
415 542
1104 720
720 704
720 1198
704 91
91 1209
1209 21
1209 857
21 1053
21 1075
1053 583
1053 1086
583 77
77 595
77 958
595 834
834 75
75 661
661 523
523 406
406 51
51 925
925 790
790 404
404 1226
404 304
1226 947
947 701
947 1240
701 599
701 7
599 112
112 702
702 990
990 602
602 1147
1147 1005
1147 1078
1005 692
692 1128
1128 1115
1128 700
1115 852
1115 568
852 825
825 968
968 771
968 74
771 314
771 906
314 798
798 618
798 23
618 462
462 659
659 386
659 980
386 134
386 454
134 1044
134 793
1044 642
1044 169
642 354
642 577
354 648
354 489
648 54
54 1220
54 1139
1220 1126
1126 554
554 424
424 610
610 55
610 8
55 964
55 1090
964 129
964 897
129 705
705 1232
705 780
1232 140
1232 586
140 295
295 196
295 930
196 490
490 430
430 632
632 955
955 718
955 325
718 22
22 1176
22 320
1176 455
455 223
455 786
223 76
76 375
76 770
375 734
375 14
734 133
133 52
52 416
416 1194
1194 428
428 862
428 118
862 360
862 1017
360 197
197 211
197 124
211 1097
1097 1076
1076 285
1076 305
285 379
379 1038
1038 1002
1002 663
1002 1138
663 669
669 1068
1068 1036
1036 187
1036 319
187 679
187 502
679 199
199 1043
199 839
1043 887
1043 634
887 560
560 967
560 724
967 741
967 1221
741 458
458 50
458 1066
50 657
50 471
657 708
