27 1301 78
17 20
20 21
21 1
21 25
1 19
1 26
19 23
23 14
23 8
14 27
14 5
27 15
27 2
15 12
12 18
12 13
18 9
18 16
9 24
9 7
24 6
24 3
6 4
6 22
4 10
10 11
550 1056
1056 654
654 798
654 1149
798 1274
1274 266
266 1083
1083 302
302 165
165 467
165 1234
467 1092
467 1014
1092 183
1092 1001
183 436
183 97
436 791
436 459
791 754
791 25
754 121
121 296
121 846
296 1053
296 662
1053 164
1053 201
164 943
164 334
943 1088
1088 282
1088 148
282 1168
1168 613
613 935
935 1013
935 950
1013 664
1013 1241
664 327
664 1093
327 1283
1283 805
805 908
908 318
908 796
318 1152
318 898
1152 11
1152 111
11 500
11 1031
500 355
355 498
355 729
498 92
92 840
92 1271
840 293
840 214
293 1243
1243 1150
1150 151
151 757
757 880
880 789
880 903
789 415
415 503
503 537
503 211
537 845
537 259
845 22
845 685
22 1156
22 992
1156 378
378 861
378 603
861 825
861 512
825 71
71 1160
1160 1072
1072 807
1072 844
807 681
681 108
108 310
108 890
310 581
310 612
581 1107
1107 914
914 745
914 136
745 1256
745 278
1256 561
561 364
561 67
364 989
989 1050
989 538
1050 863
863 1109
1109 377
1109 724
377 1157
377 655
1157 885
885 627
885 1249
627 4
4 1137
1137 1037
1137 1076
1037 64
64 871
871 857
871 676
857 793
793 615
793 461
615 1264
615 1181
1264 101
1264 542
101 856
101 427
856 394
856 595
394 674
674 1158
1158 1104
1104 344
1104 240
344 1028
1028 410
1028 8
410 1232
410 800
1232 658
1232 968
658 219
219 971
219 28
971 525
525 560
560 493
493 68
493 1045
68 1248
1248 254
254 275
275 207
275 771
207 1018
1018 703
703 1025
1025 636
636 120
636 875
120 708
120 369
708 180
180 1217
180 157
1217 1146
1146 1111
1111 342
1111 403
342 564
342 735
564 123
564 553
123 300
300 439
300 837
439 197
439 646
197 452
452 910
452 234
910 375
910 384
375 263
375 934
263 1191
263 806
1191 530
1191 1192
530 721
530 682
721 347
347 2
347 772
2 584
584 286
286 98
286 256
98 510
510 917
510 722
917 1046
917 1132
1046 360
1046 995
360 988
988 937
937 1142
1142 174
1142 948
174 705
174 382
705 862
705 324
862 1128
862 1040
1128 820
1128 919
820 89
89 873
89 371
873 1260
1260 306
306 1133
1133 940
1133 549
940 388
940 964
388 720
388 1177
720 629
629 1292
1292 118
1292 502
118 951
118 586
951 642
642 506
506 999
999 775
775 1190
775 387
1190 391
391 577
391 578
577 675
675 274
675 21
274 1042
1042 610
1042 955
610 238
610 639
238 285
285 1206
1206 81
1206 1090
81 1166
81 155
1166 1247
1247 464
1247 1125
464 308
308 208
308 866
208 1180
208 965
1180 1207
1207 693
693 475
475 1205
1205 196
1205 546
196 320
320 117
320 6
117 49
117 62
49 1049
1049 31
1049 1194
31 557
557 799
557 1024
799 1002
1002 710
710 16
16 1145
1145 1179
1179 1135
1135 1236
1135 1075
1236 386
386 494
386 434
494 781
781 181
781 532
181 815
815 953
815 638
953 1044
1044 406
406 611
406 233
611 1027
1027 760
1027 952
760 1297
760 1140
1297 440
440 426
426 726
426 959
726 1147
726 359
1147 351
351 795
795 694
795 600
694 449
449 265
449 414
265 507
265 1167
507 226
226 132
132 206
206 869
869 533
533 1129
1129 1153
1129 298
1153 1078
1153 585
1078 517
1078 887
517 813
517 1060
813 468
813 602
468 752
468 829
752 1062
1062 1041
1041 366
366 976
366 876
976 941
941 513
513 1012
513 338
1012 116
1012 379
116 37
37 73
37 536
73 456
73 663
456 361
456 755
361 1182
1182 487
487 896
896 1087
896 41
1087 124
1087 205
124 509
124 858
509 608
608 346
608 1059
346 1229
1229 58
1229 916
58 911
58 966
911 852
911 562
852 1035
1035 3
3 1022
3 1173
1022 1097
1097 202
1097 280
202 141
202 356
141 567
567 100
567 593
100 718
718 1144
1144 476
1144 1223
476 228
476 884
228 397
397 166
166 348
166 831
348 554
348 878
554 343
554 645
343 522
522 445
522 453
445 1141
1141 1091
1141 818
1091 854
1091 804
854 770
770 1124
770 212
1124 88
1124 482
88 1068
88 94
1068 142
142 39
142 330
39 460
39 9
460 1079
1079 284
1079 601
284 1033
284 200
1033 1030
1033 424
1030 321
321 158
321 1067
158 1231
1231 842
842 572
842 1170
572 673
572 1065
673 927
673 244
927 438
927 441
438 243
438 292
243 779
779 405
779 172
405 921
405 473
921 575
921 291
575 264
575 277
264 761
761 1113
1113 1
1 380
380 490
380 640
490 794
794 1171
1171 1215
1171 702
1215 698
698 1085
1085 762
762 1286
1286 241
1286 743
241 258
241 521
258 732
732 801
801 1095
801 1058
1095 1023
1095 177
1023 1136
1136 543
543 606
543 776
606 78
78 17
17 235
17 497
235 1270
1270 1263
1270 668
1263 15
1263 253
15 188
188 865
188 1043
865 666
865 1253
666 237
237 1262
237 1239
1262 104
104 1077
104 1151
1077 314
314 644
644 491
491 973
491 187
973 44
973 926
44 599
599 518
518 83
83 849
849 194
849 333
194 551
194 268
551 634
551 984
634 969
969 834
834 614
834 886
614 716
716 42
716 526
42 725
725 231
725 687
231 227
231 350
227 176
176 1101
1101 1211
1101 677
1211 945
1211 169
945 26
945 18
26 787
26 297
787 949
949 882
949 932
882 239
239 443
239 985
443 545
545 1299
545 154
1299 622
622 620
620 458
620 99
458 242
242 1005
1005 544
544 1106
544 134
1106 336
336 516
516 748
748 337
748 821
337 709
709 975
975 604
604 1183
604 1278
1183 742
742 977
742 990
977 319
977 404
319 784
319 56
784 535
535 353
353 929
353 442
929 309
309 232
232 1131
232 573
1131 962
962 1244
962 1178
1244 1070
1070 1269
1269 483
1269 1118
483 1298
1298 156
156 281
281 590
590 1219
590 652
1219 576
576 707
576 159
707 706
706 788
788 944
788 407
944 912
912 1123
912 1267
1123 659
1123 472
659 1000
659 939
1000 967
967 499
967 133
499 191
499 697
191 547
547 224
547 690
224 450
224 236
450 1038
1038 43
43 1134
1134 909
1134 245
909 431
431 287
287 85
85 1212
1212 1015
1212 1200
1015 541
541 1009
1009 1287
1287 367
1287 276
367 768
367 267
768 162
162 63
63 719
63 352
719 582
719 972
582 213
213 711
213 570
711 605
605 740
740 574
740 520
574 1195
574 588
1195 451
451 345
345 892
892 727
727 1273
727 1258
1273 195
195 463
195 758
463 556
463 1122
556 667
667 1238
1238 621
1238 626
621 396
621 1114
396 894
894 316
894 1268
316 7
7 529
529 841
841 1100
1100 383
1100 1252
383 563
383 684
563 895
563 759
895 942
942 72
72 115
115 60
115 1275
60 218
60 918
218 270
270 368
270 230
368 1240
368 814
1240 641
641 933
933 1277
1277 991
991 457
991 303
457 836
836 223
836 448
223 1161
223 446
1161 824
1161 126
824 618
618 1187
618 812
1187 714
714 1130
1130 997
997 1096
997 986
1096 471
1096 48
471 947
471 1105
947 534
534 877
877 29
877 810
29 1016
1016 630
1016 1221
630 672
672 430
672 113
430 1197
1197 548
548 1121
548 1057
1121 289
1121 65
289 715
715 1020
1020 1288
1020 1235
1288 1063
1063 14
1063 170
14 843
843 1036
1036 689
689 307
307 1086
307 1285
1086 311
311 479
311 996
479 1026
479 847
1026 528
528 1098
1098 889
1098 1074
889 827
889 38
827 250
250 1227
250 1051
1227 597
1227 322
597 23
597 79
23 179
179 691
691 738
691 823
738 1257
738 53
1257 295
295 1006
295 853
1006 767
767 193
193 138
138 220
138 435
220 1138
220 372
1138 1209
1138 835
1209 650
1209 531
650 32
650 897
32 1011
32 872
1011 1120
1011 398
1120 683
1120 1064
683 617
617 739
739 747
739 74
747 45
747 340
45 982
982 140
140 1004
1004 432
1004 354
432 786
432 736
786 839
839 248
248 1017
1017 323
1017 381
323 671
323 40
671 418
418 514
418 594
514 855
855 924
855 974
924 36
924 1216
36 161
36 51
161 902
902 221
221 70
221 486
70 920
920 1176
1176 1032
1176 819
1032 946
946 272
946 1084
272 723
272 52
723 731
723 1103
731 185
185 1213
1213 589
589 1220
589 867
1220 558
558 86
86 1080
1080 257
1080 785
257 122
257 30
122 797
797 1230
797 420
1230 1066
1066 469
1066 425
469 401
401 178
401 34
178 901
178 728
901 925
925 409
925 75
409 106
409 734
106 1116
1116 915
915 288
288 66
288 255
66 168
168 125
168 61
125 1242
125 173
1242 1029
1029 628
628 1202
628 466
1202 653
1202 753
653 661
661 480
480 1126
480 1203
1126 1162
1162 1196
1196 1276
1196 374
1276 130
130 210
130 938
210 583
583 76
76 833
833 484
833 660
484 93
484 131
93 105
105 631
105 956
631 1193
631 192
1193 246
246 127
246 571
127 198
198 838
838 1284
1284 465
1284 279
465 144
465 519
144 524
524 411
524 746
411 312
411 552
312 1290
1290 1054
1054 737
737 695
695 389
695 508
389 749
389 780
749 686
749 215
686 851
686 145
851 1265
1265 54
1265 1127
54 262
54 816
262 1148
1148 313
1148 1281
313 423
313 717
423 1102
423 77
1102 961
961 1289
961 665
1289 485
485 59
485 385
59 565
59 1185
565 114
565 701
114 555
114 559
555 413
413 1073
413 998
1073 1301
1301 87
87 688
688 317
317 928
317 501
928 1099
1099 444
444 1255
444 1154
1255 299
299 609
609 82
609 437
82 960
960 488
488 112
112 273
112 828
273 146
273 792
146 171
171 477
477 370
370 1155
370 1163
1155 733
1155 696
733 5
733 859
5 167
167 741
167 392
741 163
741 1280
163 983
163 579
983 905
905 315
315 782
315 680
782 649
649 428
649 422
428 980
428 109
980 186
980 271
186 119
119 1259
1259 1175
1259 478
1175 625
625 260
260 598
598 290
598 756
290 90
90 417
90 402
417 362
417 540
362 987
362 624
987 1246
1246 1052
1246 103
1052 954
1052 1165
954 763
763 492
763 209
492 102
102 1019
1019 326
326 12
12 700
700 47
47 153
153 474
474 229
474 802
229 1237
1237 596
1237 670
596 1272
1272 1143
1272 868
1143 505
1143 46
505 225
505 580
225 1082
225 305
1082 283
283 190
283 883
190 830
830 1199
1199 69
69 619
69 19
619 1282
619 376
1282 84
1282 412
84 811
811 395
811 643
395 96
395 803
96 616
616 304
616 1110
304 331
331 1208
331 1294
1208 269
269 1169
1169 808
1169 1069
808 765
765 751
751 55
751 393
55 1021
1021 216
1021 539
216 27
216 50
27 358
358 679
358 904
679 692
692 994
692 1254
994 569
994 657
569 874
874 881
881 1048
1048 893
893 329
329 24
329 587
24 592
24 433
592 1174
1174 712
1174 907
712 568
712 1164
568 970
568 777
970 860
970 850
860 252
860 80
252 957
957 774
774 341
774 1094
341 261
341 328
261 764
764 978
764 633
978 906
906 648
648 817
648 1139
817 408
817 349
408 1250
1250 1228
1250 607
1228 1108
1228 332
1108 204
204 1279
204 930
1279 199
1279 325
199 495
199 365
495 1261
495 390
1261 184
1261 203
184 251
184 1010
251 678
678 699
699 504
699 147
504 160
504 489
160 981
981 1007
981 363
1007 913
913 1034
913 1293
1034 809
809 1291
1291 222
222 217
222 1112
217 744
217 864
744 1119
744 1214
1119 399
399 301
301 13
13 848
848 826
826 832
832 421
832 527
421 1296
1296 1295
1295 783
783 870
783 107
870 1245
870 1210
1245 1224
1245 129
1224 879
879 623
879 778
623 1117
623 135
1117 1055
1117 470
1055 182
182 1225
1225 958
958 139
958 357
139 419
139 891
419 400
419 888
400 373
400 713
373 523
523 128
128 656
128 922
656 20
20 1003
20 143
1003 152
1003 95
152 1184
152 1159
1184 900
1184 1081
900 1266
1266 822
822 175
822 249
175 33
33 10
33 57
10 1188
1188 1047
1047 454
1047 1089
454 963
454 993
963 936
936 651
651 1222
651 931
1222 637
637 769
769 923
769 294
923 790
790 1233
790 189
1233 1198
1198 1186
1198 1218
1186 766
1186 1226
766 1201
766 669
1201 1008
1008 979
979 1039
1039 1115
1115 1189
1115 730
1189 566
1189 1251
566 899
566 150
899 1071
1071 750
750 773
773 455
455 462
455 515
462 591
462 1204
591 704
591 429
704 632
704 635
632 1061
632 481
1061 511
511 335
335 339
335 447
339 247
247 91
91 35
35 647
647 149
149 110
149 137
110 416
110 496
416 1172
1172 1300
