3 1141 882132511
1 3
3 2
429 618
618 1069
618 440
1069 1039
1039 592
1039 1004
592 480
480 232
232 322
322 621
621 706
706 30
706 41
30 72
72 397
72 758
397 383
383 290
290 687
290 1061
687 228
687 222
228 446
446 534
446 769
534 810
534 1051
810 602
602 145
602 749
145 490
145 419
490 952
490 334
952 607
607 834
607 792
834 1105
834 204
1105 245
1105 484
245 877
877 1021
877 854
1021 230
1021 414
230 631
631 109
631 173
109 301
301 278
301 654
278 470
278 1075
470 417
470 122
417 985
985 329
985 530
329 752
752 320
320 765
320 39
765 839
765 556
839 261
261 1030
261 804
1030 1131
1131 663
1131 1123
663 502
663 53
502 425
502 889
425 350
425 1060
350 514
514 258
514 891
258 243
243 817
243 178
817 108
108 339
339 112
112 579
579 1099
1099 990
1099 554
990 730
990 36
730 260
260 733
733 476
733 858
476 751
751 725
725 14
14 635
635 757
635 771
757 620
620 562
620 916
562 299
299 714
299 814
714 903
714 474
903 234
234 845
845 158
158 1072
1072 302
302 1088
1088 1109
1088 727
1109 896
1109 630
896 434
434 762
434 452
762 583
583 83
583 803
83 495
83 1102
495 229
495 1034
229 776
776 241
241 975
241 705
975 497
497 838
838 646
646 1071
646 206
1071 190
190 1013
190 324
1013 86
86 935
935 427
427 936
936 1033
1033 82
82 770
770 300
300 746
300 1116
746 963
963 152
963 33
152 1128
1128 127
1128 1057
127 735
127 461
735 317
735 504
317 590
590 754
590 50
754 933
933 876
933 403
876 1082
1082 445
1082 1079
445 488
445 709
488 1078
1078 719
1078 965
719 968
719 134
968 610
968 543
610 451
610 348
451 949
949 69
949 653
69 294
69 402
294 524
294 615
524 308
308 747
308 529
747 60
747 1113
60 960
60 708
960 104
104 815
815 1117
1117 269
1117 857
269 616
616 311
311 612
612 387
612 1106
387 571
571 1036
1036 613
1036 63
613 944
613 325
944 766
766 355
355 540
355 692
540 650
540 388
650 257
257 830
257 863
830 820
820 87
820 194
87 675
675 444
444 878
444 438
878 32
878 267
32 1077
1077 557
557 576
576 473
473 478
478 981
478 695
981 149
149 512
149 8
512 597
597 1080
597 736
1080 873
873 176
176 523
523 279
279 942
279 19
942 310
942 482
310 192
310 353
192 575
575 622
622 673
673 1101
673 46
1101 1007
1007 895
1007 410
895 527
895 619
527 225
225 61
225 347
61 137
137 548
548 21
548 215
21 135
21 24
135 289
289 745
745 872
745 22
872 1111
872 870
1111 983
983 1014
1014 510
1014 1084
510 392
510 864
392 608
392 89
608 811
811 1016
1016 494
494 62
62 74
74 1008
74 544
1008 153
153 45
45 520
45 1044
520 297
520 373
297 91
91 998
998 553
998 680
553 742
742 426
742 584
426 105
105 1042
1042 1134
1134 697
697 1017
697 731
1017 772
1017 658
772 244
772 316
244 465
465 184
184 352
352 1043
1043 1132
1043 111
1132 664
664 288
288 1045
288 295
1045 807
807 700
807 914
700 790
700 539
790 375
790 928
375 652
375 560
652 1130
1130 691
1130 430
691 756
691 1025
756 458
458 459
458 860
459 1000
1000 472
472 1138
1138 809
1138 885
809 791
809 651
791 270
791 1095
270 143
143 1062
143 385
1062 509
509 103
103 961
961 499
961 799
499 966
966 2
2 78
78 938
78 1090
938 666
666 551
551 849
849 994
994 367
994 1127
367 217
217 415
415 580
580 442
580 828
442 466
466 1018
466 945
1018 341
1018 786
341 216
341 531
216 96
96 953
96 974
953 9
953 479
9 890
9 238
890 951
890 1139
951 42
42 330
42 639
330 208
208 31
208 737
31 997
997 511
511 703
703 1112
1112 982
1112 1055
982 1009
982 34
1009 977
977 220
977 835
220 723
220 1140
723 563
563 1047
1047 604
604 271
271 374
374 587
374 833
587 1031
587 126
1031 276
1031 262
276 296
276 57
296 239
239 797
239 740
797 304
797 94
304 623
304 80
623 1029
1029 423
1029 1120
423 886
886 130
130 395
395 1093
1093 492
492 972
492 85
972 155
155 16
16 568
16 361
568 28
28 437
28 401
437 165
165 628
165 897
628 964
628 865
964 882
964 129
882 29
882 915
29 685
685 273
685 528
273 384
384 371
371 957
957 125
125 467
467 73
73 600
600 394
600 506
394 988
988 1040
988 671
1040 124
124 1122
1122 131
131 343
343 268
268 1137
1137 1049
1049 382
382 471
382 432
471 937
471 1073
937 783
937 517
783 462
783 1074
462 909
909 829
829 919
829 954
919 569
569 491
491 209
209 1041
1041 212
1041 702
212 1081
212 715
1081 88
88 70
88 516
70 177
70 406
177 286
177 183
286 869
286 732
869 453
453 389
453 191
389 681
389 98
681 550
550 721
721 259
721 219
259 107
107 154
107 546
154 455
154 1108
455 738
455 536
738 110
738 574
110 561
110 84
561 906
561 431
906 1087
906 645
1087 40
40 142
142 701
701 413
701 552
413 1141
1141 493
1141 955
493 676
676 187
187 441
441 116
116 1015
116 591
1015 518
518 340
340 1011
1011 825
1011 23
825 439
439 248
248 197
248 1053
197 577
197 532
577 76
76 487
76 624
487 97
487 1126
97 995
995 593
995 420
593 767
767 927
927 48
927 795
48 1076
1076 1006
1076 150
1006 1027
1027 1094
1027 20
1094 274
1094 11
274 377
274 958
377 272
377 139
272 1023
1023 323
1023 405
323 15
323 851
15 1046
15 932
1046 565
1046 861
565 989
989 866
866 712
866 930
712 368
368 595
595 959
959 496
959 901
496 902
496 408
902 741
902 634
741 1092
741 27
1092 911
911 1103
911 582
1103 35
35 251
35 846
251 1037
1037 784
784 946
946 572
946 755
572 250
572 970
250 640
250 196
640 862
862 120
120 1114
120 411
1114 168
1114 609
168 599
168 1022
599 263
599 728
263 744
744 3
744 175
3 905
3 606
905 832
832 875
832 594
875 79
79 195
79 399
195 342
195 547
342 485
342 559
485 507
485 13
507 386
507 848
386 115
115 424
115 136
424 207
207 748
207 328
748 589
748 614
589 925
925 174
174 121
121 305
305 1056
305 314
1056 287
1056 726
287 292
292 188
292 867
188 682
188 193
682 724
724 880
880 667
667 996
667 119
996 987
987 186
186 315
315 336
336 874
874 677
677 338
677 973
338 151
338 396
151 785
151 842
785 689
785 436
689 370
689 256
370 1097
370 378
1097 205
1097 538
205 443
205 711
443 871
871 856
871 627
856 888
856 335
888 147
147 372
372 508
508 277
277 202
277 1125
202 929
202 114
929 422
422 1028
422 924
1028 90
1028 1091
90 648
90 1063
648 659
648 164
659 956
956 1129
956 690
1129 49
49 904
904 7
904 351
7 357
7 433
357 850
850 660
850 148
660 827
827 293
293 917
293 199
917 545
545 1002
1002 586
586 391
391 801
391 588
801 1135
801 1
1135 843
843 285
285 887
887 81
81 381
381 743
743 447
743 448
447 798
798 800
798 457
800 409
409 449
449 44
44 641
44 77
641 1133
1133 1048
1133 1035
1048 759
759 214
759 224
214 337
214 255
337 907
907 796
907 166
796 203
203 1070
1070 138
1070 763
138 1085
138 822
1085 522
1085 221
522 227
522 750
227 167
227 1010
167 65
167 235
65 824
824 318
824 56
318 805
805 533
533 853
853 898
898 912
898 816
912 498
912 362
498 761
498 1065
761 213
213 1107
1107 775
1107 713
775 253
253 312
253 283
312 503
503 993
993 781
781 991
781 236
991 1003
991 481
1003 774
1003 12
774 266
774 899
266 647
647 1115
1115 99
1115 913
99 643
99 840
643 210
643 779
210 18
210 939
18 549
549 908
908 879
879 211
879 282
211 246
211 456
246 380
246 918
380 1118
380 404
1118 179
1118 469
179 102
102 931
102 358
931 513
513 978
978 578
578 140
140 535
140 1058
535 25
25 1110
25 642
1110 369
1110 943
369 1020
369 720
1020 1067
1020 768
1067 460
1067 17
460 665
460 1019
665 729
665 570
729 306
729 710
306 170
170 986
170 307
986 254
986 252
254 537
254 823
537 626
626 319
319 38
319 787
38 349
38 68
349 788
788 231
231 852
852 1121
852 980
1121 51
1121 855
51 185
51 247
185 837
837 428
837 66
428 947
947 950
950 26
26 1104
26 412
1104 629
1104 625
629 71
71 146
146 226
146 669
226 332
226 636
332 655
332 284
655 818
655 303
818 327
818 910
327 400
400 47
47 521
521 1024
1024 555
555 113
555 364
113 450
113 704
450 566
566 934
934 831
934 722
831 694
694 789
789 668
789 657
668 356
356 313
356 133
313 144
144 264
144 971
264 662
264 883
662 764
764 941
941 1096
1096 123
1096 55
123 52
123 309
52 416
416 782
782 841
841 649
649 172
172 379
379 1124
1124 847
847 1001
847 1052
1001 778
1001 793
778 75
75 407
407 477
477 541
477 567
541 1066
1066 526
1066 656
526 1026
1026 421
421 366
366 813
813 585
813 93
585 976
976 698
976 118
698 160
698 1089
160 617
160 10
617 171
617 321
171 182
171 920
182 200
182 242
200 1032
1032 603
1032 159
603 163
603 632
163 233
233 1059
233 716
1059 773
1059 1083
773 390
390 670
390 1050
670 181
670 240
181 157
157 542
157 435
542 753
753 237
237 836
237 686
836 923
836 500
923 156
156 633
156 921
633 132
132 189
189 672
189 1086
672 106
672 398
106 363
363 780
780 201
201 346
201 637
346 1119
1119 43
1119 558
43 454
454 1012
454 683
1012 894
894 707
894 101
707 464
707 344
464 275
464 900
275 826
826 345
345 661
345 58
661 696
661 265
696 611
611 693
611 333
693 808
693 298
808 505
808 6
505 281
505 679
281 67
281 376
67 777
67 393
777 360
360 365
365 198
365 564
198 1054
1054 141
1054 948
141 806
141 884
806 486
486 218
486 581
218 1136
1136 326
1136 601
326 573
326 605
573 717
717 892
717 760
892 718
718 418
718 64
418 1068
418 926
1068 463
463 979
463 969
979 819
979 1100
819 984
984 1064
984 95
1064 638
1064 92
638 475
475 967
475 1005
967 821
821 468
468 117
117 519
519 940
940 739
940 802
739 169
739 881
169 223
223 501
501 291
291 354
354 674
354 859
674 992
674 180
992 922
992 489
922 100
922 1098
100 734
100 280
734 644
734 4
644 962
962 525
962 999
525 54
525 688
54 483
483 868
868 699
868 893
699 794
794 596
596 684
684 5
684 812
5 844
5 59
844 598
844 128
598 37
37 161
37 331
161 1038
1038 515
1038 678
515 162
515 359
162 249
