10 2716 9167093
5 9
9 2
2 3
3 1
3 10
1 6
1 8
6 7
7 4
2066 528
528 118
528 2347
118 2061
118 357
2061 444
2061 1173
444 1355
1355 426
426 1585
1585 1638
1638 1153
1638 514
1153 32
32 815
32 176
815 178
815 1294
178 2033
2033 2144
2033 2421
2144 1740
1740 273
1740 798
273 537
273 456
537 949
537 2535
949 2155
949 1226
2155 491
2155 1700
491 779
779 1342
779 2559
1342 67
67 1896
67 1236
1896 2280
2280 605
605 1321
1321 1932
1932 2483
2483 2232
2232 666
2232 16
666 712
666 1070
712 441
441 1705
441 1005
1705 1193
1193 1837
1193 1971
1837 2620
1837 143
2620 1906
2620 449
1906 1982
1982 1831
1982 2320
1831 1394
1831 247
1394 1489
1394 543
1489 489
489 12
489 1110
12 1889
1889 100
1889 1475
100 876
100 1920
876 1015
876 932
1015 2359
1015 299
2359 1405
2359 190
1405 425
1405 245
425 2192
2192 1975
1975 909
909 2213
2213 1565
1565 892
892 2411
892 309
2411 1917
2411 2513
1917 172
172 1052
1052 1709
1052 420
1709 2425
1709 79
2425 2544
2544 2340
2340 229
229 1804
1804 935
935 2292
2292 1551
1551 1698
1551 157
1698 2533
1698 442
2533 1437
1437 162
1437 2098
162 2702
2702 467
467 1266
467 1571
1266 2689
2689 4
2689 2270
4 678
4 1353
678 2697
678 1598
2697 681
681 1113
1113 1676
1113 915
1676 496
496 19
19 2431
2431 1646
1646 684
1646 480
684 575
684 1442
575 1346
1346 1883
1346 1023
1883 948
1883 1773
948 881
948 2020
881 2542
2542 908
908 1757
1757 223
1757 1900
223 770
770 1553
770 1265
1553 1915
1915 281
1915 2220
281 2099
2099 801
2099 1161
801 159
801 392
159 896
896 669
669 84
669 904
84 1481
1481 44
1481 1431
44 2492
44 880
2492 2088
2492 1344
2088 227
2088 2497
227 2501
2501 2701
2701 942
942 1763
942 454
1763 894
1763 1626
894 1169
1169 2493
2493 785
2493 54
785 2481
785 974
2481 395
2481 613
395 1479
1479 59
59 2086
2086 1538
2086 374
1538 501
1538 1745
501 2005
2005 1596
2005 1454
1596 2191
1596 2577
2191 1286
1286 2529
2529 1926
2529 301
1926 1603
1926 2182
1603 1134
1603 689
1134 1588
1588 2449
2449 861
861 102
861 230
102 977
977 1639
1639 1580
1580 1834
1834 2378
1834 2631
2378 664
2378 1172
664 450
664 683
450 2616
2616 1754
2616 459
1754 427
427 1498
427 2374
1498 115
115 1196
1196 2578
1196 1122
2578 2196
2196 125
125 1240
125 2036
1240 2179
2179 2514
2179 2700
2514 2665
2665 1109
2665 313
1109 594
594 507
594 1261
507 2363
2363 668
2363 1739
668 2402
2402 849
849 346
346 1130
1130 2172
2172 248
248 707
248 2162
707 1519
707 1420
1519 22
1519 811
22 1651
1651 864
864 2215
864 1318
2215 2681
2681 662
662 640
662 609
640 180
640 2212
180 1652
1652 1139
1652 751
1139 2120
1139 1865
2120 422
422 2062
2062 1903
2062 1423
1903 589
589 1678
1678 1365
1365 1267
1365 2224
1267 2091
1267 531
2091 993
993 2081
2081 1956
1956 35
35 2393
2393 2135
2135 2466
2135 510
2466 26
2466 65
26 1694
26 3
1694 1125
1125 2384
1125 1065
2384 1237
2384 731
1237 638
1237 1095
638 572
572 2532
2532 298
2532 2042
298 2362
298 1054
2362 2390
2390 113
2390 221
113 826
826 1377
826 28
1377 848
848 48
848 2677
48 2584
48 1190
2584 181
181 2367
2367 600
600 97
600 302
97 1053
1053 131
1053 2080
131 860
860 2690
2690 2316
2316 2371
2316 1810
2371 1168
2371 152
1168 2317
1168 429
2317 2152
2152 183
2152 185
183 618
183 1987
618 730
730 1621
730 837
1621 2045
1621 1126
2045 736
2045 1042
736 436
436 2566
436 1792
2566 642
642 1934
1934 936
1934 996
936 446
936 2617
446 611
611 2709
2709 402
402 445
445 1942
1942 43
43 2634
43 2641
2634 1040
2634 1726
1040 2632
2632 2669
2632 122
2669 390
2669 1003
390 276
390 1364
276 49
49 2003
49 1557
2003 1073
2003 1222
1073 1605
1073 1661
1605 218
1605 865
218 10
218 284
10 2341
2341 209
209 761
209 38
761 1014
1014 2315
2315 332
332 760
332 1367
760 1232
760 845
1232 1094
1094 784
784 396
396 2046
2046 364
2046 1547
364 1276
364 98
1276 919
1276 809
919 2667
2667 2051
2667 2119
2051 2682
2051 92
2682 981
2682 2273
981 783
783 140
140 1496
1496 1820
1820 2653
1820 165
2653 2415
2653 667
2415 1438
2415 1998
1438 2605
2605 1577
1577 1778
1778 2485
1778 2083
2485 2558
2485 1225
2558 2318
2318 722
2318 1835
722 476
476 1096
476 2414
1096 2052
2052 1426
1426 2538
1426 827
2538 1207
1207 2231
2231 2438
2438 2296
2438 562
2296 336
336 1772
1772 1706
1772 2263
1706 166
1706 830
166 568
166 771
568 1156
568 606
1156 1192
1192 2279
2279 2116
2116 2545
2116 369
2545 1845
1845 1410
1410 912
912 1270
912 1132
1270 1152
1152 2447
2447 121
121 455
121 2437
455 2345
2345 322
322 2303
2303 921
2303 1948
921 1385
1385 851
1385 1864
851 601
851 670
601 167
167 187
187 1245
187 2550
1245 626
626 179
626 1575
179 421
179 484
421 2064
2064 511
511 1227
511 1176
1227 1059
1059 2505
2505 1628
2505 1478
1628 2030
2030 1983
1983 69
69 1517
69 2488
1517 1199
1199 599
599 1388
599 1372
1388 1189
1388 1635
1189 1599
1599 1035
1035 1010
1035 2534
1010 1541
1010 588
1541 549
1541 838
549 318
549 126
318 1576
1576 994
1576 88
994 978
978 1329
978 1082
1329 2654
2654 1238
1238 2482
1238 327
2482 931
931 168
931 797
168 1066
1066 1264
1066 1870
1264 2366
2366 2463
2463 1516
1516 259
1516 188
259 2133
259 1028
2133 794
794 1440
794 2626
1440 1817
1440 244
1817 643
1817 2383
643 462
462 2376
462 694
2376 1297
1297 546
546 2386
2386 1359
1359 1752
1359 1536
1752 2643
2643 1311
2643 1333
1311 1115
1115 628
1115 1209
628 1566
1566 2202
2202 1564
2202 257
1564 538
538 475
538 1436
475 1647
475 1334
1647 1102
1647 1441
1102 2070
2070 1569
2070 825
1569 269
1569 1867
269 1166
1166 1618
1618 1295
1618 1662
1295 1799
1295 1505
1799 1104
1799 2237
1104 530
1104 1657
530 2107
530 1933
2107 466
466 1330
466 2548
1330 42
42 306
42 1221
306 1316
1316 1392
1392 2001
2001 1939
1939 417
417 1362
417 130
1362 2309
1362 2067
2309 1389
2309 1263
1389 2522
1389 2627
2522 1645
2522 253
1645 2587
1645 2085
2587 1708
2587 287
1708 1930
1708 2082
1930 2008
2008 1203
2008 1305
1203 148
148 2177
148 1470
2177 2251
2177 373
2251 2324
2251 918
2324 1916
1916 2256
2256 1220
2256 1950
1220 1408
1408 241
241 559
559 237
237 1037
1037 1214
1214 973
973 18
973 2284
18 1819
1819 2281
1819 922
2281 1856
2281 1945
1856 1941
1856 2619
1941 1860
1941 1902
1860 138
138 1774
138 2490
1774 1563
1563 2711
1563 2235
2711 1352
1352 1824
1824 407
1824 1397
407 1143
407 1535
1143 2293
2293 692
2293 106
692 2624
692 2375
2624 1818
1818 349
349 522
522 2228
522 1523
2228 1060
1060 2657
1060 434
2657 1502
1502 2598
2598 1885
2598 1252
1885 432
1885 2712
432 1947
432 985
1947 1472
1472 323
1472 629
323 2593
2593 1024
1024 196
196 1231
196 1663
1231 2710
2710 1749
1749 2200
2200 2659
2200 2435
2659 1212
2659 858
1212 2037
2037 36
2037 486
36 1857
1857 1853
1857 1793
1853 1931
1931 2217
1931 232
2217 409
409 488
409 2140
488 2586
2586 2327
2327 308
2327 1268
308 550
550 1873
550 279
1873 210
1873 2282
210 217
210 905
217 2528
2528 2520
2520 175
2520 720
175 1733
175 2695
1733 2661
2661 2495
2495 1363
2495 1349
1363 1674
1674 2368
1674 903
2368 1573
1573 225
1573 1554
225 1421
1421 334
1421 1641
334 619
619 2157
2157 414
2157 171
414 1476
1476 464
464 2063
2063 2372
2372 2035
2035 577
2035 1786
577 1769
577 2639
1769 5
1769 1613
5 400
5 2360
400 2503
400 636
2503 1748
1748 1894
1748 1843
1894 862
862 1368
862 2381
1368 1965
1368 1121
1965 612
612 1764
612 14
1764 25
1764 1501
25 671
25 2313
671 1780
671 1328
1780 1852
1852 11
1852 648
11 1761
11 139
1761 649
1761 2537
649 1671
1671 1822
1671 2413
1822 1688
1688 1374
1374 1911
1374 2073
1911 272
1911 2455
272 1611
272 220
1611 2589
1611 398
2589 1935
2589 124
1935 2562
1935 2147
2562 1213
2562 1459
1213 2688
1213 2400
2688 1090
1090 81
81 2423
2423 1047
1047 2255
1047 2015
2255 702
702 2453
2453 586
586 1414
586 1083
1414 1747
1414 1306
1747 2507
2507 1447
1447 810
810 2478
810 235
2478 1679
2478 2356
1679 2102
1679 393
2102 1075
1075 1174
1174 552
1174 2002
552 448
448 103
448 1322
103 1751
103 675
1751 6
6 2025
2025 1145
1145 1131
1131 1522
1131 2428
1522 1970
1522 1555
1970 295
1970 2462
295 1616
295 2178
1616 286
286 1796
1796 1167
1167 153
153 2693
153 930
2693 60
60 1712
1712 1272
1272 363
1272 1964
363 790
363 1056
790 2291
2291 2174
2291 805
2174 1171
2174 2338
1171 928
928 2111
928 1567
2111 1589
2111 983
1589 1369
1589 2704
1369 1347
1369 718
1347 1943
1347 2186
1943 1484
1484 621
1484 1325
621 975
975 1686
975 800
1686 472
1686 2675
472 866
472 2076
866 2126
2126 1643
2126 2651
1643 1022
1643 1993
1022 1952
1022 413
1952 610
1952 1760
610 679
679 525
525 1211
1211 1136
1136 2429
1136 767
2429 2353
2429 1940
2353 943
943 520
943 911
520 1959
520 1767
1959 773
773 1373
1373 737
1373 924
737 1370
1370 1302
1302 2433
1302 885
2433 1307
1307 1494
1307 873
1494 2216
2216 1768
1768 2465
2465 1936
1936 735
735 1670
1670 1258
1670 1482
1258 2334
2334 1473
1473 347
1473 1881
347 1721
1721 1013
1721 569
1013 603
1013 256
603 9
603 895
9 1384
1384 688
688 2601
688 789
2601 236
2601 1282
236 856
236 739
856 1298
1298 724
724 1155
1155 1622
1155 1283
1622 1862
1622 1072
1862 1383
1862 2649
1383 195
1383 1280
195 1851
1851 370
1851 1904
370 2197
370 1624
2197 192
2197 1892
192 1766
192 1269
1766 1591
1766 8
1591 2211
2211 2350
2211 93
2350 1829
1829 1393
1393 2021
1393 443
2021 2156
2156 855
855 1274
1274 2527
2527 1180
2527 1735
1180 799
799 871
871 690
871 2477
690 653
690 713
653 1795
653 163
1795 2442
1795 494
2442 52
2442 2060
52 2648
52 82
2648 1713
2648 2646
1713 1753
1753 686
686 150
686 1823
150 2574
150 544
2574 1275
1275 2250
1275 317
2250 1215
1215 1784
1784 698
1784 1770
698 386
386 1448
386 1882
1448 2127
1448 2443
2127 705
705 1099
705 1625
1099 497
497 2418
2418 343
343 116
343 1690
116 320
116 2349
320 1093
1093 282
282 160
282 1927
160 1406
160 1490
1406 2511
1406 2321
2511 1973
2511 315
1973 2615
1973 614
2615 813
2615 2379
813 1443
813 658
1443 1610
1610 2039
1610 123
2039 1507
1507 1590
1590 408
1590 1338
408 2078
408 104
2078 1855
1855 1178
1178 1128
1178 401
1128 556
556 850
556 2553
850 1313
1313 387
1313 1233
387 1978
1978 1485
1485 2496
1485 481
2496 1689
1689 263
1689 2185
263 1846
263 637
1846 222
222 2668
2668 2703
2668 423
2703 63
63 634
63 2427
634 1395
634 1301
1395 2134
2134 1997
2134 2113
1997 1724
1997 2180
1724 353
353 75
353 774
75 1320
1320 1898
1898 2275
1898 888
2275 969
969 1230
969 155
1230 1492
1230 857
1492 1049
1492 1984
1049 1194
1049 1184
1194 1074
1074 795
795 2611
2611 2364
2611 899
2364 1656
2364 1085
1656 2012
2012 519
2012 2184
519 2330
2330 1539
2330 607
1539 987
1539 917
987 1337
987 1205
1337 1046
1046 753
1046 1790
753 960
753 1458
960 1771
1771 2698
1771 1008
2698 2607
2698 271
2607 635
2607 2149
635 1088
1088 1827
1088 254
1827 201
201 1586
201 215
1586 2024
1586 1142
2024 1025
2024 913
1025 1417
1417 548
1417 1995
548 540
548 2103
540 2592
540 137
2592 2504
2592 1550
2504 1677
1677 1091
1677 1343
1091 1198
1198 624
1198 1202
624 111
111 2311
111 970
2311 1051
2311 2229
1051 2458
1051 2234
2458 682
682 723
682 676
723 782
782 1418
782 46
1418 2225
2225 53
53 1381
53 582
1381 1527
1527 1805
1527 2331
1805 719
1805 1734
719 1439
719 2161
1439 246
246 2662
246 710
2662 2049
2049 2101
2101 661
2101 1579
661 1137
661 1031
1137 700
700 2068
700 939
2068 745
745 2013
745 2614
2013 843
843 2385
843 2468
2385 1584
2385 1561
1584 644
1584 2092
644 1327
644 1396
1327 240
1327 1620
240 2242
240 1444
2242 1658
1658 563
563 1702
1702 1002
1702 189
1002 2426
1002 260
2426 1683
1683 1045
1683 509
1045 1450
1045 984
1450 154
1450 1185
154 2207
154 1101
2207 2145
2207 561
2145 1376
2145 451
1376 391
391 788
788 2613
2613 900
2613 824
900 979
979 2630
979 869
2630 1755
1755 161
1755 1949
161 2502
161 2612
2502 460
460 2715
2715 852
852 1699
852 1742
1699 2069
2069 1197
2069 2397
1197 1669
1197 415
1669 859
1669 134
859 2647
2647 1164
1164 1471
1164 992
1471 23
23 780
780 1548
780 482
1548 2238
2238 2077
2238 41
2077 1836
2077 1039
1836 840
840 285
840 1989
285 2310
285 787
2310 2444
2310 136
2444 627
2444 1250
627 2325
2325 365
365 2173
2173 2065
2065 1361
1361 1160
1160 1398
1160 756
1398 2308
2308 2328
2328 2072
2328 2608
2072 268
268 1801
268 2655
1801 231
231 1526
231 2399
1526 906
1526 470
906 929
906 882
929 820
820 734
734 1809
734 1897
1809 2187
2187 962
962 1011
962 1304
1011 2084
2084 807
807 512
807 2274
512 1351
1351 938
1351 1716
938 2048
2048 264
264 1257
264 239
1257 2575
2575 717
2575 1105
717 1430
1430 1407
1407 1425
1425 693
693 1235
693 193
1235 1027
1235 1086
1027 726
1027 1704
726 1140
1140 1919
1140 1612
1919 2474
2474 2121
2474 2
2121 270
2121 1127
270 749
270 1672
749 792
792 615
615 2206
2206 2606
2606 447
2606 62
447 110
447 847
110 937
110 2403
937 622
937 2644
622 66
622 335
66 759
66 741
759 2664
2664 31
31 884
884 1994
1994 2221
1994 524
2221 545
2221 473
545 1512
1512 505
505 836
505 91
836 2247
2247 2498
2498 2523
2523 2322
2322 186
2322 1068
186 1387
1387 1813
1387 772
1813 2028
1813 2683
2028 1399
2028 1006
1399 1886
1399 822
1886 2230
2230 967
2230 750
967 1608
1608 933
1608 2299
933 158
933 2650
158 1791
1791 1500
1791 732
1500 1776
1500 2707
1776 1079
1776 2079
1079 1067
1079 1924
1067 1794
1794 999
999 1187
1187 1242
1242 941
941 1880
1880 2131
2131 1736
1736 2686
1736 452
2686 1802
1802 1081
1081 2408
1081 1379
2408 2560
2560 989
2560 2595
989 1530
1530 368
1530 2420
368 740
740 350
740 1988
350 777
350 534
777 1391
1391 1909
1909 1572
1909 2491
1572 2676
1572 1354
2676 1177
1177 1543
1177 439
1543 704
1543 2464
704 2354
2354 1462
1462 2489
1462 1435
2489 1007
1007 132
132 995
132 1637
995 2199
995 841
2199 1532
2199 1840
1532 1055
1532 1877
1055 1985
1985 70
1985 1962
70 289
70 1432
289 1106
289 1825
1106 1666
1666 781
1666 1248
781 1332
1332 1186
1186 1847
1186 616
1847 1216
1216 1326
1326 1545
1326 474
1545 1429
1429 1963
1429 1170
1963 1016
1016 1756
1756 1254
1756 829
1254 2531
2531 1597
1597 2554
1597 383
2554 377
2554 344
377 1518
1518 399
399 965
399 2672
965 228
228 2541
228 1953
2541 2692
2541 867
2692 2642
2692 558
2642 1996
2642 998
1996 1510
1996 212
1510 2424
2424 2287
2287 2454
2454 1300
2454 40
1300 316
316 883
883 1534
1534 379
1534 2585
379 1511
379 2022
1511 1281
1511 2208
1281 2346
1281 211
2346 914
914 1664
914 2412
1664 986
1664 2075
986 1499
986 319
1499 361
1499 1631
361 2290
2290 1614
2290 397
1614 2623
2623 2223
2623 2526
2223 1123
2223 2436
1123 2014
2014 1409
1409 1107
1107 372
1107 1785
372 529
372 1653
529 1582
1582 280
280 1838
280 2551
1838 1495
1495 1312
1495 1711
1312 85
1312 560
85 404
404 2450
2450 2227
2450 314
2227 833
833 304
833 1076
304 1061
304 2252
1061 1103
1103 1609
1609 1715
1609 2117
1715 1336
1715 1309
1336 1533
1336 1723
1533 2588
1533 819
2588 2480
2588 1080
2480 1718
2480 2434
1718 2108
1718 375
2108 980
980 2563
2563 1234
1234 2269
1234 1017
2269 963
963 2123
2123 1887
2123 620
1887 1960
1960 663
1960 839
663 2053
663 384
2053 804
2053 1147
804 144
804 1741
144 500
500 1299
1299 1260
1260 1595
1260 1529
1595 1738
1738 2326
2326 1009
2326 541
1009 2392
1009 2570
2392 1149
1149 2026
1149 1413
2026 278
278 1667
278 1345
1667 897
1667 2298
897 129
897 1673
129 1717
129 2312
1717 2487
1717 1296
2487 119
2487 1229
119 90
119 2332
90 2203
90 593
2203 1001
2203 673
1001 1951
1001 1289
1951 2432
2432 1453
1453 142
1453 2041
142 431
142 1788
431 2396
431 30
2396 418
418 1890
418 567
1890 108
108 2348
2348 2564
2564 2148
2148 1255
2148 1259
1255 1509
1509 1649
1649 2699
2699 2314
2699 2652
2314 1315
1315 2010
1315 1969
2010 1206
1206 1762
1762 1601
1601 1944
1944 2576
1944 1469
2576 312
312 1151
312 1116
1151 1506
1151 1390
1506 1288
1288 542
1288 566
542 1416
542 1382
1416 2043
1416 902
2043 587
587 639
587 213
639 2476
2476 2500
2500 2031
2031 746
2031 2146
746 311
746 920
311 1427
311 2226
1427 433
1427 701
433 1271
1271 1980
1980 330
330 2409
2409 1491
1491 182
1491 1999
182 2194
2194 2610
2610 389
2610 1111
389 2190
389 972
2190 764
2190 647
764 1508
1508 2139
1508 1556
2139 2114
2114 485
485 1991
485 870
1991 331
1991 2029
331 1460
1460 711
711 697
711 796
697 1826
697 1224
1826 324
1826 366
324 385
324 2288
385 2201
2201 2159
2201 1650
2159 1914
2159 1097
1914 1928
1928 2546
2546 1808
2546 1583
1808 2696
1808 2635
2696 2691
2691 2568
2568 1693
2568 657
1693 438
1693 1201
438 680
680 1727
680 891
1727 1899
1727 50
1899 2633
2633 1592
2633 659
1592 1655
1592 1977
1655 1798
1798 184
184 72
72 1874
72 1619
1874 1092
1092 2512
2512 1100
2512 471
1100 1775
1775 1241
1775 1449
1241 437
1241 516
437 2300
437 2579
2300 354
2300 76
354 371
371 923
371 1814
923 2163
2163 2471
2163 2580
2471 1871
1871 696
696 521
696 1087
521 1955
521 1188
1955 135
1955 1029
135 2294
135 2670
2294 1841
2294 1422
1841 13
13 174
13 571
174 465
465 2004
465 1195
2004 224
2004 2243
224 2115
224 812
2115 412
2115 769
412 576
576 1697
1697 1323
1697 926
1323 1832
1323 1992
1832 457
457 1542
1542 1807
1542 2305
1807 2636
1807 2297
2636 255
2636 120
255 2510
255 2506
2510 806
806 990
806 266
990 2603
990 2198
2603 1644
1644 360
360 1923
360 2094
1923 1062
1062 526
526 2684
526 2343
2684 2034
2034 2663
2663 468
468 458
458 2515
2515 2557
2557 2581
2557 2240
2581 1287
2581 355
1287 2058
2058 2666
2666 2286
2666 1038
2286 886
2286 1731
886 1891
1891 1600
1600 2622
2622 1488
1488 1990
1488 1863
1990 300
300 2387
2387 1148
1148 757
757 1879
1879 1284
1879 1277
1284 1428
1284 966
1428 754
754 1765
754 1243
1765 1758
1758 728
728 345
345 296
345 2380
296 1750
296 2138
1750 743
743 584
584 597
584 846
597 2071
2071 2132
2071 641
2132 834
2132 378
834 2016
834 2540
2016 808
808 832
808 2124
832 1118
832 1461
1118 1633
1633 1524
1524 1182
1182 2604
1182 2714
2604 1562
1562 991
1562 1777
991 2335
991 2609
2335 2260
2260 1893
1893 1191
1191 592
1191 20
592 2164
2164 1602
1602 199
1602 2337
199 1419
1419 1
1419 2536
1 2259
1 249
2259 242
2259 2394
242 2572
242 1876
2572 2006
2572 226
2006 1228
2006 169
1228 747
1228 2370
747 2093
2093 2143
2093 1946
2143 517
2143 2640
517 1578
1578 1617
1578 842
1617 828
828 1552
828 101
1552 1574
1552 202
1574 2377
2377 321
2377 1800
321 656
321 2153
656 2246
656 258
2246 1558
2246 2516
1558 961
1558 2406
961 535
535 128
535 878
128 2629
128 699
2629 515
2629 2100
515 2304
515 1537
2304 1684
2304 2600
1684 2171
1684 1071
2171 15
15 305
15 1043
305 685
685 1568
1568 2000
2000 1256
2000 927
1256 1606
1256 1340
1606 1929
1606 177
1929 2151
2151 2050
2151 2469
2050 1695
1695 1034
1695 1720
1034 2391
1034 2096
2391 435
2391 1581
435 2674
2674 950
950 2597
2597 1350
2597 1112
1350 2168
2168 1348
1348 2044
2044 1636
2044 410
1636 2188
2188 1451
2188 1412
1451 87
87 1310
1310 1513
1513 2047
1513 2254
2047 1737
1737 1839
1839 2530
1839 1682
2530 1905
2530 1668
1905 1163
1163 1041
1041 2555
1041 591
2555 99
99 755
99 2404
755 1912
1912 1972
1912 2277
1972 342
1972 536
342 1331
342 2355
1331 2245
1331 971
2245 252
252 2257
252 2122
2257 1464
1464 1057
1057 1878
1878 24
1878 1181
24 721
24 288
721 1759
721 715
1759 716
716 1411
716 1021
1411 2032
2032 1594
1594 1044
1594 2158
1044 1986
1986 1544
1986 2302
1544 1456
1456 2590
1456 674
2590 1319
1319 2219
1319 2561
2219 579
579 382
382 1884
1884 650
650 2388
650 1895
2388 2687
2388 776
2687 564
2687 1515
564 1069
1069 1138
1138 695
1138 1019
695 632
695 219
632 1026
632 1692
1026 1743
1026 1849
1743 1360
1743 411
1360 803
1360 1729
803 198
803 863
198 725
725 1279
1279 1850
1850 1050
1050 1868
1868 1707
1707 533
533 2596
2596 959
959 2448
2448 1627
1627 2266
1627 1842
2266 1696
2266 1659
1696 1292
1292 1966
1292 968
1966 570
1966 2419
570 1521
570 2136
1521 74
1521 492
74 149
74 1341
149 2249
149 565
2249 766
2249 523
766 2673
766 251
2673 57
57 328
328 78
328 733
78 1239
78 191
1239 1477
1477 1293
1477 1424
1293 1357
1357 498
498 1339
1339 2565
2565 206
2565 1120
206 793
206 2694
793 934
793 1907
934 86
934 1861
86 890
86 250
890 1474
890 604
1474 1048
1048 341
1048 416
341 2175
341 56
2175 1467
2175 2278
1467 1830
1467 1816
1830 2154
1830 483
2154 956
956 2344
956 2027
2344 910
2344 997
910 802
802 2183
2183 1623
2183 677
1623 2336
2336 729
2336 727
729 2165
729 2382
2165 117
117 2547
117 1967
2547 2416
2547 2567
2416 651
2416 1247
651 477
477 352
352 2150
352 2087
2150 1146
2150 1828
1146 2248
2248 2189
2189 2019
2019 1133
2019 1012
1133 2137
1133 1404
2137 2110
2137 1335
2110 265
265 1159
1159 2591
1159 203
2591 2628
2628 1324
2628 874
1324 1317
1324 2130
1317 233
233 1811
233 440
1811 362
362 775
775 1064
775 1957
1064 2342
2342 380
380 1290
380 1144
1290 340
340 1779
340 1744
1779 2599
1779 338
2599 2301
2301 1278
1278 274
1278 1910
274 2518
2518 1958
1958 499
499 1455
1455 277
277 814
277 1714
814 141
141 2055
2055 831
2055 1401
831 197
197 1937
197 778
1937 1701
1937 2582
1701 2552
1701 508
2552 21
21 706
706 33
706 2057
33 1208
1208 748
1208 2023
748 2181
748 133
2181 1514
2181 2583
1514 596
596 2461
2461 406
406 34
406 1859
34 2439
34 574
2439 2685
2685 293
2685 1262
293 879
293 2678
879 234
879 1918
234 1593
234 955
1593 2508
2508 1434
1434 112
1434 1204
112 1848
1848 752
752 1908
1908 2097
1908 758
2097 2543
2543 2244
2543 502
2244 1135
2244 2621
1135 493
1135 547
493 2109
493 2407
2109 1803
2109 2142
1803 2705
2705 337
2705 1402
337 1030
337 2129
1030 1366
1366 1497
1366 2209
1497 1869
1497 868
1869 2398
1869 2656
2398 1273
1273 2422
2422 1119
2422 1922
1119 2118
2118 1961
1961 17
1961 96
17 1480
17 487
1480 94
1480 1117
94 2271
94 821
2271 1546
2271 2472
1546 2018
2018 1465
1465 2430
1465 951
2430 532
532 945
532 744
945 2573
945 1888
2573 127
2573 1063
127 1875
127 479
1875 294
1875 290
294 1446
294 329
1446 907
1446 2410
907 2095
2095 2241
2241 339
339 2112
339 238
2112 1375
2112 2233
1375 1549
1549 207
207 2285
2285 326
2285 2452
326 2056
326 7
2056 1710
2056 1000
1710 2323
2323 631
2323 2040
631 1687
1687 2395
1687 1124
2395 2457
2457 623
2457 2358
623 742
623 1452
742 2405
2405 768
2405 2261
768 1020
768 633
1020 2195
1020 1285
2195 1833
2195 958
1833 2239
1833 64
2239 1018
1018 763
763 816
763 503
816 2089
816 1604
2089 581
2089 1781
581 1979
1979 2679
2679 83
2679 2637
83 1725
1725 1108
1725 513
1108 37
1108 1901
37 1291
37 527
1291 1660
1291 495
1660 1356
1356 2625
2625 156
2625 45
156 1681
1681 275
275 145
145 1033
1033 1098
1098 1223
1223 1089
1089 2272
1089 1141
2272 151
2272 1217
151 853
853 2236
853 333
2236 1722
2236 947
1722 2090
1722 539
2090 381
381 307
381 2038
307 95
95 823
95 554
823 1486
823 1797
1486 1821
1821 47
47 901
47 2283
901 1150
901 2519
1150 1629
1150 2417
1629 358
1629 200
358 2494
2494 585
585 2479
2479 1154
2479 428
1154 1812
1154 1648
1812 1570
1812 2307
1570 817
1570 553
817 1746
1746 27
27 1665
1665 2258
2258 2456
2456 946
946 376
376 1165
376 687
1165 580
1165 898
580 461
580 2011
461 1433
461 691
1433 2369
1433 952
2369 976
2369 2295
976 2521
2521 555
2521 2459
555 1487
1487 2160
2160 2128
2160 2106
2128 608
608 1078
1078 2569
2569 348
348 261
348 2214
261 988
988 652
652 1503
652 2660
1503 2475
1503 262
2475 388
2475 672
388 2671
388 2517
2671 2451
2671 204
2451 2602
2451 2716
2602 61
61 2446
2446 1415
2446 818
1415 2441
2441 2141
2441 2210
2141 1844
2141 2440
1844 292
1844 590
292 1246
1246 2104
2104 1954
1954 1303
1954 709
1303 1560
1303 267
1560 394
1560 2176
394 2467
2467 954
2467 1938
954 2167
2167 2169
2167 1403
2169 1730
1730 2289
2289 2333
2289 2265
2333 854
854 1084
854 1314
1084 1483
1483 2484
1483 708
2484 1493
2484 2713
1493 1244
1493 1691
1244 2361
1244 1380
2361 1249
2361 2193
1249 1703
1249 2218
1703 1654
1654 953
1654 1540
953 1806
953 1680
1806 283
1806 2486
283 1463
1463 2007
1463 1913
2007 654
2007 173
654 1183
1183 105
105 1854
105 765
1854 1371
1371 1253
1253 2170
2170 762
762 1607
762 2351
1607 164
1607 1218
164 2658
2658 68
68 2253
2253 2222
2222 1466
1466 469
1466 2549
469 1058
469 1077
1058 982
1058 893
982 351
982 216
351 405
351 1921
405 170
170 714
714 55
55 1179
1179 738
1179 1728
738 1219
1219 1032
1219 2460
1032 463
463 1358
463 1386
1358 646
1358 2401
646 2017
2017 703
703 875
875 1789
1789 2166
1789 310
2166 2205
2166 786
2205 1632
1632 2357
2357 957
2357 2618
957 1251
957 1719
1251 2074
1251 2571
2074 1866
2074 478
1866 419
419 1520
1520 665
1520 194
665 1175
1175 578
1175 2204
578 325
578 2352
325 887
325 243
887 598
598 291
598 1559
291 367
291 504
367 791
791 1531
791 1787
1531 944
944 2473
944 2059
2473 453
2473 2365
453 29
453 2389
29 1457
1457 617
617 146
146 2680
2680 872
872 2525
872 660
2525 518
518 2262
2262 51
2262 655
51 1308
1308 2306
1308 1200
2306 208
2306 77
208 2708
208 107
2708 925
2708 2373
925 1976
925 114
1976 214
1976 1004
214 2524
214 2509
2524 2539
2524 916
2539 573
2539 1378
573 1675
573 602
1675 109
109 1036
1036 71
71 80
71 2125
80 1968
1968 1525
1968 844
1525 2009
1525 1783
2009 39
2009 1162
39 58
58 1615
1615 424
424 625
625 1587
1587 147
147 1528
147 1468
1528 645
1528 2105
645 2264
2264 2594
2594 2638
2638 1858
1858 630
1858 1630
630 1640
1640 430
1640 940
430 583
583 2470
583 1815
2470 1129
1129 205
1129 2054
205 1445
205 1782
1445 2276
2276 2445
2445 595
595 2329
595 2339
2329 1732
2329 1158
1732 1400
1732 964
1400 1974
1400 2319
1974 303
303 835
835 1634
835 1114
1634 1504
1504 1925
1504 490
1925 1872
1872 403
403 2645
2645 2268
2645 297
2268 877
2268 1210
877 2556
2556 2706
2706 1642
2706 73
1642 557
557 1685
557 2499
1685 1981
1685 889
1981 1157
1981 551
1157 2267
1157 356
2267 506
506 359
506 89
