3 2805 284793356
1 3
3 2
1591 567
1591 2750
567 539
539 1680
539 2720
1680 776
776 647
647 1207
647 748
1207 77
77 1026
1026 685
1026 2674
685 1922
685 2389
1922 2754
1922 179
2754 1395
1395 2569
2569 645
645 2174
2174 1823
2174 2770
1823 1111
1111 2432
2432 2154
2154 658
658 1729
658 94
1729 570
1729 302
570 1810
1810 870
870 590
870 2414
590 1015
590 860
1015 1607
1015 648
1607 2669
1607 370
2669 1044
1044 1201
1201 1708
1708 85
1708 1508
85 2426
2426 1702
1702 2310
1702 1424
2310 1653
2310 2388
1653 1896
1896 1468
1468 1163
1163 1423
1423 1853
1423 2659
1853 868
1853 1076
868 1218
1218 1852
1218 523
1852 826
1852 2273
826 2385
2385 17
2385 48
17 2069
2069 1000
2069 1994
1000 1249
1000 2219
1249 2162
1249 2206
2162 1180
2162 2165
1180 369
369 149
149 112
112 2354
112 166
2354 2235
2354 1833
2235 563
2235 2762
563 2117
2117 2198
2117 915
2198 2300
2198 789
2300 1038
2300 764
1038 1276
1276 1203
1203 455
1203 1054
455 2733
2733 2364
2364 1029
1029 1706
1706 2693
1706 240
2693 1018
1018 159
159 1509
159 347
1509 2793
2793 1796
1796 751
1796 107
751 1384
1384 2757
2757 457
2757 2350
457 626
626 2598
2598 1889
2598 1566
1889 1252
1252 1973
1252 1445
1973 49
49 1031
1031 1438
1438 680
680 891
680 2655
891 1193
1193 1837
1193 1608
1837 2128
1837 483
2128 2398
2398 1382
2398 22
1382 410
410 2671
2671 1658
2671 1609
1658 2143
1658 1248
2143 2113
2113 883
2113 1194
883 2282
883 953
2282 1077
1077 585
585 1722
585 2373
1722 2185
1722 1035
2185 2366
2185 2493
2366 1769
1769 1868
1769 549
1868 1570
1868 460
1570 176
176 2691
2691 390
390 508
508 1770
508 558
1770 1367
1367 726
1367 952
726 1168
1168 384
384 741
384 1987
741 2625
2625 2771
2625 633
2771 1141
1141 1950
1950 90
1950 1325
90 165
165 1211
1211 10
1211 1314
10 1351
10 1320
1351 959
959 595
959 866
595 125
595 263
125 714
714 1072
714 465
1072 1107
1072 2520
1107 78
1107 2123
78 965
965 1346
1346 1185
1185 1459
1185 2126
1459 1052
1052 2611
2611 46
46 799
46 1838
799 1944
1944 2772
2772 1891
2772 97
1891 1646
1646 155
155 23
23 2301
2301 1540
2301 202
1540 1274
1274 260
260 1217
1217 1855
1217 815
1855 1034
1855 160
1034 497
1034 722
497 293
293 1525
293 1895
1525 339
1525 759
339 110
339 950
110 1353
1353 2745
1353 1300
2745 1614
1614 2316
1614 1949
2316 485
485 1421
485 1143
1421 1594
1594 2538
2538 1662
1662 190
1662 285
190 69
69 2051
2051 512
2051 1124
512 2
512 1848
2 40
40 984
40 2743
984 287
287 462
462 2480
462 1742
2480 1964
2480 745
1964 1986
1964 258
1986 1418
1418 1988
1418 2713
1988 2436
2436 2530
2530 718
2530 812
718 368
368 191
191 1712
1712 2270
2270 838
2270 374
838 1128
1128 454
1128 2433
454 2255
454 1717
2255 986
2255 2238
986 755
986 1715
755 356
755 1116
356 1176
356 1967
1176 2580
2580 456
456 942
456 1412
942 299
942 2784
299 1778
1778 2746
2746 309
2746 847
309 458
458 2679
2679 1057
1057 2685
2685 204
204 1580
1580 992
1580 2553
992 1716
992 2149
1716 1689
1689 167
1689 251
167 1084
1084 2323
2323 1227
1227 71
71 1955
1955 1406
1955 340
1406 989
989 784
784 2346
784 217
2346 1278
1278 1906
1278 1571
1906 1771
1771 2006
2006 2564
2006 1389
2564 180
2564 2500
180 1874
1874 842
1874 2181
842 21
21 2588
2588 2201
2201 1241
1241 1628
1241 2045
1628 510
1628 2476
510 1078
1078 1284
1284 837
837 2774
2774 2132
2774 493
2132 753
753 2640
753 498
2640 1536
2640 1864
1536 18
1536 278
18 2094
2094 1277
1277 1593
1593 2742
2742 519
2742 2523
519 897
519 2686
897 414
414 2157
414 886
2157 2107
2107 2567
2567 2221
2567 2081
2221 1487
1487 222
222 819
222 273
819 1576
819 60
1576 138
1576 2485
138 1025
1025 1657
1657 2178
2178 1755
2178 391
1755 203
1755 1299
203 1539
203 2777
1539 445
445 2649
445 2450
2649 854
854 1118
854 219
1118 2249
1118 1433
2249 2375
2375 1178
1178 1364
1178 2541
1364 2232
1364 780
2232 2184
2184 1691
1691 238
1691 2628
238 621
621 1302
1302 223
223 1258
223 1942
1258 14
14 1419
14 2229
1419 169
1419 805
169 1225
1225 1440
1225 1923
1440 1050
1050 2311
2311 1504
2311 1885
1504 477
477 1937
1937 2109
2109 1738
2109 1265
1738 2150
1738 1871
2150 337
2150 1402
337 830
337 1381
830 408
830 671
408 2019
2019 637
637 2248
2248 170
170 2435
2435 1782
1782 898
1782 2629
898 1261
898 769
1261 1019
1261 996
1019 1220
1220 903
1220 1401
903 1723
1723 1793
1723 2068
1793 960
1793 983
960 2407
960 2129
2407 463
463 129
463 737
129 622
129 773
622 2677
622 1246
2677 239
2677 2404
239 2342
2342 2092
2092 1919
2092 13
1919 2778
1919 2144
2778 1151
1151 2200
2200 198
2200 863
198 2203
2203 42
2203 1162
42 2327
42 2632
2327 811
2327 2367
811 712
811 910
712 1039
1039 1282
1039 1623
1282 2747
1282 2800
2747 1361
2747 2765
1361 245
1361 1140
245 1045
1045 625
1045 988
625 1602
625 1820
1602 1578
1602 514
1578 2443
1578 1152
2443 998
2443 127
998 1844
1844 244
244 1016
1016 994
994 250
250 522
522 2158
2158 2032
2032 277
2032 721
277 1947
277 1485
1947 1154
1154 2594
2594 1992
2594 982
1992 2037
2037 656
656 1428
656 689
1428 2199
2199 1704
2199 1146
1704 2574
2574 2145
2574 1797
2145 2004
2004 1558
2004 2296
1558 1750
1750 1454
1750 1565
1454 33
33 1808
33 1585
1808 1978
1808 2317
1978 1080
1080 335
1080 1737
335 1186
335 205
1186 382
382 1940
1940 2148
2148 577
577 568
568 2260
568 1068
2260 2525
2260 1849
2525 151
2525 243
151 1238
1238 2295
1238 1070
2295 1197
1197 38
38 58
38 398
58 1932
58 793
1932 2441
2441 2636
2636 2104
2104 2601
2104 555
2601 2357
2357 687
2357 1475
687 1829
687 1090
1829 2098
2098 2196
2196 2461
2461 2600
2600 2231
2231 1818
1818 1216
1216 2254
1216 1013
2254 1884
1884 2643
1884 2170
2643 1547
1547 2650
1547 1172
2650 560
560 286
286 1435
1435 2668
2668 2552
2552 1479
1479 404
404 2054
2054 1316
2054 2581
1316 1572
1572 137
137 1368
1368 1189
1189 540
540 2072
2072 1192
1192 2729
2729 1350
1350 1121
1350 2504
1121 945
1121 1819
945 267
267 1139
1139 2769
2769 2112
2112 2736
2112 1659
2736 2179
2736 736
2179 163
2179 1535
163 2749
2749 1666
1666 2070
1666 843
2070 2687
2070 1130
2687 2617
2617 1739
1739 1489
1489 1473
1473 175
175 1331
175 1587
1331 1020
1331 1690
1020 361
361 2446
2446 2063
2446 1263
2063 154
2063 327
154 349
154 499
349 521
521 2285
521 75
2285 1733
1733 2233
1733 2595
2233 184
2233 41
184 2410
2410 1376
1376 1775
1376 551
1775 2491
2491 802
2491 520
802 320
320 1334
320 534
1334 16
1334 2030
16 611
611 1506
611 1341
1506 1651
1651 1847
1847 1807
1847 2067
1807 96
96 1958
96 402
1958 1352
1958 376
1352 135
1352 106
135 2297
135 1610
2297 1451
1451 2556
2556 928
2556 1245
928 1787
1787 446
1787 629
446 1804
446 2010
1804 261
1804 50
261 871
261 2246
871 2522
2522 1946
1946 2709
1946 979
2709 1425
1425 296
1425 122
296 2496
296 1786
2496 1935
1935 306
306 2540
306 448
2540 2338
2338 118
118 2582
2582 1985
1985 933
933 2023
933 1563
2023 2557
2557 1063
2557 2140
1063 1108
1108 1814
1814 47
47 909
47 2487
909 225
225 1574
225 255
1574 290
290 2516
2516 774
2516 2052
774 2383
774 213
2383 2001
2383 2592
2001 531
2001 83
531 1736
531 2775
1736 1661
1661 141
141 2024
141 385
2024 1303
2024 2275
1303 227
1303 2641
227 1366
1366 144
144 1259
144 2631
1259 469
1259 1062
469 1224
1224 547
547 2027
547 1385
2027 1556
2027 1854
1556 905
1556 1255
905 2602
2602 543
543 1204
543 1187
1204 2751
2751 916
916 1951
1951 187
187 1772
1772 732
1772 2298
732 892
892 2009
2009 1795
1795 2735
2735 1392
1392 2587
1392 1629
2587 1161
1161 2093
2093 1271
1271 371
1271 2798
371 2355
371 1467
2355 2658
2355 1534
2658 2764
2764 1995
1995 274
274 2204
274 1311
2204 1073
1073 1273
1073 1945
1273 1416
1416 1615
1615 1957
1615 1863
1957 2395
2395 53
53 502
53 397
502 1652
502 1542
1652 597
597 259
597 927
259 975
259 624
975 1843
975 1830
1843 34
1843 1498
34 766
766 820
820 366
820 767
366 2091
366 2153
2091 1040
2091 2692
1040 468
468 609
468 2449
609 1644
1644 1766
1644 1049
1766 2701
2701 1711
2701 399
1711 518
518 1933
518 1295
1933 2090
1933 2700
2090 1132
2090 1597
1132 2000
2000 413
2000 2169
413 1589
1589 848
1589 894
848 1685
1685 2085
1685 1465
2085 1703
1703 81
1703 2619
81 2719
81 1041
2719 1502
1502 1968
1968 74
74 1620
1620 1538
1620 2124
1538 835
835 1671
1671 727
727 781
727 15
781 1159
1159 937
1159 746
937 503
937 2447
503 2195
503 2087
2195 2474
2474 59
59 932
932 2610
932 470
2610 1861
1861 2622
1861 121
2622 2401
2622 377
2401 2723
2723 1560
2723 2419
1560 889
889 775
889 763
775 2690
2690 2089
2690 1911
2089 2614
2089 2560
2614 1171
1171 855
1171 1147
855 359
855 171
359 787
359 1021
787 2509
2509 1120
2509 2559
1120 873
1120 2209
873 1066
873 515
1066 583
583 2393
583 1734
2393 409
2393 1002
409 288
288 2108
288 2142
2108 2269
2269 2387
2387 1692
2387 1655
1692 183
1692 2007
183 2651
2651 669
669 2571
669 2421
2571 856
2571 1840
856 2013
2013 316
316 2422
2422 2507
2507 1788
2507 1974
1788 1520
1788 1354
1520 307
307 2234
2234 1222
2234 2676
1222 2163
2163 604
2163 109
604 1431
1431 2468
1431 1476
2468 2634
2468 484
2634 2549
2549 946
2549 1513
946 1495
946 1043
1495 488
488 875
488 2408
875 2022
2022 2505
2022 2329
2505 2483
2483 1133
1133 2675
2675 1859
2675 2562
1859 1862
1862 1980
1980 1181
1181 1339
1181 1099
1339 2615
1339 2241
2615 429
429 1317
429 2537
1317 1551
1317 2352
1551 2568
1551 1624
2568 1006
2568 2139
1006 713
713 2066
713 2347
2066 2065
2066 2672
2065 701
701 1452
701 1724
1452 1122
1452 537
1122 1768
1122 486
1768 1155
1768 1101
1155 869
869 128
869 813
128 1727
128 1409
1727 2473
1727 1762
2473 2397
2397 1017
1017 1110
1017 646
1110 846
1110 2086
846 76
846 1981
76 1801
76 1340
1801 1948
1801 1024
1948 1921
1948 1903
1921 2359
1921 387
2359 1060
1060 879
1060 1777
879 1065
1065 1805
1805 758
1805 1938
758 1841
758 1131
1841 145
1841 2621
145 693
145 734
693 2712
2712 2755
2755 2513
2755 1621
2513 1696
1696 1422
1696 4
1422 1842
1422 592
1842 2694
1842 1379
2694 822
2694 698
822 2331
2331 206
206 67
206 1086
67 1486
67 786
1486 1693
1693 1449
1449 977
1449 1190
977 8
977 1956
8 2543
2543 765
765 941
941 655
941 527
655 2020
655 1941
2020 2725
2725 501
2725 564
501 2697
2697 2320
2320 2789
2789 2056
2056 2274
2056 779
2274 2175
2175 572
2175 1528
572 1677
1677 1612
1677 146
1612 1611
1612 207
1611 2016
1611 2761
2016 215
215 2514
2514 912
912 1676
912 667
1676 1617
1676 2785
1617 1799
1799 738
738 506
506 99
506 600
99 791
99 1670
791 1633
791 116
1633 795
1633 1678
795 2570
2570 1287
2570 315
1287 2656
1287 1338
2656 2220
2220 704
704 2604
704 2767
2604 2633
2633 768
768 2213
768 1156
2213 1765
1765 2635
1765 827
2635 156
156 1532
156 332
1532 1632
1632 1754
1632 2299
1754 2456
1754 1707
2456 367
2456 1093
367 1337
1337 1557
1557 2737
1557 57
2737 2040
2040 2667
2667 1800
1800 2799
2799 2511
2511 724
724 2577
2577 1991
1991 2243
2243 2386
2386 253
253 670
253 618
670 804
804 2194
804 2315
2194 1554
2194 761
1554 2420
1554 2341
2420 2490
2420 1105
2490 1275
2490 2074
1275 990
990 86
86 100
100 1521
1521 2418
2418 1660
1660 1484
1660 623
1484 2183
1484 1575
2183 364
364 1798
364 2442
1798 686
686 1972
1972 2623
2623 2744
2623 1668
2744 2340
2340 2059
2059 2048
2048 1319
1319 2363
2363 974
974 612
974 581
612 450
450 2130
2130 2292
2292 1453
2292 665
1453 1897
1897 55
1897 1753
55 2202
2202 2047
2202 2722
2047 111
2047 1488
111 2116
111 2782
2116 2470
2116 2752
2470 991
991 1336
991 2695
1336 971
971 2280
971 2172
2280 2044
2044 1555
2044 70
1555 400
1555 2766
400 2237
400 723
2237 2489
2489 1363
1363 2236
2236 536
2236 1226
536 1497
1497 2554
2554 333
333 1348
333 684
1348 1232
1348 634
1232 729
729 139
729 131
139 2768
139 1408
2768 1391
2768 386
1391 2546
1391 808
2546 888
888 2264
2264 2057
2057 2657
2057 1268
2657 924
2657 1831
924 2226
2226 218
2226 1537
218 1250
1250 2803
2803 177
177 393
177 295
393 2321
2321 1091
2321 1
1091 529
1091 1214
529 2802
529 329
2802 2409
2409 999
2409 1053
999 412
999 487
412 1827
412 1027
1827 1318
1827 1726
1318 2358
1318 578
2358 1144
2358 1388
1144 914
1144 1373
914 92
914 2371
92 2294
2294 192
192 492
492 1518
492 1915
1518 821
821 1117
821 342
1117 1321
1117 1529
1321 1496
1321 1058
1496 566
566 1279
566 2400
1279 1746
1746 2368
2368 2680
2680 341
2680 54
341 1924
341 1003
1924 289
1924 1881
289 1618
289 345
1618 2028
2028 2015
2015 431
431 1595
1595 976
976 610
610 2137
610 828
2137 303
2137 1067
303 507
303 1360
507 1285
1285 1410
1285 276
1410 1253
1253 2550
1253 1491
2550 140
2550 682
140 574
140 1783
574 1221
574 1202
1221 1011
1221 1694
1011 1732
1732 2731
1732 1877
2731 1157
1157 464
1157 824
464 1471
1471 300
1471 1071
300 9
300 1441
9 2084
2084 11
11 1826
11 479
1826 887
1826 1928
887 1469
887 134
1469 1794
1469 1215
1794 2133
2133 119
2133 1266
119 2566
2566 778
778 505
778 2251
505 1664
1664 1055
1055 1872
1055 2055
1872 513
1872 1740
513 962
962 1588
1588 1420
1420 516
1420 2573
516 1048
516 427
1048 1870
1048 1414
1870 1567
1567 172
1567 1674
172 87
172 1081
87 2214
2214 2734
2214 1767
2734 1686
2734 1004
1686 1482
1686 51
1482 699
1482 958
699 1953
1953 79
1953 938
79 880
79 742
880 861
861 785
861 88
785 471
471 2652
471 2739
2652 1446
1446 1546
1446 731
1546 1550
1546 2267
1550 2613
2613 216
216 921
216 2155
921 438
438 1749
1749 257
257 1543
1543 19
1543 2402
19 2748
2748 312
312 12
12 2224
2224 2664
2224 550
2664 275
2664 1960
275 628
628 1552
1552 1432
1432 2466
1432 2801
2466 1281
2466 524
1281 494
494 770
494 2797
770 834
770 743
834 2776
834 2416
2776 311
311 36
311 2424
36 2606
2606 788
788 1604
788 2805
1604 2097
2097 2475
2097 2706
2475 1362
2475 2253
1362 1512
1362 2479
1512 542
1512 2332
542 790
542 2156
790 956
790 1137
956 1175
1175 421
1175 1457
421 760
421 2308
760 20
760 2008
20 1298
20 1434
1298 2060
1298 105
2060 2624
2060 1697
2624 1705
2624 1592
1705 1825
1705 417
1825 153
153 688
688 1206
1206 1845
1206 2043
1845 1901
1845 1510
1901 1519
1519 2728
2728 829
2728 2135
829 1306
829 194
1306 541
541 1939
1939 1148
1939 1934
1148 782
1148 415
782 2197
2197 1714
2197 433
1714 2535
2535 1129
2535 1112
1129 2440
1129 1917
2440 807
2440 1007
807 964
807 2344
964 186
964 1291
186 818
818 120
818 264
120 1914
1914 1649
1649 5
5 252
5 2152
252 1079
252 923
1079 2454
1079 1756
2454 797
797 322
797 750
322 2182
322 559
2182 61
61 430
61 2012
430 858
858 1500
858 817
1500 343
1500 1455
343 2411
2411 692
692 2684
2684 2452
2452 1975
1975 2586
1975 1913
2586 853
853 1526
1526 865
865 2647
2647 2293
2293 2230
2230 606
606 2277
2277 2711
2277 2307
2711 1809
1809 2014
1809 528
2014 676
676 2306
2306 754
754 313
313 271
313 1817
271 2343
2343 1850
2343 65
1850 475
475 2100
475 1198
2100 72
72 1493
1493 2207
2207 605
605 613
605 632
613 2114
2114 297
2114 392
297 511
297 2193
511 1119
1119 2259
2259 2526
2259 1195
2526 1165
1165 864
864 2180
864 173
2180 1743
2180 1461
1743 901
901 1710
901 228
1710 1413
1710 2339
1413 2740
1413 809
2740 2205
2205 1583
1583 1335
1583 2670
1335 2639
1335 2061
2639 899
899 2714
899 2325
2714 2216
2216 2111
2111 142
142 1439
1439 1212
1212 2796
1212 2141
2796 2212
2796 1022
2212 405
2212 1429
405 472
472 1001
1001 1998
1998 1342
1342 589
589 674
589 1450
674 451
674 126
451 544
544 406
406 2189
2189 845
845 2018
2018 2369
2018 1701
2369 2134
2369 272
2134 2576
2134 1663
2576 2159
2576 379
2159 771
771 2222
771 2555
2222 363
363 2349
2349 2382
2349 372
2382 2167
2382 2161
2167 2596
2167 653
2596 1603
1603 792
792 2445
2445 362
2445 806
362 2698
362 980
2698 707
707 833
833 1437
833 2612
1437 2457
2457 2637
2457 1883
2637 823
2637 603
823 2073
823 1835
2073 133
2073 1260
133 229
229 2353
2353 357
2353 395
357 325
357 2583
325 1858
325 1650
1858 504
1858 281
504 1681
504 1158
1681 148
1681 182
148 459
148 1356
459 2011
459 1106
2011 323
323 1522
323 1083
1522 1635
1522 1888
1635 2291
1635 2464
2291 1553
1553 562
1553 691
562 434
562 2431
434 2575
434 2563
2575 1544
1544 702
1544 872
702 1010
1010 602
602 654
654 2384
2384 2682
2682 2188
2188 548
548 2512
548 1966
2512 2396
2396 2034
2396 353
2034 2430
2430 2365
2365 2536
2536 1527
2536 884
1527 1675
1527 1541
1675 1598
1598 2726
2726 2381
2726 2360
2381 2031
2031 588
588 1304
1304 1511
1304 1399
1511 174
1511 1936
174 1638
1638 212
1638 2792
212 844
212 1866
844 695
695 1267
695 157
1267 1307
1307 1005
1307 2427
1005 185
1005 189
185 236
236 1240
1240 896
896 644
644 2460
2460 473
2460 2252
473 1113
473 1789
1113 2289
2289 1256
1256 608
1256 168
608 1931
608 1310
1931 919
1931 199
919 943
943 491
491 1963
491 939
1963 1383
1963 1349
1383 2403
2403 476
2403 2626
476 1290
1290 423
423 181
423 1990
181 2053
2053 418
418 2258
2258 383
383 1014
1014 2462
1014 2597
2462 1357
2462 1930
1357 2705
2705 1127
2705 201
1127 1483
1483 1208
1208 2263
2263 2458
2458 2738
2738 373
2738 2102
373 1405
1405 380
380 164
380 2787
164 2763
2763 62
62 235
62 1103
235 161
235 294
161 1813
161 2465
1813 2076
2076 2250
2250 2026
2026 1908
1908 657
657 2627
2627 2589
2589 908
908 1237
908 1411
1237 1596
1237 2645
1596 1816
1816 441
1816 1466
441 500
441 1577
500 2284
2284 1999
2284 2262
1999 1899
1999 130
1899 330
330 82
330 452
82 825
82 1313
825 2103
825 2110
2103 437
437 35
437 1634
35 1965
1965 2276
1965 719
2276 2484
2484 2593
2593 89
89 1748
89 2472
1748 24
24 1548
24 1262
1548 1164
1164 2673
2673 1326
2673 230
1326 772
772 1875
1875 2618
1875 2439
2618 2642
2642 1149
2642 1501
1149 1436
1149 1747
1436 2313
2313 2146
2146 394
394 926
926 1943
926 2545
1943 744
1943 2406
744 29
29 876
876 2256
876 2071
2256 2374
2374 2730
2374 1971
2730 948
948 2101
948 981
2101 2328
2328 1920
2328 298
1920 2337
2337 2459
2337 526
2459 270
2459 496
270 1970
270 1170
1970 708
1970 616
708 591
708 478
591 1559
1559 447
1559 352
447 571
571 552
571 1371
552 2379
552 1188
2379 2118
2379 1095
2118 1333
2118 355
1333 668
1333 756
668 1200
1200 617
1200 2638
617 1876
617 2760
1876 1695
1695 2377
2377 481
481 1046
481 103
1046 1444
1444 490
490 2151
2151 1305
2151 2405
1305 375
1305 1616
375 2370
2370 947
2370 620
947 208
208 576
208 266
576 1713
1713 2029
1713 1460
2029 2210
2210 735
735 935
735 1047
935 2319
935 2324
2319 25
2319 720
25 1150
25 1989
1150 117
117 1869
1869 254
1869 1330
254 1183
254 630
1183 794
794 1474
1474 2272
2272 810
2272 2119
810 2517
2517 453
2517 2423
453 739
453 1358
739 639
639 661
661 115
661 673
115 1472
115 619
1472 2579
2579 283
283 1757
283 291
1757 1223
1757 440
1223 1909
1909 1315
1315 881
1315 2304
881 1514
881 2469
1514 2033
1514 432
2033 1390
2033 1312
1390 2228
1390 2453
2228 936
936 43
936 533
43 599
599 2164
599 1272
2164 1586
2164 2245
1586 1721
1721 1907
1721 1458
1907 73
73 1916
73 2425
1916 336
336 594
594 1642
594 949
1642 3
1642 917
3 1517
1517 1028
1517 728
1028 2279
1028 136
2279 2096
2096 2302
2096 331
2302 993
2302 350
993 411
993 2058
411 1322
1322 2608
2608 1900
2608 1145
1900 2082
1900 2661
2082 1199
1199 1355
1355 579
579 2502
579 2437
2502 1683
2502 1643
1683 2660
2660 1135
1135 747
1135 1492
747 1059
1059 2106
1059 28
2106 426
426 1094
1094 711
1094 381
711 1744
1744 1037
1037 557
557 1377
557 268
1377 2333
2333 2724
2333 2038
2724 1115
2724 940
1115 56
56 1581
1581 2648
2648 1061
2648 2309
1061 1280
1061 2444
1280 1761
1761 641
641 2599
2599 2290
2599 292
2290 2392
2290 652
2392 2356
2392 2539
2356 1012
2356 1887
1012 2438
2438 1242
2438 1480
1242 1323
1242 1636
1323 1779
1779 2138
1779 2265
2138 2127
2138 1308
2127 1533
1533 1812
1812 1464
1812 2788
1464 2547
2547 2412
2547 2046
2412 700
2412 1109
700 7
700 1515
7 1752
1752 1380
1380 1590
1590 2533
1590 1104
2533 2578
2578 839
2578 2147
839 972
839 474
972 1763
972 2524
1763 862
1763 1033
862 920
920 2488
920 1126
2488 598
598 360
360 224
360 2561
224 2312
2312 1523
1523 2240
2240 1654
2240 538
1654 2591
2591 675
675 2192
2192 2780
2780 378
2780 2499
378 587
587 1836
587 2463
1836 1839
1839 1569
1569 532
1569 2239
532 2572
532 2334
2572 1865
2572 1426
1865 1645
1645 2247
2247 2716
2716 2413
2413 467
467 1244
467 2380
1244 2753
2753 1531
1531 1481
1531 2415
1481 582
1481 561
582 749
582 907
749 580
749 2616
580 545
545 1463
1463 1699
1463 1098
1699 1993
1993 2287
1993 1631
2287 1925
1925 2002
1925 1167
2002 68
2002 188
68 2532
2532 2211
2532 2519
2211 1370
1370 2702
1370 242
2702 1092
1092 1672
1092 1030
1672 1503
1672 1478
1503 91
1503 895
91 389
91 193
389 1375
1375 2115
1375 2503
2115 2314
2115 967
2314 985
2314 877
985 2021
985 44
2021 2795
2021 565
2795 1806
1806 2630
2630 660
2630 857
660 104
104 1494
1494 1397
1397 1929
1929 1709
1929 902
1709 970
1709 607
970 1415
970 2017
1415 2515
1415 1089
2515 1292
2515 1293
1292 436
436 346
346 1564
1564 1673
1564 2268
1673 1251
1251 2451
2451 1088
2451 2467
1088 2548
1088 963
2548 424
424 631
631 435
435 733
733 114
733 2477
114 2041
2041 233
233 800
800 284
800 1882
284 957
284 709
957 2261
957 2217
2261 878
2261 2620
878 1927
878 2603
1927 1785
1927 1247
1785 2362
1785 1345
2362 1297
2362 1622
1297 2551
1297 1087
2551 1961
1961 2779
1961 1894
2779 1822
1822 2077
2077 1230
2077 1142
1230 678
1230 63
678 1892
1892 1209
1209 2521
2521 1096
2521 1396
1096 416
1096 2758
416 2120
2120 2286
2286 1343
2286 930
1343 1138
1138 1177
1177 1728
1728 1898
1728 1639
1898 955
1898 388
955 2565
2565 663
663 401
401 195
401 831
195 2187
2187 2429
2187 849
2429 1309
2429 893
1309 2083
2083 1329
1329 1637
1637 231
1637 1606
231 1641
231 2049
1641 1640
1640 351
351 1182
1182 643
1182 2208
643 1846
643 1626
1846 449
1846 1288
449 52
52 2534
2534 1982
2534 1582
1982 209
1982 1125
209 1386
1386 705
1386 1549
705 2166
705 814
2166 1009
1009 569
569 2099
2099 1184
2099 1173
1184 987
1184 535
987 1236
1236 2653
1236 1741
2653 1036
1036 262
1036 1790
262 1524
1524 593
1524 1682
593 1219
593 517
1219 1698
1219 1979
1698 2558
2558 419
419 1257
419 2173
1257 2494
2494 850
850 2590
850 573
2590 1516
1516 851
1516 2266
851 553
851 1784
553 1075
1075 64
1075 2080
64 1270
1270 1153
1270 123
1153 108
108 256
256 308
256 1417
308 2322
308 2678
2322 66
66 696
66 45
696 326
326 1918
326 2078
1918 2756
2756 918
2756 1324
918 221
221 762
221 2075
762 1760
1760 348
1760 1811
348 443
348 1890
443 407
407 1407
407 640
1407 2391
1407 1802
2391 546
2391 27
546 2025
2025 2122
2122 425
425 1630
425 2665
1630 1792
1792 358
1792 798
358 396
358 461
396 241
241 1394
1394 730
1394 2666
730 1905
730 1327
1905 301
1905 1085
301 2654
2654 867
867 586
586 422
586 1687
422 1430
422 1584
1430 124
1430 2372
124 30
30 2121
30 2283
2121 1328
1328 1625
1328 1286
1625 1378
1625 1832
1378 659
659 2105
659 1912
2105 1568
2105 2218
1568 1283
1283 2703
1283 649
2703 2257
2703 706
2257 1166
2257 690
1166 2160
1166 2585
2160 282
282 178
178 1069
178 403
1069 627
627 1774
1774 444
444 2088
2088 2688
2688 2708
2688 2718
2708 234
234 1456
1456 803
1456 584
803 1824
803 681
1824 1902
1824 1667
1902 530
530 1008
1008 703
1008 859
703 1735
1735 1665
1735 1372
1665 596
596 2759
596 1254
2759 1857
2759 1573
1857 2721
1857 2544
2721 783
2721 1996
783 1082
783 2215
1082 1191
1191 147
147 1210
1210 1114
1114 1976
1114 466
1976 874
1976 1619
874 1648
874 934
1648 2486
1648 677
2486 489
489 1400
1400 1179
1179 1688
1179 2039
1688 197
1688 1867
197 1264
197 2495
1264 1791
1264 2790
1791 717
717 1243
1243 2288
1243 143
2288 1233
2288 2318
1233 26
26 900
900 1815
900 2050
1815 1499
1499 885
885 1042
1042 1301
1301 757
1301 1669
757 152
757 601
152 614
152 1102
614 1032
1032 1545
1545 482
482 2644
482 93
2644 1647
2644 2683
1647 1880
1880 1374
1880 509
1374 1269
1374 636
1269 420
1269 832
420 232
232 1879
1879 1910
1910 995
1910 1344
995 1851
1851 1505
1851 2330
1505 1447
1505 635
1447 249
1447 801
249 2281
249 929
2281 642
642 2732
642 2481
2732 2434
2732 1369
2434 710
710 1613
1613 1477
1613 694
1477 1718
1718 32
32 2042
32 2176
2042 1134
1134 2378
1134 480
2378 1773
1773 304
304 246
304 2271
246 1332
1332 2646
1332 1294
2646 716
2646 906
716 321
321 2399
2399 98
2399 2527
98 1997
98 2376
1997 1684
1684 752
752 836
836 1764
1764 2715
1764 84
2715 683
2715 1235
683 1296
683 1700
1296 1679
1679 2303
1679 1579
2303 2003
2303 280
2003 1023
2003 2035
1023 1904
1904 1856
1904 1984
1856 925
925 922
925 2794
922 1926
1926 1873
1926 672
1873 237
237 2704
2704 226
226 2528
2528 344
2528 2508
344 1490
344 2471
1490 615
615 1427
615 2609
1427 796
796 2662
2662 2348
2348 2390
2390 2781
2781 1781
2781 2501
1781 638
1781 973
638 2036
2036 247
247 1051
247 2710
1051 80
1051 816
80 37
37 890
890 1821
1821 248
248 2242
2242 2786
2786 2190
2190 1730
1730 2804
1730 1725
2804 1731
2804 951
1731 2783
1731 961
2783 1056
2783 1100
1056 2497
2497 2518
2518 2361
2361 220
220 1229
220 1969
1229 1231
1229 150
1231 102
102 882
882 2455
882 279
2455 2225
2455 1562
2225 651
651 1393
651 911
1393 2498
1393 554
2498 968
968 334
334 2478
334 2223
2478 697
2478 1365
697 2727
697 210
2727 211
2727 664
211 1627
1627 2079
1627 954
2079 1213
2079 2542
1213 1239
1213 1403
1239 328
328 2191
2191 1751
2191 1174
1751 1097
1097 2482
2482 1977
1977 31
1977 2417
31 2741
2741 2186
2186 428
2186 317
428 1720
428 1780
1720 1074
1074 2510
2510 2005
2005 1952
1952 966
1952 2681
966 1860
966 1398
1860 1962
1860 2336
1962 2062
2062 1136
1136 495
495 1719
495 1959
1719 1442
1719 196
1442 1507
1507 841
1507 2663
841 525
841 662
525 1759
1759 2131
2131 666
666 2125
2125 324
2125 318
324 556
556 2227
2227 2584
2227 913
2584 2177
2177 1600
2177 1064
1600 2335
1600 39
2335 319
2335 214
319 777
777 1878
1878 2506
1878 1834
2506 310
2506 1205
310 740
740 931
740 2717
931 269
931 314
269 1160
269 1886
1160 1123
1160 1359
1123 1605
1123 725
1605 2326
2326 2448
2326 1404
2448 1893
1893 1954
1893 2699
1954 365
365 354
354 2791
354 1462
2791 1234
2791 679
1234 1601
1234 2773
1601 944
1601 1387
944 1196
944 1561
1196 305
305 101
305 2244
101 1656
1656 2707
1656 1347
2707 1745
2707 2168
1745 1443
1745 2345
1443 904
1443 1470
904 575
575 2305
575 2605
2305 1228
2305 2136
1228 95
1228 132
95 2531
2531 1530
2531 1776
1530 113
1530 997
113 200
200 442
200 650
442 2095
442 1599
2095 6
6 2064
2064 338
2064 2428
338 2492
2492 2394
2394 1758
2394 2529
1758 2689
2689 715
715 2171
2171 439
2171 840
439 852
852 265
265 1983
265 2607
1983 969
1983 1448
969 978
969 158
978 1289
978 1803
1289 1169
1169 1828
1828 162
1828 2696
162 2278
2278 2351
