10 776 720
7 3
7 5
3 6
6 10
10 8
10 4
8 9
8 1
9 2
429 105
105 201
201 404
404 673
673 358
673 31
358 550
550 480
480 512
480 539
512 302
512 436
302 224
224 229
224 430
229 488
229 385
488 756
756 524
756 624
524 388
388 529
529 215
529 728
215 321
321 666
666 119
119 422
119 253
422 13
13 177
13 314
177 159
159 407
407 239
407 681
239 192
192 468
468 627
468 252
627 380
380 431
380 490
431 463
431 620
463 702
463 23
702 758
702 396
758 523
758 690
523 76
523 213
76 382
76 506
382 350
382 54
350 771
771 353
771 472
353 737
353 721
737 484
737 221
484 354
354 697
354 696
697 141
141 656
656 604
604 487
487 461
461 400
461 518
400 315
400 124
315 588
588 586
588 25
586 331
586 170
331 438
331 418
438 594
438 647
594 511
594 173
511 497
511 6
497 634
634 58
634 682
58 166
166 4
166 42
4 443
443 151
151 453
453 121
121 537
537 265
265 375
265 607
375 185
375 288
185 509
185 339
509 398
398 678
678 5
5 336
336 238
336 98
238 738
738 349
738 301
349 773
773 645
773 16
645 255
255 612
612 677
677 246
246 631
246 707
631 286
631 538
286 251
251 692
692 580
580 318
318 341
341 82
82 450
82 235
450 344
344 610
344 713
610 92
92 39
39 94
39 20
94 658
94 411
658 731
658 361
731 249
249 513
513 176
513 397
176 545
176 467
545 307
545 452
307 764
764 387
764 664
387 667
667 593
667 413
593 71
71 600
600 365
600 581
365 50
365 699
50 72
50 493
72 152
152 136
152 591
136 186
186 575
186 131
575 343
575 766
343 499
499 744
499 712
744 157
157 609
157 108
609 701
701 454
454 85
85 322
85 270
322 84
84 269
84 191
269 43
43 406
43 531
406 646
646 672
646 326
672 618
672 557
618 390
390 570
570 155
570 96
155 294
155 439
294 649
294 446
649 47
47 33
47 41
33 544
33 66
544 748
544 218
748 21
748 423
21 567
567 111
567 414
111 582
111 222
582 80
582 494
80 584
584 602
602 440
440 725
440 197
725 568
568 648
648 533
533 178
533 767
178 628
628 595
595 622
595 540
622 392
392 695
392 135
695 289
289 83
289 561
83 342
342 351
342 391
351 264
351 470
264 362
362 635
635 569
569 371
569 754
371 102
102 747
102 743
747 615
615 247
615 709
247 378
247 587
378 86
86 486
486 671
671 143
671 194
143 9
143 644
9 474
474 333
333 741
741 466
466 373
466 558
373 310
373 662
310 410
410 112
410 334
112 12
112 329
12 128
128 663
663 272
663 367
272 317
317 283
317 8
283 140
140 623
140 70
623 118
118 234
118 456
234 522
234 603
522 379
522 308
379 19
379 230
19 97
19 26
97 281
281 424
281 543
424 18
18 617
18 757
617 209
209 35
209 150
35 3
3 496
496 193
193 10
10 145
10 717
145 421
421 654
654 17
17 464
17 138
464 641
641 619
641 599
619 208
208 330
208 142
330 309
309 158
158 306
158 563
306 716
716 651
716 770
651 700
700 359
359 332
359 451
332 751
751 614
751 368
614 502
502 81
81 183
81 256
183 114
114 434
114 240
434 776
776 579
776 679
579 458
458 69
458 517
69 553
553 552
552 507
507 739
739 259
259 460
259 510
460 481
460 616
481 320
481 146
320 227
227 115
227 116
115 2
115 280
2 109
109 556
109 22
556 626
626 147
626 360
147 659
147 660
659 149
149 711
149 291
711 233
233 100
100 571
571 220
220 720
220 417
720 528
720 514
528 415
528 462
415 389
389 292
389 759
292 243
292 742
243 79
79 78
79 449
78 250
78 266
250 399
250 363
399 625
625 184
625 637
184 299
184 287
299 1
299 104
1 685
1 276
685 665
665 482
482 285
285 726
285 206
726 727
727 290
290 65
65 435
435 313
313 633
313 113
633 49
49 167
167 204
204 352
352 59
352 668
59 345
345 37
37 541
541 761
761 319
319 444
319 346
444 749
444 340
749 223
749 129
223 163
163 189
189 719
189 295
719 196
719 74
196 419
419 248
248 180
248 680
180 710
710 536
710 762
536 760
760 347
347 110
347 242
110 134
110 674
134 589
589 328
328 77
328 769
77 562
77 323
562 386
562 205
386 133
386 703
133 169
169 298
298 40
40 263
40 325
263 772
772 445
445 578
445 273
578 305
578 311
305 503
503 534
503 478
534 217
534 15
217 34
34 548
548 369
369 357
369 171
357 547
357 516
547 520
547 384
520 730
730 477
477 303
303 416
303 293
416 356
416 91
356 750
356 705
750 53
750 403
53 237
237 521
521 188
188 300
188 64
300 212
212 56
212 122
56 479
479 630
479 638
630 560
630 174
560 576
560 153
576 583
583 689
583 316
689 51
689 63
51 203
203 55
203 348
55 103
103 676
676 207
676 117
207 225
207 448
225 485
225 691
485 312
312 483
483 608
608 395
395 160
160 505
505 268
505 244
268 442
268 179
442 469
469 686
686 175
686 596
175 44
44 559
44 402
559 592
559 93
592 774
774 282
282 107
107 491
107 515
491 500
491 432
500 476
500 706
476 652
476 187
652 226
652 172
226 254
254 489
489 555
489 60
555 565
565 636
636 261
261 45
45 585
45 48
585 245
245 733
733 425
733 734
425 258
258 327
258 393
327 99
99 590
99 364
590 381
381 304
381 377
304 182
182 433
433 753
753 366
753 535
366 139
139 154
139 164
154 202
202 688
688 745
745 405
745 46
405 68
405 30
68 11
11 613
11 195
613 471
613 542
471 498
498 723
723 675
723 501
675 144
144 763
144 427
763 519
763 775
519 611
611 257
611 36
257 228
257 374
228 95
95 549
95 572
549 409
549 278
409 704
704 198
198 260
198 210
260 161
161 106
161 455
106 746
746 643
746 621
643 28
28 335
335 236
335 420
236 735
735 574
735 73
574 495
574 231
495 752
495 355
752 89
752 75
89 372
89 14
372 376
372 655
376 683
683 61
683 598
61 573
61 126
573 441
573 684
441 211
211 130
130 137
130 687
137 88
137 297
88 200
88 554
200 639
200 724
639 383
383 214
383 284
214 156
156 90
90 27
27 426
27 219
426 324
324 168
324 718
168 181
168 127
181 601
601 729
729 577
577 605
577 262
605 148
605 274
148 57
148 401
57 338
338 566
566 504
504 736
504 755
736 669
736 199
669 653
669 530
653 526
653 216
526 708
708 67
708 52
67 640
67 457
640 693
693 597
597 722
722 714
722 101
714 32
714 670
32 661
661 370
661 465
370 275
275 29
275 62
29 271
271 394
394 694
394 190
694 740
694 123
740 632
632 165
165 765
765 277
765 24
277 551
551 698
698 525
525 657
525 715
657 564
657 768
564 732
564 642
732 7
732 337
7 629
629 241
629 532
241 459
241 267
459 162
459 473
162 412
412 437
412 650
437 296
437 125
296 475
475 428
428 232
232 132
232 527
132 120
132 492
120 546
546 87
546 408
87 508
87 447
508 38
508 279
38 606
