20 1435 166969689
2 4
2 16
4 9
9 12
12 14
12 5
14 15
14 17
15 11
15 7
11 1
11 13
1 6
6 19
19 18
19 10
18 3
3 20
3 8
1062 697
1062 1249
697 35
35 14
35 920
14 1243
14 842
1243 296
296 1180
296 1160
1180 1239
1180 133
1239 445
445 1306
1306 1182
1182 930
1182 1403
930 273
273 516
516 763
763 416
416 302
416 555
302 87
302 511
87 1037
87 96
1037 1106
1106 319
319 207
319 73
207 1209
207 832
1209 298
1209 1377
298 391
391 1227
391 378
1227 1417
1227 1187
1417 1065
1417 961
1065 1395
1065 804
1395 452
1395 109
452 432
452 112
432 1186
1186 67
1186 444
67 835
67 753
835 1430
1430 975
975 947
947 227
227 1284
227 988
1284 230
1284 673
230 1266
230 469
1266 1359
1266 287
1359 991
991 1278
1278 985
1278 824
985 731
731 254
731 118
254 913
254 260
913 1103
1103 881
881 185
185 1086
185 532
1086 329
1086 72
329 360
329 1361
360 503
360 229
503 1333
503 461
1333 1292
1333 602
1292 699
699 792
792 343
792 1098
343 1327
1327 43
43 1217
1217 786
786 315
315 332
315 1042
332 1365
1365 897
1365 404
897 1169
1169 79
1169 483
79 76
76 777
777 1303
1303 518
1303 1338
518 566
518 44
566 935
935 853
935 395
853 549
853 450
549 282
282 377
282 422
377 962
962 619
619 990
619 631
990 1164
990 303
1164 932
1164 568
932 552
552 919
552 138
919 1321
1321 1152
1152 340
1152 1236
340 705
340 984
705 1000
1000 629
629 141
141 1358
141 1010
1358 650
1358 589
650 299
650 569
299 1184
1184 1097
1097 675
1097 1165
675 1216
1216 1341
1341 1174
1341 593
1174 370
370 536
370 1355
536 105
536 1211
105 409
105 1100
409 93
93 663
93 1221
663 190
663 47
190 665
190 1394
665 591
665 459
591 130
591 719
130 955
955 973
955 899
973 106
973 1407
106 605
605 261
605 1214
261 1423
261 1053
1423 606
1423 595
606 1060
606 1120
1060 28
1060 841
28 584
28 1402
584 176
584 1318
176 313
176 1034
313 1375
313 1293
1375 739
739 561
739 794
561 948
948 417
417 446
417 439
446 120
446 197
120 17
17 607
17 859
607 1314
607 959
1314 767
1314 186
767 1026
1026 403
403 1118
1118 1299
1299 1406
1299 156
1406 893
1406 1332
893 33
893 724
33 644
644 478
478 507
507 362
507 1105
362 910
910 410
410 264
410 1245
264 528
528 1027
528 744
1027 166
1027 737
166 527
166 1425
527 995
527 1414
995 1307
995 828
1307 366
1307 1116
366 811
366 1158
811 214
811 880
214 380
214 36
380 400
400 413
400 840
413 700
700 242
700 1330
242 427
242 796
427 75
75 215
75 520
215 1151
1151 1272
1272 364
1272 1200
364 306
364 749
306 373
373 323
373 195
323 1223
323 1397
1223 1290
1223 686
1290 653
1290 926
653 324
324 443
324 1132
443 825
825 411
411 77
411 177
77 338
77 757
338 577
338 58
577 351
577 32
351 1195
1195 1225
1225 244
1225 949
244 953
244 1207
953 725
725 1150
725 890
1150 320
320 1387
1387 626
1387 18
626 37
37 1206
1206 858
1206 1297
858 431
858 667
431 1019
431 894
1019 210
1019 834
210 1198
1198 25
25 336
25 654
336 136
336 816
136 481
481 40
481 107
40 698
698 68
68 74
74 682
74 1274
682 365
682 646
365 267
365 839
267 585
585 679
585 579
679 942
942 903
942 787
903 1111
1111 1337
1337 1267
1337 885
1267 381
1267 92
381 99
99 1130
1130 1370
1370 849
849 367
849 639
367 435
367 305
435 103
435 944
103 1008
103 1308
1008 460
1008 97
460 316
316 396
396 956
396 1128
956 80
80 501
80 440
501 442
442 712
712 871
871 223
871 997
223 251
223 1124
251 1316
251 412
1316 925
1316 253
925 1142
925 806
1142 22
22 1125
1125 958
1125 356
958 256
256 621
621 1088
1088 1422
1088 372
1422 1319
1422 1282
1319 331
1319 374
331 1157
331 248
1157 933
1157 458
933 709
709 198
709 843
198 188
198 119
188 570
188 418
570 144
570 274
144 729
729 854
729 233
854 56
56 938
938 95
938 353
95 1055
95 1244
1055 1264
1055 869
1264 1349
1349 1219
1349 1352
1219 46
46 238
238 692
692 1376
692 1074
1376 237
1376 1014
237 1136
237 1384
1136 1033
1136 189
1033 54
1033 1276
54 449
449 1163
1163 393
1163 1240
393 84
393 873
84 1015
84 322
1015 574
574 140
140 1050
1050 583
1050 1131
583 1112
583 1269
1112 660
660 721
721 333
333 929
333 821
929 519
929 588
519 212
519 846
212 971
212 1404
971 1277
1277 923
1277 1408
923 1134
923 864
1134 562
562 470
562 760
470 114
470 694
114 240
114 638
240 867
240 500
867 751
751 268
268 379
268 317
379 722
722 884
722 860
884 798
884 823
798 1309
798 541
1309 1317
1309 325
1317 542
1317 162
542 748
748 1051
1051 88
88 1035
88 1189
1035 1022
1035 111
1022 131
131 171
131 1259
171 344
344 280
280 1386
1386 172
1386 1156
172 429
429 428
429 710
428 1104
1104 1115
1115 16
16 1391
16 217
1391 1233
1391 685
1233 1291
1291 505
505 1410
1410 155
1410 1168
155 1419
155 182
1419 1294
1294 308
308 756
308 203
756 81
756 1360
81 213
81 1268
213 1265
1265 915
915 575
575 168
168 817
817 533
817 1
533 101
101 1248
101 110
1248 419
1248 657
419 1040
1040 1325
1325 587
1325 819
587 1235
587 742
1235 467
1235 1381
467 258
467 496
258 1343
258 1081
1343 927
1343 582
927 1044
1044 457
457 1416
1416 289
1416 420
289 134
289 1047
134 1205
134 668
1205 870
870 857
857 1078
857 730
1078 218
1078 771
218 265
265 802
265 1084
802 939
939 822
822 402
402 269
402 597
269 1038
269 812
1038 1367
1038 494
1367 398
1367 1313
398 1433
1433 845
1433 862
845 1113
845 1400
1113 1420
1113 735
1420 702
1420 135
702 438
438 1412
1412 790
790 717
717 1215
717 618
1215 906
906 683
683 967
683 310
967 300
300 115
300 361
115 620
620 726
726 330
726 263
330 1357
330 1340
1357 687
687 892
892 181
892 612
181 291
291 200
291 266
200 1232
1232 1279
1279 1270
1270 1401
1401 713
713 1144
1144 1148
1144 513
1148 1251
1251 852
852 375
375 544
375 1110
544 70
70 831
831 175
831 829
175 98
175 63
98 1052
98 1171
1052 965
965 690
965 354
690 922
922 1153
1153 789
1153 571
789 206
206 1172
206 245
1172 979
1172 545
979 165
165 1041
1041 9
1041 672
9 590
590 219
219 833
219 727
833 504
504 797
504 498
797 728
728 284
728 1001
284 509
284 838
509 60
60 617
617 31
31 1004
1004 877
1004 455
877 1273
877 1228
1273 1069
1273 1348
1069 525
525 1114
525 918
1114 52
1114 235
52 345
52 1119
345 1429
1429 369
369 868
868 814
868 385
814 966
814 1154
966 980
966 637
980 598
598 142
598 232
142 883
883 1271
883 1063
1271 183
1271 1262
183 1301
183 951
1301 1366
1366 905
905 473
473 1323
473 793
1323 192
1323 477
192 128
128 342
128 1020
342 65
65 664
664 524
664 1426
524 1238
1238 1283
1283 896
896 1298
1298 546
1298 1250
546 301
301 1424
1424 1334
1424 160
1334 900
1334 100
900 1315
1315 1285
1285 390
390 1398
1398 1138
1398 652
1138 1149
1149 1135
1135 1305
1305 3
1305 499
3 916
3 285
916 596
916 30
596 482
482 1061
1061 78
1061 879
78 844
844 1049
1049 102
102 474
474 337
337 836
836 1354
1354 745
1354 1007
745 294
745 917
294 83
83 693
83 902
693 259
259 161
161 775
161 1011
775 818
818 914
914 309
914 1222
309 108
309 603
108 1190
1190 768
1190 387
768 149
768 425
149 288
149 940
288 970
970 623
623 426
623 23
426 24
24 874
24 352
874 314
874 1071
314 1286
1286 733
733 1310
733 946
1310 908
908 211
908 691
211 394
394 977
977 201
977 479
201 1059
201 39
1059 641
641 964
964 199
964 157
199 1411
199 1389
1411 221
1411 276
221 151
151 779
779 968
779 773
968 1304
968 993
1304 827
827 1393
1393 1178
1393 887
1178 61
61 312
61 492
312 208
312 557
208 13
13 1275
1275 1133
1133 788
1133 601
788 1091
1091 784
1091 931
784 1342
784 1048
1342 1204
1342 1012
1204 996
996 801
801 1077
801 622
1077 670
1077 769
670 523
670 1043
523 782
523 53
782 271
271 436
271 780
436 645
436 1029
645 1380
1380 600
1380 8
600 1039
1039 1344
1344 878
878 826
878 1331
826 129
129 399
129 740
399 1032
1032 1351
1032 1373
1351 882
1351 193
882 278
882 476
278 202
278 554
202 1230
202 487
1230 506
506 297
297 252
297 989
252 1075
1075 10
1075 1068
10 530
530 851
530 1155
851 576
576 1350
1350 707
707 1405
1405 815
1405 491
815 830
815 615
830 572
830 158
572 1159
572 764
1159 1328
1159 565
1328 1413
1328 547
1413 1258
1258 599
1258 326
599 123
123 55
123 94
55 1145
1145 581
1145 957
581 66
66 311
66 462
311 1188
1188 1161
1188 408
1161 376
1161 6
376 357
357 453
357 1302
453 62
62 969
62 1030
969 124
124 1396
124 529
1396 677
1396 349
677 475
475 1383
475 174
1383 179
179 327
327 249
327 222
249 1224
1224 290
1224 196
290 397
397 658
658 1067
1067 347
1067 147
347 711
711 191
711 540
191 246
246 776
776 125
776 1326
125 624
125 489
624 1241
624 514
1241 1192
1241 405
1192 1127
1127 594
594 1364
594 876
1364 1432
1432 57
57 1166
1166 1390
1166 1143
1390 611
611 1254
611 1016
1254 1045
1254 295
1045 512
512 535
535 747
535 564
747 1064
1064 383
383 526
383 335
526 847
526 1141
847 643
643 11
643 148
11 1002
1002 810
810 695
695 586
586 762
762 236
236 1005
236 625
1005 139
1005 651
139 1070
139 580
1070 1083
1070 850
1083 1247
1083 433
1247 924
924 1372
1372 241
1372 875
241 636
241 1122
636 292
292 1177
292 684
1177 656
1177 279
656 703
656 1252
703 495
495 1093
1093 628
628 743
628 963
743 19
743 485
19 163
19 778
163 1076
1076 999
1076 856
999 159
159 649
649 531
649 1368
531 1434
1434 642
642 550
642 69
550 1183
1183 634
1183 758
634 734
734 277
277 1374
1374 1099
1099 960
1099 1399
960 27
960 706
27 466
466 1054
1054 4
4 497
497 1173
1173 752
752 1392
1392 1231
1231 358
358 170
170 1028
170 666
1028 978
1028 809
978 1339
1339 1253
1339 1218
1253 346
1253 1388
346 1311
346 1385
1311 1415
1415 12
1415 339
12 986
986 1229
986 1090
1229 515
515 205
205 627
627 414
627 676
414 772
414 708
772 122
122 1379
1379 633
1379 243
633 662
633 678
662 86
662 363
86 454
86 954
454 5
454 272
5 85
5 304
85 799
799 150
799 1203
150 430
430 334
430 716
334 1025
334 578
1025 270
1025 26
270 943
943 220
220 521
521 1287
1287 738
1287 688
738 898
898 50
50 116
116 1096
116 983
1096 224
1096 293
224 987
987 610
987 371
610 895
895 1140
1140 1263
1263 1092
1263 556
1092 865
1092 153
865 234
865 855
234 560
234 950
560 1181
1181 781
1181 91
781 1300
781 463
1300 1347
1347 1126
1126 680
1126 1256
680 909
909 167
909 1336
167 754
754 888
754 1431
888 1089
888 145
1089 522
1089 994
522 945
945 872
872 468
872 1371
468 1175
468 424
1175 1121
1175 732
1121 866
866 592
592 1193
1193 502
502 262
262 534
534 152
152 194
152 447
194 863
194 783
863 1428
863 448
1428 1102
1102 283
283 761
761 1199
1199 998
998 1220
1220 904
904 126
126 225
225 1031
1031 1024
1024 604
604 42
604 669
42 1362
1362 689
1362 934
689 434
689 350
434 1179
1179 348
348 1353
348 720
1353 401
1353 146
401 837
837 681
837 766
681 226
226 465
226 1197
465 891
465 281
891 1280
891 1139
1280 1017
1280 901
1017 164
164 1226
164 573
1226 1335
1226 1109
1335 1257
1335 121
1257 1018
1257 976
1018 1242
1242 1210
1242 1009
1210 1123
1210 1170
1123 661
1123 1255
661 389
661 553
389 1006
389 1208
1006 921
1006 912
921 471
921 48
471 45
45 1036
45 1073
1036 791
791 490
490 1147
1147 1101
1147 992
1101 928
928 382
382 1329
1329 480
1329 696
480 1021
1021 1237
1021 937
1237 543
543 1191
543 889
1191 132
132 1094
132 1066
1094 247
1094 886
247 941
247 714
941 1363
1363 1289
1363 1013
1289 441
1289 493
441 981
441 1324
981 1322
981 1085
1322 1056
1056 608
608 89
89 1409
1409 1185
1409 2
1185 808
1185 630
808 1369
808 464
1369 718
1369 127
718 169
169 1296
169 488
1296 64
1296 1072
64 51
51 807
807 456
456 359
359 635
635 952
635 813
952 759
952 1079
759 1418
759 388
1418 671
671 173
173 472
472 384
384 1162
384 1201
1162 1087
1162 1421
1087 1108
1087 609
1108 1435
1435 286
1435 750
286 559
286 1107
559 423
559 1137
423 1234
423 1427
1234 563
563 539
563 613
539 1212
1212 1057
1212 451
1057 1295
1295 184
1295 1261
184 328
184 1082
328 1129
1129 104
1129 355
104 704
104 616
704 538
704 137
538 90
90 1095
90 1003
1095 421
1095 59
421 548
548 659
659 936
659 392
936 1260
936 386
1260 1176
1260 71
1176 407
1176 907
407 848
848 770
848 1146
770 723
770 49
723 7
723 1346
7 785
7 861
785 321
785 1194
321 765
321 746
765 1320
765 255
1320 143
1320 701
143 741
143 1345
741 180
180 1023
1023 640
640 551
640 655
551 805
551 1213
805 239
805 736
239 774
239 228
774 415
774 41
415 974
974 803
974 1167
803 1288
1288 1356
1356 1378
1356 113
1378 715
715 209
209 558
209 486
558 567
558 38
567 674
567 1281
674 1312
1312 257
257 1382
257 1046
1382 647
647 795
647 972
795 29
795 1080
29 982
982 82
982 1196
82 341
82 34
341 21
341 484
21 178
178 368
178 154
368 1246
368 1058
1246 614
614 508
614 517
508 117
117 406
117 15
406 800
800 307
307 204
307 20
204 250
204 820
250 1117
250 755
1117 510
1117 216
510 437
510 537
437 632
632 187
632 318
187 648
648 911
911 231
231 275
275 1202
