1 219 112266
22 144
22 154
144 138
138 105
138 199
105 106
106 147
106 26
147 46
46 214
46 5
214 191
191 167
167 37
37 19
37 73
19 160
160 50
160 16
50 78
78 100
78 155
100 18
100 21
18 77
18 208
77 206
77 171
206 140
206 25
140 32
140 79
32 51
51 211
51 192
211 177
211 153
177 116
116 62
116 156
62 35
35 97
35 74
97 95
97 207
95 187
95 113
187 91
187 58
91 145
145 204
145 99
204 38
204 48
38 176
38 178
176 3
3 124
3 63
124 11
124 166
11 80
80 88
80 102
88 161
161 70
161 108
70 52
70 196
52 152
52 180
152 49
152 33
49 110
49 213
110 216
110 71
216 94
216 119
94 157
157 149
149 202
149 98
202 132
202 150
132 60
60 193
60 118
193 168
193 162
168 205
205 17
17 53
53 126
53 133
126 137
126 165
137 10
10 31
31 198
31 141
198 120
120 174
174 54
54 28
54 13
28 85
28 24
85 117
117 169
169 184
184 175
184 14
175 121
121 109
121 6
109 12
109 68
12 69
12 64
69 67
67 96
96 128
96 136
128 215
215 111
111 103
111 179
103 44
44 127
127 210
127 142
210 43
210 86
43 29
29 203
203 143
143 42
143 159
42 197
197 92
92 125
92 76
125 139
139 34
34 59
34 65
59 101
59 9
101 188
101 182
188 61
61 107
107 173
173 151
173 90
151 123
123 148
148 7
148 115
7 129
129 84
84 55
55 2
2 39
39 30
30 82
30 56
82 83
82 89
83 41
41 114
114 185
185 8
8 36
8 72
36 158
158 135
135 75
75 93
93 181
93 189
181 164
181 122
164 47
47 57
57 104
104 45
104 20
45 212
212 40
40 87
40 172
87 209
209 27
209 218
27 219
27 194
219 146
146 183
183 170
170 217
217 186
186 112
112 1
112 23
1 200
200 201
201 81
201 131
81 4
81 163
4 66
66 190
66 15
190 195
190 134
195 130
