3 1119 520309119
1 2
2 3
33 97
97 728
728 448
728 693
448 942
448 300
942 901
901 673
673 1071
673 619
1071 491
491 473
491 209
473 689
689 159
159 755
159 706
755 874
874 296
296 107
296 189
107 734
734 394
394 312
312 223
312 438
223 591
223 902
591 1019
591 657
1019 973
1019 530
973 389
973 966
389 249
389 699
249 647
647 1062
1062 555
555 877
877 924
877 626
924 834
924 13
834 311
834 242
311 243
243 372
372 820
820 261
261 561
561 642
642 664
664 194
194 1107
1107 744
1107 1031
744 521
521 313
313 867
867 959
867 5
959 946
946 197
197 332
332 644
332 860
644 155
644 676
155 250
250 310
310 909
909 167
909 275
167 818
818 917
917 441
441 905
441 316
905 935
935 341
341 526
341 502
526 287
287 912
912 962
962 605
605 121
605 362
121 16
16 662
662 45
45 490
490 179
179 20
179 324
20 1058
20 183
1058 1076
1058 1041
1076 79
1076 629
79 686
686 674
674 446
674 559
446 604
604 999
604 722
999 930
930 927
927 246
927 447
246 745
745 688
745 1006
688 1083
1083 238
1083 776
238 298
298 827
298 426
827 547
547 703
703 415
703 348
415 259
259 838
259 253
838 21
21 58
21 381
58 620
58 195
620 771
620 1016
771 960
960 952
960 884
952 463
952 503
463 142
463 801
142 346
346 434
434 739
434 911
739 203
203 41
41 822
822 845
822 125
845 1059
1059 385
385 775
385 1046
775 656
656 181
656 147
181 377
181 784
377 940
377 489
940 823
940 769
823 1077
823 471
1077 267
267 366
267 882
366 510
510 101
510 57
101 487
101 908
487 846
846 80
846 990
80 697
697 1003
1003 455
1003 104
455 1063
1063 98
98 584
584 425
584 204
425 532
532 1065
532 396
1065 804
1065 185
804 384
804 373
384 400
400 613
400 498
613 210
210 23
210 276
23 565
23 467
565 273
565 172
273 563
563 314
563 519
314 319
319 844
319 840
844 585
844 320
585 1057
1057 146
146 1027
146 614
1027 48
48 540
540 459
540 630
459 42
459 135
42 343
343 780
780 933
933 140
140 1039
1039 248
1039 126
248 896
896 767
896 993
767 862
862 760
862 268
760 939
939 81
81 1032
1032 370
1032 1109
370 1114
370 524
1114 944
1114 367
944 119
119 797
119 659
797 399
399 339
399 683
339 829
829 359
829 696
359 118
359 740
118 552
552 564
564 331
564 280
331 675
675 702
702 903
702 1074
903 25
25 612
25 307
612 971
612 1030
971 258
258 711
258 544
711 885
711 1012
885 397
885 816
397 810
397 1002
810 96
810 358
96 330
330 255
255 1102
1102 452
1102 88
452 606
606 1119
1119 727
1119 303
727 31
727 475
31 808
808 781
781 127
781 1106
127 15
127 143
15 970
970 484
484 228
484 231
228 732
228 357
732 824
824 177
177 889
889 617
617 69
69 170
69 353
170 308
308 294
308 694
294 636
636 887
636 477
887 376
887 738
376 594
376 77
594 741
741 562
741 785
562 369
369 723
369 782
723 1015
723 598
1015 795
795 945
795 55
945 1
1 708
708 24
708 529
24 86
86 1020
86 19
1020 895
895 176
176 1079
1079 1042
1042 451
1042 951
451 968
968 758
758 660
660 556
556 1025
1025 1082
1025 1067
1082 379
379 175
379 868
175 1055
1055 1085
1085 224
224 354
354 772
772 306
306 931
306 1008
931 857
931 736
857 74
74 72
74 761
72 382
382 458
458 371
458 557
371 1104
1104 241
1104 410
241 160
241 651
160 2
160 404
2 43
43 842
842 419
842 518
419 6
419 961
6 436
6 833
436 550
436 500
550 753
550 847
753 516
516 290
290 648
290 200
648 364
648 793
364 36
364 811
36 1037
1037 1047
1047 575
575 765
575 411
765 113
765 978
113 64
113 914
64 890
64 480
890 110
110 581
110 954
581 342
342 278
342 144
278 964
964 94
94 215
94 879
215 191
215 837
191 878
191 375
878 114
878 214
114 293
114 141
293 748
748 92
92 573
573 1018
573 351
1018 806
1018 932
806 729
729 639
639 309
309 232
309 328
232 671
232 512
671 428
428 715
428 100
715 1000
715 51
1000 192
192 839
192 788
839 53
839 574
53 139
139 318
318 164
164 987
164 134
987 668
987 496
668 710
710 666
710 579
666 1105
666 754
1105 991
1105 692
991 282
991 593
282 7
282 543
7 907
7 368
907 476
476 513
513 994
513 583
994 1072
1072 774
774 972
774 1056
972 252
972 1089
252 137
252 60
137 572
137 886
572 1100
1100 787
787 523
787 236
523 802
802 848
848 1081
1081 1064
1064 658
658 156
658 390
156 649
649 766
766 967
967 995
995 292
995 420
292 205
205 698
698 468
468 1111
468 719
1111 541
541 963
541 976
963 52
52 1110
1110 716
1110 361
716 430
716 625
430 749
430 59
749 247
749 427
247 670
247 1108
670 102
670 349
102 791
791 607
607 365
365 798
365 171
798 904
904 1086
1086 56
56 482
482 461
482 409
461 549
549 861
861 103
103 220
103 684
220 1026
1026 133
133 653
653 643
653 299
643 570
570 1061
570 949
1061 1080
1080 602
1080 730
602 1098
1098 539
539 323
323 216
216 756
216 705
756 493
493 158
493 1103
158 646
646 380
646 858
380 325
380 433
325 65
65 1091
65 794
1091 803
803 881
803 315
881 363
363 856
363 1099
856 240
240 229
229 537
229 286
537 685
537 472
685 1021
1021 578
1021 131
578 678
578 713
678 272
272 321
272 10
321 71
321 922
71 435
435 12
435 470
12 1096
12 551
1096 712
1096 850
712 481
712 764
481 830
830 514
830 28
514 82
82 554
554 577
577 378
577 244
378 910
378 835
910 413
413 687
687 1112
1112 1060
1060 1048
1060 227
1048 1035
1048 553
1035 600
1035 707
600 989
989 980
989 50
980 1088
980 759
1088 501
501 535
535 569
569 233
233 854
233 538
854 709
709 70
709 84
70 1022
1022 304
1022 483
304 62
304 996
62 1075
62 631
1075 558
558 918
918 454
918 392
454 32
32 432
32 39
432 520
520 453
520 777
453 819
819 977
977 1053
1053 93
93 654
654 350
350 872
350 1052
872 941
941 225
225 1036
225 724
1036 1011
1036 75
1011 669
669 1017
669 317
1017 641
641 919
641 624
919 893
919 531
893 906
893 1073
906 108
906 800
108 405
108 571
405 609
405 588
609 603
609 117
603 508
603 870
508 46
46 1004
1004 637
1004 186
637 495
495 417
417 456
417 4
456 900
456 198
900 809
809 773
773 251
773 929
251 608
608 184
608 437
184 855
855 221
855 190
221 1054
221 597
1054 832
1054 424
832 174
174 334
174 965
334 199
199 388
388 700
700 582
700 586
582 26
582 265
26 851
851 445
445 934
445 202
934 515
934 27
515 235
235 504
504 285
504 826
285 542
542 40
40 326
326 402
402 752
402 279
752 825
752 622
825 462
462 652
462 982
652 274
274 742
274 281
742 938
742 843
938 1034
938 997
1034 545
545 305
305 587
305 921
587 655
587 218
655 726
655 374
726 1023
726 828
1023 327
327 87
327 34
87 936
936 635
936 509
635 645
645 289
645 288
289 145
289 735
145 815
145 783
815 799
799 76
76 83
83 234
234 721
721 813
721 988
813 817
813 763
817 1014
817 812
1014 528
528 449
528 132
449 1049
449 864
1049 979
1049 1095
979 237
979 497
237 955
955 615
615 517
615 796
517 841
841 464
464 695
695 568
695 116
568 360
360 178
178 150
178 948
150 1050
150 8
1050 14
1050 805
14 295
14 789
295 465
465 478
465 356
478 913
913 623
913 522
623 188
623 208
188 937
188 925
937 599
599 1024
1024 423
423 105
423 849
105 91
91 347
91 733
347 67
347 1043
67 3
3 270
270 182
182 154
154 1078
1078 219
219 401
219 151
401 590
590 66
66 926
66 1038
926 152
926 595
152 873
873 54
873 628
54 207
54 340
207 923
923 421
421 790
790 836
790 814
836 974
974 634
974 442
634 1005
634 395
1005 618
1005 406
618 230
618 680
230 592
592 120
120 457
120 892
457 264
264 611
611 536
536 957
957 863
957 762
863 29
863 633
29 505
505 943
505 257
943 682
943 1097
682 35
35 894
894 1118
1118 393
393 169
393 511
169 391
391 44
391 329
44 193
193 681
193 567
681 260
260 1115
1115 743
743 746
743 920
746 779
746 383
779 129
129 853
853 869
869 90
90 344
344 580
344 1084
580 254
580 161
254 718
254 211
718 138
718 566
138 206
138 985
206 148
148 950
950 9
9 153
153 916
916 17
17 507
17 180
507 546
507 953
546 418
546 548
418 68
68 217
68 576
217 168
168 494
168 704
494 958
958 439
958 747
439 488
439 621
488 485
485 18
18 821
18 533
821 387
821 115
387 807
387 506
807 871
807 78
871 345
871 337
345 998
998 883
883 1029
883 412
1029 440
1029 899
440 61
440 663
61 757
61 1113
757 986
757 355
986 291
291 1101
1101 301
301 672
301 534
672 859
859 527
527 11
527 49
11 1045
1045 1069
1069 720
1069 63
720 173
720 1092
173 632
173 661
632 897
632 245
897 338
338 984
984 1009
1009 725
1009 1070
725 627
725 352
627 956
956 866
866 128
866 714
128 701
128 1066
701 297
701 336
297 271
297 283
271 679
679 1033
679 1044
1033 898
1033 450
898 1007
898 876
1007 256
1007 422
256 880
256 717
880 122
880 266
122 407
122 333
407 650
650 136
650 322
136 1028
1028 112
1028 1001
112 149
112 213
149 677
677 969
969 1117
1117 431
1117 1013
431 1068
1068 22
22 123
22 187
123 166
123 222
166 768
166 429
768 124
124 226
226 792
226 596
792 928
792 1094
928 486
486 73
73 778
73 852
778 691
691 638
691 163
638 30
638 38
30 492
30 1093
492 284
492 589
284 665
665 731
731 408
731 1010
408 499
499 196
499 891
196 269
196 398
269 560
269 992
560 85
85 975
85 416
975 525
525 460
525 106
460 130
130 770
770 201
770 1087
201 1090
1090 165
1090 474
165 983
165 469
983 751
751 875
751 99
875 1040
1040 466
466 386
466 737
386 111
386 479
111 157
111 1116
157 37
157 831
37 162
162 690
162 263
690 444
690 616
444 414
444 302
414 109
109 865
109 750
865 95
95 786
786 947
786 667
947 277
947 915
277 212
212 47
212 888
47 601
601 403
601 610
403 335
335 262
262 1051
1051 981
981 89
89 443
443 640
640 239
