2 1528 232
2 1
1278 694
694 743
743 1182
1182 690
690 437
437 1195
437 1240
1195 949
1195 1192
949 1275
949 22
1275 625
1275 1017
625 1005
1005 1298
1005 251
1298 213
1298 892
213 316
316 1214
1214 1276
1214 773
1276 85
85 174
174 1448
174 413
1448 239
239 1518
1518 1072
1072 902
902 297
297 794
794 430
794 1185
430 980
980 1493
980 1512
1493 1383
1493 1300
1383 948
948 53
53 345
53 1000
345 1516
345 1308
1516 9
1516 861
9 366
366 322
322 1121
1121 177
1121 1527
177 1403
1403 424
424 1323
424 722
1323 851
1323 471
851 150
851 1299
150 947
150 951
947 552
552 190
190 1001
190 550
1001 993
993 612
993 279
612 733
733 1508
1508 808
808 605
808 1
605 253
253 407
407 1260
1260 1166
1260 227
1166 1360
1166 1243
1360 45
1360 374
45 47
47 875
875 645
875 24
645 62
62 1501
62 1120
1501 137
137 117
137 515
117 1345
1345 126
126 953
953 708
708 1234
1234 930
930 1290
1290 96
1290 293
96 805
805 328
328 222
328 6
222 1176
222 739
1176 1184
1184 1051
1051 145
1051 271
145 1140
1140 1148
1140 1128
1148 1507
1148 36
1507 1411
1411 1007
1411 672
1007 772
1007 32
772 472
772 1259
472 1193
1193 105
1193 574
105 1327
105 642
1327 1219
1219 748
748 210
748 1481
210 969
969 257
257 523
257 602
523 19
523 736
19 1358
19 1213
1358 1391
1391 467
1391 35
467 332
332 466
332 1067
466 807
466 529
807 448
807 908
448 228
228 1415
228 4
1415 576
576 1228
576 1432
1228 1025
1228 478
1025 644
1025 1286
644 193
644 1145
193 935
193 97
935 385
385 231
231 610
231 1384
610 554
610 451
554 1517
1517 1206
1517 1412
1206 104
104 319
319 2
2 416
416 873
416 696
873 405
873 143
405 440
440 1164
440 1361
1164 1068
1068 286
1068 676
286 1254
286 737
1254 941
1254 1155
941 628
941 1326
628 1002
1002 864
1002 1458
864 518
518 888
518 614
888 426
426 1018
1018 519
519 1170
1170 134
134 63
63 1151
63 237
1151 417
1151 895
417 1476
1476 679
679 704
704 693
693 811
811 1011
1011 1084
1084 583
1084 223
583 916
916 1343
1343 977
977 300
977 594
300 946
946 1096
946 700
1096 1353
1353 871
1353 1202
871 173
871 820
173 373
173 1313
373 1040
373 318
1040 354
1040 1496
354 350
354 753
350 979
979 964
964 955
964 54
955 855
855 337
855 229
337 1274
337 201
1274 40
40 985
985 751
985 597
751 532
751 600
532 81
532 489
81 667
667 970
970 123
970 577
123 626
626 759
759 180
759 1019
180 5
5 830
830 1335
1335 568
1335 206
568 411
411 974
411 415
974 1252
1252 703
703 1465
703 1198
1465 912
1465 1232
912 261
912 1030
261 952
952 305
305 659
659 495
659 1445
495 1173
495 1457
1173 724
1173 1268
724 567
567 832
567 1277
832 1045
832 507
1045 1105
1045 325
1105 579
579 549
549 90
90 1399
1399 1521
1399 473
1521 1104
1521 1044
1104 715
1104 856
715 368
368 992
368 792
992 290
290 144
290 315
144 578
144 589
578 29
578 1394
29 326
29 868
326 14
14 1281
14 69
1281 548
1281 527
548 130
548 266
130 546
546 1159
1159 958
1159 468
958 219
219 1183
1183 525
1183 516
525 942
942 828
942 852
828 775
828 1075
775 358
775 778
358 226
226 49
49 1093
1093 1216
1093 133
1216 258
1216 459
258 220
258 447
220 375
220 161
375 341
341 1153
1153 474
474 1435
474 109
1435 959
959 707
959 294
707 1233
707 1451
1233 945
945 310
945 712
310 1368
1368 486
486 1319
1319 651
1319 816
651 881
881 361
361 1498
1498 1528
1498 901
1528 978
1528 774
978 289
289 599
289 833
599 1449
1449 1147
1147 254
1147 16
254 291
254 1492
291 1499
1499 1242
1242 1393
1393 135
135 230
135 929
230 278
230 844
278 879
278 476
879 815
879 1095
815 1165
1165 1244
1244 147
1244 713
147 1429
147 520
1429 561
561 194
194 867
194 273
867 512
867 681
512 1008
1008 348
1008 59
348 1083
348 878
1083 1372
1083 569
1372 1374
1372 217
1374 623
623 481
481 334
481 492
334 595
595 58
58 788
788 511
788 182
511 1245
1245 758
1245 496
758 956
758 301
956 1226
956 847
1226 1388
1388 1020
1388 1433
1020 1304
1304 1491
1304 1397
1491 607
1491 1467
607 840
840 10
840 1109
10 1131
10 933
1131 1142
1131 542
1142 87
1142 396
87 996
996 870
870 1285
1285 791
1285 854
791 836
791 1016
836 1337
1337 732
1337 347
732 412
732 343
412 943
412 152
943 1336
943 299
1336 259
259 939
259 120
939 746
746 938
938 535
535 444
444 1264
444 1037
1264 1303
1303 543
543 1482
1482 1169
1169 1460
1460 355
1460 666
355 1263
355 422
1263 1248
1263 394
1248 432
1248 141
432 1450
1450 1307
1307 1269
1269 439
1269 240
439 680
439 372
680 689
689 1293
689 442
1293 1424
1293 160
1424 1171
1424 1291
1171 292
292 824
292 255
824 913
913 1167
913 1125
1167 1301
1301 1284
1284 1172
1284 762
1172 1443
1443 164
164 1062
164 587
1062 997
997 458
458 179
179 730
730 1149
1149 674
674 921
674 37
921 15
921 204
15 50
15 57
50 1174
1174 1251
1251 241
241 664
241 498
664 906
664 331
906 1023
1023 1063
1023 1356
1063 924
924 55
924 236
55 491
55 1409
491 797
797 616
797 404
616 1405
616 557
1405 196
196 178
178 470
470 869
869 488
488 1026
1026 114
114 673
114 367
673 124
124 401
401 790
401 848
790 750
790 165
750 1524
750 238
1524 608
608 38
608 841
38 43
38 1179
43 1396
43 533
1396 1436
1436 719
719 1113
719 1310
1113 729
1113 327
729 1354
729 843
1354 1012
1012 1094
1094 340
1094 986
340 1146
340 837
1146 1060
1060 11
1060 911
11 1292
11 465
1292 1485
1485 1224
1224 8
1224 1106
8 1003
8 556
1003 1431
1003 983
1431 973
1431 711
973 463
463 483
483 636
636 1118
1118 822
1118 1081
822 46
46 1028
1028 771
771 171
771 420
171 3
171 1158
3 962
3 441
962 865
865 1138
1138 905
1138 1194
905 834
834 149
834 336
149 1283
1283 287
287 195
287 684
195 1523
1523 1364
1523 1357
1364 767
1364 1330
767 747
747 379
747 285
379 1362
1362 1124
1362 538
1124 662
662 835
662 526
835 968
968 121
968 890
121 580
121 622
580 12
12 1229
12 464
1229 897
897 1143
1143 1144
1144 1177
1177 1110
1177 740
1110 1024
1024 656
1024 482
656 1461
656 329
1461 1494
1494 1108
1494 1367
1108 769
1108 250
769 613
769 1408
613 588
588 20
588 389
20 265
265 1503
265 377
1503 784
1503 1425
784 421
421 1027
421 1419
1027 370
1027 1426
370 633
633 1333
633 1363
1333 260
1333 1021
260 1050
260 338
1050 56
56 295
56 1370
295 462
295 425
462 1389
1389 842
842 1246
1246 1385
1246 1157
1385 1322
1322 51
1322 181
51 252
51 185
252 1210
1210 288
1210 1329
288 1294
1294 1255
1294 652
1255 382
1255 1480
382 13
382 573
13 443
443 1510
1510 94
94 493
94 641
493 565
493 796
565 1398
565 1087
1398 1215
1215 649
1215 531
649 1474
649 1404
1474 115
115 398
115 1359
398 234
234 1230
1230 590
1230 353
590 1064
590 770
1064 1156
1064 1221
1156 961
1156 1053
961 735
735 765
765 262
765 159
262 93
93 106
106 1015
106 654
1015 1237
1015 937
1237 1103
1103 1265
1103 615
1265 731
731 1220
731 107
1220 653
653 503
653 697
503 1306
1306 296
296 1139
296 243
1139 1211
1211 1089
1089 28
28 1130
28 640
1130 52
52 80
80 866
80 1249
866 209
209 1042
209 876
1042 352
352 333
352 709
333 205
333 920
205 216
216 671
216 61
671 817
817 410
817 1041
410 647
410 885
647 617
647 1369
617 763
617 749
763 776
763 646
776 1400
1400 1123
1123 1231
1231 282
282 436
436 1238
1238 1381
1238 745
1381 68
1381 232
68 77
77 1126
1126 806
806 1010
1010 779
1010 1472
779 551
779 1469
551 585
551 1162
585 611
611 898
898 71
898 957
71 1013
71 41
1013 688
688 369
369 544
369 349
544 685
685 541
685 99
541 1280
1280 1295
1295 403
1295 882
403 308
403 991
308 1208
308 1509
1208 598
1208 72
598 480
598 163
480 1318
1318 1204
1318 1116
1204 1489
1204 677
1489 1302
1489 1289
1302 818
818 218
218 1514
218 620
1514 764
764 1186
1186 1350
1350 1098
1098 1066
1098 1470
1066 1014
1014 438
438 1355
1355 317
1355 1222
317 886
317 454
886 73
73 639
73 1452
639 92
92 456
456 393
393 558
558 276
558 153
276 428
428 990
990 70
70 1495
70 406
1495 445
1495 714
445 1339
445 78
1339 819
819 1071
1071 1513
1513 658
1513 632
658 39
39 655
39 903
655 1178
655 461
1178 469
1178 247
469 1203
469 1088
1203 1459
1459 384
384 825
825 1407
825 575
1407 1315
1407 1099
1315 950
950 79
950 409
79 1314
79 500
1314 1227
1227 1340
1227 33
1340 721
721 1325
1325 1135
1325 235
1135 1279
1279 1250
1250 524
524 675
675 752
752 966
752 678
966 1029
966 277
1029 1317
1029 1331
1317 584
1317 1058
584 1101
1101 1207
1207 1502
1502 670
1502 606
670 621
621 1473
621 637
1473 744
744 214
744 570
214 1328
214 510
1328 122
122 1076
122 1212
1076 267
1076 976
267 812
267 242
812 475
812 787
475 1061
475 1200
1061 1462
1462 1453
1453 994
1453 207
994 1191
1191 215
1191 1488
215 665
215 1258
665 450
450 1079
1079 619
619 1261
1261 18
18 669
669 571
669 539
571 359
571 1257
359 1122
359 859
1122 1406
1122 766
1406 592
592 151
592 501
151 1347
151 555
1347 1297
1347 782
1297 629
1297 1077
629 1390
629 1175
1390 88
88 559
559 112
112 1235
1235 907
907 132
907 925
132 799
132 188
799 609
609 330
330 108
108 618
618 601
618 119
601 718
601 23
718 1223
1223 269
269 1349
269 934
1349 1117
1349 1439
1117 545
545 889
545 1434
889 460
889 381
460 900
900 1500
1500 643
1500 547
643 1082
1082 1519
1519 1380
1519 760
1380 634
634 1442
1442 264
1442 1324
264 1073
264 954
1073 314
1073 1168
314 1180
314 34
1180 514
1180 281
514 971
971 553
971 453
553 919
919 880
880 1150
1150 1196
1150 1181
1196 457
457 402
402 717
402 75
717 497
497 388
388 923
388 169
923 596
923 125
596 899
899 307
899 813
307 1475
1475 1430
1430 455
1430 725
455 100
455 110
100 914
100 657
914 754
914 419
754 1504
1504 1378
1378 686
686 777
777 887
777 1086
887 702
702 1342
702 723
1342 1136
1342 502
1136 789
1136 513
789 1282
789 562
1282 1455
1455 113
1455 936
113 917
917 972
917 342
972 509
509 212
509 1478
212 931
212 418
931 183
931 170
183 802
802 1395
1395 1119
1119 1428
1428 1466
1428 849
1466 311
1466 1305
311 1054
311 504
1054 490
1054 1107
490 365
365 1486
365 211
1486 537
1486 414
537 982
982 221
982 1052
221 988
988 1092
988 793
1092 363
1092 918
363 624
624 741
624 768
741 586
741 157
586 1338
586 726
1338 116
116 1100
1100 858
858 484
484 1525
1525 187
1525 1421
187 845
845 780
780 984
780 1526
984 814
984 1511
814 564
814 127
564 998
998 1236
998 786
1236 716
716 429
716 1163
429 1031
1031 1080
1031 967
1080 1069
1069 857
857 1085
857 1309
1085 940
1085 155
940 1209
1209 928
928 200
200 98
98 31
31 1515
31 795
1515 1065
1065 395
395 1043
395 826
1043 156
156 1271
1271 1371
1271 184
1371 249
1371 386
249 390
390 1464
390 1056
1464 660
1464 1239
660 506
506 1440
506 560
1440 1444
1444 1188
1444 1225
1188 387
387 893
893 798
798 517
517 176
176 720
176 1034
720 1346
720 449
1346 224
1346 162
224 1048
1048 1134
1048 1484
1134 1046
1046 7
7 850
850 494
494 1004
1004 423
423 1438
1438 17
17 603
17 1392
603 399
399 1009
399 357
1009 706
1009 167
706 661
706 1199
661 26
661 1365
26 727
26 692
727 64
64 139
139 1132
1132 635
1132 446
635 742
742 142
742 168
142 128
128 189
189 248
248 477
248 378
477 1070
477 530
1070 42
42 829
829 627
829 1520
627 1006
627 1247
1006 244
1006 926
244 1376
1376 44
1376 280
44 380
44 245
380 431
431 1351
431 1097
1351 1296
1351 1160
1296 650
1296 860
650 1189
650 21
1189 30
1189 1312
30 1344
30 698
1344 1273
1273 60
1273 999
60 810
810 783
783 1036
783 1441
1036 566
1036 263
566 1418
566 400
1418 1190
1418 1416
1190 275
275 823
275 408
823 1414
1414 67
1414 146
67 909
67 995
909 82
909 434
82 1446
1446 140
1446 391
140 246
140 800
246 981
246 1487
981 270
270 1205
270 362
1205 591
591 1078
591 563
1078 1161
1161 27
1161 435
27 1334
1334 313
1334 283
313 1422
313 1102
1422 877
877 356
356 321
356 452
321 1039
1039 272
1039 1437
272 74
74 256
74 198
256 48
48 1352
48 883
1352 801
801 91
801 499
91 894
894 1111
1111 364
364 186
186 479
479 1115
479 302
1115 1035
1115 360
1035 989
1035 846
989 572
572 838
572 1152
838 1417
838 25
1417 521
521 884
521 862
884 1320
1320 306
306 705
306 1483
705 1463
705 1038
1463 915
1463 508
915 756
756 581
581 1218
581 344
1218 896
896 699
896 312
699 738
738 1288
1288 1133
1288 1522
1133 175
1133 1468
175 485
485 1262
485 691
1262 922
1262 1413
922 335
922 987
335 728
335 1055
728 1022
1022 1402
1402 821
1402 638
821 1410
1410 1272
1410 536
1272 932
1272 202
932 1477
1477 927
1477 831
927 1266
927 324
1266 1141
1141 1423
1423 225
1423 593
225 1154
1154 975
975 65
65 154
65 804
154 172
154 131
172 1332
1332 433
1332 701
433 663
433 76
663 540
663 853
540 761
761 1420
1420 1241
1241 103
1241 323
103 392
103 827
392 199
392 86
199 1373
199 1127
1373 803
1373 1256
803 960
803 1074
960 118
118 1505
1505 346
1505 1311
346 1382
1382 1377
1377 89
89 191
191 102
191 1129
102 1401
1401 304
304 148
148 528
148 1059
528 809
528 397
809 839
809 534
839 1316
839 904
1316 383
383 734
734 1114
734 1321
1114 682
1114 376
682 785
682 1047
785 505
785 1057
505 339
505 1379
339 874
874 138
874 274
138 1287
1287 166
166 427
166 1033
427 158
158 1479
1479 1112
1112 83
1112 129
83 1270
83 208
1270 1447
1447 268
268 351
351 1032
1032 233
1032 630
233 1253
233 197
1253 944
1253 683
944 965
944 66
965 863
965 487
863 1201
863 1375
1201 1197
1197 1049
1049 371
371 1090
1090 1506
1506 1386
1386 631
631 604
604 1091
604 136
1091 1497
1497 95
95 755
95 872
755 298
298 695
695 1341
1341 320
320 101
101 710
101 303
710 582
710 1454
582 1471
582 1137
1471 84
1471 1348
84 1217
1217 668
668 309
668 891
309 1490
1490 1387
1387 203
203 1427
203 757
1427 648
1427 687
648 1267
648 522
1267 1456
1456 1366
1456 963
1366 111
111 781
111 910
781 284
284 1187
1187 192
