3 2181 22
2 3
3 1
27 1262
1262 1579
1579 1591
1579 680
1591 1893
1591 739
1893 454
1893 1113
454 1063
1063 1793
1063 1069
1793 1991
1991 835
835 514
835 706
514 271
271 1731
1731 885
1731 1823
885 531
885 1646
531 1847
1847 1688
1688 501
501 732
732 627
732 1179
627 1989
1989 2040
1989 1329
2040 400
2040 731
400 380
400 574
380 742
742 1434
742 1839
1434 63
63 881
63 1345
881 1668
1668 1012
1012 1956
1012 998
1956 1509
1509 1625
1509 1083
1625 476
1625 1450
476 197
476 1816
197 1166
197 350
1166 182
1166 1690
182 2176
182 1341
2176 2141
2176 1396
2141 653
653 997
997 2085
997 238
2085 837
2085 715
837 773
773 1670
1670 2097
1670 1586
2097 747
2097 1408
747 1531
747 1657
1531 1832
1832 2069
2069 686
686 1043
1043 945
945 2062
2062 654
2062 847
654 1915
1915 65
65 761
761 1160
1160 637
1160 1421
637 277
277 280
277 1651
280 1494
1494 1109
1494 1561
1109 104
104 1431
1431 1645
1431 831
1645 1324
1324 1060
1060 356
1060 1733
356 1444
1444 2054
2054 1268
2054 1319
1268 1942
1268 1577
1942 1815
1942 725
1815 71
71 251
251 1144
1144 1439
1439 221
221 1378
221 549
1378 1441
1378 843
1441 1614
1614 292
292 882
292 1297
882 1725
1725 1897
1897 1835
1835 2158
2158 855
855 1202
1202 1255
1255 956
1255 787
956 620
956 954
620 1755
620 149
1755 1654
1755 1662
1654 208
1654 185
208 1033
208 587
1033 1474
1033 313
1474 95
95 753
753 79
753 1568
79 1698
79 2067
1698 1730
1730 1601
1730 1718
1601 1276
1601 768
1276 2030
1276 1998
2030 1634
1634 1943
1943 2039
1943 141
2039 1716
2039 17
1716 1372
1716 347
1372 785
785 820
820 1322
1322 59
1322 1037
59 1307
1307 1124
1124 1114
1114 1367
1367 2063
1367 1920
2063 2148
2063 44
2148 1822
1822 1339
1822 1347
1339 196
196 2079
196 308
2079 1590
1590 77
77 1736
77 557
1736 1840
1736 952
1840 41
41 1433
41 1619
1433 1187
1187 1638
1187 758
1638 1123
1123 455
1123 1013
455 198
455 1738
198 401
198 1269
401 1626
401 261
1626 1869
1869 1882
1869 1280
1882 504
504 13
504 1529
13 716
13 176
716 11
716 38
11 1364
11 1242
1364 1575
1364 76
1575 1462
1575 1496
1462 1571
1462 1234
1571 447
447 1595
447 1555
1595 358
1595 2136
358 368
358 150
368 210
368 148
210 1499
210 312
1499 1282
1282 227
1282 1320
227 425
227 1455
425 2005
2005 1798
2005 1632
1798 594
1798 212
594 1627
1627 388
388 1139
388 1338
1139 204
1139 1933
204 1278
1278 871
1278 1715
871 1326
1326 838
838 1076
1076 1222
1222 120
120 1929
1929 815
1929 605
815 589
815 866
589 1018
1018 727
727 1827
727 448
1827 572
1827 585
572 1260
572 1952
1260 602
1260 326
602 973
973 1846
973 1470
1846 93
93 1739
93 745
1739 1120
1739 428
1120 1597
1597 1988
1988 1136
1988 260
1136 1859
1136 770
1859 2105
2105 2001
2001 1272
2001 789
1272 1409
1272 1007
1409 5
5 1081
1081 1891
1081 1046
1891 466
466 351
351 327
351 636
327 756
756 779
779 1766
779 1795
1766 2010
1766 1679
2010 633
2010 1103
633 1553
633 1386
1553 1931
1931 877
1931 890
877 2064
877 207
2064 907
2064 1245
907 62
62 195
62 249
195 1754
195 1027
1754 2046
1754 1696
2046 1720
2046 1398
1720 1633
1633 115
115 1296
1296 110
110 2047
110 1771
2047 1416
1416 1482
1416 1687
1482 678
1482 193
678 1246
1246 424
1246 2029
424 700
424 487
700 287
287 1760
1760 239
1760 1635
239 1658
1658 190
1658 2129
190 1306
190 1563
1306 2083
2083 34
34 1850
1850 2059
2059 2154
2154 941
2154 648
941 1028
1028 97
1028 1231
97 733
733 829
733 961
829 1830
829 729
1830 624
624 226
624 363
226 1615
226 1356
1615 1854
1854 1092
1854 754
1092 655
655 1358
655 1360
1358 1089
1089 1057
1089 879
1057 1065
1057 1613
1065 1346
1346 163
1346 2161
163 1527
163 1138
1527 674
1527 2019
674 996
674 23
996 1888
996 859
1888 1864
1888 1244
1864 256
256 651
256 348
651 567
567 1094
567 1777
1094 1583
1094 705
1583 402
402 288
288 1722
1722 719
719 507
719 2024
507 1545
507 1765
1545 299
1545 1393
299 1394
299 272
1394 2142
1394 1513
2142 2101
2101 1717
2101 1116
1717 21
1717 1732
21 1735
1735 1414
1735 2135
1414 1289
1414 1075
1289 1313
1313 1526
1313 317
1526 718
1526 1194
718 1996
718 1857
1996 464
1996 2082
464 2034
2034 830
2034 1950
830 367
367 399
399 670
399 571
670 906
670 1050
906 1881
906 1387
1881 445
445 1609
445 1981
1609 1962
1609 1178
1962 121
121 1224
1224 1227
1227 1303
1303 927
1303 898
927 1184
1184 1917
1917 1786
1917 1430
1786 888
1786 1134
888 173
173 405
173 983
405 1024
1024 36
1024 1549
36 901
36 969
901 1261
901 72
1261 2073
2073 914
2073 1045
914 31
914 80
31 1686
31 1875
1686 1564
1686 1407
1564 1620
1620 1287
1620 92
1287 311
1287 1344
311 858
311 383
858 206
206 1744
206 1958
1744 309
309 1921
1921 1467
1467 302
1467 2143
302 229
229 699
699 1899
1899 426
1899 1927
426 1463
426 470
1463 1970
1463 1923
1970 1375
1970 1056
1375 1460
1460 132
132 1266
1266 2075
1266 379
2075 1352
2075 1894
1352 833
1352 1301
833 751
751 269
269 845
269 499
845 799
845 1604
799 629
629 2028
629 1548
2028 943
943 1536
943 899
1536 953
953 1147
953 1773
1147 151
1147 1141
151 1934
1934 2171
2171 1304
2171 864
1304 452
452 2058
2058 471
2058 87
471 1349
471 626
1349 2118
1349 395
2118 2003
2118 1589
2003 1879
1879 1979
1879 1128
1979 2087
1979 1406
2087 807
807 1129
807 1117
1129 232
232 1440
232 1902
1440 100
1440 1697
100 78
78 1283
1283 440
440 1643
440 146
1643 985
1643 490
985 1582
985 1438
1582 475
475 2050
2050 2036
2050 1084
2036 1782
1782 1780
1780 1318
1318 1177
1318 343
1177 568
568 592
568 1641
592 392
592 1252
392 793
793 2013
793 1928
2013 1143
2013 2072
1143 1932
1932 1756
1756 984
1756 189
984 1469
1469 790
1469 1599
790 1223
790 818
1223 608
1223 1253
608 1570
1570 679
679 135
679 1284
135 1370
1370 757
757 1337
757 1824
1337 1608
1337 1489
1608 1172
1172 296
296 304
296 1639
304 98
98 643
643 1030
1030 496
496 2106
2106 1079
2106 566
1079 246
1079 801
246 1680
246 543
1680 81
1680 1249
81 1547
1547 2076
2076 2149
2149 1239
2149 783
1239 1784
1784 1648
1648 357
357 1806
1806 1825
1806 111
1825 1402
1402 1912
1402 1362
1912 536
536 1855
536 129
1855 1011
1011 959
959 1382
1382 1660
1660 262
262 1750
262 1428
1750 289
289 508
289 2113
508 1182
1182 1206
1206 186
1206 565
186 1021
186 1427
1021 1985
1985 1868
1985 109
1868 1131
1131 548
548 826
826 1217
826 778
1217 711
711 2137
2137 691
2137 1684
691 1504
691 1524
1504 704
1504 1017
704 1183
704 521
1183 1105
1105 632
1105 2094
632 2127
632 1861
2127 1889
2127 1478
1889 1918
1918 1264
1264 1629
1264 1863
1629 178
178 2177
178 967
2177 862
2177 1292
862 1052
1052 1999
1999 625
625 1104
1104 177
1104 951
177 707
707 1248
1248 533
1248 355
533 1192
533 573
1192 844
1192 1631
844 1049
1049 1598
1049 575
1598 519
519 947
947 611
611 1622
1622 2070
2070 1453
1453 1472
1472 344
344 1762
344 986
1762 332
332 1656
1656 1238
1656 315
1238 8
1238 294
8 2002
2002 1163
1163 1145
1163 1866
1145 1368
1368 1704
1368 1125
1704 1435
1435 809
1435 283
809 1682
809 99
1682 1115
1115 1118
1118 1572
1572 1797
1797 235
235 2181
2181 2178
2178 1265
1265 1170
1265 47
1170 1890
1890 994
994 597
994 1871
597 524
524 349
524 1829
349 1507
349 2179
1507 2000
1507 320
2000 1389
2000 1975
1389 32
32 1366
1366 404
1366 1199
404 1451
404 1611
1451 1661
1661 152
1661 1653
152 822
822 1169
822 1029
1169 160
160 382
160 1443
382 50
382 1157
50 1510
1510 145
1510 2011
145 1534
1534 2164
1534 511
2164 391
391 913
913 1947
913 1833
1947 2086
1947 67
2086 450
450 791
791 868
791 1960
868 1808
868 2098
1808 84
84 1384
1384 225
225 814
225 188
814 1584
1584 1342
1584 19
1342 1649
1649 860
860 824
824 854
824 1610
854 850
854 1008
850 483
483 215
215 1086
1086 2080
1086 1121
2080 1711
1711 1849
1849 1522
1849 2055
1522 661
661 920
661 1706
920 1074
920 1683
1074 316
316 1768
316 444
1768 389
389 666
389 806
666 697
697 955
955 218
218 1636
218 1946
1636 1003
1003 1270
1270 86
86 530
86 199
530 1607
530 1727
1607 2157
2157 827
827 630
827 22
630 841
630 614
841 1652
1652 857
857 1173
1173 775
1173 1618
775 284
284 1465
1465 35
35 497
35 1699
497 174
174 1955
1955 1542
1542 333
333 275
275 663
275 168
663 28
663 1151
28 1481
28 406
1481 259
1481 823
259 701
701 1941
701 1781
1941 1791
1791 717
717 671
717 1874
671 942
671 1250
942 374
374 51
374 458
51 1310
51 979
1310 939
939 1148
1148 116
116 1500
1500 714
714 876
876 366
876 1533
366 1973
1973 136
1973 1968
136 1243
1243 696
696 1126
1126 396
1126 1290
396 183
183 345
345 2126
2126 527
527 1073
527 442
1073 544
1073 595
544 1112
544 694
1112 166
166 398
398 1834
398 2103
1834 1044
1834 975
1044 2169
1044 2123
2169 1259
2169 1550
1259 2018
1259 1149
2018 353
2018 1898
353 1532
353 138
1532 970
1532 1865
970 645
970 581
645 2133
2133 107
107 1900
1900 264
264 237
264 463
237 492
237 1204
492 498
492 803
498 1707
498 1647
1707 2152
1707 1161
2152 337
337 1191
1191 1967
1191 902
1967 817
817 852
852 1836
1836 346
1836 1137
346 1209
1209 1487
1209 988
1487 724
724 1853
724 1528
1853 760
1853 1695
760 40
40 2114
40 1153
2114 1413
2114 730
1413 481
1413 361
481 767
767 200
767 2170
200 1862
200 1783
1862 669
1862 375
669 744
669 912
744 782
782 946
946 867
867 1726
867 911
1726 1655
1655 1807
1807 1770
1770 1896
1770 341
1896 6
6 1805
6 1334
1805 39
1805 1315
39 267
39 2131
267 73
73 1491
73 781
1491 1277
1277 2122
1277 24
2122 1483
1483 119
119 1397
119 1809
1397 1751
1751 479
1751 2078
479 53
479 900
53 2102
53 1162
2102 794
794 950
794 1539
950 813
813 681
681 1669
681 908
1669 810
1669 1476
810 1964
1964 1203
1964 328
1203 884
884 2156
2156 211
211 918
918 477
477 1066
477 112
1066 1423
1066 1990
1423 7
7 1417
7 960
1417 1230
1417 863
1230 936
936 1456
936 1630
1456 1585
1585 220
220 268
268 1185
1185 1969
1185 354
1969 1940
1940 506
1940 740
506 397
506 162
397 1675
1675 1091
1091 1581
1091 734
1581 96
96 1236
1236 205
1236 1557
205 495
495 2165
2165 1405
1405 1745
1745 1010
1010 250
250 290
290 184
290 2045
184 2014
2014 525
525 1558
1558 1944
1944 784
1944 1355
784 537
784 1714
537 30
537 1910
30 1107
1107 1514
1514 1498
1498 1188
1498 1317
1188 1071
1071 1812
1812 1971
1812 1140
1971 43
1971 386
43 532
532 1746
532 468
1746 562
562 1041
562 1241
1041 385
385 880
880 1877
880 1426
1877 1323
1877 2026
1323 1644
1644 258
258 1479
258 603
1479 2088
2088 169
169 1761
1761 1876
1876 253
1876 1659
253 1737
1737 1914
1914 755
755 621
621 569
569 56
56 194
194 1637
194 1954
1637 2107
1637 606
2107 1070
2107 713
1070 623
1070 664
623 2130
2130 1449
2130 958
1449 224
1449 101
224 1878
224 935
1878 2022
2022 1885
1885 980
1885 2092
980 583
583 103
103 393
103 1994
393 4
393 435
4 1525
4 1309
1525 535
1525 2159
535 461
535 1038
461 222
461 646
222 1676
1676 1802
1676 1709
1802 1567
1567 170
170 639
170 1997
639 1502
639 2074
1502 1395
1395 1295
1395 1842
1295 2065
2065 105
2065 2140
105 2025
2025 555
2025 846
555 940
555 241
940 1127
1127 635
1127 1578
635 2167
635 1273
2167 886
886 1458
1458 122
122 1565
122 1503
1565 2049
1565 1023
2049 649
2049 2111
649 68
649 181
68 1705
68 1495
1705 2008
1705 1152
2008 14
2008 1788
14 234
234 429
429 201
429 2012
201 1492
201 1237
1492 2120
1492 1596
2120 1055
1055 329
329 875
329 1769
875 410
875 12
410 523
410 123
523 243
243 1569
243 1247
1569 1218
1218 556
556 143
143 187
143 1961
187 1448
187 1015
1448 1919
1448 915
1919 1371
1371 892
892 2115
2115 1820
2115 192
1820 1006
1820 1167
1006 273
1006 1193
273 797
797 306
797 1119
306 1621
1621 929
1621 281
929 1993
1993 2007
1993 376
2007 2061
2061 966
966 1485
1485 1090
1485 1904
1090 802
1090 989
802 134
134 94
134 776
94 968
94 1573
968 1640
1640 1817
1817 1551
1551 1818
1551 1804
1818 1685
1685 1035
1035 1694
1694 576
1694 1026
576 118
118 1794
118 551
1794 1014
1014 1350
1350 1189
1189 494
1189 673
494 1369
1369 999
999 720
999 1624
720 1606
720 257
1606 2132
2132 1671
2132 1064
1671 675
1671 1403
675 590
675 1724
590 812
590 1672
812 1353
1353 615
615 938
615 74
938 473
473 1913
1913 808
1913 1025
808 124
808 1540
124 102
102 2037
2037 1810
2037 1845
1810 586
586 362
362 2
362 2180
2 2044
2044 2066
2066 1288
1288 70
70 1314
1314 484
484 2125
484 777
2125 1826
2125 1837
1826 1484
1484 916
1484 1666
916 1723
1723 175
1723 580
175 1036
1036 1466
1466 887
887 1475
887 763
1475 2004
1475 413
2004 465
465 1106
1106 762
1106 1464
762 161
762 2056
161 1093
1093 1285
1285 1000
1000 1198
1198 451
1198 619
451 1758
451 378
1758 1543
1543 303
1543 158
303 171
303 2017
171 547
171 512
547 1617
1617 1271
1617 1702
1271 91
91 644
91 1267
644 2124
644 478
2124 502
502 1775
502 677
1775 1348
1775 634
1348 2009
1348 1468
2009 974
974 339
974 748
339 1275
339 931
1275 1884
1884 1477
1884 482
1477 1150
1477 1995
1150 1843
1150 2015
1843 1158
1158 1383
1158 54
1383 1977
1383 792
1977 423
423 769
769 1088
769 2145
1088 414
414 1987
414 33
1987 342
342 359
342 2084
359 1938
359 449
1938 1361
1938 203
1361 2035
1361 1340
2035 1053
1053 889
1053 318
889 433
433 128
433 165
128 106
128 488
106 1216
1216 1907
1216 459
1907 1359
1359 282
1359 683
282 167
282 159
167 1978
167 1945
1978 301
301 978
978 1447
1447 917
1447 412
917 1486
917 140
1486 972
1486 1213
972 1552
972 1211
1552 662
1552 1442
662 1095
1095 800
800 1156
800 69
1156 2090
1156 20
2090 861
861 659
659 133
659 1298
133 922
133 825
922 851
851 708
708 1708
1708 1392
1392 722
722 1299
722 1040
1299 786
1299 1518
786 300
300 944
944 422
944 1811
422 895
895 213
895 1612
213 191
191 1207
191 2151
1207 1473
1473 759
759 957
759 1174
957 1102
1102 1374
1374 692
692 1911
692 796
1911 1197
1911 516
1197 453
453 240
240 474
474 1047
1047 1521
1521 500
1521 2071
500 295
500 526
295 1130
1130 130
130 1909
130 26
1909 819
819 962
819 1963
962 558
962 252
558 1801
558 828
1801 89
89 37
37 909
909 949
949 1860
1860 660
1860 60
660 2121
660 1813
2121 372
2121 75
372 928
928 417
928 1446
417 1828
417 703
1828 510
1828 364
510 2119
510 1061
2119 2172
2119 1642
2172 1078
2172 1327
1078 1154
1078 848
1154 2162
1154 1721
2162 3
3 144
144 1965
144 865
1965 1411
1965 1425
1411 1867
1411 622
1867 1778
1778 534
534 976
976 82
82 314
314 1729
314 1343
1729 137
137 1377
1377 486
486 1948
1948 1490
1490 1
1490 2016
1 324
1 1530
324 788
788 1180
1180 1789
1789 456
456 1232
456 1747
1232 1974
1232 610
1974 1335
1974 2117
1335 1523
1335 131
1523 804
804 1461
1461 584
1461 891
584 1436
584 1759
1436 1605
1605 370
370 1336
1336 1351
1351 971
971 591
971 1949
591 1674
591 202
1674 408
408 563
563 390
390 1497
390 1212
1497 179
179 2048
179 2175
2048 126
126 618
618 1457
618 373
1457 1858
1457 925
1858 1419
1419 1391
1391 236
1391 310
236 9
9 987
9 710
987 513
513 1332
513 1986
1332 1333
1333 577
1333 419
577 1098
1098 1785
1098 427
1785 247
1785 1519
247 937
937 1401
937 539
1401 415
415 1437
1437 993
993 1930
993 656
1930 561
1930 652
561 550
561 599
550 578
550 1274
578 641
641 1838
641 582
1838 142
142 334
142 2155
334 340
334 1689
340 491
340 331
491 2153
491 1381
2153 244
2153 553
244 598
244 2053
598 322
598 1665
322 15
15 1101
1101 1390
1390 1380
1380 964
964 1228
964 431
1228 1379
1228 58
1379 157
157 1186
157 896
1186 667
667 2051
2051 360
360 870
870 245
245 821
821 52
821 1926
52 1803
52 1190
1803 612
612 2110
612 2160
2110 231
2110 1146
231 1678
231 1752
1678 172
172 897
897 995
897 1400
995 1603
1603 1254
1603 1628
1254 1772
1254 1799
1772 278
278 1796
278 493
1796 1048
1048 982
1048 254
982 930
982 1293
930 2134
2134 1019
1019 64
1019 1966
64 42
42 1263
1263 411
1263 990
411 2109
2109 2060
2060 1800
2060 1251
1800 230
1800 1256
230 738
230 164
738 903
738 1511
903 693
903 924
693 1068
693 1757
1068 1872
1872 1410
1872 1559
1410 1388
1388 963
963 1691
963 1415
1691 1895
1691 228
1895 263
263 1108
263 321
1108 842
842 305
305 1516
305 933
1516 1984
1984 1916
1916 377
1916 545
377 371
377 1059
371 1821
1821 780
1821 1208
780 291
780 1420
291 443
291 214
443 1357
443 1328
1357 873
1357 489
873 1814
873 29
1814 1330
1814 430
1330 434
434 695
695 2091
2091 55
55 285
55 293
285 772
285 905
772 1594
1594 1883
1883 805
1883 910
805 1574
1574 18
1574 1939
18 276
276 1880
276 883
1880 1376
1376 1924
1376 1082
1924 948
1924 1512
948 726
726 1100
726 638
1100 1042
1100 1220
1042 1779
1779 1097
1097 1159
1097 702
1159 1016
1016 25
1016 1418
25 1210
25 1592
1210 672
672 1667
672 439
1667 407
407 381
381 604
604 1520
604 1001
1520 1792
1792 2150
1792 1031
2150 61
61 1901
61 689
1901 1600
1600 2021
1600 46
2021 682
682 1005
1005 869
1005 640
869 601
601 1701
1701 872
872 1133
1133 2043
1133 1844
2043 2081
2081 2168
2081 1544
2168 1493
1493 1452
1493 421
1452 921
1452 49
921 1541
921 233
1541 45
45 977
45 992
977 153
977 1870
153 1903
1903 564
1903 1365
564 1022
1022 1175
1022 721
1175 469
469 1953
1953 1032
1953 515
1032 1225
1225 546
546 609
609 255
609 114
255 1681
255 1221
1681 330
330 117
330 1308
117 1787
117 1508
1787 596
1787 147
596 1743
596 628
1743 88
1743 1959
88 1363
88 297
1363 223
1363 728
223 1085
223 529
1085 723
1085 766
723 216
216 1135
216 1951
1135 1412
1135 509
1412 1164
1164 1719
1719 613
613 1432
613 1841
1432 2096
2096 1226
1226 560
1226 2068
560 1459
1459 266
1459 1009
266 607
266 403
607 1096
607 2139
1096 617
617 1753
617 460
1753 2166
2166 485
2166 1316
485 2116
485 923
2116 1566
1566 418
1566 394
418 1205
418 436
1205 1200
1200 1110
1110 840
840 1873
840 1957
1873 2020
1873 712
2020 1905
2020 1219
1905 1983
1983 365
365 1740
1740 542
1740 1587
542 570
570 1077
570 743
1077 642
1077 1471
642 1506
1506 631
1506 1767
631 579
579 874
579 1034
874 155
874 270
155 505
505 709
709 1181
709 1774
1181 1546
1181 1004
1546 1937
1546 1580
1937 554
554 48
554 1976
48 1311
48 16
1311 1741
1311 737
1741 2144
2144 472
472 1122
472 1258
1122 1819
1122 1703
1819 878
1819 2042
878 1051
878 2023
1051 1215
1051 518
1215 1429
1215 1763
1429 1404
1404 2031
1404 832
2031 853
2031 1925
853 1935
1935 1886
1935 1535
1886 893
893 593
593 432
432 698
432 1831
698 541
698 420
541 1856
541 685
1856 437
437 1851
1851 1039
1039 1195
1195 1281
1195 127
1281 416
416 384
384 2052
384 1325
2052 441
441 647
647 2112
647 1892
2112 338
338 1848
1848 1728
1848 2174
1728 741
741 1790
741 746
1790 1560
1790 1887
1560 816
816 522
522 684
684 1576
1576 1201
1201 676
1201 1537
676 1196
676 446
1196 1515
1196 1677
1515 1538
1538 1020
1020 1054
1020 462
1054 2100
1054 387
2100 2057
2100 1454
2057 154
2057 1505
154 1908
154 1257
1908 2006
2006 1501
1501 1424
1501 1936
1424 528
528 248
528 752
248 856
856 1214
1214 765
765 1922
1922 1480
1480 286
286 1734
1734 1748
1748 2033
1748 1664
2033 1593
1593 2147
2147 1623
1623 795
795 1111
795 369
1111 409
1111 736
409 1072
409 1982
1072 1692
1692 2027
1692 2032
2027 1616
2027 1673
1616 1305
1616 1132
1305 1906
1906 991
991 1749
1749 325
325 926
325 1742
926 279
279 1422
279 219
1422 559
559 749
749 242
242 1331
1331 1562
1331 1286
1562 839
839 2104
839 438
2104 2038
2038 2146
2038 323
2146 2093
2093 1488
1488 1294
1294 1058
1058 1168
1168 298
1168 108
298 771
298 657
771 1713
1713 894
894 85
894 1663
85 336
336 1602
1602 687
687 588
687 1588
588 750
588 965
750 811
750 904
811 10
811 668
10 688
688 552
552 1291
1291 1240
1291 690
1240 1354
1354 1142
1354 1710
1142 2108
1142 1312
2108 1980
2108 1279
1980 520
1980 1554
520 1321
520 125
1321 1087
1321 650
1087 503
1087 665
503 139
139 1399
1399 538
538 616
538 1650
616 1852
1852 1229
1852 600
1229 1776
1776 1764
1776 156
1764 919
1764 2163
919 1700
919 217
1700 209
1700 1373
209 1445
209 66
1445 735
735 2128
735 2173
2128 2099
2099 540
540 1080
1080 2089
2089 2095
2095 335
335 1062
335 1002
1062 83
1062 352
83 1099
83 981
1099 1556
1556 2077
2077 1517
2077 834
1517 658
658 2138
658 1992
2138 57
57 1693
57 932
1693 1171
1693 1233
1171 1972
1171 798
1972 265
1972 480
265 90
265 1235
90 1067
90 849
1067 1155
1067 1176
1155 934
934 2041
2041 836
836 113
113 774
113 319
774 1165
1165 274
274 307
307 1385
307 517
1385 457
1385 1300
457 1302
457 467
1302 764
764 1712
764 180
