19 2772 8
7 3
3 17
3 5
17 18
17 1
18 13
13 14
14 12
14 10
12 6
12 19
6 11
11 16
16 4
16 8
4 15
15 2
2 9
1875 1508
1875 1694
1508 1378
1508 908
1378 1069
1069 1998
1069 1389
1998 2699
1998 2016
2699 2602
2699 608
2602 756
2602 22
756 1794
756 1960
1794 365
365 227
227 1344
1344 1658
1658 2607
2607 832
2607 1517
832 2450
2450 912
912 1496
912 1530
1496 27
1496 2188
27 606
606 1761
606 455
1761 1477
1761 1553
1477 2618
2618 618
2618 1760
618 1534
1534 2130
2130 2339
2339 778
778 753
778 1293
753 1257
753 1859
1257 2076
1257 2103
2076 1089
1089 2553
2553 2624
2624 973
2624 1682
973 1101
973 1377
1101 1216
1216 1721
1721 2550
2550 803
2550 667
803 616
803 1965
616 2375
2375 1103
1103 82
82 2196
82 536
2196 2500
2196 573
2500 1408
2500 1151
1408 781
781 2471
2471 1824
2471 2638
1824 620
620 2255
620 2442
2255 2081
2081 660
2081 1519
660 2198
2198 316
2198 1248
316 1092
1092 1934
1092 1635
1934 2768
2768 426
2768 2729
426 1865
1865 64
64 199
199 2113
2113 668
668 2094
2094 2557
2094 1054
2557 1673
1673 122
122 2171
2171 2141
2141 2619
2141 172
2619 1030
2619 1355
1030 1275
1030 964
1275 1067
1275 1714
1067 1469
1067 760
1469 1810
1469 33
1810 1531
1531 2745
1531 875
2745 2674
2745 1611
2674 651
2674 1904
651 2383
2383 1284
1284 1989
1989 1247
1247 2370
1247 1113
2370 2461
2461 353
353 1894
353 874
1894 741
1894 1720
741 774
774 2319
774 554
2319 2099
2099 1399
1399 359
359 53
359 2304
53 2139
2139 1545
2139 881
1545 972
1545 381
972 355
355 886
886 243
243 2203
243 1825
2203 1201
1201 264
264 2392
2392 1148
2392 1295
1148 209
1148 539
209 2587
2587 334
334 2039
334 2095
2039 636
2039 2197
636 2416
636 204
2416 2763
2416 2344
2763 2180
2180 1578
2180 2728
1578 2688
2688 830
2688 229
830 1507
830 1466
1507 848
1507 1265
848 1987
1987 240
1987 854
240 2093
240 883
2093 319
2093 1242
319 1897
319 1373
1897 562
562 287
562 390
287 1671
287 2694
1671 1697
1697 659
1697 50
659 2649
2649 441
441 318
318 519
318 1484
519 1600
1600 2578
2578 860
2578 510
860 2490
860 327
2490 1263
1263 71
71 435
71 2262
435 953
435 2056
953 2417
2417 1930
1930 1814
1814 1041
1814 1348
1041 279
1041 610
279 2041
279 1044
2041 1710
1710 1149
1710 1713
1149 2238
2238 1986
1986 663
663 490
490 2075
2075 1982
1982 524
1982 596
524 962
962 1255
962 1775
1255 1497
1255 1073
1497 500
500 439
500 2162
439 1130
439 916
1130 904
1130 2448
904 1492
1492 2385
2385 1902
1902 2004
2004 79
79 1240
1240 429
1240 2201
429 85
429 2302
85 57
85 2128
57 1659
1659 2332
2332 443
443 2665
2665 1665
2665 736
1665 2515
2515 758
2515 2517
758 518
518 1900
1900 2403
1900 969
2403 333
333 1462
1462 281
281 738
281 2406
738 377
377 765
765 1920
765 1282
1920 910
1920 282
910 190
190 1258
190 3
1258 2236
2236 1086
1086 2611
1086 2484
2611 130
130 1837
130 1308
1837 77
77 2696
77 332
2696 2335
2696 354
2335 734
734 1360
734 1513
1360 2735
1360 979
2735 2178
2735 2048
2178 2407
2407 1948
1948 2663
2663 2088
2088 476
2088 1483
476 777
777 2111
2111 2053
2053 1791
2053 946
1791 2470
2470 29
2470 2562
29 2534
2534 680
680 868
868 2098
868 2531
2098 724
724 1487
1487 2153
2153 83
83 174
174 1269
174 2231
1269 2662
1269 1558
2662 369
369 2583
2583 2452
2452 1107
1107 362
362 2401
362 906
2401 2032
2032 36
36 132
132 2224
2224 363
2224 1582
363 1328
363 1629
1328 679
1328 707
679 1146
679 2408
1146 2021
1146 1273
2021 1745
2021 2512
1745 1345
1345 1116
1116 252
252 575
575 470
575 1806
470 1867
1867 1375
1375 1736
1375 1567
1736 1196
1736 2396
1196 1660
1660 728
728 624
728 1049
624 520
520 388
388 1677
1677 1622
1622 1541
1541 545
545 253
545 1167
253 1489
253 1362
1489 401
1489 2089
401 670
670 1162
670 2715
1162 1757
1162 180
1757 1193
1757 374
1193 325
1193 2245
325 331
331 2434
331 2217
2434 974
974 790
790 1571
1571 2463
1571 2159
2463 125
125 220
220 2174
2174 2184
2184 473
2184 1214
473 347
347 2244
347 1608
2244 1098
1098 1230
1230 1409
1409 1299
1409 2381
1299 511
1299 2440
511 2681
2681 1267
2681 537
1267 2765
1267 2361
2765 801
801 2722
2722 770
2722 1124
770 163
770 1795
163 816
816 2022
2022 1927
2022 2400
1927 1924
1924 317
317 2190
317 177
2190 300
2190 725
300 920
300 1068
920 2453
920 918
2453 557
557 2173
557 449
2173 2199
2199 1127
1127 1922
1922 2590
1922 15
2590 2571
2590 514
2571 2289
2571 2033
2289 2306
2306 472
2306 823
472 633
472 2511
633 56
56 1727
1727 1813
1727 1150
1813 2491
1813 1432
2491 747
2491 705
747 1557
1557 1955
1557 1473
1955 2257
2257 2154
2154 1691
2154 1549
1691 648
648 1812
648 1949
1812 626
626 1133
1133 664
664 394
664 162
394 1695
1695 1650
1695 127
1650 2724
2724 1819
1819 752
1819 31
752 58
58 1270
58 232
1270 1708
1270 210
1708 2503
2503 1327
2503 1082
1327 2242
2242 499
2242 2460
499 1884
499 1310
1884 866
866 2556
2556 1406
2556 729
1406 2671
1406 1393
2671 1709
2671 1400
1709 2007
2007 2555
2007 1839
2555 2669
2555 2252
2669 88
2669 1117
88 2494
88 2083
2494 662
662 1164
1164 1959
1164 1958
1959 965
1959 1966
965 1830
965 913
1830 16
1830 2284
16 1498
1498 1339
1498 1605
1339 1687
1339 863
1687 925
1687 1544
925 2574
2574 1581
2574 2476
1581 1472
1472 297
1472 413
297 411
411 698
411 2267
698 2341
2341 672
2341 1441
672 2498
672 855
2498 615
2498 2744
615 1876
1876 1419
1419 361
1419 250
361 2661
2661 43
2661 1395
43 126
43 754
126 1637
1637 1475
1475 47
1475 924
47 708
47 1184
708 2069
708 849
2069 2297
2297 2271
2297 407
2271 2167
2167 1848
1848 2112
1848 2418
2112 2636
2112 1251
2636 1388
2636 488
1388 2647
1388 1624
2647 915
915 1668
915 1253
1668 2168
1668 278
2168 2331
2168 408
2331 1504
1504 1780
1780 700
1780 2292
700 1343
700 1037
1343 2110
2110 2394
2394 716
716 465
716 78
465 1384
465 996
1384 1811
1384 1647
1811 1889
1889 1403
1889 719
1403 1996
1403 841
1996 1689
1996 492
1689 262
262 780
780 2467
780 1951
2467 713
713 160
160 2376
2376 1833
1833 629
629 1666
629 2621
1666 963
1666 111
963 427
963 2698
427 121
427 1957
121 2413
121 1437
2413 762
762 527
762 711
527 1315
527 999
1315 2194
1315 2668
2194 2352
2194 2264
2352 617
617 563
617 266
563 1972
1972 2228
1972 2612
2228 1594
2228 211
1594 2374
2374 1573
1573 2214
2214 2539
2539 577
2539 1080
577 956
577 1895
956 1601
956 1175
1601 2026
2026 516
516 1672
1672 1869
1672 218
1869 420
1869 161
420 690
690 1946
690 1770
1946 2391
2391 2560
2391 2272
2560 1259
2560 1800
1259 1554
1554 113
113 2705
113 1233
2705 2204
2204 1753
2204 2042
1753 2091
1753 1002
2091 740
740 70
740 1334
70 1575
1575 2677
1575 2538
2677 2266
2677 42
2266 818
2266 984
818 2082
818 1010
2082 2136
2136 1480
2136 2073
1480 2762
2762 827
827 1318
827 1777
1318 2687
1318 822
2687 96
2687 2499
96 1066
96 1292
1066 49
1066 1307
49 1025
1025 1572
1025 11
1572 197
1572 198
197 2586
2586 1106
2586 1121
1106 2726
2726 1640
1640 2322
1640 1024
2322 1801
1801 2285
2285 2060
2060 2730
2730 2362
2730 1335
2362 1593
1593 1556
1593 1670
1556 2410
2410 1252
1252 2084
1252 935
2084 1095
2084 697
1095 2122
1095 376
2122 2543
2543 1019
1019 1506
1019 214
1506 2628
2628 1828
2628 2595
1828 987
1828 119
987 644
987 859
644 2205
2205 1136
1136 1439
1439 60
1439 834
60 1323
1323 737
737 2265
2265 702
2265 1771
702 69
702 80
69 191
191 1290
191 1715
1290 207
207 2160
207 1182
2160 1463
2160 309
1463 607
607 1320
607 2334
1320 1286
1286 2049
2049 90
2049 459
90 370
370 1418
1418 961
961 889
961 1254
889 2655
2655 2087
2087 1907
1907 1042
1907 1505
1042 438
438 2680
438 1206
2680 2232
2232 2248
2248 952
952 1561
1561 1198
1561 384
1198 208
208 1027
208 1079
1027 118
1027 1944
118 444
118 1891
444 2593
444 623
2593 268
268 1563
1563 2713
1563 2222
2713 2028
2028 2132
2132 2469
2132 1424
2469 2200
2200 1915
1915 368
368 2702
368 927
2702 1514
1514 727
1514 1346
727 2741
727 1046
2741 1271
1271 1077
1271 1176
1077 2462
2462 1643
1643 2027
1643 242
2027 2020
2020 1866
1866 169
1866 1102
169 2690
169 315
2690 785
2690 503
785 2293
785 447
2293 145
145 1845
145 14
1845 922
1845 808
922 1356
1356 997
997 1863
997 665
1863 233
1863 2054
233 838
838 1075
838 2243
1075 1249
1075 379
1249 1411
1249 943
1411 189
1411 1238
189 2379
2379 1625
1625 2278
1625 2351
2278 1333
1333 824
824 155
155 1268
1268 844
844 2608
844 892
2608 251
251 2125
251 213
2125 1357
2125 391
1357 1371
1371 1912
1371 1435
1912 1584
1584 2740
1584 722
2740 2308
2740 831
2308 305
2308 2097
305 1390
305 1503
1390 2639
2639 712
2639 2216
712 2519
2519 1431
1431 1540
1540 1278
1278 1923
1278 2404
1923 2473
2473 784
784 619
619 640
640 993
640 2120
993 385
385 167
167 2202
2202 2438
2438 1013
2438 1868
1013 1071
1013 743
1071 559
559 462
462 2725
2725 923
2725 814
923 978
923 2478
978 1050
1050 1861
1861 1491
1861 558
1491 791
791 900
900 2548
900 1141
2548 92
2548 940
92 995
92 1081
995 1152
995 1511
1152 2597
2597 2318
2597 634
2318 478
478 917
917 200
200 764
764 2142
2142 2585
2142 1031
2585 1262
2585 2449
1262 1142
1262 1029
1142 1535
1535 421
421 147
147 1628
1628 460
1628 2260
460 971
971 2326
2326 274
274 584
274 1215
584 2065
2065 1048
2065 1000
1048 1931
1048 2721
1931 938
1931 598
938 512
938 1459
512 934
934 481
934 392
481 1639
1639 5
1639 2107
5 2482
2482 1139
2482 783
1139 1421
1421 76
76 549
76 1711
549 192
192 314
192 2399
314 445
445 345
345 2286
2286 2163
2163 1087
2163 2386
1087 1207
1087 1613
1207 1882
1882 2648
1882 1929
2648 183
183 1738
1738 1692
1738 1413
1692 546
1692 360
546 349
546 901
349 2369
349 1338
2369 283
2369 1465
283 836
283 676
836 2751
2751 1521
2751 1997
1521 2561
1521 109
2561 2558
2561 1798
2558 1984
1984 2215
1984 1391
2215 1256
2215 1821
1256 1566
1256 1652
1566 2298
2298 2371
2298 1627
2371 46
2371 2424
46 813
813 2466
813 605
2466 2148
2466 1779
2148 951
951 330
330 2230
2230 2634
2634 1313
1313 1783
1313 949
1783 2005
1783 1014
2005 1099
2005 1663
1099 2697
2697 2131
2131 75
2131 1730
75 2676
2676 2051
2676 2129
2051 1057
2051 2018
1057 1494
1057 2657
1494 1873
1494 885
1873 1396
1396 576
1396 2218
576 2481
576 2295
2481 739
739 341
341 2019
341 2172
2019 807
807 931
931 572
931 1266
572 2402
2402 2274
2274 1485
1485 1481
1481 1928
1481 1633
1928 293
293 1952
293 553
1952 1131
1131 2631
1131 2645
2631 1654
2631 1309
1654 277
1654 1793
277 195
195 2145
195 1555
2145 475
2145 2433
475 1306
1306 2109
2109 380
2109 2604
380 1374
380 1748
1374 1644
1374 578
1644 1568
1644 1006
1568 1598
1598 1123
1598 484
1123 2143
2143 2643
2143 1499
2643 259
2643 477
259 1415
1415 1667
1667 1096
1096 1160
1096 2575
1160 2610
2610 1126
2610 1324
1126 2052
1126 2008
2052 632
2052 188
632 1947
1947 1542
1947 2165
1542 393
1542 2530
393 1297
393 326
1297 721
1297 2431
721 38
38 1614
38 1953
1614 2314
2314 182
182 2526
182 1768
2526 2108
2526 1449
2108 1186
1186 2358
2358 215
2358 136
215 1221
1221 171
171 658
171 1078
658 637
637 2161
2161 1387
2161 1804
1387 968
968 1816
1816 1052
1052 2451
2451 666
2451 1444
666 1038
666 2395
1038 1890
1038 19
1890 649
1890 2429
649 290
649 1279
290 930
930 30
930 1841
30 865
865 1739
865 321
1739 386
1739 507
386 1217
386 289
1217 2390
1217 1009
2390 430
430 1122
1122 730
730 1450
1450 669
1450 428
669 542
669 914
542 2651
2651 1153
1153 2235
1153 891
2235 2707
2235 1990
2707 2675
2707 1546
2675 1072
2675 1547
1072 2569
2569 688
2569 2746
688 1933
1933 1455
1933 2323
1455 431
1455 1599
431 2220
2220 2063
2220 2009
2063 769
769 1849
769 1596
1849 2692
2692 911
911 919
919 108
919 2723
108 2233
108 2627
2233 2068
2233 2313
2068 2183
2183 588
2183 2044
588 120
588 2024
120 1509
1509 1003
1509 657
1003 614
614 1981
614 1195
1981 2037
2037 1300
1300 1520
1520 1784
1784 646
1784 2496
646 2770
646 2221
2770 1758
1758 982
1758 1688
982 2673
2673 1560
2673 709
1560 2101
1560 1973
2101 187
2101 1457
187 116
187 156
116 2567
116 534
2567 977
977 2641
977 602
2641 1
1 469
469 674
469 1790
674 800
674 2000
800 2315
800 2062
2315 103
103 2182
2182 802
2182 1919
802 1304
1304 879
879 2077
879 1754
2077 1734
2077 323
1734 2659
2659 1135
1135 1963
1135 487
1963 1427
1963 2536
1427 1649
1649 1036
1649 2256
1036 1975
1036 819
1975 387
387 2373
387 2437
2373 2367
2373 1183
2367 86
86 735
86 1243
735 1872
1872 967
1872 303
967 2300
2300 2769
2769 1964
2769 2423
1964 2186
2186 2678
2678 288
2678 134
288 1224
1224 257
1224 2599
257 1789
257 479
1789 1011
1789 1862
1011 1173
1173 40
40 531
531 1311
531 37
1311 2689
1311 94
2689 216
2689 1618
216 1434
1434 329
329 948
948 2164
2164 237
2164 311
237 2514
237 932
2514 2731
2731 853
853 389
389 2071
389 2532
2071 356
2071 63
356 1678
1678 2447
2447 1296
2447 142
1296 99
99 496
99 236
496 2209
496 1065
2209 1452
1452 249
1452 876
249 635
249 694
635 2338
2338 1587
2338 2066
1587 1034
1034 1802
1034 2283
1802 1857
1857 1874
1874 540
1874 1062
540 451
451 59
451 1070
59 1940
1940 1383
1940 1111
1383 2477
1383 2206
2477 123
2477 2378
123 1223
1223 1840
1840 805
1840 1404
805 2127
805 2436
2127 468
468 856
856 405
405 2630
2630 1656
2630 1723
1656 434
1656 2508
434 1888
1888 591
591 1603
1603 845
1603 896
845 235
845 1016
235 835
235 1495
835 796
796 933
933 723
723 731
723 580
731 1669
731 506
1669 2551
1669 1630
2551 454
2551 1416
454 1700
454 645
1700 745
1700 2559
745 2070
745 2727
2070 2253
2070 718
2253 1589
1589 2598
2598 2613
2613 1147
2613 897
1147 2349
2349 1623
2349 2704
1623 692
692 1698
1698 1749
1749 909
909 2743
909 544
2743 1341
1341 2147
1341 1392
2147 517
2147 1539
517 941
517 1226
941 1620
941 1231
1620 1464
1464 1999
1999 65
65 748
65 2772
748 1401
1401 474
1401 2086
474 165
165 947
165 1363
947 2050
2050 2435
2435 820
820 1574
820 1523
1574 91
1574 1458
91 224
91 1655
224 675
224 2546
675 399
675 2175
399 437
399 2156
437 196
437 1602
196 48
48 2047
48 1445
2047 2254
2254 2213
2254 313
2213 2146
2146 375
2146 1899
375 1084
375 2177
1084 2505
1084 687
2505 2414
2505 338
2414 234
234 1662
234 432
1662 2155
1662 221
2155 2524
2524 372
2524 1312
372 35
372 39
35 404
35 2276
404 2179
404 858
2179 378
2179 1218
378 1834
1834 139
139 2240
2240 880
2240 678
880 1743
1743 294
1743 2409
294 950
294 18
950 2310
950 1302
2310 1064
2310 231
1064 1527
1527 1831
1831 1818
1818 1115
1818 1453
1115 2589
1115 2474
2589 1604
2589 1429
1604 1916
1604 1287
1916 2150
1916 1194
2150 1143
2150 1058
1143 415
415 1056
415 2637
1056 2017
2017 1232
2017 2079
1232 1788
1788 2523
1788 2061
2523 1471
2523 2296
1471 238
238 525
238 2117
525 1170
1170 1588
1170 720
1588 2533
1588 1467
2533 1913
1913 292
1913 1979
292 497
497 1585
1585 2679
1585 1303
2679 2755
2755 532
532 986
532 1047
986 903
903 1648
903 1967
1648 921
921 630
630 2366
630 1187
2366 131
131 528
528 1112
1112 1105
1105 2336
1105 2444
2336 2708
2336 2700
2708 149
2708 779
149 1808
149 1199
1808 505
505 1985
505 1878
1985 2513
2513 461
461 453
461 2488
453 689
453 609
689 1202
1202 2
1202 2432
2 2542
2 1767
2542 2246
2246 184
184 358
184 2241
358 771
771 153
153 480
153 1460
480 1114
1114 837
1114 2764
837 62
837 1219
62 1129
1129 1565
1565 1120
1120 1681
1120 397
1681 2102
1681 2353
2102 2134
2102 1962
2134 2455
2134 1210
2455 1261
2455 939
1261 414
414 1412
414 2294
1412 2754
1412 2446
2754 140
2754 2510
140 647
140 105
647 2193
647 872
2193 1803
1803 2656
1803 2105
2656 1724
2656 1447
1724 2714
2714 1159
2714 2096
1159 144
1159 795
144 884
884 2644
2644 1225
2644 1774
1225 2006
2006 2592
2006 1977
2592 622
2592 2116
622 72
622 152
72 1526
1526 846
1526 2011
846 2495
846 87
2495 1978
1978 1559
1978 241
1559 425
425 1943
425 1712
1943 202
202 895
895 308
895 151
308 396
396 1023
396 406
1023 2187
2187 2324
2324 1612
2324 1731
1612 1325
1325 2541
1325 1342
2541 1765
2541 1407
1765 1119
1765 1020
1119 817
1119 2485
817 1909
817 1532
1909 2269
1909 2078
2269 352
352 458
352 798
458 867
458 2250
867 1425
1425 463
1425 701
463 73
463 2029
73 1942
73 1551
1942 1154
1942 799
1154 773
1154 2100
773 2363
2363 464
464 1235
464 20
1235 8
8 1911
8 1762
1911 2106
1911 567
2106 2633
2633 2372
2633 1381
2372 1950
2372 1043
1950 2758
2758 6
6 2670
6 1017
2670 1319
1319 1994
1994 2742
2742 2350
2742 346
2350 1732
1732 821
821 9
821 650
9 810
9 2226
810 1896
1896 1851
1851 2227
2227 320
320 1538
320 1246
1538 2388
1538 1474
2388 1702
2388 1108
1702 2237
2237 1382
2237 1854
1382 304
1382 804
304 600
304 570
600 2355
600 2626
2355 2030
2355 612
2030 2441
2441 1686
2441 2279
1686 1680
1680 2346
2346 2454
2454 828
2454 1468
828 1203
1203 1168
1203 1423
1168 523
523 2123
523 2377
2123 857
857 2273
857 1524
2273 887
887 269
269 513
513 2445
513 483
2445 2208
2208 1796
2208 32
1796 299
1796 28
299 2419
2419 1728
2419 112
1728 2420
1728 2584
2420 703
703 1422
703 1562
1422 2090
1422 1104
2090 1039
2090 186
1039 2360
1039 1005
2360 1294
2360 307
1294 339
339 569
569 1766
1766 2320
1766 1918
2320 1846
2320 1974
1846 2554
2554 2301
2301 541
541 2480
2480 284
284 1850
1850 1797
1797 2074
1797 1283
2074 1181
2074 1877
1181 2263
1181 2570
2263 2695
2695 302
2695 631
302 1822
1822 926
1822 143
926 2261
926 2135
2261 1394
2261 13
1394 980
1394 12
980 2275
980 2734
2275 1858
2275 351
1858 2035
2035 1674
2035 1664
1674 246
1674 2622
246 568
568 653
568 168
653 2600
653 2124
2600 683
2600 714
683 1208
683 625
1208 1518
1518 1646
1518 710
1646 1936
1936 2010
2010 2507
2010 1755
2507 2594
2507 450
2594 2439
2594 1074
2439 1615
1615 486
1615 1336
486 652
652 990
990 2415
2415 1883
1883 247
247 695
695 2307
695 733
2307 2521
2307 1288
2521 583
583 2380
2380 1132
2380 2577
1132 2411
2411 104
104 1205
104 589
1205 17
17 395
395 1855
1855 592
592 815
815 1180
1180 1983
1180 1227
1983 936
1983 110
936 1428
1428 1885
1885 1085
1885 1661
1085 2549
2549 1609
2549 324
1609 1245
1245 2701
2701 1305
2701 1690
1305 2277
2277 538
2277 2582
538 944
538 1359
944 2537
944 548
2537 2330
2537 61
2330 1140
2330 138
1140 176
176 782
176 1742
782 2055
2055 1204
2055 2104
1204 2288
2288 482
482 861
482 2034
861 983
861 1438
983 1443
1443 1229
1443 1903
1229 1354
1354 2458
1354 2576
2458 181
2458 1051
181 1926
1926 2579
1926 585
2579 1163
1163 1502
1163 509
1502 1961
1961 1001
1961 2502
1001 1212
1212 1470
1212 1055
1470 898
898 992
898 611
992 1733
992 786
1733 23
23 1451
23 2709
1451 852
1451 107
852 1045
852 717
1045 2547
1045 1842
2547 2191
2547 960
2191 2316
2316 1372
1372 1988
1372 2333
1988 194
1988 1088
194 1939
194 2327
1939 1968
1968 343
343 2114
2114 1860
1860 2195
2195 1716
1716 1433
1433 1577
1433 418
1577 2317
2317 1352
1352 102
1352 2493
102 263
102 1004
263 2506
263 2565
2506 1744
2506 1525
1744 1852
1852 989
989 685
989 1301
685 581
685 2427
581 521
581 601
521 2629
2629 1921
2629 2711
1921 755
755 2552
755 2225
2552 2609
2552 1684
2609 1641
1641 364
364 2152
2152 1993
1993 2588
2588 1414
2588 1887
1414 1436
1436 556
556 1864
556 495
1864 2739
2739 535
2739 2012
535 2642
2642 261
2642 328
261 68
68 1358
1358 1236
1236 2192
2192 1385
1385 1368
1368 2601
1368 2684
2601 440
440 2046
440 34
2046 337
2046 1597
337 148
148 627
627 604
604 776
776 851
776 371
851 1792
1792 2718
1792 416
2718 1892
2718 1759
1892 1914
1892 2489
1914 498
1914 1158
498 677
498 256
677 2737
677 10
2737 1234
1234 55
55 2563
55 1367
2563 403
2563 2015
403 2580
403 2059
2580 1448
1448 1172
1172 937
1172 2753
937 272
272 2719
2719 1032
1032 335
1032 1490
335 1956
1956 25
1956 552
25 340
25 2683
340 2382
340 124
2382 1769
1769 1832
1832 533
533 2176
533 1007
2176 54
54 2654
2654 2492
2654 1617
2492 402
402 383
383 1580
1580 1134
1134 203
1134 1827
203 2144
203 681
2144 1094
2144 1815
1094 2658
2658 2268
2268 1529
2268 789
1529 1083
1529 2031
1083 2207
1083 2312
2207 587
587 643
643 2309
643 561
2309 21
2309 1937
21 344
344 1685
344 2170
1685 1704
1685 2572
1704 2040
1704 757
2040 1197
2040 93
1197 436
436 882
436 1632
882 1579
1579 2043
2043 1970
1970 862
1970 869
862 1118
1118 1192
1192 599
1192 137
599 1938
1938 1237
1938 1512
1237 1191
1237 1326
1191 2757
1191 850
2757 296
2757 746
296 907
296 422
907 871
907 1856
871 1166
871 2281
1166 686
1166 1280
686 1776
1776 2522
2522 2211
2211 2682
2211 1772
2682 2703
2682 788
2703 382
2703 1764
382 275
382 1908
275 954
954 412
954 1781
412 101
412 1155
101 942
101 2748
942 485
485 522
485 2014
522 1222
522 1380
1222 115
115 2342
115 1651
2342 985
2342 696
985 1332
985 847
1332 2287
2287 749
749 2118
749 797
2118 1653
2118 1971
1653 530
530 560
560 2761
560 1090
2761 1763
1763 1533
1763 998
1533 2303
1533 2002
2303 2501
2501 1165
2501 1220
1165 655
655 226
655 1200
226 1351
1351 2620
2620 1376
2620 1817
1376 97
97 2528
2528 1893
1893 2603
2603 1752
2603 991
1752 1476
1752 1705
1476 2121
1476 1619
2121 2652
2652 1941
1941 2389
2389 84
84 2428
84 2169
2428 1317
2428 502
1317 1636
1636 2516
2516 114
114 400
400 966
966 2766
966 642
2766 2001
2001 744
744 2328
2328 230
2328 1178
230 1211
1211 493
493 2347
493 1679
2347 1239
2347 1420
1239 2749
2749 2140
2140 2013
2013 2686
2686 367
367 902
367 761
902 1454
1454 2387
1454 2291
2387 117
2387 1298
117 1188
1188 1880
1880 185
185 1898
185 286
1898 1701
1898 1169
1701 219
219 2364
219 1787
2364 1696
2364 1634
1696 442
442 890
442 306
890 179
179 1426
1426 52
52 2756
52 206
2756 2710
2756 2464
2710 2540
2710 223
2540 1564
2540 691
1564 2667
1564 1316
2667 1379
1379 809
1379 2693
809 2472
809 1976
2472 2666
2472 141
2666 41
2666 2126
41 1595
1595 1823
1823 2384
2384 1137
1137 159
159 2738
159 301
2738 551
551 2023
551 1291
2023 2616
2616 2348
2348 2247
2348 1740
2247 66
66 1285
66 1366
1285 276
1285 2767
276 1190
1190 732
732 1592
732 2398
1592 2623
1592 1835
2623 955
2623 310
955 1722
1722 1543
1543 491
491 1879
491 1626
1879 994
994 2119
994 1185
2119 423
2119 1785
423 1621
1621 2210
2210 1479
2210 2229
1479 2343
1479 515
2343 146
146 1091
146 888
1091 579
579 373
579 555
373 787
373 2305
787 89
787 1570
89 2325
2325 1746
2325 2239
1746 217
1746 1109
217 1331
217 2771
1331 1189
1331 1018
1189 2691
1189 1110
2691 2166
2166 673
2166 4
673 2605
2605 1726
2605 2606
1726 899
1726 1935
899 1607
1607 295
1607 693
295 597
597 2457
2457 410
2457 957
410 466
410 265
466 2025
2025 1349
1349 1008
1008 794
1008 312
794 2258
794 1719
2258 1482
2258 433
1482 1778
1778 271
1778 1552
271 593
271 508
593 150
593 201
150 1063
150 975
1063 2115
2115 2535
2535 574
574 594
594 2717
2717 1500
1500 1289
1500 2299
1289 2321
1289 2660
2321 564
564 1059
564 1537
1059 2591
1059 2359
2591 128
2591 1717
128 571
571 212
212 193
193 336
336 1417
1417 843
843 2525
843 621
2525 1826
1826 2422
2422 267
2422 1675
267 2393
2393 175
2393 1510
175 366
175 2596
366 1548
1548 2340
2340 833
2340 2614
833 759
759 2527
759 2057
2527 504
504 1097
1097 452
1097 1576
452 260
260 682
260 489
682 1430
682 2219
1430 2234
1430 2138
2234 1350
1350 1144
1144 1536
1536 1699
1536 100
1699 2397
2397 1906
1906 1809
1809 254
1809 2249
254 2632
2632 457
2632 582
457 2733
2733 494
494 1456
494 2357
1456 1244
1456 248
1244 2045
2045 1836
2045 566
1836 829
1836 1100
829 1606
829 106
1606 877
877 1314
1314 2732
2732 2290
2732 1486
2290 1847
1847 1969
1847 2223
1969 98
1969 2270
98 1033
1033 2430
1033 2564
2430 471
471 1145
1145 1829
1145 2497
1829 1213
1829 1932
1213 2483
2483 1488
2483 2685
1488 1156
1488 1228
1156 1773
1773 348
1773 905
348 2475
348 1493
2475 1954
2475 166
1954 1706
1954 2185
1706 1703
1706 1410
1703 1638
1703 772
1638 2282
2282 228
2282 24
228 811
811 446
811 1515
446 291
446 1076
291 255
255 1461
1461 1756
1461 945
1756 2426
2426 1386
1386 225
225 543
543 409
543 2759
409 1028
1028 726
1028 1398
726 2038
2038 1272
1272 170
1272 1478
170 1364
170 1035
1364 1925
1925 928
928 1729
928 706
1729 135
1729 2760
135 2067
135 1881
2067 1917
2067 298
1917 245
245 2365
245 2712
2365 2158
2365 1321
2158 792
792 1782
792 826
1782 715
1782 864
715 806
715 467
806 129
129 878
878 2425
2425 1053
1053 2443
2443 273
273 157
273 2456
157 1128
157 95
1128 2212
2212 1397
1397 350
350 1676
350 970
1676 2157
2157 1369
2157 2716
1369 1645
1645 763
763 1138
1138 158
1138 1683
158 398
398 1871
1871 988
1871 2504
988 501
988 590
501 1657
501 1631
1657 1060
1657 2650
1060 67
1060 1843
67 1610
67 929
1610 684
1610 2706
684 1370
684 2566
1370 1707
1707 1569
1707 2479
1569 2664
1569 1171
2664 342
2664 1015
342 894
894 1061
1061 280
1061 639
280 981
280 842
981 1329
1329 456
1329 671
456 1516
456 2653
1516 547
547 2337
2337 603
603 222
222 654
654 2421
654 244
2421 2520
2421 2752
2520 2573
2573 1501
1501 1250
1501 750
1250 2092
2092 613
613 1980
613 1616
1980 526
1980 1910
526 322
526 840
322 2617
322 1402
2617 2356
2617 2468
2356 1022
2356 2085
1022 1718
1022 2133
1718 2487
1718 2280
2487 2251
2487 178
2251 2635
2251 959
2635 1725
2635 2412
1725 1361
1725 1853
1361 2581
2581 1276
2581 699
1276 1693
1276 1591
1693 893
1693 2329
893 2064
2064 2345
2345 357
357 704
704 1347
704 133
1347 164
1347 2311
164 2151
2151 1340
1340 1365
1340 2544
1365 81
1365 870
81 2149
81 26
2149 1886
2149 1277
1886 2003
2003 1264
2003 550
1264 1157
1157 419
1157 2405
419 2736
419 1741
2736 2259
2736 1751
2259 239
2259 2181
239 2368
2368 74
74 1805
74 154
1805 1125
1125 586
1125 1337
586 45
45 205
45 1820
205 1995
205 1405
1995 1807
1807 1750
1807 2509
1750 258
1750 1177
258 2036
258 2615
2036 1992
1992 656
1992 1274
656 1786
656 595
1786 768
1786 1322
768 2465
2465 1550
2465 1528
1550 958
1550 1179
958 1737
1737 812
1737 2545
812 1901
1901 285
1901 1093
285 529
529 638
529 1012
638 51
638 2640
51 270
51 2529
270 1446
1446 2080
2080 417
2080 1945
417 2058
2058 1174
2058 1330
1174 976
1174 565
976 1522
1522 2137
2137 1747
2137 775
1747 1905
1905 628
628 1442
628 2072
1442 1735
1735 2568
2568 661
2568 2189
661 1241
661 1026
1241 2747
1241 1799
2747 1440
1440 2646
1440 2625
2646 825
825 767
767 2486
767 1586
2486 742
2486 2518
742 1161
1161 44
1161 2720
44 2750
2750 1583
2750 1209
1583 839
1583 1838
839 173
839 2459
173 1991
1991 1590
1991 2672
1590 7
1590 641
7 1844
7 793
1844 1642
1642 448
1642 1040
448 1870
448 2354
1870 1260
1870 1353
1260 766
1260 1021
766 1281
1281 424
424 873
873 751
