19 2260 3
8 13
13 1
13 14
1 5
5 3
5 4
3 17
3 9
17 12
12 6
12 7
6 10
6 18
10 16
10 2
16 15
15 11
11 19
1406 1382
1382 839
839 283
839 764
283 2239
283 449
2239 1377
2239 1994
1377 2125
2125 1922
1922 1002
1922 44
1002 1928
1928 663
663 1520
663 1073
1520 722
1520 1593
722 2069
2069 254
254 1276
1276 2076
1276 49
2076 986
986 1569
986 914
1569 2086
1569 1579
2086 2158
2158 1650
1650 1442
1442 815
815 1121
1121 522
1121 1221
522 2017
522 1834
2017 523
2017 1027
523 1931
523 649
1931 394
1931 144
394 188
188 278
188 710
278 1470
278 1863
1470 1572
1572 1742
1742 1824
1824 557
1824 1113
557 927
927 1637
927 866
1637 1252
1252 150
150 733
150 878
733 1196
1196 1898
1898 595
595 1830
595 439
1830 418
418 1059
1059 1381
1059 639
1381 1760
1760 1530
1530 56
56 1766
1766 530
530 80
80 786
786 1388
1388 1046
1046 1814
1814 1664
1814 728
1664 166
166 1365
1365 612
612 1741
612 1600
1741 548
1741 1502
548 1140
1140 1362
1362 1441
1362 245
1441 541
541 563
563 1343
1343 510
510 1827
1827 2258
2258 799
2258 138
799 1044
799 1498
1044 1241
1044 680
1241 398
1241 964
398 2129
398 1769
2129 274
2129 1750
274 1495
1495 458
458 514
514 1499
1499 31
1499 602
31 448
448 516
448 1844
516 2211
516 67
2211 1861
2211 831
1861 1599
1861 1951
1599 1515
1515 2040
2040 126
126 1687
1687 1324
1324 1436
1436 570
570 810
570 864
810 707
810 444
707 579
707 1199
579 1940
579 1949
1940 1014
1940 219
1014 1305
1014 837
1305 1351
1351 1452
1351 1133
1452 485
1452 1886
485 2233
2233 911
2233 1552
911 806
806 2087
806 1093
2087 512
2087 1475
512 1174
1174 1179
1174 703
1179 191
191 1394
1394 890
1394 949
890 1018
890 618
1018 1189
1018 2027
1189 1412
1189 1745
1412 483
1412 497
483 1097
1097 306
306 1312
1312 2229
2229 1823
2229 1164
1823 824
824 199
199 1286
1286 1996
1286 387
1996 1555
1996 2145
1555 470
470 1280
1280 275
275 835
275 1278
835 437
835 1776
437 406
406 2221
406 313
2221 17
2221 2108
17 332
332 1451
1451 1373
1373 652
652 1903
652 45
1903 2154
2154 2255
2154 641
2255 1338
1338 863
863 1689
863 769
1689 10
10 179
10 754
179 717
179 1974
717 1605
1605 297
1605 258
297 2196
2196 1100
1100 1270
1270 2029
1270 1480
2029 60
2029 1421
60 1162
1162 1332
1332 1356
1332 1008
1356 577
577 1568
577 629
1568 1859
1568 1420
1859 573
573 1070
573 646
1070 1249
1070 312
1249 1728
1728 1473
1473 131
1473 54
131 2102
2102 991
2102 546
991 1661
991 1190
1661 182
1661 208
182 293
293 1080
1080 609
1080 705
609 1717
1717 1428
1428 389
1428 686
389 2052
389 2097
2052 11
11 776
11 2151
776 959
776 216
959 149
149 1197
1197 1666
1197 1829
1666 917
917 675
917 1948
675 1043
675 1467
1043 1959
1043 1374
1959 459
1959 2103
459 709
709 2046
709 735
2046 547
2046 334
547 1300
547 2106
1300 1860
1860 836
836 41
41 59
59 942
59 139
942 1954
942 214
1954 426
426 2260
426 2026
2260 1785
2260 300
1785 224
1785 2253
224 2152
224 1403
2152 1108
1108 622
1108 1407
622 971
971 238
971 1086
238 729
238 1627
729 1170
729 1838
1170 328
1170 1711
328 1957
328 1606
1957 2169
2169 128
2169 121
128 989
989 2240
2240 251
251 973
251 1273
973 335
335 1193
1193 1787
1193 96
1787 1955
1787 1423
1955 977
1955 793
977 402
402 1567
402 1701
1567 1466
1567 1801
1466 2256
2256 1007
2256 1855
1007 1313
1313 724
724 582
724 2119
582 868
582 1354
868 538
538 1269
1269 1293
1293 1876
1293 2088
1876 2002
1876 189
2002 89
2002 1881
89 159
89 330
159 186
159 662
186 489
186 2141
489 421
489 857
421 112
112 93
112 1585
93 97
97 455
455 316
455 685
316 1058
316 1437
1058 1228
1058 1233
1228 802
802 1709
1709 276
276 833
276 1999
833 1723
833 1492
1723 767
767 252
252 481
252 2049
481 2122
2122 1416
1416 1028
1028 915
1028 625
915 2068
2068 1408
1408 814
1408 2051
814 1643
1643 1794
1794 599
1794 589
599 1762
599 1460
1762 1119
1119 1660
1119 940
1660 1230
1230 1155
1230 1893
1155 1778
1155 1012
1778 2008
2008 1526
1526 1489
1526 1380
1489 1913
1913 2208
2208 1039
1039 271
1039 1852
271 419
271 384
419 1045
1045 220
220 1812
1812 1214
1214 2059
1214 1533
2059 210
210 2220
2220 1105
1105 2247
1105 559
2247 812
812 741
812 288
741 1137
1137 1036
1137 1153
1036 193
1036 1429
193 63
63 1387
1387 1368
1368 1037
1368 380
1037 1866
1037 2156
1866 2060
1866 968
2060 1594
2060 1328
1594 1075
1594 1447
1075 352
1075 1019
352 1311
352 1485
1311 376
376 580
376 819
580 16
580 1615
16 1250
16 1895
1250 21
1250 2207
21 1378
1378 431
431 1348
431 1849
1348 875
875 1129
875 348
1129 230
230 2232
230 170
2232 361
2232 2236
361 823
361 404
823 1633
823 897
1633 290
1633 2185
290 2166
2166 601
2166 702
601 1015
601 1433
1015 1677
1677 289
1677 1638
289 2171
289 265
2171 1659
1659 611
611 1641
611 1294
1641 273
1641 1240
273 1159
273 631
1159 1126
1126 1247
1247 1157
1247 1020
1157 145
1157 2072
145 36
145 1209
36 1805
36 1937
1805 1879
1805 1873
1879 1648
1648 1880
1648 1262
1880 1168
1168 2044
2044 1612
1612 1541
1541 2257
1541 227
2257 981
981 2245
981 336
2245 1759
2245 1896
1759 207
1759 1611
207 1461
1461 1000
1461 2180
1000 244
244 113
113 314
113 362
314 972
314 322
972 241
241 1906
1906 1448
1906 195
1448 1905
1905 1944
1905 779
1944 1063
1063 1796
1063 891
1796 2099
1796 1430
2099 2217
2217 1901
1901 2100
1901 727
2100 287
2100 75
287 407
407 1371
1371 1810
1371 974
1810 1697
1697 1527
1527 892
892 378
378 861
861 435
435 1141
435 91
1141 1144
1144 1001
1001 268
1001 1553
268 2190
268 1359
2190 676
2190 1967
676 560
560 657
560 1065
657 1532
657 52
1532 1342
1532 28
1342 1501
1501 2079
1501 899
2079 2168
2168 1275
1275 472
472 1558
1558 591
591 632
591 95
632 1981
1981 2011
1981 1772
2011 327
327 1602
327 817
1602 200
1602 1285
200 1720
1720 22
22 1817
1817 882
882 985
985 1960
985 1085
1960 2155
2155 1977
2155 34
1977 678
678 1671
678 725
1671 1148
1148 553
553 299
553 666
299 1557
1557 1630
1557 2179
1630 2001
1630 2115
2001 2235
2001 62
2235 2105
2235 1292
2105 106
106 1301
1301 71
71 1958
1958 1973
1958 446
1973 1571
1973 267
1571 1564
1564 1023
1564 1938
1023 1934
1023 562
1934 760
760 1887
760 1782
1887 1125
1125 99
1125 2144
99 399
99 894
399 257
399 2135
257 1619
1619 1626
1626 1914
1914 517
1914 1083
517 1175
517 2037
1175 1975
1175 2182
1975 535
535 243
535 508
243 367
243 1907
367 1178
1178 540
1178 1180
540 990
540 688
990 951
951 25
951 78
25 1449
1449 1025
1025 1411
1411 1011
1411 1554
1011 1076
1076 1652
1652 107
1652 920
107 916
916 377
916 1258
377 1003
1003 1945
1003 588
1945 1469
1469 606
1469 358
606 1035
606 1101
1035 4
1035 1892
4 697
4 1111
697 1727
697 1031
1727 2107
1727 1464
2107 486
2107 782
486 1900
486 596
1900 1992
1992 636
1992 1884
636 1777
1777 1923
1777 1185
1923 1693
1923 209
1693 47
1693 532
47 1361
1361 955
1361 447
955 1431
1431 1714
1714 2252
1714 372
2252 1874
1874 82
1874 2237
82 1422
1422 176
176 774
774 2043
2043 936
2043 975
936 1655
936 701
1655 1215
1215 931
931 304
304 5
5 1251
5 1123
1251 1562
1562 633
633 443
633 620
443 119
443 1317
119 201
119 1211
201 574
574 215
215 202
202 1034
202 569
1034 164
164 1724
1724 742
1724 263
742 2063
2063 830
2063 658
830 2007
830 302
2007 124
124 285
124 1263
285 471
285 355
471 495
471 1457
495 575
495 70
575 1851
575 1822
1851 1192
1851 1678
1192 1021
1021 1337
1337 253
1337 1226
253 1622
1622 1628
1628 2061
1628 319
2061 1683
2061 1491
1683 479
1683 1832
479 2020
479 999
2020 1947
2020 1257
1947 1936
1936 604
1936 1674
604 1670
604 442
1670 1865
1865 116
1865 521
116 1439
1439 1352
1352 1099
1352 1459
1099 504
1099 610
504 1271
1271 1883
1883 515
1883 1734
515 585
515 1120
585 2165
2165 766
2165 2127
766 249
249 533
533 422
533 1853
422 1496
1496 3
1496 493
3 397
3 1904
397 732
732 614
732 992
614 1722
1722 1395
1395 2178
1395 2054
2178 468
2178 408
468 808
468 1149
808 1758
808 1788
1758 867
867 1563
1563 1389
1389 7
7 1396
1396 1891
1891 473
473 1151
473 222
1151 550
550 53
53 2032
53 1971
2032 1277
2032 488
1277 1341
1277 1818
1341 114
1341 879
114 1507
1507 2191
1507 1764
2191 1116
2191 2132
1116 1890
1116 1899
1890 212
1890 1539
212 1943
212 1979
1943 869
1943 801
869 417
869 628
417 359
417 1383
359 2163
359 2143
2163 1548
2163 637
1548 1618
1548 906
1618 1331
1331 1022
1022 1222
1222 225
225 1265
1265 425
425 759
425 1869
759 2092
2092 1749
2092 1426
1749 57
1749 904
57 226
57 363
226 1536
226 329
1536 115
1536 1306
115 1220
115 2149
1220 1052
1052 820
1052 607
820 1517
820 1990
1517 653
653 1077
653 1363
1077 811
1077 654
811 1718
1718 593
593 956
956 1740
956 592
1740 2004
1740 1297
2004 800
2004 578
800 432
800 2192
432 1715
432 2057
1715 1636
1636 2218
1636 2164
2218 1386
1386 1290
1290 565
565 324
324 1393
324 645
1393 385
1393 1322
385 1227
1227 755
1227 1662
755 169
169 2126
169 1329
2126 694
694 1654
1654 1889
1889 1871
1871 615
615 1254
615 945
1254 2089
1254 315
2089 79
79 1184
79 2013
1184 1103
1103 1194
1194 1699
1194 196
1699 386
386 177
177 1419
177 617
1419 1432
1432 692
1432 2214
692 1731
692 781
1731 1842
1842 342
1842 2175
342 1349
342 752
1349 1802
1802 1864
1864 825
825 2213
2213 1327
2213 105
1327 1976
1327 534
1976 739
739 2021
2021 2066
2066 934
2066 142
934 751
751 932
751 1933
932 1586
1586 2222
2222 1173
1173 526
526 1038
526 1438
1038 2140
2140 544
544 853
853 1725
1725 2215
2215 929
929 1206
929 566
1206 162
1206 1525
162 809
162 1138
809 1314
809 651
1314 217
217 140
140 1663
140 650
1663 137
1663 1984
137 1165
1165 1510
1510 1985
1510 908
1985 1833
1833 1590
1833 1453
1590 1219
1219 88
88 50
88 1768
50 73
50 465
73 907
73 2254
907 1980
1980 1705
1705 1244
1244 860
1244 1969
860 101
101 2091
101 1807
2091 203
203 2095
2095 1657
1657 261
261 1372
1372 1815
1815 2062
2062 350
350 1134
350 469
1134 664
1134 881
664 696
696 539
539 2197
2197 388
388 2142
388 1511
2142 351
351 2226
2226 1040
1040 184
184 1212
1212 1064
1212 134
1064 1574
1064 1624
1574 937
937 2250
937 1128
2250 1667
2250 1847
1667 1811
1667 198
1811 239
1811 1127
239 1302
1302 1736
1736 1521
1736 401
1521 1057
1057 506
1057 935
506 2120
506 1122
2120 1435
1435 1609
1609 1534
1609 1231
1534 155
155 1296
1296 531
1296 76
531 180
180 1424
1424 279
1424 2064
279 1710
279 572
1710 1538
1710 457
1538 307
307 379
307 37
379 360
360 2231
2231 127
127 1713
127 948
1713 1160
1160 715
1160 791
715 165
715 1246
165 2113
165 1870
2113 1789
2113 1910
1789 1375
1789 943
1375 2138
2138 822
822 9
822 965
9 966
966 804
966 477
804 1167
804 1204
1167 1597
1167 2039
1597 2023
1597 187
2023 1321
2023 2050
1321 726
726 2012
726 167
2012 369
369 1632
1632 2176
1632 1259
2176 682
682 845
682 1090
845 1589
845 2203
1589 392
392 1497
392 773
1497 1104
1104 1603
1603 2259
1603 2053
2259 1634
1634 792
792 1136
792 405
1136 1821
1136 90
1821 1071
1821 411
1071 711
1071 2170
711 1024
711 1877
1024 1917
1917 1288
1917 1066
1288 1841
1288 889
1841 555
555 1780
555 2202
1780 2024
1780 1929
2024 1850
2024 395
1850 2242
2242 2224
2224 994
994 571
994 912
571 102
571 456
102 221
102 2248
221 277
221 1188
277 1549
1549 803
1549 1956
803 490
803 1505
490 1987
490 1033
1987 1402
1987 1761
1402 2219
2219 668
2219 1978
668 205
668 1106
205 683
205 1399
683 1537
683 979
1537 905
905 172
905 1094
172 503
503 997
997 2128
2128 962
2128 1828
962 924
924 1686
1686 586
586 2110
586 1754
2110 980
980 958
958 1198
1198 1326
1326 1006
1326 1274
1006 756
756 787
787 829
787 1746
829 27
829 1964
27 1234
1234 2205
1234 1287
2205 1279
1279 1355
1355 1060
1355 135
1060 357
357 320
357 630
320 528
528 887
887 941
941 370
941 788
370 494
494 1315
1315 673
673 1953
673 855
1953 2070
2070 1862
2070 1506
1862 731
1862 900
731 953
731 737
953 1217
1217 390
390 1069
1069 2225
1069 1691
2225 420
420 603
603 343
603 640
343 896
896 667
896 2199
667 1176
1176 2014
2014 1756
2014 496
1756 581
1756 1041
581 1163
1163 967
967 2000
967 190
2000 848
848 1551
848 365
1551 2
2 659
659 780
780 264
264 1124
264 194
1124 6
6 43
43 175
43 1882
175 1939
175 1556
1939 1702
1939 1367
1702 1848
1702 463
1848 983
983 228
983 2210
228 1679
1679 681
681 1295
1295 1528
1295 1330
1528 1616
1616 173
1616 1993
173 2189
173 32
2189 2085
2189 1703
2085 1268
1268 1700
1700 1347
1347 1443
1443 638
638 1970
638 750
1970 656
656 1565
656 20
1565 39
1565 286
39 1248
1248 272
272 2031
272 775
2031 1791
1791 1608
1608 475
1608 1839
475 262
475 2130
262 826
262 1672
826 450
826 284
450 500
500 1476
1476 1763
1476 1587
1763 693
693 1309
1309 66
1309 2010
66 29
66 1986
29 1685
29 1471
1685 2204
2204 1644
2204 1546
1644 2209
2209 396
396 719
396 282
719 919
919 492
492 1264
1264 2098
2098 501
2098 1846
501 2147
501 247
2147 674
2147 509
674 1770
1770 996
1770 413
996 841
841 2073
2073 1676
1676 749
749 1181
749 1645
1181 1074
1074 536
1074 1444
536 1825
1825 543
1825 1335
543 1690
543 223
1690 2077
1690 884
2077 642
642 1117
642 554
1117 2206
2206 2065
2206 1366
2065 1082
2065 909
1082 118
118 151
118 430
151 583
151 1925
583 2058
2058 1613
1613 2009
2009 1202
1202 716
716 375
375 2038
2038 885
885 1543
885 1462
1543 1445
1543 1631
1445 1588
1588 14
1588 816
14 1145
14 2200
1145 1358
1145 204
1358 789
789 762
789 2022
762 94
94 339
339 2080
2080 1684
2080 1055
1684 68
1684 1751
68 1224
1224 213
1224 1698
213 758
213 1391
758 309
309 865
865 92
92 1281
1281 1540
1540 1719
1540 2172
1719 1493
1719 85
1493 1950
1950 2153
2153 1369
1369 2034
1369 627
2034 1696
2034 1935
1696 1523
1523 753
753 690
690 706
690 1339
706 1542
1542 1635
1542 846
1635 1191
1191 1004
1004 393
1004 2188
393 849
849 734
849 2137
734 691
691 1357
1357 1854
1357 1494
1854 984
1854 1112
984 647
647 373
373 952
373 1482
952 1479
952 26
1479 181
181 35
181 2174
35 1418
35 736
1418 648
648 1753
648 344
1753 1735
1735 605
605 1147
605 2160
1147 305
305 1673
1673 2249
2249 1656
1656 1835
1656 382
1835 1604
1604 1578
1604 1508
1578 381
1578 498
381 2112
381 1088
2112 1282
2112 1200
1282 1575
1282 1158
1575 821
1575 1840
821 626
821 462
626 248
626 2028
248 2184
248 2114
2184 910
910 103
103 1102
103 474
1102 146
146 551
146 1434
551 613
551 2084
613 13
613 1783
13 1592
13 1792
1592 1005
1592 1920
1005 1216
1216 1135
1216 995
1135 832
1135 1966
832 197
832 976
197 1804
1804 744
1804 558
744 1458
1458 2081
2081 777
777 2150
777 270
2150 1642
1642 1205
1642 1487
1205 2124
1205 1919
2124 280
2124 1344
280 1067
1067 1425
1425 130
130 1573
130 933
1573 1166
1166 877
877 374
374 852
852 1912
1912 1032
1912 998
1032 1334
1032 1875
1334 1146
1334 784
1146 255
1146 333
255 1729
1729 1350
1729 1298
1350 505
1350 2136
505 237
237 123
237 1867
123 1456
123 1878
1456 874
874 2146
2146 850
850 834
834 872
872 326
872 291
326 1318
326 790
1318 445
445 1490
1490 1963
1490 624
1963 598
598 2015
2015 1529
2015 1210
1529 260
1529 1813
260 1110
1110 2251
1110 110
2251 1478
1478 1026
1026 1651
1651 1739
1651 827
1739 576
576 1911
576 84
1911 281
281 8
8 487
8 2101
487 895
895 1417
1417 349
1417 266
349 1712
349 1095
1712 2161
2161 1545
1545 2246
2246 655
2246 1114
655 930
930 2096
930 2082
2096 1519
1519 366
366 1207
366 403
1207 1617
1207 552
1617 152
1617 838
152 1902
152 1596
1902 987
987 1566
987 761
1566 1340
1340 1009
1009 192
192 24
192 1583
24 2157
2157 1771
1771 616
1771 807
616 1946
1946 859
1946 608
859 1400
859 295
1400 174
174 1797
174 1524
1797 1965
1797 1550
1965 1942
1965 913
1942 23
1942 2212
23 347
23 2109
347 2230
2230 1774
2230 1049
1774 415
1774 438
415 1054
415 1504
1054 178
1054 880
178 148
178 1450
148 670
148 1843
670 1084
670 183
1084 794
1084 1757
794 518
794 1706
518 947
947 828
828 83
83 778
778 1581
778 111
1581 708
1581 1477
708 843
708 325
843 1446
843 1333
1446 1707
1707 1694
1694 1289
1694 1256
1289 1968
1289 453
1968 1620
1968 356
1620 211
211 157
211 2187
157 545
157 556
545 2019
2019 1779
2019 81
1779 296
1779 1733
296 1512
296 883
1512 461
461 950
461 236
950 1809
1809 2186
1809 74
2186 772
2186 414
772 1799
772 1721
1799 873
1799 1790
873 870
873 1518
870 410
410 1325
410 957
1325 1182
1325 1267
1182 454
454 482
454 1187
482 42
42 321
321 451
321 1384
451 480
480 441
441 1183
441 944
1183 171
1183 2055
171 1376
1376 1858
1376 232
1858 2131
1858 1016
2131 938
938 1
1 250
1 1405
250 1747
1747 2116
1747 723
2116 2181
2116 783
2181 1916
2181 1320
1916 1353
1916 1560
1353 700
1353 1030
700 1836
700 2030
1836 301
301 2071
301 2005
2071 58
2071 1161
58 72
72 1582
72 1472
1582 925
1582 549
925 1820
1820 2117
1820 1688
2117 854
2117 698
854 120
120 2194
2194 1225
1225 1171
1225 1172
1171 568
1171 2159
568 1927
568 1894
1927 19
19 960
960 1930
960 635
1930 1047
1930 1941
1047 337
337 1150
337 1078
1150 525
525 1668
1668 1998
1668 371
1998 1455
1455 684
684 1610
684 1272
1610 1535
1535 1868
1868 1795
1868 452
1795 2045
2045 1924
1924 721
1924 1385
721 1409
721 982
1409 303
303 1156
303 2148
1156 537
1156 2216
537 1236
537 502
1236 1623
1623 714
714 317
317 1056
1056 246
246 738
738 1068
738 669
1068 590
590 185
590 1304
185 1577
1577 765
765 427
765 242
427 1730
1730 1131
1131 1595
1595 61
1595 1143
61 1738
61 2016
1738 1972
1738 1284
1972 1390
1390 434
434 429
429 993
993 798
798 584
798 720
584 133
133 511
511 1017
511 383
1017 1370
1370 513
1370 2036
513 340
340 416
416 1732
416 1755
1732 161
1732 1308
161 1223
161 436
1223 1397
1397 122
1397 364
122 292
292 886
886 2201
2201 1283
1283 745
745 153
745 64
153 757
153 353
757 743
743 1915
743 2111
1915 15
1915 2167
15 1819
1819 1048
1048 561
561 143
561 687
143 433
433 1991
433 1716
1991 1229
1991 484
1229 1245
1229 2067
1245 1345
1245 1242
1345 1098
1345 1522
1098 341
1098 298
341 1237
341 1752
1237 677
1237 771
677 1765
1765 1614
1765 428
1614 918
1614 1201
918 476
918 1995
476 2139
2139 961
961 2041
2041 921
2041 55
921 795
921 926
795 2123
795 634
2123 902
2123 1743
902 2048
2048 1513
2048 1079
1513 1669
1513 2075
1669 1260
1260 100
100 1089
1089 1414
1414 1029
1029 922
922 1238
922 928
1238 51
1238 597
51 671
671 763
671 163
763 2241
763 1360
2241 1392
2241 1062
1392 818
818 713
713 108
108 2173
108 2234
2173 1235
1235 1013
1013 796
1013 269
796 1142
796 1118
1142 2162
2162 464
2162 2033
464 1109
1109 2104
1109 746
2104 1708
1708 679
1708 2003
679 851
679 2193
851 1682
851 424
1682 587
587 1053
587 1675
1053 564
1053 847
564 661
564 491
661 1404
1404 1639
1404 1051
1639 2025
2025 1885
1885 623
1885 77
623 1115
1115 1218
1115 256
1218 1132
1132 229
229 338
338 1255
1255 1547
1255 1208
1547 1514
1547 1781
1514 1010
1514 400
1010 1601
1601 712
712 1983
712 1364
1983 1239
1239 1773
1773 391
1773 1629
391 730
730 1177
730 1786
1177 1401
1401 704
1401 1559
704 1336
1336 48
48 1997
1997 467
467 40
40 1909
40 136
1909 1982
1982 1665
1665 660
660 695
695 1440
1440 1152
1152 2090
2090 1692
2090 308
1692 1591
1591 1932
1932 862
1932 147
862 1961
1961 2018
1961 2223
2018 644
2018 1857
644 12
644 87
12 770
12 842
770 440
770 2093
440 1897
1897 231
231 1379
1379 331
1379 345
331 1989
1989 1798
1989 1808
1798 2227
1798 1744
2227 30
2227 1398
30 898
30 168
898 460
460 1299
460 1793
1299 619
1299 594
619 1888
619 600
1888 423
1888 1474
423 1640
1640 621
621 1816
1816 978
978 318
978 259
318 1531
1531 747
747 1213
747 520
1213 844
1213 46
844 1831
1831 1680
1680 1266
1680 2133
1266 1503
1266 354
1503 1107
1503 1704
1107 2094
2094 1500
1500 1203
1203 1087
1203 689
1087 524
1087 665
524 1303
1303 1323
1323 1195
1323 2243
1195 2121
1195 1988
2121 718
718 98
98 963
98 1646
963 903
963 2238
903 1465
903 1427
1465 740
1465 294
740 2083
2083 1186
1186 1837
1186 125
1837 1695
1837 1748
1695 1232
1232 1243
1243 1908
1908 1307
1908 234
1307 1826
1826 1042
1042 1415
1415 2074
1415 1580
2074 323
2074 1962
323 117
323 233
117 1488
1488 507
1488 1291
507 129
507 1468
129 876
129 1621
876 218
876 785
218 893
893 1649
1649 38
38 1081
1081 1737
1081 1784
1737 2134
1737 1872
2134 542
2134 1681
542 1952
1952 310
310 1625
310 768
1625 2047
2047 346
2047 2244
346 1413
1413 527
527 1346
527 141
1346 1647
1346 69
1647 311
1647 1803
311 1921
1921 923
1921 1253
923 1584
1584 1139
1584 466
1139 409
409 86
409 1516
86 499
86 2006
499 1658
1658 1653
1658 1072
1653 1509
1509 1561
1509 840
1561 1154
1154 158
1154 748
158 813
813 1775
1775 1310
1310 1570
1310 160
1570 1845
1845 1092
1092 104
1092 805
104 797
797 1926
1926 672
1926 1544
672 519
519 1483
1483 1918
1918 970
970 1410
970 1454
1410 412
1410 2118
412 154
154 2183
2183 1607
2183 2078
1607 1050
1607 1319
1050 478
1050 1261
478 1096
478 1767
1096 2195
1096 206
2195 954
954 901
954 2198
901 1061
901 988
1061 699
1061 1316
699 2177
699 1091
2177 240
2177 368
240 529
529 856
856 946
856 1484
946 1806
946 2056
1806 969
1806 1856
969 33
969 156
33 1481
1481 1576
1576 1169
1169 1800
1169 1726
1800 1130
1130 643
1130 1463
643 2042
643 567
2042 2228
2228 235
2228 939
235 109
109 871
109 1598
871 132
132 65
65 888
888 858
858 1486
858 18
1486 2035
