2 2584 2431469
2 1
912 1925
1925 1699
1699 1671
1699 258
1671 1000
1000 692
1000 2010
692 1895
692 213
1895 1830
1895 1298
1830 2110
2110 2519
2519 2247
2247 1739
2247 2074
1739 2121
1739 623
2121 2186
2121 472
2186 200
200 2165
2165 1464
2165 1500
1464 1929
1464 2290
1929 564
564 1719
1719 910
1719 1292
910 953
910 1185
953 782
953 1690
782 2134
2134 1415
1415 1994
1994 1262
1994 1142
1262 720
720 2254
720 1010
2254 12
2254 2137
12 2149
12 1020
2149 716
2149 1228
716 355
355 1252
355 2173
1252 1163
1163 967
1163 514
967 323
967 2547
323 202
323 412
202 968
968 1596
1596 1141
1141 2421
2421 2061
2061 466
2061 894
466 2492
2492 185
2492 2148
185 19
19 1418
19 131
1418 2041
1418 2477
2041 903
2041 2276
903 1692
903 2558
1692 2045
1692 704
2045 1002
2045 927
1002 794
794 2184
794 1101
2184 754
2184 558
754 1332
754 2185
1332 951
951 1681
1681 42
1681 2535
42 1412
1412 800
800 7
800 417
7 2217
2217 1069
2217 2038
1069 2399
1069 1466
2399 2098
2098 1963
2098 1664
1963 1456
1456 890
1456 276
890 752
752 178
752 2115
178 2554
178 1191
2554 2336
2554 109
2336 1282
1282 2133
2133 830
830 1837
1837 553
1837 2068
553 989
989 1444
1444 1954
1444 1497
1954 369
369 196
196 1194
1194 2381
1194 47
2381 1433
2381 69
1433 2245
2245 568
568 172
172 1961
1961 2339
2339 384
384 862
862 1430
1430 2280
2280 1727
1727 834
1727 603
834 2314
2314 88
2314 289
88 164
164 675
164 56
675 973
973 285
973 637
285 1493
285 203
1493 2321
1493 2138
2321 1356
1356 931
931 55
55 607
607 2204
2204 208
2204 140
208 453
453 1734
453 2437
1734 1696
1734 542
1696 270
1696 360
270 387
270 1186
387 583
583 2274
2274 1187
2274 2324
1187 815
815 2323
815 1882
2323 1733
2323 250
1733 1667
1667 1530
1667 2395
1530 1883
1530 1619
1883 1639
1639 1103
1639 849
1103 430
430 246
430 1238
246 1420
1420 1987
1987 2249
1987 1346
2249 2180
2249 464
2180 1995
2180 386
1995 385
385 2371
385 287
2371 684
2371 798
684 917
917 2528
2528 1599
2528 2391
1599 1821
1599 976
1821 1606
1821 846
1606 1460
1460 506
1460 29
506 1217
1217 1974
1974 1857
1974 772
1857 221
1857 2368
221 2335
221 2289
2335 1293
1293 1203
1203 1808
1808 1435
1808 151
1435 971
1435 2445
971 2344
971 1145
2344 1872
2344 391
1872 1662
1872 2000
1662 1305
1305 1968
1968 451
451 130
451 176
130 1176
1176 436
1176 1921
436 1526
436 2210
1526 1094
1094 1700
1094 32
1700 505
1700 1117
505 210
210 1573
210 1177
1573 281
281 1397
1397 543
1397 63
543 1351
1351 2107
1351 1999
2107 152
152 298
152 2004
298 1600
298 2069
1600 2129
1600 2473
2129 1941
2129 1404
1941 340
1941 1771
340 1879
340 2111
1879 1046
1879 732
1046 1125
1046 404
1125 717
1125 737
717 364
364 304
304 1113
304 2509
1113 1014
1113 1409
1014 1390
1014 965
1390 2439
1390 532
2439 707
707 997
997 160
160 77
77 1264
77 594
1264 1867
1867 2052
1867 419
2052 2014
2052 1488
2014 2162
2014 806
2162 1945
2162 790
1945 225
1945 2207
225 1400
1400 1748
1748 1226
1748 40
1226 1838
1226 148
1838 260
260 2033
2033 1627
2033 1611
1627 847
1627 605
847 479
847 1801
479 58
479 883
58 693
58 579
693 36
36 1636
1636 2039
1636 2537
2039 2539
2539 1936
1936 1889
1936 1294
1889 1151
1151 762
762 2337
2337 1319
2337 231
1319 143
143 1949
143 2325
1949 1432
1949 1723
1432 2450
2450 1026
2450 926
1026 825
1026 687
825 1299
825 2578
1299 226
1299 456
226 773
226 2236
773 478
478 188
188 239
239 9
239 641
9 1804
1804 1376
1376 212
1376 2269
212 2448
2448 264
264 563
563 2438
2438 2408
2408 642
642 2090
2090 1890
2090 2476
1890 2369
2369 1001
1001 803
1001 1097
803 45
803 785
45 1027
45 2259
1027 1740
1027 778
1740 674
1740 496
674 2494
674 1957
2494 2441
2494 936
2441 2480
2441 2565
2480 1691
1691 640
1691 810
640 431
640 493
431 934
934 1362
1362 1278
1278 2538
2538 1219
2538 913
1219 570
1219 933
570 682
682 1513
1513 2569
1513 68
2569 1096
1096 1469
1469 2312
1469 106
2312 2017
2017 556
2017 2120
556 1068
556 1342
1068 2096
1068 2046
2096 2025
2096 1684
2025 465
2025 452
465 758
465 2102
758 361
361 107
361 396
107 1198
107 49
1198 158
1198 72
158 1359
1359 139
1359 193
139 1240
139 1978
1240 1199
1199 555
1199 1289
555 544
555 1306
544 1492
544 301
1492 62
62 1816
1816 2088
1816 2091
2088 871
871 509
871 1914
509 2455
2455 2199
2199 588
588 125
588 13
125 828
828 1317
828 1296
1317 2252
2252 2285
2252 1517
2285 2498
2498 700
2498 1755
700 2028
2028 300
300 840
300 2224
840 1450
1450 1190
1450 725
1190 273
1190 2103
273 1617
1617 1028
1617 362
1028 2006
1028 1081
2006 1677
1677 2405
1677 1642
2405 2485
2485 1688
1688 35
1688 1043
35 1355
1355 2251
2251 869
869 288
288 1481
288 2386
1481 2040
2040 156
156 1689
156 1310
1689 1212
1212 2053
2053 703
703 1795
1795 606
606 292
292 1675
292 2400
1675 1561
1675 2054
1561 1851
1851 808
1851 17
808 2502
2502 1946
2502 1268
1946 147
147 1106
147 2393
1106 2136
2136 1713
1713 1172
1713 812
1172 978
1172 2032
978 1764
1764 1343
1343 319
319 394
319 2049
394 1042
394 571
1042 1582
1582 1105
1582 1920
1105 171
171 2092
2092 1183
1183 2075
1183 649
2075 1321
2075 1426
1321 269
1321 1874
269 263
263 573
573 1403
1403 619
1403 1465
619 715
619 535
715 1556
715 1161
1556 1899
1556 18
1899 1918
1899 1847
1918 1075
1918 2170
1075 1522
1522 2349
2349 1090
1090 2458
2458 2206
2206 1216
1216 1032
1216 1072
1032 1510
1510 388
388 1894
388 929
1894 1247
1894 1339
1247 20
20 163
20 96
163 986
163 2214
986 2191
2191 2153
2153 1
1 1711
1711 1654
1654 265
265 2467
2467 2222
2222 2388
2222 559
2388 2258
2388 1730
2258 1007
1007 2062
2062 676
676 1461
1461 1550
1550 786
786 159
786 728
159 1652
1652 101
1652 491
101 733
101 1572
733 1173
1173 876
876 1574
1574 169
1574 1178
169 284
169 333
284 672
672 2540
672 1170
2540 1722
2540 1419
1722 1227
1722 446
1227 755
1227 1335
755 992
755 2521
992 460
460 1535
1535 1520
1520 11
1520 64
11 1018
11 357
1018 1328
1018 1828
1328 1448
1448 610
1448 2275
610 110
610 1794
110 2444
2444 1789
1789 622
622 2409
622 2283
2409 442
442 787
787 14
14 545
545 2220
2220 461
461 730
461 1135
730 2234
730 490
2234 516
2234 1086
516 2454
2454 935
935 1218
935 1447
1218 2412
2412 1881
2412 1976
1881 2474
1881 789
2474 650
650 2394
650 722
2394 468
468 1354
468 1490
1354 653
1354 937
653 617
653 2346
617 1623
1623 925
925 2451
925 1132
2451 347
347 71
347 898
71 406
71 366
406 1473
1473 1605
1605 1774
1774 2383
2383 2072
2383 984
2072 1371
2072 983
1371 2108
1371 1562
2108 1707
1707 2164
2164 584
584 120
584 2233
120 1756
1756 1166
1756 2300
1166 1003
1003 1300
1003 484
1300 1518
1300 615
1518 1327
1327 157
1327 414
157 2506
2506 1283
2506 1388
1283 727
727 2104
2104 2357
2104 1307
2357 866
2357 441
866 2123
2123 1179
2123 517
1179 2530
1179 2030
2530 602
602 1622
1622 2271
1622 489
2271 974
2271 1680
974 1721
974 777
1721 854
854 121
121 1534
1534 1315
1315 1844
1844 1770
1770 99
1770 1589
99 487
99 1592
487 1563
1563 1054
1563 1807
1054 2332
1054 2479
2332 1878
1878 467
467 2490
467 2057
2490 375
375 368
368 1012
368 530
1012 1661
1012 2244
1661 1567
1567 2309
2309 2417
2309 1118
2417 1421
1421 1616
1421 429
1616 507
1616 1087
507 1698
1698 873
873 1566
873 1871
1566 788
788 2223
2223 2516
2516 1612
1612 1979
1612 1078
1979 1814
1814 1459
1814 839
1459 1993
1993 946
1993 2510
946 1499
946 111
1499 1331
1331 2305
1331 659
2305 1436
2305 1503
1436 153
1436 161
153 949
153 459
949 1123
1123 280
1123 1515
280 1248
1248 531
531 95
531 1231
95 2465
2465 2562
2465 996
2562 1195
1195 2425
1195 2504
2425 1017
2425 235
1017 2328
1017 1923
2328 2330
2328 345
2330 2486
2486 1521
2486 1903
1521 1674
1521 52
1674 1237
1674 744
1237 2078
1237 1279
2078 207
2078 2084
207 2487
207 679
2487 1924
1924 1061
1924 1597
1061 403
1061 1832
403 2015
2015 482
482 943
943 1564
1564 2553
2553 43
2553 2058
43 1988
43 923
1988 1253
1988 1250
1253 1159
1253 2001
1159 1126
1126 1204
1204 959
1204 628
959 567
567 2198
2198 2468
2468 2427
2427 494
2427 1280
494 183
183 1033
1033 1860
1033 2402
1860 572
572 763
763 1440
763 497
1440 1295
1440 132
1295 1148
1295 581
1148 2126
1148 463
2126 2355
2355 1489
1489 447
1489 2063
447 945
447 1935
945 437
945 1541
437 1338
1338 1728
1338 1220
1728 1559
1728 1496
1559 770
1559 1725
770 407
407 549
407 893
549 2533
549 2317
2533 1479
2533 663
1479 2483
1479 1892
2483 1337
1337 618
1337 2264
618 1591
618 882
1591 1016
1016 1270
1270 1587
1587 1121
1587 1235
1121 987
987 1425
987 194
1425 425
425 90
425 1480
90 2319
90 2518
2319 2231
2231 1302
2231 2109
1302 1037
1302 1169
1037 1063
1063 245
1063 134
245 399
399 2295
2295 227
2295 1543
227 1686
1686 1369
1686 2060
1369 1618
1618 299
299 2364
2364 2392
2364 2449
2392 1888
1888 1149
1888 1930
1149 636
636 914
914 2398
2398 1389
2398 2407
1389 450
450 1703
450 1336
1703 2548
1703 2396
2548 1025
2548 635
1025 2018
1025 365
2018 2179
2018 546
2179 1780
2179 980
1780 853
1780 378
853 1714
853 2379
1714 2463
2463 1575
1575 1372
1372 1457
1457 1902
1902 2512
1902 1259
2512 488
488 228
488 1886
228 2202
2202 1157
2202 1670
1157 1609
1609 154
1609 2
154 759
759 1743
759 83
1743 1786
1743 2131
1786 807
1786 1214
807 485
807 2203
485 1076
485 1576
1076 2424
1076 371
2424 835
2424 596
835 1147
1147 1213
1147 1571
1213 741
1213 1631
741 1724
741 1655
1724 449
1724 2132
449 2255
2255 1091
2255 1030
1091 577
1091 2216
577 2037
2037 1375
2037 985
1375 1981
1981 402
1981 557
402 1607
1607 2334
1607 211
2334 1839
1839 1034
1839 2557
1034 589
589 1174
1174 2208
1174 1875
2208 1717
1717 1039
1039 874
874 1524
874 100
1524 766
1524 50
766 1853
766 2452
1853 1967
1853 503
1967 2372
2372 1211
1211 1023
1023 1393
1393 2172
2172 198
198 1757
1757 1904
1757 2443
1904 795
795 1233
1233 2277
1233 1928
2277 2023
2023 1110
1110 2178
1110 1736
2178 1116
1116 1532
1116 599
1532 1100
1532 1011
1100 445
1100 1560
445 776
445 683
776 1098
776 2086
1098 73
1098 150
73 117
73 816
117 867
867 1175
867 2147
1175 1640
1640 2019
1640 1788
2019 1937
1937 129
129 1263
1263 1621
1263 2351
1621 662
662 1243
662 1817
1243 767
1243 2167
767 1008
1008 2158
2158 233
233 590
590 1386
1386 1896
1386 2031
1896 2546
1896 852
2546 518
2546 330
518 550
518 275
550 2139
2139 329
2139 1776
329 1629
329 1004
1629 2020
1629 1820
2020 262
2020 1815
262 817
262 1876
817 1555
817 593
1555 2432
2432 1657
2432 1595
1657 2094
2094 629
2094 1785
629 1341
629 1245
1341 2163
2163 738
2163 1803
738 1919
738 634
1919 2122
2122 170
170 342
342 2577
342 1210
2577 2228
2577 1737
2228 1984
1984 561
561 392
392 1854
1854 346
1854 2316
346 1153
1153 1593
1593 1330
1593 779
1330 274
1330 1384
274 601
274 1841
601 1966
1966 54
54 691
691 768
768 2524
2524 1269
1269 2525
2525 2240
2240 1943
2240 734
1943 731
1943 78
731 1223
731 2503
1223 1913
1913 592
1913 1614
592 1845
592 2093
1845 2288
1845 1531
2288 91
2288 2071
91 714
714 1276
1276 729
1276 1810
729 443
443 1971
443 540
1971 2426
1971 527
2426 1360
2426 533
1360 793
793 2077
2077 575
575 1290
1290 2193
2193 957
2193 1831
957 1761
957 1811
1761 597
1761 1258
597 1634
1634 2397
2397 1164
1164 1738
1164 2413
1738 2299
1738 698
2299 1353
2299 1348
1353 277
277 428
428 2243
2243 858
858 220
220 1514
1514 1849
1849 2500
2500 2256
2256 1585
1585 1685
1685 904
1685 1751
904 57
904 1165
57 1955
57 2333
1955 850
850 2152
850 1856
2152 1668
2152 2248
1668 2532
2532 2302
2302 115
2302 799
115 2442
115 2433
2442 1167
1167 53
1167 1385
53 1952
1952 1109
1952 1982
1109 240
1109 2205
240 695
240 1073
695 783
783 952
783 2016
952 1146
1146 1546
1146 475
1546 833
833 970
833 681
970 2410
970 389
2410 373
2410 1112
373 1799
373 1873
1799 2013
2013 1495
1495 1139
1139 2341
2341 1926
2341 541
1926 1048
1048 2348
1048 643
2348 311
311 1630
1630 1207
1207 950
950 859
859 832
832 2196
832 712
2196 1104
2196 422
1104 1502
1104 1065
1502 1910
1502 61
1910 526
526 1438
526 1583
1438 2401
2401 471
471 2478
2478 1413
2478 972
1413 1864
1413 2113
1864 2556
1864 791
2556 2190
2556 215
2190 1665
1665 1396
1665 416
1396 1224
1396 82
1224 2225
1224 1406
2225 2212
2225 964
2212 473
2212 306
473 751
473 1715
751 2568
751 93
2568 1948
2568 591
1948 569
1948 1067
569 2076
2076 438
438 1320
1320 1099
1320 1695
1099 2456
2456 699
699 932
699 1858
932 671
671 1284
671 1953
1284 2469
2469 781
2469 1632
781 2353
2353 1626
2353 1972
1626 234
234 735
735 1477
735 1340
1477 1602
1477 899
1602 2291
2291 1323
2291 1778
1323 1603
1603 2419
2419 1594
1594 1206
1594 660
1206 1114
1114 1747
1114 182
1747 2124
2124 1382
2124 2374
1382 1184
1184 252
1184 857
252 1267
1267 1578
1267 2414
1578 243
243 2226
2226 244
2226 191
244 920
920 1491
1491 2307
2307 2183
2307 843
2183 197
197 2311
197 1124
2311 501
501 2140
2140 2215
2140 1324
2215 1511
1511 1074
1074 167
167 645
167 2354
645 2327
2327 1846
1846 2367
2367 1604
2367 33
1604 1959
1604 136
1959 127
1959 1549
127 1833
1833 611
1833 2263
611 1615
611 351
1615 1824
1615 2253
1824 108
108 761
108 1643
761 887
887 1509
887 701
1509 512
1509 1653
512 1766
1766 1704
1704 2055
1704 2338
2055 955
2055 1261
955 2576
955 1085
2576 736
2576 1266
736 745
736 122
745 476
476 749
749 1209
1209 1449
1209 3
1449 2453
1449 2579
2453 2176
2453 2389
2176 1586
1586 1505
1505 440
1505 977
440 1759
440 266
1759 2415
1759 2520
2415 2418
2418 2380
2418 2436
2380 901
2380 2241
901 409
409 137
409 2373
137 2571
2571 1374
2571 1428
1374 1251
1251 435
1251 2320
435 2508
2508 2481
2481 2261
2481 337
2261 638
638 1408
638 804
1408 242
242 1859
1859 1422
1859 604
1422 1272
1422 2213
1272 1787
1272 344
1787 1472
1787 6
1472 2293
2293 711
2293 1050
711 2493
2493 1712
1712 525
525 864
864 2101
864 1395
2101 844
844 2082
844 2177
2082 2250
2250 2406
2250 1058
2406 1986
2406 1720
1986 119
1986 942
119 1579
1579 595
595 1381
1381 2513
2513 321
321 1641
1641 1047
1641 303
1047 1232
1047 2268
1232 1997
1997 969
1997 1287
969 483
969 1484
483 1884
1884 2112
2112 1044
2112 249
1044 740
1044 79
740 908
740 1180
908 1188
908 1798
1188 1064
1188 248
1064 2555
2555 103
2555 1311
103 2403
103 1829
2403 921
2403 324
921 30
30 1891
1891 293
1891 268
293 2135
2135 1729
2135 326
1729 1215
1729 1249
1215 1365
1215 838
1365 2507
1365 811
2507 2560
2560 1160
2560 1015
1160 1119
1119 680
680 2464
2464 651
651 1932
651 1487
1932 578
578 769
769 413
769 322
413 2545
413 1528
2545 1637
1637 2358
1637 842
2358 1991
2358 2308
1991 4
4 1470
1470 1394
1470 1333
1394 1246
1246 2242
1246 2511
2242 975
975 2011
2011 2423
2423 520
2423 1476
520 2218
2218 705
705 1897
1897 1364
1364 868
1364 1506
868 1964
868 2294
1964 2095
2095 2345
2345 690
690 710
710 1590
1590 1694
1694 552
1694 1453
552 1934
552 1850
1934 2404
1934 1581
2404 408
408 462
408 1083
462 924
924 2352
924 405
2352 395
2352 905
395 1775
395 1009
1775 2059
1775 2484
2059 86
2059 1679
86 1862
86 2117
1862 2050
1862 155
2050 1554
1554 1697
1697 940
1697 1812
940 724
940 209
724 1391
724 2559
1391 962
1391 2501
962 586
962 988
586 302
586 2446
302 1916
302 123
1916 1901
1901 1162
1162 2523
1162 1446
2523 424
2523 48
424 1313
1313 630
630 979
979 1827
1827 1358
1358 1265
1265 1939
1939 1638
1939 1687
1638 1398
1398 1922
1398 1201
1922 1826
1922 1741
1826 1429
1826 1877
1429 2536
1429 25
2536 836
2536 818
836 875
836 1646
875 1525
875 1656
1525 1753
1525 1062
1753 1405
1753 2496
1405 356
1405 1544
356 341
341 499
341 256
499 1200
1200 27
27 2200
27 1598
2200 331
331 2171
2171 2573
2573 1322
1322 624
624 1006
1006 1940
1940 1482
1482 272
1482 2066
272 1868
272 1260
1868 481
481 510
481 1357
510 2159
2159 354
354 697
697 278
278 420
278 1678
420 144
144 918
918 1927
918 1947
1927 960
960 22
22 614
22 2195
614 2297
614 232
2297 2161
2161 2475
2475 1659
1659 410
410 1682
1682 2430
1682 1334
2430 2070
2070 631
2070 796
631 639
639 222
639 316
222 1985
222 92
1985 2089
2089 1155
2089 1107
1155 885
885 214
885 432
214 1329
1329 454
454 2570
2570 318
2570 2549
318 65
65 1368
1368 236
236 513
236 580
513 2181
2181 283
283 821
821 1052
1052 824
1052 2146
824 2298
2298 831
831 70
831 1129
70 1458
1458 1557
1458 2002
1557 1863
1863 1036
1036 2056
2056 1134
1134 1568
1134 314
1568 1053
1053 2286
1053 1907
2286 1951
2286 76
1951 174
1951 673
174 338
338 353
353 352
353 814
352 500
500 1197
1197 238
238 1051
238 1122
1051 644
644 1045
644 1931
1045 1156
1156 1610
1156 2505
1610 175
1610 2526
175 1366
1366 162
162 2026
2026 2012
2012 837
2012 181
837 1154
1154 1516
1154 2488
1516 944
1516 1318
944 141
141 2375
2375 2125
2375 1791
2125 1613
2125 2257
1613 582
1613 38
582 1131
1131 1152
1131 348
1152 2497
2497 295
2497 2301
295 708
295 1071
708 1066
1066 2119
2119 2227
2227 307
307 1760
307 548
1760 747
1760 401
747 1942
747 1402
1942 2411
2411 870
2411 1911
870 990
870 2387
990 2550
990 470
2550 2460
2460 1378
2460 254
1378 1467
1378 2100
1467 1137
1137 2281
2281 2431
2431 165
2431 2192
165 1281
1281 1088
1088 780
780 145
780 2022
145 1628
1628 2044
2044 325
2044 2472
325 633
325 612
633 2318
633 1417
2318 296
296 2189
2189 1933
1933 1965
1933 1471
1965 204
204 2429
204 309
2429 519
2429 1519
519 2221
2221 1013
1013 2563
2563 907
2563 845
907 1494
907 1835
1494 2064
1494 2118
2064 2440
2440 1588
2440 504
1588 1127
1127 2105
2105 1120
2105 1762
1120 2144
2144 2370
2144 1363
2370 1234
2370 224
1234 26
1234 2270
26 1108
26 1660
1108 1035
1035 511
1035 2567
511 1558
1558 1693
1693 1084
1084 1842
1084 1288
1842 609
1842 433
609 271
271 184
184 1508
184 104
1508 24
24 1423
1423 2079
2079 317
317 1706
1706 1347
1347 993
1347 765
993 205
205 947
947 2027
947 486
2027 1915
1915 379
1915 2435
379 900
379 421
900 1635
900 1486
1635 2378
1635 961
2378 411
2378 5
411 1701
411 820
1701 469
1701 2551
469 1917
1917 574
574 2326
574 1970
2326 1022
2326 1570
1022 1309
1309 1676
1676 87
1676 2081
87 529
87 349
529 566
529 1537
566 1908
1908 1650
1908 1744
1650 1115
1115 1758
1115 2447
1758 1855
1758 2522
1855 916
1855 2362
916 1443
1443 685
1443 1569
685 477
477 259
259 2534
2534 1345
1345 39
39 28
28 1906
28 1702
1906 891
1906 819
891 539
891 981
539 1548
1548 179
1548 897
179 279
179 1451
279 909
909 805
805 2282
2282 991
2282 2130
991 528
991 954
528 1669
1669 290
290 1633
1633 1312
1633 1349
1312 444
1312 124
444 938
444 241
938 694
938 792
694 2552
2552 956
956 1181
1181 1784
1784 2187
1784 2005
2187 750
2187 613
750 113
750 523
113 666
113 686
666 2209
2209 1909
2209 1708
1909 1836
1909 1666
1836 2008
2008 966
966 1242
1242 565
1242 646
565 1442
1442 648
648 1998
1998 2462
2462 206
2462 1768
206 1254
1254 1455
1455 813
1455 1865
813 2377
813 434
2377 616
616 495
495 1512
1512 1424
1512 149
1424 2272
2272 652
652 2034
2034 1463
2034 554
1463 114
114 2572
114 21
2572 1750
2572 327
1750 1533
1750 632
1533 376
1533 2390
376 1373
376 1414
1373 2232
1373 1885
2232 1202
2232 229
1202 941
941 98
941 189
98 1427
98 1547
1427 1344
1344 1049
1049 187
1049 1989
187 1093
1093 670
1093 948
670 668
670 2051
668 1041
668 334
1041 1255
1041 339
1255 2201
1255 1565
2201 2155
2201 2238
2155 1752
2155 784
1752 2279
2279 1648
2279 1038
1648 370
1648 359
370 218
370 1133
218 726
726 797
797 474
474 1898
1898 1485
1898 2542
1485 1793
1485 1797
1793 1962
1962 336
336 1498
336 2154
1498 383
383 297
383 1308
297 177
297 2003
177 1031
1031 89
1031 856
89 2457
2457 1437
2457 1644
1437 2188
1437 930
2188 320
320 1138
1138 1608
1608 928
1608 620
928 223
928 74
223 1244
1244 669
1244 1304
669 2582
2582 2584
2584 2384
2584 1805
2384 2459
2459 2470
2459 1819
2470 2166
2166 627
2166 1158
627 480
627 51
480 1977
1977 896
1977 255
896 94
94 1950
94 2260
1950 1301
1950 84
1301 1813
1301 2175
1813 8
1813 764
8 889
8 2482
889 702
702 1900
1900 1352
1352 2230
1352 881
2230 547
547 826
826 1870
1870 1852
1852 2580
2580 1411
1411 2265
1411 1848
2265 2043
2043 374
2043 312
374 1501
1501 126
126 1658
1658 872
1658 1452
872 2143
2143 1314
2143 1806
1314 1136
1136 2365
2365 1783
2365 1060
1783 2416
2416 142
142 1468
142 746
1468 1529
1529 801
1529 498
801 199
801 2356
199 2097
2097 1383
1383 34
34 67
34 2342
67 1536
67 1673
1536 358
1536 1790
358 423
423 1040
1040 448
1040 2331
448 534
448 998
534 521
534 661
521 46
521 2422
46 335
335 195
195 1222
1222 1781
1781 1624
1781 2169
1624 2561
1624 2150
2561 1193
2561 1825
1193 2491
1193 1478
2491 1507
2491 1772
1507 657
1507 2194
657 576
576 427
427 1130
1130 1387
1387 294
1387 1710
294 415
415 2106
2106 892
2106 31
892 1504
892 963
1504 1205
1504 253
1205 1645
1205 2219
1645 1441
1645 1834
1441 1792
1441 1241
1792 201
201 524
201 2581
524 1273
524 1584
1273 2366
1273 2574
2366 1350
2366 1542
1350 1143
1143 1956
1956 2267
1956 1208
2267 888
888 2065
2065 2047
2065 2024
2047 166
166 1111
1111 515
515 608
608 1742
1742 308
1742 291
308 328
328 1285
328 10
1285 886
886 757
757 2296
2296 1401
2296 2434
1401 562
1401 1475
562 2085
2085 1705
1705 2517
1705 654
2517 381
381 1271
381 771
1271 621
1271 877
621 282
621 1229
282 1150
282 587
1150 1996
1996 305
305 1732
305 756
1732 939
1732 1777
939 1843
1843 332
332 760
332 855
760 865
865 257
865 367
257 2420
257 2021
2420 418
418 426
418 1938
426 2246
426 994
2246 522
2246 709
522 1992
522 1474
1992 2142
1992 1092
2142 2087
2087 1809
1809 343
1809 848
343 1651
343 2329
1651 2151
2151 1230
1230 2235
1230 377
2235 1620
1620 2211
2211 2466
2211 2284
2466 2083
2083 1070
1070 1625
1625 2360
1625 2157
2360 286
286 118
286 1683
118 1102
118 363
1102 775
775 1454
775 1818
1454 880
880 1082
880 560
1082 2141
1082 1257
2141 1718
2141 2382
1718 2145
1718 1275
2145 1221
2145 2564
1221 536
536 861
536 1095
861 390
861 1089
390 398
390 1905
398 851
398 1754
851 2583
851 922
2583 1256
1256 721
721 85
721 2322
85 626
626 1370
1370 1580
1370 1277
1580 2489
2489 1990
1990 2073
1990 1551
2073 1361
2073 2313
1361 2340
2340 372
2340 1735
372 1380
1380 1171
1171 1773
1773 2376
1773 1005
2376 80
80 2239
80 1527
2239 2067
2067 906
906 911
911 2168
2168 1763
1763 2514
2514 457
2514 2042
457 1749
457 2499
1749 2495
2495 1782
1782 2350
1782 102
2350 2529
2350 439
2529 860
2529 863
860 59
59 2527
2527 1822
2527 718
1822 829
1822 823
829 2099
2099 1887
1887 97
1887 1392
97 2541
2541 44
44 878
878 133
878 1445
133 2347
2347 1577
1577 237
237 1975
1975 173
173 1410
173 180
1410 1539
1410 1399
1539 1079
1539 2114
1079 1239
1239 1540
1540 1029
1029 537
537 1840
537 492
1840 1377
1840 600
1377 1416
1416 1716
1716 2278
1716 2029
2278 1326
1326 1168
1326 508
1168 2266
2266 1601
2266 400
1601 706
1601 802
706 2304
706 1944
2304 748
2304 2543
748 2566
2566 841
2566 2428
841 2359
2359 190
2359 1140
190 1980
1980 2035
2035 723
723 1802
723 742
1802 1746
1746 919
919 688
919 1182
688 1325
688 2229
1325 753
1325 1056
753 667
667 380
667 37
380 1379
380 1019
1379 958
958 1800
1800 1769
1769 2461
2461 658
658 393
393 261
393 1893
261 310
261 902
310 995
310 2287
995 1973
1973 350
350 2009
350 1726
2009 1196
2009 458
1196 585
1196 112
585 2182
585 75
2182 216
216 982
982 1960
1960 2174
2174 168
2174 879
168 217
168 1880
217 315
217 1462
315 2048
2048 1059
1059 1663
1059 664
1663 1861
1861 2007
2007 2262
2262 1274
2262 2471
1274 696
696 1286
1286 2306
2306 16
16 146
16 1236
146 999
146 186
999 655
999 1672
655 1021
655 219
1021 2156
2156 1303
1303 1709
1709 743
1709 1779
743 1189
743 1796
1189 1055
1189 1731
1055 2292
1055 1869
2292 60
60 2363
60 2531
2363 116
116 128
128 1297
1297 2315
1297 2080
2315 455
455 827
827 598
827 1316
598 2128
2128 884
2128 713
884 1552
1552 138
1552 2544
138 2310
138 739
2310 647
2310 15
647 551
551 665
551 192
665 1545
665 251
1545 809
809 1128
809 2197
1128 1080
1128 2385
1080 502
502 267
502 2036
267 822
822 397
397 2237
397 1077
2237 1225
1225 1291
1225 23
1291 1647
1647 1866
1866 538
538 895
895 1439
1439 2160
2160 135
2160 1553
135 1483
1483 1407
1483 1912
1407 230
230 677
677 2343
677 2303
2343 915
915 678
915 1057
678 1983
1983 2575
2575 41
2575 689
41 1144
1144 382
382 719
719 247
247 81
81 66
81 1745
66 774
66 656
774 2116
774 2273
2116 1431
2116 1523
1431 313
1431 1958
313 2361
313 1765
2361 1767
2361 105
1767 2127
2127 1192
1192 1823
1823 1969
1823 1434
1969 1024
1969 625
1024 2515
2515 1367
1367 1538
1367 1649
