16 1171 760
3 15
3 14
15 4
4 11
11 2
11 10
2 7
7 1
7 9
1 5
5 16
5 8
16 12
16 13
12 6
669 1098
1098 821
1098 282
821 977
821 220
977 708
708 433
433 971
433 978
971 616
971 665
616 121
616 644
121 28
121 388
28 192
192 1156
1156 658
1156 963
658 500
500 64
64 16
16 205
205 501
205 941
501 596
501 518
596 297
297 842
297 289
842 181
842 314
181 805
805 218
218 410
218 9
410 907
907 346
346 882
346 263
882 271
271 375
271 359
375 342
342 8
8 1147
8 744
1147 301
301 2
2 706
2 918
706 851
706 393
851 898
898 866
866 728
728 932
728 277
932 558
558 1118
558 854
1118 124
1118 167
124 108
124 732
108 678
678 1048
678 639
1048 855
855 520
855 447
520 567
567 546
546 799
799 928
799 583
928 302
302 951
951 123
951 1092
123 160
160 585
585 723
585 252
723 204
204 1151
204 477
1151 574
574 371
574 819
371 260
371 608
260 330
330 1043
1043 523
523 776
523 189
776 891
891 69
891 193
69 1164
69 1155
1164 656
656 924
924 281
281 675
281 904
675 405
675 376
405 169
405 562
169 1123
1123 1027
1123 438
1027 1067
1067 569
1067 144
569 336
336 813
336 912
813 49
49 312
312 549
312 227
549 265
265 344
344 103
103 1170
1170 823
823 947
823 654
947 785
785 1105
1105 398
1105 544
398 225
225 573
573 1111
1111 378
1111 472
378 560
378 14
560 268
268 21
21 857
857 476
476 724
724 407
407 351
407 536
351 828
828 1031
828 215
1031 374
1031 535
374 602
602 1013
602 861
1013 203
203 158
203 400
158 949
949 18
18 944
944 850
944 291
850 822
822 653
653 1102
653 267
1102 395
395 27
27 1068
27 499
1068 637
637 784
637 603
784 980
784 570
980 118
118 623
623 318
318 95
95 633
633 22
22 3
22 943
3 1115
1115 1137
1115 750
1137 531
531 852
531 293
852 279
279 25
25 93
93 19
93 188
19 449
449 92
92 910
910 571
910 1128
571 1062
1062 722
722 825
825 580
825 328
580 45
45 905
905 609
609 198
198 687
687 250
687 1141
250 816
816 109
816 517
109 107
107 247
107 1131
247 565
247 697
565 1093
565 703
1093 988
1093 681
988 219
219 901
219 1054
901 600
600 981
981 196
981 143
196 987
987 240
987 197
240 1022
1022 96
1022 984
96 15
15 1116
15 657
1116 178
1116 660
178 272
272 4
272 873
4 592
4 355
592 970
970 529
529 201
529 1103
201 710
201 216
710 685
710 538
685 860
860 1136
860 797
1136 667
667 519
519 83
83 94
94 872
94 757
872 1032
872 1057
1032 74
74 55
74 515
55 249
55 462
249 229
229 363
229 837
363 481
481 292
292 432
432 256
432 71
256 450
450 469
450 650
469 992
469 413
992 174
174 759
174 561
759 1087
1087 187
187 1060
1060 727
727 607
727 647
607 1130
1130 1120
1120 589
589 106
589 622
106 319
319 1114
319 226
1114 411
411 1040
411 1090
1040 385
385 1109
385 737
1109 475
1109 82
475 153
153 1039
153 202
1039 996
996 446
446 33
33 766
766 803
803 579
579 99
99 911
99 30
911 467
467 736
736 360
360 584
584 973
973 495
973 1127
495 262
495 176
262 62
262 1076
62 1005
62 150
1005 461
1005 275
461 777
777 285
285 843
285 5
843 47
843 1037
47 350
47 575
350 12
12 1053
12 98
1053 242
1053 594
242 599
599 522
599 474
522 915
522 696
915 1152
915 762
1152 994
994 740
740 230
740 159
230 1077
1077 652
1077 233
652 613
613 742
742 684
684 641
641 780
641 638
780 871
871 75
871 1153
75 832
75 253
832 89
832 770
89 243
243 555
243 646
555 1042
555 394
1042 147
1042 955
147 77
77 434
434 116
434 35
116 680
116 313
680 634
680 791
634 429
634 1140
429 746
429 1119
746 620
620 831
831 961
961 651
961 1033
651 540
651 707
540 110
110 131
110 13
131 747
747 672
672 238
672 32
238 1161
238 659
1161 418
1161 68
418 1133
418 1072
1133 829
829 756
756 1148
1148 1158
1158 690
1158 767
690 880
690 611
880 257
257 338
338 726
726 448
726 764
448 155
448 298
155 733
155 309
733 51
51 605
51 132
605 787
605 1055
787 853
787 79
853 1124
1124 294
1124 972
294 1018
1018 937
1018 317
937 716
937 209
716 443
443 689
443 228
689 372
689 1014
372 482
482 753
753 340
340 906
340 23
906 1089
906 677
1089 507
1089 464
507 966
966 1010
1010 635
635 849
635 1167
849 926
849 1044
926 379
926 758
379 956
956 1079
1079 731
1079 841
731 1050
731 323
1050 796
796 624
624 875
624 543
875 914
875 1122
914 1025
1025 329
329 128
329 437
128 772
128 542
772 1008
1008 965
965 223
965 1016
223 765
765 593
765 458
593 983
983 909
983 397
909 1019
909 486
1019 769
1019 807
769 720
769 184
720 331
331 834
834 537
537 586
586 1038
1038 802
802 534
802 424
534 524
524 127
524 962
127 254
254 617
254 430
617 820
617 1065
820 91
820 1030
91 576
576 670
576 894
670 1084
1084 704
704 191
191 771
191 459
771 1001
1001 954
1001 175
954 705
705 739
739 886
739 345
886 694
694 985
694 547
985 815
985 1101
815 588
588 848
588 749
848 457
457 173
457 814
173 1144
1144 1
1 315
1 1034
315 526
315 1041
526 806
526 361
806 1026
1026 60
1026 232
60 774
774 1091
1091 165
1091 452
165 479
479 408
479 305
408 1047
408 487
1047 492
1047 991
492 248
248 280
248 902
280 688
688 845
845 610
845 145
610 751
751 246
751 502
246 597
597 241
597 72
241 468
241 1104
468 940
468 1063
940 126
126 311
311 1125
1125 693
693 1108
1108 865
865 171
865 698
171 1106
1106 186
186 817
186 948
817 792
792 1058
792 824
1058 619
619 67
619 661
67 139
139 73
73 308
308 1024
308 421
1024 612
612 134
134 1071
134 563
1071 781
781 533
533 368
368 224
224 896
896 504
504 212
212 1003
1003 440
440 423
440 142
423 380
380 1004
380 497
1004 539
539 826
826 80
826 1132
80 1095
80 931
1095 166
166 604
604 541
541 1015
541 244
1015 273
273 496
496 1020
1020 172
1020 745
172 120
172 221
120 239
120 117
239 151
239 794
151 885
151 782
885 838
838 632
632 100
100 85
100 135
85 532
532 921
532 157
921 471
471 357
471 1078
357 362
362 645
645 682
682 1121
1121 615
1121 702
615 1002
615 1036
1002 550
550 392
392 416
416 327
327 445
327 428
445 370
445 146
370 839
839 1045
1045 856
856 37
856 214
37 572
572 484
484 606
484 938
606 630
630 1085
1085 952
1085 478
952 1107
1107 29
1107 655
29 1129
1129 473
473 431
473 725
431 1049
1049 383
1049 1051
383 830
383 790
830 1000
1000 404
404 892
404 551
892 578
892 919
578 934
578 102
934 662
662 36
662 483
36 691
691 700
691 868
700 426
426 631
426 679
631 299
299 485
299 798
485 741
485 354
741 261
741 789
261 130
130 625
130 893
625 10
625 1146
10 577
10 419
577 20
577 358
20 384
20 391
384 40
384 568
40 513
40 960
513 180
180 81
81 929
929 269
269 343
343 115
343 382
115 290
115 953
290 427
290 1083
427 31
31 779
31 506
779 718
718 276
276 1169
276 773
1169 7
7 245
245 182
245 864
182 489
182 621
489 1157
1157 663
663 125
125 788
125 835
788 138
138 46
46 995
995 959
995 1159
959 1021
959 399
1021 833
1021 713
833 521
833 259
521 553
521 676
553 512
553 950
512 809
512 463
809 968
968 156
156 161
161 933
933 895
895 648
895 958
648 827
648 510
827 692
692 283
283 1052
1052 922
922 1110
922 396
1110 1171
1171 930
1171 1113
930 1046
930 748
1046 508
1046 348
508 715
508 559
715 470
715 554
470 840
470 306
840 836
840 975
836 435
836 986
435 251
435 923
251 406
406 325
406 883
325 168
168 581
581 548
548 154
548 207
154 498
498 811
498 997
811 1012
1012 979
1012 730
979 194
194 43
194 1163
43 105
43 899
105 908
105 480
908 800
800 564
800 140
564 183
183 1086
1086 530
530 671
530 491
671 113
671 649
113 119
119 41
119 287
41 339
41 626
339 810
339 614
810 412
412 129
412 755
129 643
643 874
874 304
304 444
304 104
444 356
444 442
356 465
465 763
465 760
763 793
763 590
793 439
793 847
439 90
90 1066
90 1056
1066 846
1066 1009
846 714
714 917
917 274
917 859
274 801
801 164
801 1028
164 1112
164 743
1112 1134
1112 266
1134 321
1134 112
321 888
321 78
888 903
903 636
636 1099
636 377
1099 1162
1099 1097
1162 1117
1162 686
1117 1150
1150 729
1150 141
729 466
466 998
466 39
998 70
998 775
70 222
222 591
591 1059
1059 768
1059 1142
768 869
869 409
409 488
409 1073
488 190
488 514
190 942
942 709
709 454
454 1080
454 527
1080 1081
1080 1126
1081 989
989 1138
1138 1139
1138 326
1139 217
1139 858
217 628
217 1006
628 1061
1061 738
1061 1135
738 352
738 699
352 255
255 490
490 288
288 878
878 946
946 341
946 627
341 734
341 258
734 505
505 367
505 754
367 86
367 56
86 642
642 1075
642 87
1075 148
148 920
920 38
920 945
38 870
38 721
870 97
97 365
97 389
365 1082
1082 17
1082 61
17 296
17 270
296 595
296 286
595 381
381 324
324 1074
1074 1069
1069 284
1069 310
284 503
503 295
503 1007
295 889
889 587
889 237
587 887
887 812
812 337
812 999
337 844
337 509
844 969
969 52
969 900
52 179
179 557
557 1145
557 712
1145 695
695 66
695 390
66 1166
66 1143
1166 1094
1094 1011
1094 455
1011 149
149 673
673 417
417 601
417 974
601 967
967 1088
967 783
1088 152
152 1029
1029 1096
1029 862
1096 897
897 717
897 1070
717 1154
717 353
1154 867
1154 935
867 939
939 964
964 808
964 137
808 711
711 876
876 795
876 493
795 170
795 913
170 761
761 456
456 701
456 425
701 525
525 453
525 516
453 24
24 666
666 719
719 420
420 556
420 640
556 162
162 451
451 1168
1168 133
1168 925
133 57
133 629
57 122
57 1160
122 111
111 6
111 88
6 200
6 210
200 598
598 364
598 386
364 545
545 42
42 528
528 683
528 936
683 373
373 1064
373 63
1064 1035
1035 300
300 863
863 422
422 136
136 76
76 54
76 58
54 208
208 735
208 349
735 818
818 957
957 877
957 322
877 234
877 101
234 668
668 26
26 976
976 804
976 333
804 303
303 511
303 879
511 436
511 335
436 387
436 163
387 982
387 84
982 307
307 664
307 213
664 927
927 50
50 195
195 990
990 185
990 415
185 403
403 674
403 1149
674 618
618 206
618 1023
206 316
206 231
316 320
316 1017
320 402
402 494
402 34
494 414
414 1165
1165 369
1165 114
369 334
334 752
334 65
752 460
460 582
582 401
401 199
199 264
264 566
264 211
566 278
278 916
278 366
916 236
236 53
236 332
53 1100
1100 59
59 235
59 778
235 48
48 881
881 884
881 441
884 890
890 177
890 44
177 11
11 993
11 786
993 552
552 347
