20 1571 11019
3 18
18 19
18 9
19 14
19 2
14 10
10 20
10 8
20 4
4 12
12 17
12 11
17 16
17 5
16 6
16 7
6 13
6 1
13 15
531 368
531 1297
368 391
368 336
391 614
614 1057
614 755
1057 418
1057 340
418 443
418 1479
443 569
443 87
569 1111
569 723
1111 126
1111 1249
126 722
126 841
722 115
722 78
115 446
446 290
290 441
290 1395
441 92
441 947
92 1317
92 455
1317 1246
1246 1228
1228 556
1228 1047
556 1203
1203 199
1203 1070
199 1211
199 1318
1211 829
829 283
829 1187
283 976
976 496
496 1135
496 1219
1135 1480
1480 316
1480 1220
316 272
316 1532
272 909
909 1326
1326 1073
1073 808
1073 1035
808 555
555 583
555 1357
583 834
583 101
834 424
424 1418
424 1086
1418 1558
1418 1053
1558 312
312 903
312 1454
903 192
903 38
192 1347
1347 1513
1347 1313
1513 203
203 963
963 469
963 1523
469 322
469 1458
322 1262
1262 553
553 1413
1413 788
788 850
788 43
850 1280
850 105
1280 824
824 958
958 389
389 291
291 693
693 815
693 1025
815 222
222 1094
222 20
1094 855
1094 926
855 372
372 1371
1371 1226
1371 874
1226 169
1226 445
169 1222
169 54
1222 1118
1222 831
1118 1096
1118 330
1096 484
484 1270
484 288
1270 457
457 1485
1485 733
1485 71
733 31
733 98
31 1403
1403 404
1403 875
404 181
404 180
181 347
347 117
347 183
117 399
399 1571
399 913
1571 261
1571 949
261 746
746 1435
1435 25
25 1034
1034 1417
1417 442
442 1388
442 1039
1388 794
1388 739
794 1293
1293 12
1293 1189
12 1557
12 130
1557 676
676 1054
676 263
1054 52
52 127
127 1407
127 550
1407 862
862 697
697 388
697 558
388 892
892 13
13 426
13 124
426 512
426 492
512 1489
512 223
1489 536
1489 1231
536 812
812 209
209 238
238 318
238 156
318 916
916 448
448 1538
448 323
1538 1233
1233 696
696 924
924 957
957 593
593 1331
593 1196
1331 979
1331 613
979 337
979 692
337 1364
1364 454
454 950
454 72
950 1000
1000 1372
1372 1389
1389 65
1389 400
65 784
784 289
289 1004
289 758
1004 1477
1477 658
1477 193
658 511
511 1286
1286 688
1286 1240
688 1303
688 789
1303 473
473 684
684 1132
1132 896
896 603
603 188
603 564
188 198
198 339
198 56
339 927
927 1300
1300 14
1300 646
14 1241
1241 1503
1241 514
1503 1139
1139 1067
1139 885
1067 820
1067 1483
820 992
992 803
803 407
407 598
598 1437
1437 34
34 748
748 1502
1502 882
1502 972
882 993
993 279
279 1314
1314 759
759 1498
1498 1062
1062 731
731 160
160 1176
160 575
1176 1422
1422 749
1422 1467
749 1352
749 1179
1352 839
1352 1078
839 412
412 4
4 1528
1528 307
1528 1432
307 474
474 295
295 21
21 1121
1121 8
1121 905
8 682
8 600
682 132
132 971
132 1275
971 964
971 1046
964 1252
1252 332
1252 833
332 1146
332 729
1146 1084
1084 314
314 91
314 1216
91 1452
91 176
1452 1376
1452 1431
1376 1092
1376 967
1092 413
413 1365
1365 398
1365 832
398 1410
398 213
1410 382
1410 1271
382 941
382 1289
941 1267
941 823
1267 112
1267 1095
112 946
112 416
946 925
925 1474
1474 952
1474 1022
952 679
679 1007
1007 539
1007 659
539 189
539 1305
189 495
495 872
872 85
872 775
85 640
85 961
640 319
640 378
319 1138
1138 393
393 955
393 1335
955 1537
955 1052
1537 401
1537 605
401 714
401 386
714 945
945 890
890 560
890 716
560 721
721 1015
721 497
1015 204
204 599
204 987
599 133
599 793
133 1404
1404 1257
1257 1343
1257 174
1343 565
565 650
650 1130
1130 260
1130 899
260 356
356 136
136 423
423 1424
423 461
1424 954
954 421
954 397
421 656
656 408
656 1200
408 521
408 1058
521 410
410 1199
410 1190
1199 932
1199 654
932 1500
1500 799
1500 428
799 506
799 1159
506 653
506 672
653 577
577 1517
1517 908
908 244
908 666
244 701
701 94
94 1178
94 384
1178 1210
1178 429
1210 973
1210 77
973 308
973 190
308 22
22 1333
1333 902
902 1164
902 953
1164 266
266 1292
1292 166
1292 1001
166 1050
166 228
1050 847
847 147
147 541
541 498
541 135
498 242
242 827
827 73
827 1076
73 141
141 6
6 1466
1466 1510
1510 628
1510 1493
628 710
628 674
710 1448
1448 313
1448 638
313 571
571 1155
1155 859
859 1563
1563 1158
1158 712
712 1315
712 1472
1315 214
214 40
40 647
647 63
63 1029
63 109
1029 494
1029 524
494 1393
1393 978
978 866
978 236
866 1562
866 1170
1562 1075
1562 966
1075 1444
1075 142
1444 673
673 211
211 837
837 265
265 1495
265 463
1495 1412
1495 1259
1412 1565
1412 944
1565 1101
1565 573
1101 661
661 1320
661 2
1320 1419
1419 1570
1419 1366
1570 1521
1570 845
1521 271
1521 791
271 1080
1080 1484
1484 904
904 800
904 1074
800 48
48 447
48 1154
447 277
277 636
636 1157
636 604
1157 1362
1362 1392
1362 1436
1392 1298
1392 241
1298 108
1298 681
108 842
842 639
842 792
639 1273
639 1353
1273 1351
1351 371
371 175
175 1037
1037 767
767 1008
1008 194
1008 1042
194 632
632 491
632 315
491 1087
491 752
1087 1438
1438 103
1438 928
103 1115
1115 1354
1354 444
444 1560
444 201
1560 1345
1560 810
1345 436
436 975
975 1488
975 535
1488 1010
1010 1463
1463 1400
1463 931
1400 113
1400 589
113 1021
1021 1239
1021 381
1239 99
99 302
302 1321
1321 1009
1009 1033
1033 1547
1547 328
1547 1175
328 999
328 725
999 505
999 694
505 1554
505 1244
1554 1269
1269 509
509 962
509 234
962 503
962 1221
503 1020
503 1156
1020 552
1020 3
552 988
988 439
439 134
439 489
134 702
702 525
525 1253
525 1204
1253 1374
1374 414
1374 566
414 1380
414 1066
1380 742
742 1255
1255 205
205 97
97 1151
97 751
1151 612
612 996
612 1337
996 1162
1162 1040
1040 1461
1461 574
1461 756
574 1440
574 456
1440 1013
1440 375
1013 1544
1013 360
1544 864
864 1486
864 1449
1486 711
1486 977
711 1248
1248 1340
1248 528
1340 1116
1116 939
939 1059
939 479
1059 585
585 818
585 1540
818 417
818 220
417 518
518 705
705 102
102 801
801 732
801 490
732 155
155 1406
1406 843
1406 354
843 715
843 233
715 698
698 111
111 83
83 851
83 1415
851 1330
851 507
1330 520
1330 1012
520 968
520 1114
968 16
968 216
16 1169
1169 1291
1291 1390
1390 670
1390 610
670 671
670 259
671 707
671 951
707 1552
1552 1546
1546 1136
1546 1260
1136 1279
1279 888
1279 1030
888 1108
888 422
1108 1065
1065 1336
1336 616
1336 660
616 64
616 741
64 995
995 1032
995 338
1032 301
301 186
186 282
186 1299
282 66
282 300
66 844
66 871
844 580
844 33
580 780
580 969
780 625
625 341
625 1027
341 1567
341 787
1567 1482
1567 158
1482 1142
1482 41
1142 1174
1174 310
1174 642
310 856
856 1236
1236 526
1236 1011
526 1451
1451 563
563 587
587 1420
587 1497
1420 591
591 1068
591 1512
1068 1456
1456 984
1456 652
984 200
200 144
200 877
144 1090
1090 1048
1090 1534
1048 1539
1048 154
1539 1227
1227 1370
1227 210
1370 1195
1370 121
1195 366
366 796
796 481
481 1334
481 86
1334 544
1334 547
544 1235
1235 1301
1235 247
1301 1185
1301 852
1185 379
1185 1518
379 734
379 804
734 719
719 1137
719 197
1137 1549
1549 1323
1549 237
1323 179
1323 49
179 786
179 1202
786 1411
1411 1425
1425 1568
1425 623
1568 637
1568 936
637 1082
1082 641
1082 487
641 1475
1475 1153
1475 1342
1153 1149
1153 1212
1149 467
467 1522
1522 1447
1522 482
1447 878
1447 1341
878 88
878 1091
88 1524
88 1519
1524 81
81 285
285 1043
1043 1525
1525 387
1525 655
387 1306
387 1358
1306 47
1306 248
47 212
47 849
212 709
709 708
709 736
708 217
708 893
217 459
217 293
459 1288
459 635
1288 1060
1288 239
1060 568
1060 477
568 1069
1069 738
738 268
268 582
268 1509
582 403
403 1416
1416 1526
1526 1119
1526 675
1119 597
1119 19
597 303
303 250
250 960
250 562
960 994
994 880
880 510
510 777
777 559
777 619
559 464
464 1133
464 326
1133 1348
1133 1423
1348 683
683 1093
1093 294
294 985
294 1535
985 1471
1471 1124
1124 898
1124 287
898 331
331 296
331 997
296 915
296 1268
915 1106
1106 1329
1106 776
1329 1501
1501 1002
1002 662
662 243
662 450
243 59
59 182
182 627
627 224
627 778
224 1408
224 1230
1408 895
1408 1402
895 1071
895 364
1071 624
624 1045
1045 858
1045 720
858 53
858 1036
53 805
53 685
805 480
480 409
480 1251
409 1120
1120 427
427 774
774 919
919 500
500 809
500 735
809 374
374 351
374 36
351 1266
351 1332
1266 35
1266 865
35 240
35 1272
240 143
143 1188
143 452
1188 167
167 523
167 813
523 1455
523 1281
1455 430
1455 1242
430 1258
430 1181
1258 631
631 468
468 420
420 857
420 62
857 1085
857 353
1085 402
402 1550
402 1536
1550 1460
1460 970
970 359
970 1553
359 317
317 1470
317 921
1470 689
689 959
689 703
959 60
959 561
60 69
60 1409
69 292
69 883
292 208
292 1551
208 869
869 1290
869 1363
1290 171
171 1276
1276 1325
1325 246
246 68
246 515
68 826
826 140
826 348
140 1145
140 1421
1145 24
1145 432
24 982
24 499
982 630
630 546
546 648
546 1274
648 828
828 602
828 394
602 195
602 84
195 1109
195 1031
1109 1478
1109 1183
1478 621
621 912
912 10
10 1322
10 1459
1322 1143
1143 807
807 321
321 93
321 449
93 1182
1182 540
540 1361
1361 838
1361 1014
838 254
254 848
254 1514
848 1217
1217 900
1217 1490
900 763
763 649
763 1378
649 578
578 1312
1312 335
335 1481
335 1414
1481 1205
1205 218
218 1529
218 790
1529 369
369 320
369 943
320 718
320 107
718 249
249 914
914 533
533 1100
533 311
1100 1207
1100 1055
1207 119
119 938
119 935
938 235
938 1208
235 1462
1462 152
152 1377
1377 897
897 76
897 42
76 1310
76 797
1310 770
1310 884
770 986
986 1102
986 1209
1102 771
771 162
771 406
162 207
207 887
887 269
887 1089
269 1349
269 470
1349 1545
1349 1191
1545 17
17 1243
17 1443
1243 542
542 538
538 346
346 517
346 713
517 1398
517 363
1398 1430
1430 1184
1430 772
1184 1172
1172 344
344 764
344 956
764 196
764 148
196 1152
1152 153
153 1339
1339 178
1339 937
178 44
44 55
55 334
334 663
663 1215
663 343
1215 1061
1061 740
1061 1237
740 137
740 1382
137 75
75 1386
1386 678
1386 1044
678 704
704 1561
1561 1311
1311 522
522 1555
522 911
1555 1491
1491 1165
1165 1427
1165 686
1427 1186
1427 280
1186 362
1186 114
362 1110
1110 51
51 367
367 1099
367 104
1099 150
1099 1263
150 760
760 191
760 28
191 1324
1324 478
1324 159
478 185
185 508
185 1161
508 1140
1140 1254
1254 1098
1098 284
1098 151
284 106
106 215
215 1434
215 1446
1434 395
1434 991
395 1194
1194 365
1194 255
365 1391
365 1148
1391 70
1391 1063
70 165
70 680
165 460
165 30
460 187
460 643
187 23
187 532
23 1520
1520 274
1520 324
274 231
274 606
231 1278
231 836
1278 762
1278 1316
762 462
762 1445
462 380
380 530
530 1465
1465 1548
1465 1282
1548 930
1548 149
930 1505
930 488
1505 1256
1505 1439
1256 431
1256 1394
431 1473
1473 1
1473 669
1 472
1 329
472 1265
472 5
1265 483
483 1088
483 286
1088 396
1088 1028
396 567
567 257
567 453
257 376
376 761
376 1359
761 700
761 519
700 118
118 1077
1077 737
1077 894
737 1081
737 879
1081 889
1081 980
889 1542
889 1214
1542 219
219 609
609 57
57 1426
57 691
1426 1277
1277 501
1277 965
501 551
551 1064
1064 58
1064 1171
58 1105
1105 1507
1105 227
1507 11
1507 873
11 1112
1112 1384
1384 1373
1373 545
545 128
545 1499
128 7
7 617
617 657
617 798
657 1515
657 645
1515 1338
1515 110
1338 773
773 309
773 485
309 476
309 39
476 1487
1487 768
1487 942
768 116
116 1016
116 618
1016 1504
1016 82
1504 822
1504 251
822 1530
822 1160
1530 157
157 146
157 830
146 615
615 543
543 667
543 1302
667 998
998 779
779 594
779 629
594 100
100 1107
100 80
1107 1506
1506 50
1506 1079
50 1379
50 1201
1379 355
355 1375
1375 1319
1319 357
1319 168
357 1541
357 922
1541 1346
1346 1224
1346 934
1224 325
1224 835
325 1559
325 206
1559 717
717 1492
1492 1442
1442 586
1442 1531
586 825
825 990
990 724
990 1192
724 465
465 390
465 854
390 475
390 333
475 1198
1198 730
730 861
861 1476
1476 1496
1476 581
1496 940
940 590
590 981
590 125
981 1307
981 1328
1307 549
1307 651
549 258
549 592
258 26
258 1355
26 435
26 1232
435 918
918 1308
918 74
1308 1296
1296 677
677 1218
1218 1543
1543 349
349 863
349 358
863 173
173 229
173 726
229 891
229 1385
891 1383
891 860
1383 516
516 1464
1464 327
1464 267
327 802
327 1234
802 607
607 886
607 170
886 622
886 1144
622 576
576 1126
1126 9
9 385
9 305
385 306
385 253
306 1166
306 1122
1166 1360
1360 1097
1097 67
1097 1019
67 1441
1441 695
1441 811
695 816
816 299
816 1056
299 1309
1309 1131
1131 699
699 466
466 232
466 817
232 876
876 1397
1397 781
1397 1457
781 1469
1469 138
1469 1450
138 728
138 377
728 907
728 868
907 437
437 1304
1304 1206
1304 1113
1206 1134
1206 458
1134 910
910 1285
910 634
1285 18
18 221
221 554
221 1428
554 747
554 405
747 1129
747 1017
1129 1468
1129 1508
1468 687
1468 122
687 1295
687 129
1295 821
1295 37
821 754
821 1511
754 264
264 1180
1180 840
1180 1261
840 45
840 392
45 1125
45 1238
1125 881
1125 706
881 923
881 920
923 270
923 644
270 1566
270 929
1566 626
1566 161
626 846
626 1141
846 95
846 588
95 451
95 1003
451 785
785 1350
785 1223
1350 1433
1433 419
1433 471
419 415
415 1429
1429 757
757 1023
1023 974
1023 901
974 352
974 1147
352 1024
352 633
1024 1399
1399 1401
1399 32
1401 1123
1401 989
1123 29
1123 570
29 1038
1038 948
948 870
870 131
131 46
131 145
46 278
46 262
278 814
814 281
814 665
281 1197
1197 411
1197 1006
411 537
411 917
537 230
230 120
120 795
120 1049
795 527
527 123
123 1072
123 1163
1072 548
1072 1564
548 1127
548 766
1127 1250
1250 1128
1128 345
345 1245
1245 1283
1245 1527
1283 297
297 252
252 1225
252 1264
1225 1177
1225 753
1177 433
433 1051
1051 933
933 361
361 139
361 596
139 172
172 342
172 1405
342 1396
342 425
1396 601
1396 79
601 1229
601 529
1229 1327
1327 245
1327 273
245 608
245 90
608 769
608 1368
769 163
163 1173
163 15
1173 1533
1533 1213
1533 298
1213 1369
1369 572
1369 690
572 1041
1041 275
275 370
370 664
664 493
493 440
440 226
226 906
906 620
906 1083
620 1247
620 1356
1247 1494
1494 983
983 595
983 534
595 1287
595 61
1287 164
1287 184
164 750
164 1104
750 1026
1026 557
557 584
584 1117
1117 177
177 1367
1367 1167
1367 745
1167 806
1167 1294
806 27
806 1569
27 502
27 1168
502 744
744 1387
744 1193
1387 513
513 383
513 1005
383 438
438 853
853 611
611 765
611 819
765 434
765 1018
434 579
434 783
579 256
579 304
256 867
867 1150
867 668
1150 743
1150 373
743 782
782 1381
782 1284
1381 1453
1453 1103
1103 89
1103 1516
89 727
727 486
727 202
486 504
504 276
504 1344
276 96
276 1556
96 350
96 225
