3 1005 49255150
2 3
3 1
234 249
234 987
249 365
365 162
365 607
162 168
162 131
168 395
395 763
763 684
763 403
684 195
195 706
706 899
899 678
899 180
678 518
678 347
518 139
139 693
693 870
693 164
870 995
995 442
442 534
534 676
676 515
676 804
515 789
515 105
789 101
101 638
101 871
638 582
638 844
582 823
582 432
823 305
823 660
305 716
305 233
716 102
102 625
625 97
97 938
938 98
98 770
98 948
770 212
770 960
212 601
601 295
601 20
295 988
988 49
49 52
49 722
52 31
52 590
31 571
571 956
956 897
897 106
897 512
106 407
106 573
407 560
407 656
560 387
387 559
559 944
944 634
944 964
634 298
298 99
298 801
99 921
921 273
273 336
273 410
336 734
734 774
774 216
774 123
216 674
216 816
674 817
674 525
817 48
48 557
557 185
557 1003
185 275
185 586
275 418
418 664
664 710
710 583
710 329
583 680
583 714
680 356
680 485
356 394
394 465
394 201
465 173
465 72
173 840
173 21
840 18
840 597
18 600
18 550
600 732
732 260
260 919
919 481
481 527
527 839
839 620
620 124
620 413
124 778
124 213
778 713
713 84
713 1004
84 715
715 903
903 159
903 501
159 276
276 337
276 940
337 158
337 271
158 719
158 193
719 570
719 876
570 334
570 523
334 374
374 849
374 867
849 40
40 504
40 449
504 23
23 478
23 978
478 405
478 529
405 679
405 349
679 424
424 206
206 522
522 923
522 10
923 615
615 792
615 148
792 524
524 631
631 637
631 43
637 546
637 926
546 286
286 88
88 448
448 859
859 108
859 288
108 446
446 458
446 436
458 282
458 748
282 363
282 78
363 393
363 922
393 406
406 122
122 506
506 369
369 343
369 794
343 627
343 280
627 753
627 837
753 947
947 118
947 53
118 655
118 624
655 628
628 777
777 886
777 875
886 35
886 38
35 549
549 427
427 984
984 17
17 544
544 966
966 775
775 47
47 70
70 764
70 970
764 898
898 556
556 314
314 119
314 270
119 813
119 103
813 509
509 746
509 479
746 511
511 312
511 797
312 697
697 58
697 990
58 551
58 654
551 869
869 182
182 437
437 137
137 735
137 740
735 980
735 194
980 700
980 456
700 283
283 240
283 561
240 197
197 705
705 381
705 112
381 250
250 304
250 663
304 227
227 218
218 214
214 248
214 440
248 415
248 709
415 151
415 795
151 257
151 238
257 303
257 731
303 443
443 658
443 65
658 632
632 29
29 563
563 803
803 445
445 884
884 1002
1002 219
1002 464
219 519
219 757
519 242
519 653
242 211
211 495
211 647
495 320
495 997
320 635
635 799
635 186
799 207
799 203
207 67
67 530
530 469
469 846
846 330
846 267
330 209
330 322
209 306
306 237
237 994
237 500
994 450
994 11
450 802
802 773
773 584
584 380
380 75
75 744
744 22
22 310
22 184
310 739
739 231
231 883
231 33
883 745
883 132
745 66
745 685
66 414
414 467
414 953
467 127
127 541
127 670
541 160
160 999
999 832
832 901
901 388
901 245
388 416
416 129
416 890
129 435
435 749
435 379
749 502
749 650
502 863
502 109
863 993
863 190
993 610
993 200
610 225
610 887
225 555
225 629
555 362
555 868
362 239
362 272
239 781
239 338
781 30
30 68
30 92
68 142
68 566
142 111
111 688
111 189
688 847
688 957
847 313
313 730
730 412
730 503
412 135
135 352
135 460
352 912
352 951
912 340
340 274
340 949
274 476
476 85
85 488
85 241
488 969
969 157
969 818
157 215
157 929
215 805
805 262
262 143
262 358
143 906
906 315
315 430
315 287
430 843
430 752
843 69
69 662
662 579
662 877
579 6
6 691
6 494
691 341
341 41
341 851
41 963
963 834
963 16
834 728
834 399
728 577
728 827
577 230
577 147
230 909
230 759
909 107
909 878
107 37
37 204
204 433
433 86
433 8
86 243
86 350
243 328
328 538
328 630
538 90
538 784
90 616
90 73
616 39
616 880
39 291
39 428
291 941
941 894
941 346
894 554
554 821
554 695
821 384
821 188
384 408
408 689
689 12
12 345
345 718
345 669
718 360
718 841
360 55
55 798
55 64
798 434
798 665
434 954
954 54
954 5
54 564
54 417
564 932
932 146
932 281
146 25
25 317
25 756
317 355
317 621
355 166
355 893
166 639
639 866
639 251
866 438
866 392
438 74
74 916
74 491
916 42
42 51
51 175
51 726
175 931
931 367
367 675
367 845
675 505
675 701
505 297
297 925
297 975
925 806
925 222
806 255
806 183
255 138
255 907
138 558
558 87
558 708
87 828
87 900
828 721
721 812
721 822
812 646
812 553
646 335
335 814
814 836
836 100
100 447
447 83
83 543
543 820
543 657
820 606
606 971
606 498
971 668
668 383
383 977
977 659
977 372
659 974
659 178
974 661
974 79
661 325
661 396
325 905
905 439
439 429
429 761
429 986
761 895
761 750
895 296
895 623
296 643
643 888
888 95
888 651
95 125
95 694
125 729
125 1000
729 698
698 737
737 596
596 562
562 361
361 332
361 302
332 983
332 751
983 19
983 540
19 130
19 683
130 489
130 259
489 121
121 830
121 982
830 580
580 463
580 144
463 114
463 373
114 244
114 508
244 742
244 856
742 507
507 686
686 386
386 14
386 13
14 368
14 161
368 768
768 595
768 261
595 57
595 256
57 910
57 743
910 754
910 826
754 924
754 521
924 765
765 376
765 466
376 357
376 141
357 608
357 528
608 791
791 290
791 965
290 76
290 375
76 32
76 785
32 176
176 860
860 385
385 232
385 666
232 699
232 421
699 24
24 782
782 537
782 517
537 472
537 301
472 422
472 824
422 451
451 4
4 738
4 889
738 593
738 289
593 316
316 378
316 292
378 535
378 294
535 268
268 902
268 420
902 776
776 486
486 825
486 861
825 687
825 277
687 382
687 471
382 642
382 104
642 196
642 36
196 896
896 77
77 113
113 167
167 548
548 690
548 453
690 829
829 319
319 594
319 793
594 26
26 575
575 790
790 927
927 786
786 391
786 881
391 724
724 192
724 128
192 419
419 181
419 747
181 323
181 221
323 516
516 409
516 247
409 711
409 614
711 468
711 604
468 3
468 154
3 477
477 976
976 959
959 605
605 809
605 198
809 955
955 704
704 264
264 707
707 510
707 110
510 156
510 943
156 807
156 649
807 496
807 762
496 236
236 652
652 490
490 885
490 235
885 482
482 857
857 692
857 56
692 873
873 223
873 459
223 318
223 377
318 681
318 480
681 174
174 648
174 15
648 720
648 493
720 28
28 370
28 44
370 149
370 470
149 423
149 915
423 269
423 968
269 771
269 246
771 199
771 150
199 939
939 351
351 603
351 226
603 852
603 34
852 170
170 224
224 179
179 850
179 702
850 619
850 636
619 354
354 833
833 327
327 567
567 725
725 780
780 936
780 945
936 520
520 842
520 63
842 585
842 772
585 279
279 278
278 165
165 344
344 342
342 611
342 533
611 1
1 492
492 483
492 402
483 309
309 62
309 136
62 800
800 513
800 958
513 254
513 348
254 911
911 210
210 572
210 991
572 542
542 80
542 618
80 989
989 920
989 457
920 598
920 484
598 177
177 514
177 220
514 588
514 672
588 331
331 962
962 253
253 307
307 536
307 187
536 972
972 766
766 736
736 91
736 592
91 455
455 155
155 755
155 293
755 152
755 285
152 703
703 371
703 815
371 252
371 934
252 760
252 229
760 169
169 892
892 217
892 788
217 400
400 908
400 671
908 547
908 779
547 364
364 727
727 163
163 848
163 609
848 591
848 617
591 474
591 94
474 626
474 891
626 633
626 462
633 874
874 973
874 967
973 862
862 855
855 667
667 882
667 389
882 552
882 266
552 1005
552 60
1005 93
1005 992
93 81
81 917
917 930
930 45
930 758
45 565
565 942
942 452
452 985
985 404
404 531
404 998
531 359
359 864
864 526
864 171
526 723
526 578
723 191
723 581
191 444
191 712
444 172
444 937
172 613
172 426
613 461
613 9
461 117
117 952
952 569
569 545
545 401
545 677
401 602
401 767
602 918
918 497
918 810
497 202
497 339
202 811
811 299
811 59
299 411
411 475
411 622
475 153
475 263
153 717
717 935
717 858
935 499
935 441
499 205
499 769
205 228
205 853
228 950
228 644
950 1001
1001 946
1001 71
946 696
696 27
696 333
27 133
133 353
133 321
353 50
50 300
50 454
300 612
612 587
612 258
587 140
587 872
140 398
398 589
589 928
928 981
981 979
979 576
979 308
576 904
904 115
115 819
819 2
2 933
933 961
961 539
539 783
783 126
126 796
126 913
796 284
284 532
532 641
641 733
641 879
733 116
733 835
116 914
116 831
914 854
854 397
397 145
397 61
145 82
145 568
82 673
673 599
673 487
599 120
599 7
120 425
120 324
425 640
425 366
640 326
326 996
326 787
996 208
996 808
208 645
208 96
645 390
645 682
390 574
574 265
265 311
311 741
311 473
741 46
741 431
46 134
46 838
134 865
134 89
