2 1882 11616686
1 2
917 1034
1034 1613
1613 60
1613 1728
60 1559
60 231
1559 1118
1118 1358
1118 761
1358 960
1358 1546
960 783
783 691
691 1000
1000 1102
1102 1109
1102 411
1109 1458
1458 1463
1458 737
1463 851
1463 511
851 1547
851 1659
1547 698
1547 983
698 137
698 948
137 414
414 103
103 780
103 509
780 963
780 1873
963 1403
1403 82
1403 1576
82 1299
1299 244
244 1070
244 1012
1070 90
90 1116
90 641
1116 1763
1763 1363
1763 183
1363 1111
1363 764
1111 1462
1462 967
1462 829
967 849
967 87
849 50
849 500
50 1349
50 142
1349 1048
1349 13
1048 1824
1824 1460
1460 1279
1279 976
976 131
976 977
131 1331
1331 275
1331 1637
275 1380
1380 1172
1172 784
784 1490
784 12
1490 466
1490 865
466 787
787 431
787 456
431 644
431 74
644 704
704 1248
1248 1223
1223 1316
1316 955
1316 650
955 423
955 1495
423 326
326 1062
1062 577
1062 1259
577 1848
577 1421
1848 1523
1523 1735
1523 1004
1735 1427
1735 351
1427 1183
1427 471
1183 251
251 553
251 332
553 1804
553 348
1804 877
1804 41
877 888
888 196
888 531
196 928
196 304
928 188
188 1468
1468 289
1468 1310
289 51
51 916
51 546
916 1636
1636 897
897 903
897 945
903 1354
903 377
1354 1747
1354 1038
1747 1754
1747 1401
1754 907
1754 1581
907 2
2 1782
2 1256
1782 272
1782 1805
272 1459
1459 352
352 281
352 395
281 1339
281 307
1339 9
1339 910
9 366
9 746
366 130
130 592
592 615
592 1811
615 632
615 1548
632 1278
1278 1060
1060 1024
1060 1815
1024 984
984 958
958 8
958 1570
8 181
8 1565
181 986
986 953
953 1407
1407 1219
1407 1156
1219 1691
1219 1705
1691 1136
1136 165
165 937
937 1148
937 435
1148 1456
1148 842
1456 806
1456 765
806 1400
806 1010
1400 558
558 756
756 1841
756 1211
1841 162
162 1871
162 334
1871 469
469 1137
469 1730
1137 618
1137 1419
618 1243
1243 1250
1243 1119
1250 751
751 1584
1584 1431
1584 824
1431 1753
1431 1175
1753 585
1753 310
585 594
585 67
594 1765
594 1355
1765 1426
1426 157
1426 725
157 1290
1290 1566
1566 541
541 397
397 1180
397 443
1180 482
482 38
38 1627
38 17
1627 1719
1627 715
1719 1450
1719 775
1450 1514
1514 1869
1514 714
1869 1508
1869 1418
1508 957
1508 1724
957 1370
1370 1056
1370 1560
1056 1702
1702 256
256 1308
1308 219
219 339
339 315
315 868
868 1368
1368 1047
1368 1300
1047 1767
1047 992
1767 1014
1767 739
1014 21
21 1155
1155 1615
1155 1306
1615 1008
1615 1650
1008 122
1008 1822
122 1057
1057 1159
1057 1262
1159 301
301 1201
1201 413
413 194
413 278
194 1614
194 1072
1614 484
1614 1751
484 1198
484 1239
1198 1168
1168 1476
1168 857
1476 1697
1476 1676
1697 1378
1378 329
1378 579
329 1786
329 1768
1786 799
799 675
675 1078
675 204
1078 1220
1220 11
1220 266
11 473
11 870
473 534
534 1568
1568 106
106 385
106 19
385 828
385 1166
828 949
828 1178
949 1643
949 1645
1643 943
1643 1695
943 785
943 804
785 1471
785 627
1471 409
409 1027
1027 268
268 27
268 115
27 586
586 222
222 681
222 1391
681 588
588 1199
1199 1230
1230 1524
1524 446
446 1023
446 1604
1023 1587
1587 53
53 1664
1664 1091
1664 138
1091 286
286 417
417 1809
1809 707
1809 1170
707 1750
707 1364
1750 1774
1750 936
1774 1803
1803 1309
1309 1482
1482 1762
1762 290
1762 83
290 991
290 554
991 1077
991 1716
1077 492
1077 88
492 789
492 1799
789 843
789 602
843 1272
843 52
1272 1187
1272 1707
1187 624
1187 476
624 1050
624 119
1050 1374
1050 101
1374 710
1374 727
710 422
422 1602
1602 979
979 1398
979 969
1398 1294
1294 497
1294 1065
497 655
497 682
655 572
655 1838
572 1610
572 729
1610 187
1610 1797
187 470
470 1377
470 441
1377 719
1377 628
719 254
254 491
254 230
491 1443
1443 288
1443 788
288 631
288 872
631 442
442 1519
1519 1800
1519 1361
1800 1032
1800 1257
1032 151
1032 801
151 1857
151 889
1857 18
1857 1182
18 480
18 1868
480 113
480 611
113 1073
113 985
1073 206
1073 124
206 853
853 1005
853 1413
1005 412
412 1265
412 404
1265 547
547 285
285 993
993 1319
1319 1270
1270 1788
1788 269
269 532
532 837
837 924
837 1630
924 988
988 748
988 1479
748 1139
748 1001
1139 1714
1714 600
1714 1177
600 685
600 487
685 1287
1287 225
225 819
225 612
819 1092
819 1567
1092 133
133 1494
133 557
1494 425
425 576
576 1171
1171 1084
1084 1093
1084 1511
1093 311
311 227
311 1066
227 172
227 248
172 1423
1423 1089
1089 1850
1850 173
1850 198
173 1475
173 966
1475 120
120 918
120 1785
918 380
380 309
309 453
453 354
453 212
354 1740
1740 1301
1301 229
1301 1002
229 659
229 26
659 1556
659 956
1556 1491
1556 1816
1491 754
1491 1058
754 769
754 1222
769 566
566 1394
1394 1019
1394 1532
1019 838
1019 271
838 160
160 1622
160 846
1622 1478
1478 1
1478 980
1 305
305 398
305 10
398 1590
398 486
1590 721
1590 658
721 1861
721 451
1861 1879
1879 228
1879 1042
228 233
233 696
233 96
696 1845
696 159
1845 1205
1845 866
1205 218
218 1801
1801 1561
1561 344
1561 822
344 1582
344 1253
1582 433
1582 703
433 78
78 713
713 552
713 745
552 1444
552 1766
1444 387
1444 241
387 1847
387 1577
1847 1086
1847 1649
1086 1621
1086 375
1621 426
426 203
203 706
203 1839
706 220
220 1020
1020 1337
1020 1526
1337 1350
1337 774
1350 1711
1350 57
1711 616
1711 915
616 1521
1521 651
1521 1237
651 884
884 718
718 1638
718 580
1638 300
300 1769
300 1192
1769 156
156 835
835 276
835 622
276 1185
276 892
1185 1736
1185 875
1736 324
324 1704
324 416
1704 673
1704 1453
673 163
163 164
163 1619
164 686
164 1417
686 340
686 1026
340 934
934 860
860 690
860 1132
690 1791
1791 1692
1791 613
1692 55
55 374
55 795
374 530
374 20
530 1553
530 1634
1553 1386
1553 440
1386 1878
1878 741
1878 169
741 232
232 99
232 1603
99 604
99 874
604 1690
604 291
1690 252
252 223
223 906
906 293
293 1717
1717 1389
1389 1271
1271 1416
1271 1049
1416 1238
1416 210
1238 562
562 1397
562 810
1397 1612
1397 66
1612 391
1612 153
391 1464
391 407
1464 896
896 1662
1662 1173
1662 802
1173 1589
1589 359
359 1362
1362 302
302 904
302 1483
904 174
904 996
174 1531
1531 1726
1726 1860
1726 1629
1860 620
620 1440
1440 923
1440 687
923 619
619 1829
1829 1520
1829 430
1520 1373
1520 171
1373 35
1373 779
35 1639
35 939
1639 608
1639 797
608 1457
608 653
1457 668
668 117
668 570
117 488
117 593
488 61
488 898
61 70
61 1748
70 335
335 180
335 1304
180 1327
1327 1820
1820 1447
1447 1739
1739 135
1739 1660
135 1756
135 605
1756 649
649 341
649 143
341 439
341 1083
439 1392
1392 1573
1573 1129
1129 1504
1504 1569
1504 85
1569 1620
1569 1120
1620 1142
1142 1179
1179 371
371 209
209 1535
1535 539
539 845
845 368
845 1549
368 1680
368 545
1680 973
973 72
72 786
72 1693
786 1545
786 855
1545 568
568 1402
1402 1588
1402 468
1588 176
176 542
176 1834
542 584
542 1037
584 537
584 839
537 1011
1011 1281
1011 1623
1281 778
778 1686
1686 216
1686 1113
216 76
216 77
76 365
76 1015
365 47
47 408
47 759
408 1571
408 68
1571 237
1571 261
237 126
126 1414
126 1461
1414 1044
1414 1207
1044 262
262 672
262 807
672 438
672 190
438 1472
438 1025
1472 312
1472 1465
312 1076
312 702
1076 336
336 1165
1165 175
1165 1162
175 1090
175 1297
1090 813
813 1502
1502 1734
1734 1342
1734 363
1342 1665
1665 968
1665 81
968 1353
968 1221
1353 1455
1455 1174
1455 1197
1174 730
1174 947
730 118
118 1146
118 777
1146 1144
1144 166
166 1837
166 952
1837 1632
1837 121
1632 1683
1632 1651
1683 257
1683 1307
257 830
830 1189
1189 938
1189 347
938 105
105 114
114 1074
1074 1743
1743 1668
1668 141
141 1821
1821 388
1821 538
388 944
944 91
91 814
814 445
814 571
445 1241
445 598
1241 75
75 818
75 887
818 1061
818 688
1061 623
1061 1324
623 316
623 1874
316 862
316 1467
862 515
515 235
235 280
280 1264
1264 1876
1264 1796
1876 543
543 1477
1477 694
694 692
694 1396
692 1334
1334 1851
1851 1808
1808 908
1808 373
908 742
742 1314
1314 1100
1100 964
964 525
964 782
525 494
494 5
5 270
270 1191
1191 189
1191 678
189 603
189 1338
603 1617
603 514
1617 1772
1617 325
1772 743
1772 185
743 1103
1103 661
661 1326
661 1852
1326 883
883 629
883 1543
629 1295
1295 1647
1295 419
1647 1605
1605 381
1605 1752
381 467
381 267
467 1628
1628 129
129 913
129 1715
913 444
913 1134
444 544
544 1510
544 64
1510 127
1510 533
127 1481
1481 1486
1486 711
1486 1798
711 460
460 1710
460 1422
1710 31
1710 1268
31 1699
1699 1117
1117 1154
1117 699
1154 1598
1598 1466
1466 1733
1466 1325
1733 1381
1381 44
44 323
323 922
323 144
922 1275
1275 894
894 1493
894 1696
1493 559
559 614
559 1404
614 768
768 382
382 1512
382 935
1512 1522
1512 376
1522 1810
1522 1203
1810 932
932 294
932 816
294 107
107 726
726 1289
726 1013
1289 645
645 1336
1336 1723
1336 1160
1723 263
1723 1505
263 873
263 1485
873 1487
873 1592
1487 811
811 403
811 826
403 80
403 701
80 1321
80 647
1321 1190
1190 1666
1190 1186
1666 92
92 1435
92 1433
1435 282
282 1240
1240 179
1240 914
179 573
573 42
42 665
42 1345
665 28
665 1509
28 69
28 695
69 626
626 1694
1694 911
1694 1176
911 152
152 606
606 330
606 569
330 502
502 1123
502 1041
1123 123
1123 350
123 793
123 1872
793 296
793 971
296 214
296 1410
214 634
634 1291
634 899
1291 781
1291 1415
781 1261
781 891
1261 1335
1261 630
1335 1163
1335 1242
1163 717
1163 1746
717 1247
717 582
1247 1833
1247 1053
1833 803
1833 62
803 637
637 664
637 982
664 1227
1227 393
1227 1340
393 48
48 1245
48 1357
1245 490
490 1122
490 927
1122 758
758 700
700 134
700 1208
134 1489
1489 712
712 1469
1469 609
609 1348
1348 1293
1293 1344
1344 295
1344 428
295 59
59 886
886 815
886 1655
815 383
383 215
383 757
215 1274
1274 1646
1274 501
1646 1674
1646 1022
1674 1087
1087 259
259 1125
259 197
1125 1689
1689 191
191 836
836 848
836 867
848 1854
848 677
1854 1371
1854 1235
1371 390
1371 1151
390 1018
390 744
1018 207
207 1448
1448 900
1448 389
900 1771
1771 427
1771 574
427 513
427 1729
513 1215
1215 881
881 1351
1351 1007
1351 1787
1007 7
1007 1395
7 1017
1017 1703
1017 1269
1703 392
1703 933
392 145
392 199
145 102
102 728
728 205
205 463
205 1298
463 1254
1254 1258
1258 1499
1258 236
1499 353
353 1488
353 512
1488 642
1488 912
642 808
808 343
343 1442
1442 951
1442 358
951 1525
1525 483
483 405
483 961
405 1315
405 817
1315 364
1315 1098
364 1320
364 825
1320 551
551 667
667 1346
667 1082
1346 1071
1346 1108
1071 643
1071 1228
643 1825
1825 773
1825 1828
773 844
844 25
844 167
25 104
25 495
104 1552
1552 489
1552 1105
489 930
930 1043
930 832
1043 321
1043 178
321 941
321 654
941 434
434 749
434 1405
749 6
749 277
6 40
40 1773
40 1480
1773 556
556 1745
1745 89
89 929
929 1169
1169 1280
1169 1318
1280 1599
1599 583
1599 32
583 94
583 1226
94 264
264 1216
1216 420
420 833
833 1749
833 1783
1749 1492
1492 893
893 1367
893 331
1367 652
1367 1054
652 1648
1648 43
43 520
520 734
520 987
734 1594
734 895
1594 449
449 567
449 1439
567 1164
1164 211
211 1555
211 73
1555 506
506 575
575 1141
575 981
1141 1194
1141 1225
1194 1781
1194 1557
1781 1051
1051 1835
1835 1081
1081 871
1081 93
871 684
871 1830
684 1255
1255 1539
1539 591
591 432
432 1302
1302 1761
1302 1046
1761 885
1761 112
885 1534
885 1432
1534 195
195 1311
1311 46
46 1836
1836 1069
1069 1550
1069 1779
1550 1068
1550 1153
1068 306
306 508
508 1009
508 942
1009 878
1009 1375
878 1110
1110 273
1110 1424
273 1167
273 1867
1167 360
1167 931
360 1540
360 1863
1540 831
831 139
831 1700
139 1721
1721 1661
1661 33
33 475
33 1372
475 1681
1681 462
1681 1855
462 461
462 1296
461 528
528 1452
528 859
1452 1138
1138 400
1138 610
400 1150
400 328
1150 1124
1124 504
1124 1152
504 424
504 1784
424 705
705 1789
1789 361
1789 1446
361 1260
1260 149
1260 540
149 1115
149 436
1115 1866
1866 242
1866 1823
242 1267
242 1624
1267 1206
1206 132
1206 1586
132 1862
1862 1741
1862 679
1741 902
1741 1188
902 1229
902 54
1229 950
950 978
978 621
621 864
621 378
864 1283
864 503
1283 240
1283 527
240 342
240 1775
342 1722
1722 1814
1814 1473
1814 1544
1473 1217
1473 1408
1217 1802
1217 1600
1802 1356
1802 1064
1356 1517
1356 1147
1517 437
1517 1842
437 1445
437 1530
1445 1033
1445 37
1033 1131
1131 1099
1099 39
39 177
177 1770
177 1678
1770 1055
1055 386
1055 464
386 510
386 1409
510 516
516 36
516 1611
36 1470
1470 1330
1470 1641
1330 1067
1330 1204
1067 1273
1273 965
1273 597
965 1780
1780 760
1780 1133
760 1252
760 394
1252 858
1252 1244
858 184
858 1529
184 663
184 58
663 147
663 1682
147 507
507 146
146 1016
146 1085
1016 1428
1428 926
926 709
926 1003
709 1625
1625 999
999 1663
999 1658
1663 1667
1667 1096
1667 1282
1096 1305
1305 455
455 1031
455 303
1031 1708
1031 1209
1708 283
283 260
260 861
861 1572
1572 1518
1572 1880
1518 1246
1518 202
1246 772
772 505
505 762
762 1399
762 14
1399 587
587 1323
1323 155
155 648
155 1376
648 1184
1184 856
1184 1028
856 1233
856 1035
1233 518
518 1288
518 1438
1288 1210
1210 565
1210 697
565 410
565 901
410 1537
1537 596
596 834
596 920
834 1687
1687 493
1687 1737
493 1276
1276 448
448 1738
1738 753
1738 1881
753 798
753 224
798 1303
1303 680
680 1329
1329 812
812 720
720 523
720 108
523 1127
1127 1497
1497 1870
1497 1607
1870 550
550 298
298 498
298 1591
498 809
809 1792
809 946
1792 656
656 1757
656 1095
1757 458
458 110
110 1347
110 794
1347 1449
1347 1585
1449 850
850 666
850 526
666 279
279 1420
279 716
1420 1202
1202 1818
1818 840
840 1698
1698 750
750 1059
1059 640
1059 1158
640 345
345 1727
345 100
1727 555
555 1819
1819 1515
1515 1806
1806 519
519 221
221 755
755 1157
1157 639
639 791
639 1383
791 1846
1846 56
1846 1653
56 1126
1126 882
882 338
882 854
338 1434
338 770
1434 564
1434 1135
564 402
402 246
402 693
246 1685
246 148
1685 636
1685 1742
636 201
201 1285
1285 1359
1359 1411
1359 217
1411 421
1411 1551
421 1249
421 1390
1249 905
905 1644
1644 1094
1644 447
1094 16
1094 589
16 318
16 23
318 1706
1706 1149
1706 1369
1149 821
1149 625
821 578
578 98
98 1583
98 250
1583 521
521 1877
521 970
1877 1393
1393 1382
1382 154
1382 732
154 1882
154 287
1882 182
182 1563
1563 1430
1563 738
1430 1143
1143 479
479 450
450 767
767 601
601 346
601 766
346 1333
346 478
1333 213
213 186
213 1145
186 1527
1527 708
1527 994
708 30
708 1213
30 1606
1606 752
1606 1712
752 355
752 671
355 1030
1030 313
1030 1759
313 1533
1533 249
249 1631
249 1679
1631 827
827 84
827 940
84 1778
1778 1212
1778 327
1212 1080
1212 1441
1080 1677
1080 517
1677 736
736 1812
736 357
1812 975
975 1827
1827 1343
1343 740
740 1436
740 535
1436 1807
1807 1843
1843 226
226 255
226 1640
255 238
255 1101
238 65
238 1412
65 1580
65 1541
1580 869
1580 1795
869 974
974 921
974 1832
921 1292
921 638
1292 1578
1292 890
1578 1764
1578 372
1764 1234
1764 1196
1234 1536
1234 747
1536 990
1536 158
990 1045
990 284
1045 1161
1161 1366
1161 1609
1366 549
549 429
549 116
429 635
635 724
724 1079
724 997
1079 763
763 1218
1218 1496
1496 452
452 1385
1385 292
292 415
292 1387
415 71
71 1593
1593 1112
1112 1856
1856 841
841 790
790 1006
790 454
1006 1106
1106 1052
1106 1313
1052 1732
1052 735
1732 879
1732 274
879 657
657 1097
657 24
1097 1633
1633 396
1633 1672
396 660
660 1558
660 796
1558 1036
1558 22
1036 1503
1036 111
1503 168
1503 481
168 1669
168 1332
1669 1542
1669 1562
1542 674
674 590
590 1365
590 820
1365 607
1365 1760
607 1425
1425 499
499 1322
1322 599
599 399
399 1284
1284 1817
1284 140
1817 79
79 1713
79 1195
1713 561
1713 1744
561 1554
1554 1597
1597 863
863 418
863 1114
418 560
560 617
560 800
617 485
617 1107
485 1688
485 109
1688 97
97 333
97 1671
333 771
333 1075
771 1451
771 496
1451 662
662 243
662 234
243 670
670 1701
670 1731
1701 208
208 1484
208 1720
1484 1670
1484 1709
1670 1266
1266 689
1266 1040
689 1379
1379 1021
1379 1608
1021 1813
1813 477
1813 1236
477 1128
1128 319
1128 1858
319 1263
319 1626
1263 401
401 3
401 1776
3 170
170 356
170 876
356 95
356 322
95 880
880 563
880 1528
563 299
563 852
299 459
299 909
459 314
459 1675
314 722
314 1725
722 1501
1501 4
1501 676
4 959
959 1656
959 1794
1656 805
1656 998
805 1121
805 792
1121 472
1121 1029
472 1277
1277 925
1277 45
925 384
925 1317
384 1758
384 1654
1758 1673
1673 1251
1673 258
1251 1652
1652 548
548 1437
1437 193
193 63
63 370
370 1140
1140 1826
1826 239
239 524
524 86
86 1575
86 1616
1575 1849
1849 1777
1777 529
1777 125
529 972
529 989
972 1507
972 1657
1507 406
406 919
919 1454
1454 1231
1231 1840
1231 1341
1840 1564
1840 200
1564 1039
1039 1388
1039 1498
1388 1538
1538 733
1538 847
733 474
733 1181
474 1360
474 1865
1360 1104
1104 1790
1104 995
1790 1328
1328 136
136 595
595 161
595 536
161 1506
1506 1831
1506 683
1831 150
150 369
369 522
522 581
581 265
581 1232
265 1718
1718 1474
1718 457
1474 1286
1286 1500
1500 1574
1500 297
1574 320
1574 1844
320 1864
320 367
1864 192
192 954
954 731
731 1088
1088 1793
1793 1859
1859 362
362 1595
362 723
1595 49
1595 1224
49 1853
1853 337
1853 1642
337 1513
1513 1875
1875 1635
1635 1601
1601 1193
1193 245
1193 1429
245 1214
1214 247
1214 1384
247 1130
247 1063
1130 646
1130 34
646 465
465 1579
465 823
1579 1684
1684 128
1684 1618
128 962
962 1200
1200 1596
1596 776
1596 1755
776 308
308 1406
308 379
1406 1516
1406 29
1516 349
1516 1352
349 15
15 669
15 317
669 253
253 1312
253 633
