9 2254 160375901
5 1
1 4
4 8
8 3
3 2
2 6
6 7
7 9
1562 1731
1731 361
361 419
361 1771
419 508
419 1900
508 512
508 1319
512 1976
512 430
1976 1914
1976 266
1914 2206
1914 265
2206 912
912 887
912 712
887 1532
1532 1911
1911 210
1911 2060
210 273
210 1980
273 1596
273 973
1596 1538
1596 1250
1538 1688
1538 567
1688 179
1688 871
179 1851
179 156
1851 53
1851 2122
53 1249
53 261
1249 681
1249 155
681 1013
681 750
1013 76
1013 357
76 90
76 814
90 1748
90 707
1748 710
710 1009
1009 1899
1899 1556
1556 1453
1556 2032
1453 985
985 1328
985 1482
1328 1582
1328 875
1582 736
1582 1130
736 795
795 1535
795 388
1535 2026
2026 1158
2026 290
1158 1076
1158 282
1076 796
1076 81
796 1988
1988 2103
2103 1804
1804 269
1804 418
269 103
103 936
936 897
936 477
897 199
199 115
199 165
115 521
521 352
352 1534
352 2248
1534 1423
1423 1791
1791 754
754 1570
1570 2042
2042 1828
2042 1516
1828 1518
1828 1125
1518 730
1518 611
730 29
29 1690
29 363
1690 400
1690 785
400 1561
1561 1604
1561 1554
1604 1917
1917 358
358 905
358 411
905 1884
1884 899
1884 717
899 1119
1119 360
360 1979
360 1972
1979 385
385 1365
385 1417
1365 1825
1825 757
757 160
757 1611
160 1288
160 532
1288 2117
2117 1759
1759 649
649 1483
1483 1765
1765 12
1765 2217
12 1145
12 1436
1145 1209
1145 37
1209 1054
1054 315
1054 903
315 977
315 1649
977 1307
1307 770
1307 1919
770 1439
1439 415
415 1377
1377 1462
1377 141
1462 998
998 990
998 342
990 1715
990 1526
1715 926
1715 842
926 1679
1679 719
1679 498
719 1986
1986 86
86 72
72 809
809 85
809 1459
85 1124
85 291
1124 281
281 253
281 1344
253 546
546 488
546 1677
488 896
896 1467
1467 1488
1467 1924
1488 1391
1488 718
1391 1848
1848 761
1848 1051
761 904
904 1653
1653 1718
1653 968
1718 843
1718 1335
843 2242
2242 1681
1681 768
1681 1931
768 1217
1217 776
776 1300
1300 1959
1300 1197
1959 1619
1959 2078
1619 2254
2254 159
2254 1728
159 2025
159 2221
2025 1640
2025 1383
1640 94
1640 1634
94 1050
1050 1081
1081 270
1081 615
270 1162
1162 127
1162 1845
127 644
127 2101
644 1348
1348 1037
1348 96
1037 275
275 475
475 441
441 934
934 545
545 1364
545 2230
1364 1746
1364 2233
1746 574
1746 577
574 1351
574 554
1351 65
1351 1343
65 650
650 2169
650 1608
2169 351
2169 1961
351 392
392 1878
1878 1601
1601 1400
1400 1005
1005 1245
1005 83
1245 1134
1245 2038
1134 1232
1232 879
1232 1491
879 1902
1902 544
544 382
544 978
382 2231
382 2022
2231 1295
1295 2209
1295 652
2209 431
431 830
830 1485
1485 2155
2155 364
364 823
364 2061
823 852
823 922
852 841
852 322
841 201
201 1580
1580 1702
1580 494
1702 2194
2194 1875
1875 381
381 2108
2108 683
2108 1898
683 1150
1150 963
1150 2203
963 2083
2083 1775
2083 1144
1775 16
16 132
16 1603
132 1474
1474 517
1474 658
517 1420
517 193
1420 280
280 854
280 553
854 1306
854 383
1306 292
292 1380
292 467
1380 1053
1053 1014
1014 2048
1014 1198
2048 1176
2048 516
1176 180
180 181
180 826
181 1113
1113 729
729 2009
729 2223
2009 1285
2009 1206
1285 1963
1285 1952
1963 616
1963 112
616 659
659 1942
659 959
1942 145
145 679
145 1762
679 219
219 1358
1358 1555
1358 1829
1555 1033
1033 1136
1136 1196
1196 2136
1196 248
2136 312
312 309
309 1227
309 1985
1227 2200
1227 1480
2200 1550
1550 737
1550 1118
737 543
737 1226
543 866
866 1110
1110 964
1110 1149
964 642
642 559
642 1256
559 1673
1673 1588
1673 687
1588 937
937 340
937 1733
340 2113
340 2023
2113 2253
2113 605
2253 1960
2253 861
1960 888
888 242
888 1066
242 1154
1154 1001
1001 40
1001 892
40 461
461 204
204 402
204 1015
402 965
965 2030
2030 2137
2137 359
2137 1719
359 1244
359 2138
1244 962
962 296
962 808
296 451
451 702
451 665
702 756
702 1109
756 747
756 2091
747 1923
1923 1063
1063 1413
1413 997
997 101
997 1499
101 203
101 28
203 582
203 143
582 473
582 1481
473 1605
473 705
1605 612
612 1586
612 1324
1586 2065
2065 2084
2084 587
587 1700
1700 858
1700 868
858 2088
2088 1412
1412 14
14 1812
1812 139
1812 2220
139 2229
139 1659
2229 1336
1336 207
207 1933
207 645
1933 483
483 8
8 619
8 1342
619 240
240 69
69 956
956 945
945 802
945 837
802 485
485 2121
2121 929
929 522
522 1263
1263 1195
1263 1062
1195 2054
1195 2175
2054 1643
1643 1424
1643 848
1424 1184
1184 1427
1184 1823
1427 1776
1427 752
1776 617
1776 49
617 1120
617 1012
1120 1527
1527 2118
2118 2027
2027 1684
1684 57
57 669
57 2043
669 2165
2165 51
51 958
51 1032
958 213
213 1973
213 609
1973 491
1973 1435
491 952
491 138
952 2241
2241 2013
2013 1415
2013 889
1415 1863
1415 1105
1863 548
1863 1418
548 2093
2093 396
2093 186
396 1214
1214 220
1214 56
220 7
7 690
690 1323
1323 1274
1274 215
1274 1626
215 1388
215 1464
1388 1398
1398 1493
1493 1112
1112 1595
1595 1321
1321 975
1321 294
975 844
844 1996
1996 880
1996 1084
880 1810
1810 805
805 122
805 526
122 1854
122 1897
1854 1236
1854 1958
1236 1842
1236 301
1842 77
77 1165
1165 73
73 673
73 234
673 901
673 1998
901 350
901 919
350 118
350 1117
118 1672
1672 1943
1943 1971
1971 1736
1971 2058
1736 1362
1736 227
1362 1025
1025 689
1025 224
689 50
50 1095
1095 5
1095 397
5 1893
1893 256
1893 2157
256 2133
256 1170
2133 1692
1692 1381
1692 818
1381 1826
1826 183
183 208
208 711
208 487
711 2246
711 2014
2246 876
876 379
876 591
379 688
379 1833
688 638
688 1159
638 1922
638 1189
1922 1671
1671 1183
1671 996
1183 1394
1183 1574
1394 1318
1394 1135
1318 1314
1314 1778
1314 614
1778 628
1778 1813
628 1545
628 1822
1545 765
1545 1133
765 1951
1951 162
162 263
162 241
263 1803
1803 1637
1803 1121
1637 2252
2252 1106
2252 1939
1106 255
1106 1187
255 1568
255 2072
1568 235
1568 974
235 914
235 509
914 1471
914 630
1471 1593
1593 189
1593 297
189 1807
189 1290
1807 230
230 1041
230 1767
1041 585
1041 566
585 654
585 1137
654 1800
654 527
1800 1903
1903 2097
2097 2035
2097 48
2035 348
348 2039
348 1652
2039 258
258 91
91 1446
91 259
1446 1251
1251 2100
1251 2152
2100 321
2100 1382
321 1834
1834 839
1834 349
839 1441
839 2094
1441 1310
1441 2195
1310 1847
1310 1592
1847 1646
1847 856
1646 1585
1585 916
1585 2077
916 380
380 1551
1551 1514
1551 1918
1514 2238
2238 1363
2238 1027
1363 2153
1363 146
2153 2181
2153 353
2181 311
311 883
311 1359
883 1421
1421 949
1421 1468
949 1869
1869 2001
2001 1404
2001 99
1404 932
1404 2110
932 1031
1031 1708
1031 1243
1708 1546
1708 708
1546 9
9 774
9 355
774 2204
2204 391
391 2052
2052 1333
1333 1576
1576 1278
1576 1048
1278 972
972 1610
1610 1500
1610 403
1500 78
1500 279
78 184
184 1657
184 25
1657 777
1657 1678
777 288
777 810
288 320
288 1606
320 231
320 171
231 2150
231 105
2150 1663
1663 2055
2055 1127
2055 1540
1127 691
1127 246
691 1199
691 1693
1199 1505
1505 417
1505 284
417 2145
417 1530
2145 1932
2145 88
1932 1266
1266 416
416 1405
416 1182
1405 1449
1405 1039
1449 597
1449 1262
597 1240
597 1463
1240 910
1240 2124
910 994
994 600
994 1558
600 1941
1941 387
1941 1248
387 2184
2184 533
2184 1548
533 2147
2147 599
599 1080
599 1945
1080 18
1080 1373
18 780
780 1722
780 601
1722 1497
1722 372
1497 724
724 549
549 108
108 909
108 2215
909 2070
2070 2142
2142 728
728 407
407 457
407 1093
457 523
523 1007
1007 1921
1921 1207
1921 1627
1207 283
283 1171
1171 594
1171 706
594 1587
1587 1862
1862 2180
1862 581
2180 782
782 900
782 1539
900 1280
1280 2129
1280 933
2129 481
2129 366
481 365
365 158
158 1930
1930 1282
1930 1049
1282 1753
1753 1466
1753 682
1466 1029
1029 398
398 169
169 685
685 368
368 299
368 993
299 2082
2082 1874
2082 1954
1874 2090
1874 238
2090 1116
2090 1221
1116 95
1116 1794
95 1143
1143 641
641 1925
1925 1160
1160 1720
1160 831
1720 1387
1720 60
1387 2225
1387 915
2225 442
2225 980
442 1905
442 1887
1905 1374
1374 800
800 393
393 1744
393 686
1744 704
1744 1755
704 1332
1332 716
716 1018
716 1271
1018 580
580 404
404 2171
404 2174
2171 459
459 447
459 1510
447 1210
447 1955
1210 733
1210 2213
733 613
613 1203
1203 1293
1293 1809
1293 2019
1809 2064
2064 102
102 272
102 1785
272 1026
1026 2199
1026 1019
2199 662
662 344
344 1682
344 631
1682 1367
1367 853
1367 1252
853 1073
1073 495
495 715
495 1737
715 1835
1835 1192
1835 1974
1192 1602
1192 2069
1602 406
406 2003
2003 692
692 87
87 354
87 1045
354 2192
354 1291
2192 216
216 375
375 995
995 267
995 986
267 1982
1982 627
1982 745
627 588
627 1426
588 762
588 1146
762 1122
762 877
1122 661
1122 821
661 11
11 1326
11 61
1326 2219
1326 2250
2219 1714
2219 1564
1714 529
529 1065
529 1799
1065 656
1065 2036
656 501
656 2183
501 271
271 596
271 674
596 624
596 1729
624 1860
1860 1665
1665 1305
1665 455
1305 17
17 1166
17 2139
1166 989
989 1126
989 182
1126 1717
1717 725
725 480
725 824
480 226
480 746
226 1792
226 167
1792 1390
1792 1553
1390 1964
1964 1035
1035 243
243 1233
1233 2245
2245 142
2245 1927
142 390
390 310
310 1302
1302 2144
1302 1913
2144 1635
1635 1155
1155 744
744 1284
744 1147
1284 133
133 1989
1989 2244
1989 421
2244 1043
2244 2167
1043 34
1043 1668
34 1802
34 2096
1802 211
1802 2079
211 2166
211 453
2166 1699
2166 2111
1699 2172
2172 1970
2172 149
1970 518
1970 953
518 150
518 1674
150 1011
150 1707
1011 1761
1011 1543
1761 1907
1761 1710
1907 2008
1907 969
2008 1895
1895 19
1895 1229
19 607
607 822
822 1969
822 458
1969 1297
1969 1205
1297 1456
1297 500
1456 233
233 1484
233 333
1484 1544
1484 966
1544 955
955 1239
955 462
1239 2092
1239 221
2092 2053
2053 339
339 1613
339 1787
1613 1565
1613 1816
1565 786
786 58
58 1667
1667 1751
1751 47
1751 454
47 1259
47 798
1259 323
1259 195
323 506
323 62
506 432
506 1433
432 1857
1857 71
71 1661
71 1478
1661 816
1661 2012
816 1068
816 1629
1068 2251
1068 328
2251 26
26 1213
26 1223
1213 1658
1658 422
422 979
979 331
331 1270
331 1091
1270 1366
1270 1644
1366 1450
1450 137
1450 1745
137 39
137 647
39 846
846 497
846 2151
497 755
755 2107
2107 1796
1796 2173
2173 305
305 1780
1780 436
436 540
540 2041
2041 2163
2041 1709
2163 1460
2163 124
1460 295
295 1287
295 2106
1287 575
575 1476
1476 82
1476 2011
82 1638
82 1178
1638 2187
2187 743
2187 811
743 1950
1950 1216
1950 1097
1216 313
313 646
313 84
646 1876
1876 1712
1712 43
43 1949
1949 1788
1949 2075
1788 742
1788 918
742 1047
742 793
1047 709
1047 1609
709 666
666 1797
666 618
1797 2130
2130 1871
1871 1616
1871 699
1616 200
1616 1092
200 967
967 635
635 1355
635 801
1355 1414
1355 938
1414 1575
1575 1683
1575 1330
1683 1594
1594 209
1594 1234
209 1346
209 2202
1346 1832
1832 1837
1837 1327
1327 1230
1230 555
555 148
148 794
794 1642
794 970
1642 1689
1689 558
1689 1721
558 2149
558 1542
2149 362
2149 1151
362 1909
1909 130
130 1819
130 792
1819 697
1819 1231
697 1843
1843 604
1843 621
604 1581
604 908
1581 27
27 672
27 1099
672 1747
1747 31
31 1078
31 1573
1078 74
1078 1193
74 984
74 1615
984 1622
1622 1341
1341 1727
1341 490
1727 1311
1727 445
1311 1103
1103 1967
1967 1687
1687 1175
1687 948
1175 1872
1872 1139
1139 738
1139 225
738 264
738 806
264 168
264 479
168 1399
1399 947
1399 425
947 515
515 626
626 1495
1495 514
1495 443
514 643
643 1648
1648 377
377 1298
1298 499
1298 435
499 4
4 190
4 468
190 257
257 920
920 872
920 860
872 1633
1633 113
1633 2210
113 1023
1023 117
117 2034
2034 799
799 6
799 1238
6 677
677 1904
677 735
1904 563
563 2047
2047 2235
2235 21
21 819
819 1849
819 166
1849 1411
1849 1316
1411 772
772 1840
1840 2214
2214 1457
1457 1301
1301 1777
1301 2224
1777 345
1777 1572
345 1379
345 845
1379 1946
1379 1639
1946 1458
1458 274
1458 1222
274 152
274 464
152 1912
1912 2080
2080 413
2080 15
413 1371
1371 1750
1750 433
433 1743
1743 1569
1569 107
1569 720
107 1440
107 1766
1440 657
657 530
657 2050
530 2208
2208 356
2208 1235
356 913
913 177
913 1479
177 1790
1790 289
289 817
289 131
817 470
470 114
470 1410
114 1074
1074 1264
1264 1385
1385 324
1385 1454
324 334
324 472
334 1866
1866 496
1866 1267
496 721
721 370
721 2218
370 1429
1429 1756
1756 1451
1756 797
1451 2024
2024 552
552 308
552 668
308 1541
308 2095
1541 1934
1934 2021
2021 870
870 2237
2237 369
369 664
664 1
664 1179
1 507
1 2159
507 564
507 1072
564 1888
564 828
1888 502
502 867
867 1956
1956 1760
1760 1406
1406 788
788 1502
1502 194
1502 1283
194 1855
194 486
1855 1528
1528 992
1528 329
992 1997
1997 1701
1997 513
1701 119
119 671
119 2031
671 1865
671 172
1865 1824
1865 1937
1824 906
906 983
906 700
983 2074
983 1999
2074 249
2074 1085
249 2015
249 625
2015 1920
1920 437
1920 106
437 1820
1820 1889
1889 1157
1157 151
1157 2020
151 1503
151 525
1503 35
35 1058
1058 1650
1650 1347
1650 2051
1347 1725
1347 1928
1725 1882
1882 317
317 504
317 33
504 670
670 1936
670 1916
1936 739
739 45
739 110
45 1984
1984 1044
1984 573
1044 1711
1711 1022
1022 427
427 1408
427 384
1408 603
603 1509
1509 1670
1670 1772
1772 632
632 2125
2125 2016
2125 921
2016 1016
2016 1795
1016 943
943 893
943 1268
893 1378
893 2240
1378 1067
1378 66
1067 1059
1059 1275
1275 2104
2104 2109
2104 960
2109 1817
1817 260
1817 42
260 832
832 2126
832 1152
2126 1983
1983 923
923 1651
1651 1455
1651 535
1455 2177
2177 448
448 2162
448 636
2162 520
2162 930
520 2132
520 1584
2132 1296
2132 1325
1296 1713
1713 576
576 1691
576 420
1691 1123
1691 1211
1123 1339
1123 1225
1339 134
134 1088
1088 23
1088 637
23 2193
23 327
2193 1858
2193 562
1858 46
46 401
46 1416
401 1389
401 1212
1389 950
950 1782
950 589
1782 492
492 723
723 1770
1770 1329
1329 829
1329 2141
829 1560
829 629
1560 1589
1560 1168
1589 561
1589 463
561 1981
561 1194
1981 1957
1981 1098
1957 54
54 1492
54 1566
1492 2234
2234 767
767 22
22 787
22 1666
787 1024
787 2143
1024 760
760 2232
760 176
2232 1190
1190 2216
1190 2123
2216 890
890 538
890 1754
538 1525
1525 722
722 1740
722 214
1740 250
250 957
250 836
957 1656
957 314
1656 1204
1204 1868
1868 319
1868 1571
319 663
319 510
663 680
663 30
680 771
771 1806
1806 175
1806 813
175 2161
2161 695
2161 1128
695 2116
2116 336
2116 2247
336 386
386 1607
1607 1669
1607 1286
1669 2046
1669 1472
2046 579
579 1447
579 1953
1447 590
590 374
374 302
374 1257
302 1077
302 891
1077 1623
1623 1167
1167 1489
1167 120
1489 898
898 55
898 1617
55 1002
55 1169
1002 1801
1002 408
1801 1814
1801 129
1814 1908
1908 536
536 434
536 1331
434 2040
2040 778
2040 1975
778 935
778 2170
935 1304
935 1781
1304 482
1304 2099
482 1591
482 2007
1591 864
864 1322
864 2154
1322 239
239 1369
1369 1173
1369 2156
1173 571
571 1769
1769 1079
1079 161
161 1242
1242 188
1242 859
188 1618
188 1038
1618 1706
1706 2017
2017 247
247 1487
247 1164
1487 1732
1732 140
1732 1289
140 991
991 749
991 878
749 2002
749 753
2002 1075
1075 1030
1030 1445
1445 759
759 206
759 471
206 1929
1929 395
395 1598
395 713
1598 1944
1944 304
304 675
675 1224
675 1071
1224 847
1224 1260
847 1434
847 1730
1434 346
1434 1675
346 1841
1841 694
1841 840
694 1368
1368 128
128 653
653 1428
1428 1345
1428 2127
1345 285
285 660
285 1696
660 1357
660 1494
1357 1320
1357 1940
1320 1036
1320 59
1036 925
925 1704
1704 886
1704 1089
886 394
886 36
394 1873
394 1186
1873 1852
1873 1000
1852 1246
1852 163
1246 1552
1552 1006
1006 1419
1419 2067
2067 1774
1774 1926
1774 1966
1926 1086
1086 1443
1086 902
1443 1741
1443 2062
1741 144
1741 1303
144 1563
144 440
1563 1315
1315 791
1315 439
791 1375
791 1273
1375 10
10 1395
10 524
1395 2236
1395 783
2236 1739
1739 409
409 1087
409 414
1087 2120
1087 528
2120 1894
1894 550
1894 1396
550 1821
550 1340
1821 940
940 100
100 2081
2081 1536
1536 1836
1836 1529
1836 2073
1529 1805
1805 1138
1805 731
1138 2212
2212 640
640 1962
1962 1114
1962 539
1114 466
1114 1352
466 1448
1448 667
1448 2160
667 474
667 807
474 444
474 1376
444 1215
444 1338
1215 278
1215 623
278 1228
1228 857
1228 38
857 849
857 1272
849 1890
1890 236
236 1915
236 1676
1915 583
583 1636
583 196
1636 424
1636 2198
424 803
424 976
803 1705
1705 1452
1452 1758
1452 1496
1758 1547
1547 820
820 584
584 450
584 578
450 2201
2201 565
2201 1515
565 779
565 1034
779 1625
1625 1524
1524 2028
2028 237
2028 1292
237 154
237 1511
154 2211
2211 1808
2211 764
1808 951
951 2105
951 775
2105 1655
1655 1830
1655 1859
1830 1698
1698 192
192 1370
1370 24
24 232
24 598
232 1360
232 2086
1360 505
1360 1397
505 135
135 2049
2049 911
2049 1512
911 1021
1021 655
655 347
347 741
741 32
32 1507
1507 1108
1108 2168
1108 1521
2168 1442
2168 484
1442 696
696 1614
1614 1055
1055 2228
1055 1567
2228 405
405 608
405 493
608 287
608 1579
287 547
547 2205
547 70
2205 2098
2205 542
2098 1028
2098 1784
1028 1815
1815 2066
1815 726
2066 335
2066 1393
335 1191
335 373
1191 1312
1191 456
1312 592
592 1968
592 2029
1968 606
1968 939
606 1891
606 478
1891 1308
1308 1261
1308 2087
1261 1174
1261 1003
1174 895
1174 2239
895 1680
895 1501
1680 1537
1537 1599
1599 1768
1768 1831
1768 1783
1831 758
1831 2057
758 2114
2114 1281
1281 987
987 228
987 1630
228 2179
2179 763
763 277
277 341
277 648
341 1773
341 1069
1773 1995
1995 1247
1995 2186
1247 262
1247 873
262 1061
1061 412
412 1350
412 307
1350 1042
1350 2044
1042 109
1042 254
109 551
109 1879
551 748
748 633
748 1992
633 1716
633 2189
1716 1977
1716 698
1977 714
714 620
714 1177
620 423
620 2089
423 268
423 428
268 1506
1506 1299
1299 1531
1299 1409
1531 701
701 1101
701 1697
1101 170
170 2190
170 2000
2190 332
2190 298
332 1017
332 1201
1017 2178
2178 732
2178 1896
732 1444
732 1624
1444 212
1444 460
212 2196
2196 1991
1991 503
1991 1056
503 79
503 1163
79 2134
2134 981
2134 223
981 537
537 217
217 1354
1354 570
1354 452
570 371
371 1265
371 153
1265 1337
1265 2005
1337 1486
1337 865
1486 2185
1486 928
2185 1757
2185 676
1757 68
68 1738
1738 622
622 1403
622 1597
1403 568
1403 89
568 2059
2059 244
244 438
244 52
438 1465
1465 1353
1465 116
1353 881
1353 2146
881 941
881 2222
941 2071
941 1734
2071 838
838 2135
838 1407
2135 1600
1600 1798
1798 185
185 927
927 1438
1438 1685
1438 1867
1685 300
1685 2063
300 1723
1723 1020
1723 1901
1020 1645
1020 1726
1645 2068
2068 556
556 318
318 2004
318 1694
2004 602
602 1131
602 1621
1131 835
835 1115
1115 2006
2006 1349
1349 1241
1241 511
1241 572
511 1695
1695 326
326 678
678 1583
1583 1384
1384 789
1384 338
789 531
531 850
531 907
850 684
850 1276
684 766
766 399
766 2037
399 1361
399 2176
1361 123
123 1864
123 961
1864 2018
2018 429
429 1628
429 1686
1628 1040
1628 1100
1040 1839
1040 1490
1839 2112
2112 303
303 1517
303 727
1517 1082
1082 1520
1520 41
41 862
862 197
862 1724
197 1513
1513 1470
1470 1883
1470 1577
1883 1647
1883 1432
1647 942
942 1046
1046 426
1046 245
426 1469
426 1096
1469 639
639 202
202 1140
1140 855
1140 1763
855 1906
1906 1200
1906 944
1200 1910
1200 1994
1910 851
1910 147
851 1181
851 1793
1181 1886
1886 946
1886 111
946 773
773 174
174 2076
2076 92
2076 1742
92 1279
92 1148
1279 97
97 1892
97 1219
1892 1557
1557 306
306 1631
1631 489
489 651
651 389
651 2045
389 804
389 2
804 1885
1885 1220
1220 1620
1220 191
1620 121
1620 1559
121 595
121 557
595 1877
1877 378
1877 2102
378 1277
1277 1870
1277 1218
1870 703
1870 1064
703 1632
1632 1356
1356 1188
1356 1827
1188 1533
1188 1660
1533 330
1533 316
330 2197
330 446
2197 2119
2119 1504
2119 2128
1504 1522
1504 2010
1522 833
833 1987
833 1052
1987 64
64 1142
64 1060
1142 954
954 1104
1104 1844
1844 1978
1844 1237
1978 1253
1978 988
1253 1258
1258 1641
1641 252
1641 1861
252 1498
1498 337
1498 1431
337 1254
1254 1947
1947 971
971 2164
971 465
2164 1965
1965 157
157 367
157 1401
367 20
20 44
20 999
44 1317
44 1153
1317 1425
1317 863
1425 634
1425 1846
634 815
815 1461
1461 1735
1735 126
1735 1057
126 1372
126 560
1372 2140
1372 2158
2140 1764
2140 410
1764 1786
1764 1853
1786 1141
1786 1935
1141 164
164 1818
164 982
1818 293
1818 2227
293 1856
1856 1938
1938 1156
1938 1752
1156 1578
1578 198
198 1161
1161 1313
1313 1437
1313 834
1437 1309
1437 173
1309 104
1309 178
104 781
781 218
218 3
3 1508
3 541
1508 2226
1508 63
2226 1523
2226 874
1523 1612
1612 586
586 734
734 1132
1132 740
1132 769
740 2085
2085 885
885 1185
885 2033
1185 610
1185 1430
610 1838
610 1129
1838 1107
1107 1208
1208 2249
2249 2182
2249 1402
2182 1111
1111 1881
1881 1255
1881 1590
1255 98
1255 593
98 1386
98 187
1386 1664
1386 1180
1664 276
276 1083
1083 1789
1789 1010
1010 1422
1422 1703
1703 1654
1703 343
1654 476
1654 1094
476 286
476 917
286 1008
1008 2188
2188 882
882 1294
882 376
1294 125
125 825
125 827
825 67
825 1334
67 894
894 325
894 1477
325 1090
1090 1990
1090 2243
1990 1070
1990 1549
1070 1811
1070 75
1811 1779
1811 2191
1779 449
449 519
519 469
519 1473
469 693
693 1172
693 2115
1172 136
136 1948
1948 1004
1948 812
1004 1102
1102 790
1102 569
790 2131
2131 1880
1880 222
222 1749
1749 884
884 205
884 924
205 1475
205 1662
1475 1392
1475 2056
1392 751
1392 534
751 1850
1850 251
251 2207
251 1993
2207 1202
1202 13
1202 784
13 2148
13 80
2148 229
229 1269
229 93
1269 1519
1269 869
1519 931
