11 250 1216264
7 9
7 1
9 6
9 2
6 4
4 10
10 3
3 11
3 5
11 8
34 43
43 12
12 107
12 75
107 55
107 10
55 198
198 208
198 125
208 218
208 54
218 86
86 160
86 76
160 36
160 159
36 154
154 31
154 77
31 102
31 88
102 40
40 148
40 155
148 15
148 105
15 130
15 97
130 46
130 176
46 232
232 5
232 103
5 9
9 120
120 187
187 157
187 35
157 6
6 203
6 83
203 48
48 191
191 110
191 64
110 140
110 3
140 217
217 189
217 121
189 123
189 164
123 17
17 24
17 95
24 168
168 186
186 212
212 8
8 39
8 90
39 197
197 172
172 190
190 230
230 14
230 242
14 204
204 158
204 70
158 62
62 96
96 167
167 53
53 196
53 49
196 211
196 147
211 19
19 23
19 98
23 2
2 171
171 247
247 161
161 137
137 169
137 224
169 146
146 68
68 131
68 243
131 166
166 183
183 92
92 136
136 152
152 213
152 238
213 82
213 84
82 236
82 135
236 244
244 47
47 57
57 7
7 178
7 117
178 115
115 91
115 201
91 78
78 33
78 151
33 99
33 114
99 59
99 67
59 66
59 182
66 109
109 200
109 185
200 122
200 26
122 241
241 228
228 101
101 129
129 139
139 81
81 145
145 227
227 79
79 235
79 246
235 248
248 188
188 207
207 210
207 150
210 87
210 80
87 72
72 134
134 56
134 225
56 215
215 149
215 173
149 209
149 111
209 18
18 73
18 229
73 163
73 22
163 61
61 156
61 71
156 38
156 25
38 13
13 195
13 240
195 202
195 52
202 231
202 106
231 237
231 221
237 245
245 162
245 234
162 16
162 138
16 94
16 184
94 181
181 119
181 116
119 44
44 63
44 205
63 124
124 85
124 28
85 133
133 239
133 27
239 29
239 226
29 104
29 175
104 11
104 249
11 58
58 177
177 220
177 170
220 142
142 127
127 21
127 41
21 45
45 223
45 179
223 126
223 144
126 20
20 69
20 132
69 89
89 74
89 60
74 128
74 165
128 222
128 206
222 112
112 100
100 199
100 51
199 214
199 143
214 250
214 233
250 118
250 1
118 32
118 113
32 30
32 192
30 141
141 180
180 65
180 93
65 153
65 216
153 4
153 50
4 194
4 219
194 42
194 193
42 108
108 37
108 174
