18 924 7618
7 11
11 10
10 3
10 12
3 13
3 4
13 14
14 1
1 15
1 6
15 5
5 9
5 17
9 18
9 16
18 8
8 2
562 635
562 468
635 31
31 308
308 915
915 228
915 342
228 685
685 127
127 242
242 25
25 275
25 655
275 79
79 123
123 216
123 44
216 531
531 714
531 686
714 405
405 765
405 454
765 472
765 905
472 386
386 858
386 320
858 693
693 256
256 196
196 119
196 366
119 397
397 346
346 284
346 572
284 377
377 588
377 97
588 420
420 351
351 584
351 444
584 68
68 339
68 797
339 185
339 265
185 557
185 609
557 21
21 856
856 719
719 490
490 378
490 461
378 832
832 633
832 190
633 673
673 22
673 857
22 539
22 239
539 425
539 890
425 642
642 622
642 9
622 117
117 840
840 615
615 382
615 412
382 184
382 600
184 423
184 842
423 515
423 26
515 834
834 653
653 815
653 687
815 157
157 90
157 697
90 135
90 547
135 636
636 626
636 813
626 164
164 224
164 669
224 761
761 195
761 189
195 241
195 23
241 593
241 181
593 37
593 321
37 24
37 870
24 424
424 36
424 84
36 741
741 186
186 695
186 370
695 77
695 525
77 674
674 825
825 762
825 60
762 601
601 793
601 64
793 245
793 504
245 400
400 290
290 694
694 291
694 785
291 885
885 667
667 214
214 221
221 464
221 907
464 576
576 578
578 508
508 327
508 665
327 727
327 87
727 533
727 440
533 861
533 260
861 417
861 128
417 280
417 500
280 409
280 507
409 519
409 415
519 246
519 758
246 470
246 111
470 535
470 450
535 266
266 852
852 237
852 78
237 94
237 542
94 848
848 682
682 142
142 917
917 273
917 234
273 201
201 860
201 240
860 643
860 495
643 193
193 179
179 766
179 823
766 247
247 568
568 506
568 730
506 161
506 514
161 889
889 375
889 786
375 166
375 798
166 278
278 684
278 336
684 772
684 570
772 460
772 249
460 124
124 491
124 328
491 877
491 551
877 728
877 129
728 361
361 133
133 894
133 435
894 71
894 574
71 830
830 209
209 255
255 392
392 225
225 217
225 590
217 407
407 644
644 165
644 493
165 640
165 893
640 666
640 887
666 416
666 307
416 57
57 876
876 150
876 746
150 383
150 760
383 379
379 258
379 293
258 668
258 843
668 39
39 489
39 478
489 70
489 233
70 846
70 795
846 481
846 560
481 897
897 223
897 583
223 898
898 401
401 810
810 28
810 630
28 904
28 867
904 59
59 333
333 448
333 254
448 614
614 215
215 910
215 541
910 534
910 277
534 598
534 232
598 168
598 268
168 718
718 530
718 475
530 429
530 799
429 107
107 414
414 426
414 817
426 725
725 627
627 368
368 65
65 271
271 631
271 318
631 676
676 548
548 162
548 96
162 143
143 703
703 864
864 109
109 641
641 458
641 754
458 208
458 902
208 513
513 696
513 8
696 441
441 516
516 836
836 120
120 348
348 388
388 482
388 364
482 503
503 789
789 274
789 819
274 35
35 901
35 538
901 173
901 558
173 288
173 95
288 158
158 4
158 301
4 809
809 206
809 863
206 421
206 144
421 724
724 354
724 922
354 778
354 770
778 888
888 577
888 34
577 794
577 680
794 16
794 908
16 661
16 62
661 899
899 780
780 236
236 264
264 220
220 629
629 918
629 782
918 380
380 456
456 617
617 408
617 543
408 837
837 69
69 304
304 550
550 6
550 419
6 292
6 753
292 86
86 713
86 657
713 554
554 248
248 736
248 597
736 243
243 585
243 203
585 880
585 521
880 311
880 623
311 27
27 808
27 632
808 699
699 384
699 200
384 399
399 29
29 731
29 101
731 502
502 616
616 564
616 313
564 749
749 270
270 139
270 404
139 677
139 410
677 115
677 647
115 298
115 800
298 257
298 299
257 10
257 705
10 294
294 818
294 169
818 102
102 7
7 710
7 611
710 483
710 305
483 51
483 136
51 796
51 244
796 896
796 620
896 100
896 556
100 174
174 594
174 180
594 900
900 252
252 851
252 359
851 768
851 916
768 398
398 717
398 755
717 447
717 874
447 269
269 462
269 14
462 262
462 853
262 103
262 282
103 3
103 476
3 163
163 566
163 317
566 52
566 924
52 30
30 787
30 824
787 389
787 592
389 522
522 790
790 455
455 194
194 433
194 536
433 664
433 279
664 803
664 80
803 702
702 66
66 805
805 469
805 571
469 434
469 689
434 774
434 112
774 751
751 911
751 913
911 459
459 125
125 276
276 841
841 385
841 349
385 923
385 628
923 20
923 607
20 919
919 544
544 19
544 621
19 748
19 2
748 735
735 261
735 671
261 767
767 132
132 296
132 110
296 520
520 219
219 679
219 75
679 32
32 134
32 431
134 92
92 467
467 546
467 512
546 365
546 826
365 553
365 449
553 238
238 775
238 131
775 192
192 363
192 625
363 849
849 422
422 895
895 340
895 411
340 879
879 41
41 734
41 690
734 715
734 811
715 116
116 443
443 113
443 171
113 586
113 839
586 54
586 638
54 309
309 777
777 394
777 306
394 752
752 331
752 581
331 681
331 742
681 892
681 606
892 648
648 792
648 891
792 146
146 432
146 494
432 565
565 871
565 920
871 555
871 453
555 381
381 357
357 428
357 712
428 183
183 747
747 619
619 15
619 654
15 177
15 281
177 651
177 484
651 406
651 549
406 618
406 130
618 324
618 312
324 859
324 479
859 13
859 909
13 367
13 845
367 612
367 624
612 230
230 93
230 906
93 272
272 314
272 437
314 738
314 492
738 488
488 390
390 779
779 53
779 286
53 118
118 403
403 473
403 656
473 358
358 567
358 172
567 868
567 835
868 561
561 517
517 486
486 603
486 579
603 485
485 38
485 33
38 844
38 137
844 886
886 374
886 187
374 222
222 122
122 559
122 287
559 670
559 323
670 652
652 99
99 149
99 154
149 750
750 532
750 182
532 76
76 471
76 602
471 610
610 210
210 497
210 40
497 114
114 17
114 757
17 159
17 156
159 773
159 231
773 11
11 706
706 865
865 295
865 413
295 573
295 582
573 212
573 528
212 828
212 850
828 723
828 701
723 523
523 660
523 692
660 402
402 769
769 771
769 872
771 524
771 499
524 806
806 634
634 688
634 85
688 912
912 882
882 883
883 739
739 596
739 145
596 352
352 141
141 267
267 498
267 847
498 229
229 126
126 721
721 387
387 445
445 138
445 104
138 829
138 613
829 527
527 362
527 153
362 47
47 427
427 776
427 439
776 263
263 12
263 457
12 341
341 343
343 540
540 604
604 205
604 105
205 300
300 283
283 436
436 155
155 45
45 140
45 393
140 833
140 42
833 649
649 319
319 509
509 49
509 659
49 820
820 151
820 334
151 74
151 316
74 683
683 83
683 58
83 645
83 148
645 637
637 812
812 218
218 591
218 709
591 396
591 55
396 745
396 658
745 914
914 369
369 698
369 733
698 501
501 763
763 700
763 759
700 855
855 315
855 18
315 608
608 199
608 178
199 587
587 360
360 903
903 663
663 646
646 289
289 465
289 371
465 526
526 335
335 466
335 303
466 729
729 73
73 605
73 838
605 251
605 704
251 764
251 866
764 202
764 322
202 511
202 106
511 89
89 325
325 873
873 781
781 756
756 1
756 326
1 678
1 518
678 822
822 537
822 88
537 801
801 662
662 716
662 711
716 198
198 740
740 881
881 804
804 46
804 108
46 707
707 81
81 675
675 121
121 599
121 595
599 477
599 91
477 788
788 430
788 708
430 480
430 921
480 569
480 563
569 5
5 98
98 61
61 784
61 744
784 345
784 43
345 474
345 227
474 338
474 353
338 496
496 814
814 56
814 213
56 259
259 347
259 48
347 869
347 862
869 783
869 175
783 235
783 720
235 285
285 505
285 827
505 373
373 191
373 167
191 82
191 737
82 302
82 344
302 355
355 356
356 650
650 329
650 487
329 160
329 726
160 442
442 376
376 878
878 391
391 147
391 816
147 463
147 188
463 67
463 438
67 395
395 152
395 372
152 50
152 170
50 854
854 310
310 330
330 253
330 545
253 72
72 884
72 63
884 743
743 350
350 197
197 250
250 575
250 226
575 297
297 791
297 452
791 529
529 691
691 207
691 821
207 672
207 639
672 337
337 332
332 802
802 732
732 807
732 722
807 451
451 875
875 580
580 211
580 589
211 510
211 831
510 446
446 552
446 418
552 204
552 176
