7 865 23511
3 2
3 7
2 1
1 4
4 6
4 5
604 533
604 6
533 244
533 380
244 218
244 800
218 801
801 559
801 506
559 57
57 197
57 423
197 725
725 772
725 452
772 754
772 398
754 521
521 580
521 431
580 657
657 340
340 806
340 374
806 419
419 312
419 217
312 70
70 395
70 309
395 133
133 740
740 688
688 39
39 544
544 640
544 130
640 834
834 366
366 792
366 285
792 247
792 692
247 230
247 809
230 622
230 621
622 608
622 241
608 601
608 364
601 21
21 819
819 407
819 511
407 381
381 571
381 761
571 702
571 636
702 53
702 586
53 228
53 564
228 144
228 344
144 497
497 556
556 161
161 439
161 126
439 277
277 279
279 747
747 560
747 768
560 480
480 793
793 323
793 537
323 540
540 418
418 416
418 795
416 684
416 265
684 569
684 239
569 382
382 181
181 555
181 594
555 664
555 837
664 24
664 294
24 88
24 531
88 32
88 645
32 482
482 28
28 268
28 593
268 420
420 573
573 483
573 148
483 69
69 238
69 689
238 402
402 486
486 696
486 297
696 37
696 95
37 220
220 61
220 264
61 118
118 700
700 415
700 858
415 745
415 301
745 430
745 179
430 665
665 183
183 437
437 468
468 221
221 215
215 408
215 721
408 785
785 413
413 813
813 796
813 838
796 459
796 140
459 121
459 235
121 650
650 175
650 816
175 566
566 178
566 274
178 226
178 683
226 252
226 84
252 433
252 672
433 614
614 669
669 305
305 127
305 306
127 401
127 139
401 392
401 656
392 817
817 351
351 278
278 372
372 585
585 46
585 773
46 426
426 804
804 756
756 293
756 698
293 840
293 438
840 803
803 80
80 823
823 691
823 347
691 485
691 63
485 697
697 864
864 307
864 775
307 54
54 842
54 98
842 320
842 91
320 538
320 117
538 856
856 473
473 346
346 79
79 250
79 163
250 114
250 849
114 539
539 461
539 552
461 623
461 104
623 484
484 752
752 739
752 203
739 464
464 331
464 790
331 534
331 27
534 377
534 193
377 758
758 131
758 219
131 603
131 270
603 720
720 359
720 259
359 389
389 73
389 504
73 475
475 787
475 776
787 267
267 508
267 444
508 865
865 251
865 379
251 610
610 190
610 322
190 811
190 690
811 59
59 663
663 414
663 488
414 846
414 457
846 67
67 542
542 549
542 653
549 530
549 160
530 229
229 633
633 319
319 647
647 171
171 188
188 448
448 90
448 74
90 751
90 310
751 731
751 581
731 5
731 626
5 102
102 660
102 666
660 449
660 273
449 501
501 186
501 212
186 518
186 1
518 675
518 680
675 25
25 847
847 165
165 615
165 436
615 81
615 315
81 503
81 87
503 662
662 820
662 529
820 655
820 429
655 159
655 443
159 707
707 17
17 737
17 536
737 523
737 532
523 243
523 535
243 233
233 547
547 253
253 694
253 668
694 517
517 545
545 826
826 167
826 328
167 164
164 134
164 280
134 822
134 597
822 82
82 606
82 456
606 519
606 136
519 701
701 332
332 743
743 550
743 472
550 749
550 425
749 500
500 194
500 258
194 373
194 8
373 225
373 399
225 490
225 638
490 765
765 410
765 93
410 852
410 35
852 729
852 122
729 92
92 779
92 56
779 613
779 324
613 850
613 641
850 173
850 216
173 708
173 670
708 62
62 471
62 191
471 802
471 476
802 859
802 617
859 526
526 266
266 644
266 405
644 525
644 798
525 492
525 15
492 677
677 96
96 33
96 771
33 350
350 55
55 231
55 26
231 467
467 45
45 514
514 432
432 76
76 699
76 733
699 201
699 634
201 111
111 249
249 108
249 625
108 589
108 113
589 777
589 481
777 495
495 454
454 746
746 339
339 109
339 611
109 757
109 147
757 487
487 791
487 516
791 182
791 276
182 505
182 397
505 354
354 204
204 763
204 851
763 50
50 427
427 616
616 860
860 821
821 718
821 827
718 206
718 596
206 314
314 862
314 498
862 470
470 283
470 735
283 11
11 527
11 818
527 728
527 60
728 313
313 434
434 349
434 103
349 404
404 557
404 598
557 673
557 713
673 845
845 64
845 428
64 784
784 370
784 150
370 676
676 378
676 799
378 47
47 825
825 89
825 157
89 290
290 286
290 326
286 237
286 435
237 679
679 284
679 383
284 224
284 609
224 43
224 281
43 605
43 493
605 256
605 620
256 687
687 85
687 232
85 652
652 168
168 674
168 726
674 333
333 292
292 815
292 166
815 742
815 356
742 769
769 759
769 72
759 125
125 101
101 334
334 592
592 120
592 245
120 107
120 129
107 578
107 828
578 393
393 794
794 14
794 440
14 602
14 520
602 767
767 465
465 329
329 576
576 770
770 321
770 207
321 836
836 797
797 778
778 22
778 358
22 489
489 441
441 568
568 71
71 31
31 857
31 648
857 599
857 141
599 753
599 575
753 371
753 248
371 330
330 177
177 582
177 257
582 154
154 119
119 577
119 724
577 352
352 10
10 513
10 199
513 450
513 363
450 710
710 30
710 145
30 659
659 723
659 572
723 105
105 738
738 400
400 755
755 478
755 222
478 260
478 403
260 146
260 200
146 7
7 138
138 588
138 128
588 302
302 658
302 810
658 833
658 835
833 805
805 240
240 100
240 4
100 209
209 211
209 317
211 808
211 774
808 574
574 558
558 269
558 75
269 844
269 831
844 116
844 68
116 681
116 861
681 693
693 424
424 417
417 750
750 198
750 124
198 494
494 137
494 584
137 812
137 406
812 20
812 34
20 782
20 706
782 12
12 512
12 348
512 411
512 299
411 474
411 205
474 469
474 48
469 275
469 639
275 832
832 642
642 174
642 185
174 18
174 546
18 600
18 628
600 338
600 38
338 208
208 853
208 764
853 732
853 2
732 565
732 246
565 780
780 99
780 296
99 180
99 654
180 590
180 715
590 646
590 460
646 451
451 49
451 855
49 236
236 551
551 863
551 704
863 570
863 734
570 112
570 282
112 343
112 678
343 396
343 781
396 3
396 153
3 162
3 311
162 355
355 595
355 685
595 643
595 455
643 365
643 353
365 421
365 65
421 839
421 23
839 342
839 52
342 149
149 376
376 155
155 848
848 287
848 543
287 255
287 213
255 554
554 477
554 637
477 304
477 627
304 300
304 9
300 391
300 854
391 29
29 106
29 422
106 502
502 66
66 703
703 261
261 263
263 789
789 387
789 44
387 151
387 184
151 714
714 19
714 760
19 567
567 289
567 496
289 394
394 316
316 271
316 227
271 783
783 13
783 682
13 591
591 272
591 384
272 196
272 16
196 632
632 40
632 829
40 390
40 192
390 612
612 385
385 716
385 524
716 709
709 158
158 744
158 841
744 367
744 462
367 522
522 635
635 42
635 686
42 58
42 176
58 629
58 719
629 528
629 325
528 583
583 288
288 412
288 337
412 442
412 77
442 843
843 298
843 561
298 254
298 388
254 766
766 507
507 671
507 336
671 579
579 563
579 651
563 705
563 553
705 41
705 463
41 466
41 447
466 360
360 262
262 667
667 223
667 741
223 327
223 618
327 541
327 661
541 142
142 143
142 722
143 187
187 242
187 51
242 195
242 123
195 94
195 214
94 619
619 453
453 630
453 295
630 446
630 83
446 587
446 335
587 78
587 711
78 649
649 135
135 624
624 132
624 368
132 386
386 189
189 695
189 115
695 210
210 341
341 458
341 97
458 357
458 727
357 172
172 375
375 362
375 110
362 36
362 830
36 736
736 291
291 717
291 824
717 509
717 562
509 303
303 748
303 788
748 712
712 631
712 786
631 152
152 345
345 607
345 499
607 170
170 308
170 807
308 762
762 361
762 814
361 510
361 318
510 369
510 548
369 169
369 730
169 156
156 409
409 86
86 479
86 491
479 234
234 445
445 515
515 202
