9 1810 512760
7 5
7 4
5 6
6 1
6 3
1 8
1 9
8 2
1169 346
1169 1763
346 10
10 1426
10 790
1426 1619
1619 462
462 1549
462 866
1549 1182
1549 1356
1182 637
1182 364
637 560
637 654
560 1391
1391 1414
1414 929
1414 1167
929 1225
929 1704
1225 2
2 1522
2 40
1522 625
1522 1271
625 1617
1617 1689
1689 582
582 592
582 1144
592 1364
1364 537
1364 1340
537 1708
537 268
1708 841
841 1454
841 802
1454 1650
1650 1398
1650 917
1398 717
1398 1672
717 448
448 1448
1448 1042
1042 1245
1245 1667
1245 434
1667 265
265 1628
265 945
1628 563
1628 1698
563 1452
563 213
1452 649
649 627
649 1747
627 918
918 931
931 1530
931 1145
1530 254
1530 496
254 26
254 1772
26 236
236 1286
1286 1514
1286 1646
1514 550
1514 874
550 353
550 150
353 1587
353 806
1587 475
1587 105
475 1119
475 300
1119 1762
1119 908
1762 326
1762 915
326 419
326 1574
419 1599
419 758
1599 75
75 1229
1229 463
463 999
463 78
999 85
999 128
85 1129
85 1503
1129 1615
1615 495
495 1780
1780 198
198 477
477 186
186 1379
186 1601
1379 1246
1379 190
1246 782
1246 671
782 1066
1066 1185
1185 1124
1124 1371
1371 1242
1242 1668
1668 126
126 1495
126 1405
1495 1505
1505 37
1505 1147
37 1128
37 196
1128 1361
1361 1642
1361 826
1642 1343
1642 950
1343 1176
1176 1194
1176 1113
1194 1620
1620 1590
1590 1421
1590 1156
1421 1534
1534 25
25 628
25 1241
628 1328
628 1422
1328 1098
1328 443
1098 732
1098 349
732 1645
732 840
1645 359
1645 737
359 452
452 578
578 1415
1415 1767
1767 990
990 1327
1327 875
1327 1350
875 1686
1686 618
618 1228
1228 1715
1715 1775
1715 837
1775 1716
1716 1005
1716 614
1005 723
1005 70
723 1806
1806 853
1806 609
853 153
853 946
153 327
327 773
773 67
773 820
67 979
979 1784
979 729
1784 293
1784 101
293 595
293 1341
595 1038
595 251
1038 488
488 1168
488 580
1168 1594
1594 1537
1537 1298
1298 367
1298 964
367 320
320 1744
1744 1433
1433 768
768 738
738 77
738 53
77 552
77 646
552 260
552 98
260 1658
260 395
1658 422
1658 733
422 178
178 1663
178 542
1663 197
197 762
197 429
762 161
762 911
161 96
161 1498
96 1428
1428 82
82 123
82 189
123 1712
123 1276
1712 1031
1031 1221
1221 238
238 647
238 410
647 306
306 484
306 692
484 770
484 247
770 243
770 1274
243 191
191 543
543 131
543 481
131 1491
1491 112
112 1492
112 357
1492 1247
1247 1402
1402 1096
1096 896
896 1707
896 680
1707 742
1707 1017
742 725
742 507
725 330
725 335
330 1458
1458 835
835 681
835 217
681 1091
1091 276
276 1754
1754 1331
1331 1255
1255 916
916 612
612 1640
1640 761
1640 1790
761 49
761 997
49 1735
1735 1183
1735 428
1183 1777
1183 1564
1777 145
145 220
220 1497
1497 710
710 1571
1571 372
1571 1685
372 433
372 298
433 307
307 125
307 698
125 46
46 1609
46 1006
1609 1111
1609 221
1111 107
107 1281
107 308
1281 1511
1511 818
818 1611
1611 1057
1057 244
1057 135
244 1416
1416 1677
1677 1106
1677 1431
1106 382
382 1173
382 1440
1173 281
281 476
476 1752
476 1172
1752 1001
1001 1665
1665 1387
1387 336
1387 1206
336 829
336 828
829 1635
1635 1656
1656 1365
1656 1782
1365 414
414 59
59 449
59 660
449 1352
1352 759
759 1721
1721 426
426 303
426 524
303 420
303 324
420 1358
1358 246
1358 1494
246 1157
246 310
1157 743
1157 520
743 1161
743 402
1161 1766
1766 766
1766 850
766 1071
1071 1073
1073 120
120 1285
120 502
1285 996
1285 1746
996 982
996 780
982 11
11 1419
11 1627
1419 1367
1367 786
1367 17
786 1725
1725 1743
1743 370
1743 48
370 1687
370 1004
1687 22
22 329
22 1803
329 784
329 474
784 1041
1041 1657
1041 575
1657 1226
1226 912
1226 971
912 888
888 427
888 533
427 1445
1445 1210
1210 1164
1164 904
1164 218
904 1613
904 1641
1613 1664
1613 585
1664 1603
1664 1637
1603 825
1603 596
825 1660
1660 143
143 396
143 658
396 1368
1368 983
983 1020
1020 764
764 168
764 716
168 1292
168 879
1292 283
1292 1150
283 1385
1385 889
889 1488
1488 1054
1054 1310
1054 694
1310 1239
1310 1252
1239 181
181 1090
181 741
1090 683
1090 1321
683 87
87 1082
1082 1304
1082 1517
1304 569
1304 1050
569 360
360 754
754 1789
754 598
1789 1346
1789 302
1346 1218
1218 108
108 1103
1103 1435
1103 927
1435 203
203 1683
1683 1060
1060 937
937 379
379 291
379 1456
291 719
719 1141
1141 1473
1141 453
1473 152
1473 515
152 1165
152 194
1165 1381
1381 634
1381 571
634 380
380 113
113 456
113 512
456 1622
1622 1181
1181 79
79 1222
79 119
1222 610
610 1468
1468 1016
1016 44
44 1469
44 1086
1469 703
703 690
703 1661
690 1653
1653 1249
1249 27
27 869
869 440
440 1466
1466 416
1466 114
416 1586
1586 619
1586 1441
619 611
619 1588
611 139
139 1408
1408 1401
1401 771
1401 1713
771 137
137 836
137 1727
836 516
516 1543
516 1585
1543 1151
1543 1302
1151 304
1151 412
304 1137
304 1259
1137 1216
1216 1480
1480 633
633 1074
1074 1623
1074 1675
1623 1670
1670 94
1670 640
94 513
513 492
513 1781
492 1320
492 939
1320 1322
1322 1553
1553 33
33 890
890 1253
1253 1755
1755 1699
1755 1037
1699 1565
1565 1581
1565 923
1581 447
447 799
799 1550
799 510
1550 1418
1418 52
1418 1055
52 1315
52 747
1315 1770
1315 1330
1770 1202
1202 801
801 1121
1121 1224
1224 851
851 134
134 590
590 1197
590 1451
1197 1598
1197 91
1598 993
993 390
993 192
390 1740
1740 775
1740 294
775 577
775 232
577 778
577 1722
778 225
225 35
225 1243
35 259
259 969
259 1510
969 570
969 1122
570 1284
1284 1138
1284 760
1138 405
1138 960
405 1234
405 695
1234 924
924 721
924 796
721 1267
721 1508
1267 1300
1267 1287
1300 535
535 38
535 1029
38 418
38 269
418 229
418 1083
229 707
707 1314
1314 989
989 1417
989 525
1417 369
369 415
415 1612
1612 1081
1612 1272
1081 177
177 1203
177 865
1203 909
909 32
909 174
32 1324
32 1193
1324 846
846 207
207 887
887 808
887 794
808 34
34 1139
34 856
1139 1409
1139 1506
1409 73
73 1061
1061 106
1061 1357
106 1375
106 1723
1375 1087
1087 5
1087 715
5 526
5 1529
526 988
988 1648
1648 400
400 1201
1201 102
1201 523
102 1317
102 1669
1317 1595
1317 805
1595 1673
1595 1003
1673 1474
1673 1579
1474 521
521 701
701 253
253 561
253 574
561 767
561 528
767 704
767 1230
704 252
252 1009
1009 957
957 316
957 955
316 892
892 1372
1372 1030
1030 1318
1030 1035
1318 1424
1318 1438
1424 815
815 1355
1355 1638
1355 1018
1638 454
454 1190
454 212
1190 617
617 583
583 1437
583 498
1437 136
136 756
756 1774
756 1403
1774 1094
1774 564
1094 1794
1794 549
549 392
392 1682
1682 1316
1682 501
1316 199
199 1282
1282 1319
1319 366
1319 272
366 1555
1555 1217
1217 140
1217 966
140 546
140 555
546 1528
1528 934
934 1679
1679 1450
1450 730
730 607
730 586
607 616
616 1680
616 466
1680 473
473 967
473 1805
967 1095
1095 1540
1540 182
1540 1536
182 1102
182 141
1102 270
270 409
270 1305
409 1793
1793 1761
1793 121
1761 1384
1384 1674
1674 1395
1674 301
1395 1470
1395 1044
1470 977
1470 517
977 639
639 1751
1751 606
1751 284
606 545
606 1208
545 752
545 1223
752 1602
752 1737
1602 1396
1396 1758
1396 1717
1758 685
685 662
662 1110
662 554
1110 1257
1257 9
9 1745
9 1232
1745 1211
1211 1461
1211 1231
1461 565
1461 573
565 925
565 547
925 479
479 1489
479 914
1489 1484
1489 981
1484 1297
1484 599
1297 1307
1297 907
1307 1705
1307 1607
1705 519
1705 355
519 56
56 444
444 536
444 845
536 998
998 926
998 691
926 1022
1022 551
551 148
551 604
148 407
148 151
407 657
657 783
783 122
783 1573
122 632
632 1275
632 644
1275 97
97 29
29 755
29 1443
755 1556
1556 940
940 863
940 932
863 1353
1353 1117
1117 1258
1117 1048
1258 852
1258 1392
852 750
852 1192
750 661
661 425
661 631
425 1769
1769 1360
1769 80
1360 1729
1360 1389
1729 201
1729 1532
201 1566
1566 910
1566 1240
910 508
508 317
317 928
317 55
928 1104
1104 1779
1104 173
1779 635
635 603
635 901
603 368
368 1348
1348 258
1348 1776
258 1605
258 100
1605 1334
1334 1526
1526 58
1526 124
58 432
432 1563
1563 1025
1563 906
1025 643
1025 1186
643 1696
643 746
1696 274
274 1339
1339 509
1339 1695
509 1567
509 362
1567 1596
1567 1662
1596 305
1596 54
305 1439
1439 1189
1439 688
1189 774
774 469
469 1516
469 1742
1516 1577
1516 530
1577 1127
1127 57
57 1801
1801 3
3 600
600 1460
1460 1551
1460 1347
1551 1569
1551 963
1569 1056
1056 824
1056 205
824 1539
1539 1153
1153 589
1153 1649
589 480
589 1187
480 584
584 1771
1771 1533
1771 1155
1533 115
1533 1703
115 656
656 256
656 387
256 383
383 1250
383 478
1250 735
735 1099
735 319
1099 406
406 1354
406 187
1354 352
1354 1504
352 753
753 1636
1636 1483
1483 1204
1483 621
1204 1118
1118 638
638 1014
638 117
1014 652
1014 847
652 613
652 30
613 451
451 348
348 486
348 830
486 871
871 127
871 63
127 1166
127 722
1166 973
973 249
249 1476
1476 1338
1338 149
1338 1188
149 1447
149 375
1447 943
943 558
558 154
558 1600
154 1681
1681 312
1681 1733
312 1459
1459 1507
1459 1205
1507 179
1507 1130
179 224
224 949
949 1323
1323 386
386 792
792 92
792 24
92 373
92 1303
373 133
133 39
133 1045
39 231
231 954
954 1235
1235 72
1235 103
72 1671
1671 1132
1671 88
1132 163
163 886
163 1520
886 1369
1369 636
1369 1810
636 1432
636 1545
1432 1069
1432 195
1069 1527
1069 338
1527 1591
1591 1548
1548 472
472 1301
1301 47
47 275
47 956
275 435
275 872
435 868
868 776
776 1002
1002 804
804 1559
1559 132
132 216
132 71
216 529
216 223
529 905
529 894
905 389
905 1043
389 675
389 322
675 1482
675 676
1482 992
992 880
880 1388
1388 6
1388 532
6 1351
1351 1760
1351 394
1760 961
961 893
961 1714
893 1509
893 653
1509 1076
1509 1212
1076 1462
1462 1072
1072 1273
1072 1105
1273 1308
1308 1630
1630 1472
1472 682
682 1464
1464 62
1464 1523
62 620
62 1093
620 404
404 381
404 678
381 1684
1684 356
356 228
356 810
228 339
228 1345
339 1425
1425 714
714 130
130 1791
130 237
1791 1114
1791 206
1114 819
1114 160
819 823
823 757
757 227
227 708
227 159
708 1207
1207 935
935 378
378 1108
1108 567
1108 41
567 1100
567 1209
1100 334
334 975
975 1678
1678 1088
1678 504
1088 1741
1088 913
1741 180
180 936
180 1778
936 1710
1710 4
4 1583
4 1731
1583 1089
1583 669
1089 155
1089 398
155 138
138 1493
1493 1700
1700 1538
1538 467
467 60
60 241
60 93
241 230
230 651
230 239
651 1116
1116 1299
1116 15
1299 1178
1299 1562
1178 1719
1178 219
1719 295
295 494
494 264
494 167
264 248
264 702
248 210
248 884
210 878
878 942
942 1718
942 1542
1718 1027
1718 500
1027 1524
1524 413
413 724
413 1019
724 66
724 1077
66 1261
66 1798
1261 922
922 299
922 363
299 817
299 337
817 458
458 1757
458 65
1757 245
1757 1525
245 1024
245 1666
1024 1420
1024 903
1420 1033
1420 421
1033 833
1033 1140
833 43
43 1764
1764 672
1764 1808
672 978
978 650
650 1270
650 331
1270 624
1270 1544
624 864
864 779
864 765
779 641
641 461
641 1481
461 540
461 1126
540 1344
1344 538
538 677
677 1028
677 1809
1028 1647
1647 648
1647 1195
648 668
648 591
668 572
668 1625
572 1078
572 1263
1078 814
814 142
814 111
142 1136
142 1410
1136 1535
1535 1238
1535 1568
1238 235
1238 947
235 832
832 1290
1290 679
679 1485
679 436
1485 470
1485 1799
470 696
470 1404
696 430
430 18
18 1749
1749 215
215 499
499 1487
499 1589
1487 534
534 165
165 20
165 1026
20 1200
1200 1676
1676 626
626 1
626 1475
1 164
164 579
164 171
579 527
579 902
527 1326
1326 12
12 446
446 169
446 376
169 684
684 170
170 347
347 1337
347 184
1337 42
1337 1053
42 116
116 813
813 1400
813 315
1400 1726
1400 1519
1726 1541
1541 1552
1541 1131
1552 1732
1552 311
1732 706
706 877
877 267
877 1701
267 1804
267 1325
1804 718
1804 601
718 1558
718 587
1558 1199
1558 399
1199 938
938 1265
938 1531
1265 485
485 21
21 514
21 176
514 393
393 1366
1366 740
1366 642
740 821
740 1427
821 994
994 1518
994 61
1518 822
1518 1049
822 594
822 511
594 1393
594 1112
1393 1233
1233 455
1233 1220
455 812
812 423
423 670
670 385
385 441
441 1177
1177 240
240 602
602 839
839 1692
839 1753
1692 800
800 157
157 1572
1572 1254
1572 503
1254 861
1254 809
861 1011
861 506
1011 1280
1280 1709
1709 859
859 1621
1621 987
1621 1174
987 1446
987 795
1446 673
673 629
673 548
629 233
629 297
233 1244
1244 242
242 709
709 1059
1059 1449
1449 172
1449 1198
172 1146
1146 51
51 1807
51 968
1807 962
1807 539
962 1759
1759 562
562 1309
562 970
1309 1279
1309 751
1279 255
255 1738
1738 1797
1738 1465
1797 1792
1797 713
1792 286
286 1065
1065 1359
1065 1423
1359 1293
1293 296
1293 898
296 1411
1411 483
483 522
522 280
280 450
280 1478
450 1329
450 944
1329 1606
1329 1047
1606 361
361 576
361 345
576 1342
1342 83
83 1604
1604 1711
1604 1266
1711 553
1711 328
553 342
342 442
442 146
146 689
689 262
262 1570
262 19
1570 860
860 1390
1390 1067
1067 1085
1085 1349
1349 930
930 891
930 883
891 789
789 211
211 1631
211 1773
1631 401
1631 313
401 862
401 1180
862 1283
1283 645
645 1430
645 948
1430 881
881 897
897 700
897 333
700 1651
1651 490
490 855
490 1294
855 147
855 1624
147 1062
147 377
1062 1479
1062 1075
1479 1268
1479 1471
1268 292
1268 1652
292 104
104 290
104 397
290 711
711 403
403 1288
1288 921
921 309
921 734
309 1149
309 1512
1149 1693
1149 728
1693 193
1693 323
193 1629
1629 748
748 885
885 1143
1143 958
958 1593
958 630
1593 873
1593 663
873 1084
873 1068
1084 162
162 1154
162 408
1154 1158
1158 1560
1158 920
1560 1134
1134 344
1134 1434
344 1610
344 289
1610 144
1610 1584
144 28
144 1639
28 351
351 505
351 933
505 1796
505 31
1796 109
1796 278
109 1614
1614 68
68 843
843 89
89 1436
1436 581
1436 1312
581 1702
1702 557
557 1736
557 1655
1736 23
23 50
50 1123
1123 74
1123 1278
74 1363
1363 1515
1515 314
314 1691
1691 365
365 667
365 803
667 95
95 1786
95 1040
1786 1467
1786 208
1467 793
793 1335
793 736
1335 588
588 1783
588 1214
1783 1429
1429 777
777 1015
1015 391
391 811
391 995
811 597
597 263
263 655
655 1578
1578 858
858 482
858 1219
482 1618
482 465
1618 1332
1332 941
1332 1010
941 1120
941 568
1120 384
384 726
384 1063
726 699
699 16
16 1256
16 531
1256 664
1256 209
664 991
664 1455
991 459
991 1490
459 156
156 460
460 1457
1457 234
234 285
285 1311
1311 273
273 354
273 1070
354 1561
1561 1336
1336 1008
1336 222
1008 188
188 665
188 1575
665 1370
665 1125
1370 1313
1313 556
1313 185
556 1496
1496 1333
1333 1163
1163 1632
1163 1376
1632 226
226 1386
226 559
1386 1659
1659 417
417 608
608 1170
608 1399
1170 1633
1633 985
985 175
175 882
882 976
976 277
277 110
110 1608
1608 854
854 720
854 1785
720 250
720 438
250 439
439 1444
1444 1748
1444 1036
1748 1616
1616 827
1616 1046
827 457
827 623
457 739
457 45
739 1291
1291 86
1291 279
86 7
86 1690
7 36
7 1159
36 1039
1039 1730
1039 1554
1730 445
445 1135
445 1306
1135 1007
1007 1557
1007 1115
1557 99
1557 857
99 895
99 749
895 1079
1079 772
772 605
772 838
605 90
605 972
90 834
834 900
900 1634
900 785
1634 1000
1634 1184
1000 1248
1000 1152
1248 1237
1237 1295
1295 951
1295 118
951 693
693 1756
1756 1582
1582 763
763 183
763 81
183 129
183 1521
129 1382
129 959
1382 1374
1382 974
1374 1142
1374 1021
1142 69
69 787
69 1643
787 844
844 518
518 1697
518 374
1697 1213
1213 1644
1213 1592
1644 424
424 541
541 487
487 464
464 14
14 622
622 266
622 76
266 1378
266 158
1378 1191
1378 712
1191 1373
1373 1080
1080 1377
1080 1148
1377 659
659 1101
1101 491
1101 1092
491 816
491 1706
816 1013
1013 745
1013 1768
745 340
745 1442
340 1463
1463 343
343 727
727 1179
1179 358
358 1162
1162 849
849 952
952 1580
1580 341
341 1269
1269 1023
1269 1547
1023 214
1023 1175
214 1795
1795 965
965 1453
965 1800
1453 468
1453 1477
468 1251
468 1133
1251 1406
1406 1576
1406 204
1576 1486
1576 876
1486 1787
1787 13
1787 1227
13 1052
1052 697
697 1765
697 332
1765 1012
1012 388
1012 666
388 350
388 980
350 1109
1109 842
842 1380
1380 674
1380 705
674 831
674 1260
831 321
321 261
261 371
261 615
371 1720
371 744
1720 1546
1546 431
1546 1413
431 1500
1500 1236
1500 984
1236 797
797 798
797 271
798 1097
1097 202
1097 1502
202 1032
1032 919
1032 1264
919 1289
919 318
1289 64
1289 1724
64 1171
1171 282
1171 8
282 1694
282 1262
1694 287
287 288
287 687
288 1654
288 257
1654 1802
1802 1362
1362 493
493 769
769 1383
769 1394
1383 1397
1383 1277
1397 1058
1397 1513
1058 899
1058 1215
899 1499
1499 1296
1499 867
1296 1739
1739 437
1739 489
437 731
437 788
731 1107
731 1728
1107 953
953 1788
953 1407
1788 471
471 870
870 1051
1051 1196
1196 1064
1196 848
1064 166
1064 1597
166 1501
166 497
1501 544
1501 1688
544 593
544 411
593 781
593 791
781 1626
781 566
1626 807
807 1160
807 84
1160 1750
1160 1034
1750 686
1750 1412
686 325
686 986
325 200
325 1734
