2 2905 809805
2 1
82 977
82 2853
977 2819
2819 456
2819 449
456 426
426 1356
1356 115
115 2453
2453 2630
2630 1248
2630 805
1248 1282
1282 2526
2526 703
703 65
703 809
65 235
235 83
235 1781
83 624
624 2750
2750 1207
1207 163
163 1108
163 372
1108 1695
1108 114
1695 1387
1695 1614
1387 718
1387 1811
718 2278
2278 187
2278 422
187 113
113 348
348 1250
348 1597
1250 1498
1250 480
1498 1683
1683 166
1683 1876
166 1899
1899 1395
1395 1021
1395 2638
1021 929
1021 1385
929 119
929 2775
119 2468
2468 1304
1304 2015
2015 2414
2015 478
2414 2132
2414 1932
2132 2295
2132 708
2295 740
740 693
740 1853
693 555
693 327
555 72
72 2834
2834 298
298 865
865 2011
865 1868
2011 2485
2485 2634
2485 663
2634 2777
2634 505
2777 2534
2777 270
2534 2785
2785 1515
1515 370
1515 2756
370 1405
370 2588
1405 1902
1902 1600
1600 1569
1600 416
1569 1347
1347 960
1347 215
960 400
960 1757
400 1480
1480 2830
2830 1818
1818 1861
1861 2595
1861 1146
2595 2323
2595 892
2323 726
2323 2417
726 1407
1407 1728
1728 969
969 1309
1309 1286
1309 615
1286 1859
1859 240
1859 253
240 1314
1314 244
244 1825
1825 1479
1825 1417
1479 1905
1479 924
1905 839
1905 2247
839 1132
1132 1010
1010 1313
1313 393
1313 853
393 1677
393 980
1677 58
1677 1164
58 2281
58 123
2281 2080
2080 2787
2080 1242
2787 1096
1096 1435
1096 2167
1435 1962
1435 581
1962 2439
2439 1771
2439 1933
1771 1989
1771 1618
1989 2280
2280 1888
1888 2469
2469 2097
2097 1464
1464 1106
1464 666
1106 1145
1145 159
159 2079
159 2106
2079 603
603 677
677 1913
677 2585
1913 2483
1913 1578
2483 445
2483 535
445 784
784 2222
784 439
2222 122
122 121
122 1880
121 1129
1129 2432
1129 2831
2432 226
2432 1140
226 2126
2126 804
2126 1295
804 594
594 488
488 1935
1935 1427
1427 1776
1776 1563
1776 554
1563 40
1563 1671
40 820
820 1639
1639 467
1639 1970
467 386
467 1833
386 2464
2464 1571
2464 1621
1571 2718
2718 553
553 2737
553 1535
2737 2496
2496 2610
2496 1322
2610 2233
2610 2442
2233 868
2233 1666
868 1138
1138 2591
2591 1702
1702 1046
1046 1603
1046 613
1603 672
1603 679
672 1088
672 1018
1088 2262
2262 234
2262 1737
234 1399
234 2637
1399 2343
1399 1604
2343 378
2343 463
378 320
320 1275
320 1547
1275 1941
1275 669
1941 2348
2348 2118
2348 1023
2118 1472
1472 1894
1472 1180
1894 2505
2505 2109
2505 2238
2109 1099
1099 2838
2838 2416
2416 623
623 1943
1943 1253
1943 2301
1253 1795
1795 614
1795 2210
614 2880
614 142
2880 2249
2880 2196
2249 427
2249 2870
427 411
411 1183
411 649
1183 625
1183 347
625 2182
2182 647
2182 2796
647 178
178 1721
1721 2808
2808 1392
1392 1590
1590 1353
1590 30
1353 2452
2452 2407
2452 502
2407 2150
2150 2100
2150 1126
2100 2350
2100 779
2350 228
228 92
92 874
874 1871
874 1940
1871 2477
1871 2666
2477 2871
2477 2198
2871 848
2871 2091
848 1733
848 1773
1733 811
811 1792
811 271
1792 1439
1792 2428
1439 536
1439 1766
536 1209
1209 2552
2552 2305
2305 1043
1043 727
1043 2604
727 1947
727 2854
1947 1342
1342 2542
1342 2162
2542 476
476 854
854 2320
854 1339
2320 1893
1893 466
466 1403
466 1564
1403 1474
1403 885
1474 192
1474 765
192 383
192 2836
383 218
383 659
218 2895
218 1184
2895 2463
2895 2905
2463 2337
2337 2809
2809 1078
1078 1753
1078 1821
1753 492
492 1661
492 1137
1661 1553
1661 1626
1553 1406
1406 2557
1406 1722
2557 2089
2557 2102
2089 549
2089 2115
549 1857
1857 189
1857 2127
189 1131
189 1835
1131 516
1131 689
516 1448
1448 1245
1448 2398
1245 1159
1245 1477
1159 532
532 2466
2466 1340
1340 712
1340 2811
712 78
78 1041
1041 521
521 379
521 2299
379 1390
1390 1990
1390 882
1990 1625
1625 2896
2896 1948
1948 1669
1669 2881
1669 2551
2881 440
440 2098
440 2760
2098 735
735 1492
735 425
1492 1929
1492 2276
1929 515
515 2520
515 901
2520 1698
2520 1806
1698 2260
1698 2668
2260 628
628 2885
628 1815
2885 1649
2885 125
1649 2212
2212 331
2212 1886
331 732
331 944
732 1258
1258 94
1258 522
94 2403
2403 2228
2403 2703
2228 540
540 2101
540 2649
2101 377
2101 1143
377 1199
1199 1845
1199 1675
1845 1412
1412 339
339 224
224 280
224 567
280 1053
1053 2840
1053 1504
2840 2285
2840 1634
2285 795
795 1331
1331 2389
1331 1466
2389 933
2389 2242
933 850
933 2723
850 1305
1305 1752
1305 2
1752 1945
1752 2609
1945 1150
1150 297
297 468
297 636
468 1484
468 2584
1484 2691
1484 351
2691 954
954 305
954 2860
305 837
305 1149
837 645
837 176
645 1608
1608 2843
2843 504
504 2828
2828 792
792 794
794 1789
1789 2711
2711 534
534 1334
534 1862
1334 1984
1984 1764
1984 1850
1764 928
1764 1541
928 1302
928 782
1302 2594
1302 394
2594 1192
2594 760
1192 1521
1192 2685
1521 300
300 1716
1716 107
1716 916
107 2383
107 430
2383 2354
2383 2419
2354 2636
2354 2130
2636 869
869 2479
869 1583
2479 1476
2479 1426
1476 2602
2602 2769
2769 2473
2769 1786
2473 1919
2473 2486
1919 2179
1919 2012
2179 2898
2898 831
2898 1982
831 231
231 364
231 578
364 2014
2014 249
249 2057
2057 648
648 683
683 1345
683 2512
1345 2580
1345 80
2580 710
2580 1854
710 57
57 2446
57 447
2446 761
761 131
761 2506
131 927
131 501
927 2753
2753 2778
2753 2614
2778 2128
2128 1559
1559 96
1559 1449
96 1809
96 2199
1809 2137
1809 562
2137 415
2137 2491
415 1506
415 2178
1506 945
945 129
129 729
729 2211
729 1323
2211 1638
2211 448
1638 2384
1638 759
2384 1969
2384 2371
1969 1346
1969 2004
1346 335
335 1300
1300 2312
1300 938
2312 1738
2312 1223
1738 2642
1738 2657
2642 714
2642 500
714 2333
714 139
2333 863
2333 137
863 1585
1585 2195
2195 619
2195 1039
619 2579
2579 2862
2862 989
989 2465
989 1529
2465 1144
1144 730
1144 2340
730 1307
730 612
1307 1804
1804 1508
1508 2166
1508 1011
2166 2770
2770 932
932 1465
1465 1354
1465 698
1354 2527
2527 290
2527 384
290 2533
290 1952
2533 988
2533 4
988 2427
988 2499
2427 2224
2427 618
2224 1756
1756 1475
1475 1679
1679 2804
1679 2244
2804 1556
1556 1844
1556 991
1844 1784
1784 2790
2790 75
75 1739
1739 1872
1872 1239
1872 1951
1239 573
1239 373
573 2712
2712 2523
2712 1995
2523 2704
2523 1567
2704 2203
2203 2647
2203 2330
2647 1157
2647 2713
1157 1782
1157 936
1782 1747
1747 2490
2490 2726
2726 1238
2726 2160
1238 54
1238 186
54 2394
2394 2670
2670 1142
1142 2073
2073 2488
2488 2820
2820 2117
2820 2461
2117 2694
2117 1257
2694 2603
2694 2252
2603 1715
1715 1927
1927 2616
2616 1514
2616 637
1514 1190
1514 605
1190 859
859 2679
859 2892
2679 2357
2679 2480
2357 1256
1256 1561
1256 1171
1561 1957
1561 2458
1957 2251
2251 1128
2251 1079
1128 855
1128 28
855 721
721 86
86 223
223 2525
223 1418
2525 333
2525 344
333 719
333 1574
719 987
987 399
399 1463
399 1755
1463 961
961 1446
961 1616
1446 2807
1446 1774
2807 2646
2807 1454
2646 2848
2848 2121
2848 262
2121 806
2121 2581
806 678
678 2438
2438 2530
2438 1551
2530 1834
2530 1172
1834 1612
1834 201
1612 2291
1612 875
2291 1330
2291 2450
1330 2223
2223 161
2223 1037
161 2321
2321 148
148 2155
2155 1678
2155 2766
1678 2693
2693 27
27 563
27 1867
563 1076
1076 956
1076 1038
956 2887
956 1459
2887 245
2887 968
245 2619
2619 2034
2034 1592
2034 2437
1592 608
608 1512
1512 1531
1512 611
1531 1543
1531 1799
1543 2445
1543 905
2445 2300
2300 2020
2020 1202
2020 272
1202 1673
1202 1168
1673 1360
1360 2709
1360 2618
2709 1068
1068 2274
2274 661
2274 557
661 1831
661 257
1831 158
1831 2859
158 184
184 76
184 1141
76 2001
2001 458
458 1254
458 1458
1254 815
815 180
180 2829
2829 2390
2829 1911
2390 1240
2390 2622
1240 1182
1182 2548
1182 2568
2548 577
577 1534
1534 633
1534 56
633 1260
1260 2358
2358 1554
2358 2273
1554 1593
1593 655
1593 232
655 303
303 692
692 566
692 640
566 650
566 1588
650 2459
2459 939
2459 38
939 1091
1091 950
1091 593
950 1767
1767 1863
1863 978
1863 2564
978 2569
2569 1424
2569 2072
1424 836
836 842
842 443
443 1301
443 2597
1301 752
1301 2707
752 1290
752 2366
1290 2148
1290 819
2148 1727
1727 2863
1727 1263
2863 1086
2863 2492
1086 951
951 1063
951 160
1063 912
912 43
912 255
43 2232
2232 2546
2232 2511
2546 2550
2546 2797
2550 287
2550 1045
287 2332
287 417
2332 275
2332 295
275 2351
275 1156
2351 1883
2351 600
1883 1645
1883 2392
1645 481
1645 1151
481 774
481 1778
774 2205
774 597
2205 1028
1028 1350
1350 2217
2217 486
486 485
485 1915
1915 2286
1915 646
2286 337
337 2387
337 2025
2387 2041
2387 883
2041 1847
2041 2218
1847 1328
1847 288
1328 2267
2267 64
2267 2093
64 1735
64 1579
1735 2036
1735 2876
2036 1745
2036 1729
1745 1977
1745 1532
1977 1109
1109 1812
1109 1155
1812 1586
1812 340
1586 2555
2555 2006
2006 958
958 1158
1158 2055
2055 1111
2055 2897
1111 1236
1111 1978
1236 1093
1093 1848
1848 2426
2426 823
2426 324
823 1824
823 2832
1824 1237
1237 2065
1237 1166
2065 1482
1482 185
1482 241
185 2083
185 985
2083 1276
1276 1917
1917 2056
2056 323
2056 668
323 441
441 1026
1026 734
1026 2875
734 803
734 2071
803 2617
803 1217
2617 1372
1372 807
1372 181
807 942
942 1393
942 2818
1393 2441
1393 438
2441 1791
2441 2745
1791 1606
1791 2514
1606 2882
1606 1517
2882 2359
2882 2404
2359 2513
2513 1655
1655 2559
1655 844
2559 296
2559 2817
296 284
296 2000
284 2684
2684 2460
2684 2655
2460 642
2460 1572
642 2626
2626 128
2626 1270
128 342
128 919
342 766
766 589
766 1012
589 662
589 1741
662 1357
1357 239
1357 453
239 32
239 350
32 1513
32 1843
1513 601
1513 2311
601 579
579 943
579 175
943 1688
1688 2715
1688 530
2715 409
2715 1594
409 1462
409 70
1462 2388
1462 172
2388 2399
2388 571
2399 1065
2399 2535
1065 203
203 1619
203 1803
1619 1019
1619 713
1019 2257
1019 513
2257 2216
2257 2256
2216 2763
2763 838
2763 2067
838 2206
838 273
2206 112
112 261
261 150
150 984
150 1229
984 975
984 1908
975 880
975 1461
880 2765
880 2716
2765 1536
1536 1310
1310 133
133 824
824 1788
1788 2589
1788 1069
2589 1689
2589 756
1689 2612
2612 2571
2612 2298
2571 2239
2571 2544
2239 1283
1283 519
519 2498
519 1444
2498 1162
2498 1252
1162 696
1162 2331
696 1528
696 136
1528 1624
1624 1452
1452 2554
1452 1878
2554 1056
2554 964
1056 1925
1925 801
1925 1887
801 884
884 1644
884 2891
1644 1613
1613 1687
1613 9
1687 758
758 1153
758 2058
1153 1633
1153 100
1633 2724
2724 1081
1081 2852
1081 931
2852 376
2852 267
376 1389
1389 1271
1271 2695
2695 748
2695 2213
748 946
748 561
946 1714
1714 1819
1819 2801
2801 1214
2801 996
1214 1329
1329 1548
1329 2607
1548 2051
1548 2040
2051 813
2051 1526
813 1744
1744 2814
2814 1348
2814 639
1348 737
737 212
212 559
212 1080
559 1653
559 1860
1653 630
630 891
630 997
891 1455
1455 2191
2191 322
322 367
322 2601
367 2532
2532 841
2532 1292
841 1101
841 903
1101 2197
2197 1274
2197 2472
1274 2599
2599 116
116 907
907 1160
907 2094
1160 2590
2590 1428
1428 2443
2443 2324
2443 1419
2324 138
138 90
90 587
587 582
582 1224
582 1779
1224 2815
1224 1914
2815 2322
2815 810
2322 99
99 2352
99 2688
2352 1658
2352 2043
1658 1320
1320 1938
1938 1281
1938 2077
1281 1447
1447 110
110 2364
110 1892
2364 1221
1221 2632
1221 2799
2632 1979
1979 1362
1979 606
1362 1371
1371 2596
1371 2481
2596 1496
1496 2824
1496 755
2824 1890
1890 2042
1890 762
2042 2890
2042 2631
2890 2031
2031 2608
2608 1985
2608 31
1985 1084
1985 1317
1084 2078
1084 15
2078 1921
1921 1118
1118 814
814 1692
1692 1233
1692 2839
1233 2367
1233 162
2367 2240
2367 1047
2240 1907
2240 543
1907 2220
2220 970
970 2849
2849 55
2849 1732
55 1453
1453 1813
1813 511
511 2531
2531 1134
2531 1082
1134 2151
1134 552
2151 1197
2151 1195
1197 2639
2639 2802
2802 95
95 629
629 2570
629 1059
2570 921
921 876
921 1337
876 2209
2209 167
2209 1575
167 145
145 1866
1866 2682
1866 592
2682 1523
2682 182
1523 1014
1523 2381
1014 1058
1014 861
1058 1401
1401 1934
1401 183
1934 575
1934 1718
575 1175
1175 1029
1175 208
1029 973
973 2773
2773 285
2773 2044
285 1321
1321 281
1321 2107
281 368
368 1196
1196 773
1196 2215
773 935
935 690
690 2563
2563 1383
1383 39
1383 437
39 674
39 2336
674 1500
674 568
1500 2721
1500 2628
2721 1524
1524 1261
1261 328
328 18
328 93
18 2329
18 1991
2329 1136
1136 1696
1136 2355
1696 1713
1696 1431
1713 1954
1713 1433
1954 1050
1954 2314
1050 6
6 2261
2261 564
564 1246
1246 2462
2462 858
858 2275
2275 2772
2772 1265
2772 2230
1265 2019
2019 1006
2019 2207
1006 1746
1006 1832
1746 2835
2835 1576
2835 233
1576 2187
2187 702
2187 847
702 397
397 1946
1946 45
45 2648
45 338
2648 2768
2648 41
2768 196
2768 1723
196 1635
196 1609
1635 1842
1842 739
739 518
518 2086
518 16
2086 2194
2194 1227
1227 1410
1227 867
1410 431
431 2662
431 934
2662 1999
2662 1285
1999 2794
2794 2272
2272 1759
1759 2418
1759 828
2418 216
216 1073
216 1186
1073 1280
1073 1234
1280 371
371 190
371 1212
190 638
638 527
527 508
508 2471
508 1178
2471 1177
2471 63
1177 1094
1094 1344
1344 1511
1344 2883
1511 2800
2800 1810
2800 89
1810 2095
2095 902
2095 1636
902 2470
2470 574
574 357
574 591
357 1793
357 707
1793 2501
2501 1251
1251 276
276 2434
276 2139
2434 1278
1278 2869
2869 860
2869 495
860 2708
860 496
2708 355
355 1640
1640 788
788 498
788 893
498 301
498 2163
301 2560
301 1277
2560 2650
2650 294
2650 2294
294 2759
2759 503
503 1924
503 2370
1924 1509
1509 109
1509 1266
109 947
947 2372
947 2738
2372 2664
2372 1235
2664 900
900 2487
900 1769
2487 474
2487 709
474 1219
1219 576
1219 802
576 1338
576 26
1338 2606
1338 2125
2606 1333
2606 2070
1333 1450
1333 526
1450 1997
1450 955
1997 1712
1712 2429
2429 1647
1647 680
1647 2424
680 37
37 2879
37 493
2879 791
791 374
791 1648
374 460
460 403
403 2864
403 497
2864 1903
1903 1581
1903 2023
1581 2341
1581 1034
2341 2053
2341 2159
2053 1370
2053 1751
1370 2279
1370 2050
2279 1244
2279 751
1244 1598
1598 539
539 1906
539 1016
1906 2878
2878 635
2878 2899
635 697
635 1711
697 1963
697 2133
1963 2344
2344 2284
2284 2454
2454 1204
1204 1605
1605 1562
1605 538
1562 1920
1920 772
772 1429
1429 1349
1349 896
1349 1437
896 193
896 733
193 2365
193 870
2365 387
387 1291
387 2013
1291 217
1291 1749
217 465
465 1308
465 195
1308 1133
1133 1397
1397 1031
1031 1994
1994 2122
1994 1
2122 584
584 2771
2771 1697
2771 1904
1697 793
1697 356
793 1489
793 1734
1489 2149
2149 1955
1955 2478
2478 1443
2478 1852
1443 2409
2409 343
343 494
494 204
204 1262
1262 914
1262 2123
914 2039
2039 1411
2039 1358
1411 1169
1169 835
1169 2734
835 2193
2193 1042
2193 2686
1042 1120
1042 1596
1120 2837
1120 266
2837 1425
2837 1284
1425 2396
1425 354
2396 429
429 2858
2858 395
395 2190
2190 2502
2190 1007
2502 23
2502 382
23 937
23 998
937 1432
1432 1527
1527 1736
1736 995
1736 2263
995 62
62 898
898 1731
1731 407
407 444
444 2266
2266 1740
2266 775
1740 313
1740 108
313 2369
313 2075
2369 2306
2306 2665
2306 385
2665 2683
2683 1194
2683 2045
1194 2250
2250 2507
2250 1299
2507 401
2507 2497
401 2754
2754 282
2754 830
282 2021
282 69
2021 79
2021 602
79 2334
2334 199
2334 2048
199 2524
199 2397
2524 556
2524 2786
556 1243
1243 200
200 2425
2425 1067
2425 2867
1067 2253
2253 157
2253 1481
157 473
157 1830
473 1891
473 2293
1891 2761
1891 66
2761 979
979 2356
979 2845
2356 610
2356 1682
610 392
392 256
256 2861
2861 1750
2861 248
1750 2085
2085 1816
1816 1373
1373 1336
1336 2268
2268 2288
2288 1368
2288 627
1368 1066
1066 2484
2484 2029
2484 363
2029 1363
2029 1828
1363 2877
1363 2183
2877 1075
1075 1110
1110 723
1110 1706
723 2377
723 1001
2377 808
808 1445
1445 2292
1445 2420
2292 2842
2842 908
908 1032
908 670
1032 1864
1032 325
1864 2066
1864 1546
2066 2171
2066 1787
2171 2621
2621 2164
2164 1332
1332 1785
1785 2110
1785 2702
2110 2144
2110 706
2144 2339
2339 2290
2290 2157
2157 2243
2157 2613
2243 767
2243 667
767 1189
767 886
1189 242
242 2440
2440 507
507 60
60 314
60 695
314 1048
1048 1591
1048 781
1591 986
1591 881
986 2698
2698 1319
2698 1849
1319 278
1319 450
278 191
191 596
596 329
329 2903
329 489
2903 872
2903 24
872 778
778 2504
2504 2720
2720 1663
1663 2307
1663 2158
2307 2567
2307 940
2567 510
2567 2733
510 1672
1672 1836
1672 130
1836 1259
1836 632
1259 925
925 682
682 1036
682 2328
1036 117
1036 35
117 626
626 2236
626 2545
2236 1726
1726 879
1726 1610
879 259
259 2168
2168 1044
2168 747
1044 2851
2851 1485
2851 537
1485 1589
1589 1797
1589 2204
1797 2729
1797 1408
2729 2749
2749 1303
2749 2032
1303 2805
1303 545
2805 1306
2805 572
1306 2888
1306 2681
2888 227
227 341
341 1022
341 2884
1022 2586
2586 1355
1355 1247
1355 2539
1247 2701
2701 2347
2347 1840
2347 825
1840 2795
1840 897
2795 827
827 258
258 1121
1121 361
1121 250
361 1035
361 753
1035 1877
1035 843
1877 1422
1422 13
13 780
13 1377
780 2536
780 1798
2536 570
570 1884
1884 1103
1884 2170
1103 711
711 1218
1218 51
1218 1315
51 156
156 866
866 1269
1269 1483
1483 1918
1918 2697
1918 1017
2697 2259
2259 1533
1533 74
1533 2142
74 2572
2572 2421
2421 1112
2421 915
1112 2028
1112 2353
2028 909
2028 2644
909 673
673 1807
1807 1215
1807 1763
1215 982
982 1470
982 2449
1470 283
1470 1105
283 2173
2173 1359
1359 822
822 2827
2827 2226
2827 2615
2226 2237
2226 2776
2237 1703
1703 268
268 2561
268 2135
2561 923
2561 894
923 1267
1267 1829
1267 1497
1829 1855
1855 681
1855 558
681 455
455 1379
1379 391
1379 2304
391 1173
1173 2405
1173 2069
2405 2735
2735 506
506 531
506 1213
531 1400
531 2509
1400 1986
1986 1895
1986 550
1895 1116
1116 1092
1116 165
1092 1856
1092 2316
1856 1148
1148 1316
1148 326
1316 2165
1316 229
2165 705
2165 42
705 2500
2500 118
118 358
358 432
432 1642
1642 686
1642 1555
686 2234
686 967
2234 135
2234 717
135 2134
2134 141
2134 783
141 2455
2455 1451
2455 2847
1451 1413
1413 2789
1413 1846
2789 2793
2789 1268
2793 292
2793 2798
292 2116
292 71
2116 1381
1381 1882
1381 2781
1882 2680
2680 1298
2680 1566
1298 764
1298 188
764 2543
764 2516
2543 2806
2806 1996
1996 2812
1996 2659
2812 2873
2873 2027
2027 210
2027 1838
210 1983
1983 656
656 2510
2510 1430
2510 412
1430 1641
1641 1510
1641 818
1510 1100
1510 2782
1100 1279
1100 499
1279 1611
1611 29
29 1456
29 2635
1456 349
1456 857
349 544
544 177
544 352
177 479
479 1341
479 777
1341 1376
1376 1289
1289 84
84 1573
1573 306
306 2114
306 2874
2114 2752
2752 2660
2660 2062
2062 2457
2062 127
2457 913
913 1436
913 899
1436 930
930 1027
1027 2105
1027 97
2105 1440
1440 2475
1440 2283
2475 2169
2475 47
2169 1632
1632 477
1632 2415
477 643
477 548
643 1225
1225 1898
1225 2141
1898 2382
2382 1441
2382 1800
1441 2541
1441 918
2541 2706
2706 1544
1544 787
1544 2522
787 1200
1200 1881
1200 634
1881 2248
1881 194
2248 2059
2248 1620
2059 1396
2059 1167
1396 1061
1061 1087
1087 1249
1087 2865
1249 1203
1203 2186
2186 981
981 1587
981 2172
1587 2690
2690 1343
2690 2774
1343 1637
1343 1538
1637 402
402 2623
2623 2124
2623 799
2124 53
53 1191
53 1478
1191 2282
2282 1130
2282 2663
1130 2318
2318 1690
1690 454
1690 2651
454 1972
454 745
1972 750
750 2518
750 2515
2518 1964
2518 213
1964 798
798 2379
798 906
2379 68
2379 2200
68 2692
68 1273
2692 834
2692 171
834 590
834 2081
590 2113
2113 770
770 1294
770 551
1294 1545
1294 724
1545 299
299 514
299 2435
514 1174
514 2374
1174 1326
1174 2582
1326 87
1326 2269
87 1960
87 877
1960 716
1960 2319
716 274
716 2296
274 1352
1352 1664
1352 994
1664 435
1664 88
435 124
124 2047
2047 1296
1296 1708
1708 2088
1708 2376
2088 2844
2844 1147
2844 769
1147 1107
1147 61
1107 1650
1107 2309
1650 1851
1851 1324
1851 797
1324 2746
2746 1367
1367 1033
1033 251
251 2181
251 1537
2181 1123
2181 423
1123 424
424 206
206 1024
1024 2408
1024 269
2408 2529
2408 873
2529 120
120 2625
120 1725
2625 910
910 974
974 2302
974 1823
2302 2393
2393 1241
1241 44
1241 523
44 2562
44 1801
2562 11
11 2201
11 1052
2201 852
852 1097
1097 2889
1097 622
2889 1607
1607 2624
1607 2482
2624 684
2624 2587
684 21
684 888
21 1398
21 2254
1398 1901
1901 143
1901 1660
143 688
143 2519
688 1102
688 2792
1102 2671
2671 101
2671 1768
101 472
101 1743
472 1820
472 2380
1820 1494
1494 1000
1494 1629
1000 2076
1000 482
2076 1681
1681 446
446 428
428 1709
428 2833
1709 1550
1550 1152
1152 380
380 785
785 1201
1201 1185
1185 2189
1185 317
2189 2090
2090 1351
2090 2744
1351 1577
1351 1055
1577 676
1577 1255
676 2678
676 1858
2678 362
2678 2287
362 541
362 1710
541 971
971 419
971 1054
419 2451
419 2017
2451 744
2451 1761
744 644
744 2508
644 2573
2573 776
2573 525
776 2264
776 2068
2264 2317
2264 104
2317 414
414 2016
2016 789
789 1808
1808 1115
1808 2219
1115 1077
1115 1966
1077 1950
1077 247
1950 2188
1950 470
2188 1981
2188 1382
1981 398
1981 2894
398 316
398 1643
316 222
222 1388
1388 1873
1388 631
1873 2143
2143 33
2143 1775
33 1072
1072 2676
1072 1361
2676 1896
1896 1651
1896 620
1651 2338
2338 34
2338 277
34 1956
1956 2241
1956 1705
2241 413
413 1154
413 2131
1154 1974
1154 1790
1974 1783
1974 132
1783 2850
2850 263
2850 1754
263 1676
263 2024
1676 1623
1676 1549
1623 864
1623 1558
864 1468
864 2578
1468 2503
1468 2096
2503 1409
2503 845
1409 2710
1409 949
2710 2303
2710 2035
2303 12
2303 2147
12 457
457 19
457 738
19 102
102 2547
2547 2246
2246 1602
2246 2739
1602 948
1602 2528
948 147
147 2108
2108 2112
2112 2696
2112 2064
2696 2740
2740 375
2740 2902
375 2156
375 1930
2156 2192
2156 2856
2192 1364
2192 442
1364 1627
1627 749
749 1070
749 2202
1070 2780
1070 569
2780 1865
2780 1165
1865 1654
1654 2111
1654 2391
2111 1486
1486 1570
1486 1961
1570 1560
1560 202
202 821
821 1434
1434 2315
1434 106
2315 1874
1874 580
1874 585
580 2784
2784 840
840 388
388 91
388 490
91 2049
91 1992
2049 77
2049 2736
77 1879
1879 2640
1879 2005
2640 103
103 715
715 1228
1228 1971
1228 687
1971 1630
1630 1595
1595 1232
1232 2052
2052 1900
2052 1415
1900 1628
1628 2855
1628 2816
2855 2872
2872 389
2872 2656
389 1098
389 1796
1098 308
308 1686
308 2620
1686 1421
1686 2641
1421 833
833 862
833 1622
862 2600
2600 1717
2600 2747
1717 2727
2727 2705
2705 46
2705 1988
46 1959
1959 829
829 2378
2378 1503
2378 2007
1503 1670
1503 2846
1670 207
207 2227
2227 1467
1467 694
694 2675
694 168
2675 1926
1926 1040
1926 1998
1040 1163
1163 2521
2521 2140
2140 2493
2493 1699
1699 2565
2565 1822
1822 334
334 2400
2400 768
768 2857
2857 2779
2857 2231
2779 1525
2779 2654
1525 731
1525 1222
731 1161
731 2060
1161 2758
1161 2145
2758 1083
1083 1958
1958 420
420 701
701 1226
701 2803
1226 547
547 598
547 52
598 237
237 1206
1206 2431
2431 959
2431 1008
959 1264
1264 565
565 983
983 1707
983 396
1707 1968
1968 846
846 878
878 359
878 1404
359 1522
359 1557
1522 1897
1522 2537
1897 2538
1897 1469
2538 1928
2538 1631
1928 405
1928 140
405 1380
405 2566
1380 1030
1380 736
1030 2084
2084 1720
1720 483
483 1113
483 1490
1113 1772
1113 2549
1772 1416
1416 1004
1004 2038
1004 617
2038 2645
2645 2669
2669 1193
2669 926
1193 1423
1423 2643
1423 1438
2643 786
786 2129
786 728
2129 1700
2129 2406
1700 2592
2592 1665
1665 832
832 1520
832 1062
1520 10
1520 2743
10 2103
10 1311
2103 220
2103 2791
220 2474
220 1365
2474 2375
2474 607
2375 2225
2375 2335
2225 720
2225 2009
720 1442
720 1090
1442 895
1442 1127
895 1394
895 134
1394 7
1394 1013
7 310
7 2667
310 652
310 1095
652 2714
2714 2467
2714 2363
2467 2699
2699 1327
1327 1049
1049 1976
1049 957
1976 2411
1976 169
2411 2310
2411 366
2310 225
2310 98
225 2722
2722 790
2722 1826
790 1760
1760 1839
1839 2633
2633 81
81 2360
2360 2672
2360 1922
2672 851
2672 1369
851 1064
1064 1652
1064 2136
1652 2235
1652 2092
2235 2297
2297 2447
2297 1230
2447 2731
2447 972
2731 252
252 1122
1122 59
1122 1384
59 336
59 2611
336 871
336 264
871 2046
2046 1684
2046 2674
1684 1002
1684 1216
1002 2033
1002 1516
2033 800
2033 2152
800 1374
800 2433
1374 491
491 155
491 586
155 2598
155 658
2598 2495
2598 211
2495 1993
1993 2208
1993 2161
2208 2825
2825 1402
2825 1765
1402 2395
2395 1187
1187 817
1187 1457
817 318
817 1025
318 1366
318 722
1366 1565
1565 1414
1414 2074
1414 461
2074 653
653 1580
653 1015
1580 1685
1580 542
1685 1646
1685 2255
1646 911
911 2401
911 2494
2401 246
2401 2719
246 1220
246 2265
1220 153
153 286
286 533
286 1312
533 616
616 599
599 1937
599 2629
1937 1693
1937 1114
1693 2221
1693 238
2221 2308
2308 1975
1975 1519
1975 236
1519 704
704 315
315 1916
315 2026
1916 1973
1973 146
1973 1841
146 1730
146 2748
1730 410
1730 2593
410 2413
410 1552
2413 1375
1375 2368
1375 1944
2368 2245
2245 826
2245 230
826 1487
826 1287
1487 14
14 1949
14 304
1949 2540
2540 73
73 2010
2010 2576
2576 365
2576 1057
365 1615
365 1667
1615 962
1615 2788
962 1582
962 1953
1582 1742
1742 1704
1742 346
1704 1780
1780 205
1780 260
205 588
205 20
588 5
5 1176
1176 1124
1124 904
1124 2730
904 2841
2841 2741
2741 2345
2345 1460
2345 2349
1460 2886
2886 999
2886 2271
999 1837
999 307
1837 2430
2430 2184
2430 990
2184 2783
2783 746
2783 1491
746 1325
746 309
1325 111
111 321
321 1089
321 1885
1089 1318
1318 330
330 1188
330 699
1188 1542
1542 849
1542 2180
849 404
404 2553
404 2022
2553 2762
2553 2661
2762 1125
2762 675
1125 1297
1297 179
179 1335
179 2146
1335 1119
1335 1912
1119 2061
2061 2185
2185 2725
2185 754
2725 771
771 1009
1009 2138
2138 151
151 691
151 50
691 433
433 1139
1139 353
353 390
390 1208
390 452
1208 2901
1208 1170
2901 1288
2901 1051
1288 2700
2700 2436
2700 1386
2436 1502
2436 2082
1502 796
1502 1817
796 2270
2270 2063
2270 671
2063 1662
1662 1135
1662 408
1135 2813
2813 1117
2813 992
1117 484
484 1495
1495 2373
2373 2410
2373 2229
2410 1668
1668 1869
1668 743
1869 1293
1293 291
1293 641
291 221
221 2444
221 469
2444 2489
2489 2175
2489 1272
2175 1539
1539 345
345 2423
345 2120
2423 856
856 1923
856 2176
1923 609
1923 2577
609 664
664 1967
1967 1680
1967 369
1680 2177
1680 1488
2177 1674
1674 434
1674 657
434 685
434 1936
685 665
685 1020
665 289
289 941
941 757
757 1198
757 22
1198 1473
1198 2003
1473 1762
1762 1599
1599 332
1599 2517
332 2214
2214 471
471 2119
2119 2821
2119 2658
2821 1205
1205 418
1205 198
418 2653
418 2558
2653 2627
2653 2448
2627 1060
1060 2687
2687 2728
2728 1657
1657 524
524 2313
2313 2402
2313 279
2402 2422
2422 459
2422 85
459 1794
459 2677
1794 2362
2362 144
2362 1802
144 2412
144 1074
2412 2346
2412 1827
2346 2822
2822 2258
2258 2810
2258 741
2810 1939
1939 976
976 302
302 1659
1659 152
152 1694
152 2087
1694 1909
1694 2325
1909 2099
2099 2866
2099 214
2866 8
2866 475
8 2717
8 890
2717 1875
2717 487
1875 1391
1391 2764
1391 174
2764 360
360 2342
2342 170
170 1889
1889 2755
2755 1980
2755 1942
1980 2154
1980 621
2154 2823
2823 1656
1656 604
1656 67
604 2732
2732 197
197 164
164 311
164 1179
311 1507
1507 1719
1507 3
1719 265
265 520
520 2742
520 2605
2742 509
2742 2751
509 963
963 2277
2277 1530
1530 2289
2289 1770
2289 2104
1770 952
1770 1210
952 583
952 922
583 1870
583 993
1870 451
451 48
451 2327
48 2689
48 917
2689 2361
2689 2826
2361 2868
2361 49
2868 25
2868 2018
25 2476
25 2386
2476 464
2476 2583
464 173
173 2326
2326 436
2326 560
436 1987
1987 1965
1987 2030
1965 725
725 126
126 243
243 763
763 965
965 2904
965 2574
2904 1691
2904 421
1691 1085
1085 2002
1085 2893
2002 528
2002 2575
528 512
512 1931
512 1748
1931 1805
1805 154
154 887
154 812
887 1505
1505 219
1505 1910
219 2054
219 2174
2054 1814
1814 1231
1231 546
546 700
700 149
149 1501
149 2153
1501 889
889 1617
1617 1568
1568 381
381 595
381 2673
595 1493
595 966
1493 2900
1493 1601
2900 1378
1378 1005
1005 2456
2456 209
2456 651
209 1104
1104 1071
1071 953
1071 312
953 2037
2037 2008
2037 319
2008 2652
2008 517
2652 1181
1181 1777
1181 816
1777 1701
1777 406
1701 462
462 2556
462 1211
2556 654
654 2767
654 17
2767 2757
2757 1518
2757 660
1518 920
1518 742
920 1540
1540 1584
1584 1758
1584 1420
1758 105
105 1724
105 1003
1724 2385
1724 293
2385 254
2385 529
254 1471
254 36
1471 1499
