1 2467 93989809
1989 958
1989 713
958 1902
958 731
1902 359
359 1762
359 2250
1762 599
1762 1343
599 2437
599 612
2437 2154
2437 66
2154 704
704 1333
704 1659
1333 1366
1366 1756
1366 2406
1756 2261
2261 1791
2261 483
1791 1421
1421 402
1421 1017
402 259
259 1727
259 2438
1727 2193
1727 1364
2193 2269
2193 723
2269 1489
1489 832
1489 2160
832 12
832 62
12 1009
12 104
1009 2440
2440 309
309 1865
1865 809
1865 1543
809 1508
809 1920
1508 2015
1508 1532
2015 346
346 1955
1955 2330
1955 114
2330 1504
1504 318
1504 687
318 326
318 1004
326 2398
2398 1360
1360 2446
2446 261
2446 538
261 1648
1648 2137
1648 2093
2137 686
2137 1423
686 1247
1247 2120
1247 1075
2120 1929
2120 514
1929 316
316 1102
316 251
1102 368
1102 2425
368 1618
1618 1070
1070 1849
1849 1109
1109 785
1109 1315
785 762
762 2237
762 2134
2237 168
168 176
176 1382
176 1060
1382 1153
1153 2129
2129 293
2129 819
293 1195
293 1555
1195 1459
1459 2328
1459 618
2328 409
2328 2443
409 473
409 1144
473 2248
473 952
2248 90
2248 107
90 1269
1269 1005
1005 1790
1005 355
1790 1192
1192 1259
1192 1925
1259 2074
1259 1320
2074 1773
1773 1719
1773 455
1719 794
794 712
794 651
712 1229
712 938
1229 1672
1672 1000
1000 778
778 1625
1625 1302
1625 1183
1302 992
1302 1680
992 1640
992 1759
1640 767
1640 2404
767 603
767 1461
603 1813
603 1541
1813 1959
1959 173
1959 966
173 1660
173 1644
1660 1496
1496 2416
1496 1104
2416 2179
2179 620
620 532
532 2254
2254 1862
2254 1958
1862 83
1862 405
83 1627
83 1978
1627 707
707 1289
707 1636
1289 516
1289 1042
516 1828
516 198
1828 564
564 385
385 51
51 2169
51 873
2169 1342
2169 1196
1342 1720
1720 1226
1720 164
1226 1639
1639 2283
2283 1481
1481 2271
1481 1871
2271 1603
1603 2253
2253 2436
2436 449
449 893
893 1205
893 1415
1205 1399
1205 1923
1399 2223
1399 91
2223 1402
1402 137
137 209
137 133
209 1896
1896 1566
1896 108
1566 1562
1562 1149
1562 2122
1149 797
1149 1503
797 2355
797 710
2355 1254
1254 1886
1254 1294
1886 1768
1886 1068
1768 724
724 2455
724 551
2455 231
2455 1630
231 885
231 1338
885 646
646 2428
2428 1260
1260 494
494 1613
494 1713
1613 557
557 806
806 1095
1095 1711
1711 422
422 540
422 1823
540 1412
540 1523
1412 780
1412 295
780 172
172 907
172 1041
907 1754
907 1781
1754 991
991 526
526 1021
526 641
1021 1086
1086 325
1086 136
325 98
98 1729
98 270
1729 1047
1047 2092
1047 493
2092 947
947 1478
947 1667
1478 1683
1683 2459
1683 2039
2459 1022
1022 1911
1911 1172
1172 127
127 1679
1679 1158
1158 1392
1158 486
1392 1526
1526 376
376 1329
376 993
1329 2343
2343 933
2343 936
933 1450
1450 2311
1450 1632
2311 984
984 350
984 833
350 1414
350 963
1414 1905
1905 1190
1190 2151
2151 1889
1889 1197
1889 1587
1197 1858
1858 2213
1858 254
2213 1140
2213 524
1140 1723
1723 1287
1287 194
194 187
194 1529
187 367
367 1363
1363 2098
2098 913
913 1819
913 2412
1819 1400
1400 517
517 2182
517 2302
2182 357
2182 369
357 348
348 1772
348 1377
1772 1501
1501 242
1501 2239
242 1233
1233 2356
2356 1356
2356 1582
1356 596
1356 1629
596 1691
1691 1337
1337 2114
2114 427
2114 1869
427 2433
2433 2029
2433 30
2029 2150
2029 615
2150 1699
2150 481
1699 855
855 775
855 741
775 277
775 919
277 2101
2101 631
2101 836
631 470
631 1502
470 751
751 1029
1029 9
9 804
804 1479
1479 1001
1001 1850
1001 347
1850 1588
1588 658
1588 152
658 1310
1310 752
1310 2423
752 2166
752 2354
2166 382
382 808
808 1570
808 2189
1570 1740
1740 1880
1880 529
529 519
529 755
519 1831
1831 337
337 1188
1188 709
1188 1101
709 1334
709 215
1334 1539
1539 2181
1539 2119
2181 387
2181 671
387 14
14 1089
14 1774
1089 1830
1089 281
1830 2080
2080 1433
2080 810
1433 989
989 1921
1921 2316
2316 759
759 1452
1452 2103
2103 1520
2103 1634
1520 2361
1520 228
2361 1956
1956 2290
2290 2176
2290 2349
2176 821
2176 1967
821 684
821 1649
684 226
684 306
226 583
226 545
583 21
21 2263
2263 801
2263 243
801 1279
1279 1084
1279 1738
1084 800
800 167
800 609
167 206
206 1238
1238 782
782 1389
1389 1321
1321 1417
1321 218
1417 562
562 951
562 1295
951 1900
951 1706
1900 1846
1900 1796
1846 2123
1846 241
2123 1851
1851 588
588 1235
588 2066
1235 1370
1235 1318
1370 2046
2046 744
2046 706
744 822
822 1930
1930 900
1930 1111
900 1535
900 2186
1535 970
1535 818
970 156
156 269
269 17
17 2157
17 1046
2157 2225
2225 1137
2225 2167
1137 1949
1949 1766
1949 278
1766 19
1766 1755
19 2084
2084 606
2084 488
606 2019
2019 1426
1426 1123
1426 649
1123 1053
1123 1522
1053 1127
1053 973
1127 703
703 1118
1118 191
1118 743
191 2032
191 123
2032 1353
2032 967
1353 1267
1353 1751
1267 1822
1267 2390
1822 853
853 1673
853 300
1673 288
288 268
288 343
268 1325
268 2023
1325 1646
1646 512
512 2197
2197 844
2197 863
844 1035
1035 2383
1035 1922
2383 2076
2076 1258
2076 779
1258 2215
1258 546
2215 2418
2215 786
2418 1345
1345 2139
1345 1684
2139 1156
2139 2113
1156 81
81 2334
2334 1533
2334 1678
1533 2360
2360 862
2360 2431
862 2285
862 157
2285 1045
1045 1023
1023 67
1023 602
67 89
89 1932
89 106
1932 1245
1932 1312
1245 2071
1245 726
2071 1434
1434 968
968 831
968 2062
831 828
831 2291
828 324
828 881
324 1718
1718 2016
1718 1418
2016 916
2016 696
916 1915
1915 1567
1567 1548
1548 413
1548 423
413 934
934 1340
934 1517
1340 1581
1340 2306
1581 1610
1581 2410
1610 1827
1610 1655
1827 1374
1374 490
490 668
668 2070
2070 1980
1980 768
768 1894
1894 1758
1894 1895
1758 1866
1866 365
1866 666
365 2377
365 2209
2377 22
2377 697
22 2145
22 289
2145 1394
1394 1641
1394 1601
1641 1073
1641 525
1073 1266
1073 2220
1266 23
1266 941
23 212
212 875
212 33
875 1577
875 1919
1577 2281
1577 2435
2281 1604
1604 2319
2319 1881
2319 2205
1881 419
419 1375
419 1833
1375 477
477 441
477 1034
441 1992
1992 428
1992 496
428 1460
428 307
1460 149
1460 1435
149 2024
149 417
2024 1066
1066 40
40 1082
40 464
1082 1495
1495 2279
1495 1219
2279 1840
2279 1665
1840 1864
1840 1346
1864 581
1864 272
581 1987
1987 644
644 1055
1055 1578
1055 634
1578 2002
1578 2321
2002 2339
2339 827
2339 845
827 1579
827 2060
1579 2268
2268 1794
2268 2198
1794 391
1794 1180
391 1475
1475 145
145 715
715 1011
715 351
1011 691
1011 92
691 2460
2460 1584
1584 1328
1584 1274
1328 1797
1797 2048
2048 1076
2048 702
1076 1396
1396 746
1396 1961
746 1255
1255 1974
1974 479
1974 679
479 1043
1043 948
948 169
169 400
400 630
400 1249
630 667
630 2030
667 2369
667 2236
2369 2448
2448 1682
1682 1995
1682 1709
1995 544
544 2069
544 1692
2069 1661
1661 584
584 2465
584 73
2465 899
2465 52
899 1049
1049 1385
1049 2348
1385 587
1385 1168
587 113
587 2054
113 1420
113 1792
1420 1999
1420 1157
1999 772
772 1739
1739 1427
1739 1187
1427 980
980 2362
2362 372
372 513
372 109
513 935
513 75
935 1
1 851
1 418
851 579
579 1651
1651 617
617 1518
617 1087
1518 2104
1518 2072
2104 1965
1965 939
1965 2200
939 520
939 2246
520 1015
520 2022
1015 275
1015 957
275 1430
1430 1953
1953 47
1953 1368
47 1057
1057 1750
1750 1246
1750 971
1246 949
1246 757
949 719
719 846
719 2252
846 1065
1065 1536
1536 1436
1536 1892
1436 120
1436 237
120 2105
2105 504
2105 2067
504 340
340 121
340 434
121 960
121 395
960 2203
2203 824
2203 1303
824 1117
824 474
1117 2259
2259 1757
2259 1600
1757 1113
1113 1291
1291 1387
1387 918
918 1347
918 1537
1347 135
135 856
135 2058
856 2228
2228 1212
2228 93
1212 1970
1970 1444
1444 1688
1688 2163
2163 448
448 604
604 886
886 1564
886 1593
1564 2148
2148 792
2148 1112
792 11
11 1189
1189 1942
1189 1013
1942 760
760 843
843 468
468 1847
468 1764
1847 415
1847 232
415 2227
2227 1288
2227 915
1288 1647
1288 1788
1647 865
865 903
903 1074
903 1462
1074 2407
1074 2055
2407 523
523 1133
1133 1549
1549 1447
1447 1609
1609 2273
1609 1293
2273 922
2273 1694
922 943
922 1968
943 125
125 2260
125 1904
2260 2310
2310 1556
1556 2082
1556 2219
2082 394
2082 1695
394 2320
2320 878
2320 1829
878 2304
878 914
2304 858
858 623
858 735
623 1708
1708 310
310 1283
310 1742
1283 1544
1544 1964
1964 1726
1964 1743
1726 708
708 16
16 1119
16 421
1119 1521
1119 440
1521 2010
1521 1410
2010 1592
1592 1275
1592 223
1275 420
420 1039
420 1273
1039 1411
1039 505
1411 1276
1411 2040
1276 1285
1276 906
1285 2212
1285 129
2212 26
26 208
26 1883
208 1731
1731 1760
1731 6
1760 88
1760 1099
88 888
88 1250
888 745
888 585
745 1963
1963 2235
1963 866
2235 1966
1966 2047
1966 2216
2047 595
595 1507
595 1492
1507 244
1507 1783
244 36
36 932
36 983
932 864
864 1242
864 63
1242 1200
1242 1675
1200 328
328 680
328 1619
680 158
680 482
158 578
158 2419
578 276
578 431
276 2211
2211 239
239 502
502 31
31 2379
31 2454
2379 128
2379 1179
128 1128
128 1268
1128 636
1128 1962
636 188
188 465
465 1422
465 2118
1422 672
672 257
672 291
257 437
257 1990
437 1690
1690 1524
1690 2274
1524 874
1524 1059
874 616
616 2001
2001 813
813 443
813 1944
443 331
443 1563
331 1378
331 366
1378 1361
1361 59
1361 1348
59 262
59 1597
262 25
262 2359
25 950
25 2464
950 1730
950 1093
1730 2217
1730 1879
2217 871
2217 1876
871 1307
1307 593
593 60
593 432
60 2020
60 2295
2020 1391
2020 1136
1391 1761
1391 390
1761 642
1761 569
642 891
642 501
891 377
377 248
248 388
248 802
388 1816
388 839
1816 956
956 591
956 381
591 1319
1319 2112
2112 2218
2218 1947
1947 650
1947 789
650 2164
2164 1027
1027 536
536 1132
1132 2214
1132 2251
2214 656
2214 322
656 2358
656 1054
2358 246
2358 1308
246 329
246 537
329 1689
329 1809
1689 904
1689 1494
904 80
80 576
576 297
297 1748
297 1656
1748 803
803 18
803 2017
18 2324
2324 179
2324 1152
179 830
830 116
116 1025
1025 882
1025 1121
882 1716
882 2108
1716 2147
1716 2449
2147 1874
1874 446
446 1638
1638 1171
1638 621
1171 1488
1488 1854
1854 1975
1975 1697
1697 190
1697 1530
190 2199
190 1838
2199 53
53 628
53 2439
628 1379
628 1497
1379 999
999 2027
999 1191
2027 2224
2027 506
2224 416
2224 1954
416 1184
416 1596
1184 2034
2034 507
507 245
507 1917
245 1506
245 1106
1506 500
500 1224
500 203
1224 2045
1224 56
2045 220
2045 1552
220 911
220 1261
911 1058
911 1406
1058 860
860 1971
860 964
1971 2397
2397 1668
2397 2232
1668 1779
1668 2380
1779 2041
2041 1933
2041 2035
1933 321
1933 77
321 920
920 1090
1090 199
199 213
199 1569
213 43
213 95
43 773
43 1443
773 1164
773 1714
1164 2053
1164 151
2053 877
2053 614
877 1482
877 1309
1482 974
1482 1094
974 1884
1884 647
1884 161
647 287
287 435
435 838
435 2262
838 2315
838 784
2315 732
2315 815
732 1890
1890 360
360 902
902 592
902 1897
592 364
364 1898
1898 664
664 2430
2430 94
2430 2091
94 1784
94 1614
1784 1198
1198 905
1198 299
905 65
65 478
478 396
396 1114
396 320
1114 1997
1997 1061
1061 1253
1061 1559
1253 2403
2403 1208
1208 1210
1210 1875
1210 1424
1875 338
338 2366
2366 575
2366 1395
575 2466
2466 2336
2466 1643
2336 1097
1097 880
1097 608
880 2170
880 1808
2170 1050
1050 236
236 2115
236 1550
2115 1161
2115 1516
1161 2109
1161 1996
2109 2391
2109 662
2391 1404
2391 1016
1404 119
119 1381
1381 1602
1602 352
1602 1814
352 457
352 1163
457 1721
457 489
1721 942
942 2083
942 412
2083 374
374 439
439 2293
2293 305
2293 265
305 982
982 1666
1666 451
1666 1617
451 1335
451 189
1335 2266
2266 2018
2018 1215
1215 698
698 1206
698 425
1206 2335
2335 1386
1386 32
32 271
271 1599
271 1945
1599 1067
1599 2413
1067 1458
1067 1147
1458 1558
1458 184
1558 1616
1616 1271
1271 2378
1271 1657
2378 1080
1080 683
683 2307
683 580
2307 1907
2307 522
1907 2408
2408 2305
2305 1977
1977 1145
1145 96
96 50
96 1928
50 2384
2384 979
2384 181
979 625
979 1048
625 2317
2317 378
378 2417
2417 131
131 2110
131 861
2110 2427
2427 497
2427 1028
497 2392
497 1512
2392 700
2392 2461
700 2140
2140 2096
2096 2078
2078 2180
2078 766
2180 1509
1509 747
747 2005
747 2013
2005 2308
2005 392
2308 2184
2308 1780
2184 2172
2172 527
527 1103
527 1401
1103 1606
1606 298
298 1652
298 2462
1652 55
1652 1938
55 8
55 1806
8 1832
1832 2299
2299 554
554 556
554 869
556 480
556 811
480 826
826 1105
826 487
1105 102
102 682
102 1698
682 258
258 1946
1946 769
1946 1985
769 229
769 796
229 1020
1020 1752
1752 214
214 624
624 57
624 44
57 521
521 928
521 857
928 1628
1628 1798
1628 660
1798 1777
1777 1703
1777 1225
1703 1142
1142 1611
1611 1439
1439 313
1439 1793
313 1138
1138 2429
2429 1465
1465 1491
1465 2175
1491 627
1491 547
627 927
627 1645
927 2011
927 1863
2011 2131
2011 2178
2131 2230
2230 280
2230 111
280 1982
1982 2159
2159 2012
2012 1154
2012 2146
1154 453
1154 820
453 296
296 2057
2057 2401
2401 2095
2401 1477
2095 1081
1081 1221
1081 1734
1221 2309
1221 118
2309 574
2309 207
574 515
574 2405
515 640
515 124
640 2097
640 573
2097 1431
1431 1062
1062 2395
1062 35
2395 1069
1069 1557
1557 1416
1416 548
1416 1251
548 2202
2202 1454
2202 1882
1454 1419
1419 1595
1419 2373
1595 1072
1595 2004
1072 2276
2276 1470
1470 1148
1148 2196
1148 1722
2196 398
398 2152
2152 788
2152 2370
788 461
788 1182
461 1248
461 393
1248 230
1248 1969
230 1355
230 559
1355 688
1355 2280
688 1167
688 2135
1167 2382
2382 2312
2312 1778
1778 1124
1778 1350
1124 2294
2294 2452
2294 2393
2452 1767
2452 1607
1767 518
1767 37
518 930
930 2432
930 1984
2432 1835
1835 652
652 1787
652 1935
1787 1901
1901 648
648 1286
648 1051
1286 1472
1472 1635
1635 1409
1635 193
1409 1299
1299 24
24 605
24 1169
605 2168
2168 2014
2168 1354
2014 677
677 586
677 761
586 491
586 1598
491 2128
491 2185
2128 879
879 192
879 1008
192 1440
1440 1146
1440 74
1146 1519
1519 1878
1519 308
1878 1476
1878 1687
1476 694
1476 1327
694 912
694 1265
912 1297
1297 986
1297 211
986 1464
986 1451
1464 327
327 1870
1870 484
484 2456
484 953
2456 2050
2050 1710
2050 196
1710 282
282 175
282 2301
175 2183
2183 823
823 1861
1861 1700
1861 2350
1700 722
1700 990
722 2249
2249 142
142 2138
142 637
2138 342
2138 354
342 1262
1262 2075
1262 638
2075 1429
2075 1453
1429 629
629 1380
629 1654
1380 2441
1380 1234
2441 1776
2441 217
1776 475
1776 2188
475 499
499 1033
1033 2286
2286 162
162 1445
1445 2329
1445 1311
2329 987
987 931
931 5
931 2351
5 1622
1622 2450
2450 1290
2450 1211
1290 1795
1795 1209
1795 1175
1209 1202
1209 1586
1202 1213
1213 2126
1213 301
2126 1096
1096 2247
1096 1292
2247 1203
2247 1511
1203 2411
2411 633
2411 122
633 2318
2318 1487
2318 54
1487 138
1487 100
138 1077
1077 1913
1077 2207
1913 675
1913 1565
675 1576
675 2102
1576 791
1576 959
791 632
791 2292
632 1485
632 1052
1485 253
253 2344
253 85
2344 219
219 132
132 1670
132 511
1670 1916
1916 2031
1916 1437
2031 1786
2031 742
1786 1941
1786 1642
1941 2149
1941 1877
2149 1804
1804 549
549 2000
549 1270
2000 166
2000 1873
166 101
101 235
101 240
235 1122
1122 2043
1122 146
2043 7
7 2233
7 1030
2233 450
450 1026
1026 740
740 1281
1281 883
1281 781
883 267
883 323
267 1988
1988 1159
1159 202
1159 635
202 1405
202 2451
1405 1079
1079 539
1079 2371
539 840
840 3
3 692
3 2331
692 1775
1775 117
117 430
430 1712
1712 2244
1712 1855
2244 1979
2244 1658
1979 397
397 2086
397 178
2086 1746
2086 1403
1746 848
1746 1484
848 730
730 969
969 655
655 317
317 2065
2065 663
663 1852
663 749
1852 1322
1322 183
183 1341
183 1216
1341 558
1341 2275
558 1589
558 689
1589 1624
1589 1130
1624 1671
1671 1313
1671 2021
1313 1499
1499 335
335 1002
1002 304
304 2434
2434 1064
2434 1301
1064 1390
1064 1590
1390 476
1390 892
476 1811
476 1199
1811 1032
1032 1626
1032 2409
1626 1177
1177 1733
1733 555
1733 234
555 433
555 384
433 1272
433 498
1272 1083
1083 76
1083 1525
76 2323
76 1765
2323 1466
2323 1056
1466 711
1466 1572
711 1214
711 1580
1214 981
1214 204
981 1934
1934 901
901 1240
901 4
1240 153
153 42
42 1885
42 147
1885 69
1885 356
69 2467
2467 466
2467 1981
466 1818
1818 345
345 2161
345 720
2161 2064
2161 2038
2064 2341
2341 2106
2341 777
2106 2386
2106 411
2386 1924
2386 896
1924 1078
1078 534
534 972
972 1178
972 454
1178 940
940 1044
1044 1926
1926 264
1926 197
264 2296
2296 38
2296 849
38 1143
38 1732
1143 639
639 945
945 799
799 283
799 200
283 2399
283 560
2399 49
49 1701
1701 571
571 1763
571 895
1763 693
693 1115
693 994
1115 1227
1115 1448
1227 1914
1914 233
233 79
79 1304
79 2006
1304 2087
2087 1623
2087 1092
1623 2234
2234 790
790 134
134 1972
1972 645
645 1662
1662 485
1662 1771
485 2287
2287 314
314 2332
314 1441
2332 1038
2332 1802
1038 1805
1805 1859
1805 2458
1859 1728
1728 541
541 1986
1986 144
144 1305
1305 71
1305 2388
71 653
71 728
653 1737
653 10
1737 738
1737 725
738 2044
2044 112
112 661
112 1277
661 509
509 1010
1010 1860
1010 1551
1860 1407
1860 1098
1407 705
1407 1108
705 567
705 1467
567 1891
567 1834
1891 250
1891 2267
250 997
997 1903
997 403
1903 670
1903 2201
670 2256
670 210
2256 1244
1244 1845
1244 1844
1845 1116
1845 1222
1116 610
610 859
859 130
130 177
177 925
177 854
925 1282
1282 2255
1282 353
2255 1514
1514 45
45 561
561 622
622 2376
2376 611
611 718
611 1583
718 2028
2028 1560
1560 1372
1372 1631
1372 553
1631 58
58 216
58 1848
216 103
216 590
103 2210
103 1298
2210 2116
2116 510
2116 1528
510 1952
1952 1810
1810 2025
2025 1868
1868 1799
1799 1150
1799 1741
1150 837
1150 1538
837 1166
1166 570
570 2402
2402 444
2402 1317
444 619
619 1998
1998 1314
1314 170
170 1936
170 1280
1936 508
508 1438
1438 876
1438 613
876 1362
1362 1745
1362 445
1745 577
577 1457
1457 154
154 737
154 1696
737 1019
1019 115
115 1284
1284 2094
1284 1160
2094 1135
2094 798
1135 34
34 2056
2056 2222
2056 1605
2222 1527
1527 908
908 61
908 2111
61 2142
61 404
2142 1040
2142 2375
1040 2
1040 825
2 2426
2426 1943
2426 1574
1943 82
1943 1357
82 734
734 889
734 771
889 1471
889 776
1471 1352
1352 2088
1352 1686
2088 27
27 678
678 867
867 1812
1812 1323
1323 748
1323 375
748 2385
2385 2121
2121 344
2121 312
344 2463
344 389
2463 1747
2463 894
1747 1324
1324 1326
1324 1918
1326 424
1326 2077
424 793
424 373
793 260
260 1170
260 898
1170 1770
1170 1960
1770 2337
2337 294
2337 28
294 1887
1887 917
1887 363
917 222
917 2374
222 2272
2272 1542
2272 2442
1542 46
1542 530
46 1736
1736 2365
1736 1615
2365 182
182 1681
1681 2100
1681 1220
2100 2327
2327 1344
1344 2033
2033 2155
2033 1129
2155 2068
2068 1650
1650 1633
1633 783
1633 816
783 1749
783 1821
1749 84
84 962
962 349
349 70
70 1141
1141 2326
1141 1493
2326 1384
2326 362
1384 2229
2229 2338
2338 1669
2338 716
1669 163
163 2424
163 975
2424 2257
2257 868
868 284
284 1359
284 503
1359 739
739 2132
2132 2322
2322 1371
2322 2325
1371 1358
1358 2238
2238 988
988 1735
1735 1383
1383 442
442 1653
1653 2277
1653 336
2277 1931
2277 15
1931 2447
1931 1223
2447 2052
2447 386
2052 2396
2396 1575
1575 1906
1906 812
812 39
39 829
39 303
829 462
829 937
462 1856
1856 870
1856 550
870 1300
870 1018
1300 1237
1300 965
1237 1228
1237 807
1228 817
817 1463
817 247
1463 1950
1950 1469
1469 2090
1469 1456
2090 1217
2090 2133
1217 1715
1715 758
1715 676
758 2372
2372 155
2372 447
155 1349
1349 2346
1349 1857
2346 1336
2346 1621
1336 814
1336 1909
814 263
814 1257
263 1468
1468 774
774 2194
774 2009
2194 1186
2194 565
1186 2240
2240 2008
2240 2195
2008 1927
2008 1993
1927 1230
1230 1800
1230 923
1800 946
946 1088
1088 721
721 2085
721 1820
2085 2171
2085 72
2171 1545
1545 1332
1332 1006
1332 847
1006 2422
2422 701
2422 890
701 160
701 2191
160 1973
1973 1398
1398 1063
1063 2300
1063 976
2300 2141
2300 1676
2141 1231
2141 1425
1231 729
729 492
729 1139
492 1910
492 2107
1910 1867
1867 2162
2162 1176
2162 1194
1176 126
126 2444
126 1677
2444 929
929 754
929 2173
754 227
227 225
227 1036
225 29
29 1547
29 256
1547 2156
1547 750
2156 1705
1705 2190
1705 1620
2190 330
330 673
673 533
533 2387
2387 1534
2387 1316
1534 897
897 249
249 1842
1842 607
607 1193
607 996
1193 944
944 1071
1071 186
1071 1474
186 566
566 1513
1513 884
1513 180
884 1351
884 2278
1351 13
13 463
13 2352
463 1785
1785 2059
2059 1769
1769 2342
1769 674
2342 1232
2342 1571
1232 995
995 542
995 1204
542 961
542 48
961 643
961 1663
643 1339
1339 2174
1339 850
2174 2079
2174 2313
2079 926
926 2143
2143 2007
2143 2457
2007 1515
2007 1702
1515 1498
1498 286
286 274
274 2003
274 285
2003 1826
1826 1983
1826 978
1983 1553
1553 552
552 2192
552 2125
2192 459
2192 2353
459 471
471 2117
2117 333
2117 563
333 998
998 2381
998 290
2381 436
436 1836
1836 1486
1486 458
458 1817
1817 2420
2420 1331
1331 2177
2177 528
528 1899
1899 1367
1367 1442
1367 1490
1442 1531
1442 110
1531 315
315 221
315 1134
221 1165
1165 238
238 460
238 2364
460 2258
460 1181
2258 1991
1991 2130
1991 669
2130 195
195 469
195 1037
469 1612
469 150
1612 582
1612 292
582 1201
1201 2363
2363 452
2363 985
452 2297
452 266
2297 1218
1218 763
1218 1782
763 2284
2284 1976
2284 1608
1976 1306
1306 910
1306 2042
910 1330
1330 2242
2242 2453
2453 1091
2453 2051
1091 1540
1091 1554
1540 143
1540 1455
143 1789
1789 2037
2037 1480
2037 2099
1480 2187
2187 1707
1707 1546
1707 921
1546 2265
2265 141
141 2270
2270 2124
2124 495
495 2136
495 319
2136 41
41 334
41 1110
334 909
909 2144
2144 2282
2282 2073
2073 714
2073 361
714 1951
1951 201
1951 379
201 414
414 1174
414 1278
1174 601
601 1207
1207 1725
1207 872
1725 1685
1725 2314
1685 2400
2400 401
401 1131
401 1664
1131 2036
2036 171
2036 2288
171 2231
2231 2414
2231 765
2414 426
426 383
426 1841
383 1413
383 1388
1413 140
140 1824
140 589
1824 2026
1824 1155
2026 185
185 1637
185 1505
1637 685
685 1807
685 406
1807 568
1807 597
568 1803
568 1500
1803 279
279 717
279 438
717 2206
2206 1031
1031 2226
1031 1568
2226 273
273 795
273 2415
795 1948
1948 764
764 2367
764 472
2367 1151
2367 1085
1151 1432
1432 370
1432 68
370 699
699 399
399 1825
1825 531
531 1893
531 955
1893 224
1893 2421
224 1256
224 371
1256 2049
2049 1264
1264 835
1264 1397
835 1573
835 2333
1573 954
1573 2340
954 1236
1236 600
600 665
665 736
665 1888
736 543
736 1014
543 1753
1753 598
1753 105
598 174
598 380
174 2298
174 2289
2298 753
2298 2165
753 1393
753 1126
1393 1483
1393 1843
1483 842
842 2208
842 205
2208 681
2208 1376
681 1107
1107 2063
1107 2089
2063 339
2063 1744
339 1801
339 2347
1801 87
87 407
407 1100
1100 1912
1912 20
20 1428
20 626
1428 1185
1428 1296
1185 1263
1263 2394
1263 1173
2394 1693
2394 1473
1693 1674
1693 97
1674 1243
1243 2389
2389 756
2389 1724
756 841
841 1241
841 2368
1241 99
99 1239
1239 165
1239 1908
165 139
165 2158
139 2241
139 252
2241 1853
2241 1125
1853 572
572 467
467 535
535 690
690 2221
2221 887
2221 86
887 2153
2153 2127
2153 341
2127 1717
1717 1120
1120 255
255 148
255 1012
148 733
733 1408
1408 657
1408 1365
657 654
657 1591
654 1939
654 2204
1939 1957
1939 2245
1957 2061
1957 924
2061 977
977 805
805 2357
805 1510
2357 1561
1561 302
1561 1940
302 1815
1815 1024
1815 2345
1024 332
1024 1704
332 852
852 695
695 159
159 1839
1839 358
358 1003
1003 1162
1003 594
1162 410
410 1373
410 2264
1373 429
1373 78
429 659
659 1837
659 2303
1837 2081
2081 770
770 1446
770 1585
1446 456
456 727
727 1872
727 1937
1872 64
64 408
408 311
408 1007
311 1369
1369 1252
1252 1594
1252 1449
1594 787
787 2243
787 2445
2243 834
2243 1994
