3 1348 7457
2 3
3 1
196 1223
1223 142
1223 1342
142 434
142 244
434 1333
434 555
1333 676
1333 132
676 332
332 805
332 497
805 1111
805 1304
1111 682
1111 429
682 1013
1013 1151
1013 1328
1151 41
41 1104
41 1340
1104 534
1104 228
534 341
534 568
341 20
341 1174
20 500
20 999
500 1088
1088 1228
1228 850
850 350
350 619
350 342
619 301
301 1217
1217 738
1217 842
738 288
288 235
288 983
235 527
527 1246
1246 1208
1208 218
1208 137
218 452
218 691
452 371
452 385
371 560
560 964
560 889
964 1067
964 583
1067 921
1067 659
921 1293
921 961
1293 994
994 122
994 762
122 526
526 699
699 551
699 586
551 663
663 306
306 955
306 624
955 982
955 972
982 683
683 637
683 1113
637 535
637 617
535 723
535 869
723 124
124 654
124 549
654 152
152 251
251 1219
251 797
1219 647
1219 969
647 914
647 782
914 153
914 1225
153 225
225 222
225 628
222 237
237 254
237 191
254 1036
1036 1238
1238 313
1238 1199
313 858
858 938
858 607
938 930
938 1139
930 1029
930 267
1029 1152
1152 502
502 892
502 472
892 271
892 1131
271 626
626 401
401 825
825 897
825 1035
897 768
897 629
768 1220
768 110
1220 494
1220 1282
494 989
494 1227
989 623
623 541
623 170
541 303
303 136
303 722
136 1103
136 121
1103 426
1103 1318
426 780
426 557
780 883
883 27
27 888
888 344
888 746
344 556
344 689
556 896
896 621
621 1260
621 439
1260 139
1260 487
139 1272
139 561
1272 579
579 95
95 318
95 291
318 1222
318 775
1222 59
1222 1089
59 47
59 1084
47 767
47 655
767 404
404 311
311 680
311 214
680 1295
1295 1195
1195 378
378 868
378 789
868 413
868 1196
413 821
413 250
821 212
821 913
212 834
212 566
834 672
672 25
25 449
25 1296
449 1140
1140 832
1140 1048
832 1212
832 347
1212 316
316 377
316 322
377 286
377 15
286 72
286 68
72 1072
1072 609
609 187
609 622
187 24
24 1277
24 277
1277 337
1277 1146
337 432
432 510
432 359
510 421
421 847
847 992
847 1184
992 370
992 312
370 1311
1311 856
856 278
278 29
278 614
29 78
29 1010
78 966
78 754
966 975
966 744
975 1204
1204 905
905 272
905 1226
272 354
272 1037
354 1233
354 156
1233 99
1233 902
99 1100
99 467
1100 283
283 1286
283 229
1286 1159
1159 1234
1159 785
1234 92
92 1251
1251 687
687 876
876 547
876 851
547 188
188 727
188 610
727 1175
727 1064
1175 205
1175 597
205 1003
1003 796
1003 16
796 936
936 1122
936 60
1122 533
533 264
264 1115
1115 91
91 382
91 1030
382 1281
382 207
1281 812
1281 715
812 894
812 648
894 1294
894 189
1294 1144
1294 376
1144 384
384 1249
1249 62
62 1186
62 105
1186 310
1186 106
310 1241
310 977
1241 513
1241 943
513 1
513 56
1 505
505 1120
505 265
1120 528
528 131
528 946
131 904
131 408
904 907
907 1004
1004 7
7 515
7 911
515 1345
1345 725
1345 11
725 1215
725 363
1215 906
906 1063
1063 919
1063 525
919 64
919 202
64 501
64 393
501 720
501 602
720 652
652 1306
1306 232
1306 365
232 1096
232 147
1096 511
1096 133
511 37
37 1305
37 224
1305 1105
1105 415
415 743
415 877
743 22
22 491
22 536
491 901
491 476
901 1256
901 1201
1256 779
779 1177
779 220
1177 857
1177 107
857 939
857 184
939 855
939 1078
855 1055
855 81
1055 150
150 233
233 517
233 1062
517 39
39 146
146 709
146 48
709 375
709 1117
375 1244
1244 1262
1244 671
1262 778
778 532
532 580
580 1332
1332 1025
1025 594
594 844
594 349
844 484
484 1033
1033 161
1033 503
161 1109
1109 786
786 660
660 1143
1143 1071
1071 1077
1071 1322
1077 1028
1028 381
1028 931
381 1092
1092 686
1092 993
686 1245
1245 33
33 1346
33 941
1346 865
865 1273
865 794
1273 951
1273 458
951 412
951 6
412 157
157 1069
157 1190
1069 1302
1302 485
485 934
934 1021
934 245
1021 42
42 998
998 701
998 400
701 216
701 1268
216 1191
1191 1157
1191 1164
1157 1034
1157 114
1034 185
185 632
185 1083
632 1326
632 1017
1326 417
417 898
898 425
425 703
425 753
703 838
838 55
838 887
55 93
93 325
325 246
246 788
788 613
788 113
613 1090
1090 546
546 1292
1292 563
1292 710
563 1329
1329 444
1329 990
444 591
591 474
474 830
830 436
436 1336
436 872
1336 908
1336 1276
908 297
297 1236
297 1075
1236 968
1236 643
968 573
968 101
573 958
573 373
958 1185
958 531
1185 175
175 1298
175 953
1298 984
984 1335
1335 166
166 217
217 949
949 522
949 76
522 158
522 1247
158 253
253 280
253 849
280 1041
1041 307
307 818
307 300
818 186
818 420
186 667
667 571
571 141
571 1309
141 1235
1235 148
148 1209
148 369
1209 1320
1209 336
1320 933
933 213
933 345
213 262
213 1057
262 398
262 108
398 1052
398 30
1052 304
304 570
304 1216
570 773
773 1012
1012 463
463 1128
1128 866
866 542
542 882
882 791
791 1116
791 66
1116 1232
1116 1112
1232 1303
1232 32
1303 1059
1059 1047
1047 932
932 490
932 28
490 880
880 1254
1254 116
116 567
116 1001
567 824
567 58
824 806
824 1162
806 428
428 162
162 13
162 864
13 1018
1018 620
620 612
620 120
612 1060
1060 241
241 1339
1339 355
355 845
845 127
127 21
127 979
21 891
21 702
891 140
891 739
140 543
543 798
543 1315
798 180
798 422
180 965
180 46
965 572
572 481
572 1086
481 1307
1307 1145
1145 203
1145 1317
203 1043
1043 625
625 168
168 100
168 63
100 1257
100 77
1257 1170
1257 406
1170 756
1170 717
756 83
756 19
83 44
83 1231
44 841
44 947
841 726
841 1081
726 1015
1015 335
1015 285
335 389
335 193
389 480
389 948
480 581
581 1187
1187 764
764 1031
1031 236
1031 771
236 1099
236 98
1099 104
1099 799
104 486
104 1040
486 1006
1006 1202
1202 12
12 774
12 735
774 783
774 1183
783 1243
783 862
1243 1091
1091 829
829 790
829 414
790 976
790 266
976 479
479 181
181 514
514 1165
514 327
1165 1136
1136 757
1136 169
757 1014
757 873
1014 803
1014 403
803 1280
1280 1098
1280 529
1098 1331
1331 231
1331 328
231 97
231 1158
97 747
747 496
496 57
57 18
18 1007
18 755
1007 252
1007 518
252 1119
252 165
1119 991
991 650
991 745
650 17
650 718
17 199
199 396
199 997
396 75
75 206
206 719
206 751
719 208
719 574
208 1213
1213 5
5 308
5 521
308 321
321 661
661 483
483 167
167 198
198 952
952 52
952 1130
52 163
52 230
163 2
2 477
477 885
885 750
885 538
750 677
677 333
333 565
333 1042
565 693
565 409
693 1205
1205 482
482 728
482 912
728 352
728 537
352 290
290 559
559 151
559 43
151 874
874 820
820 1056
1056 197
197 1163
1163 351
351 1150
1150 688
1150 115
688 49
49 690
690 1000
1000 134
134 957
134 945
957 329
957 249
329 1137
329 592
1137 550
1137 995
550 924
924 916
916 416
916 119
416 281
416 601
281 1110
281 920
1110 684
1110 1076
684 1259
1259 1173
1259 1218
1173 1278
1278 1079
1079 1126
1126 937
1126 465
937 666
937 860
666 200
200 853
853 1024
1024 192
1024 801
192 641
192 1240
641 362
641 1182
362 1267
1267 748
748 1073
748 1264
1073 577
577 448
577 478
448 636
448 461
636 698
698 837
837 1123
837 438
1123 670
1123 634
670 814
670 544
814 380
380 324
380 600
324 1016
1016 1168
1016 1051
1168 809
809 509
509 402
402 1045
402 392
1045 1248
1045 800
1248 226
226 302
226 242
302 839
302 1155
839 399
399 411
399 816
411 1093
1093 707
1093 176
707 996
996 1023
996 1094
1023 334
1023 611
334 275
334 1229
275 270
275 282
270 524
524 795
524 516
795 765
765 35
35 1338
35 456
1338 1198
1198 343
343 36
36 1194
36 712
1194 708
1194 361
708 445
708 1207
445 590
590 240
590 608
240 499
240 1323
499 595
595 1255
1255 419
1255 959
419 1080
419 1325
1080 459
1080 900
459 781
781 956
956 103
103 899
103 835
899 109
899 460
109 441
109 758
441 562
441 732
562 1211
562 1319
1211 268
268 724
268 8
724 1068
724 881
1068 1347
1068 357
1347 4
4 9
9 733
733 630
630 713
630 1154
713 716
716 210
716 935
210 520
520 852
852 299
852 454
299 1310
299 261
1310 1148
1148 1270
1148 67
1270 603
603 1138
1138 776
1138 1324
776 194
776 737
194 178
194 338
178 450
450 260
260 980
260 125
980 645
645 372
645 1263
372 729
729 1193
1193 219
219 792
219 870
792 848
848 761
761 871
871 1053
871 705
1053 886
886 1313
886 922
1313 1316
1313 585
1316 926
926 276
926 34
276 539
276 674
539 90
539 470
90 802
90 391
802 1127
802 466
1127 123
123 38
123 917
38 1285
38 915
1285 923
1285 1141
923 69
923 828
69 662
69 190
662 519
662 1061
519 296
296 367
367 1253
1253 878
878 405
878 379
405 657
405 1002
657 195
657 584
195 863
195 1044
863 1135
1135 469
469 1341
1341 962
962 910
910 811
910 981
811 1266
811 79
1266 1178
1266 665
1178 651
1178 1301
651 353
353 971
353 772
971 833
971 963
833 742
742 940
940 1142
940 243
1142 1125
1125 149
1125 26
149 507
149 1200
507 598
507 694
598 605
605 826
826 320
320 1134
1134 227
1134 126
227 1102
227 457
1102 51
51 172
51 986
172 211
211 1343
211 552
1343 1179
1179 435
1179 1108
435 314
314 74
74 633
74 223
633 292
633 53
292 1054
292 70
1054 793
793 759
793 646
759 810
759 679
810 678
810 96
678 504
504 575
504 130
575 54
575 84
54 1210
1210 145
145 489
145 423
489 664
664 879
879 40
40 704
40 843
704 1095
704 493
1095 464
464 822
822 1188
822 631
1188 928
928 88
928 1288
88 777
88 209
777 495
495 741
495 82
741 695
695 1192
1192 397
1192 653
397 884
884 840
840 164
164 388
164 1237
388 668
668 736
736 31
736 942
31 407
407 925
407 279
925 817
925 784
817 431
431 506
431 1321
506 86
86 1290
86 1070
1290 681
1290 410
681 564
681 1271
564 1022
1022 182
1022 1169
182 1049
1049 204
204 960
204 239
960 697
960 1287
697 326
326 875
875 1297
875 87
1297 1242
1242 618
618 71
618 3
71 1032
71 305
1032 1265
1032 1156
1265 540
540 1261
1261 174
174 144
144 649
144 442
649 1133
649 1166
1133 1197
1197 1087
1087 950
950 553
553 1284
553 1176
1284 604
1284 1107
604 274
604 512
274 89
274 740
89 102
89 1171
102 1203
1203 330
1203 143
330 569
569 339
569 323
339 94
94 443
443 823
443 819
823 1160
1160 258
1160 348
258 1039
1039 1239
1239 635
635 615
615 1344
615 234
1344 929
929 215
215 255
255 669
669 128
669 861
128 294
294 1279
294 1008
1279 714
1279 658
714 1283
1283 1065
1065 606
606 1300
606 640
1300 706
706 10
10 1101
1101 893
893 85
85 846
846 488
488 112
488 80
112 711
711 1074
711 578
1074 1046
1046 734
734 588
734 1224
588 1314
588 1082
1314 1097
1097 596
596 160
160 867
867 1230
867 1299
1230 287
287 1172
1172 1221
1172 65
1221 462
462 763
763 1289
763 50
1289 1181
1289 644
1181 293
293 1153
293 831
1153 1149
1153 269
1149 45
1149 1161
45 1129
45 1348
1129 1252
1252 752
752 468
752 366
468 155
468 317
155 815
155 749
815 656
656 807
807 1027
807 903
1027 692
1027 319
692 395
395 475
395 257
475 967
475 1275
967 827
967 859
827 201
201 730
730 117
730 73
117 627
627 1124
627 1327
1124 890
890 1121
1121 368
368 808
808 554
808 599
554 430
554 616
430 1180
1180 909
909 721
721 1026
1026 284
284 23
23 138
138 558
558 360
558 642
360 473
473 177
177 498
177 770
498 309
498 183
309 973
309 455
973 453
973 14
453 1066
453 179
1066 760
760 221
221 769
769 576
769 836
576 1334
1334 390
390 685
685 433
685 356
433 374
374 548
548 118
118 358
118 1085
358 295
295 340
295 974
340 61
61 440
440 1132
1132 446
1132 247
446 1118
446 129
1118 508
1118 451
508 1330
508 418
1330 315
1330 813
315 1009
315 171
1009 545
1009 471
545 700
545 523
700 383
383 263
263 1291
263 427
1291 135
135 173
173 804
173 675
804 437
804 492
437 1011
437 386
1011 1269
1011 346
1269 987
987 985
987 787
985 447
447 696
447 1312
696 978
696 988
978 918
978 944
918 854
854 582
582 159
159 1308
1308 364
1308 638
364 1214
364 1038
1214 1274
1274 259
259 1019
259 238
1019 1147
1147 530
1147 387
530 673
530 256
673 589
589 593
593 298
298 1106
1106 1058
1106 1258
1058 1206
1058 587
1206 927
927 331
331 248
331 1020
248 111
111 1337
1337 394
1337 895
394 154
394 1005
154 1189
1189 639
1189 289
639 1250
1250 1114
1250 731
1114 273
273 954
273 424
954 1167
954 1050
1167 766
766 970
