2 856 55
1 2
468 677
468 788
677 234
234 533
533 623
533 81
623 691
623 445
691 802
691 259
802 344
802 332
344 744
744 378
378 437
378 123
437 70
70 855
855 695
855 735
695 668
695 96
668 435
668 836
435 281
281 536
281 829
536 367
367 221
221 412
412 92
412 135
92 723
92 767
723 764
723 609
764 638
638 482
482 738
738 718
718 556
718 249
556 842
842 808
808 780
808 153
780 150
150 385
150 276
385 789
789 595
595 86
86 474
474 770
770 454
454 231
231 139
231 736
139 69
69 157
157 379
157 110
379 498
379 26
498 835
835 320
320 824
320 39
824 635
824 557
635 430
635 678
430 856
430 199
856 247
856 520
247 775
775 90
90 854
854 596
596 417
596 409
417 539
539 364
539 19
364 245
245 291
245 80
291 372
372 99
372 703
99 625
625 88
88 94
88 460
94 499
94 790
499 574
574 9
574 747
9 141
9 594
141 667
141 212
667 526
526 428
428 265
265 544
544 631
631 121
631 138
121 823
823 582
582 524
524 461
524 558
461 500
500 113
113 401
113 585
401 40
401 834
40 605
40 147
605 480
605 22
480 599
599 422
422 490
422 393
490 784
784 661
784 307
661 312
661 381
312 551
551 774
551 620
774 420
774 63
420 431
420 693
431 120
431 318
120 561
120 207
561 610
561 673
610 269
269 681
681 413
413 646
646 666
666 436
666 233
436 548
436 822
548 105
105 565
105 169
565 811
811 326
811 260
326 567
567 821
567 248
821 663
663 748
748 578
748 29
578 321
578 339
321 376
376 25
376 614
25 684
25 589
684 64
64 316
64 706
316 597
597 416
416 68
416 481
68 683
683 228
683 535
228 33
33 522
522 106
106 217
106 93
217 644
217 197
644 299
299 779
779 553
553 840
553 132
840 634
634 7
7 803
7 186
803 732
803 493
732 73
732 751
73 421
421 314
314 209
314 289
209 806
209 335
806 405
806 471
405 640
405 624
640 180
640 637
180 190
190 310
310 336
310 547
336 342
342 820
342 256
820 768
768 807
768 411
807 562
807 485
562 451
562 552
451 664
664 142
142 653
653 356
356 191
191 146
146 171
146 129
171 473
171 383
473 324
473 100
324 832
832 118
118 734
734 15
15 517
517 406
406 425
406 255
425 580
425 627
580 513
580 349
513 125
513 777
125 47
125 232
47 687
47 126
687 532
532 477
477 131
131 755
131 423
755 368
755 241
368 196
196 699
196 57
699 253
699 284
253 463
463 837
463 675
837 107
107 54
107 579
54 839
54 239
839 218
839 201
218 809
809 674
809 240
674 116
116 61
61 84
84 97
97 442
97 178
442 657
657 16
657 328
16 660
660 271
271 772
271 759
772 361
361 278
361 448
278 124
124 261
261 710
261 641
710 243
243 340
340 531
531 825
531 283
825 433
433 164
164 389
389 713
713 434
713 721
434 238
238 794
238 819
794 810
794 225
810 467
467 509
509 720
720 546
546 672
672 137
672 754
137 812
812 102
102 292
292 799
799 504
504 778
504 224
778 826
826 572
826 740
572 690
572 636
690 14
690 679
14 51
14 75
51 708
708 510
510 6
510 87
6 749
6 550
749 583
749 612
583 518
583 781
518 148
148 696
696 419
696 323
419 441
441 456
441 298
456 407
456 619
407 655
655 53
53 841
53 362
841 730
841 709
730 459
730 501
459 455
459 262
455 213
213 606
213 598
606 726
606 816
726 354
726 242
354 611
611 815
611 402
815 694
694 458
458 714
714 449
449 24
24 725
24 85
725 285
725 506
285 397
285 17
397 650
650 617
650 380
617 338
338 384
384 776
776 566
776 369
566 466
466 43
466 288
43 796
43 82
796 743
796 1
743 195
743 348
195 352
195 208
352 621
352 226
621 727
621 783
727 2
727 671
2 115
115 60
60 549
549 56
549 739
56 382
56 476
382 497
382 184
497 440
440 785
785 237
785 592
237 786
237 319
786 230
230 429
230 698
429 282
429 322
282 297
282 76
297 170
170 159
159 523
159 327
523 541
523 296
541 616
616 210
616 622
210 11
210 192
11 162
162 697
162 528
697 760
697 38
760 194
194 571
194 576
571 50
571 555
50 58
50 160
58 337
337 753
337 187
753 629
753 515
629 83
629 204
83 704
83 52
704 28
28 3
3 787
3 313
787 642
787 827
642 586
642 608
586 395
395 488
395 315
488 494
494 656
494 831
656 111
656 570
111 472
472 838
838 587
587 403
403 72
403 761
72 452
72 206
452 495
495 77
495 235
77 109
77 158
109 117
109 198
117 715
117 5
715 529
715 581
529 149
529 167
149 680
680 398
680 427
398 438
438 134
438 371
134 267
134 173
267 814
267 41
814 112
112 98
112 200
98 613
98 166
613 211
613 176
211 74
211 214
74 172
172 79
172 264
79 505
79 130
505 341
341 346
346 175
175 95
95 236
95 128
236 705
236 489
705 366
366 67
366 202
67 301
301 792
792 818
792 512
818 534
818 569
534 254
534 258
254 750
750 268
750 280
268 453
268 277
453 584
584 465
584 257
465 756
756 563
756 45
563 773
773 692
773 554
692 103
103 360
360 300
300 13
13 189
13 527
189 101
101 246
101 350
246 114
246 457
114 752
114 370
752 222
222 108
222 728
108 418
418 757
418 357
757 503
757 188
503 286
286 604
604 444
604 731
444 183
183 543
543 23
23 737
23 182
737 152
152 682
682 37
37 303
37 540
303 514
303 387
514 308
308 279
308 651
279 508
279 712
508 462
508 127
462 669
669 525
525 377
377 733
733 42
733 331
42 329
329 181
181 220
181 205
220 351
351 538
538 325
325 143
325 742
143 658
658 700
700 179
700 603
179 564
564 639
639 769
639 659
769 287
287 59
59 275
59 537
275 35
275 443
35 600
35 492
600 729
600 18
729 46
46 104
104 542
542 643
542 251
643 396
396 359
396 568
359 165
165 408
165 229
408 602
408 771
602 386
386 649
386 263
649 305
305 140
140 439
140 390
439 215
439 355
215 686
686 65
686 591
65 21
21 676
21 122
676 250
676 601
250 805
250 741
805 469
805 91
469 12
469 392
12 716
716 363
716 373
363 20
363 145
20 615
20 163
615 719
615 746
719 317
719 219
317 560
560 415
415 330
415 479
330 851
851 654
851 791
654 588
654 632
588 89
588 49
89 32
32 626
32 765
626 633
633 685
633 30
685 793
685 426
793 410
793 830
410 470
410 4
470 154
470 813
154 486
486 388
388 311
388 185
311 491
491 216
216 628
216 27
628 801
801 8
8 487
487 530
530 593
530 424
593 365
593 762
365 843
843 618
843 848
618 334
334 853
853 652
853 804
652 702
702 844
844 66
66 496
66 375
496 144
496 590
144 511
144 833
511 717
511 399
717 688
717 44
688 852
688 817
852 353
852 55
353 177
353 545
177 151
151 36
36 758
36 290
758 647
758 31
647 306
306 607
607 273
273 270
273 358
270 707
707 274
707 295
274 266
266 400
266 724
400 573
400 432
573 630
630 483
483 446
483 78
446 519
446 374
519 763
763 711
711 48
48 665
48 304
665 559
665 502
559 475
559 745
475 244
244 782
782 223
223 670
223 662
670 133
133 168
168 484
168 849
484 394
484 294
394 521
394 846
521 252
521 464
252 478
478 309
309 193
193 645
645 507
645 203
507 343
343 701
343 577
701 828
701 345
828 119
828 174
119 845
119 293
845 333
333 156
156 10
10 800
800 850
850 447
447 34
447 414
34 62
34 71
62 136
62 795
136 797
136 798
797 648
797 161
648 227
648 155
227 302
302 404
302 450
404 575
404 516
575 272
272 722
722 391
722 347
391 766
391 847
766 689
