3 2165 35
1 2
1 3
1204 977
1204 1885
977 1727
1727 701
1727 1602
701 731
731 1652
1652 209
209 664
664 1651
1651 525
1651 2120
525 1686
525 1785
1686 1653
1653 747
1653 1532
747 627
747 1135
627 451
451 1999
1999 516
516 728
516 1162
728 1375
1375 2152
1375 102
2152 1812
2152 1326
1812 878
878 1872
1872 404
404 228
404 1709
228 2124
228 1010
2124 448
448 2114
2114 1699
2114 1429
1699 1273
1273 1012
1012 7
7 1712
7 1677
1712 1694
1694 329
329 183
329 670
183 1791
183 1390
1791 145
1791 1468
145 35
145 799
35 605
605 1568
605 1755
1568 2012
2012 510
510 589
510 1471
589 177
589 2030
177 279
279 38
38 75
38 266
75 1664
75 464
1664 1253
1253 1173
1173 393
1173 324
393 1222
1222 620
1222 1072
620 1901
1901 1540
1901 1205
1540 462
1540 258
462 1256
462 2141
1256 405
1256 278
405 1983
1983 1513
1983 905
1513 1069
1513 1188
1069 1250
1069 903
1250 1581
1581 1172
1172 15
15 830
830 1781
830 2104
1781 634
1781 988
634 1341
1341 1361
1341 1998
1361 1807
1361 1990
1807 1306
1807 1561
1306 952
952 1634
952 1780
1634 1747
1747 1450
1747 1669
1450 1062
1450 1005
1062 1570
1570 198
198 379
198 383
379 558
558 639
558 2092
639 704
704 1620
704 945
1620 546
546 39
546 832
39 925
925 1766
925 1603
1766 1196
1766 1337
1196 1001
1001 1584
1584 495
1584 588
495 1245
495 1269
1245 562
562 371
371 265
265 1753
1753 577
577 556
556 259
556 2009
259 1056
1056 1731
1731 1542
1731 281
1542 947
1542 493
947 1897
1897 130
130 2145
130 1511
2145 355
2145 1217
355 1165
1165 79
79 1992
79 1541
1992 506
506 1609
506 1396
1609 269
269 2161
269 275
2161 507
507 895
507 291
895 1290
1290 317
317 1597
1597 1910
1597 1270
1910 111
1910 1074
111 1759
111 555
1759 722
722 811
722 1231
811 362
811 2096
362 1912
362 1486
1912 1636
1912 1567
1636 593
593 1454
1454 549
549 1495
549 280
1495 263
263 757
263 1427
757 951
951 1680
1680 1928
1680 204
1928 46
1928 1000
46 1972
1972 1819
1819 1865
1819 87
1865 939
1865 551
939 1111
1111 407
1111 1265
407 2049
2049 918
2049 1025
918 219
219 812
812 1625
812 1416
1625 563
1625 800
563 98
563 845
98 1134
98 1882
1134 382
1134 1907
382 1392
382 1624
1392 1826
1826 1084
1084 114
114 1364
114 822
1364 1081
1364 1776
1081 870
1081 763
870 432
432 1917
1917 1991
1917 1833
1991 158
158 468
468 1289
1289 877
1289 118
877 270
270 1929
1929 1587
1929 550
1587 2060
2060 23
23 1924
23 624
1924 254
254 1911
1911 1236
1236 839
1236 1267
839 695
839 696
695 1512
695 1606
1512 1883
1883 2134
2134 1745
2134 1520
1745 950
950 60
950 257
60 1301
1301 532
1301 1008
532 1881
532 2013
1881 1790
1881 454
1790 319
1790 11
319 1127
319 2029
1127 1114
1127 1498
1114 661
661 1643
1643 1207
1207 2063
1207 157
2063 2066
2063 1670
2066 72
2066 471
72 1842
72 1399
1842 1026
1026 140
140 986
140 713
986 1191
986 711
1191 450
450 1050
450 698
1050 1044
1044 873
1044 1795
873 37
37 1268
1268 1132
1268 772
1132 641
641 995
641 171
995 886
886 1894
886 1701
1894 2054
2054 2082
2082 121
121 2116
2116 1730
2116 1029
1730 2034
1730 455
2034 1792
2034 434
1792 2136
1792 1640
2136 1164
1164 1446
1164 834
1446 1186
1186 1281
1281 1246
1246 110
1246 402
110 1483
1483 1095
1483 1810
1095 935
935 1947
935 1181
1947 428
428 1400
1400 297
1400 2058
297 310
297 6
310 397
310 1168
397 880
880 1229
1229 216
1229 1391
216 1931
216 1197
1931 361
1931 1618
361 1774
1774 1900
1774 1004
1900 1779
1779 1500
1779 1147
1500 1284
1500 999
1284 702
702 1492
1492 1032
1032 195
1032 59
195 301
301 1696
301 1279
1696 1507
1507 321
1507 657
321 1138
321 2121
1138 2127
1138 1788
2127 515
2127 2088
515 1784
515 595
1784 1225
1784 387
1225 388
388 1813
1813 1017
1017 1455
1017 2139
1455 1566
1455 793
1566 225
1566 469
225 1586
1586 1038
1586 2057
1038 328
328 1877
1877 244
1877 1786
244 1690
1690 1647
1690 1277
1647 423
1647 1389
423 784
784 322
784 211
322 817
322 268
817 470
817 647
470 2061
470 1350
2061 548
548 1940
1940 599
1940 1288
599 62
599 17
62 283
283 167
167 1317
167 344
1317 252
1317 1557
252 836
252 2004
836 41
836 10
41 860
860 1713
860 1311
1713 1537
1537 43
43 1240
43 1534
1240 472
1240 904
472 151
151 1822
151 1590
1822 1704
1822 1927
1704 899
899 734
734 1206
734 1494
1206 389
389 1965
389 70
1965 2037
2037 855
2037 69
855 398
855 501
398 53
53 1090
53 1027
1090 1957
1957 1863
1957 143
1863 1758
1758 1658
1758 1408
1658 924
924 197
197 1864
1864 311
1864 790
311 1556
1556 879
1556 1971
879 107
107 1332
1332 2027
1332 897
2027 277
277 2026
2026 1996
2026 1351
1996 1592
1996 386
1592 1394
1592 1732
1394 2146
2146 253
2146 1925
253 1994
253 1343
1994 461
1994 1415
461 1425
1425 1159
1159 411
411 1014
1014 1470
1014 611
1470 2091
2091 741
2091 1449
741 2048
2048 660
660 1831
1831 217
217 927
927 1388
927 1221
1388 2
1388 205
2 1496
1496 1060
1060 1214
1214 570
1214 1153
570 586
586 1514
1514 643
1514 240
643 414
643 1802
414 1272
414 1097
1272 1689
1272 1459
1689 1274
1274 1684
1684 245
245 783
783 1659
1659 527
1659 629
527 1757
1757 1318
1757 1067
1318 931
931 587
931 40
587 2071
2071 1985
1985 1960
1960 966
966 1823
1823 888
1823 1137
888 1888
888 1043
1888 715
1888 485
715 1160
715 1906
1160 1821
1160 1374
1821 1656
1821 1434
1656 1914
1914 1663
1914 2025
1663 152
1663 668
152 1508
152 1018
1508 1633
1508 222
1633 826
1633 1333
826 166
826 1963
166 184
184 400
184 1687
400 2035
400 723
2035 871
2035 666
871 1075
1075 108
1075 174
108 1559
1559 1167
1559 1772
1167 539
1167 42
539 651
539 1909
651 1715
1715 1367
1367 1230
1230 910
1230 1248
910 2153
910 847
2153 835
2153 1604
835 458
835 534
458 1710
458 714
1710 1417
1710 1073
1417 475
1417 889
475 499
475 559
499 64
64 628
64 1695
628 686
686 182
182 1572
1572 967
1572 1673
967 1553
967 919
1553 542
542 426
542 1794
426 36
36 603
603 1922
603 2069
1922 1079
1079 511
511 2157
511 1843
2157 234
234 1411
1411 578
1411 9
578 1403
1403 1007
1403 1438
1007 766
766 1524
1524 876
876 1244
876 1961
1244 1226
1226 200
1226 52
200 417
200 323
417 484
417 1708
484 1312
1312 1087
1312 2031
1087 677
677 2016
2016 2042
2042 1491
1491 1066
1491 1797
1066 1610
1066 1174
1610 1313
1313 509
1313 250
509 1059
1059 786
1059 544
786 147
147 969
147 1855
969 136
969 838
136 1443
1443 2085
2085 1251
1251 1437
1251 1573
1437 1344
1344 1033
1344 1329
1033 1082
1033 1579
1082 1986
1082 1856
1986 1748
1748 699
1748 366
699 239
699 1645
239 557
557 1930
557 146
1930 1096
1096 1739
1739 105
1739 703
105 547
547 116
547 1327
116 1112
116 1970
1112 348
348 652
348 1817
652 738
652 1893
738 1335
1335 545
1335 804
545 1030
545 313
1030 1247
1030 2011
1247 1210
1247 1280
1210 1499
1499 1522
1499 1407
1522 2106
2106 1676
1676 180
1676 594
180 1846
1846 1854
1854 591
591 813
591 1187
813 50
50 2138
50 2131
2138 1497
2138 2081
1497 1177
1497 541
1177 1054
1054 153
153 1305
153 1170
1305 208
208 1536
1536 1571
1536 665
1571 602
1571 1125
602 917
917 285
285 210
210 1303
1303 71
71 1109
71 308
1109 363
363 325
325 233
233 1368
233 1410
1368 16
16 2125
2125 884
884 246
246 303
246 338
303 1227
303 349
1227 463
1227 1926
463 84
84 1052
1052 946
1052 636
946 1832
946 2070
1832 378
1832 203
378 721
721 155
155 1479
155 1789
1479 1077
1479 617
1077 188
1077 1547
188 1649
188 1041
1649 1578
1578 479
479 926
926 1949
926 394
1949 2041
2041 306
306 126
126 1488
126 235
1488 1526
1488 1993
1526 487
1526 332
487 821
487 237
821 403
821 1461
403 2062
2062 128
128 922
128 972
922 1903
922 399
1903 697
697 1728
697 1908
1728 582
1728 1919
582 104
104 1
1 777
1 1331
777 1648
777 505
1648 901
1648 990
901 543
901 769
543 2137
543 1490
2137 600
2137 1952
600 483
483 727
483 1362
727 1554
727 709
1554 1193
1193 1889
1889 1844
1844 418
418 445
418 1662
445 498
445 1192
498 573
573 341
341 1756
1756 1178
1178 150
1178 692
150 861
150 898
861 982
982 2126
982 1646
2126 410
410 33
410 1752
33 1378
1378 494
1378 1814
494 1467
1467 528
528 442
442 26
26 526
526 305
526 2000
305 1516
305 435
1516 923
1516 1565
923 893
923 1767
893 815
893 1962
815 718
718 256
718 1504
256 477
477 109
109 248
109 2130
248 1700
1700 169
169 351
351 1360
1360 2006
1360 894
2006 619
2006 1145
619 1718
619 1485
1718 1212
1212 1405
1405 374
374 1815
1815 1261
1815 1259
1261 436
436 2076
436 717
2076 175
175 803
803 598
803 415
598 2122
598 892
2122 916
916 431
431 101
101 1668
1668 1325
1325 1594
1594 962
1594 201
962 970
970 1430
970 1827
1430 88
88 176
176 2083
2083 1404
2083 8
1404 373
1404 230
373 1626
1626 413
413 742
742 776
776 365
776 1857
365 842
842 172
842 1489
172 1203
172 1958
1203 1627
1627 1047
1627 1623
1047 694
694 294
294 1354
1354 58
58 1585
58 1818
1585 100
1585 940
100 264
264 44
264 1406
44 1063
1063 1966
1063 1988
1966 760
1966 2113
760 1068
760 1428
1068 1539
1539 1887
1887 848
1887 273
848 2059
848 1974
2059 974
2059 1478
974 1714
974 267
1714 18
18 672
18 66
672 1353
1353 1238
1238 1754
1754 22
1754 705
22 1506
22 1218
1506 691
691 2046
2046 1550
1550 827
1550 170
827 353
353 852
852 1401
852 891
1401 875
1401 178
875 1432
875 2110
1432 187
1432 1873
187 1703
1703 779
779 1582
1582 1749
1749 2020
1749 2033
2020 272
272 1441
272 2080
1441 261
1441 1859
261 765
765 1115
1115 2028
1115 518
2028 1370
2028 596
1370 1891
1891 360
1891 343
360 1042
360 438
1042 2072
2072 2151
2151 229
229 1466
229 753
1466 514
1466 453
514 862
514 156
862 1644
862 1028
1644 1608
1644 759
1608 1850
1608 1884
1850 318
318 1098
1098 1890
1890 1128
1128 299
1128 805
299 681
299 985
681 142
142 2101
2101 1615
2101 56
1615 199
1615 650
199 1978
1978 1650
1650 1529
1529 1426
1529 1868
1426 251
1426 825
251 1086
251 2075
1086 1237
1086 1880
1237 425
425 1641
425 1681
1641 1330
1641 91
1330 1257
1330 1638
1257 106
106 1607
106 28
1607 1342
1342 1799
1799 1555
1555 676
1555 224
676 1984
676 1023
1984 748
1984 1751
748 942
748 1866
942 522
522 1655
1655 1048
1048 1480
1480 1493
1480 1918
1493 138
138 1102
138 1436
1102 1921
1921 1302
1921 743
1302 959
959 271
271 460
271 1477
460 1830
1830 707
1830 1775
707 2014
2014 336
336 1003
336 4
1003 785
1003 2155
785 346
346 189
346 491
189 1558
1558 2055
2055 604
2055 592
604 2001
2001 95
2001 331
95 941
95 122
941 610
941 247
610 774
774 1838
1838 761
761 2068
761 535
2068 68
68 202
68 724
202 989
202 1213
989 1982
1982 430
430 1452
1452 92
92 295
295 1545
1545 1593
1545 1220
1593 1232
1232 1308
1232 149
1308 762
1308 1692
762 90
90 441
441 1299
441 1598
1299 384
384 1768
384 523
1768 1997
1997 1770
1770 1562
1562 2100
1562 1198
2100 437
2100 537
437 340
340 900
900 496
900 231
496 802
802 99
99 637
99 1583
637 1804
637 61
1804 392
1804 1106
392 1363
392 1382
1363 1150
1150 1738
1150 30
1738 396
1738 1107
396 1413
396 221
1413 51
51 1631
1631 57
1631 649
57 1510
1510 1661
1661 854
1661 212
854 581
854 1502
581 1938
1938 1736
1938 1110
1736 631
631 2050
631 1871
2050 944
944 1129
944 1024
1129 1509
1129 347
1509 674
674 736
736 1398
1398 1628
1398 1083
1628 1431
1628 833
1431 1575
1431 1820
1575 1355
1355 1501
1501 1876
1501 1683
1876 782
782 1698
782 1070
1698 1725
1698 2039
1725 420
420 300
300 1989
1989 1031
1989 843
1031 1576
1031 127
1576 1316
1576 489
1316 1657
1657 529
1657 987
529 814
814 2064
814 1065
2064 2144
2064 1233
2144 1142
2144 2143
1142 1805
1142 874
1805 567
1805 1334
567 993
993 1458
1458 1835
1458 1209
1835 304
1835 1829
304 841
304 120
841 334
841 503
334 1015
334 1175
1015 809
1015 1195
809 190
190 1635
190 963
1635 401
401 612
401 1323
612 419
419 1544
419 123
1544 139
139 1380
139 837
1380 976
976 519
976 1825
519 1800
1800 502
502 906
906 1678
906 504
1678 1518
1678 1798
1518 2047
1518 1292
2047 1675
2047 440
1675 1352
1352 1149
1149 992
992 125
125 1078
125 719
1078 488
488 1899
488 298
1899 902
1899 141
902 1913
902 473
1913 1022
1913 626
1022 881
881 682
682 54
54 798
54 1742
798 160
798 2118
160 1898
160 2065
1898 508
1898 890
508 49
508 752
49 1967
49 226
1967 2051
1967 2019
2051 973
973 1533
973 1979
1533 625
1533 482
625 1451
1451 850
850 745
850 1682
745 644
644 1336
644 683
1336 2043
1336 1777
2043 689
689 2149
689 882
2149 1040
1040 1444
1444 350
350 2038
2038 1743
2038 133
1743 76
76 290
76 1235
290 1055
290 662
1055 1915
1915 1773
1915 2099
1773 447
447 712
447 2032
712 2024
2024 1596
2024 67
1596 1131
1596 1600
1131 606
1131 1307
606 1440
1440 700
1440 971
700 29
29 1849
1849 1035
1035 609
609 808
609 1296
808 2108
2108 2109
2108 1923
2109 191
2109 1951
191 561
561 960
561 653
960 2105
960 1092
2105 444
2105 2007
444 124
124 1099
124 1387
1099 2078
2078 746
2078 1836
746 412
746 1347
412 1637
1637 1088
1088 1120
1120 31
31 284
284 1936
1936 565
1936 2053
565 1474
1474 975
1474 633
975 1349
975 684
1349 2073
2073 179
179 1421
1421 1601
1601 97
97 74
74 1263
74 575
1263 1340
1263 857
1340 1671
1671 466
1671 1839
466 1089
466 758
1089 309
1089 1691
309 326
309 1239
326 622
622 1264
622 492
1264 572
1264 443
572 1560
1560 1811
1811 654
654 1122
1122 1860
1122 3
1860 1376
1860 953
1376 168
168 853
168 1693
853 80
80 161
161 1101
1101 749
1101 954
749 789
789 729
789 1369
729 1462
1462 1614
1462 1617
1614 449
1614 754
449 282
449 1469
282 1503
1503 801
1503 1184
801 1249
801 1549
1249 756
756 984
756 1611
984 601
984 1373
601 608
608 2005
608 1851
2005 2094
2005 359
2094 607
2094 1874
607 2036
607 791
2036 1009
2036 32
1009 1422
1009 1521
1422 1613
1613 1733
1733 1324
1324 2158
1324 1763
2158 1158
2158 218
1158 1346
1346 1975
1346 755
1975 1166
1975 1867
1166 938
1166 1383
938 2079
2079 1667
1667 1948
1948 2128
1948 131
2128 2040
2128 316
2040 1875
2040 531
1875 1080
1080 2150
1080 292
2150 716
2150 1100
716 307
307 65
65 1242
65 1976
1242 1298
1242 82
1298 907
907 1053
1053 390
390 77
77 2097
77 1093
2097 78
2097 367
78 1472
1472 1764
1472 1674
1764 1223
1764 1271
1223 735
735 725
735 679
725 1182
1182 574
574 1365
1365 961
961 1061
961 2132
1061 732
732 395
395 788
788 1252
1252 1719
1719 1287
1287 1720
1287 1357
1720 1848
1720 513
1848 2098
1848 928
2098 1847
2098 2077
1847 1140
1847 614
1140 768
768 1418
1418 2093
2093 1782
2093 512
1782 2052
1782 427
2052 193
193 685
193 1980
685 521
521 1956
521 302
1956 1981
1956 781
1981 858
1981 2154
858 339
339 2087
339 1202
2087 1002
2087 1837
1002 1171
1171 27
1171 1282
27 678
27 1666
678 885
678 1933
885 915
885 896
915 1157
1157 154
154 185
185 337
185 1139
337 787
787 416
416 864
416 1840
864 983
983 816
816 1013
1013 1702
1702 823
1702 2156
823 1946
1946 2002
2002 981
2002 1448
981 1589
1589 356
356 1262
356 137
1262 255
1262 2142
255 671
671 1021
1021 1241
1021 824
1241 1934
1241 635
1934 456
456 810
810 1858
1858 744
1858 693
744 1724
744 887
1724 370
370 1852
370 1482
1852 1481
1852 965
1481 500
500 1538
500 1665
1538 720
720 1801
1801 96
96 1412
1412 571
571 1950
571 1146
1950 1016
1950 1328
1016 315
1016 1314
315 1870
315 215
1870 232
1870 274
232 459
232 911
459 584
459 849
584 956
956 1200
1200 1564
1200 1552
1564 560
560 2135
2135 2129
2135 1091
2129 613
613 2160
613 869
2160 1105
2160 1716
1105 552
552 831
552 979
831 452
452 1771
452 357
1771 1679
1679 1574
1679 1816
1574 1824
1824 364
364 2147
2147 2084
2084 1136
2084 2123
1136 1735
1136 1487
1735 794
1735 1381
794 207
207 673
673 2089
673 687
2089 819
2089 1176
819 1953
819 553
1953 429
429 1309
429 345
1309 1937
1937 1141
1937 533
1141 94
94 206
94 1297
206 851
851 980
980 740
740 34
34 1697
34 14
1697 1385
1385 912
1385 45
912 358
358 1356
1356 1051
1051 828
1051 446
828 262
262 375
375 1464
1464 476
1464 1049
476 2044
2044 2017
2044 1591
2017 1944
2017 354
1944 621
621 655
655 630
630 1726
630 2102
1726 1530
1530 289
289 93
289 1527
93 1660
93 478
1660 380
380 63
63 2103
63 955
2103 937
2103 2163
937 421
937 524
421 81
81 1484
1484 1260
1484 623
1260 1941
1941 1746
1941 590
1746 1148
1148 688
1148 24
688 1395
1395 1219
1395 293
1219 1642
1642 866
1642 1806
866 663
663 667
663 406
667 1006
1006 1744
1744 83
83 2162
83 1185
2162 2117
2117 2074
2074 1869
1869 566
566 1194
566 220
1194 669
1194 1291
669 1705
669 867
1705 1722
1722 1723
1723 2010
1723 2015
2010 1515
2010 223
1515 726
1515 1543
726 1379
726 863
1379 25
1379 1445
25 1447
1447 115
115 1076
115 1085
1076 568
1076 1916
568 1995
568 1845
1995 1955
1955 795
1955 554
795 1569
795 2023
1569 538
1569 579
538 807
807 585
807 1423
585 771
771 948
948 1358
1358 2003
1358 2107
2003 1113
1113 1126
1126 1654
1654 520
1654 1711
520 1442
520 2045
1442 2086
1442 1397
2086 1939
1939 55
1939 883
55 739
739 1622
739 797
1622 1345
1345 1034
1034 1619
1619 994
994 1964
1964 1359
1964 391
1359 530
1359 1094
530 1058
530 1525
1058 1616
1058 806
1616 2164
1616 490
2164 1121
1121 1119
1119 1243
1243 13
1243 333
13 213
213 21
21 930
21 1729
930 117
117 1904
1904 314
314 1761
314 276
1761 1283
1761 2140
1283 1321
1283 1228
1321 1304
1321 1765
1304 1808
1304 1605
1808 1064
1808 997
1064 778
778 1366
1366 1861
1861 1862
1861 1118
1862 1942
1942 914
1942 1750
914 186
186 1905
1905 2090
1905 764
2090 2133
2090 1011
2133 1133
2133 775
1133 1945
1945 1892
1945 12
1892 1338
1892 112
1338 1741
1338 868
1741 796
796 1688
1688 1420
1688 856
1420 580
580 1595
1595 1519
1519 1019
1019 376
376 733
376 1402
733 330
330 119
330 486
119 377
377 1841
1841 20
20 1460
1460 540
1460 1275
540 1037
540 1020
1037 1039
1037 1384
1039 640
640 381
381 1599
1599 1154
1154 1057
1057 424
424 1796
424 1255
1796 1322
1796 86
1322 243
1322 638
243 929
243 369
929 342
929 296
342 569
569 164
164 1968
164 132
1968 1896
1968 818
1896 1258
1896 1535
1258 618
1258 1045
618 1977
618 457
1977 162
162 1760
162 1103
1760 1473
1473 1071
1071 497
1071 1630
497 1144
497 1130
1144 949
1144 1629
949 260
949 1201
260 2018
2018 675
675 998
675 165
998 1457
998 1116
1457 1453
1453 249
1453 943
249 1278
249 1762
1278 1276
1278 1551
1276 2111
1276 708
2111 1959
2111 1371
1959 932
1959 968
932 517
517 2008
2008 352
352 129
129 236
129 439
236 934
236 465
934 1809
1809 1706
1706 1439
1439 1285
1285 1465
1285 1339
1465 706
706 1180
1180 1920
1920 1523
1920 872
1523 1879
1523 480
1879 1853
1879 958
1853 181
181 481
481 1476
481 134
1476 1123
1123 1932
1932 1632
1632 1419
1419 1377
1377 648
648 646
648 1737
646 1372
1372 85
85 2095
2095 1707
1707 1433
1433 1266
1266 690
1266 1104
690 840
840 1234
840 474
1234 467
1234 288
467 1208
467 1124
1208 780
1208 1577
780 1310
780 1531
1310 73
73 1215
1215 978
1215 750
978 1156
978 751
1156 1456
1156 1435
1456 135
1456 632
135 1254
1254 1179
1179 1211
1179 1143
1211 2115
2115 1546
1546 865
1546 385
865 1036
865 2148
1036 933
933 327
327 2067
2067 1190
2067 1161
1190 242
1190 89
242 844
242 1108
844 48
844 312
48 1319
48 1580
1319 1505
1505 1224
1505 1463
1224 214
1224 1954
214 1878
1878 846
846 2112
2112 1294
2112 148
1294 1528
1528 859
1528 1787
859 1414
859 767
1414 1216
1414 113
1216 335
1216 1151
335 1169
1169 1621
1169 1740
1621 433
433 1828
1828 645
1828 1987
645 1834
1834 1969
1969 1935
1935 1973
1973 320
1973 1895
320 1517
1517 936
1517 2022
936 1320
936 286
1320 792
1320 964
792 615
792 576
615 194
615 368
194 1886
1886 163
163 1793
1793 1293
1793 287
1293 1409
1293 1295
1409 564
1409 737
564 1155
1155 1717
1717 710
1717 227
710 1778
710 996
1778 1639
1778 144
1639 1199
1639 642
1199 241
1199 408
241 913
913 1588
913 372
1588 1424
1424 820
1424 1721
820 1046
820 1386
1046 770
1046 1685
770 1189
1189 597
597 238
597 1152
238 908
238 1612
908 1563
1563 991
991 196
991 1672
196 1943
196 616
1943 1803
1943 409
1803 909
909 2165
909 173
2165 1734
2165 1902
1734 920
920 730
920 658
730 5
5 19
19 773
773 103
773 1315
103 1286
1286 659
1286 1163
659 583
659 680
583 2119
583 192
2119 957
957 2021
957 1393
2021 1348
2021 536
1348 47
1348 1183
47 921
921 829
829 159
159 1475
1475 2159
1475 656
2159 2056
2056 1117
2056 1783
1117 1300
1117 1769
1300 1548
1300 422
