2 2526 869912
2 1
566 2115
566 2331
2115 180
2115 1391
180 1351
180 718
1351 1173
1173 2302
2302 2291
2302 754
2291 1
1 285
1 1677
285 1284
1284 451
1284 1973
451 778
778 2188
778 362
2188 1117
1117 304
304 2381
2381 1727
1727 2269
2269 2426
2269 2471
2426 590
590 2427
590 1188
2427 1777
2427 2428
1777 111
1777 716
111 690
690 108
108 1893
1893 2392
1893 1361
2392 1464
1464 773
1464 845
773 637
637 681
681 183
681 1043
183 1630
1630 1972
1630 123
1972 977
1972 169
977 2019
977 2345
2019 1232
2019 305
1232 2240
1232 1873
2240 2153
2153 1787
2153 186
1787 348
1787 1330
348 1142
1142 2032
2032 223
2032 2186
223 1048
1048 1159
1048 1285
1159 1513
1513 518
518 1796
518 895
1796 911
1796 2097
911 1562
911 2116
1562 317
1562 543
317 1766
317 1133
1766 803
803 2498
803 1007
2498 808
808 2380
2380 1867
1867 2326
2326 732
2326 1079
732 1485
732 1707
1485 2091
1485 1480
2091 1802
2091 2217
1802 1187
1187 867
1187 129
867 2491
2491 2063
2063 2503
2063 397
2503 601
2503 1836
601 585
601 2050
585 922
922 2096
922 2393
2096 1468
2096 1371
1468 767
1468 460
767 1125
1125 268
1125 337
268 2006
268 626
2006 2373
2006 1215
2373 416
416 924
924 2378
2378 2156
2156 1493
1493 1427
1493 2005
1427 2111
2111 710
710 756
710 2300
756 156
156 2144
156 1333
2144 609
609 1390
609 1377
1390 2036
1390 2014
2036 1189
2036 965
1189 1738
1189 2284
1738 463
1738 1145
463 1491
463 1617
1491 611
611 573
611 662
573 1552
573 164
1552 401
401 2307
401 1071
2307 2248
2248 1889
2248 2312
1889 2469
1889 2349
2469 548
2469 1261
548 532
548 1923
532 427
532 2404
427 1199
1199 759
1199 1948
759 1218
1218 1882
1218 2225
1882 92
1882 2371
92 2500
2500 1120
1120 2479
1120 625
2479 2
2 2022
2 834
2022 2174
2022 1122
2174 2415
2174 2041
2415 570
2415 1633
570 437
570 307
437 2486
437 1636
2486 816
2486 1917
816 983
816 2453
983 2402
983 505
2402 820
820 481
820 1784
481 2220
2220 1450
1450 2386
1450 600
2386 2446
2386 1713
2446 1062
1062 1937
1937 1947
1947 955
955 1959
1959 206
1959 1280
206 428
428 1229
1229 1834
1834 906
1834 1728
906 16
906 1276
16 2040
2040 621
2040 1570
621 248
621 49
248 1645
1645 998
998 1478
1478 1708
1478 799
1708 393
393 843
843 1726
843 1876
1726 61
61 809
61 1705
809 1733
1733 2420
1733 1646
2420 1786
2420 948
1786 1065
1786 542
1065 50
1065 179
50 1531
50 664
1531 1715
1531 1870
1715 2163
2163 1725
2163 2350
1725 2462
2462 150
150 1799
1799 973
1799 271
973 2249
973 1243
2249 1459
1459 369
369 1492
369 2421
1492 947
947 373
947 1157
373 386
386 2255
386 2362
2255 1675
1675 1735
1735 2315
2315 109
109 288
288 2395
2395 1354
1354 1238
1354 1108
1238 807
807 1344
807 1529
1344 949
949 865
949 2120
865 2117
2117 1579
2117 2379
1579 577
577 1532
577 1768
1532 789
789 603
603 1230
1230 1331
1230 958
1331 1879
1331 655
1879 964
1879 1314
964 753
964 1498
753 1506
1506 1950
1950 2265
2265 1410
2265 2244
1410 1421
1421 2465
1421 870
2465 910
2465 1355
910 708
910 1266
708 1146
1146 1666
1146 2071
1666 2286
1666 1496
2286 464
464 729
464 2357
729 2382
2382 990
990 529
990 118
529 667
667 734
734 1099
734 691
1099 1313
1313 2098
2098 1430
2098 1898
1430 74
74 2230
74 1305
2230 2140
2230 225
2140 899
2140 1778
899 1699
899 1013
1699 2101
1699 2364
2101 1761
1761 901
1761 835
901 961
901 2390
961 2044
2044 327
2044 1483
327 1456
327 1835
1456 2172
1456 1722
2172 2497
2172 1110
2497 1712
1712 224
1712 1011
224 352
224 546
352 1741
352 1209
1741 1149
1149 549
1149 2464
549 2383
2383 385
2383 2324
385 1695
1695 1221
1695 1833
1221 35
1221 507
35 1211
35 230
1211 498
498 2517
2517 27
27 2299
2299 1541
1541 645
1541 220
645 1021
645 2280
1021 2016
2016 192
2016 735
192 2355
192 2319
2355 1657
1657 521
521 17
17 275
275 748
748 1638
748 1010
1638 2210
2210 2181
2181 56
2181 2176
56 363
56 915
363 671
671 139
139 2189
139 346
2189 2246
2246 758
2246 1045
758 161
161 468
161 1094
468 1153
468 324
1153 25
25 2405
25 1669
2405 1732
1732 931
931 1880
1880 1970
1970 763
763 1946
1946 1092
1946 1226
1092 785
785 522
785 2270
522 1604
1604 2394
1604 1069
2394 581
2394 282
581 857
581 420
857 306
857 2154
306 605
306 749
605 1334
1334 1987
1334 70
1987 2253
2253 568
2253 1824
568 2147
2147 1425
2147 1487
1425 1968
1425 2387
1968 41
41 2141
41 374
2141 1561
2141 2496
1561 1135
1561 2417
1135 1840
1135 1358
1840 784
784 1816
784 2472
1816 1988
1988 482
1988 1602
482 2340
482 1781
2340 1395
2340 2365
1395 253
1395 2475
253 1366
253 426
1366 2328
1366 470
2328 1379
2328 2434
1379 887
887 1754
1754 65
65 444
65 2069
444 1822
444 1047
1822 231
1822 643
231 1258
231 2129
1258 2447
1258 1803
2447 273
2447 1476
273 852
273 1985
852 1665
1665 1800
1665 1592
1800 174
174 1307
1307 2281
1307 890
2281 1564
1564 360
1564 818
360 1595
1595 805
805 4
805 1309
4 957
4 1411
957 790
790 190
190 132
190 1862
132 872
872 2199
872 587
2199 155
2199 157
155 1553
155 1435
1553 1382
1553 2020
1382 115
115 786
115 1717
786 411
786 841
411 1518
411 1673
1518 1152
1152 946
1152 2461
946 750
946 146
750 2288
2288 1107
2288 960
1107 2454
1107 172
2454 121
121 751
751 165
751 2125
165 2079
165 1163
2079 242
242 1620
242 430
1620 2493
1620 2330
2493 1308
1308 1932
1308 992
1932 1381
1932 320
1381 658
658 2273
2273 1720
2273 553
1720 527
527 1600
1600 119
119 343
343 869
343 1547
869 1659
869 189
1659 1924
1659 678
1924 1686
1686 2507
1686 1269
2507 1348
2507 1440
1348 2481
2481 1509
2481 2285
1509 338
1509 440
338 1640
1640 2107
1640 2008
2107 72
72 2053
72 131
2053 82
2053 2257
82 530
82 1684
530 1112
530 1365
1112 1407
1407 972
1407 2086
972 2168
972 351
2168 1679
1679 1198
1679 340
1198 449
1198 252
449 738
449 2139
738 2175
2175 1929
2175 1008
1929 1328
1929 599
1328 821
1328 414
821 1933
1933 1782
1933 1300
1782 2100
2100 2064
2064 1299
1299 1567
1299 1642
1567 1652
1652 1165
1165 311
1165 1162
311 650
311 1494
650 1197
650 99
1197 1172
1197 2408
1172 633
1172 39
633 1996
1996 1383
1996 1105
1383 98
1383 1869
98 134
134 167
167 1006
1006 2342
2342 85
85 967
85 1831
967 1581
967 1614
1581 616
616 2259
2259 1109
2259 1844
1109 558
1109 962
558 1992
1992 2182
2182 232
232 2150
232 2488
2150 2279
2279 744
2279 825
744 1438
1438 1472
1438 2236
1472 1762
1472 563
1762 127
1762 1385
127 1769
127 1298
1769 2309
2309 367
2309 1671
367 2065
367 1838
2065 1073
1073 1248
1073 1164
1248 278
1248 2072
278 2148
2148 76
2148 1593
76 794
76 1698
794 679
679 160
679 318
160 398
160 1653
398 300
300 294
300 345
294 717
717 501
501 2038
2038 1317
1317 823
823 1881
823 5
1881 1207
1881 1081
1207 1512
1512 191
191 1424
1424 438
438 1201
438 1962
1201 2137
1201 1934
2137 298
2137 1150
298 71
71 1128
1128 1857
1128 940
1857 2519
1857 2467
2519 2476
2519 1731
2476 2121
2476 1588
2121 1452
2121 1136
1452 2011
2011 868
2011 2159
868 1359
1359 1739
1739 714
714 1101
1101 1014
1101 102
1014 512
512 1250
1250 777
777 1374
1374 23
23 1591
1591 394
1591 2092
394 2403
394 1490
2403 2443
2403 1168
2443 981
2443 2505
981 545
981 1353
545 2013
545 2128
2013 1442
1442 1500
1500 1462
1462 1599
1599 1445
1445 584
1445 1533
584 2298
2298 75
75 686
75 2276
686 1137
686 1969
1137 1922
1922 1437
1922 613
1437 970
970 2268
970 2015
2268 195
2268 2310
195 77
195 882
77 1196
77 1050
1196 1032
1196 2206
1032 1770
1032 1405
1770 2338
1770 128
2338 452
2338 769
452 211
211 1242
211 740
1242 561
1242 1927
561 1470
561 660
1470 881
1470 539
881 656
656 728
656 540
728 810
728 780
810 2335
2335 2459
2459 1139
1139 1751
1139 1530
1751 2157
1751 2226
2157 1510
2157 1465
1510 2411
2411 1901
2411 1745
1901 1035
1901 2037
1035 596
596 651
596 465
651 19
651 407
19 1971
1971 1114
1971 494
1114 1711
1114 1624
1711 1978
1978 1054
1054 1056
1056 1951
1056 473
1951 222
222 149
222 1785
149 1089
1089 1118
1089 939
1118 42
1118 1481
42 314
42 336
314 2213
2213 1760
2213 2197
1760 994
1760 1040
994 2495
2495 116
2495 1357
116 1413
116 1170
1413 2049
2049 2057
2057 725
725 1759
725 1294
1759 2083
2083 1239
2083 1147
1239 1335
1239 233
1335 680
680 514
514 1966
514 2509
1966 1963
1963 1789
1963 262
1789 873
873 1522
1522 2126
2126 684
2126 1364
684 1994
684 2487
1994 1828
1828 1926
1828 1263
1926 2444
1926 2042
2444 89
2444 907
89 2456
2456 1444
1444 469
469 598
598 2035
2035 205
205 2308
2308 117
117 2043
117 1106
2043 2353
2353 1332
1332 783
783 1585
783 1615
1585 2430
1585 2151
2430 797
2430 199
797 1277
1277 711
711 1186
1186 1180
1186 1475
1180 2490
1180 1166
2490 114
2490 38
114 1098
1098 2332
2332 1154
2332 2136
1154 975
975 1945
1945 1052
1945 1206
1052 1753
1753 1326
1326 1113
1326 436
1113 1902
1902 2262
1902 1980
2262 1161
2262 811
1161 2463
2463 1179
2463 2178
1179 1002
1002 925
925 1246
1246 993
1246 842
993 1908
993 766
1908 1736
1908 2293
1736 569
1736 1764
569 1559
569 2039
1559 1316
1559 531
1316 2311
1316 2031
2311 1302
2311 429
1302 243
1302 2166
243 209
243 2171
209 829
829 1131
1131 2047
2047 2363
2363 1343
1343 1977
1343 575
1977 182
1977 250
182 1388
1388 2473
1388 755
2473 2504
2473 2203
2504 1225
2504 1792
1225 630
1225 214
630 1780
630 9
1780 847
847 2237
2237 2238
2237 2470
2238 2056
2056 1205
2056 2007
1205 995
1205 1085
995 234
234 1223
1223 1350
1350 1999
1999 1401
1999 1356
1401 1723
1723 201
1723 1282
201 937
937 1641
937 2228
1641 1651
1641 1906
1651 2219
2219 2205
2205 1227
1227 1402
1402 387
1402 908
387 1342
1342 1143
1342 303
1143 2009
1143 1807
2009 1504
1504 1027
1504 623
1027 2477
1027 433
2477 2180
2180 88
88 12
88 1716
12 382
12 1429
382 1148
382 1587
1148 2474
1148 1990
2474 1200
1200 694
694 384
384 2314
384 8
2314 932
2314 776
932 406
932 1423
406 1815
1815 47
47 1949
47 1262
1949 927
927 1400
1400 2478
1400 1345
2478 1858
1858 1544
1544 125
125 1503
125 2351
1503 1654
1503 154
1654 979
979 2524
979 1338
2524 1995
2524 1859
1995 312
1995 2211
312 20
20 1997
1997 13
13 2468
13 1748
2468 1589
1589 410
1589 2025
410 1572
1572 2329
1572 2367
2329 1928
1928 1861
1861 175
1861 332
175 1868
1868 424
424 1272
1272 974
974 1393
1393 255
255 1403
1403 905
905 1380
1380 1818
1818 722
1818 381
722 606
606 1325
1325 1616
1325 2087
1616 1515
1616 1499
1515 1668
1668 1074
1668 2523
1074 2088
1074 1130
2088 1037
2088 415
1037 2344
2344 1546
2344 1983
1546 2458
2458 644
2458 1776
644 1339
644 319
1339 1672
1672 2322
2322 1183
1183 2094
1183 2515
2094 1451
2094 2010
1451 2425
2425 792
792 1700
1700 1976
1976 1632
1632 2317
1632 1734
2317 849
2317 1603
849 1414
1414 2055
1414 1878
2055 28
2055 2526
28 1565
1565 413
413 1832
1832 238
238 402
402 2347
402 1608
2347 902
902 1362
902 832
1362 68
1362 2419
68 1347
1347 1899
1899 2138
1899 851
2138 2218
2218 1993
2218 1212
1993 1387
1387 2075
2075 559
2075 354
559 1061
1061 301
301 840
301 798
840 1352
1352 55
55 259
55 241
259 1066
259 266
1066 330
1066 1167
330 185
330 1843
185 1254
185 441
1254 819
1254 1436
819 2243
819 535
2243 261
261 1536
1536 1372
1536 2130
1372 775
1372 554
775 1563
1563 1811
1563 1270
1811 1582
1811 2492
1582 1925
1582 628
1925 2046
1925 1627
2046 1235
2046 1866
1235 579
579 1788
1788 1024
1024 383
1024 588
383 1854
383 1719
1854 2343
2343 889
2343 1095
889 1598
889 2250
1598 817
817 1892
1892 509
1892 2196
509 904
509 1224
904 2290
904 2068
2290 2114
2290 93
2114 848
2114 762
848 1273
1273 562
1273 2376
562 1275
1275 2360
1275 774
2360 897
897 2118
897 1295
2118 151
2118 813
151 309
309 1528
1528 1213
1528 2294
1213 1289
1213 2026
1289 594
1289 1245
594 1386
594 551
1386 526
1386 227
526 2277
2277 2318
2318 376
376 779
779 1346
1346 277
1346 1111
277 1885
277 46
1885 217
1885 730
217 1944
217 520
1944 476
476 1757
476 18
1757 2012
2012 1683
2012 2442
1683 1297
1683 2112
1297 863
1297 1083
863 1618
1618 696
696 2152
696 500
2152 221
2152 733
221 1606
1606 1398
1398 1363
1398 934
1363 91
1363 1896
91 2352
2352 2480
2352 1448
2480 702
702 861
861 1228
861 1691
1228 10
1228 79
10 2385
2385 462
2385 1821
462 432
462 1026
432 2204
2204 1611
2204 607
1611 2448
1611 1409
2448 1412
1412 1336
1336 1123
1336 2482
1123 920
920 1919
920 1884
1919 2400
1919 1662
2400 2439
2439 1912
2439 1418
1912 349
349 669
349 1634
669 2278
2278 624
624 143
143 701
701 341
341 2184
2184 1521
1521 883
1521 1373
883 999
999 2451
999 653
2451 2143
2451 1607
2143 364
2143 1550
364 971
364 1077
971 1554
971 178
1554 2034
2034 1702
2034 1548
1702 286
286 612
612 576
612 1431
576 257
576 1801
257 1397
257 1628
1397 930
1397 550
930 663
930 2061
663 1747
1747 379
1747 1426
379 2073
2073 508
2073 1685
508 2202
508 1883
2202 2127
2202 795
2127 822
2127 2198
822 2306
2306 2229
2306 1863
2229 894
894 2414
2414 1315
1315 670
1315 2455
670 1370
670 2508
1370 997
997 1044
1044 903
1044 279
903 1682
903 586
1682 1820
1682 2510
1820 1555
1820 2356
1555 571
571 443
443 171
443 484
171 984
171 854
984 1960
1960 504
1960 1667
504 32
32 1055
32 1905
1055 2233
2233 1537
2233 610
1537 2320
2320 510
510 2334
510 1647
2334 824
2334 1484
824 78
824 1526
78 1038
1038 1931
1038 567
1931 84
84 1319
84 2104
1319 1271
1319 1953
1271 1551
1271 2301
1551 1890
1890 347
347 1943
1943 1841
1943 22
1841 2193
1841 917
2193 2001
2193 788
2001 1571
2001 2212
1571 538
538 1249
1249 2513
2513 1900
2513 1871
1900 1742
1900 408
1742 886
1742 615
886 359
359 1907
1907 761
1907 2377
761 1097
1097 1586
1097 2303
1586 1042
1042 1091
1091 289
1091 1730
289 942
942 1126
1126 1846
1126 73
1846 2305
2305 1852
2305 871
1852 629
1852 2247
629 1806
629 641
1806 120
1806 1680
120 2155
120 602
2155 270
2155 1622
270 1655
270 472
1655 713
713 693
693 752
752 982
982 2215
982 1082
2215 1965
2215 846
1965 1888
1888 1827
1888 1290
1827 2436
1827 100
2436 130
2436 485
130 1033
1033 1367
1367 614
1367 703
614 69
614 1001
69 1903
69 246
1903 1004
1903 1234
1004 876
1004 723
876 1320
1320 556
556 1639
556 1304
1639 1477
1477 1278
1278 781
1278 661
781 194
781 676
194 1443
194 2018
1443 1408
1443 321
1408 1185
1408 654
1185 2190
2190 1360
2190 1697
1360 2033
2033 787
2033 1690
787 640
787 158
640 34
640 281
34 2525
2525 831
2525 471
831 208
831 2170
208 2158
208 1520
2158 1979
2158 1872
1979 2499
2499 1394
2499 148
1394 1466
1394 2494
1466 699
1466 700
699 1825
699 1629
1825 1856
1856 1874
1874 619
619 2165
619 936
2165 1556
2165 793
1556 719
1556 1568
719 969
719 765
969 2440
969 1956
2440 519
2440 688
519 511
511 187
187 272
187 1538
272 267
267 608
267 204
608 1694
1694 1012
1012 2445
1012 1051
2445 1096
1096 1321
1321 400
1321 403
400 1575
400 2260
1575 29
1575 988
29 2391
2391 564
2391 135
564 1267
1267 260
1267 256
260 2304
260 524
2304 1895
2304 2251
1895 435
1895 1236
435 1144
1144 326
326 1303
326 6
1303 269
1303 2413
269 2484
269 466
2484 245
245 986
245 479
986 480
480 2110
2110 634
2110 2389
634 952
634 166
952 1041
952 350
1041 1175
1041 497
1175 2321
2321 1129
2321 2048
1129 2060
1129 885
2060 1505
2060 1921
1505 2296
1505 1703
2296 1663
1663 1954
1663 2388
1954 1124
1124 2167
2167 1790
1790 1488
1790 2245
1488 48
1488 216
48 877
48 647
877 276
276 458
458 2460
2460 1086
1086 1447
1086 1913
1447 593
1447 1692
593 1847
1847 1981
1981 2410
1981 1446
2410 2090
2090 2224
2090 2521
2224 1210
1210 874
1210 173
874 620
620 943
943 1087
943 1075
1087 673
1087 1022
673 544
673 11
544 2457
2457 1631
2457 499
1631 1017
1017 582
1017 1474
582 2375
582 2325
2375 976
976 1489
976 249
1489 517
517 1306
1306 1252
1252 101
1252 1791
101 2295
101 1709
2295 2292
2292 878
878 1813
878 1681
1813 1774
1813 1214
1774 1865
1774 51
1865 145
145 954
145 1329
954 136
136 293
293 1920
293 1580
1920 1543
1920 342
1543 2341
2341 589
589 1256
1256 2124
1256 2452
2124 2289
2289 24
24 1253
24 1664
1253 1656
1656 1281
1656 142
1281 1279
1279 133
133 64
64 188
64 2327
188 1724
1724 1936
1936 1676
1936 1910
1676 1369
1369 2267
1369 1687
2267 1894
1894 1545
1545 474
474 1174
474 2261
1174 2361
2361 2109
2109 1406
2109 668
1406 1068
1406 2179
1068 1729
1068 1467
1729 1116
1116 914
1116 1706
914 1441
1441 1030
1441 1626
1030 768
768 574
768 1432
574 2518
574 685
2518 692
692 1222
692 782
1222 7
1222 1756
7 1184
1184 2221
1184 815
2221 1916
1916 2418
1916 1984
2418 487
487 1701
1701 447
447 727
727 720
720 2485
720 457
2485 1420
1420 163
163 210
163 1661
210 2333
210 2449
2333 44
44 207
44 461
207 1755
1755 909
909 2062
909 1527
2062 1301
1301 1793
1793 1514
1514 1469
1469 880
1469 375
880 1998
880 1103
1998 331
1998 1449
331 1658
331 578
1658 996
996 1955
1955 1049
1955 537
1049 284
1049 560
284 742
742 1576
1576 1053
1053 291
291 1765
1765 2256
2256 26
2256 1749
26 1260
26 1534
1260 492
492 1795
1795 1274
1795 455
1274 1396
1274 334
1396 913
913 2024
2024 2070
2024 1940
2070 299
2070 358
299 1558
1558 404
404 2398
2398 1191
2398 83
1191 757
1191 1798
757 1516
1516 1392
1392 196
196 2108
196 1826
2108 1495
1495 368
368 2077
2077 1482
1482 3
1482 739
3 1911
1911 980
1911 60
980 493
493 2074
493 1855
2074 2132
2074 1340
2132 66
66 2502
2502 295
2502 274
295 2412
2412 107
107 1283
107 366
1283 1501
1283 2337
1501 2407
2407 213
213 1160
1160 2080
2080 741
2080 419
741 126
741 604
126 1502
1502 2232
2232 1009
2232 1171
1009 2359
2359 94
94 2370
94 557
2370 370
370 258
370 802
258 933
258 1975
933 541
541 2185
541 446
2185 2133
2133 1322
1322 1323
1322 1674
1323 1265
1323 1918
1265 2501
1265 2423
2501 1851
1851 488
488 1046
488 421
1046 43
43 328
328 1752
1752 706
706 1566
1566 1028
1566 2354
1028 52
1028 523
52 1601
52 2162
1601 237
237 58
58 565
58 2030
565 1710
565 839
1710 1914
1914 308
1914 2241
308 1897
308 771
1897 2066
1897 1596
2066 264
2066 2106
264 1076
264 1060
1076 1070
1076 254
1070 2266
1070 989
2266 2406
2406 1341
2406 2119
1341 659
659 1268
1268 1140
1268 147
1140 36
36 371
36 938
371 1018
1018 1057
1057 2122
1057 513
2122 2429
2429 2366
2429 1660
2366 1237
1237 356
1237 1941
356 31
356 1291
31 941
31 674
941 552
552 672
672 1389
672 1138
1389 580
580 2275
2275 1016
2275 405
1016 478
1016 2052
478 1737
1737 1155
1155 1557
1155 1020
1557 583
1557 627
583 1292
1292 1938
1292 1193
1938 1034
1034 697
697 1244
1244 695
695 1875
695 1368
1875 219
1875 240
219 1830
219 168
1830 1584
1830 1612
1584 1461
1584 1891
1461 1190
1461 1327
1190 138
1190 251
138 1217
138 63
1217 1688
1688 731
1688 987
731 1119
1119 951
951 1643
1643 496
1643 1399
496 1003
1003 1952
1952 862
1952 2483
862 1337
1337 698
698 159
698 2368
159 715
715 2017
2017 770
2017 1132
770 1619
770 105
1619 1240
1619 1837
1240 81
81 682
81 144
682 622
682 1942
622 638
638 2346
2346 1637
1637 1455
1637 2161
1455 1203
1203 1540
1203 1842
1540 15
15 1771
1771 884
1771 764
884 2374
2374 547
2374 1194
547 2401
2401 1814
2401 1497
1814 1877
1814 898
1877 1156
1877 290
1156 956
1156 2183
956 1819
1819 412
412 1204
412 113
1204 814
1204 2514
814 1848
1848 215
1848 1349
215 1967
1967 62
1967 1939
62 1763
62 1740
1763 322
322 536
322 1525
536 2235
536 991
2235 90
2235 828
90 1957
90 1288
1957 33
1957 2431
33 1783
33 329
1783 2437
2437 477
2437 1192
477 945
945 515
945 826
515 380
515 2466
380 2239
380 2113
2239 665
665 666
665 2506
666 30
30 2372
30 106
2372 1216
1216 1535
1216 1523
1535 2263
2263 193
2263 86
193 1812
1812 1287
1287 1182
1287 2194
1182 292
1182 1904
292 2004
292 1718
2004 2216
2004 1176
2216 2195
2195 689
2195 1005
689 1775
689 953
1775 533
533 357
357 1000
1000 110
110 1767
1767 632
1767 2384
632 2283
2283 950
950 296
950 2234
296 1375
1375 2067
2067 850
850 1574
1574 2396
2396 1208
1208 1080
1208 2223
1080 1621
1080 860
1621 265
265 2264
265 707
2264 791
791 1597
1597 853
853 197
853 310
197 2208
2208 170
2208 709
170 1141
170 926
1141 218
218 649
649 1746
649 2029
1746 2432
1746 2369
2432 353
2432 1415
353 1247
1247 2450
1247 1115
2450 1241
2450 302
1241 745
745 636
636 448
448 1127
448 1219
1127 2214
2214 919
2214 2085
919 704
919 489
704 1259
1259 879
879 2160
2160 1169
1169 396
396 2409
2409 1773
2409 490
1773 140
1773 726
140 2252
2252 760
2252 1696
760 198
760 2201
198 796
198 1649
796 503
796 1853
503 422
422 57
422 844
57 2000
2000 2258
2258 2123
2258 2105
2123 2102
2123 864
2102 1577
2102 1029
1577 2272
1577 1181
2272 2397
2272 103
2397 921
921 1886
921 1817
1886 1100
1100 687
687 228
687 1078
228 212
228 2076
212 181
212 37
181 856
181 635
856 2003
856 830
2003 978
2003 1233
978 959
959 1058
1058 935
1058 1255
935 1310
1310 1471
1310 247
1471 516
1471 1573
516 1989
516 2222
1989 1887
1989 1102
1887 1590
1887 838
1590 1231
1231 896
1231 1457
896 597
896 1935
597 1134
1134 372
1134 642
372 124
124 555
555 1251
555 858
1251 893
893 450
450 177
450 1195
177 1693
1693 1023
1023 184
1023 892
184 162
162 1542
162 297
1542 912
1542 2051
912 2297
912 361
2297 1650
1650 2099
2099 229
2099 2399
229 1151
229 2134
1151 2242
2242 800
800 1623
1623 1961
1961 2187
1961 918
2187 1031
1031 2433
1031 804
2433 1829
1829 392
1829 966
392 652
392 591
652 339
339 2093
339 417
2093 2095
2095 1439
2095 442
1439 1594
1594 2135
1594 467
2135 888
888 454
454 916
454 283
916 2058
2058 2227
2227 423
2227 1473
423 2271
2271 1454
1454 2274
2274 812
2274 1779
812 1578
1578 724
724 1605
724 833
1605 59
1605 968
59 2522
59 1434
2522 1704
1704 928
928 459
459 1312
459 1202
1312 1850
1312 2231
1850 104
1850 985
104 1930
1930 534
1930 1177
534 2142
2142 2348
2348 122
2348 1264
122 1524
122 1419
1524 1909
1524 827
1909 705
705 595
705 1404
595 137
595 1416
137 1378
1378 1257
1378 263
1257 21
21 1507
1507 801
801 389
389 475
389 355
475 2336
475 2191
2336 1293
1293 1093
1293 1860
1093 1648
1648 344
344 1088
344 491
1088 506
1088 2103
506 2358
506 1714
2358 425
425 1678
1678 646
646 235
235 200
235 1986
200 859
200 453
859 1797
859 2489
1797 1794
1797 1625
1794 929
1794 1569
929 2520
2520 1428
2520 67
1428 2028
2028 747
2028 1609
747 445
445 2422
2422 40
2422 1067
40 900
900 418
900 1064
418 313
313 2177
2177 855
2177 1486
855 1809
1809 112
1809 746
112 737
737 639
639 1460
1460 14
14 2416
2416 80
2416 1613
80 2516
80 1121
2516 391
391 2282
2282 648
2282 1036
648 963
648 54
963 592
963 677
592 176
176 1849
176 2254
1849 431
1849 2209
431 1039
431 1311
1039 1158
1158 315
1158 1689
315 1845
1845 1511
1511 153
153 1839
1839 2316
2316 495
495 1744
495 1915
1744 1549
1744 2424
1549 2021
1549 2339
2021 2023
2021 1804
2023 1539
1539 335
1539 923
335 323
335 1808
323 772
772 944
772 1019
944 1296
944 631
1296 409
1296 1059
409 618
618 1084
1084 388
388 97
97 736
736 1517
1517 390
1517 2149
390 1610
1610 2287
1610 572
2287 528
528 1072
1072 1286
1072 1864
1286 1772
1772 203
1772 2054
203 743
203 1090
743 2435
2435 280
2435 2313
280 1220
1220 2145
2145 1583
2145 1458
1583 486
1583 2441
486 399
399 1384
1384 875
875 1823
1823 1974
1974 1453
1974 87
1453 617
617 456
456 287
456 96
287 202
202 1670
202 866
1670 712
712 2027
712 1758
2027 95
2027 2511
95 141
141 2146
2146 325
325 721
721 395
721 1743
395 2059
2059 2200
2059 2438
2200 434
434 45
45 1324
45 1422
1324 378
1324 837
378 2045
2045 1178
1178 1463
1463 1982
1982 1104
1982 2169
1104 365
1104 152
365 239
365 236
239 1958
239 657
1958 2164
2164 1479
2164 1318
1479 1635
1635 1560
1635 483
1560 1376
1376 2173
2173 1991
2173 1025
1991 1063
1991 836
1063 53
53 244
244 1417
1417 226
1417 1721
226 2084
2084 2081
2084 439
2081 333
2081 2131
333 1519
333 1805
1519 1750
1750 502
1750 525
502 1433
1433 1964
1964 2323
2323 377
377 2078
377 2002
2078 2089
2078 1015
2089 1508
1508 2207
2207 316
316 2192
316 683
2192 2512
2192 806
2512 891
2512 1810
891 2082
891 1644
2082 675
