25 907 10
3 18
3 10
18 16
16 4
16 24
4 20
20 5
20 6
5 25
25 13
25 2
13 12
12 7
12 17
7 15
7 14
15 21
21 11
11 22
11 23
22 8
8 9
9 1
1 19
299 452
452 243
452 75
243 27
27 202
27 812
202 203
203 569
203 878
569 6
6 63
6 769
63 116
116 841
116 305
841 261
261 591
591 892
591 58
892 432
892 825
432 132
132 815
815 690
690 386
690 56
386 105
105 139
105 248
139 216
216 344
344 252
252 622
622 510
622 848
510 301
510 459
301 253
253 389
389 668
389 409
668 260
668 791
260 883
883 547
547 604
547 231
604 585
604 427
585 307
585 819
307 500
500 375
375 577
375 783
577 190
190 861
861 333
861 836
333 794
794 823
823 72
72 142
72 643
142 114
114 659
659 778
778 818
778 450
818 268
268 844
268 10
844 224
224 587
587 674
674 296
296 540
540 670
540 685
670 330
670 397
330 404
404 710
710 239
710 437
239 519
239 796
519 653
519 309
653 562
562 129
129 790
790 749
749 740
749 652
740 607
740 501
607 465
465 395
395 889
889 334
334 130
130 505
505 141
505 9
141 553
141 159
553 39
39 250
39 712
250 496
250 418
496 310
310 482
482 683
683 210
683 811
210 801
801 283
283 61
61 903
61 412
903 661
903 5
661 339
661 434
339 777
777 411
777 640
411 558
411 184
558 729
729 703
729 648
703 238
703 15
238 388
388 357
388 595
357 322
357 868
322 259
259 189
189 69
69 489
69 735
489 663
489 530
663 83
663 814
83 862
862 637
862 182
637 342
637 566
342 439
342 901
439 363
363 494
494 747
747 800
747 12
800 863
800 722
863 477
477 380
380 11
380 44
11 504
11 620
504 813
504 234
813 528
528 103
528 886
103 807
807 554
807 508
554 1
554 323
1 79
1 822
79 233
233 125
233 656
125 364
364 266
266 31
266 626
31 42
31 532
42 390
42 782
390 353
390 561
353 651
651 576
651 470
576 134
576 609
134 347
134 696
347 498
498 314
314 221
314 598
221 615
615 19
19 325
325 40
40 669
669 8
669 904
8 720
8 665
720 391
391 737
737 170
170 531
170 556
531 54
531 321
54 766
766 590
590 798
590 514
798 349
349 361
349 38
361 127
127 460
127 881
460 20
20 377
377 523
523 692
523 329
692 255
255 292
255 543
292 41
41 617
41 384
617 336
617 879
336 650
650 237
650 898
237 291
237 704
291 873
873 768
768 486
486 527
486 16
527 736
527 698
736 803
803 245
245 780
780 274
274 732
732 96
732 545
96 360
96 831
360 50
360 644
50 462
462 809
809 906
906 753
753 853
753 122
853 612
612 393
393 173
173 160
173 491
160 295
160 821
295 416
416 672
416 639
672 300
672 880
300 436
300 581
436 758
436 854
758 156
758 468
156 84
156 220
84 382
84 787
382 43
382 136
43 4
4 771
4 94
771 600
600 797
600 895
797 89
797 242
89 497
89 316
497 572
572 228
228 328
328 596
596 194
596 775
194 192
192 60
192 742
60 48
60 426
48 183
48 890
183 549
183 701
549 882
549 761
882 78
882 826
78 3
3 681
681 856
681 18
856 143
856 511
143 429
143 312
429 719
429 713
719 805
719 55
805 126
126 223
126 37
223 728
728 157
728 200
157 350
350 606
350 764
606 394
606 664
394 335
394 131
335 354
354 529
529 885
529 726
885 445
885 544
445 211
211 487
487 667
667 428
428 851
428 25
851 191
851 784
191 400
191 213
400 539
539 676
539 298
676 343
343 214
343 827
214 66
66 760
66 446
760 584
584 480
584 621
480 601
480 308
601 263
601 135
263 326
326 520
326 454
520 647
520 80
647 303
647 525
303 119
119 902
902 582
582 30
30 290
30 327
290 745
745 372
745 616
372 247
247 573
573 137
573 687
137 894
137 660
894 872
872 824
872 795
824 675
824 828
675 677
677 448
448 407
407 792
407 678
792 419
792 682
419 634
634 235
634 447
235 57
235 755
57 629
57 693
629 537
629 750
537 381
537 657
381 717
381 272
717 845
717 352
845 593
845 900
593 185
593 358
185 541
185 773
541 907
541 152
907 45
907 22
45 277
277 680
680 294
294 51
51 840
51 285
840 461
840 858
461 206
461 716
206 830
206 580
830 128
830 367
128 655
655 187
655 875
187 586
586 671
671 628
671 691
628 229
628 781
229 196
229 158
196 162
162 721
162 421
721 770
721 467
770 646
646 207
646 479
207 118
118 869
869 345
869 808
345 490
490 763
490 534
763 867
763 746
867 483
483 346
483 306
346 507
346 832
507 565
507 779
565 174
565 871
174 727
727 839
727 603
839 789
839 101
789 751
751 28
28 594
28 843
594 560
594 488
560 570
560 870
570 424
424 568
568 34
568 49
34 509
509 369
509 236
369 265
369 630
265 14
265 714
14 287
287 686
287 876
686 756
756 499
756 440
499 571
499 33
571 575
571 13
575 442
442 163
163 217
217 654
654 226
226 623
623 533
533 109
109 24
109 35
24 150
24 256
150 32
150 877
32 104
104 264
104 723
264 893
264 351
893 365
893 82
365 430
365 64
430 232
232 177
232 772
177 441
441 387
387 254
387 396
254 108
254 179
108 589
108 93
589 87
589 68
87 370
370 748
370 176
748 709
748 481
709 433
433 341
341 241
241 257
241 852
257 752
257 718
752 449
752 464
449 337
337 92
92 559
92 741
559 632
632 408
408 806
408 281
806 888
888 413
413 435
435 318
318 420
318 860
420 865
865 186
186 366
186 193
366 181
366 757
181 471
471 286
286 555
555 47
555 785
47 633
633 279
633 526
279 743
279 850
743 564
564 423
423 473
473 311
473 578
311 711
311 859
711 209
711 548
209 373
209 475
373 90
90 368
368 874
368 53
874 227
874 588
227 614
227 833
614 59
614 605
59 641
641 81
641 579
81 835
81 379
835 402
835 199
402 642
402 415
642 786
642 304
786 485
786 820
485 707
707 2
2 74
2 154
74 492
74 161
492 197
492 724
197 315
315 715
315 112
715 679
679 374
374 332
332 168
332 410
168 455
168 70
455 816
816 535
535 550
535 842
550 140
550 267
140 23
23 284
23 730
284 522
284 414
522 453
453 258
258 7
7 62
7 165
62 802
802 88
802 583
88 610
88 725
610 406
610 110
406 73
406 702
73 512
73 673
512 896
512 645
896 847
847 666
847 123
666 219
666 215
219 275
275 884
275 762
884 899
884 362
899 472
472 611
611 133
611 86
133 493
133 198
493 658
493 392
658 230
658 376
230 401
230 478
401 144
401 399
144 466
466 166
466 638
166 624
624 212
624 708
212 857
212 246
857 705
857 359
705 180
705 776
180 280
280 557
557 608
608 120
608 302
120 846
846 538
538 518
518 71
71 503
503 817
503 138
817 542
817 456
542 117
542 36
117 733
117 106
733 567
567 502
567 100
502 155
155 804
155 619
804 788
788 240
240 385
240 26
385 855
385 774
855 563
855 169
563 371
563 517
371 262
371 697
262 356
356 111
356 513
111 320
320 149
149 147
147 799
147 849
799 458
799 102
458 887
887 99
99 289
99 91
289 613
613 476
613 546
476 551
551 536
551 700
536 474
536 694
474 21
21 313
21 516
313 297
297 383
297 195
383 744
744 524
744 444
524 897
897 97
97 225
97 597
225 662
662 201
201 244
244 739
739 270
739 278
270 124
270 95
124 115
115 403
403 484
403 759
484 810
810 515
810 495
515 706
706 627
706 422
627 293
293 837
293 417
837 222
222 793
222 618
793 319
793 67
319 636
636 340
636 148
340 251
251 46
251 699
46 398
46 574
398 905
398 317
905 765
905 731
765 188
765 151
188 592
188 864
592 167
167 463
167 734
463 469
463 76
469 695
469 178
695 29
29 98
29 77
98 457
457 171
171 438
438 205
438 271
205 834
205 269
834 625
625 506
625 552
506 218
506 767
218 172
218 175
172 891
172 331
891 17
891 425
17 754
17 324
754 146
754 599
146 288
288 451
451 121
451 85
121 738
121 282
738 635
738 208
635 249
249 348
348 107
107 338
107 113
338 649
649 602
649 355
602 273
602 164
273 204
204 145
145 378
378 829
829 52
52 838
52 688
838 689
838 684
689 405
405 631
405 431
631 443
631 153
443 521
521 65
521 276
65 866
