3 1838 86881816
3 1
3 2
1072 1152
1072 289
1152 1561
1561 768
768 1522
768 868
1522 1806
1806 199
199 1387
1387 590
590 601
601 56
601 966
56 1534
1534 397
1534 1170
397 780
397 1473
780 641
780 1482
641 368
641 1143
368 510
510 1572
1572 252
252 1113
252 4
1113 873
873 259
259 849
849 659
849 1075
659 1476
1476 781
781 1085
1085 939
1085 76
939 1188
939 50
1188 392
1188 433
392 611
392 1343
611 862
862 362
362 727
727 309
727 1505
309 741
309 1484
741 1633
1633 820
1633 929
820 560
820 1431
560 1001
1001 1646
1001 1283
1646 928
928 1593
928 1680
1593 913
1593 104
913 1636
1636 1011
1011 477
1011 1018
477 1021
1021 1008
1008 216
1008 150
216 1555
1555 450
450 419
450 1025
419 319
419 153
319 769
319 947
769 667
769 1662
667 683
683 996
996 853
853 1503
853 686
1503 1362
1362 336
1362 1526
336 657
657 19
19 1698
19 1045
1698 1073
1698 255
1073 287
1073 226
287 1029
287 1280
1029 959
959 1358
1358 134
134 1301
134 1533
1301 915
915 948
948 797
948 779
797 1088
797 562
1088 163
163 47
163 1693
47 13
13 1449
1449 551
1449 907
551 698
551 442
698 1014
698 1031
1014 626
1014 161
626 387
626 359
387 371
387 772
371 1128
371 1760
1128 1455
1455 422
422 1728
422 535
1728 329
329 1575
1575 1447
1447 526
526 1381
526 1714
1381 814
1381 22
814 415
814 975
415 1307
415 1325
1307 345
345 318
345 35
318 1562
318 1397
1562 1679
1679 655
655 52
52 707
707 1509
1509 628
628 1230
628 1264
1230 1410
1410 1287
1410 215
1287 1112
1287 1372
1112 557
557 84
84 1246
1246 570
570 1546
570 1122
1546 78
1546 1049
78 493
78 1367
493 878
493 74
878 682
878 1180
682 1553
1553 320
1553 274
320 64
64 441
441 934
934 676
676 100
676 245
100 1289
100 888
1289 1474
1474 408
408 1338
408 1172
1338 405
1338 1175
405 1485
1485 1576
1485 1785
1576 1694
1694 155
155 1696
1696 237
1696 1549
237 616
237 1099
616 774
774 1176
1176 1580
1580 610
1580 1556
610 223
223 51
51 1231
51 1788
1231 351
351 1365
351 466
1365 469
469 82
469 1134
82 703
82 492
703 414
414 1832
414 486
1832 1496
1496 29
1496 848
29 1574
1574 42
42 324
324 403
403 586
586 1423
1423 1669
1669 353
1669 1594
353 579
353 870
579 102
102 243
102 543
243 143
143 1151
143 1736
1151 561
561 1125
561 684
1125 574
574 922
922 1499
1499 859
1499 636
859 832
832 1080
1080 1619
1080 771
1619 960
1619 1317
960 132
132 1146
1146 92
92 956
956 817
956 241
817 573
573 154
154 148
148 53
148 1811
53 1711
1711 1207
1711 1641
1207 1204
1207 1622
1204 997
1204 382
997 1771
1771 185
185 91
185 914
91 1065
1065 761
1065 1389
761 1127
761 1359
1127 1171
1127 1514
1171 885
1171 1015
885 756
885 666
756 1136
756 816
1136 1185
1136 933
1185 32
1185 1650
32 1401
1401 518
1401 1124
518 298
518 45
298 381
298 906
381 871
381 105
871 999
999 258
999 173
258 1545
1545 460
1545 1321
460 681
681 575
681 1245
575 304
304 1472
304 1528
1472 850
1472 691
850 497
850 742
497 1775
1775 1239
1775 119
1239 624
1239 471
624 1688
624 1674
1688 316
316 1197
1197 505
505 1552
505 1557
1552 1778
1778 1756
1778 1384
1756 308
1756 1733
308 950
950 81
950 1407
81 410
410 1201
1201 1569
1569 1723
1569 1635
1723 1035
1723 1838
1035 85
85 1322
1322 365
1322 905
365 1684
365 645
1684 1208
1208 1750
1208 1305
1750 1010
1750 1430
1010 116
116 203
203 101
101 1471
1471 1818
1471 550
1818 352
1818 98
352 1812
1812 961
961 1742
961 1695
1742 1041
1041 1074
1041 529
1074 731
731 238
238 767
767 625
767 1502
625 147
147 1683
1683 1292
1292 1560
1560 1163
1560 1382
1163 1627
1163 411
1627 585
1627 988
585 1665
1665 9
1665 418
9 1769
1769 808
1769 355
808 1424
1424 1784
1784 749
1784 446
749 1190
749 955
1190 790
1190 872
790 269
790 1348
269 38
269 501
38 1523
38 1405
1523 1158
1158 1081
1081 379
1081 638
379 973
379 637
973 1799
1799 720
1799 938
720 1408
1408 1260
1408 256
1260 534
534 137
137 373
137 1536
373 967
967 416
967 73
416 1166
1166 854
854 1142
854 1791
1142 644
644 271
644 897
271 776
776 1551
776 1297
1551 1602
1602 503
1602 739
503 1539
1539 18
18 1126
18 211
1126 1732
1126 452
1732 764
764 1607
1607 1160
1160 673
673 1036
1036 615
1036 788
615 1054
1054 693
1054 1416
693 631
631 1248
1248 79
1248 1098
79 1324
1324 1119
1324 207
1119 1831
1831 169
1831 1164
169 1443
169 1223
1443 581
1443 1254
581 1469
581 976
1469 1140
1140 722
1140 1267
722 1744
1744 711
1744 773
711 1238
1238 439
439 508
508 705
705 911
911 39
39 806
39 1501
806 1464
1464 506
1464 1161
506 1601
1601 1830
1601 1235
1830 549
549 189
189 1689
1689 1154
1154 1144
1154 712
1144 919
919 1699
919 668
1699 322
322 1529
1529 1678
1529 481
1678 1819
1819 26
1819 204
26 1815
1815 222
1815 420
222 760
222 782
760 1385
1385 21
21 1516
21 1793
1516 1708
1516 1515
1708 1758
1758 1320
1758 736
1320 1441
1441 748
748 1153
1153 891
891 1495
1495 532
532 1442
1442 558
1442 599
558 323
323 244
323 1712
244 454
454 311
454 894
311 349
349 498
498 1368
498 122
1368 1183
1368 242
1183 1328
1328 65
65 829
65 1115
829 1578
1578 1114
1114 363
1114 851
363 1413
1413 213
1413 675
213 1671
213 1477
1671 1364
1671 1093
1364 962
962 1435
1435 1807
1435 633
1807 1525
1807 5
1525 326
1525 1834
326 1558
326 1511
1558 1288
1288 1294
1294 77
1294 118
77 333
333 1135
333 807
1135 623
1135 1478
623 112
623 115
112 1162
112 1051
1162 516
516 533
533 1752
533 680
1752 823
1752 833
823 138
823 687
138 986
138 1003
986 1232
1232 97
97 108
97 490
108 952
952 1132
1132 1519
1519 1056
1519 186
1056 678
678 1334
1334 672
1334 236
672 432
432 188
432 1634
188 926
926 1236
1236 1524
1524 511
1524 1178
511 899
511 1616
899 882
882 572
572 1089
572 210
1089 528
528 607
528 1559
607 1749
1749 1206
1749 889
1206 1670
1670 177
1670 879
177 1700
1700 1253
1253 747
1253 1326
747 1448
1448 1019
1019 1774
1019 1314
1774 546
546 69
69 1701
69 647
1701 1024
1701 1660
1024 413
1024 114
413 344
344 1306
1306 380
380 1210
1210 437
1210 745
437 1795
1795 541
541 141
141 1513
141 8
1513 1196
1513 1734
1196 448
448 1138
1138 1626
1138 759
1626 354
354 1725
1725 954
954 225
954 142
225 556
225 800
556 977
556 525
977 264
977 1531
264 1802
264 547
1802 1486
1802 620
1486 453
1486 374
453 1440
1440 1512
1440 1800
1512 227
227 1571
227 918
1571 900
1571 449
900 174
900 1181
174 1828
174 602
1828 1726
1726 512
1726 1221
512 1050
1050 930
1050 293
930 1596
1596 1366
1596 1304
1366 1715
1366 1300
1715 1776
1776 1640
1640 190
1640 753
190 953
953 233
953 545
233 1467
233 224
1467 1344
1467 201
1344 482
482 1205
1205 1071
1071 812
1071 230
812 665
812 1203
665 653
665 364
653 390
653 1421
390 1252
390 1137
1252 195
195 447
195 751
447 803
803 1347
803 1417
1347 865
865 391
391 706
391 798
706 1318
706 654
1318 925
925 1667
925 844
1667 1038
1667 1623
1038 431
431 1655
1655 465
465 44
44 70
70 1398
70 991
1398 1202
1398 1480
1202 1727
1202 1357
1727 1187
1187 890
890 279
890 861
279 113
113 1527
113 567
1527 1713
1527 989
1713 384
1713 931
384 553
384 594
553 1500
1500 1445
1445 34
34 128
128 737
128 1716
737 734
737 860
734 701
734 883
701 1798
1798 697
697 1770
1770 1583
1583 1618
1618 834
834 66
834 831
66 250
250 1755
1755 520
1755 297
520 1735
1735 1517
1517 1061
1061 1836
1061 539
1836 921
921 694
921 157
694 1620
1620 530
530 193
530 1069
193 830
830 1825
1825 1404
1404 777
1404 799
777 234
234 435
234 542
435 1550
435 10
1550 1066
1066 980
1066 1434
980 1043
980 869
1043 1281
1281 1337
1281 232
1337 444
444 1378
444 20
1378 2
2 427
2 434
427 1150
427 1656
1150 920
1150 231
920 1059
920 1388
1059 1461
1059 1076
1461 261
261 1605
1605 95
95 1544
95 1437
1544 792
792 388
792 1821
388 1692
1692 160
1692 1686
160 941
160 87
941 1265
1265 1100
1100 726
1100 1548
726 1597
1597 1494
1597 1459
1494 339
339 1227
1227 1444
1444 25
1444 393
25 783
25 875
783 1563
1563 1350
1563 1731
1350 1573
1573 629
1573 1020
629 743
743 1034
1034 499
1034 1751
499 1329
1329 1027
1329 96
1027 1169
1169 688
688 313
313 746
746 54
54 129
54 597
129 1282
129 1316
1282 802
1282 1273
802 407
407 1673
407 307
1673 1741
1673 1145
1741 1582
1741 1653
1582 1040
1582 1087
1040 1779
1779 280
1779 1730
280 1835
280 49
1835 1222
1835 522
1222 661
1222 1740
661 1508
1508 159
159 253
159 1123
253 845
845 901
845 1393
901 1048
901 728
1048 191
1048 1685
191 750
750 998
998 618
618 1822
1822 970
1822 472
970 1005
970 1121
1005 180
1005 467
180 910
910 127
127 917
127 290
917 495
917 671
495 219
219 1191
219 1631
1191 1521
1191 902
1521 292
1521 478
292 1520
1520 376
1520 86
376 1266
376 1814
1266 1130
1130 634
1130 1341
634 1682
1682 1599
1682 296
1599 578
578 187
578 1570
187 864
864 1452
864 282
1452 1504
1452 841
1504 957
957 179
957 876
179 1356
179 815
1356 412
412 909
412 1077
909 1706
909 1374
1706 1765
1706 951
1765 566
1765 733
566 489
489 1764
1764 429
1764 1149
429 1278
429 440
1278 1179
1278 218
1179 1242
1179 1566
1242 1270
1270 1709
1270 273
1709 1383
1383 272
1383 1394
272 1335
1335 981
1335 1809
981 835
835 135
835 643
135 1786
135 1585
1786 461
461 389
389 1429
1429 194
1429 801
194 1657
194 80
1657 945
945 1797
1797 214
214 1332
1332 892
1332 758
892 1028
1028 167
1028 912
167 1004
1004 735
1004 1803
735 385
385 1110
385 521
1110 924
924 605
605 944
605 217
944 1768
944 315
1768 903
903 523
523 1094
1094 789
1094 27
789 536
789 491
536 235
536 563
235 178
178 1032
1032 350
1032 377
350 251
251 692
692 895
895 1229
895 1079
1229 695
695 856
695 1651
856 838
856 198
838 729
729 1310
729 117
1310 1564
1310 972
1564 887
1564 1209
887 877
877 619
877 378
619 1792
619 1609
1792 139
1792 1323
139 1013
139 149
1013 1174
1174 617
617 1491
1491 331
1491 136
331 604
604 464
464 1672
1672 1753
1672 48
1753 424
424 740
424 1487
740 1801
1801 1084
1801 639
1084 674
674 710
710 1194
1194 1218
1218 286
286 1053
286 484
1053 1182
1182 93
93 476
476 940
476 715
940 348
940 786
348 1302
348 337
1302 1047
1047 537
1047 1418
537 1247
1247 1612
1612 338
1612 1724
338 1704
338 1703
1704 1676
1676 1645
1645 1826
1826 752
752 123
123 896
123 383
896 1625
896 265
1625 784
1625 1285
784 459
459 1457
459 1719
1457 1225
1457 1095
1225 669
669 1109
1109 1565
1109 1644
1565 1068
1565 1629
1068 584
584 1604
1604 1639
1604 1456
1639 1630
1639 62
1630 804
1630 257
804 1595
804 1632
1595 75
1595 356
75 704
75 994
704 983
704 762
983 1400
983 1773
1400 652
1400 443
652 908
908 1414
908 1219
1414 59
1414 372
59 1177
59 14
1177 1042
1177 428
1042 757
1042 126
757 1257
1257 200
1257 1103
200 72
200 1086
72 455
72 1772
455 651
455 1033
651 1588
1588 1111
1588 438
1111 267
1111 1361
267 1542
267 270
1542 648
1542 1193
648 1063
648 1251
1063 1488
1488 1106
1106 1450
1450 1813
1450 1256
1813 61
1813 1173
61 1687
61 1451
1687 249
249 1159
1159 569
569 1432
1432 1
1 487
487 1677
1677 1058
1677 596
1058 1165
1165 1215
1165 1419
1215 1377
1215 1290
1377 3
3 866
3 1012
866 1192
1192 183
183 730
183 212
730 793
730 263
793 367
793 1233
367 483
367 1354
483 677
483 893
677 1360
677 1648
1360 992
992 1837
992 1721
1837 935
935 301
935 291
301 1492
1492 968
968 1131
968 1470
1131 818
1131 595
818 480
480 1453
1453 1621
1621 1717
1717 1722
1717 1664
1722 519
519 16
519 409
16 1373
16 1352
1373 946
946 826
946 857
826 867
867 312
312 515
312 1490
515 328
328 474
328 702
474 1220
1220 278
278 196
278 303
196 1263
196 1189
1263 1406
1263 262
1406 755
1406 544
755 1339
1339 71
1339 281
71 479
71 1681
479 689
479 1535
689 1658
1658 247
247 1327
247 275
1327 1642
1642 1738
1738 7
7 1584
1584 1249
1584 658
1249 1654
1654 995
995 1375
1375 564
564 246
564 473
246 1276
1276 927
1276 394
927 1591
927 1777
1591 1816
1816 294
1816 451
294 1589
294 813
1589 1363
1363 627
627 1637
1637 1747
1637 1790
1747 609
609 1006
1006 1506
1006 1355
1506 738
1506 1598
738 283
738 124
283 125
283 1284
125 206
206 366
206 1000
366 603
366 164
603 1611
603 828
1611 509
1611 517
509 714
509 1426
714 1241
1241 369
1241 1748
369 496
369 1345
496 1200
496 1346
1200 184
1200 1468
184 140
184 775
140 321
321 754
754 1118
1118 57
1118 1039
57 1498
57 488
1498 1275
1275 30
30 1311
1311 457
457 1577
457 1060
1577 1070
1070 46
46 708
46 1370
708 1675
708 821
1675 1399
1399 1614
1614 1299
1299 1333
1299 1104
1333 106
1333 916
106 513
106 822
513 1078
1078 266
266 1303
266 1331
1303 1783
1303 1690
1783 1600
1783 978
1600 571
1600 500
571 717
717 593
717 1787
593 993
593 1298
993 1369
1369 284
284 811
811 979
811 1237
979 133
979 406
133 679
133 1518
679 83
679 1718
83 152
152 640
640 436
640 310
436 1214
436 559
1214 606
606 24
24 1224
24 88
1224 612
1224 299
612 463
463 302
463 181
302 99
302 576
99 583
583 400
583 1460
400 145
145 1319
1319 568
568 805
805 1808
805 1691
1808 1349
1349 765
1349 987
765 335
765 1481
335 370
370 1386
1386 1479
1479 1661
1661 577
1661 1411
577 1117
577 1497
1117 796
796 791
791 552
552 810
810 37
37 1420
37 1351
1420 1291
1420 1108
1291 794
1291 386
794 314
794 1052
314 6
314 1666
6 1720
1720 863
1720 342
863 855
863 248
855 1037
855 785
1037 963
963 621
963 1133
621 1587
621 1101
1587 1062
1587 1425
1062 1422
1422 1007
1422 824
1007 1643
1007 732
1643 1258
1643 608
1258 1268
1258 1454
1268 172
172 1156
172 1286
1156 847
847 1458
847 527
1458 690
690 404
690 295
404 971
404 494
971 1395
971 58
1395 591
591 197
197 229
229 1308
229 33
1308 1330
1308 1213
1330 111
1330 221
111 1540
1540 11
11 1002
1002 660
660 1391
660 840
1391 1092
1092 984
984 632
632 1668
632 1293
1668 1663
1668 1195
1663 540
1663 17
540 937
540 650
937 886
937 1396
886 1766
1766 1827
1766 162
1827 1217
1217 881
1217 670
881 1097
1097 288
288 417
288 1510
417 1017
1017 1376
1017 1829
1376 663
1376 1824
663 401
401 874
874 839
839 90
839 770
90 343
343 809
809 990
809 1465
990 68
68 1148
1148 1262
1148 228
1262 208
208 1379
1379 89
1379 1767
89 146
146 555
146 699
555 1739
555 1139
1739 1810
1810 254
254 1023
1023 41
1023 1592
41 176
41 170
176 1155
176 858
1155 1234
1155 395
1234 347
1234 1462
347 936
936 330
330 1212
1212 175
1212 713
175 171
175 23
171 1804
1804 1628
1628 1428
1428 60
60 1026
1026 360
360 357
357 587
357 1581
587 1269
1269 107
1269 548
107 40
107 458
40 846
846 1102
846 361
1102 1167
1102 325
1167 819
819 31
31 1541
1541 1659
1659 1705
1705 721
721 396
721 1489
396 1064
1064 630
1064 1638
630 1415
1415 475
1415 1436
475 1737
1737 205
1737 1433
205 421
205 664
421 1439
421 787
1439 1198
1198 43
1198 1475
43 1466
1466 662
662 55
662 151
55 884
55 1446
884 904
884 1244
904 468
904 260
468 1483
1483 109
1483 685
109 1309
109 402
1309 220
220 719
220 1272
719 985
719 613
985 1538
1538 1757
1757 1295
1295 470
470 588
588 1279
588 1353
1279 1707
1279 589
1707 974
1707 1761
974 1796
1796 1157
1157 1823
1157 744
1823 67
67 166
67 300
166 1315
1315 1567
1315 943
1567 1817
1567 1762
1817 1608
1817 1342
1608 969
1608 1789
969 425
969 110
425 1312
425 1211
1312 306
1312 942
306 1030
1030 1745
1030 709
1745 1168
1745 538
1168 1390
1168 1216
1390 763
763 1022
1022 1729
1729 1271
1271 1250
1271 305
1250 1606
1606 827
827 1543
827 430
1543 399
1543 932
399 1055
1055 1274
1274 1547
1274 795
1547 600
600 898
898 120
120 63
120 456
63 880
880 1610
1610 592
592 649
592 1313
649 1067
649 1746
1067 1624
1624 635
635 1647
1647 565
565 182
182 718
182 982
718 156
718 836
156 1649
1649 358
358 12
12 1240
1240 1652
1652 622
1652 334
622 1009
1009 423
1009 1091
423 103
103 268
268 277
277 1780
277 1427
1780 964
964 165
964 507
165 1743
165 317
1743 445
445 341
445 1615
341 1781
1781 285
285 240
240 696
240 502
696 724
724 1380
724 144
1380 1255
1380 1147
1255 15
15 1046
15 168
1046 1243
1243 514
514 340
340 1296
340 1763
1296 131
131 614
131 1096
614 1820
614 1603
1820 642
1820 1402
642 1507
1507 1129
1129 1226
1226 1568
1226 598
1568 1532
1568 1403
1532 1617
1532 582
1617 485
485 1184
1184 1409
1184 1412
1409 837
1409 1759
837 504
837 346
504 1105
504 554
1105 28
28 843
843 842
842 725
842 1090
725 1228
1228 332
1228 1083
332 1371
1371 1697
1371 1186
1697 462
462 130
462 1438
130 766
766 209
766 1141
209 716
209 1493
716 158
716 531
158 202
202 1116
1116 1530
1116 646
1530 398
1530 1044
398 1340
1340 1082
1340 923
1082 1833
1082 1754
1833 524
524 580
580 192
192 1586
192 1259
1586 1579
1579 276
1579 825
276 1463
1463 1554
1554 1613
1613 1057
1613 1107
1057 121
1057 778
121 1805
1805 1277
1277 1199
1277 426
1199 36
36 1392
36 1702
1392 1710
1392 1016
1710 327
1710 700
327 94
327 375
94 949
949 1261
949 1794
1261 1537
1537 1782
1782 1336
1782 852
1336 1120
1120 965
1120 1590
965 958
965 239
958 723
958 656
