2 430 5033
1 2
166 101
101 223
223 42
42 33
42 267
33 45
45 24
45 370
24 295
295 150
150 288
150 102
288 390
390 408
408 403
403 269
269 410
410 423
423 275
275 115
275 65
115 145
145 64
145 126
64 293
64 162
293 413
293 351
413 147
147 210
210 331
331 376
331 40
376 20
376 354
20 55
20 158
55 332
332 156
156 303
156 151
303 105
303 25
105 96
96 244
244 226
244 207
226 100
100 130
100 148
130 216
216 344
344 229
344 430
229 48
229 312
48 138
138 81
81 54
81 270
54 160
160 175
160 17
175 57
57 125
57 290
125 132
125 31
132 218
132 182
218 268
218 14
268 146
268 128
146 300
300 335
335 109
335 87
109 135
109 350
135 259
259 320
320 309
320 393
309 308
308 39
39 153
153 388
153 68
388 333
388 289
333 427
333 10
427 94
427 365
94 404
404 282
282 264
264 176
264 302
176 35
35 307
35 181
307 294
307 7
294 51
294 392
51 27
51 8
27 251
27 249
251 211
251 99
211 11
211 167
11 367
11 266
367 325
367 62
325 310
310 397
310 212
397 13
13 143
143 127
143 88
127 363
127 271
363 193
363 399
193 386
193 347
386 179
179 41
179 56
41 328
41 330
328 322
328 84
322 336
322 30
336 205
336 91
205 299
205 49
299 142
142 339
142 9
339 59
59 285
285 139
285 192
139 111
111 265
111 222
265 317
265 337
317 254
254 418
254 104
418 36
418 23
36 187
187 401
187 248
401 366
366 428
428 69
428 230
69 274
274 236
274 327
236 184
236 380
184 185
185 86
185 425
86 240
86 60
240 169
169 373
373 247
247 26
26 3
26 233
3 12
12 79
79 209
209 110
110 298
298 345
345 329
329 394
394 319
319 372
372 326
326 83
83 416
416 4
4 324
324 429
324 246
429 123
123 219
123 188
219 281
281 47
281 239
47 257
257 398
257 297
398 382
382 305
382 136
305 122
122 346
346 155
346 387
155 362
362 113
113 1
113 95
1 280
280 417
417 157
417 253
157 368
368 177
177 73
73 369
73 19
369 256
256 378
378 50
50 195
50 241
195 338
195 411
338 357
357 217
217 396
217 287
396 224
224 389
389 341
341 340
340 242
340 71
242 375
242 77
375 213
375 228
213 200
200 204
200 426
204 140
204 260
140 58
58 306
306 75
75 154
75 171
154 107
107 46
107 355
46 383
46 108
383 316
316 385
385 106
385 202
106 199
106 414
199 424
424 53
424 377
53 174
53 360
174 203
174 186
203 137
203 37
137 120
137 121
120 261
261 237
261 133
237 201
201 172
172 291
291 227
227 234
227 400
234 180
180 173
180 29
173 419
419 235
235 92
92 144
92 74
144 343
343 311
311 93
93 214
214 323
214 63
323 85
85 165
165 407
165 6
407 381
381 131
381 198
131 112
112 252
252 395
395 161
161 258
258 196
196 178
178 119
178 315
119 38
38 292
38 221
292 82
82 90
90 358
90 159
358 359
359 405
405 243
405 314
243 44
44 250
44 296
250 118
118 70
118 421
70 189
70 116
189 168
189 279
168 409
409 415
409 163
415 103
103 349
103 384
349 22
22 215
22 273
215 117
215 149
117 353
117 183
353 321
353 422
321 232
321 283
232 391
391 361
361 374
374 348
374 313
348 263
348 114
263 342
342 141
141 15
15 164
15 61
164 170
164 352
170 318
170 16
318 238
238 5
5 255
255 379
379 34
379 78
34 262
262 21
21 364
21 124
364 206
364 2
206 89
206 66
89 277
89 190
277 231
231 402
231 286
402 28
402 129
28 76
76 97
97 208
208 197
208 134
197 278
197 334
278 52
278 304
52 272
52 225
272 284
272 18
284 371
371 98
371 412
98 420
98 276
420 152
152 245
245 301
301 32
301 191
32 43
43 194
43 80
194 356
194 406
356 67
356 72
67 220
