24 2715 3053
18 23
18 19
23 12
12 22
12 11
22 9
22 15
9 1
1 16
16 20
20 3
3 8
8 21
21 10
10 2
10 7
2 4
2 17
4 13
4 6
13 14
13 5
14 24
1980 1506
1506 790
790 796
796 1121
1121 1461
1121 1201
1461 1526
1461 985
1526 166
166 2711
2711 1852
1852 1787
1787 283
283 686
283 1848
686 2532
686 2138
2532 519
2532 924
519 1060
519 1629
1060 1877
1877 215
215 39
39 109
39 1729
109 2680
2680 1648
2680 2164
1648 1576
1648 1392
1576 340
1576 2579
340 445
340 2518
445 164
164 2523
2523 2148
2523 92
2148 1045
1045 2067
1045 1987
2067 1618
1618 116
116 2439
116 1254
2439 1490
2439 1232
1490 1357
1357 1637
1357 957
1637 2620
2620 1417
2620 1142
1417 820
820 984
984 1356
1356 1322
1322 2611
2611 1510
1510 1364
1364 305
1364 943
305 1278
305 1572
1278 102
102 1951
1951 1050
1951 2035
1050 112
112 719
112 733
719 1798
1798 1535
1535 1167
1535 1708
1167 1165
1167 712
1165 1015
1165 380
1015 2650
2650 42
42 2418
2418 1581
1581 1752
1752 317
317 657
657 1743
657 2099
1743 1106
1106 2199
2199 661
2199 528
661 2707
2707 1760
2707 610
1760 992
1760 1042
992 367
992 416
367 214
214 2022
2022 2254
2022 2353
2254 644
644 1381
1381 786
786 479
479 1662
1662 1763
1763 574
574 935
574 421
935 208
208 1882
208 21
1882 795
1882 859
795 2580
795 1398
2580 1056
2580 1099
1056 1340
1056 1133
1340 2433
2433 2575
2575 2654
2575 1013
2654 294
2654 2110
294 1835
1835 695
1835 1584
695 2050
695 1684
2050 1719
1719 2639
2639 36
36 175
36 1651
175 996
996 1155
1155 518
518 415
518 11
415 975
415 1353
975 1936
1936 745
745 2043
745 1704
2043 2555
2043 459
2555 1359
1359 1525
1525 1507
1525 1158
1507 1575
1575 1480
1480 2112
2112 2074
2112 1916
2074 1293
1293 488
1293 1751
488 491
488 530
491 2064
2064 512
2064 804
512 2046
2046 1904
1904 2445
2445 1131
1131 1816
1816 896
1816 964
896 1508
1508 2060
1508 2126
2060 151
151 1765
1765 791
791 2111
791 232
2111 1631
2111 323
1631 2294
1631 1166
2294 2703
2294 1886
2703 80
80 1113
1113 526
1113 448
526 2058
526 2709
2058 1427
1427 2194
2194 2534
2194 205
2534 326
326 1041
1041 2473
2473 2025
2473 2128
2025 2455
2455 1550
2455 2280
1550 2286
1550 999
2286 1527
2286 1079
1527 522
522 1957
1957 919
1957 2236
919 2309
919 1438
2309 599
2309 1143
599 13
599 1866
13 1703
13 1418
1703 2700
1703 487
2700 1031
1031 1370
1031 939
1370 43
43 2048
43 96
2048 571
2048 1647
571 2180
2180 2004
2180 1698
2004 270
2004 2454
270 219
270 2424
219 2658
2658 2581
2658 1707
2581 2096
2096 2337
2096 2524
2337 2385
2337 242
2385 1389
1389 1532
1532 1929
1532 2269
1929 783
1929 1601
783 2387
783 451
2387 627
627 945
627 357
945 987
987 34
34 781
34 369
781 1592
1592 1064
1064 1246
1246 549
549 1373
1373 1801
1801 676
676 2271
2271 143
2271 2649
143 1552
143 632
1552 84
84 708
708 1034
1034 2382
2382 1469
2382 1378
1469 265
1469 1082
265 1018
265 182
1018 2227
1018 354
2227 963
963 803
963 1092
803 285
803 1701
285 2584
285 2188
2584 184
2584 229
184 170
170 1338
1338 1611
1611 254
1611 2329
254 1223
254 704
1223 767
1223 297
767 1533
767 2089
1533 400
1533 2563
400 1745
1745 2102
2102 22
2102 132
22 934
934 1883
1883 888
888 2205
888 797
2205 2623
2623 1806
2623 1456
1806 1447
1806 1004
1447 237
1447 2021
237 1910
237 387
1910 1792
1792 855
855 1130
1130 1664
1664 2285
1664 2395
2285 525
2285 2514
525 71
525 245
71 1981
71 1875
1981 2079
2079 2558
2079 1975
2558 671
2558 2094
671 1406
1406 1911
1406 343
1911 2144
2144 2231
2144 300
2231 1217
2231 1333
1217 52
52 2008
52 1728
2008 1426
1426 754
1426 2300
754 1766
1766 2092
1766 642
2092 411
411 1652
1652 621
621 2489
2489 2459
2489 1090
2459 667
2459 2215
667 44
44 2317
44 1465
2317 2468
2468 1780
2468 2570
1780 1422
1780 2208
1422 650
650 403
403 1845
403 1242
1845 1654
1654 2586
1654 404
2586 2541
2586 2226
2541 942
942 1933
942 1614
1933 1655
1655 1069
1069 867
1069 2014
867 2165
2165 489
489 579
579 107
579 1643
107 1695
1695 2674
2674 617
2674 826
617 196
617 1938
196 1565
196 1836
1565 711
711 1314
1314 2106
2106 2602
2106 2039
2602 604
604 2652
2652 203
203 1577
1577 228
1577 746
228 353
353 2549
2549 466
466 2185
466 2313
2185 766
766 2683
766 1731
2683 2345
2345 2578
2578 870
870 1534
1534 2398
2398 1169
1169 2697
2697 1690
1690 2171
2171 1864
2171 1591
1864 290
290 2062
290 2037
2062 669
669 2006
2006 612
612 2246
612 1039
2246 1358
1358 2422
1358 2616
2422 113
2422 2472
113 1307
113 794
1307 156
156 1437
1437 884
1437 2370
884 2304
884 828
2304 1466
1466 1742
1466 85
1742 2178
2178 638
2178 6
638 1312
1312 1414
1312 1395
1414 2245
2245 1775
2245 567
1775 1044
1775 1924
1044 2572
1044 753
2572 1095
2572 1318
1095 1410
1095 899
1410 2019
2019 2505
2505 199
2505 623
199 1617
199 967
1617 2689
2689 1423
2689 950
1423 1075
1423 424
1075 1560
1560 2428
2428 793
2428 668
793 2213
793 1736
2213 2516
2213 438
2516 1028
2516 672
1028 2141
2141 655
2141 118
655 809
809 551
809 565
551 221
221 1607
1607 104
104 1757
104 2604
1757 703
1757 72
703 2066
2066 1815
1815 1233
1233 1386
1386 1150
1150 2168
2168 389
389 1462
1462 2404
1462 2542
2404 100
100 969
100 1847
969 1006
1006 1587
1587 200
200 1925
200 136
1925 2406
1925 2651
2406 93
2406 697
93 1306
1306 2341
1306 1632
2341 449
2341 637
449 850
850 1691
1691 2154
2154 1014
1014 2448
1014 2628
2448 1269
1269 824
1269 2487
824 2044
824 342
2044 608
608 1265
1265 310
310 1094
1094 1931
1094 2032
1931 2521
2521 1858
2521 470
1858 1660
1858 705
1660 2426
1660 2278
2426 2018
2018 1446
2018 1059
1446 1125
1446 2143
1125 1851
1851 877
1851 2536
877 917
917 2447
917 2340
2447 1564
1564 1996
1996 239
239 2573
239 1800
2573 81
2573 1185
81 255
81 309
255 440
255 1871
440 1346
440 402
1346 1968
1968 756
756 533
533 210
210 82
82 222
82 1777
222 2359
2359 1546
1546 1899
1546 1122
1899 534
534 1920
534 1969
1920 2320
1920 1923
2320 1448
2320 2625
1448 1270
1270 1266
1266 2495
1266 2052
2495 1442
2495 2610
1442 51
1442 716
51 98
51 717
98 1809
1809 1144
1144 1025
1144 1541
1025 1263
1263 1176
1176 263
1176 2414
263 1344
1344 434
1344 639
434 114
114 429
429 2498
2498 1906
2498 20
1906 631
1906 1628
631 690
690 111
690 31
111 1241
1241 110
110 1244
1244 1548
1244 1243
1548 1343
1548 2463
1343 307
307 1598
307 494
1598 863
863 883
883 2193
2193 895
2193 1096
895 168
168 2617
168 3
2617 1347
2617 329
1347 1776
1776 713
1776 1457
713 966
966 1408
1408 1635
1408 997
1635 2203
1635 1990
2203 685
685 1323
685 485
1323 1630
1630 2691
1630 337
2691 955
2691 1339
955 2471
955 965
2471 2056
2471 624
2056 818
818 70
818 1774
70 1754
70 1682
1754 974
1754 2260
974 503
503 2393
2393 2263
2393 527
2263 819
2263 1978
819 1653
1653 1249
1653 673
1249 1433
1249 2053
1433 2358
2358 1081
1081 1879
1081 496
1879 457
1879 1222
457 422
422 2315
422 538
2315 564
564 1944
1944 2421
2421 2130
2421 1216
2130 959
959 420
959 2684
420 2191
420 2027
2191 286
286 1311
286 715
1311 1817
1817 2063
2063 651
2063 1435
651 500
500 1319
500 1825
1319 1298
1298 2332
1298 886
2332 879
879 2029
2029 233
2029 2452
233 2308
2308 24
24 980
24 2217
980 802
802 836
802 1939
836 259
836 1114
259 2298
259 1753
2298 2268
2298 1620
2268 1749
2268 1686
1749 505
1749 2588
505 2373
505 1302
2373 2134
2134 1772
1772 2312
2312 2624
2312 990
2624 2002
2002 844
2002 1141
844 204
844 808
204 1236
1236 1197
1236 2212
1197 348
348 1790
1790 2120
1790 660
2120 1203
2120 1053
1203 277
1203 2568
277 2123
277 2527
2123 1192
1192 1670
1192 2508
1670 2464
2464 1504
2464 2556
1504 2594
1504 2525
2594 1927
2594 1362
1927 2314
2314 2490
2314 331
2490 846
2490 68
846 2481
2481 1029
2481 2167
1029 2544
1029 2515
2544 1873
2544 1342
1873 318
1873 1470
318 1087
1087 1685
1087 1393
1685 1593
1685 1400
1593 142
142 2322
2322 1382
1382 1491
1382 40
1491 1641
1641 1803
1803 1706
1803 430
1706 1026
1026 1689
1026 269
1689 154
1689 2461
154 2667
154 2504
2667 1289
2667 2047
1289 662
1289 1747
662 889
662 977
889 190
889 806
190 1
1 1941
1941 1209
1209 2465
2465 2511
2465 2301
2511 2172
2172 1818
1818 2276
2276 484
484 1568
1568 1077
1568 167
1077 128
128 933
933 1995
933 1829
1995 501
501 1401
1401 2149
1401 2519
2149 509
2149 2244
509 1764
1764 1683
1683 633
1683 1349
633 909
909 2005
2005 2409
2005 789
2409 665
665 2585
665 115
2585 1921
2585 8
1921 729
729 1361
1361 1783
1361 2013
1783 1716
1783 2225
1716 1750
1716 829
1750 749
749 1928
749 956
1928 1301
1301 764
764 1833
764 2621
1833 2250
2250 2162
2162 1397
2162 1930
1397 2233
2233 335
2233 2267
335 597
597 2117
597 1954
2117 674
674 1104
674 1854
1104 1721
1721 2001
2001 798
798 699
699 1952
1952 2078
1952 250
2078 1199
1199 2292
2292 2259
2292 2427
2259 2198
2259 231
2198 1348
2198 2413
1348 2252
2252 2705
2252 2146
2705 2710
2705 14
2710 1287
2710 2692
1287 616
616 773
773 272
773 1488
272 1324
1324 238
1324 262
238 1748
238 1627
1748 2591
2591 1434
2591 680
1434 481
1434 1862
481 280
481 1367
280 1154
280 179
1154 873
1154 827
873 73
73 1992
1992 1271
1992 585
1271 2211
1271 257
2211 849
2211 1273
849 359
359 158
359 2220
158 1396
1396 1017
1396 206
1017 413
413 1889
413 1539
1889 1609
1889 89
1609 2547
2547 2506
2547 1733
2506 1407
2506 2239
1407 636
636 1164
1164 1283
1283 2596
2596 1897
2596 453
1897 28
28 490
490 91
490 2114
91 12
12 2595
12 951
2595 2070
2595 174
2070 1771
1771 970
1771 1679
970 993
970 2377
993 1554
1554 423
423 1826
423 2182
1826 2282
1826 2223
2282 1177
1177 1310
1310 1805
1310 220
1805 1473
1805 758
1473 1191
1473 1855
1191 386
386 2673
2673 2565
2673 684
2565 848
848 2529
848 1248
2529 2090
2529 187
2090 1678
1678 727
1678 2379
727 714
727 1556
714 871
871 1292
1292 1894
1894 1868
1868 1043
1868 1326
1043 1650
1650 1673
1650 635
1673 1146
1146 1205
1205 417
1205 63
417 2600
2600 742
742 1282
1282 2253
1282 251
2253 1109
2253 869
1109 1869
1109 1021
1869 539
1869 1972
539 702
702 1827
1827 2150
1827 763
2150 482
482 461
482 1120
461 35
35 2411
35 2098
2411 1642
1642 2660
1642 1391
2660 236
2660 405
236 2543
236 2240
2543 1420
1420 1159
1420 125
1159 1797
1797 311
311 656
311 1285
656 1639
656 1286
1639 738
1639 961
738 728
738 1861
728 1998
728 1970
1998 2347
1998 640
2347 2467
2467 691
2467 149
691 2669
2669 2589
2589 994
2589 785
994 2028
994 274
2028 385
385 2068
2068 1876
2068 2537
1876 2363
1876 256
2363 1853
2363 2116
1853 1562
1562 2249
2249 1761
2249 2475
1761 1505
1761 2551
1505 653
653 1040
1040 860
1040 588
860 755
860 2033
755 520
755 830
520 720
520 814
720 160
720 1010
160 2554
160 989
2554 2325
2554 707
2325 2210
2210 2641
2641 1187
1187 2451
1187 195
2451 1977
1977 552
552 2157
2157 2101
2157 1599
2101 874
2101 701
874 1108
874 1048
1108 2592
2592 1098
1098 150
1098 2163
150 1700
150 287
1700 141
141 1153
1153 1430
1153 2344
1430 2679
1430 1705
2679 1237
1237 95
1237 1583
95 2681
2681 1315
1315 56
56 2065
2065 450
450 762
450 2576
762 876
762 2103
876 1179
1179 2601
1179 1453
2601 885
2601 2129
885 2156
2156 2139
2156 1519
2139 2365
2139 1110
2365 452
452 171
171 1032
171 474
1032 1946
1032 1047
1946 760
760 2209
760 1953
2209 821
821 212
821 155
212 302
302 1502
1502 2184
2184 2494
2184 121
2494 258
2494 1779
258 1332
258 313
1332 2531
1332 664
2531 1663
1663 1741
1741 2582
1741 145
2582 2229
2582 544
2229 882
2229 811
882 1624
882 1156
1624 1327
1624 1824
1327 1615
1327 1145
1615 1557
1615 2635
1557 2522
1557 2181
2522 2174
2522 2693
2174 2476
2174 103
2476 137
2476 1429
137 2266
137 58
2266 2496
2266 462
2496 1569
1569 906
1569 1802
906 1711
906 1796
1711 62
62 2699
2699 2443
2699 134
2443 947
947 910
910 535
535 1512
535 1518
1512 376
376 1354
376 2127
1354 1963
1354 1268
1963 2023
1963 513
2023 2020
2023 314
2020 19
19 1379
19 1475
1379 1300
1300 878
878 1712
878 1940
1712 301
301 2659
2659 1735
2659 1737
1735 1555
1735 2605
1555 1839
1555 1281
1839 864
864 561
864 2310
561 531
561 227
531 1501
531 554
1501 1513
1501 1595
1513 2277
2277 1915
1915 1476
1476 726
1476 2528
726 1633
726 998
1633 1116
1116 1922
1116 788
1922 1038
1922 1290
1038 192
1038 15
192 1903
192 1129
1903 1626
1626 1411
1411 1758
1411 851
1758 718
1758 1336
718 1677
1677 1320
1320 971
971 334
334 2083
334 2400
2083 747
2083 2419
747 1837
1837 2257
2257 1383
1383 2562
2562 2272
2272 1499
2272 553
1499 903
903 278
903 845
278 2569
2569 213
2569 1849
213 355
213 398
355 2343
2343 2247
2247 628
2247 988
628 2009
628 1610
2009 1196
1196 157
157 2407
2407 1183
1183 30
30 1365
30 2384
1365 2374
2374 2412
2374 469
2412 609
2412 1230
609 1231
609 1993
1231 1588
1588 2607
2607 1313
2607 328
1313 230
1313 2287
230 774
774 2664
774 1317
2664 952
2664 330
952 1275
1275 1366
1366 611
611 444
611 2661
444 2698
2698 57
2698 2055
57 1261
1261 506
506 1352
506 41
1352 1412
1352 1375
1412 2560
1412 1740
2560 1128
2560 1646
1128 1071
1071 923
1071 837
923 578
578 1276
1276 391
1276 2255
391 2135
391 722
2135 1052
1052 2559
1052 1905
2559 1175
2559 670
1175 2485
1175 1681
2485 600
600 393
600 2030
393 516
516 1452
516 1483
1452 2545
1452 2423
2545 1831
1831 625
1831 1579
625 414
625 2631
414 50
50 374
50 1949
374 2371
2371 78
2371 2517
78 2634
2634 521
2634 1983
521 1788
521 1101
1788 2632
1788 1331
2632 38
38 1184
1184 648
1184 471
648 1819
1819 2324
1819 1035
2324 1667
2324 1846
1667 1786
1786 425
1786 1730
425 2441
2441 529
529 1083
1083 1070
1070 375
1070 18
375 1947
1947 1782
1782 458
1782 1472
458 1794
458 832
1794 1727
1794 2017
1727 2115
2115 1103
2115 2142
1103 162
1103 499
162 2682
162 476
2682 1492
2682 1563
1492 1493
1492 1450
1493 2408
2408 1173
2408 1529
1173 2606
2606 2195
2195 1431
2195 1789
1431 1225
1225 332
1225 2430
332 1229
1229 159
159 2694
159 2599
2694 2372
2372 580
580 2449
580 2330
2449 1522
2449 2434
1522 2192
2192 659
659 2069
659 1329
2069 74
2069 839
74 2677
2677 298
298 1659
1659 2016
2016 26
26 1170
26 2636
1170 201
201 2613
2613 2663
2663 2670
2663 1544
2670 1937
2670 732
1937 1252
1937 316
1252 2336
2336 2405
2336 1675
2405 1649
2405 2662
1649 2629
2629 147
2629 1918
147 1484
147 1207
1484 2177
2177 1489
1489 2491
2491 2488
2488 1124
1124 1880
1124 1274
1880 557
557 2397
557 1073
2397 1890
2397 410
1890 456
1890 560
456 2690
456 312
2690 344
344 2281
344 1863
2281 983
2281 1194
983 2323
983 1811
2323 268
2323 379
268 1759
268 130
1759 2701
2701 122
122 540
540 366
366 1895
1895 1692
1895 1471
1692 537
1692 1051
537 1212
537 559
1212 2100
1212 1421
2100 1545
1545 1999
1999 779
779 1781
779 1739
1781 2265
2265 2321
2265 1295
2321 1444
1444 1432
1444 140
1432 358
358 622
358 675
622 1294
622 427
1294 2484
2484 124
124 2261
124 1123
2261 211
2261 1528
211 264
211 1523
264 2466
2466 649
2466 1891
649 1363
1363 2444
2444 857
857 431
431 904
904 510
904 2598
510 1262
510 2432
1262 1137
1262 962
1137 2713
1137 799
2713 1590
1590 995
995 2235
2235 497
497 1874
1874 2221
1874 442
2221 1658
2221 117
1658 2557
2557 243
2557 2057
243 1976
243 1964
1976 1486
1976 1989
1486 2137
1486 1744
2137 2091
2091 524
524 663
524 1971
663 2477
663 2040
2477 1062
2477 477
1062 139
139 1369
139 2622
1369 1297
1369 288
1297 1914
1297 299
1914 282
1914 770
282 1127
282 2436
1127 360
360 1415
360 2501
1415 953
1415 2493
953 2024
2024 647
647 1213
1213 881
881 483
483 1623
483 2095
1623 223
223 592
223 1636
592 5
5 53
53 817
817 743
743 582
743 618
582 1419
582 1088
1419 1251
1251 858
858 2502
858 370
2502 2492
2492 698
698 253
698 1138
253 853
853 2297
2297 2390
2297 2218
2390 276
2390 55
276 619
619 377
377 2145
377 2668
2145 1842
2145 603
1842 76
1842 2470
76 2712
76 2410
2712 523
523 2369
523 1206
2369 581
581 912
581 1277
912 2133
2133 2657
2133 2196
2657 399
2657 800
399 2507
399 1960
2507 198
198 2640
2640 1756
1756 1988
1756 1696
1988 515
1988 365
515 1117
515 1063
1117 2248
1117 1351
2248 1516
1516 1676
1516 2318
1676 2179
2179 226
226 2031
2031 1769
1769 1174
1174 246
1174 2311
246 694
694 2546
2546 2232
2232 169
2232 782
169 105
105 1503
1503 558
1503 1551
558 2169
2169 1597
2169 1524
1597 1884
1597 771
1884 587
1884 2638
587 319
587 1387
319 1959
319 1228
1959 812
812 2482
2482 2059
2482 49
2059 293
2059 2118
293 1107
1107 1540
1540 2564
2564 735
735 2666
2666 536
536 1149
536 1371
1149 2349
1149 688
2349 1464
1464 2435
2435 1498
2435 1734
1498 273
273 2567
2567 1578
2567 709
1578 2158
2158 2392
2158 2342
2392 2183
2183 2216
2216 1571
2216 2274
1571 1834
1834 350
1834 1259
350 1337
1337 1828
1337 1720
1828 2251
1828 45
2251 54
54 2437
54 486
2437 1878
2437 833
1878 2105
1878 2206
2105 1097
2105 2394
1097 2480
1097 327
2480 188
2480 2305
188 2530
2530 1687
2530 378
1687 1926
1687 2153
1926 973
973 1841
1841 193
1841 202
193 1093
193 641
1093 1710
1093 725
1710 2073
2073 1009
1009 1308
1308 454
454 2497
454 555
2497 982
2497 562
982 235
235 862
862 2643
862 775
2643 1500
1500 1495
1495 2671
2671 1784
1784 217
1784 1454
217 2077
217 2306
2077 349
349 687
687 981
687 1409
981 2000
2000 2331
2000 721
2331 634
2331 90
634 23
23 1376
1376 700
1376 2093
700 1997
1997 1219
1997 1023
1219 99
99 1220
1220 364
1220 2458
364 2237
2237 412
2237 932
412 2084
412 460
2084 2704
2084 1066
2704 1962
1962 2612
1962 260
2612 737
2612 666
737 1260
737 2230
1260 194
1260 209
194 120
194 643
120 396
396 2637
396 566
2637 1965
2637 916
1965 1001
1001 119
1001 1901
119 1181
1181 577
1181 677
577 586
586 2288
586 931
2288 138
2288 730
138 267
138 1823
267 1440
267 646
1440 1091
1091 2335
1091 2376
2335 1955
1955 898
898 2049
898 361
2049 289
2049 101
289 1773
1773 1000
1773 2295
1000 731
731 447
731 1439
447 1767
447 815
1767 2051
1767 2561
2051 507
2051 1543
507 2354
507 1402
2354 681
681 948
948 455
455 2645
455 573
2645 66
2645 1147
66 1898
1898 1334
1898 475
1334 492
1334 2456
492 185
185 1178
1178 813
813 861
861 2539
861 2264
2539 1441
1441 1463
1463 1238
1238 247
1238 433
247 2136
2136 1460
2136 569
1460 1267
1267 126
126 1844
1844 27
27 710
27 2243
710 2207
2207 1291
2207 1245
1291 1368
1291 2170
1368 339
339 1612
1612 1668
1612 2686
1668 1211
1211 94
1211 2548
94 2535
2535 292
292 1037
292 841
1037 165
165 1019
1019 752
1019 1966
752 59
59 502
502 1814
1814 1994
1994 2186
2186 397
2186 2082
397 1210
397 2714
1210 2630
1210 2644
2630 435
435 1072
435 1907
1072 29
29 941
29 1198
941 652
652 920
652 2011
920 1605
920 1111
1605 887
1605 741
887 1160
1160 517
1160 1190
517 1235
1235 2687
1235 514
2687 914
914 866
866 352
352 1086
1086 1057
1086 1724
1057 946
946 1011
946 2510
1011 2609
1011 2176
2609 1725
2609 108
1725 816
816 351
816 1280
351 629
351 2526
629 2054
2054 2289
2289 1204
1204 88
1204 443
88 1950
1950 1482
1950 1003
1482 48
48 79
79 2256
2256 1619
1619 1561
1619 1956
1561 1985
1985 2509
1985 2010
2509 83
2509 1912
83 1603
83 2241
1603 875
1603 724
875 736
875 2140
736 401
736 2469
401 1669
401 2316
1669 2333
1669 894
2333 1215
2333 1908
1215 1257
1215 1640
1257 1360
1360 572
1360 325
572 2284
572 777
2284 146
146 1494
1494 356
356 1942
356 1755
1942 1328
1328 1625
1625 446
1625 1428
446 2653
446 16
2653 1586
1586 181
181 2201
2201 388
2201 2161
388 2356
2356 1027
1027 1549
1027 2688
1549 2108
2108 1061
2108 620
1061 1115
1061 97
1115 428
428 847
428 689
847 436
436 144
144 241
241 784
784 822
822 1553
822 2334
1553 740
1553 1321
740 2368
740 2119
2368 922
2368 1284
922 1080
1080 2429
1080 1372
2429 944
2429 1477
944 792
944 1893
792 1830
792 1345
1830 1616
1616 1974
1974 2197
1974 831
2197 1542
1542 106
106 918
918 1497
1497 2085
1497 1151
2085 2283
2283 1152
1152 183
1152 2615
183 2708
183 2626
2708 373
373 1934
1934 778
778 281
281 1671
281 2041
1671 1900
1900 605
605 2389
2389 2391
2391 472
472 1394
1394 1945
1394 1247
1945 2520
2520 2132
2132 761
761 1699
761 306
1699 2676
1699 2486
2676 1888
1888 2503
2503 1076
2503 2326
1076 467
1076 1870
467 197
197 780
780 2012
2012 1917
1917 1902
1902 1171
1171 1666
1171 1067
1666 654
654 978
978 2328
2328 805
2328 1514
805 1084
1084 2706
2706 1055
1055 626
1055 1638
626 2302
626 2088
2302 17
17 2307
17 390
2307 2262
2307 1559
2262 2399
2262 131
2399 723
2399 2420
723 295
723 2355
295 1054
295 1909
1054 937
937 1958
1958 1496
1958 2603
1496 902
902 153
902 2007
153 1856
153 186
1856 1531
1856 1288
1531 1078
1531 1943
1078 1256
1256 1304
1256 1458
1304 2608
2608 382
382 1218
1218 152
1218 1808
152 2696
152 1341
2696 127
2696 1221
127 543
543 384
384 432
384 1188
432 2533
432 1012
2533 2380
2533 2296
2380 583
2380 1872
583 1810
1810 1718
1810 1388
1718 336
336 495
336 2190
495 1299
495 2460
1299 1016
1299 2655
1016 606
1016 2479
606 2160
2160 591
591 1674
1674 2457
2457 823
2457 1932
823 2648
2648 2258
2258 1608
2258 1058
1608 900
1608 135
900 1148
1148 409
1148 682
409 1022
1022 765
1022 1768
765 1793
1793 2152
1793 2513
2152 75
75 2086
2086 426
2086 2350
426 2577
2577 1558
2577 542
1558 87
1558 2417
87 1065
1065 2107
2107 1002
2107 77
1002 678
678 2026
2026 872
2026 37
872 1665
1665 2034
2034 991
991 1481
991 1807
1481 498
1481 2702
498 1547
1547 548
1547 2366
548 2187
2187 563
2187 69
563 1570
563 926
1570 1330
1330 1885
1330 1585
1885 1399
1885 1713
1399 825
825 133
825 2122
133 1511
133 60
1511 1566
1511 986
1566 1105
1566 2647
1105 2147
2147 1843
2147 2388
1843 2113
1843 2614
2113 1161
1161 271
1161 584
271 463
463 1451
463 1697
1451 1574
1574 2360
2360 1973
2360 692
1973 1264
1973 2446
1264 958
958 291
958 1573
291 2097
2097 2512
2512 161
2512 927
161 511
161 930
511 1100
511 868
1100 1136
1136 2695
2695 266
2695 191
266 1702
266 602
1702 2672
2672 911
2672 2499
911 913
911 2378
913 1272
1272 1068
1068 9
1068 2299
9 1913
1913 1714
1913 2675
1714 954
954 1838
1838 2478
2478 1134
2478 1049
1134 2015
2015 2500
2500 1140
2500 1717
1140 575
1140 25
575 4
575 2291
4 148
4 801
148 880
880 180
880 1449
180 2415
180 1762
2415 2352
2415 843
2352 1832
1832 240
1832 938
240 123
123 1881
1881 2583
2583 1005
2583 1033
1005 1967
1005 304
1967 2538
1967 478
2538 439
439 2151
2151 2566
2151 693
2566 2071
2566 33
2071 1390
2071 842
1390 908
1390 1896
908 2189
2189 2552
2552 2338
2338 614
2338 768
614 224
614 1791
224 1085
224 852
1085 1305
1085 2
1305 1135
1305 1234
1135 2416
2416 129
2416 322
129 2242
2242 979
979 2155
979 2438
2155 1594
2155 2715
1594 2121
2121 865
865 234
234 1024
1024 2270
2270 2124
2124 1193
2124 1226
1193 320
320 750
320 854
750 590
590 595
595 1132
1132 936
1132 1688
936 1405
1405 2076
2076 2104
2076 163
2104 2038
2104 32
2038 2080
2038 2042
2080 1163
2080 1661
1163 1812
1163 2339
1812 1622
1812 86
1622 1112
1622 1279
1112 1208
1208 261
1208 1657
261 840
840 1785
840 1606
1785 2646
1785 683
2646 46
46 1413
1413 744
1413 2364
744 1468
1468 218
218 1694
218 1162
1694 2597
2597 338
2597 1325
338 67
338 2396
67 1296
1296 1227
1296 2045
1227 65
65 1036
65 2275
1036 787
1036 1443
787 189
787 1509
189 772
772 2234
772 2173
2234 1693
1693 734
1693 2474
734 1804
1804 630
1804 2440
630 383
630 1982
383 368
368 1316
1316 1656
1656 532
532 550
550 1567
550 2381
1567 949
1567 838
949 1979
1979 1455
1455 61
61 547
61 7
547 345
547 901
345 473
473 1309
473 2656
1309 1738
1738 1820
1738 1424
1820 2483
1820 1182
2483 172
2483 1404
172 1467
1467 2450
2450 940
940 2175
2175 1202
1202 1726
1726 1795
1726 1887
1795 1600
1795 2593
1600 2204
1600 1865
2204 1445
2204 706
1445 1644
1445 1186
1644 2627
1644 363
2627 2367
2367 2361
2367 2383
2361 2678
2678 2540
2540 347
347 303
303 1102
1102 1200
1200 613
1200 1892
613 607
607 596
596 1459
1459 1478
1459 1589
1478 757
1478 568
757 589
757 2590
589 2061
2061 1613
2061 1374
1613 1537
1537 1778
1778 216
1778 2403
216 464
216 1991
464 2214
464 1385
2214 892
892 2685
2685 776
776 2238
2238 1487
1487 759
1487 1195
759 407
759 679
407 2375
2375 308
2375 2633
308 362
308 2431
362 392
362 1919
392 465
392 2402
465 207
465 1770
207 1479
207 1030
1479 321
1479 1119
321 2553
321 2219
2553 441
441 960
960 1709
960 2228
1709 1425
1709 2462
1425 2131
2131 2351
2131 2550
2351 1239
1239 1867
1867 333
1867 1536
333 1253
333 890
1253 1214
1253 408
1214 279
1214 1007
279 915
279 2200
915 1634
915 968
1634 2222
2222 897
2222 406
897 1384
897 810
1384 1822
1384 570
1822 2303
1822 1850
2303 1240
1240 769
769 296
296 925
925 178
178 2453
178 225
2453 2442
2442 1538
2442 2003
1538 1089
1538 1335
1089 275
1089 1118
275 1377
1377 284
284 2665
2665 2081
2081 905
2081 252
905 556
556 1821
1821 907
1821 739
907 10
907 418
10 1255
10 504
1255 928
1255 324
928 2224
928 2279
2224 64
64 1580
64 249
1580 1813
1580 2642
1813 751
1813 176
751 1008
751 2075
1008 1645
1645 2362
1645 177
2362 1074
1074 1672
1074 1521
1672 1258
1672 1621
1258 2618
1258 1139
2618 1799
2618 1250
1799 1680
1680 2290
2290 2327
2327 1515
2327 593
1515 696
696 594
696 1984
594 1168
594 248
1168 1416
1168 2319
1416 645
1416 1723
645 1046
1046 1020
1020 1582
1020 2401
1582 341
1582 2072
341 545
545 835
835 2293
2293 47
2293 1732
47 1517
1517 2273
1517 891
2273 1596
2273 508
1596 1746
1746 1860
1746 1857
1860 2036
1860 2348
2036 834
834 2574
2574 1520
1520 2202
2202 244
244 1172
244 480
1172 856
856 972
856 493
972 2346
2346 394
2346 1474
394 2357
394 1380
2357 1303
2357 893
1303 1948
1303 437
1948 1485
1485 2087
1485 1935
2087 541
2087 346
541 315
541 2619
315 1604
315 2166
1604 1350
1350 381
1350 598
381 1355
1355 1436
1355 1157
1436 372
372 2159
372 173
2159 1224
1224 1530
1224 921
1530 1859
1530 1961
1859 748
748 2125
2125 1840
2125 468
1840 615
615 658
615 576
658 601
658 419
601 395
601 2425
395 2109
2109 2571
2571 1986
1986 1715
1986 976
1715 1189
1189 2386
1189 1722
2386 2587
2386 1403
2587 371
2587 1180
371 1126
371 546
1126 807
1126 1602
807 929
