2 494 7829404
2 1
142 253
142 160
253 282
282 225
225 131
131 235
131 230
235 226
226 324
226 463
324 467
324 433
467 166
166 252
252 270
252 204
270 234
234 195
234 413
195 3
3 56
3 404
56 50
50 308
50 29
308 144
308 123
144 93
144 145
93 73
93 436
73 227
73 201
227 357
227 431
357 275
357 163
275 430
430 280
280 224
224 106
106 295
106 273
295 98
295 41
98 254
254 112
254 445
112 366
366 244
366 347
244 284
284 339
339 2
339 116
2 426
2 394
426 256
256 428
256 248
428 198
198 317
198 309
317 199
199 471
199 79
471 81
471 251
81 288
288 281
281 89
89 336
336 120
336 405
120 343
120 257
343 365
365 422
422 35
422 415
35 182
35 352
182 239
239 414
414 55
414 342
55 146
146 307
307 181
181 374
374 243
243 455
243 453
455 483
483 117
483 84
117 175
117 136
175 298
298 289
298 100
289 212
289 74
212 45
212 358
45 209
209 162
209 355
162 446
446 296
446 406
296 330
296 96
330 395
330 279
395 403
403 314
403 86
314 304
304 411
411 220
220 484
484 221
221 141
141 448
141 437
448 111
111 398
398 457
457 28
457 321
28 450
450 319
450 51
319 322
322 238
238 155
155 33
155 54
33 424
424 418
418 329
418 52
329 30
30 237
30 369
237 211
211 153
153 176
176 247
176 291
247 456
456 389
389 40
40 186
40 397
186 260
186 408
260 461
461 178
461 402
178 127
127 469
127 14
469 1
469 42
1 87
1 121
87 13
87 97
13 65
65 107
107 11
11 88
11 466
88 171
171 172
172 64
172 49
64 315
64 380
315 401
315 103
401 232
232 148
148 268
148 383
268 305
305 219
219 152
152 91
91 192
192 158
192 20
158 376
376 373
376 438
373 4
373 390
4 5
4 77
5 231
231 259
231 177
259 46
259 174
46 387
46 193
387 233
233 276
276 241
241 255
255 421
255 372
421 488
421 460
488 206
488 194
206 208
206 264
208 23
23 34
23 129
34 27
27 300
300 293
300 170
293 132
132 21
21 299
299 261
299 384
261 328
261 236
328 167
167 363
167 95
363 362
362 10
362 70
10 327
327 396
327 32
396 104
396 420
104 189
104 205
189 479
479 325
325 44
44 223
44 452
223 312
312 22
312 156
22 427
427 301
427 62
301 443
301 124
443 277
443 168
277 486
277 154
486 432
486 12
432 58
432 381
58 334
334 409
334 344
409 283
283 19
19 472
19 267
472 240
472 313
240 59
59 271
59 302
271 245
271 102
245 185
185 489
185 47
489 249
249 246
249 179
246 25
246 379
25 382
382 429
382 392
429 447
429 202
447 80
80 451
80 348
451 356
356 290
290 493
493 378
493 218
378 197
378 287
197 125
197 159
125 332
125 228
332 434
434 71
71 480
71 485
480 180
480 303
180 17
17 24
24 410
24 399
410 69
410 475
69 439
439 140
439 292
140 359
359 83
83 337
83 229
337 109
109 345
345 200
345 8
200 63
200 449
63 207
63 371
207 15
207 473
15 173
15 150
173 137
137 105
137 364
105 274
105 391
274 9
274 119
9 128
128 417
417 36
36 250
250 138
250 161
138 459
459 90
90 157
157 149
149 57
57 53
53 72
53 335
72 477
477 297
297 139
139 306
306 346
346 37
346 354
37 75
75 266
75 470
266 423
423 39
39 16
16 487
16 114
487 491
487 492
491 478
478 130
130 400
130 7
400 462
462 490
462 375
490 242
490 316
242 340
242 265
340 367
340 6
367 108
367 286
108 210
108 78
210 468
210 169
468 272
272 476
476 278
278 412
412 31
31 353
31 134
353 481
481 331
331 135
331 333
135 110
110 435
110 216
435 26
26 444
444 188
188 217
188 165
217 99
99 311
311 349
349 370
349 458
370 82
82 377
82 320
377 416
377 213
416 190
190 368
190 419
368 474
474 350
350 118
118 48
48 122
122 215
215 326
215 94
326 76
76 115
115 263
263 351
351 101
101 454
454 18
454 338
18 323
18 318
323 68
68 67
68 361
67 262
67 85
262 294
294 66
66 425
66 184
425 151
425 126
151 341
341 143
341 214
143 269
269 187
187 196
187 464
196 407
407 43
407 360
43 183
43 310
183 164
183 38
164 113
164 222
113 442
113 133
442 482
442 465
482 388
388 60
388 441
60 393
393 385
385 258
385 203
258 147
147 494
147 440
494 386
386 285
386 191
285 92
285 61
