24 2698 9496
2 11
11 23
11 10
23 4
23 9
4 22
4 7
22 16
16 14
14 19
14 8
19 20
19 18
20 17
20 3
17 5
17 24
5 13
5 6
13 1
1 15
1 21
15 12
1478 2642
2642 2102
2102 2385
2102 1079
2385 1398
2385 1403
1398 1123
1398 2599
1123 2391
2391 184
184 2415
184 642
2415 2377
2415 755
2377 381
381 622
622 1770
622 1446
1770 531
1770 800
531 1221
1221 2656
2656 699
2656 269
699 2196
699 292
2196 50
2196 871
50 1637
1637 1553
1637 1659
1553 851
1553 2029
851 2319
2319 1413
1413 2675
2675 650
2675 141
650 1840
1840 2113
1840 310
2113 768
768 2619
768 568
2619 331
331 437
437 1978
1978 2472
1978 661
2472 452
452 250
250 737
737 997
737 1570
997 492
997 2084
492 795
492 234
795 739
795 1037
739 2665
2665 13
13 1071
1071 32
32 2577
2577 370
370 1468
370 94
1468 2018
2018 1308
1308 987
1308 332
987 1115
987 119
1115 973
1115 301
973 1555
973 271
1555 2561
1555 2552
2561 228
2561 2073
228 2012
2012 1919
2012 1569
1919 1683
1919 1022
1683 612
1683 1790
612 2511
612 2646
2511 1238
2511 2185
1238 145
1238 1493
145 2251
2251 632
632 904
904 1650
1650 1008
1008 270
270 1793
1793 1614
1614 101
1614 1829
101 2412
101 1127
2412 1630
2412 501
1630 1190
1630 2051
1190 484
1190 664
484 943
943 1982
1982 806
806 785
806 1521
785 1821
785 2545
1821 1874
1874 2554
1874 2158
2554 78
78 969
969 316
969 1129
316 252
252 2556
252 1974
2556 459
2556 1643
459 1499
459 272
1499 81
81 1685
81 1660
1685 686
686 1236
1236 2657
2657 85
85 1313
85 2405
1313 1062
1313 2187
1062 907
1062 569
907 2539
2539 1302
1302 1215
1215 1971
1971 1418
1418 605
1418 678
605 2153
2153 1741
2153 660
1741 36
36 15
36 2053
15 1489
1489 1791
1489 760
1791 323
1791 1715
323 267
323 714
267 1482
1482 2265
2265 293
293 2115
293 1742
2115 27
27 1925
27 116
1925 150
150 1512
1512 1154
1154 1801
1801 1182
1182 2284
1182 443
2284 992
2284 2321
992 2625
992 2565
2625 2129
2625 1045
2129 2013
2013 657
657 1807
1807 2138
1807 2458
2138 685
2138 1458
685 1973
685 857
1973 157
1973 329
157 8
157 645
8 1738
8 2506
1738 1474
1474 1880
1474 1178
1880 2543
1880 1665
2543 1014
1014 2537
2537 2505
2505 1666
2505 327
1666 1717
1666 2048
1717 14
14 2513
14 1426
2513 2582
2513 558
2582 2654
2582 2629
2654 2676
2654 1415
2676 635
635 2036
2036 2337
2036 1036
2337 432
432 1519
432 2019
1519 1927
1519 2425
1927 1915
1927 954
1915 1
1 1287
1 2243
1287 1155
1155 2454
2454 2617
2454 1751
2617 712
2617 338
712 2161
712 2463
2161 779
2161 308
779 2528
2528 935
935 2558
2558 1042
2558 1837
1042 1865
1042 693
1865 867
867 2357
867 1086
2357 412
2357 1214
412 1296
1296 351
351 520
351 1913
520 1747
1747 1383
1383 318
318 2624
2624 1362
1362 1716
1362 892
1716 1412
1716 1481
1412 1285
1285 700
700 2089
700 299
2089 934
934 1297
1297 600
600 948
600 1586
948 410
948 1011
410 2519
410 1231
2519 97
97 51
97 480
51 2304
2304 1120
2304 2563
1120 2165
2165 67
2165 2223
67 1947
1947 2118
1947 1340
2118 1676
2118 164
1676 415
1676 2627
415 358
415 1819
358 248
358 96
248 740
740 1698
1698 153
153 30
30 140
30 1295
140 1576
1576 45
1576 901
45 2065
45 817
2065 1211
1211 1944
1211 552
1944 1610
1610 2592
1610 598
2592 928
2592 2549
928 1914
928 1607
1914 2075
1914 2534
2075 438
438 1089
1089 986
1089 971
986 1092
1092 643
643 1016
1016 253
253 371
371 2143
2143 29
29 60
29 2078
60 2386
2386 1319
2386 87
1319 495
1319 615
495 1668
495 380
1668 1460
1460 1065
1460 423
1065 2195
2195 124
124 70
124 2318
70 1504
70 1877
1504 2460
2460 1175
2460 738
1175 1908
1175 406
1908 1219
1908 750
1219 1633
1633 594
594 1682
594 242
1682 1333
1333 1140
1140 2156
2156 1691
2156 1477
1691 187
187 2107
187 2369
2107 2512
2512 1823
2512 1093
1823 1745
1823 2276
1745 2176
1745 2119
2176 1323
1323 1896
1323 2428
1896 2555
1896 1232
2555 376
376 836
376 46
836 503
503 1091
1091 834
834 680
680 285
680 1679
285 1500
285 1050
1500 1560
1560 2488
1560 1721
2488 1795
2488 722
1795 75
75 265
265 2575
265 850
2575 1132
2575 330
1132 93
93 1423
1423 2285
2285 776
2285 1730
776 2362
2362 2068
2068 1444
1444 25
1444 2597
25 290
25 2306
290 500
290 1702
500 2443
500 403
2443 2188
2188 1502
2188 1025
1502 1775
1775 1774
1774 955
955 581
955 2290
581 636
636 1523
1523 720
720 505
505 337
505 1941
337 880
880 1032
1032 49
49 663
663 1546
663 1197
1546 846
1546 748
846 1369
1369 1787
1787 1379
1379 1752
1379 502
1752 1992
1992 62
62 1873
62 2024
1873 1337
1337 172
172 2085
172 73
2085 493
493 655
493 1286
655 1408
655 2011
1408 822
822 2500
822 905
2500 707
2500 339
707 1041
707 2221
1041 1943
1943 625
1943 1894
625 2518
2518 1104
1104 1283
1104 2655
1283 1487
1487 397
1487 2126
397 2485
397 1700
2485 2493
2485 2347
2493 476
476 2366
2366 1872
1872 1862
1872 1826
1862 2133
1862 1020
2133 1312
2133 1725
1312 355
1312 1228
355 1084
355 970
1084 2548
1084 2361
2548 543
543 2601
543 2683
2601 1244
1244 1899
1244 1999
1899 79
1899 84
79 1332
79 786
1332 1530
1530 289
289 2354
289 1936
2354 1277
2354 2526
1277 2677
1277 1019
2677 1381
2677 151
1381 1649
1381 1397
1649 2148
2148 1990
1990 2203
1990 2462
2203 481
2203 1251
481 1026
1026 906
1026 89
906 621
621 2360
2360 278
2360 307
278 1876
278 1491
1876 914
1876 2297
914 1638
1638 952
952 734
952 1209
734 1628
1628 1074
1074 1047
1074 1554
1047 647
647 2668
647 1335
2668 2530
2530 746
2530 1346
746 845
746 74
845 1255
845 2038
1255 16
1255 92
16 1615
1615 1972
1615 2600
1972 1549
1972 577
1549 2632
2632 433
2632 1847
433 22
433 2296
22 2581
2581 516
2581 334
516 2671
516 1693
2671 793
2671 1206
793 852
852 1427
1427 20
1427 421
20 2570
20 2628
2570 2193
2570 2313
2193 2379
2193 893
2379 2086
2379 858
2086 377
2086 1902
377 258
258 614
258 18
614 1883
1883 2277
1883 201
2277 1641
2277 2235
1641 1494
1641 477
1494 1374
1494 137
1374 2227
2227 2562
2562 1677
2562 2093
1677 729
729 1247
729 313
1247 1646
1247 727
1646 673
673 920
920 2375
2375 390
2375 1718
390 756
390 66
756 262
756 2056
262 1399
262 203
1399 1088
1088 1395
1088 2367
1395 754
1395 1023
754 848
848 2146
2146 930
2146 504
930 862
862 814
814 1476
814 2611
1476 2572
1476 1861
2572 2147
2147 2389
2389 2136
2389 1893
2136 2630
2630 1531
2630 2109
1531 1349
1531 2520
1349 1867
1867 2595
1867 132
2595 1733
1733 910
1733 2517
910 803
803 765
765 1841
1841 1110
1110 2594
2594 956
956 1339
956 968
1339 1350
1339 58
1350 601
601 1977
601 1940
1977 33
33 1957
33 1945
1957 854
1957 1602
854 1895
854 471
1895 2111
1895 212
2111 698
698 687
687 475
475 418
475 207
418 1272
1272 1095
1272 658
1095 2166
1095 1378
2166 510
2166 2328
510 1983
510 689
1983 161
1983 1557
161 2043
2043 960
2043 208
960 1907
960 130
1907 336
336 2199
2199 2300
2300 1681
2300 2402
1681 2071
1681 1371
2071 2352
2352 541
541 373
373 2622
373 1780
2622 352
352 2682
352 259
2682 2482
2482 2270
2482 1890
2270 1590
1590 183
1590 841
183 1465
1465 362
1465 54
362 2436
2436 1875
1875 386
386 486
486 266
486 1724
266 832
832 833
832 2459
833 409
409 1979
1979 324
1979 241
324 2395
324 1000
2395 1421
1421 692
692 1046
692 1227
1046 349
349 158
349 340
158 1288
1288 1103
1288 1165
1103 1720
1103 24
1720 1174
1720 2160
1174 2494
2494 35
35 2121
2121 758
758 402
758 1712
402 1172
402 1777
1172 449
1172 451
449 1830
1830 630
630 1892
630 298
1892 109
1892 879
109 985
985 991
985 483
991 1846
991 1567
1846 918
1846 1173
918 2664
918 2044
2664 2476
2664 610
2476 1833
1833 2303
2303 1911
2303 233
1911 808
1911 1343
808 498
808 1888
498 936
498 1445
936 2067
2067 925
2067 1566
925 2688
925 2491
2688 407
2688 2448
407 1885
407 2110
1885 1686
1885 2660
1686 2437
2437 424
424 176
424 599
176 831
831 398
398 696
398 1562
696 2202
696 2072
2202 863
863 2224
863 297
2224 1951
1951 967
1951 819
967 1842
1842 715
1842 2540
715 1305
1305 1948
1305 2191
1948 457
1948 677
457 379
457 801
379 2691
379 2641
2691 730
730 2573
730 1532
2573 296
2573 1431
296 2092
296 804
2092 782
2092 843
782 6
782 2416
6 865
865 1469
1469 1329
1469 2430
1329 1470
1470 1815
1470 279
1815 979
979 1457
979 138
1457 186
1457 147
186 106
186 2378
106 1731
1731 560
1731 2172
560 2640
2640 1729
2640 1804
1729 217
217 1205
217 553
1205 2578
2578 508
508 2295
508 1891
2295 2016
2295 1881
2016 185
185 564
564 1480
564 701
1480 2658
2658 2120
2658 2114
2120 2049
2120 966
2049 1910
2049 1929
1910 2275
1910 891
2275 2266
2266 509
509 91
91 899
899 1909
1909 19
1909 2514
19 810
810 884
884 1331
884 420
1331 113
1331 1985
113 2551
113 65
2551 1580
1580 188
188 2009
2009 2105
2009 812
2105 416
2105 670
416 1106
416 1237
1106 1278
1278 231
1278 2184
231 388
231 2400
388 2254
2254 719
719 1393
719 1368
1393 232
1393 1052
232 1064
232 1107
1064 716
1064 1949
716 1135
1135 1218
1135 2566
1218 1492
1492 43
1492 148
43 2312
43 1183
2312 2659
2659 951
951 1212
951 1455
1212 1928
1212 1591
1928 2204
2204 283
2204 291
283 2171
283 346
2171 1472
2171 322
1472 2345
2345 354
354 1535
1535 2690
2690 506
2690 1169
506 1007
1007 216
1007 1764
216 2310
2310 885
2310 1710
885 1419
885 1736
1419 538
538 1309
538 1303
1309 1577
1577 1921
1577 2473
1921 669
1921 2031
669 611
669 2180
611 1906
611 728
1906 984
1906 640
984 1617
1617 1334
1617 2064
1334 675
1334 1194
675 499
499 2258
499 2281
2258 575
575 1636
1636 864
1636 77
864 1416
864 2316
1416 2433
2433 1583
2433 563
1583 794
794 2442
2442 1038
2442 637
1038 2198
2198 2271
2271 1341
2271 1158
1341 798
798 3
3 1639
1639 2497
2497 426
426 2106
426 17
2106 2027
2106 1152
2027 545
545 1072
1072 1161
1161 435
1161 1604
435 736
736 1253
736 1119
1253 1310
1310 2348
1310 878
2348 1029
2348 1994
1029 2662
1029 2208
2662 2269
2269 1114
1114 1018
1018 582
1018 229
582 672
672 1603
672 976
1603 2376
1603 2643
2376 574
2376 788
574 1524
1524 2502
2502 1085
2502 202
1085 1263
1085 163
1263 1661
1263 1153
1661 1396
1396 1138
1396 1621
1138 274
274 1411
274 2653
1411 1267
1267 524
1267 1578
524 1392
524 306
1392 2162
1392 1860
2162 1812
1812 1644
1812 2123
1644 2355
2355 1112
1112 2541
1112 1588
2541 1473
1473 1382
1473 1647
1382 2648
2648 2467
2648 2010
2467 921
2467 2651
921 165
921 2004
165 1006
165 1176
1006 1406
1406 2164
1406 2370
2164 1021
1021 1709
1709 1361
1361 2490
2490 1917
2490 656
1917 994
994 1354
994 1608
1354 2042
1354 1150
2042 1322
1322 1820
1322 2687
1820 1201
1820 2663
1201 26
26 1010
26 320
1010 1508
1508 5
5 146
146 1159
1159 2041
1159 523
2041 1816
2041 1375
1816 540
540 2137
540 1271
2137 2168
2168 550
2168 1626
550 1222
1222 2410
1222 741
2410 442
2410 444
442 2314
2314 1516
2314 489
1516 511
1516 1926
511 391
511 196
391 927
391 1451
927 1131
1131 2182
2182 1235
2182 1592
1235 868
868 2450
2450 1924
1924 2005
2005 385
385 1268
385 378
1268 2132
2132 2382
2382 726
2382 2080
726 1964
726 805
1964 2098
1964 634
2098 1528
2098 215
1528 470
470 1486
1486 95
1486 2273
95 585
585 1351
585 2358
1351 2669
1351 359
2669 965
965 2047
965 1216
2047 667
2047 2695
667 1059
667 753
1059 2521
1059 975
2521 2413
2413 2380
2413 1359
2380 1769
2380 2421
1769 2388
2388 2066
2388 1420
2066 1757
1757 1503
1757 405
1503 86
1503 2383
86 1179
1179 1958
1958 1213
1958 1370
1213 2418
2418 171
2418 1706
171 2070
171 2481
2070 713
713 1505
713 238
1505 2096
2096 102
102 2445
102 1400
2445 764
2445 1933
764 2174
764 1955
2174 56
2174 527
56 2649
2649 247
2649 2569
247 1631
1631 816
1631 2142
816 1986
1986 199
199 1274
1274 221
221 2559
221 1622
2559 1708
2559 1960
1708 1950
1708 1044
1950 1726
1726 1284
1726 115
1284 1265
1284 350
1265 1256
1265 1163
1256 1781
1781 1027
1781 1402
1027 1996
1996 2390
2390 118
118 2487
118 1740
2487 1868
1868 2241
1868 2580
2241 1783
1783 1574
1783 2028
1574 237
1574 916
237 648
237 1623
648 517
517 1316
1316 766
766 392
766 2050
392 2568
2568 1144
1144 1675
1144 2461
1675 2373
1675 213
2373 2661
2373 783
2661 1066
2661 888
1066 2515
1066 708
2515 1838
2515 2253
1838 1358
1358 1937
1937 1809
1809 276
276 496
276 1094
496 2206
2206 974
2206 1013
974 602
974 1262
602 1245
1245 1855
1245 820
1855 1658
1855 1483
1658 1170
1658 1901
1170 1261
1261 98
1261 400
98 111
98 1401
111 2484
111 1568
2484 2441
2484 1376
2441 646
2441 134
646 2150
2150 2449
2449 2397
2449 1386
2397 710
710 429
710 319
429 1108
429 2039
1108 2372
2372 261
261 1281
1281 2374
1281 211
2374 2678
2374 2567
2678 1582
2678 1318
1582 174
174 455
174 129
455 1744
455 453
1744 1952
1952 665
665 28
665 2278
28 375
375 268
268 532
268 1932
532 747
532 572
747 37
37 1664
37 662
1664 2697
1664 1440
2697 1243
2697 2451
1243 1670
1670 1563
1670 2152
1563 548
1563 929
548 1792
1792 10
1792 2134
10 2091
2091 1857
2091 360
1857 374
1857 2344
374 2234
374 697
2234 281
281 2533
281 731
2533 947
947 434
947 1015
434 1049
434 1763
1049 2249
2249 840
840 519
519 2035
2035 1030
1030 1765
1030 1587
1765 2536
2536 847
2536 922
847 1090
847 2322
1090 1317
1317 2226
2226 408
408 917
917 226
226 866
866 1067
1067 2317
2317 1200
1200 2606
2606 539
539 671
671 1240
1240 2626
1240 1124
2626 2201
2626 1701
2201 136
136 1246
136 761
1246 2248
2248 620
620 1515
1515 365
365 280
365 47
280 1055
280 950
1055 2330
1055 2429
2330 1276
2330 2579
1276 639
1276 2014
639 2131
2131 1439
2131 2531
1439 1998
1998 1422
1998 1802
1422 490
490 1953
490 873
1953 811
1953 1903
811 542
811 1627
542 931
931 1579
1579 2453
1579 2125
2453 2017
2453 2001
2017 573
2017 2055
573 2593
573 2557
2593 1859
1859 122
122 2359
2359 2544
2359 759
2544 2063
2063 742
2063 1453
742 659
742 733
659 1871
1871 1805
1871 792
1805 1640
1640 2260
1640 1596
2260 546
546 2475
2475 909
909 243
909 762
243 1128
1128 2209
1128 2232
2209 1585
1585 1863
1863 855
1863 837
855 2447
2447 345
2447 2264
345 1540
1540 395
1540 682
395 2305
2305 1325
1325 1292
1325 2267
1292 911
1292 2435
911 1096
911 2280
1096 2576
2576 592
2576 1995
592 1584
1584 1053
1584 34
1053 2252
1053 996
2252 2069
2069 2583
2583 561
2583 1031
561 2434
561 1424
2434 2215
2434 842
2215 105
2215 2587
105 366
366 1694
366 849
1694 2339
1694 1667
2339 436
436 1409
1409 1980
1409 1746
1980 240
1980 1347
240 2698
240 933
2698 1753
1753 1068
1753 2522
1068 1270
1068 521
1270 989
989 1352
1352 2095
1352 428
2095 691
2095 275
691 1794
1794 1538
1538 2340
2340 1452
1452 2140
2140 1223
1223 1564
1564 1705
1705 1858
1705 1931
1858 179
179 2077
2077 1202
2077 1167
1202 2289
1202 1839
2289 633
633 1695
633 2127
1695 1410
1410 939
939 2489
2489 507
507 2090
507 2483
2090 1849
2090 1355
1849 745
1849 827
745 1575
745 448
1575 1550
1575 1597
1550 454
1550 1552
454 1728
454 204
1728 2596
1728 1509
2596 1177
2596 1242
1177 1722
1177 2639
1722 1342
1342 1771
1771 342
342 1070
1070 770
770 120
770 2023
120 763
763 1143
1143 797
797 1133
1133 71
1133 1827
71 626
71 1273
626 1377
626 961
1377 1786
1786 357
1786 170
357 100
100 2614
100 2325
2614 2411
2411 2496
2411 2104
2496 2247
2496 1663
2247 169
2247 1407
169 1923
169 757
1923 367
1923 937
367 1484
367 287
1484 1168
1484 393
1168 752
1168 2384
752 1075
1075 1942
1942 1122
1942 315
1122 556
556 160
160 1485
160 807
1485 1390
1485 774
1390 2550
1390 1060
2550 778
778 1017
778 1879
1017 1652
1652 396
1652 1966
396 2124
396 1956
2124 1522
2124 1589
1522 1759
1522 1606
1759 1497
1497 1373
1373 2183
2183 1207
1207 617
1207 2200
617 1282
1282 1269
1282 223
1269 1315
1315 2465
2465 999
2465 861
999 983
983 681
681 2272
681 2471
2272 200
2272 144
200 882
200 142
882 1260
882 465
1260 1456
1260 1674
1456 1137
1456 143
1137 1739
1739 1772
1772 2670
2670 2088
2088 773
773 1234
773 1799
1234 690
1234 2192
690 1526
1526 419
1526 112
419 1719
419 1806
1719 723
723 2173
2173 799
2173 1098
799 1136
1136 309
309 1534
309 82
1534 1749
1749 2686
2686 2393
2686 579
2393 1539
2393 1687
1539 2157
1539 2341
2157 255
2157 1581
255 244
244 2446
2446 1357
2446 1854
1357 2159
1357 1542
2159 2613
2613 1264
2613 1714
1264 889
889 2516
2516 1851
1851 1651
1651 2438
2438 2673
2673 570
2673 1306
570 2298
570 1635
2298 2356
2356 1758
2356 461
1758 473
473 2609
473 1033
2609 1417
2609 706
1417 1551
1417 341
1551 2696
2696 1058
2696 4
1058 472
472 1298
472 2605
1298 1727
1727 588
1727 604
588 2598
2598 1391
2598 1384
1391 554
554 2591
2591 1713
1713 1430
1713 619
1430 2309
1430 915
2309 1447
1447 2045
1447 2083
2045 2692
2692 2052
2692 42
2052 1188
2052 2685
1188 1760
1188 2242
1760 1511
1760 2022
1511 1864
1864 1939
1939 131
1939 1314
131 90
90 860
860 1697
1697 1514
1514 1544
1514 711
1544 1605
1544 751
1605 7
1605 1083
7 2396
2396 839
839 1824
1824 2422
2422 466
466 2167
2167 1162
1162 1080
1162 2342
1080 127
127 1905
127 55
1905 1779
1779 1254
1779 1471
1254 616
1254 1662
616 2246
2246 1367
2246 1280
1367 1897
1897 1818
1897 944
1818 121
1818 1259
121 369
369 980
369 953
980 1184
1184 1180
1180 608
608 251
608 644
251 478
478 828
828 2074
828 2082
2074 2030
2030 1620
1620 1776
1776 603
603 411
603 294
411 1040
411 1797
1040 1595
1595 895
895 1657
1657 1680
1657 2274
1680 154
1680 1671
154 1289
154 869
1289 220
220 1755
220 2507
1755 1048
1755 2076
1048 230
1048 2424
230 709
709 317
317 2238
317 1548
2238 2205
2238 328
2205 1488
1488 2427
2427 900
2427 288
900 919
900 624
919 536
536 784
536 1565
784 896
784 2650
896 114
896 126
114 181
114 2217
181 623
181 2026
623 2432
2432 1145
2432 877
1145 2293
2293 1912
2293 796
1912 494
494 1116
1116 1506
1116 964
1506 1433
1506 167
1433 654
1433 2218
654 874
874 1601
874 1696
1601 1761
1601 68
1761 2145
1761 872
2145 1208
2145 1186
1208 2117
1208 533
2117 1648
1648 963
963 2197
2197 2308
2308 363
2308 1545
363 528
528 1100
1100 913
913 2210
2210 155
2210 1832
155 2546
155 2332
2546 2503
2503 1997
2503 1656
1997 149
1997 2419
149 529
149 2349
529 76
76 1385
1385 609
609 2301
2301 1889
1889 1380
1380 2398
1380 1513
2398 2194
2398 1185
2194 990
990 2099
2099 780
2099 479
780 2222
780 2323
2222 2170
2170 791
791 596
596 2294
596 1266
2294 1466
1466 771
1466 1498
771 222
222 487
222 463
487 1353
487 2315
1353 2423
2423 282
282 1099
1099 2244
1099 1785
2244 557
2244 772
557 2409
2409 1217
1217 2326
2326 1843
1843 1556
1556 1547
1547 1767
1547 2525
1767 2535
1767 666
2535 107
2535 1501
107 949
107 2189
949 977
949 206
977 724
977 838
724 1959
1959 427
427 595
427 1081
595 2368
595 190
2368 401
401 384
401 998
384 1520
384 535
1520 1394
1394 2631
2631 1061
2631 875
1061 1811
1811 485
1811 2371
485 383
485 1462
383 156
156 958
156 326
958 1307
1307 1537
1537 815
815 2604
2604 2060
2604 2571
2060 1039
2060 2407
1039 924
924 2292
924 295
2292 2087
2087 205
205 2680
205 942
2680 2464
2680 182
2464 1344
1344 1594
1594 2689
2689 173
2689 1147
173 347
347 1249
347 777
1249 1852
1249 189
1852 2470
2470 110
110 2338
110 1326
2338 53
53 394
394 2681
394 104
2681 781
2681 1813
781 1599
1599 1034
1599 1853
1034 1294
1294 618
1294 1916
618 946
618 587
946 2351
946 1672
2351 2021
2351 651
2021 40
40 1572
1572 638
1572 1822
638 2240
2240 1737
1737 580
1737 2404
580 389
389 83
389 123
83 63
83 870
63 743
63 1141
743 2585
743 1900
2585 482
482 2527
2527 2000
2000 321
321 732
321 48
732 1886
1886 2186
2186 702
702 2262
702 2468
2262 995
2262 2589
995 908
908 286
908 1750
286 1673
286 2479
1673 1360
1673 2492
1360 227
1360 813
227 978
978 1703
978 1125
1703 2040
1703 1257
2040 2381
2381 591
2381 1743
591 175
175 1438
175 1076
1438 1490
1438 1239
1490 1220
1490 356
1220 2230
1220 593
2230 1988
1988 2112
2112 325
2112 2621
325 1976
325 704
1976 2547
1976 537
2547 2498
2547 333
2498 586
586 2466
586 368
2466 69
2466 2233
69 264
264 1226
1226 305
305 72
305 894
72 1527
72 399
1527 576
1527 526
576 859
576 2282
859 178
178 1404
1404 1434
1434 1618
1618 1196
1196 1195
1196 1778
1195 2452
1195 932
2452 353
353 414
414 2103
414 2279
2103 159
159 2637
2637 1961
1961 2257
1961 2283
2257 2623
2257 2616
2623 61
61 2037
61 2363
2037 198
198 2259
198 1831
2259 1436
1436 2155
1436 2236
2155 1704
1704 2213
2213 1414
2213 1229
1414 1233
1233 1149
1149 39
1149 821
39 38
39 2307
38 1968
1968 923
923 214
214 2154
214 2495
2154 1063
2154 128
1063 1405
1405 1126
1405 1573
1126 2175
2175 2324
2175 194
2324 273
273 1425
273 2499
1425 57
1425 1918
57 168
57 1653
168 2542
168 1479
2542 249
2542 1613
249 2504
2504 1363
2504 1338
1363 1009
1363 462
1009 2002
1009 1934
2002 1825
1825 2652
1825 1300
2652 1134
2652 565
1134 2477
2477 2510
2510 2128
2128 2644
2128 1160
2644 1525
1525 1198
1198 962
1198 1005
962 627
627 1963
627 1324
1963 1965
1965 2237
1965 1754
2237 1054
1054 239
1054 2178
239 767
239 1097
767 446
446 566
566 1327
1327 668
1327 628
668 679
668 133
679 1684
679 2634
1684 2469
2469 1692
1692 1870
1870 2057
1870 2584
2057 1559
1559 2288
1559 488
2288 2414
2414 2406
2414 2177
2406 1364
2406 2603
1364 2674
2674 224
224 2457
2457 1878
2457 1171
1878 1835
1835 2302
1835 1642
2302 2532
2302 1993
2532 1102
1102 304
304 1711
1711 2329
2329 2256
2256 225
225 1035
225 1454
1035 2602
2602 902
902 981
902 2
981 2574
2574 1429
2574 2403
1429 445
1429 1689
445 1250
1250 1619
1619 1756
1756 192
1756 1187
192 590
590 193
590 314
193 1224
193 2032
1224 440
1224 809
440 1321
440 9
1321 2509
2509 1975
1975 2635
1975 1467
2635 829
2635 1051
829 257
257 769
769 684
769 2015
684 1938
684 1609
1938 1301
1301 926
1301 641
926 1117
926 2212
1117 1600
1600 2529
1600 2455
2529 474
2529 941
474 1113
474 413
1113 938
938 1735
938 1328
1735 2612
2612 2100
2100 2392
2100 1496
2392 826
826 364
364 607
607 1904
607 982
1904 1616
1616 1634
1634 180
180 2007
2007 1762
1762 2353
1762 1001
2353 1442
1442 1598
1598 1962
1598 725
1962 2607
1962 1193
2607 2633
2607 1844
2633 2034
2633 2220
2034 688
2034 589
688 425
688 912
425 1518
425 2003
1518 2564
2564 2693
2693 254
2693 1365
254 2008
254 1536
2008 823
2008 1690
823 940
823 1148
940 404
940 210
404 236
404 2287
236 824
236 898
824 1828
824 1151
1828 2394
2394 1449
1449 856
856 344
856 191
344 1199
344 945
1199 1189
1189 1311
1189 256
1311 2144
2144 59
59 1817
1817 1800
1800 993
993 2647
2647 2299
2299 1142
1142 1002
1142 544
1002 2054
1002 1922
2054 1293
1293 514
1293 1437
514 1279
514 881
1279 361
361 80
80 2610
2610 2058
2610 260
2058 2219
2058 1850
2219 2135
2219 515
2135 88
88 2059
2059 787
2059 649
787 1803
1803 1366
1366 303
303 1836
1836 559
1836 2538
559 2365
559 652
2365 2420
2365 1105
2420 1612
1612 277
277 2025
277 674
2025 1848
2025 387
1848 853
853 1004
853 1388
1004 2263
2263 2440
2263 1003
2440 1356
1356 1191
1191 2141
1191 1258
2141 1789
1789 1748
1748 430
430 2672
430 518
2672 1210
2672 2108
1210 2006
1210 718
2006 631
631 1463
631 41
1463 245
1463 468
245 1012
1012 1077
1077 31
1077 103
31 512
31 1768
512 2229
2229 1645
2229 64
1645 1766
1766 1654
1766 2062
1654 1935
1654 1461
1935 372
372 1241
372 2239
1241 1348
1348 1624
1348 1593
1624 2333
1624 2553
2333 2608
2608 1629
1629 1443
1443 447
447 2207
2207 1707
2207 2291
1707 1101
1101 887
1101 1869
887 2181
2181 2480
2181 11
2480 2320
2480 567
2320 2214
2320 653
2214 162
162 1475
162 348
1475 1166
1166 1203
1166 1428
1203 549
1203 1024
549 2149
2149 683
2149 1625
683 2231
2231 775
2231 439
775 1225
775 2350
1225 284
1225 988
284 1109
1109 335
1109 458
335 1435
335 1814
1435 311
1435 1290
311 1845
1845 1808
1808 1510
1510 1866
1866 469
1866 2334
469 2501
469 1529
2501 99
99 2684
99 606
2684 139
2684 2179
139 1784
1784 2615
2615 1967
2615 2169
1967 676
676 1723
1723 2130
1723 2346
2130 2228
2130 2190
2228 2666
2666 117
2666 1632
117 513
117 2211
513 2336
2336 2343
2343 1078
1078 1541
1541 890
1541 1699
890 2417
2417 1087
2417 2046
1087 1121
1087 1969
1121 2618
2618 417
417 2061
2061 629
2061 464
629 1345
1345 197
1345 1192
197 2335
197 972
2335 2408
2335 1448
2408 1028
2408 749
1028 2586
2586 246
2586 1970
246 2122
246 460
2122 1495
2122 1954
1495 312
312 2081
2081 1678
1678 2225
1678 2101
2225 1688
1688 1139
1688 2524
1139 886
886 597
597 1655
597 830
1655 555
1655 818
555 44
44 2268
2268 195
2268 571
195 23
195 1991
23 2327
2327 835
2327 1248
835 1796
1796 1517
1796 2590
1517 1275
1517 1450
1275 300
300 903
903 844
903 491
844 705
705 1981
705 1073
1981 2645
2645 1856
1856 1299
1856 2401
1299 2399
2399 551
551 534
551 522
534 1782
534 1788
1782 2588
1782 135
2588 2033
2588 1230
2033 1441
2033 1798
1441 2116
1441 166
2116 2478
2478 1669
2478 1389
1669 21
1669 1898
21 125
125 694
125 467
694 1834
694 1987
1834 562
1834 1930
562 1043
1043 825
825 1464
825 1561
1464 1432
1432 525
525 802
802 897
897 530
530 1181
1181 1069
1069 382
1069 1732
382 1056
382 1372
1056 52
52 1082
52 583
1082 789
789 1146
1146 703
703 108
703 1773
108 422
422 2311
422 2216
2311 441
2311 547
441 343
441 1533
343 2261
2261 578
578 2139
2139 1571
2139 1734
1571 12
12 1111
12 218
1111 613
1111 1156
613 2079
2079 1291
2079 1507
1291 1320
1320 2560
1320 1920
2560 431
2560 883
431 2636
431 1887
2636 957
957 2444
957 2620
2444 735
2444 263
735 1204
735 2387
1204 2523
1204 2094
2523 1989
1989 2486
1989 2426
2486 2694
2486 209
2694 1164
1164 2456
2456 959
959 1057
959 1118
1057 2020
2020 1884
1884 1252
1252 2286
1252 1304
2286 1330
1330 1946
1946 2245
1946 876
2245 2439
2245 1558
2439 2508
2439 2255
2508 1459
2508 717
1459 695
695 497
695 744
497 219
497 456
219 1611
219 302
1611 235
1611 584
235 2151
2151 2097
2151 2667
2097 1543
2097 2250
1543 1387
1387 2638
2638 1984
2638 2431
1984 1157
1984 1810
1157 2364
1157 2163
2364 1882
1882 790
790 2679
2679 152
2679 2474
152 177
152 450
177 1130
1130 2331
2331 1336
1336 721
