3 381 385874409
2 1
1 3
15 118
118 323
118 303
323 273
323 90
273 272
273 37
272 56
272 23
56 328
56 247
328 283
328 141
283 39
283 124
39 197
197 325
325 55
325 207
55 152
152 270
270 94
94 70
94 357
70 48
48 221
221 88
221 304
88 284
284 58
58 107
58 49
107 163
107 61
163 14
163 46
14 301
14 243
301 38
38 81
38 108
81 291
291 156
291 136
156 339
156 33
339 93
339 175
93 235
93 22
235 89
235 150
89 298
298 361
298 180
361 204
204 217
217 297
217 279
297 359
359 349
349 1
349 369
1 67
1 92
67 201
67 32
201 20
201 145
20 219
20 276
219 234
219 310
234 16
234 73
16 164
16 343
164 187
164 153
187 242
242 12
242 191
12 159
159 116
159 165
116 69
116 362
69 195
195 308
195 13
308 103
103 257
103 380
257 258
257 181
258 149
258 97
149 59
59 210
59 216
210 28
28 335
28 260
335 336
336 6
6 154
154 84
154 17
84 64
84 148
64 27
64 160
27 293
27 7
293 321
321 127
127 179
179 281
179 305
281 65
281 35
65 370
370 294
370 169
294 157
157 102
102 366
366 265
265 168
265 292
168 212
168 100
212 122
122 251
122 173
251 123
251 332
123 215
123 137
215 126
215 104
126 4
4 379
4 249
379 331
331 376
376 236
236 158
158 167
167 192
192 320
320 186
320 378
186 241
186 208
241 295
295 355
295 358
355 346
355 307
346 200
346 131
200 269
200 117
269 112
269 342
112 319
319 367
367 119
119 205
119 274
205 105
105 231
105 300
231 371
371 155
155 360
155 259
360 184
360 66
184 381
381 345
345 30
345 245
30 176
30 110
176 45
45 25
45 287
25 87
87 3
3 238
3 254
238 271
238 146
271 225
225 140
225 106
140 60
140 227
60 364
60 206
364 263
263 31
31 162
162 53
53 218
53 344
218 99
99 77
99 203
77 91
77 324
91 82
91 68
82 248
248 267
248 220
267 313
267 252
313 250
250 377
250 363
377 76
377 330
76 80
80 86
86 21
21 120
21 194
120 340
120 246
340 29
29 309
29 95
309 40
309 115
40 306
306 125
306 198
125 36
125 374
36 199
36 74
199 237
199 289
237 296
296 78
296 277
78 373
373 312
373 2
312 286
286 18
286 196
18 228
228 71
71 11
11 161
161 57
161 183
57 41
41 132
41 109
132 239
132 268
239 42
239 96
42 142
142 47
47 178
47 177
178 51
178 302
51 211
51 318
211 350
350 290
350 151
290 10
290 253
10 352
10 299
352 275
275 356
275 172
356 244
356 121
244 278
278 26
278 233
26 139
139 224
224 280
280 347
280 264
347 130
347 188
130 229
130 348
229 337
229 202
337 315
315 255
315 285
255 174
255 314
174 52
52 170
170 72
72 44
44 111
44 365
111 223
111 182
223 317
223 83
317 24
24 143
143 351
351 62
62 230
230 166
166 50
166 368
50 193
193 134
134 226
134 133
226 261
226 214
261 329
329 75
75 185
185 334
185 240
334 101
334 327
101 372
101 288
372 282
372 353
282 262
282 222
262 63
262 209
63 338
63 135
338 34
338 256
34 354
354 8
354 98
8 85
8 128
85 147
147 190
190 333
190 189
333 138
138 171
171 43
43 9
43 79
9 232
9 19
232 322
322 266
266 129
129 213
129 326
213 113
113 316
316 114
114 5
5 144
5 341
144 311
311 375
375 54
