1 2513 287841
687 1176
1176 251
251 947
947 659
659 1293
659 1701
1293 1805
1293 1875
1805 372
1805 1000
372 1295
372 275
1295 416
1295 1265
416 224
416 567
224 70
224 686
70 1765
70 1936
1765 132
1765 1046
132 2112
2112 517
2112 1888
517 1192
1192 1783
1192 2282
1783 2097
2097 851
851 2476
851 568
2476 1152
1152 625
1152 1194
625 1082
625 871
1082 2495
1082 1576
2495 1973
1973 2396
2396 737
737 667
737 538
667 1562
667 1972
1562 390
390 226
226 1976
226 1488
1976 2377
1976 2363
2377 907
2377 471
907 2038
907 679
2038 1516
2038 459
1516 1743
1516 2252
1743 2185
2185 1009
1009 1919
1009 231
1919 1520
1919 2054
1520 165
165 2507
165 1766
2507 238
238 1874
238 1183
1874 915
915 1367
915 1428
1367 1135
1367 1608
1135 2428
2428 676
676 1583
1583 1613
1613 98
1613 1865
98 1159
1159 2315
1159 623
2315 449
449 2166
2166 2372
2372 2479
2479 733
2479 1630
733 1392
733 245
1392 2028
1392 2276
2028 1646
1646 2161
2161 2433
2433 404
2433 258
404 8
404 1614
8 1319
1319 1136
1136 782
1136 1033
782 378
378 103
103 1644
1644 814
814 2008
814 1487
2008 1312
1312 1721
1721 1118
1118 2398
1118 446
2398 1793
1793 754
754 1782
1782 7
7 382
382 1066
382 2308
1066 1442
1442 1335
1442 1130
1335 2290
1335 156
2290 736
2290 2473
736 741
741 585
585 1751
1751 2114
2114 848
848 1417
1417 1553
1553 843
843 1795
843 157
1795 834
834 447
834 417
447 696
447 305
696 1029
696 862
1029 1206
1206 351
351 511
511 551
551 1859
551 2350
1859 637
1859 1685
637 1234
1234 845
845 370
845 2102
370 1329
1329 1202
1329 1814
1202 514
1202 842
514 951
951 902
951 1889
902 193
193 241
241 467
241 397
467 1497
1497 656
1497 2171
656 2125
656 844
2125 1168
1168 2499
2499 2285
2285 2376
2285 2333
2376 428
2376 1990
428 259
428 2018
259 1741
259 1157
1741 1420
1741 612
1420 2006
2006 1944
2006 860
1944 1219
1944 884
1219 837
837 665
837 1662
665 1243
665 2327
1243 914
914 409
409 857
409 1035
857 2099
2099 2444
2099 334
2444 1019
1019 2010
1019 1389
2010 1722
1722 474
1722 1587
474 2319
2319 1811
1811 1365
1365 564
1365 163
564 536
536 2093
2093 1050
2093 1210
1050 145
1050 744
145 91
145 2109
91 2080
2080 2149
2149 2168
2149 1359
2168 14
14 2169
14 982
2169 1922
1922 402
402 2406
402 1398
2406 2494
2494 1536
2494 1513
1536 505
1536 2081
505 2506
505 1515
2506 711
2506 976
711 2087
711 854
2087 2280
2087 1166
2280 1097
1097 1045
1097 222
1045 1465
1045 1445
1465 1748
1748 444
1748 921
444 1596
1596 2485
1596 1660
2485 1771
2485 677
1771 1738
1738 821
1738 501
821 1656
821 2468
1656 1650
1656 808
1650 2375
1650 795
2375 545
545 2063
2063 146
146 1469
146 78
1469 569
569 2254
569 2283
2254 2464
2464 944
2464 2260
944 1541
944 816
1541 858
1541 994
858 454
858 2153
454 1827
454 2032
1827 379
379 1341
1341 1205
1341 1848
1205 1379
1379 1904
1904 2213
2213 2501
2501 408
408 2127
2127 1418
1418 424
424 1363
424 1185
1363 1310
1363 960
1310 1070
1070 1546
1546 228
228 1457
228 2117
1457 126
1457 1871
126 1893
1893 1780
1780 1356
1780 1173
1356 2001
1356 1386
2001 1233
1233 317
1233 304
317 1508
1508 2131
1508 1762
2131 117
2131 1523
117 1023
117 1885
1023 1414
1414 1466
1414 1394
1466 846
1466 57
846 1982
1982 2404
2404 2462
2404 361
2462 770
2462 2243
770 2027
2027 2351
2027 1311
2351 626
626 1308
626 1617
1308 1209
1308 1715
1209 1169
1209 1846
1169 319
319 1977
319 1105
1977 2423
2423 1861
1861 671
1861 1426
671 1274
1274 2078
1274 593
2078 130
130 2187
130 2441
2187 608
608 1161
608 958
1161 710
710 1554
1554 210
210 229
229 631
229 1021
631 614
631 6
614 465
465 1423
465 661
1423 552
552 1746
1746 282
282 1125
282 889
1125 1599
1125 1842
1599 1349
1349 1680
1349 1348
1680 759
759 648
759 800
648 1926
1926 140
1926 672
140 1503
1503 1101
1101 1640
1101 1108
1640 751
751 1246
751 1571
1246 168
168 2167
168 604
2167 638
2167 360
638 2439
2439 1616
2439 1540
1616 776
1616 333
776 2302
776 1678
2302 2508
2302 1376
2508 2065
2065 51
2065 2003
51 630
630 1910
1910 615
1910 1481
615 1502
615 769
1502 1204
1204 1086
1086 2408
1086 455
2408 920
2408 1713
920 1085
920 2207
1085 2310
2310 2111
2310 957
2111 196
2111 2162
196 2326
196 2211
2326 1490
2326 794
1490 72
72 867
72 1054
867 1095
867 1150
1095 1270
1270 2434
2434 345
345 706
706 894
706 116
894 786
786 1499
786 838
1499 1061
1061 2163
2163 1424
2163 1897
1424 2151
1424 2450
2151 1452
2151 53
1452 617
617 1607
1607 1283
1283 331
1283 1615
331 1253
1253 870
870 1686
1686 2108
2108 1532
1532 802
802 1918
802 663
1918 2009
1918 523
2009 298
298 2066
298 2118
2066 1581
2066 1767
1581 1084
1084 1464
1084 464
1464 540
540 1900
1900 1906
1906 2092
1906 685
2092 2421
2092 1589
2421 2020
2020 729
729 1629
1629 1850
1850 1938
1850 2182
1938 1388
1388 3
3 1817
1817 1425
1817 17
1425 1300
1300 628
1300 946
628 2228
2228 148
2228 2392
148 2347
148 1684
2347 307
2347 1139
307 1187
1187 1932
1932 373
373 2466
373 240
2466 2492
2492 2231
2231 1148
1148 1266
1266 979
1266 1560
979 1076
979 1844
1076 2084
1076 2200
2084 2368
2368 986
986 1447
986 429
1447 1042
1042 1690
1042 158
1690 1565
1690 1280
1565 2183
2183 2212
2183 1018
2212 1291
2212 153
1291 775
775 939
939 629
629 412
412 1623
1623 1041
1623 407
1041 2336
2336 1851
1851 812
1851 707
812 644
644 1470
1470 1331
1331 1027
1331 554
1027 647
1027 36
647 285
647 63
285 166
285 2379
166 1577
1577 2306
1577 1927
2306 1093
2306 2401
1093 745
1093 327
745 269
745 2258
269 1047
1047 2321
1047 2067
2321 1493
2321 86
1493 1014
1014 79
79 2312
2312 541
541 1763
541 1974
1763 1792
1763 1133
1792 1864
1864 1049
1049 1588
1049 1012
1588 2385
1588 433
2385 880
880 1393
1393 1552
1552 1408
1408 2334
2334 1188
2334 1220
1188 2340
1188 1914
2340 302
302 508
508 985
985 1275
985 1899
1275 313
1275 1823
313 1245
1245 461
1245 1884
461 722
461 1261
722 492
722 1786
492 2025
492 430
2025 13
2025 2455
13 2293
13 2391
2293 669
669 588
588 1307
1307 1203
1203 2323
1203 1878
2323 1065
2323 452
1065 151
1065 799
151 1663
151 1004
1663 2250
1663 1088
2250 694
694 2449
2449 2324
2324 2436
2436 2037
2436 1271
2037 1509
1509 311
311 2366
2366 1886
1886 2330
1886 709
2330 1212
2330 1736
1212 1744
1744 1080
1744 1278
1080 2418
2418 1778
2418 2247
1778 690
690 1535
1535 2446
2446 105
105 2090
2090 1585
2090 2062
1585 955
1585 1845
955 1115
955 768
1115 1687
1687 1258
1687 734
1258 689
1258 972
689 2085
2085 822
2085 534
822 2438
822 2043
2438 2083
2438 881
2083 1396
1396 204
1396 235
204 977
977 1298
1298 1547
1547 885
885 2106
885 2411
2106 1570
2106 582
1570 34
34 1309
1309 107
107 1761
107 1236
1761 1555
1555 1240
1555 69
1240 1186
1186 830
830 118
118 651
118 1696
651 1781
651 1564
1781 2056
1781 1586
2056 2133
2133 633
2133 1237
633 348
633 742
348 1119
1119 1477
1477 2007
1477 572
2007 322
322 1126
1126 59
59 1339
1339 1881
1339 878
1881 1965
1881 189
1965 780
1965 2000
780 2410
2410 705
2410 493
705 2389
2389 1264
2389 1558
1264 225
225 841
225 1697
841 901
841 559
901 718
901 65
718 2039
718 2420
2039 2194
2039 2214
2194 440
440 688
688 1691
1691 2259
1691 1772
2259 1636
2259 930
1636 1279
1279 1510
1279 645
1510 1397
1397 2482
1397 503
2482 1525
2482 1548
1525 560
560 1798
560 888
1798 1382
1382 2307
1382 2005
2307 592
592 1226
592 2395
1226 2215
2215 577
2215 1235
577 2274
577 1967
2274 597
597 1537
597 122
1537 2041
2041 1933
2041 640
1933 211
1933 1694
211 395
211 942
395 928
395 624
928 1248
1248 77
77 1963
1963 1870
1870 1672
1672 223
223 1810
1810 2445
2445 798
2445 2352
798 1263
798 1390
1263 603
603 1740
1740 2184
1740 2371
2184 398
2184 1626
398 1853
1853 54
1853 234
54 708
708 221
708 2129
221 52
221 137
52 1700
1700 80
1700 662
80 2244
2244 1010
1010 1579
1579 535
1579 755
535 2348
2348 2023
2348 1852
2023 1661
2023 1631
1661 1869
1661 1327
1869 2170
2170 2413
2413 280
2413 152
280 1758
1758 639
639 2360
639 1939
2360 1483
2360 1455
1483 1945
1945 1355
1945 1557
1355 310
1355 2394
310 191
191 1334
1334 839
1334 2071
839 1251
839 1057
1251 1863
1251 1543
1863 533
533 1931
1931 1181
1931 236
1181 49
49 891
49 1937
891 2349
891 2472
2349 1001
2349 2297
1001 1099
1099 1175
1099 856
1175 1952
1952 1051
1051 1978
1051 1501
1978 306
1978 1665
306 2219
306 46
2219 933
933 525
933 21
525 1991
525 2202
1991 439
439 1400
439 1314
1400 2299
2299 1802
1802 2264
2264 270
2264 1145
270 142
270 1480
142 1915
142 1806
1915 2383
1915 1796
2383 149
149 1092
1092 1925
1925 2448
1925 899
2448 2397
2397 1357
2397 1601
1357 1478
1357 1059
1478 2301
1478 2101
2301 199
199 2091
2091 74
2091 583
74 756
756 2086
2086 611
2086 1214
611 1224
611 362
1224 1947
1947 2493
1947 1229
2493 1151
2493 401
1151 1087
1087 635
1087 1326
635 806
635 2498
806 1352
806 2300
1352 479
479 482
479 650
482 591
482 206
591 2484
2484 1343
1343 164
164 1471
164 2295
1471 2115
1471 2342
2115 2088
2115 133
2088 1107
1107 1592
1107 731
1592 1774
1592 1330
1774 1332
1774 510
1332 1683
1683 2077
2077 573
573 1131
1131 1286
1131 1268
1286 2346
2346 1450
1450 1521
1521 2416
1521 809
2416 375
375 2331
2331 1149
1149 2024
2024 220
220 1198
220 578
1198 1177
1198 1111
1177 2013
1177 1566
2013 277
2013 1039
277 739
739 2409
2409 26
26 1475
1475 2033
2033 1215
1215 22
1215 1688
22 2002
22 230
2002 1103
1103 1
1103 680
1 607
1 753
607 293
607 1898
293 2286
2286 178
2286 2304
178 1835
178 2069
1835 192
192 1102
1102 1962
1962 781
781 835
835 609
835 2030
609 1141
1141 2226
1141 978
2226 1468
1468 2015
1468 1193
2015 1828
1828 975
975 1757
1757 2481
1757 2268
2481 1458
1458 627
1458 819
627 963
627 1090
963 991
991 123
991 1668
123 176
176 1025
1025 2502
1025 890
2502 726
2502 1675
726 791
726 1137
791 466
466 602
602 898
602 1318
898 550
898 1231
550 2512
550 849
2512 1247
1247 1958
1247 2152
1958 2284
1958 1983
2284 522
2284 1281
522 350
522 2329
350 1244
1244 2225
1244 1303
2225 265
2225 670
265 2174
265 1556
2174 622
622 748
622 1289
748 494
748 1605
494 2435
2435 1651
1651 1964
1964 376
376 1463
1463 462
1463 288
462 1790
1790 2365
1790 1098
2365 394
394 526
394 1259
526 1727
526 1908
1727 1723
1727 111
1723 1857
1857 2059
2059 2477
2059 869
2477 2460
2477 2384
2460 836
2460 489
836 352
352 1549
1549 329
329 2195
329 2004
2195 1545
2195 553
1545 341
341 1403
341 182
1403 2145
2145 16
16 1920
1920 367
367 2489
367 1745
2489 1028
1028 1725
1725 422
422 1580
1580 657
657 1529
657 2318
1529 441
441 279
441 160
279 2362
279 1595
2362 681
2362 2188
681 2427
681 727
2427 879
879 425
879 1127
425 1113
1113 2339
2339 1160
1160 1079
1160 1342
1079 1677
1677 740
1677 532
740 500
740 1747
500 1894
500 276
1894 38
1894 1112
38 131
38 1038
131 913
913 1868
913 1693
1868 1338
1338 1299
1299 973
1299 2240
973 1411
973 2075
1411 41
1411 150
41 244
41 964
244 1410
244 1091
1410 1628
1410 1671
1628 723
723 1912
723 1117
1912 793
1912 2173
793 1788
793 1473
1788 1643
1643 364
364 935
935 2082
935 587
2082 1158
2082 2113
1158 2094
1158 1073
2094 315
2094 738
315 2190
315 996
2190 485
485 2157
2157 2273
2273 1703
2273 1207
1703 1222
1222 1971
1222 175
1971 201
1971 359
201 922
922 529
922 1752
529 1196
529 2072
1196 855
855 950
950 1724
1724 1413
1413 144
1413 666
144 243
144 2288
243 2292
2292 1227
1227 1069
1227 575
1069 496
1069 2303
496 1760
1760 338
1760 121
338 1337
1337 1769
1337 594
1769 1726
1726 1659
1726 478
1659 436
1659 1924
436 183
183 673
183 2390
673 2110
673 959
2110 2344
2110 2105
2344 1440
2344 1195
1440 147
147 642
147 2442
642 2381
642 264
2381 19
2381 1984
19 2236
2236 30
2236 323
30 779
30 562
779 1128
1128 613
613 1669
1669 765
1669 2139
765 1994
1994 44
1994 179
44 1975
1975 2046
1975 1882
2046 87
87 268
87 406
268 1837
1837 861
1837 1375
861 413
413 2012
413 2222
2012 1007
1007 297
1007 1053
297 1822
297 1325
1822 1836
1836 1498
1836 1015
1498 2475
1498 481
2475 343
343 520
343 344
520 2314
520 2196
2314 949
2314 1930
949 2278
2278 414
2278 1284
414 1032
1032 1611
1611 11
1611 1064
11 704
11 760
704 2426
2426 1979
2426 2378
1979 962
1979 89
962 96
96 1071
1071 2089
1071 1824
2089 829
2089 20
829 84
84 1208
1208 948
1208 2116
948 1756
1756 33
33 1606
33 1542
1606 2237
2237 1288
2237 634
1288 2269
1288 724
2269 2100
2269 1383
2100 1787
1787 1377
1787 565
1377 983
1377 945
983 1415
983 1022
1415 1831
1831 658
658 732
658 112
732 934
934 2060
934 2061
2060 1935
1935 1304
1304 2414
2414 1336
1336 595
595 1017
595 1459
1017 2142
2142 1254
2142 1993
1254 1479
1479 2143
1479 61
2143 606
606 916
606 1100
916 865
865 805
865 1941
805 260
260 1140
1140 1435
1140 437
1435 2175
2175 2271
2175 1712
2271 2443
2443 366
366 2205
366 48
2205 1986
1986 807
807 876
807 616
876 713
713 1735
713 2119
1735 2220
2220 1673
1673 2233
2233 2217
2233 1262
2217 287
287 1563
1563 801
1563 1731
801 1597
801 1096
1597 2320
1597 1855
2320 1472
2320 1968
1472 796
796 1369
796 1820
1369 1120
1120 1988
1988 925
1988 693
925 641
641 2197
2197 1297
2197 1895
1297 678
1297 2486
678 85
85 1949
1949 109
109 515
515 1749
515 984
1749 1634
1634 1142
1142 546
546 1395
1395 664
664 392
392 1405
392 1682
1405 1058
1058 2107
2107 2241
2107 586
2241 39
2241 1156
39 574
574 1582
1582 1132
1132 95
95 1272
1272 2289
1272 926
2289 2480
2480 458
458 2074
2074 847
2074 2238
847 1534
1534 2234
2234 853
853 1449
1449 250
1449 773
250 558
558 1891
558 2031
1891 2210
1891 1427
2210 570
570 655
570 1841
655 2224
655 2451
2224 643
643 1421
643 2048
1421 1858
1421 2337
1858 134
1858 695
134 952
134 263
952 1494
952 1306
1494 811
1494 1110
811 274
811 2470
274 1221
1221 29
1221 1538
29 725
725 1704
1704 423
423 2305
2305 974
974 403
974 363
403 242
242 256
256 1287
256 1144
1287 173
1287 961
173 1716
1716 1801
1801 337
1801 113
337 2424
337 790
2424 1624
1624 281
281 292
281 1467
292 1985
1985 778
778 1948
778 544
1948 2198
1948 1315
2198 127
127 2361
127 1378
2361 1302
2361 1290
1302 1909
1909 325
1909 714
325 1255
1255 1530
1255 2509
1530 1476
1530 2422
1476 1043
1043 1709
1043 797
1709 605
605 68
68 2353
2353 1809
1809 1981
1809 195
1981 2490
1981 2204
2490 2050
2490 1966
2050 896
2050 104
896 2287
896 507
2287 1454
1454 2429
1454 563
2429 850
2429 1847
850 172
172 2160
172 2257
2160 303
303 1955
1955 1808
1955 1431
1808 1225
1225 2034
1225 1350
2034 239
2034 468
239 2068
239 4
2068 970
2068 434
970 990
990 1980
990 1438
1980 2358
1980 1998
2358 1163
1163 171
1163 387
171 31
171 1773
31 1114
1114 1353
1114 1699
1353 2291
2291 1013
2291 1301
1013 1412
1412 2505
1412 697
2505 1174
2505 2510
1174 2388
1174 548
2388 1902
1902 730
730 129
129 1285
129 1917
1285 1813
1285 2403
1813 1409
1409 864
864 294
294 2393
2393 1946
2393 2095
1946 1770
1770 2474
2474 271
271 1294
271 2016
1294 2047
1294 487
2047 2354
2047 1511
2354 335
2354 12
335 2487
335 1892
2487 784
2487 2417
784 252
252 267
252 905
267 2249
2249 1956
1956 216
1956 654
216 735
735 1768
1768 761
761 2
761 1785
2 2186
2186 1574
2186 2245
1574 47
47 1698
47 1777
1698 1273
1698 818
1273 64
64 1572
1572 1116
1116 1321
1116 1528
1321 715
1321 498
715 581
581 488
488 237
237 1620
1620 772
772 1184
772 108
1184 989
989 940
940 185
940 1461
185 332
185 1260
332 620
332 1492
620 1074
1074 1164
1074 909
1164 248
248 1387
1387 1094
1094 1670
1094 2328
1670 2364
2364 2412
2412 702
702 2052
2052 1526
2052 2230
1526 1794
1526 2491
1794 967
1794 27
967 2206
967 190
2206 1055
1055 154
154 1109
1109 37
1109 701
37 1514
37 2432
1514 1666
1514 499
1666 1223
1223 589
1223 1345
589 1036
589 2058
1036 1708
1708 531
1708 1037
531 1551
531 1506
1551 1162
1551 346
1162 747
1162 342
747 1444
1444 1436
1444 2356
1436 981
1436 1320
981 785
785 384
785 128
384 1323
384 383
1323 1197
1197 1737
1197 143
1737 2135
2135 1429
2135 1143
1429 1676
1676 2400
1676 906
2400 1146
1146 1282
1146 893
1282 1642
1642 2463
1642 2387
2463 1407
2463 2483
1407 214
1407 1734
214 1645
1645 102
102 1658
102 25
1658 1024
1024 2311
2311 1441
1441 632
632 2216
632 1664
2216 1573
1573 2164
1573 1344
2164 660
660 2242
2242 542
542 1784
1784 2064
1784 1063
2064 253
253 1404
253 652
1404 502
502 1720
1720 286
286 209
286 1826
209 71
209 421
71 1649
1649 1959
1649 405
1959 340
340 998
998 883
998 2181
883 1710
1710 194
1710 2128
194 290
290 2255
290 2035
2255 1121
2255 2141
1121 543
543 1276
1276 2051
1276 1911
2051 995
995 1269
995 1838
1269 391
1269 1232
391 1544
391 1401
1544 537
537 636
636 1840
1840 354
354 2513
354 119
2513 1419
1419 1856
1856 100
100 840
100 752
840 257
257 2154
257 2405
2154 1954
1954 1815
1815 2467
2467 874
2467 987
874 1448
874 475
1448 817
1448 1539
817 1474
1474 2457
1474 249
2457 728
728 2079
728 2232
2079 2345
2345 1385
2345 1689
1385 2177
1385 1989
2177 777
2177 2021
777 1593
1593 1324
1593 2132
1324 2103
1324 1929
2103 2193
2193 1797
1797 388
1797 504
388 432
432 374
432 110
374 1512
374 1679
1512 295
295 1296
1296 262
1296 886
262 1040
262 418
1040 480
480 75
75 1779
75 1638
1779 81
1779 516
81 1719
1719 910
1719 803
910 1527
1527 1422
1527 67
1422 700
1422 2317
700 472
700 60
472 2055
472 174
2055 999
2055 355
999 561
561 683
683 1711
1711 94
94 316
316 859
316 208
859 932
932 1695
1695 272
1695 495
272 324
324 783
324 2221
783 2453
783 1921
2453 1584
1584 1598
1584 187
1598 1969
1598 2419
1969 347
1969 1199
347 1953
1953 813
813 42
42 1903
1903 1482
1903 528
1482 2053
1482 2130
2053 746
2053 1165
746 453
746 954
453 750
750 399
399 820
399 969
820 456
456 2437
2437 167
2437 1934
167 1372
1372 2049
1372 530
2049 92
92 877
92 50
877 674
877 473
674 232
232 1077
232 349
1077 1496
1077 1003
1496 318
1496 824
318 518
318 557
518 2316
518 1730
2316 2134
2316 971
2134 1384
2134 2122
1384 513
1384 682
513 1887
1887 448
1887 1876
448 2239
448 2126
2239 1907
1907 1567
1567 1799
1799 2246
2246 2262
2262 815
815 1610
815 1913
1610 1867
1610 1648
1867 1439
1867 1347
1439 1819
1439 774
1819 97
97 1456
97 2456
1456 720
1456 1460
720 411
720 200
411 321
321 1992
1992 892
1992 215
892 2014
2014 1122
2014 1834
1122 24
1122 716
24 1970
1970 547
547 106
547 832
106 1775
1775 717
717 1896
717 675
1896 2223
2223 956
956 764
764 314
314 336
336 2165
336 291
2165 296
2165 2296
296 2447
296 55
2447 2471
2447 45
2471 299
299 1705
1705 469
469 1632
1632 1011
1011 2275
1011 2140
2275 1180
2275 2180
1180 875
1180 1681
875 1360
1360 649
649 1170
1170 580
580 918
580 1346
918 1568
918 124
1568 1434
1568 1753
1434 120
120 486
120 2373
486 598
598 966
966 1807
1807 953
1807 506
953 2341
2341 1639
2341 1641
1639 596
1639 1960
596 1866
596 1804
1866 1432
1432 1443
1443 2011
2011 1905
1905 1089
1089 427
427 988
427 2178
988 181
181 1364
1364 757
1364 2026
757 1729
1729 2343
1729 320
2343 1030
1030 2465
2465 2382
2465 1928
2382 1860
2382 1072
1860 576
1860 1590
576 353
576 1373
353 445
445 426
426 1635
426 1238
1635 1267
1635 300
1267 1239
1239 2136
2136 1062
2136 1575
1062 619
1062 721
619 1252
619 866
1252 1600
1252 903
1600 1189
1600 2104
1189 1559
1559 1776
1776 827
827 936
827 699
936 381
936 389
381 2123
2123 1147
2123 872
1147 2218
2218 1569
2218 2370
1569 1201
1569 1182
1201 1825
1201 1358
1825 125
1825 396
125 2147
2147 2019
2019 1446
2019 2488
1446 762
1446 2253
762 2500
762 2208
2500 997
2500 202
997 1999
997 1603
1999 73
73 114
73 2022
114 919
919 863
919 491
863 58
863 1533
58 929
58 1106
929 1016
929 1381
1016 1717
1016 1728
1717 1211
1717 1943
1211 1052
1052 443
443 205
443 476
205 1996
205 521
1996 451
451 2138
451 1333
2138 1873
1873 1462
1462 1524
1462 1829
1524 457
1524 1191
457 2235
457 385
2235 908
908 88
88 266
266 1517
266 1491
1517 431
1517 1002
431 2070
2070 93
2070 788
93 301
93 1250
301 217
301 1872
217 2469
2469 1366
2469 1031
1366 170
170 1561
170 2096
1561 62
62 828
828 483
483 2322
483 393
2322 460
2322 923
460 2478
460 771
2478 743
743 2369
2369 76
76 198
76 1821
198 15
15 852
15 599
852 1957
1957 330
330 937
330 549
937 1849
937 1733
1849 1667
1849 1008
1667 2367
2367 2248
2367 897
2248 43
2248 2359
43 833
833 1217
1217 18
1217 1256
18 1879
18 1883
1879 1951
1879 2057
1951 2452
1951 2325
2452 887
887 692
887 358
692 1637
692 278
1637 826
826 792
826 283
792 1305
792 1890
1305 600
600 5
5 1416
1416 1075
1075 56
56 1292
1292 90
1292 1755
90 719
90 1707
719 2459
719 1647
2459 1371
1371 1200
1371 365
1200 438
1200 2029
438 1754
1754 1340
1754 1218
1340 356
356 1178
1178 1351
1178 1578
1351 2265
1351 435
2265 400
2265 2172
400 911
911 2332
911 10
2332 1812
2332 2415
1812 1609
1609 691
691 169
691 261
169 101
169 2229
101 917
101 497
917 1692
1692 246
246 227
246 1657
227 512
512 159
512 2458
159 601
159 1277
601 207
601 698
207 2076
2076 2281
2281 1652
2281 1854
1652 1370
1652 1486
1370 2179
2179 1453
1453 2496
1453 247
2496 1505
1505 309
1505 32
309 420
309 1816
420 2251
420 1877
2251 9
2251 2156
9 1242
1242 2146
1242 1241
2146 668
2146 184
668 1430
1430 1843
1430 477
1843 1081
1843 993
1081 1619
1081 2402
1619 82
82 2227
82 1594
2227 2380
2380 419
419 2270
419 912
2270 1056
2270 1653
1056 233
1056 1129
233 1154
1154 1406
1154 369
1406 927
1406 1997
927 1625
1625 1950
1625 218
1950 328
328 1328
328 1880
1328 965
1328 1020
965 1249
1249 1901
1901 188
1901 2461
188 1437
1437 980
1437 2511
980 509
509 1451
1451 1190
1451 1485
1190 1005
1190 767
1005 2504
1005 1380
2504 380
380 1155
1155 2155
1155 1832
2155 1622
2155 825
1622 579
1622 415
579 2150
2150 2267
2150 1519
2267 2503
2267 2294
2503 938
938 2201
938 312
2201 2073
2073 135
135 1026
135 1216
1026 442
442 180
180 1923
180 823
1923 2144
2144 2374
2374 2203
2203 2176
2203 1862
2176 1044
1044 326
326 1134
1134 2272
1134 1739
2272 1718
2272 368
1718 2040
2040 177
2040 1034
177 2277
2277 2497
2277 1942
2497 1317
2497 1750
1317 1257
1257 490
1257 284
490 1940
490 924
1940 1522
1940 1507
1522 941
941 357
941 2266
357 1060
357 571
1060 2036
2036 895
2036 2124
895 1313
895 1961
1313 703
703 2440
2440 712
712 527
527 539
527 766
539 2425
2425 1104
1104 40
1104 2045
40 590
40 1124
590 555
555 2430
555 1078
2430 197
197 1833
1833 1083
1083 1153
1153 2399
1153 758
2399 2191
2191 1172
1172 873
1172 2407
873 377
873 308
377 1354
377 35
1354 2121
2121 519
519 161
161 2454
161 138
2454 1732
2454 1518
1732 23
1732 810
23 1800
1800 1818
1818 1361
1818 1995
1361 1048
1361 1322
1048 787
1048 2256
787 273
787 2017
273 450
450 1803
1803 763
1803 900
763 2042
763 1316
2042 749
2042 1402
749 155
155 2263
2263 2298
2298 1604
1604 1602
1604 1987
1602 1067
1602 1742
1067 66
66 1531
1531 1655
1655 2431
1655 136
2431 484
484 1006
1006 1489
1489 1484
1484 1764
1484 621
1764 1674
1764 524
1674 1759
1674 339
1759 1714
1714 1591
1714 610
1591 83
83 1633
83 789
1633 1706
1633 943
1706 2335
2335 1391
1391 556
556 1433
556 371
1433 254
1433 213
254 1618
254 1179
1618 2159
2159 463
2159 386
463 1068
463 2355
1068 992
1068 1791
992 1504
1504 410
1504 212
410 28
28 2192
28 470
2192 289
2192 1123
289 2120
2120 2137
2137 1171
2137 203
1171 2098
1171 1374
2098 219
2098 931
219 2279
219 1789
2279 1138
2279 566
1138 186
186 1228
1228 162
1228 618
162 255
162 141
255 1830
255 1230
1830 2189
1830 646
2189 831
831 2261
831 904
2261 804
2261 684
804 1399
1399 99
99 1213
99 139
1213 1654
1213 1839
1654 2313
1654 2044
2313 2209
2209 1621
1621 1167
1621 868
1167 1550
1550 653
1550 2199
653 2148
2148 1916
1916 968
1916 2338
968 1702
968 2309
1702 1495
1702 2357
1495 2158
1495 1362
2158 1500
1500 2386
2386 584
584 882
882 1627
1627 1612
1612 115
115 1368
