2 556 1609770
1 2
9 471
9 67
471 315
315 426
426 151
426 466
151 458
458 20
458 204
20 356
20 419
356 414
356 143
414 254
414 112
254 282
254 71
282 109
282 83
109 13
109 541
13 206
206 147
206 5
147 142
142 368
368 343
343 516
343 454
516 316
516 102
316 63
316 305
63 137
63 549
137 28
137 195
28 49
28 171
49 543
49 95
543 3
543 74
3 373
3 79
373 327
373 427
327 276
276 340
340 212
212 235
235 318
235 551
318 406
318 114
406 232
406 27
232 77
232 328
77 60
77 314
60 88
88 455
88 131
455 197
197 524
197 26
524 167
167 535
535 292
535 39
292 357
292 540
357 508
508 527
527 125
125 370
125 358
370 184
184 510
510 173
510 439
173 209
173 434
209 128
128 80
128 10
80 288
288 89
89 437
89 274
437 365
437 45
365 468
468 69
468 393
69 37
69 444
37 514
37 481
514 84
84 91
91 385
385 384
384 470
384 208
470 243
243 275
275 522
522 188
188 538
188 500
538 56
538 424
56 317
56 407
317 323
323 469
469 231
231 321
231 484
321 207
207 107
207 286
107 389
389 349
389 244
349 306
349 226
306 220
220 281
220 62
281 123
281 230
123 168
168 190
168 420
190 97
97 296
296 245
245 211
245 248
211 25
211 164
25 338
338 140
140 261
140 236
261 345
261 309
345 533
533 311
533 46
311 369
369 284
369 265
284 158
284 553
158 90
90 545
90 247
545 302
545 304
302 452
302 165
452 475
475 183
183 12
183 269
12 359
12 203
359 532
359 225
532 465
465 413
413 496
413 246
496 134
134 205
205 483
205 66
483 267
483 198
267 192
192 85
192 307
85 546
85 333
546 529
529 525
529 280
525 17
525 486
17 40
40 542
542 172
172 86
86 53
53 453
53 479
453 150
150 19
19 218
218 334
218 464
334 61
334 11
61 33
33 177
33 216
177 375
375 378
375 528
378 448
378 512
448 294
294 347
294 237
347 219
219 552
219 44
552 273
552 432
273 41
41 366
366 506
506 430
430 511
511 162
162 72
162 153
72 403
72 161
403 513
513 346
346 283
283 517
517 509
517 262
509 308
308 70
70 388
70 530
388 223
223 521
223 362
521 152
152 21
21 24
21 82
24 113
24 319
113 101
113 7
101 145
145 518
518 100
100 539
100 32
539 93
539 182
93 149
93 324
149 14
14 457
14 379
457 331
331 400
400 445
445 412
445 139
412 429
412 199
429 217
429 313
217 124
124 474
474 431
474 133
431 285
431 1
285 507
285 156
507 43
43 256
43 442
256 81
256 116
81 215
81 450
215 505
215 336
505 146
146 519
146 396
519 221
221 344
344 534
344 127
534 290
290 497
497 118
118 136
118 339
136 52
52 320
320 228
320 301
228 229
229 433
433 54
433 105
54 18
18 476
476 526
476 227
526 104
104 299
104 200
299 494
494 234
234 73
234 4
73 342
73 418
342 35
35 92
35 443
92 383
383 155
155 322
322 268
268 449
449 16
449 463
16 408
408 472
472 363
472 166
363 360
360 491
360 180
491 394
491 264
394 111
111 224
111 417
224 191
224 169
191 279
191 108
279 371
279 312
371 355
371 498
355 337
355 405
337 65
65 387
65 117
387 298
387 399
298 160
160 499
499 348
499 374
348 119
119 251
119 263
251 189
251 310
189 492
492 352
492 382
352 214
214 289
214 409
289 435
435 440
440 253
440 436
253 354
253 428
354 395
354 488
395 554
395 423
554 255
554 42
255 326
326 31
326 351
31 122
31 76
122 148
122 121
148 303
148 6
303 335
335 487
487 240
240 57
240 493
57 186
57 250
186 459
186 23
459 293
293 36
36 544
544 392
544 367
392 422
392 410
422 361
422 22
361 411
411 75
75 34
34 380
34 130
380 259
380 135
259 490
490 520
490 451
520 271
520 129
271 462
271 531
462 438
438 495
495 416
416 8
416 55
8 398
398 163
398 193
163 202
202 51
202 175
51 233
233 196
233 364
196 502
196 300
502 482
502 201
482 501
501 446
446 213
213 477
213 50
477 239
477 277
239 329
239 138
329 441
441 350
441 467
350 523
350 181
523 106
106 555
106 460
555 515
515 29
29 503
29 210
503 68
503 480
68 99
68 402
99 415
415 58
58 15
15 461
15 353
461 2
461 96
2 272
272 159
272 390
159 47
47 391
47 270
391 376
391 242
376 154
154 144
144 295
144 110
295 401
295 404
401 489
401 157
489 179
489 194
179 174
179 425
174 504
174 170
504 287
504 330
287 421
287 87
421 185
185 473
473 260
473 547
260 291
260 252
291 257
257 386
386 126
126 115
115 30
30 132
30 176
132 78
78 59
59 456
456 536
536 325
325 103
103 556
556 397
556 297
397 38
397 278
38 447
38 222
447 372
372 238
238 249
238 141
249 241
249 258
241 187
241 64
187 48
187 341
48 550
48 266
550 98
98 178
178 537
178 120
537 332
537 377
332 485
485 478
478 548
478 94
548 381
