12 2109 2375346
8 5
8 11
5 12
12 4
12 3
4 10
10 6
10 1
6 9
6 2
9 7
267 1418
1418 955
1418 446
955 1821
955 993
1821 409
409 760
409 1238
760 1617
1617 1620
1620 1886
1886 414
1886 1853
414 402
402 1294
402 747
1294 806
1294 1326
806 1370
1370 1861
1861 1005
1861 161
1005 1206
1005 64
1206 1302
1302 113
1302 35
113 1670
1670 1157
1670 1249
1157 681
681 1996
1996 606
1996 1208
606 346
346 1101
1101 824
1101 587
824 877
877 2100
877 635
2100 217
2100 1152
217 1729
217 256
1729 1260
1729 1936
1260 2025
1260 1423
2025 1713
2025 1277
1713 291
291 1140
291 594
1140 1982
1982 1411
1411 837
1411 1284
837 1843
1843 745
1843 1090
745 1237
1237 172
1237 273
172 220
220 244
244 1247
1247 1699
1247 484
1699 2049
1699 1601
2049 1518
2049 1263
1518 246
1518 1730
246 581
581 77
581 1787
77 1203
1203 718
1203 727
718 819
819 1743
819 1613
1743 2024
2024 31
2024 1292
31 1093
1093 1453
1453 808
1453 1384
808 174
808 714
174 251
251 1563
1563 961
961 1602
1602 1407
1602 1007
1407 91
1407 2093
91 236
236 1
236 1181
1 1043
1043 1900
1900 2033
1900 1191
2033 513
2033 473
513 1865
1865 1639
1865 1567
1639 428
1639 515
428 285
285 1671
1671 1483
1483 827
1483 1122
827 1496
827 864
1496 1903
1903 343
1903 1973
343 1643
343 1051
1643 1354
1643 2030
1354 301
301 1691
301 790
1691 154
154 293
154 1788
293 1232
293 332
1232 1374
1232 1224
1374 1497
1374 1539
1497 1607
1497 2029
1607 1820
1820 2085
1820 988
2085 1679
2085 139
1679 1706
1706 1409
1706 1085
1409 1488
1409 1361
1488 2094
1488 744
2094 1381
2094 2107
1381 939
1381 450
939 672
672 376
376 1461
1461 1031
1461 1059
1031 1333
1031 122
1333 1451
1451 115
1451 971
115 481
115 992
481 400
481 29
400 933
400 526
933 322
322 1931
1931 155
155 1999
1999 507
507 860
860 2036
2036 1953
1953 1744
1744 341
1744 1286
341 1911
1911 1255
1911 749
1255 348
348 323
348 1933
323 854
323 997
854 1814
854 1048
1814 1797
1797 1512
1797 1557
1512 960
960 1178
960 107
1178 298
1178 1338
298 1810
298 12
1810 296
1810 609
296 1141
1141 1940
1141 592
1940 724
724 1293
1293 1345
1345 1291
1345 1317
1291 1180
1291 2023
1180 641
1180 1628
641 94
94 843
843 1863
843 1513
1863 1288
1288 203
1288 705
203 1883
1883 184
1883 33
184 116
184 1030
116 951
116 780
951 1003
951 1400
1003 385
385 1993
1993 2015
2015 541
2015 853
541 277
277 1570
1570 1565
1570 1056
1565 434
434 1424
434 1955
1424 1368
1424 1070
1368 2051
1368 1763
2051 874
874 111
874 624
111 485
111 2078
485 1840
1840 366
366 224
366 537
224 1845
224 1738
1845 1278
1278 1041
1041 919
1041 1572
919 1004
1004 467
1004 1109
467 733
733 1350
733 627
1350 1383
1350 912
1383 783
783 1182
783 752
1182 1033
1182 552
1033 1002
1002 682
682 1517
1517 97
97 723
723 1750
723 239
1750 181
181 1698
1698 1369
1369 260
260 2072
260 1481
2072 328
2072 145
328 444
328 1465
444 2067
444 937
2067 656
656 405
656 858
405 1523
1523 1204
1523 642
1204 1589
1589 1111
1589 1579
1111 588
1111 1161
588 1112
1112 506
1112 1097
506 1065
506 2006
1065 1855
1855 1215
1855 639
1215 1201
1215 750
1201 2096
2096 448
2096 776
448 732
448 794
732 1759
1759 1298
1298 48
1298 2020
48 1177
1177 1343
1177 1076
1343 278
1343 868
278 585
585 892
585 1127
892 1243
1243 2059
1243 1962
2059 309
2059 95
309 746
309 39
746 1867
746 1124
1867 1319
1867 1786
1319 1856
1856 24
24 227
24 135
227 2007
227 1307
2007 1630
2007 2037
1630 1362
1630 163
1362 545
545 578
545 1727
578 660
578 1486
660 1991
1991 1548
1548 903
1548 1746
903 1296
1296 1476
1476 597
597 866
866 410
410 1822
410 1824
1822 1652
1822 722
1652 1742
1652 159
1742 604
604 1888
1888 1323
1888 1073
1323 207
207 61
61 1921
1921 1172
1172 887
887 1849
1849 263
263 894
894 1864
1864 510
1864 1128
510 709
709 1781
1781 646
1781 1034
646 396
646 851
396 462
396 1614
462 1578
462 667
1578 655
1578 1472
655 1477
1477 1899
1899 308
308 2077
2077 638
638 1792
638 1000
1792 1968
1792 623
1968 975
1968 1029
975 1287
975 483
1287 662
662 2011
662 1357
2011 66
66 952
66 1145
952 1767
1767 1907
1907 358
1907 222
358 568
358 577
568 663
568 1221
663 1736
1736 611
611 442
442 1543
442 60
1543 1283
1283 791
791 23
791 1757
23 1380
1380 1192
1192 1751
1192 118
1751 1858
1858 1760
1760 369
1760 306
369 1324
369 963
1324 173
1324 1979
173 2008
2008 628
2008 72
628 1135
628 496
1135 1926
1926 674
1926 2057
674 1241
674 83
1241 176
176 1340
1340 1318
1340 809
1318 1394
1318 1511
1394 1498
1394 881
1498 1721
1721 1058
1721 946
1058 1071
1058 1734
1071 1860
1860 1791
1860 1942
1791 804
804 373
373 1913
1913 75
75 1636
75 1839
1636 1139
1636 1446
1139 1463
1463 1957
1957 1556
1556 785
1556 1688
785 350
350 2027
2027 923
2027 1573
923 1125
1125 1337
1337 2052
1337 1838
2052 1285
1285 337
1285 109
337 1905
337 1891
1905 377
377 1908
377 591
1908 2034
2034 879
879 815
879 1171
815 38
38 1413
1413 1367
1367 395
1367 1626
395 245
245 707
707 1038
707 1482
1038 2082
1038 574
2082 651
651 438
438 1932
438 266
1932 1467
1467 1227
1227 615
1227 1682
615 927
615 1798
927 1619
1619 169
1619 1334
169 1356
169 497
1356 10
10 1167
10 502
1167 1515
1515 1809
1809 1794
1794 1054
1054 982
1054 844
982 839
982 351
839 768
768 265
265 1313
1313 88
1313 2087
88 2084
2084 230
2084 124
230 976
976 1239
976 264
1239 2053
2053 433
2053 461
433 1842
433 607
1842 566
1842 167
566 1889
566 2097
1889 1505
1889 774
1505 1812
1505 692
1812 416
1812 708
416 456
456 276
456 1848
276 1915
1915 703
703 2099
2099 188
2099 772
188 443
443 417
443 1430
417 953
417 865
953 1216
1216 1404
1404 170
1404 625
170 1325
1325 307
307 452
452 1681
1681 1231
1681 878
1231 383
383 1633
1633 943
943 420
943 1654
420 1347
420 258
1347 653
653 1388
653 885
1388 517
517 252
517 657
252 1332
1332 1425
1425 423
1425 1685
423 1173
423 1800
1173 2108
2108 671
671 1134
1134 1491
1491 489
1491 546
489 1475
1475 601
1475 327
601 1433
1433 2046
1433 451
2046 516
516 895
895 1049
1049 214
214 355
214 425
355 680
355 148
680 636
636 934
934 632
632 1708
1708 503
503 1217
503 761
1217 1879
1879 1954
1879 488
1954 900
900 1174
1174 833
1174 1655
833 474
474 435
435 2028
435 800
2028 85
85 1582
1582 422
422 1195
422 257
1195 1951
1951 200
1951 1366
200 1175
200 1735
1175 1053
1175 1945
1053 1045
1053 694
1045 2068
1045 1658
2068 1833
1833 195
195 1405
195 555
1405 436
436 695
436 1799
695 984
695 1605
984 1096
1096 19
19 1785
1785 232
232 1817
232 987
1817 1992
1817 415
1992 354
1992 1335
354 748
748 1257
748 1514
1257 531
531 1246
1246 212
1246 968
212 219
212 1281
219 731
219 905
731 920
731 1212
920 1884
920 699
1884 679
679 1653
1653 1520
1520 1647
1520 565
1647 1289
1289 834
1289 1262
834 213
213 1057
1057 846
1057 1650
846 439
439 339
439 1972
339 1615
339 1868
1615 1014
1014 408
1014 1133
408 1223
408 2001
1223 1665
1665 421
421 650
421 818
650 344
344 1941
1941 1220
1220 1554
1220 74
1554 1226
1554 670
1226 183
183 310
183 989
310 904
904 2063
2063 1568
1568 1971
1971 523
1971 1880
523 1136
523 1779
1136 561
561 618
561 712
618 1095
618 740
1095 1432
1095 1895
1432 687
687 554
687 117
554 1836
1836 579
579 279
279 1047
1047 600
600 1104
1104 1360
1360 1692
1692 1116
1692 235
1116 622
1116 36
622 801
801 1168
1168 314
314 1121
1121 509
1121 1416
509 185
509 1584
185 734
734 1130
734 1611
1130 1761
1761 189
189 156
156 367
156 79
367 1414
1414 520
520 778
520 382
778 583
778 149
583 288
288 194
288 2069
194 1341
1341 1228
1228 788
1228 762
788 898
898 209
898 1811
209 468
209 950
468 1478
468 14
1478 1439
1478 1956
1439 250
1439 831
250 936
936 821
821 870
870 802
802 1790
1790 1988
1988 424
424 30
424 908
30 62
62 978
62 1585
978 275
275 241
241 1970
1970 1320
1320 136
136 586
586 1723
586 398
1723 1315
1723 1709
1315 1666
1315 767
1666 1784
1666 4
1784 633
1784 562
633 1832
1832 1165
1832 1042
1165 1649
1165 652
1649 2105
1649 429
2105 569
2105 1808
569 1701
1701 25
25 2047
25 1067
2047 558
558 970
558 58
970 90
90 1922
90 1371
1922 528
528 1078
528 1027
1078 1841
1841 1245
1841 1126
1245 931
931 475
475 211
211 1521
1521 797
797 637
797 168
637 1440
1440 1352
1440 901
1352 1510
1352 719
1510 1882
1882 431
431 20
431 463
20 1829
20 471
1829 143
1829 329
143 1978
1978 634
1978 553
634 543
543 1826
543 1196
1826 1712
1712 782
782 666
782 453
666 1464
1464 2000
2000 560
560 226
560 1468
226 1118
1118 379
379 1593
1593 1904
1593 1816
1904 721
1904 105
721 1398
721 1198
1398 500
500 1545
500 321
1545 1789
1789 1580
1789 728
1580 1609
1609 166
1609 1528
166 996
166 1873
996 711
996 805
711 930
711 1274
930 1525
1525 1529
1529 1108
1108 1823
1108 81
1823 1725
1823 2043
1725 126
1725 1378
126 849
126 1644
849 596
849 1176
596 1235
596 1456
1235 1382
1235 1618
1382 957
957 967
957 1830
967 1847
967 1086
1847 1389
1847 1737
1389 441
441 1519
441 751
1519 862
1519 1938
862 71
71 272
272 284
272 1924
284 1471
284 1429
1471 1373
1373 413
1373 42
413 1726
1726 1329
1329 807
1329 445
807 1777
807 1142
1777 793
793 1499
1499 1305
1499 1997
1305 1916
1916 1536
1536 1455
1536 781
1455 1271
1455 861
1271 977
977 617
617 973
617 202
973 411
411 368
411 1438
368 886
886 686
886 669
686 1526
1526 817
817 1436
817 589
1436 1969
1436 1877
1969 779
779 1044
779 121
1044 1546
1044 1542
1546 45
45 683
45 197
683 1024
683 2035
1024 880
1024 810
880 820
880 171
820 1703
1703 1516
1516 357
1516 34
357 826
826 82
82 654
654 112
112 829
829 1314
829 859
1314 281
281 673
673 1485
673 495
1485 512
512 1989
1989 199
199 1975
1975 1213
1975 1060
1213 1683
1213 2002
1683 133
133 1102
133 2083
1102 1961
1961 1870
1870 1458
1870 644
1458 93
1458 1359
93 391
93 312
391 1555
391 140
1555 2060
1555 1537
2060 137
137 956
137 1711
956 754
956 334
754 1566
754 2074
1566 404
1566 1684
404 1917
1917 643
643 186
186 741
186 501
741 110
741 1479
110 486
110 706
486 1501
486 1454
1501 1306
1501 1934
1306 2098
2098 1987
1987 437
437 2101
437 1604
2101 15
2101 259
15 1846
1846 1958
1958 1184
1958 1011
1184 1310
1184 1627
1310 1222
1310 1396
1222 1353
1222 1753
1353 629
1353 2076
629 725
725 65
65 1834
65 570
1834 1920
1834 1349
1920 1117
1117 2061
1117 542
2061 6
6 1336
6 1240
1336 1715
1336 2019
1715 142
142 362
362 1210
1210 873
1210 1673
873 795
795 372
795 1259
372 1749
1749 1083
1083 1256
1256 524
1256 803
524 1194
524 1575
1194 1251
1251 1764
1251 1677
1764 1072
1072 297
297 1392
297 53
1392 206
1392 55
206 551
206 193
551 1897
1897 1854
1897 7
1854 608
608 1610
608 1747
1610 765
765 771
771 1959
1959 1802
1802 1445
1802 125
1445 2048
1445 406
2048 2064
2048 1280
2064 5
5 1946
5 704
1946 164
164 1522
1522 387
387 492
492 690
492 958
690 1449
690 736
1449 595
595 1778
1778 1538
1778 847
1538 147
1538 925
147 1893
1893 945
1893 1266
945 1930
1930 27
27 872
27 848
872 533
533 1769
1769 935
935 1089
935 540
1089 119
119 2103
2103 929
929 449
929 349
449 353
353 689
353 380
689 1159
1159 1695
1695 1363
1695 891
1363 381
381 210
210 1080
1080 965
1080 490
965 835
965 269
835 576
576 242
576 1154
242 1599
242 190
1599 1417
1417 938
1417 1074
938 948
938 1765
948 1741
1741 1447
1741 300
1447 1267
1447 2075
1267 1634
1267 182
1634 1985
1985 830
830 983
830 1061
983 192
983 67
192 972
192 1397
972 1351
1351 2017
2017 237
237 1156
1156 478
1156 1187
478 2010
2010 457
2010 1835
457 103
457 764
103 130
130 603
603 455
455 2016
455 893
2016 157
2016 459
157 883
883 1656
883 2062
1656 716
1656 1850
716 1594
1594 974
1594 1508
974 1019
974 1462
1019 283
283 1252
283 2050
1252 949
949 1875
1875 1696
1875 882
1696 114
114 784
114 1265
784 100
100 998
998 1190
998 676
1190 1532
1532 1143
1532 811
1143 1623
1623 247
1623 1434
247 889
889 918
889 1202
918 1748
918 832
1748 1664
1664 1036
1036 1686
1036 49
1686 1878
1686 2056
1878 1450
1450 338
1450 1925
338 514
338 141
514 684
684 758
684 668
758 1901
758 1881
1901 1642
1642 1385
1642 375
1385 770
1385 1113
770 1276
770 1774
1276 1806
1276 1037
1806 1676
1806 1819
1676 1782
1782 876
876 1661
1661 1631
1631 525
1631 1443
525 1131
1131 1540
1540 2003
2003 1874
2003 1480
1874 440
1874 1415
440 1534
1534 1892
1534 128
1892 1995
1892 1943
1995 40
40 916
916 1983
1983 1948
1948 1651
1651 739
1651 1437
739 914
914 1162
914 926
1162 333
333 1270
1270 165
165 1504
1504 995
1504 460
995 319
995 1155
319 969
319 1312
969 549
549 160
549 954
160 1229
1229 816
1229 1129
816 1068
1068 922
1068 129
922 928
928 1207
1207 2014
2014 418
418 1755
1755 1258
1755 857
1258 1770
1258 823
1770 16
16 1081
16 677
1081 759
759 813
759 556
813 1659
1659 1435
1659 52
1435 584
1435 305
584 1158
1158 1890
1890 1535
1890 863
1535 1209
1209 388
1209 280
388 134
388 828
134 1023
1023 532
1023 1015
532 941
941 1408
1408 480
1408 1638
480 1123
1123 1032
1032 32
1032 1148
32 1637
32 613
1637 888
888 1704
888 1595
1704 41
1704 1591
41 234
234 11
234 255
11 1147
1147 564
1147 538
564 1242
564 2073
1242 1862
1862 2054
2054 401
2054 1146
401 1803
401 550
1803 1304
1803 47
1304 1055
1304 1731
1055 1603
1603 162
1603 1980
162 947
162 1138
947 1689
947 1646
1689 1410
1689 1290
1410 1355
1410 1106
1355 50
50 717
50 1592
717 2038
2038 120
120 2091
2091 2104
2104 1795
1795 1773
1773 616
1773 1552
616 1675
1675 1120
1675 187
1120 1199
1199 962
1199 1205
962 1827
962 412
1827 335
1827 1887
335 1625
335 216
1625 1952
1625 842
1952 1412
1952 9
1412 2106
2106 371
2106 316
371 1645
371 499
1645 2066
2066 99
2066 1021
99 1918
99 196
1918 631
1918 798
631 386
631 1066
386 1745
1745 221
221 991
991 290
290 1419
290 981
1419 563
1419 1876
563 370
563 693
370 1844
370 1502
1844 1069
1844 1662
1069 1990
1069 1279
1990 1234
1234 1062
1062 3
1062 990
3 1690
3 146
1690 735
1690 1914
735 1322
1322 295
1322 1569
295 1487
295 980
1487 287
287 504
504 2
2 1935
2 1077
1935 1825
1935 1872
1825 1550
1825 1379
1550 1530
1530 1442
1442 1587
1442 294
1587 756
1587 658
756 1506
756 399
1506 1010
1010 906
906 1490
906 87
1490 1902
1490 2055
1902 536
536 1524
536 1050
1524 763
763 1492
763 299
1492 944
944 1558
1558 1851
1851 320
1851 535
320 789
789 580
580 1928
1928 1606
1606 907
1606 330
907 465
465 1544
465 487
1544 665
1544 153
665 932
932 1564
932 1733
1564 419
419 1444
1444 841
1444 1119
841 1728
841 2041
1728 1533
1533 1269
1269 508
508 1248
508 317
1248 123
123 840
840 1469
840 1225
1469 363
1469 1016
363 619
619 1762
619 482
1762 1562
1762 152
1562 698
1562 757
698 1571
1571 1507
1571 571
1507 1254
1254 1559
1559 315
315 360
315 313
360 590
590 1427
590 1977
1427 1200
1200 1348
1348 1981
1348 1164
1981 1253
1253 1308
1253 924
1308 1583
1308 1937
1583 1197
1197 1590
1590 1273
1590 233
1273 1919
1273 331
1919 208
208 685
208 855
685 225
685 466
225 547
547 1621
547 1493
1621 1026
1026 1705
1705 2088
2088 1084
1084 1700
1700 1702
1702 557
557 1694
1694 108
108 1295
1295 262
1295 454
262 730
730 1596
1596 1648
1596 1460
1648 856
1648 150
856 715
856 1301
715 1560
715 2018
1560 1588
1560 1771
1588 304
304 37
37 529
37 56
529 1020
529 1331
1020 393
393 1906
1906 270
1906 1372
270 274
270 1859
274 2090
2090 2013
2090 1473
2013 867
867 1837
867 218
1837 1327
1837 201
1327 1297
1297 1719
1719 1275
1719 1598
1275 814
1275 910
814 852
852 787
852 1088
787 1668
787 519
1668 69
69 325
69 1244
325 1387
1387 2009
2009 645
2009 2005
645 289
645 729
289 447
289 68
447 1211
447 51
1211 527
527 1393
527 359
1393 1421
1393 261
1421 104
104 1964
104 775
1964 575
1964 2079
575 875
875 1635
1635 1500
1500 1780
1780 1549
1780 1346
1549 942
942 1768
942 1722
1768 1264
1768 1828
1264 365
365 1402
1402 1132
1402 2102
1132 2044
2044 985
2044 1756
985 1586
985 1185
1586 1967
1967 720
720 403
720 1250
403 1160
403 2065
1160 1099
1099 647
1099 675
647 1364
1364 1268
1268 1707
1707 1040
1040 1025
1040 792
1025 1724
1025 180
1724 836
1724 324
836 389
836 101
389 191
191 204
191 742
204 1660
204 44
1660 2022
2022 1166
2022 539
1166 1852
1166 1898
1852 890
890 1752
1752 902
902 1678
1678 661
661 1963
661 582
1963 572
1963 1986
572 678
678 1013
678 1710
1013 909
909 1740
1740 46
46 1929
1929 1035
1035 282
282 1193
1193 43
43 292
43 2045
292 177
292 1082
177 1386
177 1299
1386 73
1386 593
73 1923
73 959
1923 477
477 384
477 1330
384 1910
384 2109
1910 773
773 1885
1885 345
345 1103
1103 106
1103 1303
106 799
106 476
799 1793
1793 1188
1188 2040
2040 2071
2040 1115
2071 1576
1576 2004
2004 979
2004 1137
979 1328
1328 326
1328 766
326 1272
1272 2080
2080 518
2080 1261
518 1804
1804 688
1804 132
688 1399
688 342
1399 302
1399 755
302 845
302 1375
845 921
921 573
573 1012
1012 1776
1012 8
1776 2070
2070 268
268 1406
268 1693
1406 621
621 1909
621 158
1909 1218
1218 700
700 28
700 1624
28 1169
1169 1965
1965 612
612 1390
612 215
1390 1547
1547 511
511 753
753 470
470 494
494 1105
494 1818
1105 871
871 769
871 1163
769 1581
1581 1459
1459 1017
1017 1395
1017 915
1395 1087
1087 86
86 1092
86 1622
1092 1001
1001 1944
1001 229
1944 1495
1944 1857
1495 1732
1495 1807
1732 89
89 2095
2095 84
2095 697
84 1574
84 1509
1574 479
1574 1186
479 1714
1714 1316
1316 602
602 1391
602 243
1391 98
1391 1697
98 599
98 1300
599 1422
1422 1064
1422 1866
1064 1046
1046 1091
1046 737
1091 1541
1091 1783
1541 614
1541 228
614 630
614 13
630 1896
630 397
1896 911
1896 1179
911 1470
911 426
1470 1527
1470 311
1527 664
664 223
223 626
626 1309
626 303
1309 21
21 1489
21 1927
1489 352
1489 567
352 175
352 1960
175 458
175 1503
458 361
458 1815
361 986
986 1426
1426 1452
1426 505
1452 18
18 559
559 1640
1640 2081
1640 940
2081 374
2081 1466
374 640
374 1672
640 1772
1772 1008
1008 390
1008 179
390 1022
390 1766
1022 1674
1022 1028
1674 498
1674 1553
498 248
498 1339
248 896
896 17
17 392
17 999
392 1100
1100 850
1100 1813
850 1994
850 1006
1994 1831
1994 1401
1831 1079
1831 1474
1079 743
743 1151
1151 1149
1151 254
1149 605
605 1441
605 1236
1441 917
917 964
917 696
964 812
812 1775
1775 2012
1775 1632
2012 151
2012 777
151 1680
1680 1912
1912 1805
1912 54
1805 610
610 1170
1170 1219
1219 231
231 59
231 913
59 522
59 198
522 822
522 22
822 96
96 1531
96 1403
1531 1233
1531 26
1233 1484
1484 1321
1484 1758
1321 1377
1377 1358
1377 1114
1358 1448
1448 432
1448 469
432 648
648 427
427 620
427 994
620 178
178 899
899 240
240 1984
240 1457
1984 1107
1984 1153
1107 1754
1107 2026
1754 1608
1608 1669
1608 1600
1669 271
271 521
271 340
521 1183
1183 2021
2021 884
2021 1039
884 1739
1739 394
1739 2092
394 249
394 649
249 1947
249 1894
1947 138
1947 2086
138 1063
138 1949
1063 2032
2032 1597
2032 378
1597 493
493 1110
493 2058
1110 253
1110 713
253 1616
1616 1801
1616 78
1801 1018
1018 1687
1018 1311
1687 710
710 2031
2031 347
347 738
738 534
534 1009
534 70
1009 1976
1976 1998
1998 63
1998 336
63 76
63 464
76 1657
1657 1663
1663 1431
1431 691
1431 1561
691 1144
691 1718
1144 1189
1144 356
1189 702
702 1052
702 102
1052 701
701 1612
701 1871
1612 127
127 1720
127 1494
1720 1150
1150 869
1150 726
869 1974
869 1376
1974 1428
1428 1717
1717 491
1717 92
491 318
318 1551
318 1641
1551 2039
2039 786
786 1629
1629 286
1629 796
286 407
286 205
407 430
407 144
430 1796
430 1282
1796 544
544 1420
1420 1939
1939 1667
1939 2042
1667 1716
1716 530
530 364
364 838
838 57
838 548
57 1098
57 1577
1098 659
1098 598
659 1094
1094 897
1094 1344
897 1342
897 80
1342 1075
1075 472
472 1869
472 1966
1869 131
131 825
131 238
825 1230
825 1365
1230 1950
1950 966
966 2089
966 1214
