14 504 27
13 3
3 11
11 7
7 12
12 6
6 9
6 1
9 2
9 8
2 10
2 4
10 14
10 5
438 419
419 144
419 395
144 447
447 186
186 451
451 261
261 461
461 328
461 397
328 362
362 21
21 90
21 25
90 434
434 131
434 307
131 225
225 154
225 468
154 475
475 498
475 104
498 55
498 333
55 441
441 161
161 424
424 284
424 368
284 400
284 287
400 374
400 321
374 85
85 442
85 97
442 489
442 188
489 204
489 166
204 87
204 460
87 17
87 14
17 338
17 201
338 257
257 78
78 5
78 255
5 123
5 477
123 239
239 122
239 497
122 133
133 323
133 50
323 106
323 96
106 436
436 265
436 160
265 346
265 222
346 322
346 33
322 119
119 81
119 320
81 193
193 446
446 254
254 342
254 203
342 177
177 292
177 219
292 9
292 128
9 467
9 357
467 473
473 311
311 391
391 305
391 227
305 472
472 449
449 80
80 353
80 174
353 196
353 67
196 102
196 190
102 68
68 195
68 483
195 259
259 298
259 95
298 493
493 339
493 376
339 413
413 44
44 306
306 478
478 120
120 405
120 465
405 399
405 389
399 291
399 317
291 15
15 427
427 481
481 236
236 132
236 382
132 430
430 74
430 388
74 49
49 347
49 440
347 417
347 366
417 107
107 348
348 378
378 313
378 244
313 455
455 425
425 344
425 402
344 267
344 486
267 407
407 406
407 377
406 37
406 487
37 164
164 149
149 273
273 294
273 151
294 282
282 158
282 437
158 351
158 398
351 24
351 238
24 181
181 260
260 354
354 63
354 243
63 308
63 479
308 99
99 421
421 138
138 172
138 221
172 503
503 409
409 237
409 350
237 371
371 146
371 286
146 171
171 319
319 415
415 426
415 41
426 215
215 408
215 156
408 492
492 453
453 285
285 60
285 187
60 83
83 91
83 241
91 352
352 148
148 297
297 272
297 289
272 367
272 462
367 139
139 199
199 433
433 450
450 279
450 192
279 223
279 113
223 208
208 470
208 266
470 393
393 372
393 355
372 29
29 263
29 28
263 301
301 56
56 299
56 432
299 3
3 302
302 379
302 232
379 448
448 205
448 303
205 444
444 98
98 249
98 147
249 485
249 173
485 185
485 345
185 43
185 496
43 100
43 8
100 476
100 54
476 464
476 45
464 135
135 429
135 126
429 178
178 79
178 140
79 163
163 474
474 270
474 141
270 200
270 202
200 39
39 162
39 210
162 12
162 145
12 57
12 491
57 445
57 180
445 191
191 330
191 228
330 295
295 293
295 94
293 6
293 337
6 325
6 480
325 264
264 224
264 380
224 137
224 52
137 316
137 69
316 457
316 217
457 212
457 143
212 19
19 412
19 336
412 176
176 92
92 109
92 159
109 73
73 443
73 129
443 153
443 66
153 125
153 258
125 65
125 414
65 269
269 439
269 271
439 309
439 411
309 327
309 218
327 64
327 471
64 463
64 34
463 22
22 40
40 373
373 276
276 111
276 198
111 315
315 234
315 175
234 331
234 77
331 124
331 275
124 358
124 454
358 428
428 61
428 304
61 165
61 118
165 359
165 394
359 130
130 360
360 18
360 329
18 32
32 197
197 452
197 290
452 169
452 288
169 318
318 494
494 116
494 484
116 247
247 349
349 233
349 326
233 70
70 466
466 363
363 420
420 369
420 117
369 115
115 84
115 392
84 53
53 248
53 361
248 500
248 458
500 364
500 499
364 381
381 469
469 93
93 103
103 283
283 20
20 38
20 404
38 501
38 370
501 220
501 142
220 401
401 170
401 502
170 235
235 385
235 82
385 246
385 268
246 390
390 36
390 396
36 230
36 324
230 216
230 48
216 136
136 278
278 314
314 253
253 300
300 343
300 101
343 150
343 11
150 46
46 229
229 127
229 114
127 488
488 112
488 207
112 184
184 108
184 105
108 211
108 26
211 62
211 356
62 89
62 281
89 189
189 280
189 167
280 71
71 76
76 10
10 152
152 312
312 88
88 240
88 296
240 7
7 23
23 59
59 31
31 47
31 214
47 365
365 277
365 157
277 335
335 35
35 209
35 383
209 482
209 459
482 386
386 242
386 423
242 435
435 431
435 250
431 42
431 252
42 213
213 168
168 72
72 490
490 332
490 256
332 27
332 384
27 4
27 340
4 182
182 194
182 13
194 504
194 86
504 422
422 251
251 403
251 310
403 456
456 110
110 155
110 334
155 121
155 387
121 274
121 2
274 245
274 206
245 231
231 226
226 416
226 341
416 1
1 183
183 30
30 134
134 16
16 58
16 495
58 375
58 418
375 51
51 75
75 410
410 262
410 179
