3 941 777146
2 3
3 1
92 154
92 31
154 503
503 292
292 8
292 227
8 447
8 791
447 566
566 634
634 88
88 107
107 183
107 80
183 591
591 492
591 133
492 190
492 464
190 920
190 311
920 163
920 17
163 638
638 849
638 841
849 471
849 167
471 727
727 560
560 91
91 194
91 43
194 763
763 255
763 640
255 283
283 253
253 268
253 550
268 741
741 587
587 575
587 648
575 883
883 385
883 873
385 490
385 140
490 371
371 871
871 84
84 297
84 623
297 431
431 82
431 668
82 696
696 244
244 866
866 877
866 758
877 469
469 23
469 520
23 165
165 354
354 36
354 353
36 399
36 761
399 119
399 427
119 348
348 524
348 203
524 308
308 266
308 11
266 152
266 134
152 525
152 636
525 4
4 778
778 217
217 917
917 50
917 332
50 395
395 540
395 517
540 369
369 430
430 872
430 647
872 460
872 650
460 835
835 262
835 477
262 559
262 60
559 19
559 685
19 446
19 527
446 660
446 480
660 207
660 310
207 601
207 720
601 181
601 113
181 148
181 742
148 75
75 784
75 801
784 667
667 368
667 510
368 356
356 349
356 858
349 860
860 13
860 792
13 564
13 257
564 44
44 465
465 501
465 613
501 351
501 794
351 122
122 880
880 905
905 928
905 155
928 548
548 746
746 333
333 827
827 682
827 137
682 664
664 29
29 221
29 776
221 557
221 272
557 504
504 618
504 839
618 852
852 677
677 363
363 683
683 273
273 414
273 541
414 146
414 248
146 745
745 425
745 603
425 706
706 388
706 630
388 126
126 914
914 708
708 26
708 754
26 200
200 347
347 97
347 596
97 641
641 845
641 392
845 725
725 478
478 361
361 27
361 937
27 295
27 707
295 16
16 884
16 281
884 749
884 136
749 426
749 523
426 144
144 161
144 897
161 780
161 750
780 848
780 815
848 327
327 530
530 691
691 437
691 714
437 783
437 767
783 816
816 588
588 391
588 649
391 350
391 828
350 413
413 98
413 728
98 919
98 118
919 48
48 505
48 789
505 633
633 497
497 346
497 692
346 65
65 788
788 731
731 182
182 405
182 595
405 252
405 553
252 290
252 793
290 747
747 124
747 842
124 372
372 940
940 774
774 670
774 336
670 263
670 170
263 453
263 809
453 826
453 717
826 590
826 259
590 847
590 3
847 672
847 753
672 812
812 765
765 576
576 45
576 117
45 592
592 377
592 833
377 408
408 102
408 52
102 59
59 236
236 710
710 211
211 931
931 782
782 781
782 868
781 360
360 173
173 911
173 711
911 341
341 473
341 407
473 67
473 797
67 187
187 233
187 646
233 472
472 886
886 115
886 604
115 819
819 196
196 736
196 734
736 803
736 901
803 537
537 834
834 35
834 863
35 429
35 389
429 531
531 757
757 362
362 539
362 606
539 538
539 655
538 808
538 790
808 42
808 773
42 467
467 334
467 567
334 563
334 669
563 614
563 326
614 10
10 337
10 898
337 249
249 684
249 907
684 909
684 323
909 215
909 875
215 457
215 384
457 109
457 54
109 406
109 495
406 800
406 99
800 432
800 511
432 291
432 232
291 208
208 85
85 535
535 128
535 131
128 489
128 213
489 642
642 18
18 658
658 299
299 476
476 22
22 320
22 752
320 695
320 376
695 138
695 569
138 205
205 547
547 521
521 865
521 853
865 335
865 703
335 423
335 275
423 41
41 546
546 855
855 47
47 222
222 821
222 415
821 186
186 339
186 286
339 168
168 110
168 544
110 787
110 174
787 219
787 77
219 579
579 554
579 87
554 864
864 108
108 610
108 175
610 766
766 656
656 331
331 185
185 454
454 772
454 913
772 900
772 245
900 355
355 593
355 502
593 303
303 857
303 694
857 374
374 802
802 70
70 700
700 621
700 386
621 364
621 508
364 924
924 895
924 738
895 491
895 699
491 796
796 786
786 690
690 822
690 380
822 837
822 226
837 418
418 66
418 373
66 288
66 401
288 325
325 519
519 813
813 902
813 94
902 394
902 891
394 555
394 121
555 14
555 147
14 824
824 402
824 817
402 881
402 896
881 40
881 324
40 416
40 698
416 270
270 716
270 79
716 242
716 114
242 844
242 556
844 549
844 462
549 697
697 910
697 251
910 686
686 571
571 396
571 230
396 166
396 214
166 565
565 912
912 436
912 403
436 318
436 265
318 412
318 653
412 737
737 888
737 153
888 624
888 458
624 468
624 577
468 543
543 493
543 276
493 343
343 760
760 689
760 748
689 680
680 21
680 836
21 740
21 573
740 806
740 487
806 903
903 1
1 24
1 609
24 246
246 157
157 32
157 330
32 715
715 925
715 176
925 149
925 49
149 514
149 304
514 220
220 681
220 676
681 150
150 197
150 125
197 735
735 319
319 202
319 552
202 86
202 582
86 744
744 580
744 832
580 825
825 63
825 306
63 224
224 404
224 461
404 854
404 507
854 6
6 764
6 887
764 51
764 298
51 71
51 474
71 722
71 726
722 231
231 485
485 509
485 264
509 850
509 615
850 120
850 321
120 529
120 775
529 627
627 498
627 915
498 526
526 626
626 450
626 33
450 572
450 619
572 254
254 312
312 756
756 342
756 164
342 302
342 62
302 300
302 78
300 56
56 397
397 328
328 307
307 578
307 240
578 218
218 751
218 652
751 926
926 762
926 759
762 439
439 904
904 846
846 612
612 188
612 419
188 383
383 856
383 666
856 284
284 574
574 352
352 358
358 605
358 515
605 95
605 223
95 367
95 61
367 104
104 209
104 243
209 506
209 141
506 830
506 843
830 878
878 885
885 869
869 585
585 449
449 64
64 39
39 932
932 586
932 923
586 939
586 645
939 193
939 876
193 456
193 607
456 68
68 366
366 679
679 732
732 271
732 241
271 421
421 424
421 420
424 562
562 807
562 513
807 673
673 589
589 516
516 441
516 755
441 317
441 545
317 250
250 305
250 729
305 500
500 542
500 442
542 247
247 718
247 287
718 237
718 823
237 518
518 724
518 533
724 602
724 313
602 671
671 777
777 688
777 804
688 522
688 705
522 814
522 662
814 96
814 479
96 805
96 9
805 861
861 285
285 874
874 381
381 481
481 799
481 934
799 713
713 743
743 370
370 483
483 37
483 159
37 927
927 112
927 192
112 93
112 178
93 859
93 34
859 838
838 583
838 643
583 448
583 820
448 632
448 28
632 340
632 160
340 687
340 280
687 616
616 382
616 7
382 322
382 785
322 12
322 709
12 387
387 314
387 55
314 158
158 239
239 675
239 463
675 375
675 795
375 267
267 894
894 867
894 435
867 235
867 58
235 890
890 428
428 410
428 277
410 770
410 171
770 316
316 53
53 594
594 608
608 532
608 238
532 438
532 938
438 89
89 488
89 359
488 704
704 15
15 625
15 135
625 198
198 882
198 599
882 929
929 611
611 674
674 229
674 739
229 933
933 494
494 443
494 294
443 870
870 635
635 712
635 258
712 598
712 433
598 2
2 452
2 151
452 665
452 663
665 484
665 831
484 818
484 329
818 393
393 496
393 83
496 889
496 74
889 101
101 69
101 106
69 620
620 206
620 189
206 723
723 212
212 730
730 260
730 941
260 659
260 338
659 234
659 639
234 597
234 617
597 274
274 551
551 201
551 390
201 46
46 139
46 918
139 930
139 916
930 921
921 581
921 261
581 678
581 172
678 657
678 123
657 357
657 899
357 130
130 637
637 398
398 536
398 768
536 719
719 216
719 129
216 103
103 654
103 651
654 344
654 177
344 143
344 378
143 256
143 269
256 30
30 893
893 631
893 445
631 278
278 600
600 105
600 400
105 289
289 72
72 228
228 661
228 156
661 225
225 180
225 628
180 451
180 365
451 73
451 528
73 145
73 622
145 409
409 908
908 798
798 769
769 499
499 840
840 142
142 309
142 191
309 116
116 466
466 210
466 100
210 851
210 76
851 721
851 5
721 282
282 558
282 475
558 195
558 422
195 25
25 644
25 482
644 733
644 922
733 829
733 879
829 345
345 534
345 629
534 296
296 179
296 701
179 512
512 169
169 132
169 810
132 444
132 568
444 379
444 293
379 702
379 81
702 811
811 440
440 90
90 470
470 584
584 127
584 38
127 693
693 459
693 315
459 561
561 906
561 455
906 417
906 434
417 892
417 771
892 111
892 199
111 57
111 779
57 862
57 935
862 301
862 279
301 486
301 204
486 570
570 184
570 936
184 162
184 20
162 411
