3 2751 438240583
3 1
1 2
667 2001
2001 268
2001 826
268 1354
1354 706
706 1201
706 844
1201 2439
2439 1198
1198 637
1198 2685
637 1876
1876 2573
2573 239
2573 526
239 1519
239 2520
1519 1693
1519 1367
1693 1809
1809 2356
2356 717
2356 2719
717 2148
717 2184
2148 1632
2148 2466
1632 947
1632 2047
947 1199
1199 509
509 1910
509 1974
1910 1973
1973 827
827 2617
827 1920
2617 1832
2617 2260
1832 1736
1736 1256
1736 580
1256 2084
2084 142
2084 2599
142 1720
1720 1160
1160 2065
2065 1219
1219 2544
2544 2219
2219 1754
1754 1184
1184 2387
1184 43
2387 2152
2152 2154
2154 724
724 1371
724 1836
1371 2305
1371 2000
2305 338
2305 1475
338 593
593 2038
2038 1885
2038 904
1885 2355
1885 2316
2355 749
2355 1356
749 2123
2123 1396
2123 589
1396 1598
1396 2208
1598 1553
1553 79
79 923
79 2025
923 2183
2183 746
2183 2738
746 2540
2540 1594
2540 2090
1594 2170
1594 69
2170 846
846 2438
846 1399
2438 1405
2438 2207
1405 115
115 2029
115 968
2029 2163
2163 901
901 172
172 810
172 1165
810 599
810 2722
599 1821
599 692
1821 1414
1821 714
1414 691
1414 2245
691 417
417 829
829 1467
1467 62
62 2397
62 569
2397 2404
2397 2377
2404 1976
1976 2153
2153 1393
1393 1666
1666 2661
2661 2280
2280 502
2280 349
502 1279
1279 256
1279 1045
256 1689
1689 70
1689 2696
70 2715
70 2450
2715 322
322 148
322 1227
148 1397
148 2358
1397 2587
1397 752
2587 2042
2042 96
96 1955
96 2550
1955 1546
1955 2231
1546 1342
1342 1867
1342 1619
1867 76
1867 1119
76 2693
76 505
2693 1103
2693 2227
1103 124
124 432
124 1016
432 2302
2302 2556
2302 1369
2556 1709
2556 2405
1709 2555
2555 531
531 1221
1221 2202
2202 1512
1512 1002
1002 1292
1002 399
1292 632
632 617
632 1335
617 1478
1478 2400
1478 335
2400 830
2400 2728
830 861
861 46
46 1742
1742 938
1742 508
938 2518
938 2653
2518 2284
2284 1679
1679 1246
1679 925
1246 537
537 1139
537 1471
1139 2589
2589 1880
2589 1254
1880 2119
2119 1965
1965 2195
2195 2658
2195 1944
2658 1587
2658 539
1587 514
1587 2469
514 974
514 1161
974 2629
2629 1705
1705 536
1705 564
536 1835
536 1146
1835 4
4 17
17 670
670 1648
1648 2249
2249 488
2249 38
488 2138
2138 1440
2138 2403
1440 1792
1440 404
1792 1558
1558 1457
1558 2431
1457 995
995 1563
1563 1688
1688 1172
1172 2493
2493 1507
1507 1287
1287 701
701 972
701 283
972 870
870 1401
870 1232
1401 1771
1401 2006
1771 1657
1771 2665
1657 16
16 604
16 1385
604 1302
604 2711
1302 1
1 744
744 2513
744 1209
2513 2698
2513 375
2698 1206
1206 1072
1206 542
1072 2365
2365 538
2365 2434
538 1646
538 1214
1646 1317
1317 2622
1317 1053
2622 1845
1845 598
1845 840
598 299
598 2602
299 994
299 2073
994 1505
994 2057
1505 2454
2454 2298
2454 478
2298 2283
2283 913
913 152
913 337
152 2032
152 2252
2032 769
769 1831
769 494
1831 1413
1413 2241
2241 1613
2241 29
1613 777
1613 1269
777 2694
2694 675
2694 907
675 1745
675 2326
1745 2619
1745 1864
2619 1878
1878 899
1878 605
899 940
940 1833
940 51
1833 1528
1528 1804
1804 1211
1804 1170
1211 2257
1211 2502
2257 287
287 2174
2174 443
2174 866
443 413
413 2690
413 1290
2690 1557
1557 204
1557 1708
204 1223
204 1306
1223 874
874 678
678 1988
678 1682
1988 2462
1988 1732
2462 88
2462 1704
88 1326
1326 2367
1326 876
2367 2654
2367 1798
2654 218
2654 515
218 644
218 754
644 2646
2646 286
286 2592
286 5
2592 1624
2592 2610
1624 1409
1624 2277
1409 1779
1779 1532
1532 2630
1532 393
2630 1423
1423 1909
1423 171
1909 2295
2295 1291
1291 1889
1889 864
864 680
864 603
680 295
295 2388
2388 52
52 2673
52 2107
2673 2338
2338 2689
2338 532
2689 1818
1818 372
372 81
81 1489
1489 697
697 1822
697 831
1822 2157
2157 857
2157 1813
857 2515
857 2498
2515 2162
2515 2489
2162 2334
2334 1949
1949 1537
1949 1319
1537 1698
1698 1969
1969 2393
1969 128
2393 1620
2393 1323
1620 2509
1620 32
2509 1257
1257 2577
1257 1633
2577 35
35 2151
35 613
2151 2737
2737 760
2737 2440
760 2062
760 2086
2062 1234
1234 1138
1138 279
279 137
279 1336
137 1266
137 2505
1266 1658
1658 1332
1332 2692
2692 471
2692 145
471 220
471 1039
220 2254
220 2359
2254 2055
2254 356
2055 924
2055 403
924 1151
924 1906
1151 164
1151 2339
164 1730
164 1468
1730 2064
2064 884
2064 1731
884 1308
884 2370
1308 2087
1308 2451
2087 595
2087 263
595 2660
595 2578
2660 819
819 149
149 2211
2211 209
209 2676
209 2499
2676 334
334 1284
1284 1143
1284 751
1143 359
359 614
614 2327
2327 1387
2327 688
1387 2243
1387 77
2243 1110
1110 2655
2655 245
2655 2354
245 1431
245 1595
1431 1166
1166 2741
1166 2256
2741 1111
2741 2113
1111 1451
1451 2398
2398 2289
2398 1853
2289 1019
1019 2224
1019 700
2224 1637
1637 2402
2402 119
2402 109
119 2516
2516 1015
1015 963
1015 1766
963 991
963 668
991 1422
1422 2022
2022 998
2022 11
998 2250
998 790
2250 274
2250 748
274 1261
1261 24
24 2418
2418 1435
2418 2200
1435 1669
1435 2641
1669 1101
1101 1320
1101 1148
1320 1487
1487 2145
1487 1755
2145 277
277 2129
2129 1939
1939 1823
1823 977
1823 2115
977 868
977 1014
868 2396
868 2255
2396 1106
2396 1411
1106 2052
1106 371
2052 297
2052 107
297 2369
2369 565
565 787
787 891
787 893
891 1751
1751 2417
1751 1901
2417 304
2417 1104
304 612
612 106
106 1854
1854 1462
1462 2074
2074 2733
2733 1181
1181 202
1181 2742
202 2147
2147 2218
2218 2669
2669 321
321 1011
321 2312
1011 326
326 1449
326 129
1449 487
1449 2671
487 629
487 2378
629 2056
2056 1871
1871 2730
1871 319
2730 1609
2730 2708
1609 1702
1609 1852
1702 2317
2317 1516
1516 400
1516 1641
400 2491
2491 1216
2491 166
1216 1655
1655 1443
1655 1046
1443 1272
1443 2517
1272 1996
1272 340
1996 303
303 986
986 1497
986 1858
1497 643
643 2420
2420 1114
1114 1242
1242 1529
1529 660
1529 2522
660 2341
660 530
2341 2362
2341 1952
2362 291
291 2699
2699 435
435 2060
435 1625
2060 1144
2060 984
1144 2351
1144 1820
2351 616
2351 2471
616 814
616 386
814 1721
1721 2044
2044 2020
2044 1549
2020 2563
2020 2311
2563 1638
1638 2484
1638 2177
2484 1226
2484 1420
1226 849
1226 301
849 1902
849 1697
1902 201
1902 459
201 1304
201 2198
1304 1288
1304 1062
1288 469
469 1808
1808 1984
1808 365
1984 2736
2736 1585
1585 955
955 1664
1664 1989
1664 1035
1989 1142
1142 360
1142 719
360 2508
360 585
2508 1881
1881 982
1881 2300
982 590
982 1601
590 1863
590 970
1863 1324
1324 937
937 1672
937 1404
1672 1912
1672 1958
1912 1517
1517 368
1517 721
368 254
254 2640
2640 1846
2640 686
1846 684
684 1861
1861 2335
1861 771
2335 1395
2335 1556
1395 1078
1078 2346
2346 674
674 568
568 2011
2011 2189
2011 2748
2189 442
2189 1417
442 1300
1300 1141
1141 94
94 2743
2743 2039
2039 352
2039 2575
352 310
310 132
132 1208
132 1525
1208 808
808 1870
808 1904
1870 1341
1870 1490
1341 2130
1341 1436
2130 877
2130 653
877 622
877 385
622 1917
1917 1140
1917 47
1140 1817
1140 971
1817 525
525 2597
525 98
2597 83
83 1294
1294 610
610 2329
610 19
2329 529
529 1438
529 1630
1438 894
1438 1392
894 880
880 2529
880 28
2529 193
193 1315
1315 2049
1315 1857
2049 127
127 1412
1412 2102
2102 2497
2102 1001
2497 1391
1391 2662
1391 2322
2662 2702
2662 1566
2702 1388
1388 2288
2288 1531
1531 3
3 257
3 2099
257 2191
2191 1024
2191 1213
1024 1450
1450 1687
1687 2546
2546 34
2546 499
34 238
238 1175
1175 2688
1175 655
2688 2318
2688 1838
2318 1439
2318 1372
1439 1243
1439 980
1243 1997
1243 828
1997 1521
1521 2603
1521 2649
2603 330
2603 1433
330 941
941 1482
941 1899
1482 878
1482 394
878 2591
878 1680
2591 1382
2591 1168
1382 1094
1094 2663
1094 1794
2663 1811
2663 31
1811 1271
1271 2235
2235 175
175 740
740 1526
1526 2467
1526 992
2467 2406
2406 848
2406 2199
848 454
848 1376
454 2059
454 1653
2059 1210
1210 2075
1210 113
2075 582
2075 2447
582 2023
582 2541
2023 1716
2023 2675
1716 176
176 689
176 2239
689 2723
2723 1712
1712 1495
1712 2453
1495 1662
1662 80
1662 1444
80 486
486 1365
486 2495
1365 346
1365 794
346 358
358 1834
358 72
1834 619
619 1805
619 347
1805 1981
1805 960
1981 2111
1981 2217
2111 136
2111 1727
136 2344
2344 1935
2344 1769
1935 265
1935 1427
265 1068
265 636
1068 753
1068 2667
753 1784
1784 194
1784 1250
194 2740
194 2444
2740 2615
2615 1327
2615 1738
1327 1500
1500 609
1500 1360
609 163
163 2581
2581 1750
2581 873
1750 2523
1750 2542
2523 232
232 1190
1190 1678
1678 895
1678 2419
895 1777
895 615
1777 658
658 720
658 1476
720 1733
1733 1825
1825 44
1825 1329
44 1589
1589 2492
2492 627
2492 2017
627 273
627 1862
273 1663
273 2275
1663 376
1663 656
376 1049
376 818
1049 2310
2310 1986
2310 1118
1986 1764
1986 2633
1764 1555
1555 731
731 182
182 757
757 2476
757 2718
2476 2036
2036 316
2036 2750
316 2072
316 2595
2072 649
2072 425
649 2342
649 2092
2342 1400
2342 523
1400 1086
1400 1536
1086 2628
2628 1374
1374 2103
1374 2175
2103 774
774 2714
2714 332
332 1786
332 2279
1786 647
647 2137
647 862
2137 1667
1667 1623
1623 1129
1623 223
1129 965
1129 2348
965 2401
965 1027
2401 2185
2185 1514
1514 1194
1514 2678
1194 1047
1047 1879
1047 576
1879 2004
2004 2747
2004 2371
2747 1780
1780 1466
1466 1707
1466 1107
1707 2285
2285 1975
1975 2446
2446 211
211 1460
1460 2196
1460 363
2196 2368
2196 74
2368 772
772 1722
772 2203
1722 920
1722 1934
920 879
879 1347
879 1659
1347 141
141 1690
141 1265
1690 594
1690 821
594 447
447 30
30 468
30 458
468 2233
468 2437
2233 503
503 1967
1967 1426
1426 669
669 249
669 2670
249 579
249 177
579 181
181 1607
1607 1064
1607 7
1064 1590
1590 2244
1590 438
2244 1994
2244 2727
1994 758
758 2584
758 1894
2584 1052
2584 2635
1052 887
1052 1545
887 964
887 2014
964 102
964 881
102 1070
102 2216
1070 1661
1070 1816
1661 300
300 695
695 1699
1699 2240
2240 187
187 2695
2695 2205
2205 600
600 694
600 896
694 440
440 1428
440 2258
1428 2560
1428 2504
2560 618
2560 100
618 439
439 2118
2118 2197
2118 1783
2197 2487
2487 2551
2487 630
2551 2426
2426 2016
2426 2488
2016 1651
2016 178
1651 792
792 498
792 1364
498 1425
498 2616
1425 379
1425 1806
379 276
379 2642
276 2423
2423 407
2423 2399
407 40
40 2294
2294 1948
2294 1096
1948 1224
1948 2389
1224 2632
2632 1275
1275 2286
2286 949
2286 581
949 159
949 1430
159 275
159 1635
275 2054
2054 1610
2054 2292
1610 902
902 999
999 2101
2101 60
2101 2477
60 892
60 2536
892 1130
892 2626
1130 2583
1130 2262
2583 1029
1029 2143
2143 236
236 842
842 762
842 255
762 2691
2691 259
259 1649
1649 1314
1649 634
1314 373
373 1611
1611 292
292 2013
2013 491
2013 420
491 883
883 229
883 1316
229 1921
1921 1501
1501 2496
1501 2382
2496 1729
2496 493
1729 2672
2672 1897
2672 196
1897 1048
1897 710
1048 1928
1928 2319
1928 2164
2319 108
2319 733
108 1063
108 1564
1063 2076
1063 14
2076 2263
2076 1508
2263 1650
2263 2210
1650 1951
1951 981
1951 1510
981 1137
1137 2566
2566 26
26 959
26 1458
959 42
42 2051
42 2679
2051 835
2051 2314
835 2225
835 64
2225 562
2225 1083
562 1099
562 1125
1099 1815
1815 2315
1815 1827
2315 1398
2315 383
1398 1758
1758 578
1758 681
578 1844
1844 1924
1924 262
1924 2337
262 2364
262 1477
2364 665
665 2510
665 2287
2510 911
2510 1681
911 2461
2461 1797
1797 2729
1797 2360
2729 1289
2729 596
1289 711
711 198
711 2265
198 1337
1337 1725
1337 228
1725 969
1725 1154
969 2486
969 1483
2486 2394
2486 162
2394 2015
2394 2525
2015 2379
2379 9
2379 13
9 1155
1155 1135
1155 354
1135 36
36 285
36 252
285 138
285 611
138 2306
2306 1149
2306 1464
1149 2412
1149 1167
2412 2687
2687 1297
2687 213
1297 1218
1297 2456
1218 1550
1218 2019
1550 392
1550 272
392 2127
392 2272
2127 1307
2127 1237
1307 2106
2106 1977
2106 967
1977 795
1977 1059
795 2104
795 976
2104 1408
1408 2361
2361 436
436 2507
2507 2267
2507 2415
2267 1136
2267 1065
1136 817
817 1542
817 551
1542 212
212 2040
2040 1506
1506 456
1506 1116
456 2548
2548 1169
1169 2085
2085 936
936 712
712 1041
1041 2721
1041 1814
2721 2375
2721 809
2375 2141
2141 900
2141 832
900 437
900 867
437 2407
437 1357
2407 1077
1077 2554
2554 2264
2554 1474
2264 1152
1152 1301
1152 1056
1301 2290
1301 1453
2290 1251
2290 6
1251 1418
1251 872
1418 2201
1418 1348
2201 1963
2201 1840
1963 1554
1554 646
1554 1717
646 908
908 841
908 496
841 545
545 290
545 1950
290 123
290 1241
123 1685
1685 2168
1685 2519
2168 48
48 91
48 214
91 1843
1843 1034
1034 1334
1334 693
693 2309
2309 1076
2309 325
1076 890
1076 1851
890 766
890 1561
766 1461
1461 2664
1461 2248
2664 1608
2664 2686
1608 1442
1442 1571
1442 1714
1571 1739
1739 1947
1947 165
1947 1859
165 1762
165 1987
1762 116
116 210
210 1723
1723 2528
1723 168
2528 1262
2528 553
1262 1644
1644 1121
1644 1286
1121 2345
2345 929
2345 730
929 504
504 639
639 1366
639 638
1366 2237
2237 939
939 2582
2582 1071
1071 1132
1132 2716
2716 2068
2068 2668
2068 139
2668 405
405 2190
405 921
2190 1724
2190 2373
1724 1050
1724 2726
1050 1875
1050 1346
1875 2457
2457 1961
2457 620
1961 958
1961 1767
958 308
958 2281
308 1067
308 2604
1067 2021
2021 103
2021 67
103 673
673 1819
1819 2558
1819 2046
2558 833
2558 2027
833 2313
2313 2271
2313 1830
2271 738
2271 2392
738 2637
738 1642
2637 2232
2637 336
2232 497
2232 1171
497 2091
2091 2443
2443 1583
2443 2537
1583 1665
1665 428
1665 1622
428 1903
428 1095
1903 39
1903 1908
39 2545
39 765
2545 512
512 663
512 481
663 2481
663 1333
2481 1252
1252 2732
1252 1349
2732 1006
2732 1245
1006 2053
2053 1313
1313 331
1313 2391
331 2500
331 15
2500 657
2500 12
657 1087
1087 242
1087 2478
242 1384
1384 1193
1384 2562
1193 130
130 2266
130 1760
2266 1807
1807 2331
1807 1017
2331 801
801 1263
801 86
1263 480
480 2303
2303 1379
1379 729
1379 2586
729 869
729 1796
869 92
869 258
92 1636
92 1660
1636 1084
1084 1941
1941 2116
1941 2066
2116 2204
2204 2098
2204 1719
2098 1718
2098 1429
1718 50
50 1907
1907 2176
2176 426
426 804
804 2291
2291 690
2291 2623
690 2705
690 561
2705 1009
1009 2307
2307 2124
2124 1643
1643 490
490 2182
490 1133
2182 1567
2182 2422
1567 68
1567 1887
68 812
812 1696
812 1259
1696 27
1696 492
27 856
27 33
856 216
856 548
216 2751
2751 1410
1410 943
1410 2192
943 933
943 2701
933 739
739 997
997 2158
997 1463
2158 2385
2158 756
2385 1677
2385 391
1677 592
592 1772
1772 1795
1772 195
1795 918
918 1812
918 1793
1812 1134
1134 2214
1134 957
2214 871
871 2081
871 2134
2081 2194
2194 1000
1000 470
470 1075
1075 845
845 1856
845 293
1856 1584
1584 2645
2645 1847
2645 2325
1847 1533
1533 1377
1533 237
1377 1249
1249 1588
1249 2018
1588 1911
1588 174
1911 713
1911 2596
713 1310
1310 289
1310 315
289 179
289 1407
179 1032
179 1276
1032 1204
1204 524
524 1671
524 161
1671 1258
1258 489
489 1774
489 2274
1774 125
1774 1617
125 1691
1691 799
1691 2293
799 2395
2395 49
2395 2166
49 533
49 1005
533 2236
2236 664
664 2165
664 544
2165 199
2165 1770
199 1504
199 1547
1504 1573
1573 2734
2734 1913
1913 200
200 1785
1785 824
1785 2179
824 543
543 1303
1303 2071
1303 1686
2071 253
253 65
253 430
65 1191
1191 307
1191 2363
307 875
875 2105
875 919
2105 1163
2105 451
1163 412
412 2343
2343 2268
2343 1033
2268 704
704 206
704 2282
206 737
737 2605
737 56
2605 2299
2605 341
2299 520
520 2620
520 1865
2620 1363
2620 1089
1363 2088
2088 577
577 2459
577 1775
2459 1582
1582 448
1582 1849
448 298
448 1338
298 1066
1066 1943
1943 1085
1085 1344
1344 2353
1344 1042
2353 1580
1580 170
170 1801
1801 859
1801 278
859 570
570 474
474 1416
1416 1888
1888 99
1888 559
99 676
676 415
415 2133
2133 764
764 317
317 2473
2473 1915
2473 173
1915 1159
1915 1187
1159 2024
1159 791
2024 1513
1513 2229
2229 930
930 853
853 1581
1581 1022
1022 2155
2155 1055
2155 785
1055 540
1055 816
540 591
591 2390
2390 560
560 788
788 2366
2366 888
888 847
888 1255
847 2683
2683 885
885 2206
885 905
2206 1898
2206 722
1898 915
1898 2680
915 1043
915 1639
1043 2559
2559 2308
2308 1120
1120 1781
1781 602
602 2713
602 126
2713 1695
2713 1441
1695 2612
2612 917
917 854
917 2625
854 429
854 1756
429 1437
1437 2212
1437 20
2212 406
406 2463
2463 2144
2463 224
2144 2126
2126 916
2126 479
916 951
916 2261
951 351
351 1296
1296 2089
2089 2435
2089 1882
2435 2436
2436 1479
2436 2125
1479 1734
1734 1102
1734 424
1102 1499
1102 1765
1499 2347
1499 1054
2347 1565
2347 889
1565 948
1565 1057
948 2657
2657 55
2657 2078
55 2501
55 1673
2501 1868
1868 111
1868 2464
111 231
111 552
231 1740
231 1117
1740 781
781 1330
1330 1569
1330 2374
1569 2221
1569 190
2221 910
2221 2238
910 2234
910 633
2234 208
2234 1592
208 922
922 2034
922 953
2034 267
2034 1992
267 797
267 2564
797 1576
797 1378
1576 1802
1802 1491
1802 2511
1491 1538
1538 1355
1538 558
1355 1079
1079 2421
1079 2557
2421 311
311 983
983 2340
2340 1182
1182 1692
1692 246
1692 761
246 1100
246 1713
1100 1465
1100 2590
1465 2606
1465 1081
2606 1602
2606 1829
1602 1020
1602 2472
1020 2002
1020 2223
2002 1893
2002 248
1893 2571
2571 702
2571 1502
702 1748
1748 2041
1748 1205
2041 1953
1953 1472
1472 59
1472 1247
59 2083
59 705
2083 1520
1520 418
418 2007
2007 628
2007 1448
628 1773
628 2376
1773 1352
1773 1810
1352 2120
2120 2045
2120 1596
2045 1217
2045 1605
1217 2479
1217 708
2479 1891
1891 192
1891 1574
192 1492
192 659
1492 2079
1492 2565
2079 755
2079 1694
755 95
95 698
698 2677
2677 1683
1683 73
1683 2470
73 1982
73 1900
1982 1358
1982 1916
1358 1957
1358 2524
1957 264
264 2273
2273 825
825 786
825 1145
786 2270
786 1509
2270 53
53 1866
53 1274
1866 1424
1866 333
1424 362
1424 2416
362 280
362 1828
280 1656
1656 1322
1656 381
1322 343
343 1616
1616 2627
1616 408
2627 1454
2627 783
1454 66
66 1560
66 736
1560 2724
1560 344
2724 112
112 1293
1293 1060
1060 120
120 1147
120 1726
1147 837
837 281
837 741
281 207
207 419
419 2543
2543 2576
2543 215
2576 1597
2576 2242
1597 169
169 1406
169 329
1406 2448
2448 467
2448 2650
467 1350
467 2656
1350 328
328 2709
2709 2526
2709 1759
2526 1999
1999 312
1999 1960
312 160
312 2209
160 1541
160 989
1541 672
672 1543
672 1753
1543 157
1543 2428
157 85
157 1706
85 1484
85 2427
1484 718
718 305
305 1248
1248 1197
1197 1570
1197 2301
1570 2171
1570 1231
2171 2048
2048 2187
2187 1176
1176 906
906 1445
906 134
1445 2246
1445 461
2246 1503
1503 522
1503 1036
522 2269
522 779
2269 1018
1018 2121
1018 2735
2121 677
677 2128
677 2122
2128 288
2128 2712
288 271
288 1452
271 2323
271 850
2323 180
180 203
203 909
203 1220
909 2474
2474 118
118 2178
2178 2082
2178 2608
2082 1153
1153 1842
1153 2613
1842 2720
1842 75
2720 146
2720 185
146 1850
1850 339
1850 1177
339 1343
339 1874
1343 2386
1343 546
2386 2383
2386 858
2383 1375
1375 41
1375 2506
41 839
41 382
839 2332
2332 473
2332 2230
473 860
473 2096
860 1933
860 1925
1933 1715
1715 768
768 1470
768 1093
1470 500
1470 1008
500 2706
500 191
2706 2050
2050 1200
2050 240
1200 1481
1481 903
903 444
444 2532
2532 465
465 2455
2455 1631
1631 2136
2136 942
2136 566
942 2552
942 2381
2552 563
2552 2512
563 583
583 2749
583 250
2749 2251
2749 2534
2251 742
2251 806
742 1942
742 699
1942 2043
2043 1551
2043 1710
1551 398
1551 1752
398 1959
398 2413
1959 1253
1959 464
1253 1972
1253 1212
1972 71
1972 2643
71 1097
71 1174
1097 105
1097 434
105 140
105 2601
140 735
140 1640
735 23
735 798
23 1383
1383 37
37 1572
1572 244
1572 2538
244 2639
2639 2580
2639 1524
2580 1127
1127 1281
1127 2140
1281 1711
1711 485
485 1339
1339 2614
2614 205
2614 1956
205 2167
205 851
2167 2547
2547 2644
2644 2132
2644 2731
2132 775
2132 355
775 973
775 2568
973 1626
1626 1434
1434 101
1434 1031
101 1473
101 1743
1473 401
401 2707
2707 745
2707 1195
745 2424
2424 2521
2424 1890
2521 247
247 1668
247 1105
1668 1990
1668 2717
1990 1778
1990 1995
1778 2008
1778 1606
2008 993
2008 2618
993 1188
993 723
1188 1179
1179 687
1179 306
687 2033
2033 2349
2349 1749
2349 2384
1749 1593
1593 1946
1946 935
935 662
935 2458
662 1150
662 2611
1150 2003
2003 1432
2003 378
1432 683
1432 1922
683 1098
683 985
1098 1446
1446 402
402 1058
402 414
1058 1647
1647 1112
1112 1037
1112 843
1037 671
671 1115
1115 2659
1115 750
2659 1896
2659 364
1896 1991
1991 342
1991 624
342 961
961 642
961 1061
642 2030
2030 898
2030 1518
898 1131
898 1331
1131 946
1131 1069
946 506
506 1737
1737 2429
1737 1869
2429 1782
1782 2220
1782 2193
2220 450
2220 1202
450 796
796 1700
796 897
1700 1747
1747 243
243 183
243 484
183 410
183 2142
410 703
703 1494
1494 1126
1494 2682
1126 1373
1373 2336
2336 222
222 1627
222 1824
1627 2594
1627 294
2594 483
483 2161
2161 1552
2161 1092
1552 944
1552 1370
944 2131
944 1741
2131 1966
1966 82
1966 641
82 607
82 58
607 84
84 217
217 1088
217 979
1088 2112
1088 1386
2112 133
2112 1486
133 1419
133 270
1419 2100
2100 1540
2100 1993
1540 2333
2333 912
2333 534
912 1763
1763 117
117 813
813 1544
1544 601
1544 1768
601 2432
601 2475
2432 1074
2432 1368
1074 1670
1670 2468
2468 2572
2468 2028
2572 2430
2430 460
460 233
460 2077
233 1004
1004 1776
1776 1298
1298 1527
1298 2609
1527 1945
1527 1873
1945 445
445 815
815 361
361 2247
361 1746
2247 1240
1240 728
728 433
728 2222
433 1311
433 1800
1311 805
1311 78
805 510
510 1080
510 1192
1080 1225
1080 2108
1225 635
1225 2452
635 1612
635 1839
1612 747
1612 2135
747 954
954 1268
954 715
1268 1931
1931 2031
2031 1456
2031 1591
1456 2357
2357 302
302 1305
302 54
1305 2253
2253 1674
2253 550
1674 2
1674 2490
2 1162
2 1923
1162 431
1162 1359
431 348
431 727
348 1381
1381 1403
1403 1361
1361 716
716 784
716 1012
784 1523
784 793
1523 1447
1447 541
541 2215
2215 1299
1299 1837
1299 1156
1837 1228
1228 389
1228 2186
389 2530
2530 1215
2530 1003
1215 1703
1703 820
1703 945
820 1522
1522 1652
1652 2442
2442 519
2442 1744
519 1389
1389 554
554 956
554 2411
956 1918
1918 2352
1918 416
2352 1312
1312 932
932 1328
932 1645
1328 1013
1328 1469
1013 927
1013 230
927 2278
927 1841
2278 573
2278 625
573 1189
1189 1229
1189 597
1229 978
1229 1496
978 2180
2180 2321
2180 606
2321 387
387 1539
387 353
1539 1402
1539 2460
1402 1157
1157 535
535 803
803 1787
1787 1026
1787 696
1026 2026
2026 780
2026 1790
780 2585
2585 2700
2700 1028
1028 377
1028 567
377 928
928 93
93 556
93 2579
556 1278
1278 446
446 507
507 934
934 1621
934 21
1621 770
770 1548
770 707
1548 759
759 1380
1380 1113
1380 2539
1113 823
1113 2652
823 1629
823 2647
1629 800
1629 260
800 2297
2297 1791
1791 2535
2535 1954
2535 1498
1954 2005
1954 423
2005 685
2005 2410
685 1534
1534 2433
2433 89
89 1761
1761 188
1761 584
188 380
380 2465
2465 2703
2703 1321
2703 1340
1321 527
527 1030
1030 449
1030 2296
449 2172
449 384
2172 1122
2172 2533
1122 314
314 2746
2746 1128
2746 475
1128 2425
2425 882
2425 282
882 521
521 1270
1270 1493
1493 1855
1855 396
396 2097
2097 1007
1007 1877
1007 626
1877 2324
1877 1932
2324 2061
2324 1025
2061 1530
2061 763
1530 652
1530 63
652 807
807 1173
807 865
1173 1044
1044 1203
1203 2441
1203 648
2441 1577
1577 143
1577 1090
143 621
621 87
621 374
87 2549
2549 104
2549 996
104 855
104 1578
855 2035
2035 666
666 1884
666 778
1884 2037
1884 357
2037 2561
2561 155
155 1394
1394 501
1394 1579
501 1415
1415 318
1415 914
318 186
186 1038
186 1353
1038 2607
1038 1937
2607 789
789 1803
1803 1485
1485 457
457 2080
457 1826
2080 1073
1073 466
1073 2704
466 571
466 2494
571 2093
571 2503
2093 654
654 2146
654 518
2146 1614
1614 2156
1614 2149
2156 2304
2304 1675
2304 1757
1675 366
366 369
369 61
369 1872
61 1267
61 1983
1267 834
834 1895
1895 2169
2169 682
2169 1021
682 2739
682 2449
2739 2095
2095 2631
2095 2188
2631 623
2631 1848
623 575
575 1615
575 221
1615 516
1615 57
516 767
516 22
767 1158
767 10
1158 235
1158 1998
235 1936
1936 2408
2408 261
2408 422
261 1511
261 234
1511 608
608 2109
2109 1183
2109 2350
1183 1295
1295 482
482 1535
1535 1109
1535 1985
1109 1968
1968 863
1968 2067
863 2094
2094 1222
1222 852
852 1164
1164 2117
2117 1676
2117 1701
1676 1728
1728 1978
1978 1345
1978 1929
1345 1480
1480 1421
1480 225
1421 1604
1604 1244
1604 8
1244 2514
2514 1979
2514 1390
1979 1185
1185 773
773 1351
1351 1207
1351 1600
1207 2745
2745 1930
1930 1233
1233 988
988 463
988 184
463 2173
463 2159
2173 1178
1178 266
266 251
266 2744
251 1277
1277 421
1277 45
421 367
367 2409
367 2330
2409 2070
2070 1285
1285 2638
1285 2697
2638 1905
2638 547
1905 2570
1905 2063
2570 2058
2570 2213
2058 1180
2058 189
1180 1282
1180 1559
1282 158
1282 350
158 2482
158 1962
2482 640
2482 1980
640 2483
2483 397
2483 1860
397 2160
2160 1280
1280 2710
2710 2012
2710 2725
2012 987
987 822
822 2574
2574 150
2574 1575
150 313
313 1964
1964 2666
1964 1971
2666 114
114 2684
114 427
2684 147
2684 219
147 528
147 320
528 2485
528 650
2485 1283
2485 131
1283 1603
1283 2139
1603 2009
2009 2110
2009 1799
2110 734
2110 1970
734 1235
734 472
1235 197
197 2010
197 1926
2010 2531
2010 990
2531 323
2531 1914
323 2634
323 950
2634 1051
2634 411
1051 2588
2588 409
409 782
409 1362
782 227
782 975
227 1273
227 144
1273 462
462 1883
462 2414
1883 476
476 2114
476 1789
2114 296
296 2621
296 2593
2621 1091
2621 1919
1091 370
1091 588
370 743
370 2569
743 1230
743 1586
1230 631
631 1186
631 1023
1186 1634
1186 284
1634 511
1634 1040
511 1938
511 2259
1938 555
1938 709
555 1196
555 1515
1196 1236
1196 477
1236 2480
1236 1124
2480 651
651 2069
651 931
2069 18
2069 90
18 2380
2380 1108
1108 645
1108 2624
645 110
110 1628
1628 2553
2553 802
802 395
395 1010
395 1788
1010 1325
1010 1599
1325 153
1325 156
153 2567
153 2320
2567 962
2567 226
962 732
962 388
732 966
966 726
966 886
726 2651
2651 2527
2527 513
513 1562
1562 2648
2648 1892
2648 836
1892 453
1892 1309
453 441
441 151
151 324
151 725
324 1488
1488 1684
1488 838
1684 1886
1886 1568
1568 25
1568 1940
25 241
25 2598
241 1239
241 549
1239 345
1239 679
345 926
926 167
926 327
167 1318
167 811
1318 586
1318 1238
586 2181
586 2636
2181 2228
2228 1735
1735 121
1735 2681
121 2445
121 661
2445 135
2445 269
135 309
135 952
309 2226
309 1927
2226 2372
2226 390
2372 2328
2372 1082
2328 557
557 154
154 2276
2276 495
2276 1459
495 1618
1618 2674
2674 97
2674 1260
97 1455
97 572
1455 574
1455 2150
574 2600
2600 1123
2600 776
1123 452
1123 1654
452 455
452 587
455 122
455 517
122 1264
