9 893 30197
6 8
8 4
8 2
4 9
4 5
9 1
1 7
7 3
364 97
364 339
97 390
390 854
854 295
854 40
295 163
163 769
769 15
769 14
15 513
513 226
226 389
389 325
389 873
325 889
889 766
889 211
766 620
766 69
620 34
34 4
4 886
4 588
886 823
823 669
669 795
669 39
795 794
794 423
423 278
278 541
541 241
241 144
241 395
144 882
882 550
550 745
745 883
883 292
883 190
292 36
36 305
305 727
305 184
727 798
798 556
798 552
556 543
543 309
543 793
309 334
334 852
334 227
852 30
852 118
30 298
298 357
357 537
537 272
537 741
272 472
272 75
472 46
46 791
46 494
791 757
757 45
757 681
45 233
45 847
233 102
102 361
361 380
380 20
380 296
20 135
20 891
135 411
135 505
411 573
573 353
353 772
353 356
772 628
772 214
628 482
482 713
482 478
713 234
713 690
234 154
154 799
154 24
799 133
799 483
133 281
281 385
385 251
385 648
251 146
146 617
146 876
617 504
504 818
504 506
818 509
509 612
612 71
612 630
71 386
71 410
386 884
884 130
130 431
130 694
431 684
684 697
697 861
697 397
861 406
861 326
406 585
406 471
585 631
631 404
404 249
404 838
249 591
591 56
591 489
56 764
764 689
764 352
689 688
689 695
688 124
688 358
124 375
375 138
138 225
138 172
225 497
497 817
497 836
817 665
817 274
665 584
665 297
584 52
584 235
52 58
52 282
58 756
58 627
756 605
756 114
605 142
605 342
142 660
142 96
660 859
859 866
866 454
866 101
454 284
454 534
284 812
284 699
812 394
812 242
394 850
850 382
850 311
382 638
638 521
521 161
521 81
161 120
120 746
120 890
746 303
303 160
303 542
160 474
474 805
474 547
805 682
682 470
470 78
78 788
788 833
788 392
833 779
833 675
779 572
572 822
572 484
822 378
822 722
378 784
378 871
784 569
784 592
569 563
563 145
145 387
387 570
387 619
570 514
514 877
514 363
877 260
260 50
50 7
50 717
7 44
44 535
44 199
535 481
535 8
481 200
481 250
200 776
776 574
776 531
574 486
486 100
486 204
100 3
100 89
3 321
321 283
321 290
283 191
283 698
191 126
191 599
126 558
126 177
558 532
558 455
532 858
532 219
858 246
858 633
246 104
104 261
261 561
261 696
561 140
561 279
140 280
280 800
800 218
800 759
218 38
38 167
38 328
167 832
832 174
174 370
174 546
370 821
821 383
383 502
383 253
502 601
502 844
601 609
601 110
609 661
661 443
661 366
443 724
724 407
407 121
121 345
345 878
345 215
878 600
878 113
600 728
728 613
728 202
613 256
256 846
846 66
846 845
66 616
616 173
173 86
173 596
86 606
606 824
606 672
824 304
304 480
304 452
480 692
692 74
692 300
74 560
74 511
560 418
418 243
243 678
243 212
678 32
678 412
32 804
32 306
804 403
403 362
362 723
723 224
224 864
224 490
864 677
864 270
677 379
379 88
379 365
88 496
496 115
115 566
566 424
424 621
621 499
621 201
499 286
286 557
286 148
557 518
518 338
338 654
654 437
654 516
437 479
437 709
479 170
170 162
170 466
162 590
162 192
590 626
626 679
626 127
679 687
679 205
687 828
687 683
828 768
828 230
768 685
685 892
685 440
892 217
217 700
700 434
434 244
244 634
634 783
783 703
783 485
703 468
468 128
128 103
103 196
103 98
196 774
774 351
351 331
351 168
331 538
538 559
538 603
559 408
408 797
797 740
740 571
571 641
571 629
641 870
870 463
463 707
463 416
707 718
707 456
718 59
718 87
59 578
59 238
578 522
578 786
522 503
522 381
503 614
614 77
77 178
77 517
178 182
182 765
182 337
765 152
765 635
152 346
346 288
346 220
288 625
288 851
625 720
625 432
720 273
720 22
273 60
273 277
60 488
60 715
488 739
488 165
739 827
827 105
827 189
105 815
105 169
815 643
643 624
643 19
624 664
624 885
664 749
664 775
749 888
749 647
888 477
888 487
477 737
477 187
737 742
742 767
767 41
41 577
577 28
577 495
28 257
257 750
750 62
62 388
388 372
372 586
586 139
586 869
139 551
551 693
551 271
693 436
693 710
436 316
316 458
458 524
458 341
524 826
524 449
826 175
175 810
175 427
810 222
810 349
222 368
368 610
610 602
602 35
35 753
753 53
53 507
507 598
598 13
598 213
13 565
13 209
565 181
181 500
181 262
500 302
302 686
302 802
686 264
264 267
264 738
267 782
782 1
1 314
314 608
314 668
608 285
285 359
285 11
359 781
359 734
781 426
426 5
5 354
5 360
354 347
354 796
347 117
347 329
117 402
402 401
402 198
401 701
701 564
564 67
67 291
67 879
291 726
291 554
726 451
451 95
451 893
95 529
95 442
529 860
860 330
860 48
330 122
330 867
122 259
122 789
259 465
259 706
465 530
465 6
530 801
530 398
801 210
210 760
760 263
760 93
263 327
263 90
327 131
131 862
131 735
862 457
862 335
457 623
623 396
623 236
396 343
396 107
343 748
748 247
748 433
247 790
790 405
790 595
405 803
803 125
803 716
125 348
348 834
348 712
834 76
834 770
76 180
76 875
180 183
183 155
183 498
155 164
155 589
164 835
835 445
835 308
445 134
445 657
134 743
743 49
743 255
49 2
49 448
2 650
2 421
650 332
332 438
332 344
438 275
438 829
275 252
275 312
252 853
853 567
853 197
567 151
151 579
579 841
579 194
841 323
323 837
323 662
837 350
350 65
350 333
65 42
65 469
42 158
158 615
158 9
615 84
615 562
84 849
849 54
54 195
195 729
195 568
729 501
501 429
429 825
825 185
185 400
185 240
400 820
820 473
473 68
473 239
68 47
47 493
47 376
493 673
673 430
673 435
430 476
476 23
23 510
23 444
510 549
549 231
231 245
231 324
245 526
526 830
830 758
758 545
758 544
545 464
545 293
464 831
464 29
831 116
116 848
116 787
848 762
848 143
762 340
762 581
340 492
340 594
492 593
492 702
593 462
462 460
462 761
460 659
460 872
659 636
636 751
636 268
751 318
751 221
318 237
237 193
193 141
193 459
141 310
310 33
33 289
289 708
289 419
708 785
708 663
785 73
73 640
640 540
540 149
149 555
555 705
555 18
705 733
705 150
733 422
422 320
422 317
320 597
320 806
597 425
425 63
63 667
667 206
206 203
206 153
203 778
778 644
644 855
855 417
417 475
475 109
109 611
611 676
676 228
676 587
228 294
228 752
294 622
622 523
523 842
523 744
842 428
428 27
27 108
108 159
108 12
159 43
159 420
43 856
856 811
856 446
811 409
811 576
409 747
747 25
25 533
533 137
137 31
137 719
31 553
553 393
553 136
393 809
393 714
809 670
809 656
670 55
670 711
55 94
55 315
94 519
94 839
519 680
680 491
491 649
491 763
649 367
649 319
367 85
367 441
85 258
258 539
539 814
814 51
51 618
51 792
618 132
618 807
132 79
79 771
771 377
377 467
377 721
467 813
467 651
813 176
176 186
186 64
64 207
207 819
819 607
819 106
607 725
607 17
725 374
725 671
374 653
653 299
653 171
299 604
604 439
604 704
439 508
508 276
508 10
276 450
450 868
868 575
575 208
575 373
208 580
208 453
580 72
580 112
72 583
72 658
583 216
216 857
857 391
857 646
391 91
91 322
91 336
322 520
520 461
520 21
461 582
461 732
582 301
582 632
301 254
254 652
254 777
652 166
652 754
166 808
808 655
808 156
655 666
655 157
666 123
666 881
123 16
123 548
16 447
447 639
447 512
639 730
639 780
730 223
223 731
731 179
179 307
179 415
307 111
307 736
111 82
82 874
82 70
874 691
874 371
691 528
691 674
528 413
413 355
413 248
355 147
147 232
147 384
232 773
232 129
773 119
119 637
119 525
637 188
637 266
188 843
188 265
843 61
843 865
61 37
61 755
37 536
536 414
536 26
414 880
880 313
313 99
99 83
83 642
83 269
642 863
642 399
863 229
229 816
816 645
816 57
645 80
80 527
80 287
527 840
840 515
515 887
515 92
887 369
