3 2374 666544
3 2
3 1
1883 1082
1883 2314
1082 2023
1082 439
2023 2209
2023 1692
2209 1249
2209 2122
1249 77
1249 1935
77 521
521 1126
521 1844
1126 2072
2072 495
2072 1868
495 2249
495 1103
2249 410
2249 1118
410 1859
410 2001
1859 1616
1616 1791
1616 45
1791 502
502 1499
1499 396
396 577
577 660
660 1698
660 1385
1698 687
687 1464
1464 1153
1153 1715
1153 1401
1715 213
213 550
213 1737
550 1722
1722 1387
1387 1288
1288 1587
1288 867
1587 1705
1705 1812
1812 637
637 1599
637 993
1599 847
847 117
117 624
624 1854
624 1231
1854 653
653 2339
2339 1354
2339 1964
1354 664
664 876
876 1542
1542 1873
1542 1676
1873 108
108 179
179 2254
179 1186
2254 320
2254 1608
320 239
239 288
239 861
288 1766
288 454
1766 481
481 171
481 728
171 240
240 1605
1605 2359
1605 987
2359 1089
1089 682
682 622
622 241
241 1355
1355 152
1355 935
152 2150
152 2125
2150 1471
2150 547
1471 1405
1471 306
1405 744
744 707
744 2088
707 1073
707 955
1073 1525
1073 1758
1525 1654
1654 1473
1654 455
1473 1128
1473 832
1128 275
275 1346
275 1564
1346 1222
1346 1045
1222 1132
1222 1680
1132 1519
1132 1754
1519 741
1519 483
741 65
741 2352
65 323
65 2363
323 2210
323 1559
2210 1482
1482 1761
1761 788
1761 854
788 734
788 1872
734 1653
1653 1084
1653 1278
1084 2338
2338 563
2338 446
563 1567
563 639
1567 553
1567 2334
553 887
887 1052
887 465
1052 2192
1052 226
2192 2170
2192 201
2170 1422
1422 1196
1422 1786
1196 980
1196 1374
980 819
819 1690
1690 1921
1921 159
1921 2234
159 1445
159 2148
1445 1752
1445 1741
1752 680
680 519
680 1255
519 1673
1673 1892
1673 1263
1892 1870
1892 2080
1870 293
1870 1906
293 3
3 463
463 1589
463 1322
1589 1274
1589 190
1274 998
998 2061
998 2126
2061 1038
2061 888
1038 1621
1621 1226
1621 2131
1226 1734
1734 593
1734 378
593 2065
2065 299
299 1981
1981 490
490 334
490 34
334 1154
1154 1480
1154 23
1480 1167
1480 1313
1167 2367
2367 1191
1191 1857
1857 1469
1857 1072
1469 389
389 322
389 1095
322 516
322 208
516 559
516 61
559 19
19 480
480 59
480 733
59 613
59 874
613 1790
613 1414
1790 149
149 2163
149 737
2163 529
2163 358
529 1816
529 655
1816 1695
1695 901
901 602
602 1801
602 2245
1801 786
786 2019
2019 1003
2019 1586
1003 524
524 749
524 112
749 1145
1145 252
252 748
748 2018
748 1861
2018 690
2018 2107
690 2101
2101 361
2101 949
361 1885
1885 1004
1885 2349
1004 1886
1886 812
1886 8
812 1400
1400 1536
1536 96
96 2123
96 633
2123 1373
2123 1087
1373 1239
1239 706
706 110
110 1415
1415 235
1415 2343
235 1048
235 783
1048 834
1048 899
834 1075
834 1493
1075 587
1075 44
587 846
846 2256
846 2199
2256 91
91 1393
1393 16
1393 404
16 95
95 1053
1053 991
1053 148
991 1677
991 1281
1677 1287
1287 1655
1655 780
780 845
780 2238
845 1477
1477 1321
1477 2075
1321 1810
1810 1747
1810 1015
1747 328
328 643
328 1316
643 999
643 631
999 1742
1742 556
556 1107
1107 656
656 892
892 1108
1108 2229
1108 533
2229 856
2229 864
856 1294
856 1798
1294 1431
1431 2287
1431 1256
2287 1730
1730 2204
1730 1682
2204 1834
1834 244
244 1828
244 1027
1828 2166
2166 886
2166 842
886 1815
886 174
1815 2301
2301 817
2301 1310
817 531
531 1632
531 1691
1632 1896
1632 2104
1896 1125
1125 2020
1125 712
2020 592
592 1851
592 2323
1851 133
133 1993
1993 2253
1993 1475
2253 2045
2045 1026
2045 137
1026 1141
1141 1442
1141 962
1442 642
1442 1160
642 1100
1100 2059
1100 1071
2059 363
2059 2366
363 2110
363 1995
2110 46
46 2268
46 335
2268 891
2268 1111
891 2092
891 28
2092 327
327 1840
1840 195
195 1305
195 517
1305 381
1305 2308
381 2336
381 1466
2336 168
2336 1351
168 1732
1732 1314
1314 367
367 661
661 1224
661 1254
1224 9
9 1645
9 2191
1645 1606
1645 841
1606 2312
2312 1952
1952 274
1952 1365
274 1328
1328 2025
2025 407
2025 1649
407 1739
1739 679
1739 2000
679 1578
679 810
1578 1700
1700 2063
1700 102
2063 1228
1228 2290
2290 156
2290 1528
156 1590
156 1478
1590 2008
2008 2031
2031 1479
2031 2371
1479 1549
1549 2296
2296 151
151 1866
151 2354
1866 1882
1866 1716
1882 928
1882 852
928 1610
1610 370
370 579
370 1476
579 976
579 747
976 49
976 296
49 253
49 62
253 319
253 2115
319 776
319 816
776 1869
1869 122
1869 585
122 2329
122 394
2329 561
2329 1733
561 128
561 2280
128 1838
1838 1576
1576 696
696 2067
2067 2121
2067 1827
2121 1899
1899 419
1899 2228
419 1880
419 1324
1880 1566
1566 1039
1039 1719
1719 573
1719 1984
573 1008
573 1703
1008 1611
1611 1875
1875 1062
1875 1762
1062 740
740 1470
1470 840
840 1977
1977 2282
1977 1793
2282 1582
1582 103
1582 620
103 843
843 1753
1753 1080
1080 468
468 1091
1091 2300
1091 176
2300 264
264 1763
1763 1688
1763 1508
1688 41
1688 588
41 406
41 1020
406 918
406 289
918 353
353 421
421 2348
421 237
2348 1299
1299 1011
1299 1433
1011 356
356 163
356 1731
163 1489
163 2289
1489 1923
1489 428
1923 2044
2044 828
828 1494
828 312
1494 1376
1376 2327
2327 1178
2327 1794
1178 1410
1410 1613
1613 1096
1613 1583
1096 885
885 929
885 1214
929 2277
2277 2313
2313 831
2313 369
831 384
831 305
384 718
384 1571
718 2043
2043 1832
2043 2071
1832 290
290 1065
290 400
1065 921
921 1379
921 281
1379 940
1379 578
940 298
940 873
298 790
790 2211
2211 700
2211 20
700 1577
1577 1467
1467 1942
1942 29
1942 2094
29 2013
29 1290
2013 1238
2013 1425
1238 2291
2291 1396
1396 1598
1396 1617
1598 271
271 379
271 713
379 2315
2315 903
903 663
663 994
994 120
994 460
120 2027
2027 1651
2027 1187
1651 1557
1651 627
1557 1420
1420 1924
1420 1155
1924 2130
2130 140
2130 1620
140 1907
140 801
1907 1552
1907 2165
1552 2214
2214 1728
1728 364
1728 1797
364 1016
364 392
1016 1711
1016 1495
1711 1937
1937 619
1937 1182
619 1991
1991 2007
2007 204
204 2275
2275 1350
1350 1709
1709 31
31 525
31 2139
525 2319
2319 2365
2365 1717
1717 597
597 518
597 823
518 92
518 2217
92 2066
2066 1372
1372 1638
1372 1
1638 2273
2273 932
2273 505
932 1570
932 808
1570 1743
1570 1856
1743 1681
1743 1922
1681 1061
1061 581
1061 1936
581 651
651 245
245 785
785 1443
1443 181
1443 1961
181 200
200 1652
200 2244
1652 942
1652 1144
942 1520
1520 1130
1130 2004
1130 76
2004 1282
1282 261
1282 1060
261 300
300 952
952 1272
952 69
1272 2239
1272 2306
2239 1289
2239 32
1289 798
1289 1029
798 1631
798 1221
1631 939
939 1727
1727 1219
1219 870
870 2087
870 1623
2087 1093
2087 1019
1093 2168
2168 2014
2014 191
191 1458
1458 580
1458 1023
580 1999
580 1990
1999 1022
1999 513
1022 1331
1331 1177
1331 1486
1177 1989
1177 2076
1989 48
48 1708
1708 554
1708 1334
554 1628
1628 1448
1448 678
678 1584
1584 279
1584 230
279 90
90 1382
90 1359
1382 1216
1216 2032
1216 782
2032 1258
1258 1524
1258 1959
1524 2326
2326 882
882 641
882 2264
641 822
641 1903
822 1195
1195 659
659 1168
1168 198
1168 1347
198 777
777 1643
1643 937
937 923
923 339
923 1926
339 973
339 1629
973 2102
2102 1344
1344 1046
1344 464
1046 1830
1830 1575
1830 1068
1575 607
1575 670
607 121
121 731
731 2188
731 2173
2188 409
2188 1971
409 558
409 24
558 1462
558 2276
1462 144
1462 141
144 63
144 131
63 1157
1157 1967
1157 528
1967 543
543 1933
1933 390
390 1802
1802 332
1802 538
332 599
332 830
599 1456
599 569
1456 284
1456 2297
284 255
284 1162
255 1455
1455 1948
1455 1063
1948 403
403 2167
2167 184
184 667
667 1436
1436 1738
1738 1408
1408 927
1408 2046
927 1236
927 2124
1236 351
1236 2355
351 1865
351 575
1865 1795
1865 990
1795 875
1795 635
875 232
232 961
232 598
961 697
697 155
155 504
155 52
504 1836
1836 848
848 933
848 315
933 1069
1069 2241
1069 496
2241 1419
2241 1097
1419 693
1419 124
693 182
693 969
182 1986
1986 1646
1986 2321
1646 272
272 162
272 1102
162 330
162 509
330 433
330 202
433 1035
1035 1988
1035 118
1988 1183
1988 857
1183 189
189 1547
189 804
1547 1895
1547 175
1895 193
193 81
193 422
81 839
81 1034
839 638
839 889
638 188
638 2189
188 2304
2304 2187
2187 2055
2055 1353
1353 920
1353 2281
920 626
626 1342
626 1919
1342 1161
1342 282
1161 1931
1931 1618
1931 212
1618 266
1618 1707
266 1881
266 771
1881 2267
1881 67
2267 1283
1283 393
1283 1533
393 1336
1336 793
793 1491
793 2190
1491 930
1491 710
930 167
930 236
167 1516
1516 259
259 1335
259 511
1335 616
1335 53
616 2222
616 302
2222 60
60 1615
1615 606
1615 507
606 1581
606 317
1581 1114
1114 1124
1114 376
1124 1853
1124 1076
1853 1514
1853 623
1514 1785
1514 88
1785 107
1785 557
107 732
732 158
732 1051
158 2099
2099 17
2099 2231
17 206
17 1452
206 123
123 1823
1823 866
866 2309
866 1622
2309 1137
1137 1241
1241 1634
1241 1427
1634 1394
1394 877
877 922
877 699
922 582
582 89
89 1974
1974 2143
1974 1914
2143 173
173 1428
173 1270
1428 608
608 471
471 22
22 603
603 324
603 532
324 1286
1286 1304
1286 1503
1304 1043
1043 2193
1043 1939
2193 346
346 349
349 837
837 435
435 452
452 767
452 1535
767 2056
767 1454
2056 902
902 1301
1301 273
1301 2183
273 2091
2091 416
2091 1824
416 1391
416 968
1391 2274
1391 1626
2274 485
485 1595
485 1644
1595 567
1595 325
567 2119
2119 449
449 2361
449 1496
2361 814
814 157
814 47
157 2182
157 1847
2182 971
971 2212
971 1147
2212 314
2212 248
314 704
704 1968
704 1277
1968 2255
1968 329
2255 1898
2255 1025
1898 853
853 1912
1912 1142
1912 959
1142 590
590 936
936 1637
936 2047
1637 1362
1362 2155
2155 523
2155 1860
523 508
523 70
508 1726
508 805
1726 2337
2337 1835
2337 1780
1835 1518
1518 1909
1518 56
1909 2285
2285 1714
1714 1647
1714 1242
1647 1074
1074 736
736 2184
736 862
2184 43
43 943
943 658
658 2151
2151 1319
1319 357
1319 1804
357 431
357 2351
431 1757
431 1017
1757 1492
1757 2372
1492 217
217 2096
2096 719
719 366
719 494
366 806
366 1049
806 2179
2179 21
21 1666
1666 1633
1633 665
1633 1864
665 447
447 1553
1553 210
1553 763
210 2350
210 764
2350 313
2350 336
313 372
313 1544
372 945
372 1764
945 340
945 2194
340 1523
340 297
1523 605
1523 42
605 1066
605 2083
1066 821
1066 784
821 142
821 1133
142 2332
142 2286
2332 83
83 716
83 1487
716 224
716 1843
224 1565
224 996
1565 983
983 1845
983 1913
1845 1364
1364 1915
1915 1592
1592 1165
1165 1572
1165 2038
1572 1792
1792 571
571 86
571 802
86 7
7 423
423 277
423 445
277 1604
1604 2278
1604 1701
2278 1687
1687 1888
1687 434
1888 1928
1888 1081
1928 93
93 2128
2128 402
2128 1675
402 458
402 797
458 180
458 1668
180 311
180 2362
311 1056
311 953
1056 1772
1056 383
1772 30
1772 985
30 66
66 1684
1684 1822
1684 566
1822 1811
1811 1000
1811 760
1000 1119
1119 2374
2374 106
106 795
795 487
795 263
487 85
487 967
85 164
85 1057
164 914
164 908
914 99
99 1163
99 238
1163 1244
1244 1218
1244 1600
1218 51
51 268
268 1744
1744 292
1744 662
292 1976
292 1295
1976 1777
1777 127
1777 68
127 1297
127 1360
1297 1667
1297 2158
1667 954
1667 318
954 1079
954 1855
1079 101
1079 307
101 411
101 966
411 2335
2335 440
440 574
440 5
574 794
794 1140
794 2009
1140 759
759 1954
1954 2180
2180 342
342 2016
2016 1672
1672 278
1672 1821
278 1121
278 1265
1121 37
37 1280
37 1092
1280 956
956 2033
2033 1781
1781 686
1781 1694
686 1010
1010 1339
1339 646
1339 183
646 1398
1398 773
773 1602
773 913
1602 1059
1602 1318
1059 865
1059 1302
865 1105
1105 1333
1333 1407
1407 119
1407 331
119 1901
1901 2135
1901 1345
2135 632
2135 2294
632 600
600 1934
1934 1796
1796 1597
1597 796
796 229
796 1170
229 1891
229 1545
1891 135
1891 644
135 1550
1550 1775
1550 222
1775 1625
1775 1511
1625 1440
1440 835
1440 211
835 1969
1969 1262
1262 583
583 926
583 371
926 405
405 778
778 1531
1531 489
489 2181
2181 1748
1748 1447
1748 1685
1447 2316
2316 1203
2316 1591
1203 977
977 1484
977 194
1484 811
1484 1871
811 138
138 359
359 2089
2089 1825
1825 912
1825 2235
912 2146
912 234
2146 499
499 2090
2090 1341
2090 745
1341 1416
1341 75
1416 33
1416 1725
33 2074
2074 2322
2322 1429
1429 413
1429 427
413 1889
1889 1863
1863 1975
1975 1803
1975 375
1803 851
851 2084
2084 2269
2084 2258
2269 1532
1532 2266
2266 1176
1176 1558
1558 2293
1558 1879
2293 530
2293 1085
530 1562
530 457
1562 2073
2073 1284
1284 694
1284 931
694 1947
1947 2156
1947 1642
2156 1782
1782 87
87 1630
87 249
1630 541
1630 2272
541 2307
2307 1235
1235 946
946 385
385 986
986 1596
986 1259
1596 466
1596 723
466 1180
1180 1312
1180 1538
1312 1007
1007 2022
2022 1156
2022 758
1156 1779
1779 725
725 1014
1014 2176
2176 1501
1501 1530
1501 1746
1530 1357
1357 1460
1357 486
1460 1139
1460 2252
1139 1201
1139 1940
1201 1033
1201 1670
1033 1086
1033 153
1086 2145
1086 537
2145 130
2145 1551
130 225
225 604
604 1117
1117 1998
1998 2021
2021 1101
2021 10
1101 1820
1820 992
1820 1148
992 482
482 414
482 443
414 426
414 161
426 1526
1526 1404
1526 2103
1404 1127
1404 276
1127 1257
1127 1166
1257 397
397 350
397 1036
350 365
365 1037
365 283
1037 572
1037 1194
572 1659
572 584
1659 2079
2079 267
2079 1585
267 294
294 2159
2159 1784
2159 1120
1784 2120
2120 1409
1409 2279
2279 878
878 1750
1750 1083
1083 1021
1083 2049
1021 2113
1021 1381
2113 1686
1686 2325
1686 1395
2325 2340
2325 1245
2340 1573
2340 1601
1573 246
246 1123
246 1367
1123 1131
1123 250
1131 1371
1131 2112
1371 39
1371 1205
39 1900
39 1540
1900 539
539 1740
539 1718
1740 1273
1740 2162
1273 1897
1273 1706
1897 1423
1897 1543
1423 1973
1423 849
1973 57
57 1951
57 1819
1951 1696
1696 1146
1696 709
1146 2202
2202 880
2202 774
880 1438
1438 1534
1534 243
1534 2257
243 1296
243 469
1296 895
1296 1094
895 165
165 1905
165 2237
1905 757
1905 368
757 125
757 1627
125 2118
125 735
2118 382
2118 1234
382 2295
382 772
2295 1483
2295 981
1483 260
260 1172
260 1403
1172 1678
1172 1848
1678 1210
1210 951
1210 2154
951 729
729 1129
729 1430
1129 2051
1129 497
2051 2364
2364 756
2364 1225
756 2026
2026 1098
2026 166
1098 1712
1712 609
1712 915
609 1683
609 1916
1683 1383
1683 1648
1383 739
739 1158
739 1070
1158 2095
1158 126
2095 1446
1446 1829
1446 770
1829 64
64 701
701 2172
701 657
2172 242
2172 944
242 1369
242 493
1369 398
1369 1078
398 1614
1614 649
649 1789
649 2207
1789 2028
2028 1806
2028 1307
1806 1972
1972 2062
2062 1569
1569 2208
2208 1349
1349 344
344 462
344 615
462 1134
462 444
1134 827
827 2024
827 1767
2024 388
2024 2178
388 1206
388 1106
1206 321
321 1710
1710 591
591 1292
1292 1699
1292 1173
1699 1317
1699 1175
1317 1488
1488 548
548 2132
548 514
2132 1260
1260 477
1260 2042
477 1250
1250 491
1250 2036
491 2262
491 1437
2262 1463
2262 2093
1463 1563
1463 1887
1563 628
628 610
610 2003
2003 1261
2003 1352
1261 2160
1261 146
2160 1457
1457 1378
1378 203
1378 1122
203 958
958 997
958 792
997 938
938 1490
1490 906
906 570
906 1047
570 652
570 1635
652 1412
1412 1554
1554 132
1554 1213
132 1522
132 114
1522 285
285 630
630 2223
630 1745
2223 1006
2223 1406
1006 436
1006 1878
436 386
436 1809
386 2064
2064 1607
2064 1636
1607 2341
1607 1348
2341 467
2341 890
467 1285
1285 2017
1285 1009
2017 681
2017 498
681 2284
681 104
2284 2082
2284 975
2082 738
2082 1517
738 705
705 894
705 1159
894 1338
1338 1579
1579 1787
1579 326
1787 15
15 1268
15 879
1268 695
1268 2368
695 1323
1323 1556
1323 1042
1556 1669
1556 1240
1669 441
1669 1619
441 2317
2317 2157
2157 2357
2157 14
2357 78
2357 442
78 1340
1340 2347
2347 2035
2035 893
893 1275
893 424
1275 1876
1876 1513
1876 963
1513 545
1513 522
545 1135
545 594
1135 2041
1135 836
2041 2097
2097 1188
1188 1018
1018 860
1018 2288
860 262
262 178
178 907
907 280
280 1658
280 1343
1658 964
1658 6
964 425
964 478
425 666
425 510
666 2006
2006 1112
2006 1925
1112 13
1112 1799
13 2053
13 2330
2053 1839
1839 1392
1392 1276
1276 1548
1548 2233
1548 1417
2233 1884
1884 2261
2261 2039
2039 1309
2039 227
1309 50
50 995
995 1656
1656 1814
1814 2197
2197 1920
1920 1512
1920 671
1512 1418
1418 1054
1054 1527
1054 80
1527 1788
1788 726
1788 2177
726 1776
1776 542
542 380
542 1927
380 743
743 1220
1220 1640
1220 399
1640 787
1640 691
787 1774
787 1949
1774 1689
1774 560
1689 1510
1689 1389
1510 209
1510 1679
209 1190
1190 910
910 1515
1515 1736
1736 648
1736 2251
648 2144
648 473
2144 247
247 868
868 947
947 838
838 2358
2358 1929
2358 761
1929 2117
2117 1983
2117 251
1983 1472
1472 970
970 1363
970 12
1363 1624
1363 71
1624 957
1624 727
957 1537
1537 2283
2283 650
650 2133
650 2298
2133 1088
2133 1657
1088 692
692 1783
692 377
1783 711
711 2219
711 476
2219 2048
2048 345
345 1356
1356 309
309 1841
309 2246
1841 2200
1841 147
2200 2116
2116 1594
1594 1109
1594 702
1109 621
1109 2270
621 415
621 526
415 1337
415 1850
1337 965
965 214
214 647
214 1138
647 825
647 2369
825 265
265 456
265 850
456 2134
456 1918
2134 1202
2134 1212
1202 374
374 2247
2247 450
2247 2186
450 1002
450 829
1002 1702
1702 1031
1702 1580
1031 1266
1031 751
1266 354
354 2227
354 58
2227 2136
2136 1375
1375 884
884 287
287 515
287 97
515 2002
2002 972
2002 799
972 1674
972 221
1674 205
205 1858
205 766
1858 859
1858 150
859 1982
859 2310
1982 1050
1050 1555
1050 1506
1555 1223
1223 1253
1223 1264
1253 768
768 1957
768 1723
1957 2108
2108 1453
1453 1917
1453 2030
1917 1044
1044 488
488 286
488 1697
286 596
286 1064
596 220
220 742
220 1230
742 105
105 1115
1115 27
1115 2105
27 1603
1603 1962
1962 343
343 1807
343 1193
1807 2140
1807 1444
2140 18
18 1411
1411 192
1411 576
192 1908
1908 1826
1826 2250
1826 1293
2250 1661
1661 1421
1661 1208
1421 333
1421 1541
333 448
448 1432
1432 858
1432 2203
858 568
858 113
568 919
568 950
919 562
562 618
562 925
618 500
618 636
500 1910
500 689
1910 535
1910 1958
535 2057
2057 2220
2057 1751
2220 438
438 544
438 154
544 2225
544 2328
2225 1366
2225 196
1366 2060
2060 1664
1664 668
668 775
668 1867
775 1232
775 338
1232 1113
1232 2005
1113 1298
1298 2152
2152 1735
2152 373
1735 2050
2050 1509
2050 304
1509 1729
1509 219
1729 676
1729 520
676 1849
676 1818
1849 684
684 549
684 1665
549 1771
549 172
1771 762
1771 984
762 2242
762 1077
2242 1641
1641 2213
2213 233
2213 2070
233 2141
2141 79
79 1663
79 1852
1663 459
459 809
459 1842
809 2360
809 1953
2360 1833
1833 1200
1200 1300
1200 1311
1300 1184
1300 1361
1184 1639
1184 470
1639 1862
1862 1468
1862 256
1468 1996
1996 1932
1996 129
1932 1149
1932 1303
1149 904
1149 1938
904 1911
1911 1979
1911 1994
1979 1474
1979 2305
1474 2185
2185 136
2185 614
136 1955
136 909
1955 1660
1955 722
1660 1104
1660 1246
1104 1388
1104 2127
1388 546
546 685
685 1030
1030 316
1030 1451
316 688
688 730
730 595
595 1459
1459 1211
1211 1894
1894 2098
2098 1271
2098 1368
1271 1227
1271 1024
1227 2164
2164 1950
1950 1330
1330 1152
1330 924
1152 453
1152 401
453 1944
453 1012
1944 1237
1944 654
1237 100
100 1402
1402 1199
1402 492
1199 779
1199 2320
779 1546
1546 308
1546 437
308 675
675 2302
2302 1930
2302 1704
1930 905
1930 1505
905 418
418 1308
418 1768
1308 72
72 2206
72 625
2206 1041
2206 2218
1041 863
863 303
303 2248
303 897
2248 2346
2248 765
2346 2085
2346 1560
2085 2068
2068 2373
2373 703
703 1426
703 355
1426 2236
1426 111
2236 2052
2236 254
2052 979
2052 55
979 1485
1485 750
750 1332
1332 527
1332 1198
527 1164
527 2129
1164 1169
1164 948
1169 1185
1185 1956
1185 898
1956 813
813 960
960 420
960 1713
420 564
420 2175
564 1013
564 1593
1013 1504
1013 451
1504 2215
1504 4
2215 673
2215 551
673 982
673 1813
982 1099
1099 708
1099 1450
708 258
708 2224
258 1609
258 1760
1609 1449
1609 565
1449 800
1449 2010
800 1055
800 1574
1055 1721
1055 1229
1721 2345
2345 1032
2345 429
1032 2311
2311 2342
2311 2318
2342 1439
1439 2138
2138 1434
1434 1945
1434 1143
1945 408
408 1067
408 1325
1067 1320
1067 134
1320 1279
1320 672
1279 1805
1279 2011
1805 2292
1805 503
2292 1965
2292 1800
1965 2232
1965 1662
2232 1963
1963 714
714 2240
714 1252
2240 2344
2240 1846
2344 612
2344 746
612 807
807 2171
2171 1110
1110 295
1110 1770
295 430
430 2029
430 2037
2029 1943
1943 2260
2260 1005
1005 2265
1005 1370
2265 611
611 1040
611 1890
1040 2114
2114 25
25 2149
2149 1539
2149 270
1539 1978
1539 1136
1978 769
1978 1465
769 1413
769 978
1413 501
501 781
501 2271
781 1693
1693 1384
1693 645
1384 186
1384 512
186 1755
186 360
1755 1189
1189 199
199 1251
199 2303
1251 187
187 1481
1481 1507
1481 115
1507 2012
1507 2198
2012 720
720 1329
720 1561
1329 2109
2109 1612
2109 1831
1612 177
1612 1987
177 228
177 1960
228 1441
228 754
1441 2040
2040 2259
2040 789
2259 1502
1502 1171
1171 352
352 815
352 1247
815 1377
815 218
1377 1946
1377 412
1946 1267
1267 803
1267 586
803 2137
2137 38
38 540
38 479
540 1306
1306 169
1306 170
169 2169
2169 1090
1090 917
917 2356
2356 1174
1174 35
1174 911
35 1500
1500 223
1500 197
223 1424
1424 301
301 916
301 98
916 395
916 896
395 674
395 824
674 820
674 1001
820 1435
820 2226
1435 818
1435 715
818 2299
2299 1358
2299 629
1358 2
2 1397
1397 1269
1269 484
484 506
484 552
506 310
310 257
310 753
257 2086
2086 640
2086 160
640 2221
2221 1116
1116 2243
1116 669
2243 475
475 82
475 1327
82 109
109 2147
109 1980
2147 2142
2142 1808
1808 833
833 883
883 1749
1749 1179
1179 791
1179 989
791 698
698 474
474 1291
474 1204
1291 1970
1291 1399
1970 1997
1970 1248
1997 347
1997 1315
347 11
347 1778
11 1756
11 869
1756 2078
2078 348
2078 1769
348 601
348 717
601 900
601 1209
900 54
54 2195
2195 634
2195 941
634 974
974 74
74 269
269 341
341 1529
341 617
1529 1217
1529 391
1217 1817
1817 844
1817 677
844 1877
844 988
1877 1773
1877 2333
1773 216
1773 2077
216 145
216 387
145 337
145 2174
337 1207
337 1243
1207 1028
1028 40
40 432
40 207
432 2331
2331 2081
2081 1724
1724 2196
2196 536
536 1837
1837 2353
1837 2054
2353 1650
2353 1521
1650 1461
1461 2111
2111 555
2111 139
555 2069
2069 1941
1941 1233
1233 1671
1671 752
752 1568
1568 2153
1568 185
2153 291
2153 1874
291 362
291 26
362 721
362 1386
721 1192
721 215
1192 1765
1192 1181
1765 534
1765 2100
534 472
534 1150
472 2058
2058 2161
2058 1759
2161 1904
2161 934
1904 1902
1902 1992
1902 1985
1992 1966
1966 724
724 2201
724 2205
2201 2034
2201 1497
2034 1380
2034 2106
1380 855
855 683
683 1151
1151 231
231 1893
1893 1215
1215 1058
1058 872
872 755
755 1588
1588 871
1588 143
871 2216
2216 1720
1720 461
1720 2015
461 1197
461 826
1197 417
1197 589
417 73
417 36
73 2230
2230 1498
2230 881
1498 116
1498 1326
116 2370
2370 2324
2324 94
94 2263
2263 84
2263 1390
