2 525 15815080
2 1
241 83
83 104
83 195
104 313
104 499
313 2
313 75
2 343
343 226
226 275
275 157
157 468
157 233
468 300
300 196
300 111
196 199
199 297
297 165
165 61
165 93
61 497
497 147
147 67
67 56
56 190
56 422
190 182
190 258
182 25
25 462
462 361
462 184
361 426
426 123
123 10
123 181
10 504
504 291
291 76
76 41
41 106
41 11
106 354
106 398
354 276
354 331
276 511
276 172
511 230
230 449
230 217
449 234
449 17
234 55
234 377
55 508
508 122
508 296
122 14
122 202
14 476
14 209
476 236
236 430
236 301
430 409
409 170
409 337
170 435
435 92
92 342
342 64
64 447
447 467
447 220
467 65
467 333
65 321
65 153
321 124
321 81
124 494
494 451
494 49
451 402
451 318
402 261
261 270
270 328
328 179
328 351
179 102
179 277
102 215
102 415
215 434
434 114
434 242
114 62
62 401
401 200
401 323
200 517
200 524
517 110
110 475
110 12
475 205
475 439
205 3
3 366
3 115
366 132
132 370
132 178
370 113
370 381
113 163
163 82
82 378
378 458
458 260
260 464
260 338
464 252
252 319
252 389
319 15
15 454
454 100
454 485
100 345
100 42
345 304
345 229
304 191
191 472
472 187
472 250
187 490
490 88
88 48
48 72
72 180
72 117
180 363
180 58
363 407
363 289
407 43
43 340
43 37
340 280
340 59
280 227
227 518
227 393
518 109
518 357
109 189
109 212
189 438
189 428
438 311
438 152
311 145
145 38
38 140
140 208
140 257
208 158
208 294
158 365
365 125
125 71
125 355
71 32
71 183
32 131
131 4
4 375
375 324
324 320
320 84
320 441
84 90
90 372
90 69
372 164
164 105
105 136
105 9
136 259
136 421
259 433
433 151
433 201
151 308
151 455
308 470
308 21
470 383
470 118
383 367
383 142
367 488
488 237
488 492
237 466
237 496
466 285
285 519
285 103
519 339
519 232
339 315
339 85
315 169
169 347
347 418
418 317
317 306
306 332
306 369
332 53
53 500
500 283
283 385
385 417
417 238
238 437
238 99
437 235
437 523
235 159
235 256
159 410
410 356
410 218
356 119
356 177
119 47
119 399
47 222
47 474
222 390
222 45
390 408
390 373
408 486
408 126
486 173
173 413
413 146
413 405
146 128
128 307
128 251
307 322
322 198
198 350
350 223
223 309
309 60
60 166
60 253
166 344
344 452
452 327
327 120
327 185
120 107
107 143
107 510
143 273
273 493
273 482
493 108
108 279
108 240
279 245
279 396
245 255
245 20
255 91
255 96
91 193
193 13
193 79
13 400
400 335
335 211
335 514
211 382
211 505
382 141
141 477
477 305
477 97
305 268
268 175
175 521
175 479
521 491
491 498
491 286
498 465
465 50
465 155
50 86
86 35
35 63
35 33
63 316
63 312
316 263
263 214
263 404
214 129
129 116
116 473
116 303
473 127
127 387
387 419
419 448
419 432
448 334
448 156
334 516
334 325
516 384
516 186
384 248
384 40
248 457
457 1
1 161
1 310
161 414
161 424
414 360
360 77
77 298
77 391
298 139
139 341
139 80
341 487
487 57
487 264
57 94
57 224
94 192
192 460
460 380
460 299
380 148
148 463
148 52
463 197
197 349
197 36
349 440
440 44
440 295
44 456
44 18
456 444
456 271
444 503
503 284
503 293
284 23
23 121
121 450
450 31
31 495
31 171
495 292
292 51
292 162
51 247
51 26
247 249
247 34
249 364
364 427
364 481
427 376
376 403
376 287
403 281
403 73
281 194
281 395
194 6
194 28
6 443
6 374
443 329
443 336
329 68
329 46
68 239
239 74
74 471
471 314
314 272
314 27
272 420
272 225
420 459
459 362
459 149
362 243
243 484
484 429
429 480
429 130
480 174
480 231
174 188
174 210
188 359
359 411
411 8
8 446
8 513
446 358
358 70
358 24
70 204
204 269
269 87
87 368
87 507
368 5
5 203
5 112
203 461
203 453
461 138
138 39
138 78
39 89
39 207
89 416
89 19
416 29
29 502
502 95
95 392
95 397
392 133
392 7
133 379
379 254
379 168
254 144
144 282
144 423
282 267
282 54
267 525
525 431
525 221
431 262
262 412
262 352
412 394
412 469
394 228
394 216
228 522
522 66
522 244
66 501
66 154
501 442
501 176
442 388
388 213
213 219
213 371
219 483
219 246
483 515
483 346
515 478
515 425
478 150
150 135
150 266
135 520
520 167
520 22
167 16
167 506
16 160
160 265
160 353
265 290
265 30
290 278
290 288
278 206
206 302
206 134
302 509
302 489
509 330
330 512
330 98
512 137
137 348
348 386
348 406
386 326
386 274
326 436
326 445
436 101
