1 2099 259169
2055 1813
1813 1338
1338 1344
1338 948
1344 1121
1121 538
1121 1579
538 1533
1533 1009
1533 787
1009 1713
1713 3
1713 1074
3 1511
1511 1341
1511 1625
1341 1542
1341 1916
1542 1715
1542 630
1715 1165
1165 1444
1444 400
1444 134
400 615
400 1529
615 1155
1155 174
174 1974
174 1610
1974 10
1974 517
10 1081
1081 410
1081 1271
410 1672
410 486
1672 1041
1672 474
1041 1768
1041 64
1768 1235
1768 1984
1235 1492
1492 187
1492 905
187 858
858 962
962 1828
962 1566
1828 1836
1828 786
1836 479
479 1455
1455 1959
1959 1900
1959 421
1900 1822
1822 677
1822 2084
677 2044
2044 886
886 477
886 1873
477 929
929 1982
929 1414
1982 1769
1982 1204
1769 813
813 2029
2029 1714
1714 480
1714 286
480 1441
480 637
1441 1236
1236 1651
1236 1517
1651 1571
1571 1717
1717 1969
1717 128
1969 561
561 658
658 340
658 1891
340 101
340 1930
101 939
101 404
939 225
939 1308
225 1924
225 820
1924 1490
1490 1370
1490 640
1370 1125
1125 1575
1575 361
361 2058
361 246
2058 1301
2058 1135
1301 603
1301 1565
603 1398
603 635
1398 275
1398 1022
275 1908
1908 1752
1908 799
1752 898
1752 651
898 1940
898 2041
1940 1071
1071 1750
1750 1153
1153 1608
1153 1006
1608 968
968 1696
1696 276
276 402
276 581
402 1896
402 1422
1896 1060
1060 1573
1060 2005
1573 840
840 1087
1087 738
738 1893
738 782
1893 1943
1893 646
1943 219
219 2035
2035 1330
2035 1728
1330 2021
2021 90
2021 1410
90 2031
90 678
2031 1157
1157 770
1157 1809
770 1805
1805 295
1805 1295
295 343
295 442
343 120
343 380
120 1837
1837 1387
1387 162
162 763
763 8
763 1830
8 716
8 582
716 781
781 18
781 1391
18 551
551 1968
1968 168
168 1037
1037 904
904 1260
904 1378
1260 118
118 1556
1556 1537
1556 784
1537 1043
1537 589
1043 1797
1043 1357
1797 754
1797 609
754 2057
754 1551
2057 534
534 2010
2010 1096
1096 1958
1958 669
669 1367
669 1316
1367 1100
1367 1052
1100 710
1100 1425
710 1252
710 1203
1252 622
1252 341
622 1617
1617 88
88 1658
1658 921
921 1073
921 181
1073 816
1073 981
816 1218
1218 216
1218 491
216 1225
1225 318
1225 760
318 1763
1763 1583
1583 532
1583 1393
532 1352
1352 844
1352 1917
844 1062
844 1597
1062 1718
1718 936
936 1275
936 368
1275 1936
1275 1226
1936 1346
1936 52
1346 1464
1464 1304
1304 259
1304 1827
259 747
259 1132
747 705
705 566
566 433
566 1177
433 1812
1812 55
55 25
55 464
25 901
901 850
901 1833
850 1986
850 1210
1986 838
838 307
307 650
650 511
511 411
411 1821
411 1055
1821 2093
2093 560
560 1011
560 1869
1011 1104
1104 31
31 1334
31 202
1334 599
1334 115
599 874
599 1778
874 1945
1945 732
732 417
732 124
417 985
417 1167
985 1711
985 1150
1711 1251
1251 1249
1249 1470
1249 1789
1470 363
1470 873
363 239
363 1534
239 842
239 1659
842 291
842 1560
291 501
291 989
501 748
748 1760
1760 765
1760 1007
765 1111
1111 488
488 1954
1954 670
1954 469
670 324
324 1246
324 595
1246 1660
1660 1699
1660 1449
1699 405
405 1761
405 1057
1761 1314
1761 462
1314 1674
1674 201
1674 733
201 883
883 1494
883 424
1494 1765
1494 938
1765 736
736 1196
1196 1629
1196 211
1629 866
1629 394
866 881
866 352
881 1884
1884 2065
2065 1149
2065 523
1149 145
1149 699
145 662
662 111
111 652
652 1855
1855 471
471 1412
1412 832
832 1794
1794 465
1794 457
465 1501
1501 1482
1482 596
1482 314
596 868
868 1988
868 1192
1988 591
1988 845
591 1858
591 113
1858 1740
1858 877
1740 1791
1791 574
574 1484
1484 116
1484 51
116 1978
1978 1273
1273 138
1273 871
138 1725
138 728
1725 531
531 768
768 152
768 1627
152 1979
152 1802
1979 1389
1979 1755
1389 1375
1389 554
1375 1647
1647 1020
1020 332
1020 117
332 223
332 1076
223 353
353 664
353 1159
664 385
385 546
385 996
546 1879
546 1977
1879 93
93 1729
1729 137
1729 625
137 1759
137 237
1759 1785
1759 495
1785 960
960 1458
960 2032
1458 1290
1290 1839
1290 302
1839 1944
1944 186
186 122
122 1639
1639 1598
1639 1051
1598 154
1598 1180
154 1706
154 1377
1706 1426
1426 1141
1426 1953
1141 613
613 774
774 1255
774 1286
1255 675
675 785
675 1669
785 1642
1642 99
1642 34
99 1912
99 970
1912 1172
1172 347
1172 1209
347 82
82 1294
82 91
1294 1935
1294 1670
1935 1266
1266 395
395 1559
1559 1065
1065 366
1065 1852
366 1841
366 686
1841 354
354 1031
1031 1215
1031 992
1215 913
913 1483
1483 105
105 446
446 104
446 1820
104 1614
1614 459
1614 1903
459 1555
459 1701
1555 638
638 304
638 666
304 512
512 267
512 2014
267 586
267 1086
586 1881
586 1742
1881 1016
1016 2082
1016 949
2082 1775
2082 441
1775 57
1775 694
57 226
57 1644
226 1138
226 757
1138 432
1138 1207
432 290
290 810
290 588
810 151
810 334
151 884
151 1347
884 852
884 1145
852 1694
852 822
1694 607
607 453
453 16
16 108
16 951
108 2039
2039 2088
2088 500
2088 1700
500 133
133 1227
133 1530
1227 567
1227 542
567 1188
1188 811
1188 975
811 1473
811 483
1473 508
508 556
556 207
207 1117
1117 1498
1117 1933
1498 1489
1498 1996
1489 466
1489 1927
466 344
344 262
344 1181
262 383
383 1663
383 1782
1663 504
504 2089
2089 1648
1648 983
983 329
329 1281
1281 1195
1281 11
1195 902
1195 1776
902 430
902 1591
430 571
430 1296
571 381
381 39
381 1326
39 1190
1190 1212
1190 1635
1212 959
959 4
959 375
4 1859
4 1337
1859 954
954 997
997 1355
1355 1998
1998 1469
1998 89
1469 2009
2009 299
299 315
299 2086
315 530
315 1450
530 767
767 1366
1366 43
1366 48
43 919
919 437
919 1248
437 741
741 1569
741 1279
1569 1332
1569 764
1332 41
1332 824
41 777
777 1289
1289 1999
1289 1538
1999 2050
2050 61
2050 35
61 221
61 1147
221 364
364 797
797 1319
797 1166
1319 584
584 972
584 345
972 543
543 2061
2061 308
308 100
100 773
100 1901
773 1099
1099 499
1099 1054
499 391
391 251
391 1510
251 346
346 616
346 1863
616 507
616 300
507 1952
507 1871
1952 435
1952 1926
435 271
271 2017
271 620
2017 942
2017 2052
942 1479
1479 934
1479 1396
934 1474
1474 248
1474 1044
248 834
248 171
834 597
834 1897
597 1025
597 1757
1025 1381
1025 673
1381 2098
2098 1010
1010 1857
1010 1720
1857 1139
1857 537
1139 2018
1139 1077
2018 268
268 33
268 1285
33 2060
2060 96
96 1264
96 1616
1264 241
1264 148
241 75
241 1867
75 930
930 602
602 1997
1997 1090
1997 1532
1090 1521
1090 367
1521 1561
1521 1349
1561 1525
1525 854
854 1358
1358 1801
1801 1003
1801 1948
1003 24
24 94
94 1548
1548 1311
1311 230
230 1990
1990 791
1990 1811
791 323
791 478
323 1787
323 605
1787 703
1787 331
703 1975
1975 1103
1103 700
1103 1176
700 1432
700 377
1432 350
350 1318
1318 991
991 1335
991 1552
1335 9
1335 1994
9 836
836 1590
1590 1589
1589 1665
1589 908
1665 1762
1665 808
1762 708
1762 463
708 819
819 1261
1261 684
1261 1588
684 1384
1384 2001
1384 1277
2001 214
2001 1829
214 1824
1824 79
1824 1995
79 1230
1230 922
1230 62
922 1467
1467 1882
1882 1312
1882 1445
1312 1885
1885 1955
1955 1202
1955 1193
1202 1224
1224 988
1224 862
988 994
994 470
470 1151
470 2022
1151 1162
1162 342
342 2026
2026 788
788 1904
1904 1005
1904 1244
1005 755
1005 1563
755 685
685 1923
685 984
1923 1847
1847 264
264 1931
1931 709
709 875
709 1541
875 513
513 516
516 1688
1688 1693
1693 932
932 926
926 802
802 1734
1734 279
279 1477
279 1539
1477 2068
2068 952
2068 160
952 545
952 735
545 580
545 2049
580 2079
2079 606
606 1550
1550 1899
1550 515
1899 167
1899 916
167 846
846 1420
1420 289
289 1888
289 1695
1888 1379
1888 750
1379 408
408 1815
408 261
1815 1865
1815 177
1865 906
906 1201
1201 2048
2048 102
102 1146
102 392
1146 413
1146 1777
413 309
309 823
823 751
751 270
270 1840
1840 1724
1840 540
1724 1961
1724 1243
1961 1342
1961 961
1342 1506
1342 114
1506 22
1506 1221
22 2033
22 1045
2033 1124
1124 1282
1282 81
81 1216
81 1307
1216 2040
2040 190
190 38
190 594
38 1084
1084 1834
1834 1128
1128 351
351 869
351 1462
869 1200
1200 2036
1200 92
2036 1156
2036 423
1156 632
1156 473
632 452
452 969
452 1963
969 993
969 1486
993 1692
1692 1495
1692 1093
1495 1234
1234 176
176 894
176 1922
894 509
894 927
509 1786
509 698
1786 175
175 1594
175 1991
1594 1736
1594 1654
1736 1137
1137 1611
1137 1267
1611 1716
1611 744
1716 1431
1431 789
1431 1702
789 1013
789 576
1013 712
1013 1223
712 1220
712 192
1220 570
1220 1428
570 945
570 56
945 1456
945 987
1456 1709
1456 1453
1709 217
1709 720
217 1523
1523 98
1523 1229
98 1000
1000 518
1000 85
518 1228
518 1932
1228 265
265 1568
1568 1613
1568 910
1613 481
1613 1732
481 835
481 1509
835 2087
2087 1239
2087 557
1239 896
896 144
144 1360
1360 1934
1934 1042
1042 592
1042 132
592 552
552 1067
1067 1620
1620 1522
1522 1206
1206 1595
1595 373
1595 1964
373 1434
373 1646
1434 783
783 1856
1856 401
401 2069
2069 358
358 1766
1766 1012
1766 1256
1012 2083
2083 231
231 520
231 1514
520 68
68 1623
1623 1158
1158 1779
1779 333
333 139
139 2085
139 1383
2085 1382
2085 957
1382 590
1382 1592
590 715
590 17
715 492
492 1064
1064 856
1064 210
856 1842
1842 123
1842 521
123 1844
1844 966
1844 468
966 1110
966 857
1110 1664
1664 1540
1540 1423
1423 1247
1247 1601
1601 973
973 193
193 1505
193 1497
1505 357
357 601
357 14
601 1131
601 30
1131 448
1131 1134
448 911
911 692
692 386
692 1831
386 36
386 1622
36 454
454 127
127 1369
1369 1361
1369 396
1361 254
1361 779
254 1704
1704 2099
1704 1721
2099 1417
2099 1741
1417 1168
1168 440
440 159
159 21
21 1259
21 1339
1259 1553
1259 179
1553 1756
1553 967
1756 1340
1340 568
1340 1874
568 1033
568 1472
1033 1981
1981 131
131 1621
1621 1519
1519 1946
1946 28
1946 982
28 1288
1288 97
97 1035
97 1567
1035 284
1035 1262
284 1063
284 397
1063 322
322 1790
322 182
1790 1240
1790 1205
1240 1593
1240 1046
1593 629
629 759
759 71
71 1079
1079 1466
1079 1662
1466 1673
1466 1263
1673 107
107 719
719 1320
1320 800
1320 389
800 1174
1174 1191
1174 1078
1191 1359
1191 688
1359 776
1359 1272
776 1967
776 660
1967 928
1967 406
928 1487
1487 870
870 577
577 1198
577 1643
1198 825
825 544
825 1418
544 1816
1816 872
1816 687
872 792
872 849
792 526
792 1689
526 72
526 205
72 106
72 1019
106 547
106 208
547 933
933 1507
1507 885
885 1626
885 888
1626 655
655 2004
655 1536
2004 77
2004 925
77 2011
77 565
2011 956
956 1315
1315 66
1315 2042
66 7
7 1793
7 1038
1793 415
1793 444
415 1835
1835 558
558 199
558 1068
199 980
980 653
980 266
653 1602
653 84
1602 1
1602 897
1 349
1 745
349 943
943 1217
1217 683
683 1876
683 977
1876 502
1876 859
502 2077
502 1773
2077 895
895 1972
895 1072
1972 2046
1972 112
2046 252
2046 1427
252 1233
252 1169
1233 1584
1584 80
1584 1465
80 1442
80 1898
1442 2023
1442 1276
2023 1796
1796 1921
1921 87
87 376
376 245
245 215
245 321
215 1902
1902 2038
2038 1102
2038 19
1102 498
498 362
498 407
362 1668
1668 1080
1668 608
1080 1825
1080 725
1825 485
485 455
455 1115
1115 1578
1578 1023
1578 909
1023 1531
1023 244
1531 338
1531 220
338 1032
338 188
1032 450
1032 1544
450 935
935 1918
935 1703
1918 1722
1722 723
1722 1211
723 564
723 1114
564 1661
564 1001
1661 1749
1661 256
1749 419
1749 298
419 831
831 1485
1485 301
1485 1503
301 1175
301 2016
1175 1373
1373 1528
1373 260
1528 280
1528 1127
280 864
864 1783
1783 1650
1650 204
204 1655
1655 1283
1283 533
1283 374
533 1681
533 1182
1681 409
1681 1401
409 914
409 801
914 1061
1061 1723
1061 1712
1723 536
536 944
536 752
944 1520
944 296
1520 522
1520 1280
522 45
45 130
130 676
130 1807
676 668
668 1942
668 1039
1942 242
242 313
242 1685
313 169
169 388
388 339
388 671
339 1380
1380 817
1380 955
817 1113
817 78
1113 180
180 1925
1925 497
497 2081
497 1274
2081 1237
2081 2075
1237 1993
1993 1656
1656 766
766 917
766 140
917 541
917 163
541 514
514 1231
1231 828
828 390
390 1017
1017 2094
1017 451
2094 1604
2094 255
1604 1970
1970 1671
1671 240
1671 20
240 1242
240 1524
1242 1015
1242 780
1015 1911
1015 310
1911 2076
1911 141
2076 1321
2076 887
1321 1129
1129 1499
1499 427
427 1928
1928 293
1928 1154
293 1185
1185 1861
1861 756
1861 1570
756 32
32 1029
1029 147
1029 1496
147 1618
147 356
1618 1336
1618 572
1336 1413
1336 1066
1413 998
1413 851
998 1987
1987 1564
1987 316
1564 1910
1910 1751
1751 1048
1048 1348
1348 1140
1348 1416
1140 359
1140 753
359 891
891 272
272 1399
1399 76
1399 841
76 1772
76 1460
1772 682
1772 1452
682 157
157 1392
1392 1394
1392 1905
1394 1758
1394 2025
1758 449
1758 999
449 1804
1804 420
420 250
420 1331
250 1059
250 1657
1059 1845
1059 737
1845 1374
1374 414
1374 1754
414 839
414 1631
839 1163
1163 1580
1163 903
1580 1241
1241 1257
1257 2051
2051 867
2051 1171
867 1034
1034 1624
1034 1024
1624 1075
1624 1197
1075 1853
1075 1164
1853 40
1853 731
40 292
292 1862
1862 1324
1862 197
1324 49
49 1949
1949 798
798 1238
798 1214
1238 743
1238 1939
743 126
126 853
126 287
853 1826
853 915
1826 445
445 648
648 693
693 1983
1983 1329
1983 696
1329 1705
1705 257
257 1325
257 1915
1325 769
1325 27
769 173
173 641
173 2020
641 1877
641 734
1877 1439
1439 436
436 422
422 579
422 1362
579 37
579 2047
37 54
37 1018
54 1527
54 654
1527 1343
1527 1310
1343 1848
1343 963
1848 812
812 863
863 1476
863 598
1476 593
593 490
593 1684
490 1136
1136 749
749 1058
1058 12
1058 258
12 1471
12 690
1471 611
611 2095
611 198
2095 1737
1737 923
923 1091
923 1480
1091 2000
2000 1678
1678 721
1678 924
721 1875
721 233
1875 458
458 711
711 73
711 412
73 941
941 150
150 2015
150 1083
2015 643
643 227
643 814
227 627
227 2096
627 1187
1187 119
119 1819
1819 69
69 1186
1186 496
496 2045
2045 623
623 1291
623 1577
1291 1309
1309 1798
1798 621
621 1354
1354 912
912 1906
912 1735
1906 1870
1906 213
1870 1771
1771 1085
1085 172
1085 249
172 1727
1727 306
1727 2003
306 1317
306 355
1317 1368
1368 672
672 1640
672 740
1640 1447
1447 1680
1680 775
1680 1481
775 121
121 829
121 1947
829 1161
829 1747
1161 425
1161 494
425 1053
425 1184
1053 319
1053 63
319 15
15 1726
15 990
1726 528
528 1633
1633 644
1633 1112
644 317
317 297
297 1938
1938 818
818 360
818 661
360 2006
360 178
2006 739
2006 277
739 336
739 2028
336 761
761 860
761 44
860 1014
1014 164
164 1500
164 826
1500 1118
1118 1554
1554 5
1554 1546
5 203
5 288
203 1652
1652 1960
1652 1323
1960 2073
1960 807
2073 1973
1973 1667
1667 1098
1667 1600
1098 418
418 1743
1743 2091
1743 2024
2091 634
634 1603
634 1106
1603 899
899 1764
1764 1268
1268 1630
1268 1270
1630 1303
1303 348
348 1980
348 1461
1980 1069
1980 155
1069 1095
1095 1976
1976 2019
2019 1400
1400 238
1400 439
238 1868
1868 1562
1562 1854
1854 806
1854 1305
806 1649
806 610
1649 1894
1894 50
50 1126
1126 1767
1767 746
746 456
456 224
224 893
893 1040
893 379
1040 399
1040 269
399 549
549 1895
1895 656
1895 1731
656 263
656 1941
263 1576
263 489
1576 443
443 143
443 273
143 1638
143 729
1638 447
1638 830
447 965
965 548
548 1245
548 1036
1245 618
618 274
274 2013
2013 1491
2013 649
1491 573
1491 1293
573 320
573 165
320 837
320 1596
837 393
393 1254
1254 892
1254 1142
892 330
330 1404
1404 1866
1404 724
1866 1258
1866 460
1258 1956
1956 1350
1350 1675
1675 431
1675 384
431 2037
2037 1397
2037 1909
1397 1435
1435 1814
1814 714
1814 1619
714 1914
714 1526
1914 1298
1914 535
1298 1637
1298 918
1637 1806
1806 278
1806 200
278 1890
1890 1130
1130 1683
1683 978
1683 74
978 1810
978 1446
1810 86
1810 29
86 170
170 1364
170 563
1364 1919
1919 2012
1919 2080
2012 1803
2012 2071
1803 659
659 1686
659 1989
1686 1850
1686 624
1850 642
642 562
642 1284
562 1424
562 484
1424 282
1424 1609
282 129
282 503
129 657
657 60
657 550
60 559
559 311
559 1572
311 1213
311 1050
1213 1183
1213 1299
1183 1632
1183 645
1632 1143
1143 95
1143 1851
95 47
47 1800
1800 1557
1800 1710
1557 1679
1557 510
1679 1929
1679 1795
1929 1333
1333 946
1333 1508
946 1429
946 539
1429 1965
1965 1478
1965 1733
1478 809
1478 1002
809 1504
809 617
1504 1082
1082 1443
1082 1278
1443 679
1443 1599
679 142
142 1682
1682 1676
1676 1463
1463 1292
1292 762
762 1860
762 70
1860 1419
1419 1774
1419 861
1774 865
1774 1535
865 1615
865 1363
1615 937
937 2072
937 742
2072 191
191 229
191 920
229 1612
229 1799
1612 1691
1691 1178
1178 1832
1178 681
1832 1097
1832 931
1097 619
619 487
487 2064
2064 821
2064 804
821 848
821 398
848 900
848 1386
900 953
953 1745
953 1634
1745 475
475 1433
1433 2054
1433 2097
2054 305
2054 1838
305 1411
1411 1148
1411 206
1148 790
790 827
827 1122
827 1026
1122 294
1122 6
294 235
294 907
235 1746
235 83
1746 1440
1440 667
667 1189
1189 1606
1606 575
575 1846
1846 2027
2027 365
365 196
196 1913
196 1089
1913 285
285 1744
285 369
1744 387
1744 727
387 2008
2008 1250
2008 426
1250 889
889 1388
889 312
1388 1448
1448 604
604 633
604 1889
633 697
633 1008
697 805
805 65
805 1607
65 1313
1313 1475
1475 283
1475 1327
283 125
125 428
428 1817
1817 337
1817 1345
337 1864
1864 730
730 704
730 843
704 253
704 438
253 403
253 1502
403 1092
403 184
1092 1739
1739 1056
1056 2030
2030 23
23 1878
23 434
1878 631
1878 1232
631 1748
1748 1108
1108 976
1108 847
976 472
976 1818
472 135
135 1971
135 1950
1971 209
209 1966
209 553
1966 876
1966 1407
876 796
796 59
59 1269
59 1582
1269 718
718 1219
1219 1587
1587 587
587 1028
587 628
1028 674
1028 947
674 493
493 1356
493 680
1356 1152
1152 1937
1937 1992
1937 1770
1992 234
234 1351
1351 803
803 1515
803 103
1515 1513
1513 795
795 2090
2090 626
2090 327
626 476
626 1409
476 218
218 212
212 1849
212 335
1849 1133
1133 185
185 2059
185 228
2059 1780
1780 2043
2043 890
890 13
890 1265
13 1872
1872 1123
1872 1543
1123 1666
1666 1430
1666 979
1430 1328
1430 1415
1328 1707
1328 1322
1707 1287
1707 2062
1287 1547
1287 815
1547 370
370 110
110 1109
1109 58
58 467
58 2067
467 1962
467 2063
1962 713
713 1406
1406 1493
1406 1107
1493 1116
1493 958
1116 1371
1116 429
1371 722
722 1437
722 2007
1437 702
702 855
855 1985
855 136
1985 1549
1985 53
1549 1372
1549 1194
1372 158
1372 695
158 1030
158 1920
1030 794
1030 67
794 772
772 247
247 689
689 1199
689 706
1199 1677
1199 1698
1677 793
793 639
639 1208
1208 506
1208 1636
506 109
506 1173
109 1160
1160 1605
1605 1408
1605 1516
1408 1784
1784 1951
1951 1365
1951 2002
1365 1049
1365 1586
1049 1376
1049 1792
1376 1708
1708 1730
1708 614
1730 647
1730 1297
647 183
647 328
183 1892
1892 1641
1892 1222
1641 1353
1353 2066
1353 1459
2066 1574
2066 1645
1574 2
1574 1302
2 325
2 232
325 1687
1687 222
1687 372
222 636
222 778
636 1047
636 569
1047 194
194 974
974 1457
974 1738
1457 707
707 1585
707 416
1585 1004
1585 1512
1004 1518
1004 612
1518 1438
1438 701
1438 1300
701 1027
1027 236
236 585
236 149
585 1021
585 1808
1021 525
525 2053
525 665
2053 1781
2053 1088
1781 527
1781 1823
527 833
833 882
882 303
303 1094
1094 2056
2056 505
2056 1957
505 281
281 1070
1070 156
1070 1385
156 42
156 371
42 189
42 583
189 2074
189 691
2074 1101
1101 1488
1101 717
1488 195
195 879
195 663
879 971
879 1144
971 378
378 166
378 1558
166 1179
166 964
1179 1402
1179 1390
1402 950
1402 529
950 161
950 2034
161 243
161 1753
243 326
326 1843
326 726
1843 771
771 382
771 1788
382 1395
382 519
1395 600
600 1887
600 1119
1887 1697
1697 1451
1451 146
146 1421
1421 1403
1403 1883
1883 555
1883 2092
555 1653
555 1405
1653 1436
1653 940
1436 1880
1880 1253
1880 1105
1253 1170
1170 153
1170 758
153 1690
1690 878
878 1120
878 1468
1120 995
1120 1886
995 1719
995 524
1719 482
1719 46
482 1306
482 578
1306 461
1306 2070
461 880
461 1628
880 2078
880 1581
2078 1545
1545 1907
1545 986
1907 26
1907 1454
