1 2654 865412895
2008 1362
1362 1902
1902 1818
1818 1655
1655 305
305 1741
1741 463
1741 2546
463 405
405 849
405 1692
849 317
849 171
317 1149
317 1410
1149 311
1149 116
311 2287
2287 953
2287 72
953 84
953 23
84 1933
1933 981
1933 1565
981 1594
1594 3
3 193
3 474
193 620
620 1797
1797 1712
1712 516
1712 2518
516 2266
2266 1825
1825 1077
1825 413
1077 617
1077 2081
617 828
617 1864
828 2517
828 2539
2517 1472
1472 2038
1472 136
2038 881
881 343
343 2554
343 2326
2554 530
530 2145
2145 2299
2299 1384
1384 1156
1384 681
1156 820
1156 2384
820 869
820 978
869 1853
869 363
1853 1308
1853 2631
1308 1951
1951 1124
1951 651
1124 1167
1124 1041
1167 1098
1098 507
1098 844
507 2412
507 933
2412 2385
2412 1392
2385 2455
2385 890
2455 553
2455 682
553 45
45 980
45 1
980 186
186 436
186 2637
436 1683
436 65
1683 2095
2095 1058
1058 745
1058 34
745 2030
745 218
2030 733
733 2161
2161 696
2161 2629
696 2486
2486 1905
1905 723
1905 2496
723 1423
723 2423
1423 1713
1713 860
1713 1129
860 2160
860 1870
2160 974
974 546
974 533
546 2560
2560 2566
2566 1621
2566 1349
1621 1909
1621 221
1909 995
1909 1481
995 2645
2645 1731
1731 2032
1731 531
2032 1847
1847 108
108 1653
1653 2537
2537 295
2537 2286
295 2272
2272 1302
1302 1817
1817 2130
1817 1611
2130 1773
1773 2291
2291 2434
2291 1467
2434 1346
1346 2611
2611 528
528 2589
2589 1093
1093 1991
1093 1842
1991 2585
1991 2533
2585 1745
1745 574
574 2292
574 2146
2292 714
714 898
714 2639
898 562
562 2298
2298 1578
2298 106
1578 1047
1047 612
1047 426
612 1835
612 11
1835 1315
1315 1927
1927 1055
1927 401
1055 669
1055 1360
669 1757
669 9
1757 89
1757 749
89 1094
1094 1176
1094 2306
1176 831
1176 1177
831 664
664 2296
664 340
2296 1889
2296 2282
1889 2507
2507 424
424 38
38 692
38 86
692 1732
692 879
1732 107
1732 1668
107 119
119 964
964 2392
2392 281
281 27
281 2359
27 90
27 839
90 2567
2567 2224
2224 751
2224 2457
751 870
751 8
870 1230
1230 2498
1230 972
2498 1612
1612 1263
1612 475
1263 1921
1921 494
494 1874
1874 1764
1874 1517
1764 2364
1764 1997
2364 537
537 2204
2204 660
2204 851
660 1687
1687 2169
1687 56
2169 1881
1881 1184
1184 791
791 1585
1585 2091
1585 407
2091 2591
2591 857
857 2470
857 1107
2470 1053
1053 1567
1053 2208
1567 301
301 1595
301 1511
1595 207
1595 1008
207 2341
2341 550
2341 467
550 181
550 1052
181 1906
181 1081
1906 724
724 123
724 1744
123 544
123 393
544 1128
544 915
1128 743
743 2159
2159 2582
2159 290
2582 1720
1720 572
572 2057
2057 1276
1276 1917
1917 2332
2332 1523
1523 1710
1710 1394
1394 442
1394 2118
442 1108
442 1644
1108 1123
1123 1305
1305 1060
1305 707
1060 2491
1060 470
2491 85
2491 780
85 773
85 601
773 2063
2063 14
14 214
214 1189
214 1950
1189 361
361 1990
1990 433
433 742
433 2238
742 1489
1489 680
680 2117
680 2227
2117 956
2117 168
956 1771
1771 2220
2220 253
2220 2353
253 1664
1664 2293
2293 797
797 2211
2211 2277
2277 1512
2277 1736
1512 1604
1604 779
1604 1032
779 941
779 1918
941 2366
2366 1779
1779 2172
1779 339
2172 1002
1002 1309
1002 1105
1309 1814
1309 41
1814 886
886 478
886 1067
478 1728
1728 1073
1728 2619
1073 1122
1073 2441
1122 1170
1170 2524
1170 2576
2524 2516
2524 1792
2516 2194
2516 1397
2194 954
954 2544
954 468
2544 63
2544 232
63 2230
2230 2382
2230 2599
2382 1994
2382 1150
1994 1169
1994 1265
1169 1434
1169 2226
1434 2042
2042 985
985 1283
985 829
1283 2240
1283 1924
2240 854
854 121
854 638
121 16
16 2399
16 1035
2399 781
781 1440
1440 637
1440 727
637 1640
1640 2024
1640 1438
2024 1914
2024 406
1914 1320
1320 2166
1320 932
2166 2200
2200 480
2200 2009
480 2050
2050 1519
1519 334
334 1224
334 2440
1224 1654
1654 1366
1654 464
1366 2427
2427 2497
2497 965
965 2308
965 2268
2308 1348
2308 250
1348 2035
2035 2503
2035 490
2503 1329
1329 1908
1329 2501
1908 2248
1908 2590
2248 1287
2248 1753
1287 623
623 2113
623 288
2113 273
273 2600
2600 1590
1590 1750
1590 2178
1750 1763
1763 698
1763 1768
698 1244
1244 1777
1777 1534
1534 2420
1534 2558
2420 1783
1783 372
1783 2602
372 1693
1693 2056
2056 657
2056 543
657 1092
1092 1233
1233 196
1233 2011
196 855
196 1614
855 802
802 2076
2076 1021
1021 1985
1021 2325
1985 1155
1985 159
1155 2445
1155 992
2445 29
29 1929
29 1048
1929 2058
2058 512
2058 201
512 668
668 2259
668 2424
2259 2643
2259 204
2643 656
2643 1550
656 518
518 610
518 2154
610 2041
2041 975
975 729
729 1988
729 78
1988 991
1988 2543
991 2184
2184 643
643 772
772 69
772 1998
69 332
69 1324
332 547
332 2044
547 1725
1725 1110
1725 102
1110 652
1110 700
652 1691
1691 2449
1691 1805
2449 1336
1336 1326
1326 2365
1326 1755
2365 1554
1554 353
1554 375
353 921
353 271
921 962
962 1549
962 274
1549 2037
2037 2033
2033 212
2033 419
212 49
212 235
49 2640
49 2568
2640 122
2640 1759
122 1662
1662 147
147 1782
147 942
1782 1082
1082 2464
1082 1634
2464 2015
2015 126
126 628
126 2595
628 1178
1178 1752
1752 1625
1625 2217
1625 2553
2217 534
534 678
534 1495
678 1830
678 1332
1830 1694
1694 1466
1694 1563
1466 2112
1466 1597
2112 760
760 1672
1672 1427
1427 70
1427 1451
70 1214
1214 194
194 662
662 902
662 1866
902 1570
1570 2386
2386 1939
1939 1449
1449 1238
1238 1897
1238 298
1897 2120
2120 2563
2120 943
2563 1901
1901 460
460 255
460 495
255 2331
255 841
2331 1795
1795 2596
2596 2088
2088 2036
2088 2031
2036 2395
2036 2051
2395 1463
2395 1973
1463 560
1463 1521
560 2209
2209 1090
2209 815
1090 1114
1090 1412
1114 2528
2528 1972
1972 1969
1969 2485
1969 1261
2485 369
2485 2029
369 1631
369 2084
1631 836
1631 2077
836 352
352 1442
1442 1587
1587 1433
1433 1139
1139 80
1139 1796
80 949
949 220
949 663
220 420
420 2636
2636 1373
2636 2500
1373 1689
1373 1946
1689 1978
1978 1696
1696 155
1696 1729
155 1205
155 1192
1205 254
254 2254
2254 2179
2254 1478
2179 1296
2179 1469
1296 1721
1721 1551
1721 2201
1551 874
874 2105
874 2066
2105 508
508 709
508 2085
709 2348
709 1036
2348 1811
1811 2578
2578 2111
2578 2429
2111 1526
2111 2171
1526 1172
1172 701
701 988
701 1084
988 1152
988 1984
1152 1321
1152 1203
1321 502
502 452
452 1840
1840 2173
2173 794
794 584
794 650
584 804
804 1599
1599 1252
1599 2370
1252 244
244 1034
1034 837
1034 2045
837 2549
837 421
2549 2022
2022 1586
1586 1057
1586 1537
1057 142
142 1474
142 1928
1474 459
1474 1505
459 2155
2155 2163
2155 1273
2163 1347
1347 2635
1347 1153
2635 1582
2635 1475
1582 1545
1545 103
1545 1529
103 1800
1800 111
111 805
111 1722
805 1464
1464 1867
1464 2349
1867 1100
1867 277
1100 899
1100 552
899 1758
1758 567
567 635
567 725
635 1802
1802 1330
1802 2623
1330 2454
1330 615
2454 739
2454 397
739 1307
1307 1200
1307 1229
1200 1995
1995 2387
2387 765
2387 1376
765 593
765 900
593 477
593 846
477 634
634 150
150 927
150 889
927 316
316 1138
316 613
1138 68
1138 1325
68 2237
2237 1568
2237 1623
1568 2086
1568 796
2086 1465
2086 1279
1465 1408
1465 2633
1408 2347
1408 1592
2347 445
2347 715
445 2170
445 1363
2170 2569
2569 443
2569 211
443 2379
443 1791
2379 2577
2379 960
2577 2153
2153 2207
2207 1486
2207 1476
1486 2129
2129 1099
2129 2152
1099 2100
2100 2357
2357 1396
2357 337
1396 94
94 1620
1620 1333
1620 1455
1333 1232
1232 479
1232 1038
479 1490
479 923
1490 1104
1104 1323
1104 2250
1323 13
13 95
95 734
95 2642
734 519
519 377
519 1703
377 823
823 18
823 294
18 481
18 258
481 2300
481 291
2300 910
910 448
448 1770
448 540
1770 2448
1770 390
2448 2466
2448 2613
2466 1016
1016 249
249 1133
249 575
1133 73
1133 2407
73 2247
2247 192
192 2419
192 527
2419 2137
2137 2483
2483 1686
2483 109
1686 1494
1494 740
740 1813
1813 2648
1813 827
2648 719
719 674
719 1432
674 795
795 1342
795 2651
1342 6
6 1334
6 1682
1334 1473
1334 807
1473 2123
2123 705
705 2214
2214 429
429 2428
429 1437
2428 940
2428 1282
940 824
940 1636
824 2557
2557 1118
2557 323
1118 1558
1558 153
1558 1737
153 1543
1543 1426
1543 1727
1426 587
1426 293
587 672
672 292
672 1162
292 1979
1979 937
1979 54
937 834
834 1548
834 2426
1548 118
118 1266
1266 236
236 1685
236 500
1685 2295
2295 1541
1541 1964
1541 1126
1964 1255
1964 878
1255 412
412 850
850 487
487 2122
487 1343
2122 188
188 387
387 2592
2592 1310
1310 1211
1211 10
10 1446
10 1724
1446 2149
1446 2579
2149 396
2149 1278
396 93
396 2140
93 866
93 1380
866 967
967 1285
967 1552
1285 2488
2488 1199
1199 655
1199 2456
655 2289
2289 1913
1913 1959
1913 754
1959 1216
1216 808
808 2192
2192 402
402 1608
1608 1127
1127 1031
1031 2023
1031 2060
2023 1515
2023 439
1515 1374
1374 608
1374 1576
608 2461
608 227
2461 769
2461 1116
769 2561
769 2089
2561 1560
2561 2019
1560 283
283 1680
283 1078
1680 600
600 576
576 589
589 1849
589 1681
1849 863
863 1894
863 862
1894 2138
1894 289
2138 348
348 2620
348 1679
2620 1361
2620 884
1361 868
868 1555
868 891
1555 2307
2307 1413
1413 400
1413 1147
400 1556
1556 2327
1556 1029
2327 2106
2106 838
838 625
625 644
625 704
644 1701
644 596
1701 2338
2338 1993
2338 1572
1993 2012
1993 1868
2012 1844
1844 267
1844 318
267 299
267 1328
299 1076
299 88
1076 2473
2473 2080
2473 2136
2080 22
2080 2411
22 2529
22 2061
2529 2205
2529 2069
2205 1530
1530 1963
1963 1338
1338 1659
1338 1179
1659 934
1659 1166
934 1981
934 713
1981 599
1981 2065
599 2351
2351 1890
1890 1120
1120 2373
1120 761
2373 1066
2373 1854
1066 1444
1066 973
1444 2574
2574 914
2574 524
914 1638
914 110
1638 712
1638 2115
712 2151
712 1403
2151 285
285 1007
1007 1566
1566 2493
1566 164
2493 1626
2493 1202
1626 1188
1188 1980
1980 1331
1331 1399
1331 1954
1399 603
1399 987
603 2222
603 1195
2222 2521
2222 331
2521 2004
2521 1704
2004 1146
1146 977
977 636
636 1113
636 2605
1113 115
115 35
115 2355
35 1846
1846 1217
1846 1651
1217 127
1217 1952
127 302
302 148
148 814
148 1194
814 2397
814 453
2397 394
394 548
394 2228
548 1559
548 2628
1559 1542
1542 1130
1542 130
1130 1880
1130 521
1880 1243
1880 1012
1243 2182
2182 1042
1042 376
376 2002
376 1848
2002 1561
2002 1030
1561 1657
1657 324
324 2608
324 1584
2608 1388
2608 653
1388 630
1388 234
630 2075
630 2067
2075 1431
2075 1557
1431 893
1431 1617
893 2278
893 1887
2278 382
2278 496
382 920
920 784
784 2121
2121 1715
1715 517
517 627
627 1518
1518 31
1518 2284
31 2143
2143 2646
2646 461
2646 2087
461 1892
1892 1957
1892 1743
1957 955
955 929
955 2203
929 1245
1245 200
1245 918
200 569
569 2360
2360 489
2360 2617
489 748
748 2233
748 970
2233 2653
2233 2053
2653 2285
2285 1919
1919 1670
1670 67
67 2422
67 161
2422 1020
1020 1785
1020 679
1785 366
1785 1428
366 1714
366 926
1714 191
1714 2649
191 1462
1462 2509
2509 626
2509 1228
626 793
793 2219
793 362
2219 2281
2219 169
2281 2245
2245 523
523 2372
523 2634
2372 738
2372 1660
738 418
418 2390
418 538
2390 101
101 222
222 845
222 2598
845 2005
2005 138
138 120
120 2185
120 1207
2185 1837
1837 1418
1837 1665
1418 859
1418 1601
859 52
52 1508
1508 1673
1673 2475
2475 1457
2475 770
1457 571
1457 913
571 360
571 66
360 48
360 1335
48 1506
48 2264
1506 2490
2490 1808
2490 1775
1808 338
338 1803
1803 752
752 1234
1234 2195
2195 2376
2376 1135
1135 1596
1135 1564
1596 46
1596 832
46 2303
46 2465
2303 2551
2303 1834
2551 585
2551 40
585 2478
585 706
2478 835
835 1430
835 2242
1430 788
1430 1735
788 368
788 1297
368 1223
1223 2054
2054 1051
1051 105
105 1367
105 1381
1367 1762
1367 2186
1762 1085
1085 2269
2269 1676
1676 2474
2474 716
2474 776
716 1690
716 1140
1690 1356
1356 2206
1356 2109
2206 2336
2336 189
189 25
189 2368
25 1718
1718 1236
1718 117
1236 1641
1641 649
649 1353
1353 1248
1248 1856
1248 2584
1856 158
1856 2350
158 1018
1018 2294
1018 203
2294 410
410 2064
410 1708
2064 1401
2064 1499
1401 260
260 357
260 2525
357 1538
1538 157
1538 2283
157 2401
157 1754
2401 906
2401 1023
906 1389
906 151
1389 1553
1389 1859
1553 2504
1553 529
2504 329
2504 1407
329 1075
329 1327
1075 1707
1075 233
1707 695
1707 2243
695 1749
695 1096
1749 1820
1749 2489
1820 2006
2006 2346
2346 1416
1416 310
310 417
417 2510
2510 355
2510 598
355 2538
2538 1074
2538 2092
1074 2062
1074 1405
2062 2409
2409 2329
2329 2345
2345 1154
2345 144
1154 1574
1574 1111
1574 1477
1111 1272
1272 821
821 2132
2132 2439
2439 77
2439 1357
77 858
858 1960
1960 1547
1547 520
520 2324
2324 2183
2183 1102
1102 2572
2572 1816
2572 1646
1816 986
986 1633
1633 1719
1633 1520
1719 594
1719 2127
594 2431
2431 2027
2027 1382
1382 1934
1382 1022
1934 399
399 1790
1790 2188
1790 938
2188 1756
2188 333
1756 2520
2520 1028
1028 92
92 1359
92 1734
1359 573
1359 588
573 1726
573 370
1726 633
1726 549
633 1220
633 1968
1220 1354
1354 2556
1354 1165
2556 1858
2556 1341
1858 809
1858 774
809 2626
809 1630
2626 1589
1589 1213
1213 1180
1180 1001
1180 2438
1001 1766
1766 771
1766 2221
771 2532
771 2168
2532 801
801 624
624 1414
1414 184
184 1677
1677 2562
2562 1240
1240 2305
1240 2258
2305 803
803 2515
803 1884
2515 525
525 2644
525 395
2644 1288
2644 979
1288 968
968 1304
968 750
1304 2476
1304 1386
2476 659
659 1955
1955 113
1955 687
113 1312
113 205
1312 1658
1312 2229
1658 21
21 1504
1504 2391
1504 2615
2391 936
2391 1293
936 1419
936 1627
1419 717
717 1776
717 2328
1776 1891
1891 2481
2481 469
469 322
322 609
322 872
609 621
621 2418
2418 2225
2418 2484
2225 1546
1546 1716
1546 912
1716 1160
1160 1187
1187 2304
1187 843
2304 206
206 2342
2342 2487
2487 2074
2074 1239
2074 1794
1239 885
885 1000
885 699
1000 545
1000 513
545 1351
1351 1391
1351 945
1391 1148
1391 296
1148 1886
1886 308
308 2398
2398 876
876 1772
876 336
1772 1206
1206 882
1206 2001
882 2402
882 1175
2402 1402
2402 1974
1402 145
1402 753
145 465
465 270
270 2071
270 1379
2071 1144
1144 75
75 690
75 2273
690 1639
1639 2144
1639 654
2144 1452
1452 2251
1452 312
2251 1461
1461 1136
1136 1290
1136 670
1290 1652
1290 492
1652 2604
1652 1798
2604 2552
2604 511
2552 721
721 583
721 1697
583 2198
2198 2586
2586 2265
2265 2157
2157 2477
2157 154
2477 1197
1197 565
1197 1498
565 1069
565 667
1069 202
1069 2415
202 483
483 152
483 689
152 2174
2174 1851
1851 1838
1851 2343
1838 1606
1838 2309
1606 1573
1606 810
1573 2199
1573 1174
2199 1965
1965 125
1965 246
125 2408
125 1841
2408 1158
1158 816
816 1898
1898 50
50 1999
1999 1225
1225 2442
1225 342
2442 1916
2442 1010
1916 711
711 1314
711 1760
1314 963
963 195
195 763
195 2073
763 2234
763 278
2234 2043
2043 1226
2043 1804
1226 1602
1602 2536
1602 661
2536 240
240 1733
1733 1915
1733 385
1915 1050
1915 735
1050 790
1050 1161
790 1044
1044 2330
2330 325
2330 131
325 1183
1183 539
539 1831
539 2052
1831 619
619 1502
619 1522
1502 2055
2055 767
2055 1910
767 237
237 320
320 280
320 24
280 2180
280 1977
2180 199
2180 2164
199 197
197 1045
1045 1989
1045 156
1989 800
800 1860
800 403
1860 555
1860 2267
555 2522
555 2321
2522 243
243 606
243 388
606 224
224 1650
1650 1275
1650 894
1275 1260
1275 1079
1260 1159
1260 79
1159 2311
2311 2232
2311 1277
2232 1097
2232 1259
1097 873
1097 578
873 786
873 1493
786 248
248 1033
1033 2433
2433 2010
2433 2175
2010 510
510 1855
510 1695
1855 1503
1855 57
1503 2393
1503 2430
2393 2028
2028 1358
1358 2256
1358 2381
2256 1215
2256 983
1215 1943
1215 1479
1943 391
391 2323
391 1063
2323 423
423 905
905 2410
905 1833
2410 1788
1788 1072
1788 1318
1072 1292
1292 2494
1292 1267
2494 279
2494 1003
279 1383
1383 1603
1603 1106
1106 2048
2048 645
2048 864
645 219
219 1436
219 1344
1436 1218
1218 997
997 1208
997 1789
1208 1370
1370 2583
1370 819
2583 386
2583 907
386 1453
386 2158
1453 1395
1395 2571
2571 944
2571 685
944 2013
944 415
2013 526
526 515
515 917
515 1299
917 1531
1531 2377
1531 1355
2377 708
2377 925
708 198
708 1201
198 1642
198 2040
1642 2274
1642 1632
2274 2335
2274 736
2335 1896
2335 1319
1896 2601
2601 2262
2601 498
2262 2279
2262 259
2279 268
2279 100
268 1429
1429 228
1429 2119
228 2378
228 1958
2378 81
2378 456
81 1482
81 2339
1482 522
522 1932
522 187
1932 904
1932 1046
904 1313
1313 2641
2641 536
536 666
536 472
666 1577
1577 484
1577 2275
484 798
798 2025
798 2190
2025 826
2025 1513
826 1387
826 59
1387 564
1387 149
564 2344
564 36
2344 1613
2344 454
1613 958
958 688
958 861
688 2244
2244 91
2244 875
91 631
91 47
631 756
631 1827
756 1904
756 104
1904 1054
1054 284
1054 2070
284 1301
1301 1291
1301 1393
1291 605
605 74
605 1091
74 580
580 817
580 1702
817 241
817 928
241 677
677 275
677 2502
275 722
275 1365
722 1524
1524 226
1524 462
226 2302
2302 2625
2625 172
172 1409
1409 901
901 2405
901 746
2405 416
416 398
398 842
842 444
444 140
140 1598
1598 595
1598 1899
595 2014
595 26
2014 1699
2014 959
1699 2403
2403 916
916 785
916 1975
785 411
411 330
330 2017
2017 2453
2017 1268
2453 71
2453 209
71 1618
71 434
1618 1256
1256 1648
1648 112
112 1450
112 213
1450 1912
1450 542
1912 2114
2114 755
755 1923
1923 2072
2072 856
856 602
856 371
602 378
602 1049
378 2316
378 697
2316 1019
2316 783
1019 2102
2102 1059
2102 276
1059 1185
1185 1497
1185 563
1497 2383
2383 1861
1861 1986
1986 903
903 99
903 217
99 640
99 1940
640 297
640 1115
297 1723
297 471
1723 1141
1141 1151
1141 384
1151 718
1151 58
718 2210
2210 166
166 782
166 2367
782 306
306 2389
2389 2079
2079 1404
1404 488
1404 304
488 764
764 2388
764 2082
2388 2436
2436 683
2436 1675
683 501
683 509
501 971
971 1406
1406 2482
2482 2540
2540 256
256 129
256 315
129 1581
1581 642
1581 309
642 758
758 775
758 2513
775 658
658 1807
658 1009
1807 880
1807 414
880 2340
880 1143
2340 1661
1661 503
1661 614
503 1253
1253 989
1253 287
989 1337
1337 2446
2446 1377
2446 1251
1377 1507
1377 1421
1507 976
976 82
976 1836
82 2018
2018 1663
1663 2176
1663 1459
2176 497
497 559
559 2270
559 604
2270 252
252 374
374 114
374 358
114 1888
114 230
1888 1709
1888 1088
1709 1345
1345 300
300 1739
300 1738
1739 558
558 266
558 1698
266 264
264 2530
264 1246
2530 541
541 365
541 2096
365 883
365 1982
883 1610
1610 871
1610 1629
871 2361
2361 1937
1937 1996
1937 865
1996 671
671 908
908 1671
1671 408
408 535
535 2622
2622 1812
2622 566
1812 1688
1688 1303
1303 1083
1303 591
1083 1411
1083 1799
1411 2523
2523 1746
2523 647
1746 1249
1249 2213
1249 1417
2213 321
321 1983
321 999
1983 1163
1163 2555
2555 1134
1134 2375
2375 4
4 160
160 2196
160 1316
2196 2559
2196 1487
2559 1294
2559 341
1294 1706
1706 2499
1706 948
2499 319
319 242
242 1674
242 170
1674 888
888 162
162 505
162 135
505 1448
1448 349
349 2181
349 2526
2181 2460
2460 577
577 2020
577 1015
2020 895
895 582
582 2142
2142 7
7 2239
2239 1056
2239 1157
1056 1875
1875 1264
1264 1780
1264 931
1780 1280
1280 2276
1280 182
2276 994
2276 2260
994 2134
2134 1953
2134 1500
1953 98
1953 239
98 43
98 263
43 1013
1013 1815
1013 2197
1815 684
684 1274
684 930
1274 1742
1274 245
1742 1532
1742 2425
1532 1352
1352 2471
1352 2548
2471 1125
2471 2246
1125 622
1125 1911
622 924
622 2362
924 1878
924 616
1878 367
367 326
326 1227
326 446
1227 611
1227 12
611 1501
611 2573
1501 2280
1501 957
2280 1829
1829 1145
1829 996
1145 1164
1145 1571
1164 141
1164 466
141 1869
1869 728
728 2369
728 282
2369 174
174 435
174 1711
435 686
435 1961
686 2310
686 1372
2310 1941
1941 307
1941 457
307 1191
307 732
1191 1131
1191 451
1131 1588
1588 2162
1588 1540
2162 1006
2162 1809
1006 1579
1579 568
568 44
568 853
44 1879
1879 984
984 2508
2508 2150
2150 1966
1966 1857
1857 1173
1857 911
1173 1017
1017 2638
1017 1258
2638 380
2638 982
380 1425
1425 1987
1425 431
1987 458
1987 1967
458 665
458 2394
665 128
665 1781
128 2108
128 1645
2108 2593
2593 359
359 922
922 710
922 1137
710 2257
710 1065
2257 2609
2609 1992
2609 731
1992 2223
1992 441
2223 1949
2223 1040
1949 1231
1231 1907
1231 485
1907 825
825 2469
825 2492
2469 1043
2469 2550
1043 1509
1509 1269
1269 1535
1535 897
897 2216
897 2128
2216 554
554 2588
2588 1247
2588 1580
1247 2452
2452 2007
2452 2480
2007 1039
2007 347
1039 1823
1039 1298
1823 1311
1823 812
1311 673
673 632
673 1095
632 1740
632 737
1740 1784
1740 1643
1784 950
1784 1637
950 404
950 2413
404 848
404 1876
848 1221
848 506
1221 1186
1186 350
350 1454
350 2049
1454 2630
1454 806
2630 998
998 1761
1761 1821
1761 787
1821 2432
1821 2317
2432 62
2432 2126
62 833
833 1086
1086 2261
2261 225
2261 392
225 97
97 422
422 389
389 2450
389 1667
2450 1562
1562 2334
1562 561
2334 272
2334 177
272 430
430 1420
430 96
1420 1956
1420 2249
1956 5
5 1460
5 1669
1460 351
1460 1850
351 1871
351 2016
1871 1142
1871 1101
1142 2097
1142 229
2097 2322
2322 1190
1190 2416
2416 1089
1089 1684
1684 2059
2059 1593
1593 1496
1593 1193
1496 2603
2603 2021
2021 1119
2021 2314
1119 216
1119 2094
216 947
216 2297
947 2236
947 2104
2236 1439
2236 2396
1439 1828
1439 208
1828 1751
1751 2647
1751 179
2647 2047
2047 1903
2047 676
1903 1447
1447 2241
2241 2610
2610 1947
1947 2624
2624 482
482 720
720 887
720 2654
887 1026
1026 143
1026 799
143 2580
2580 64
2580 1583
64 1241
64 20
1241 1369
1369 969
1369 61
969 2315
2315 1533
2315 1219
1533 586
1533 1826
586 42
42 1747
1747 2463
2463 1037
1037 1624
1037 2358
1624 215
215 447
447 1769
447 261
1769 1121
1121 2318
1121 1656
2318 1168
2318 2535
1168 1364
1364 1368
1368 1883
1883 491
1883 2512
491 1005
491 2218
1005 178
1005 759
178 2337
2337 251
2337 1485
251 440
251 2177
440 2462
440 2141
2462 703
703 629
703 455
629 2374
2374 813
2374 139
813 1087
813 438
1087 314
1087 1071
314 1544
1544 327
327 951
327 37
951 2527
2527 648
2527 768
648 2189
648 2139
2189 247
2189 639
247 2597
2597 2124
2597 1930
2124 532
532 2193
532 1295
2193 1424
2193 2534
1424 2618
2618 1306
2618 1070
1306 1525
1306 1873
1525 2587
1525 450
2587 852
2587 1767
852 55
55 1787
1787 1944
1787 1385
1944 840
1944 766
840 2046
840 961
2046 1609
2046 1103
1609 2034
2034 146
2034 60
146 2147
146 190
2147 2039
2039 15
15 935
935 618
935 1832
618 2542
618 2443
2542 2417
2542 2607
2417 19
19 1863
19 1468
1863 1062
1062 1819
1819 1027
1819 1774
1027 409
1027 303
409 223
223 1322
223 896
1322 335
335 1765
1765 744
1765 2506
744 2099
2099 1492
1492 2468
2468 134
134 432
432 1222
1222 231
231 51
231 1080
51 328
328 2333
2333 1398
1398 1004
1398 1945
1004 1786
1786 1441
1786 2131
1441 792
792 1237
792 2165
1237 53
1237 1470
53 1635
53 1514
1635 830
1635 778
830 1286
830 2458
1286 2570
1286 691
2570 2252
2570 2363
2252 1865
2252 346
1865 702
1865 2514
702 557
557 607
607 590
607 2312
590 1926
590 2541
1926 1935
1926 1569
1935 1235
1935 1938
1235 1971
1235 2078
1971 1970
1971 1182
1970 2352
2352 1209
2352 2519
1209 1510
1209 137
1510 265
265 2505
265 2627
2505 1793
2505 2156
1793 1117
1793 919
1117 1895
1895 1480
1480 2133
2133 952
952 257
952 383
257 2110
257 2288
2110 133
133 2606
133 2380
2606 2451
2451 2421
2451 2594
2421 39
2421 1678
39 579
39 1962
579 1942
579 163
1942 1210
1210 1622
1210 741
1622 1877
1622 693
1877 726
1877 428
726 176
176 1375
1375 313
1375 811
313 473
473 1289
1289 2212
1289 269
2212 1196
1196 592
1196 28
592 1435
1435 2098
1435 570
2098 2167
2098 356
2167 183
183 2547
2547 1024
1024 1132
1024 1109
1132 1862
1132 1900
1862 1605
1605 2215
2215 173
173 2135
173 2406
2135 646
646 2444
2444 504
2444 2459
504 1516
1516 1445
1445 1649
1649 1730
1730 1484
1730 2125
1484 556
556 364
556 1064
364 238
364 2107
238 1284
238 132
1284 694
694 167
694 1600
167 1262
1262 2103
1262 2187
2103 1806
2103 551
1806 2003
1806 1647
2003 2632
2003 1488
2632 373
373 2467
2467 427
2467 2545
427 1717
427 1371
1717 2263
2263 499
499 2437
2437 1852
2437 2235
1852 2581
1852 379
2581 1922
2581 1616
1922 185
1922 1700
185 486
486 1443
486 847
1443 1415
1415 1456
1415 2404
1456 2371
2371 1882
2371 1390
1882 1536
1882 76
1536 354
1536 1976
354 946
354 1242
946 1254
1254 1491
1254 757
1491 2447
1491 514
2447 1350
1350 437
437 83
437 2068
83 730
730 1705
1705 1872
1872 1843
1843 1666
1666 1181
1666 1748
1181 2565
2565 822
822 210
822 1528
210 2093
2093 1250
1250 1171
1250 2101
1171 1615
1171 1822
1615 867
1615 476
867 2652
867 1483
2652 990
990 1112
990 2231
1112 2253
1112 32
2253 286
2253 2354
286 1378
1378 1011
1378 1591
1011 1778
1011 1340
1778 675
675 818
675 1628
818 2511
2511 1061
1061 2616
1061 30
2616 1936
1936 165
1936 1824
165 2650
165 2612
2650 1400
1400 493
493 1212
493 2090
1212 1281
1212 892
1281 2
1281 1931
2 1339
1339 993
1339 1471
993 1271
993 2495
1271 2083
1271 747
2083 2301
2083 2414
2301 1839
2301 2313
1839 1607
1839 2148
1607 33
33 1575
1575 1422
1575 1619
1422 877
877 2472
2472 2271
2271 2255
2255 124
124 789
789 1948
789 581
1948 2531
2531 2202
2202 344
2202 1885
344 17
17 2191
17 1068
2191 2621
2191 1810
2621 1801
2621 777
1801 1014
1801 2564
1014 1539
1539 1300
1300 2575
1300 597
2575 2614
2614 641
2614 449
641 180
180 909
909 2356
2356 2320
2320 262
262 2435
2435 2116
2116 2400
2116 1257
2400 2319
2400 1458
2319 1270
2319 1317
1270 2479
2479 1893
1893 1198
1198 1925
1198 1920
1925 762
762 939
939 381
939 2026
381 1204
381 1025
1204 1845
1845 966
1845 2000
966 345
966 175
345 425
425 2290
425 1527
2290 87
