20 1177 3
4 10
10 8
8 16
16 20
20 2
2 15
2 12
15 14
14 3
3 9
3 13
9 18
18 5
5 1
1 17
1 19
17 7
17 6
7 11
305 541
541 673
673 507
507 977
977 900
977 349
900 466
900 202
466 262
262 243
243 169
169 1021
169 240
1021 812
812 699
812 248
699 818
699 19
818 751
818 948
751 424
424 392
392 1119
1119 177
1119 131
177 497
177 215
497 533
497 991
533 725
725 270
725 429
270 509
509 375
375 786
786 184
786 327
184 404
404 285
404 1079
285 400
285 294
400 819
400 989
819 476
476 256
256 1151
1151 821
1151 773
821 333
821 208
333 489
489 572
572 632
632 1116
632 620
1116 1020
1020 156
1020 729
156 739
739 791
791 391
391 833
391 134
833 3
833 618
3 884
3 284
884 54
54 113
54 987
113 954
113 966
954 543
543 227
543 173
227 1002
227 332
1002 328
1002 503
328 378
328 806
378 158
378 66
158 122
158 843
122 17
17 448
17 350
448 511
448 1121
511 1073
1073 93
93 1080
1080 823
1080 1031
823 749
749 1149
1149 655
1149 737
655 1012
1012 505
1012 905
505 75
75 550
550 615
550 974
615 180
615 193
180 279
180 840
279 579
579 1139
579 300
1139 468
1139 810
468 952
952 1125
1125 825
1125 902
825 464
464 893
893 201
893 165
201 318
318 868
318 310
868 1068
1068 336
1068 64
336 605
336 343
605 1083
605 531
1083 296
296 1092
296 938
1092 282
282 399
399 155
155 149
149 432
432 555
555 114
555 471
114 779
779 502
502 523
502 1145
523 629
629 1061
629 299
1061 182
182 1175
1175 638
1175 831
638 559
559 834
834 894
894 154
154 1170
154 535
1170 1159
1170 132
1159 765
765 610
765 278
610 94
610 103
94 997
997 419
419 775
775 200
200 556
200 947
556 651
556 235
651 1167
1167 1035
1035 1118
1035 560
1118 515
1118 370
515 495
495 654
654 627
627 164
627 613
164 413
164 727
413 996
413 79
996 999
996 669
999 682
682 973
973 320
320 709
709 442
442 372
372 219
372 951
219 983
983 517
517 588
517 647
588 43
43 976
976 418
418 246
246 433
246 873
433 1102
1102 314
1102 388
314 955
955 239
955 803
239 656
656 583
656 152
583 298
583 800
298 251
298 648
251 748
748 962
962 512
512 755
512 1025
755 869
755 937
869 532
532 1028
1028 1113
1028 875
1113 980
980 1160
980 639
1160 1065
1160 536
1065 192
192 807
192 926
807 793
793 421
421 2
2 398
398 715
715 1058
715 444
1058 621
621 720
621 241
720 830
830 667
830 34
667 183
667 564
183 1104
183 851
1104 335
1104 925
335 222
222 15
15 295
295 1122
295 874
1122 1010
1010 1
1 994
1 762
994 576
994 71
576 449
449 1088
449 26
1088 732
1088 950
732 162
732 844
162 694
694 975
975 889
975 176
889 1136
1136 412
1136 1106
412 13
13 860
13 853
860 217
217 703
703 662
662 280
662 801
280 1096
1096 778
1096 881
778 58
58 1044
58 1085
1044 939
939 1026
939 447
1026 865
1026 566
865 21
21 97
97 813
813 1150
813 268
1150 758
1150 665
758 1067
1067 326
1067 8
326 488
488 473
488 1089
473 1126
1126 1062
1062 769
769 534
534 944
534 1006
944 65
65 759
65 431
759 1046
1046 594
594 1112
594 231
1112 406
406 1137
1137 459
1137 1059
459 20
459 934
20 354
354 671
671 450
450 608
608 1042
608 170
1042 712
1042 957
712 1177
1177 474
474 913
913 969
969 500
969 968
500 506
500 1111
506 236
506 382
236 635
236 998
635 331
635 650
331 1032
331 561
1032 48
1032 616
48 1124
48 226
1124 567
567 31
567 311
31 711
31 936
711 427
427 397
397 357
357 652
357 60
652 259
652 168
259 760
760 461
461 836
836 1154
1154 1000
1000 592
592 312
592 854
312 355
312 664
355 255
355 730
255 728
255 1093
728 129
129 903
129 172
903 47
47 186
47 524
186 437
437 207
207 128
128 723
723 83
83 238
238 911
238 710
911 970
970 591
591 742
742 867
867 719
867 780
719 1156
719 964
1156 1034
1034 1110
1034 1060
1110 425
425 1129
1129 573
1129 420
573 490
573 1163
490 612
490 796
612 104
612 827
104 49
104 848
49 342
342 435
342 514
435 1094
435 101
1094 1130
1094 81
1130 80
1130 1054
80 396
80 861
396 614
614 1165
1165 649
649 811
649 935
811 423
423 481
481 452
481 228
452 984
984 1048
984 1107
1048 961
961 475
475 273
475 334
273 863
273 519
863 726
726 1001
1001 1146
1001 513
1146 204
1146 1005
204 623
204 493
623 1008
1008 1082
1082 814
814 928
928 408
408 645
645 1091
1091 1138
1091 88
1138 460
1138 581
460 745
745 478
745 1173
478 622
478 107
622 525
622 161
525 453
525 872
453 194
194 548
194 562
548 72
72 458
72 858
458 1166
458 764
1166 596
596 143
596 1076
143 1047
143 695
1047 133
1047 527
133 10
133 697
10 384
10 1053
384 924
384 979
924 580
924 569
580 11
11 487
11 1127
487 32
487 345
32 850
850 619
850 167
619 690
690 281
690 633
281 757
281 1140
757 148
148 585
148 422
585 141
585 68
141 735
735 731
735 99
731 142
142 1171
1171 914
914 1015
1015 683
1015 864
683 988
988 195
195 809
809 963
809 932
963 571
963 1153
571 25
571 912
25 628
25 1041
628 789
628 469
789 919
789 289
919 105
919 257
105 883
105 931
883 28
883 463
28 933
28 1141
933 644
644 24
24 718
718 229
718 838
229 626
626 895
895 267
267 272
267 1017
272 708
272 359
708 542
542 179
542 724
179 1108
1108 416
416 890
890 197
890 1101
197 163
197 545
163 691
691 908
908 1100
1100 686
1100 50
686 790
686 44
790 330
790 1103
330 82
82 906
82 394
906 315
315 446
315 185
446 888
446 674
888 1099
1099 117
117 763
117 921
763 670
763 214
670 817
817 788
788 714
788 1142
714 722
722 205
205 1164
205 1027
1164 792
792 946
792 159
946 899
899 486
899 1043
486 338
486 1172
338 4
4 941
941 389
389 1161
389 411
1161 782
782 187
782 367
187 518
518 1134
518 563
1134 982
982 124
982 784
124 363
124 852
363 815
815 59
815 216
59 369
369 196
196 401
196 688
401 465
465 477
477 360
360 390
360 1069
390 1055
390 1143
1055 761
1055 1030
761 457
761 1123
457 896
457 260
896 274
274 972
274 277
972 27
27 306
27 344
306 84
84 456
456 887
456 589
887 967
967 993
993 653
993 45
653 746
746 510
510 768
768 700
768 1039
700 232
700 230
232 340
340 849
340 492
849 540
540 292
292 252
292 702
252 842
842 1128
1128 992
992 593
593 153
593 95
153 521
521 308
308 1084
308 538
1084 754
1084 882
754 901
901 288
288 1009
288 949
1009 291
291 915
291 1052
915 483
483 529
483 1038
529 213
529 965
213 100
213 599
100 672
672 33
33 1051
1051 877
877 151
877 467
151 174
151 871
174 544
174 606
544 233
544 553
233 209
233 501
209 317
317 705
705 12
705 978
12 909
12 271
909 1078
1078 276
276 799
276 1014
799 624
624 657
657 46
657 597
46 886
46 698
886 680
886 491
680 199
199 1019
199 261
1019 126
1019 135
126 351
351 828
351 752
828 125
828 681
125 916
916 876
876 1050
876 90
1050 804
1050 414
804 39
39 547
547 198
547 1016
198 923
923 249
923 611
249 595
595 1071
1071 1144
1144 181
181 855
855 857
857 309
857 832
309 797
309 341
797 917
797 646
917 692
692 56
692 904
56 609
56 62
609 575
575 736
575 290
736 1135
1135 106
106 364
364 798
364 175
798 1029
1029 1022
1022 51
51 225
225 188
188 940
940 577
577 856
856 86
86 960
86 1024
960 1132
960 1115
1132 275
275 139
139 22
22 1064
1064 678
678 740
740 733
733 600
733 880
600 607
607 685
607 783
685 440
685 587
440 319
440 824
319 14
319 1098
14 634
14 943
634 1117
634 822
1117 677
1117 245
677 366
366 445
445 223
223 393
223 480
393 660
393 920
660 584
584 37
584 218
37 5
37 147
5 1013
5 9
1013 520
520 368
368 323
368 417
323 313
323 598
313 189
189 352
189 112
352 738
738 146
738 379
146 668
668 118
118 570
570 929
929 178
178 918
178 212
918 1131
918 826
1131 171
171 586
586 462
586 839
462 234
462 381
234 637
234 286
637 402
402 1018
1018 504
504 981
504 383
981 263
263 1056
1056 1095
1095 689
689 862
862 766
862 1072
766 777
766 455
777 743
777 301
743 1066
1066 297
1066 704
297 602
297 365
602 120
120 1152
120 716
1152 123
123 454
123 526
454 659
659 111
659 1033
111 482
111 696
482 701
482 385
701 891
701 52
891 847
847 121
121 687
121 753
687 537
537 76
76 546
76 679
546 846
846 203
203 484
203 304
484 1097
484 374
1097 30
1097 945
30 684
30 530
684 1077
1077 426
1077 522
426 528
426 816
528 247
247 721
247 499
721 244
721 1155
244 373
244 144
373 119
373 57
119 346
346 551
346 1040
551 841
551 387
841 756
756 303
303 362
362 73
73 403
403 145
403 160
145 995
995 407
407 438
438 67
438 1086
67 109
109 1003
1003 625
625 96
96 971
96 415
971 706
971 1133
706 376
376 910
376 130
910 324
910 150
324 642
324 70
642 136
642 496
136 953
136 1114
953 35
953 321
35 356
356 40
356 410
40 1011
40 927
1011 138
1011 386
138 578
138 1081
578 428
428 224
428 787
224 498
224 16
498 1004
498 675
1004 77
1004 866
77 1063
1063 922
1063 405
922 377
377 472
377 1120
472 78
78 211
78 206
211 776
776 744
776 441
744 470
470 87
470 430
87 380
380 329
329 85
85 451
451 18
18 837
837 1168
1168 41
1168 110
41 439
439 795
439 879
795 1174
795 713
1174 190
190 287
190 98
287 237
287 361
237 69
69 1105
69 835
1105 1176
1176 92
92 643
92 253
643 266
643 1074
266 371
371 785
371 990
785 1162
1162 347
347 221
347 269
221 959
959 552
959 283
552 74
74 1007
74 870
1007 1037
1007 641
1037 508
1037 494
508 549
508 930
549 574
549 1023
574 829
829 316
316 636
316 658
636 293
636 42
293 820
820 250
820 986
250 770
770 601
770 750
601 137
137 557
557 802
802 1087
1087 661
661 38
38 89
38 1049
89 29
89 302
29 805
805 640
640 479
640 808
479 747
479 985
747 771
771 1157
771 1070
1157 353
353 434
434 322
322 630
322 707
630 1158
630 774
1158 358
358 264
358 958
264 55
55 1057
1057 942
1057 666
942 254
942 242
254 258
254 210
258 617
617 348
348 590
590 265
265 63
63 395
395 898
395 516
898 36
36 907
36 781
907 485
907 61
485 859
485 191
859 108
108 693
108 767
693 409
409 53
53 1169
53 663
1169 772
1169 1109
772 325
772 554
325 568
325 631
568 1045
1045 603
1045 604
603 897
603 676
897 116
116 1075
1075 565
565 7
565 220
7 166
7 1036
166 339
166 23
339 436
339 1148
436 741
436 892
741 6
741 845
6 1090
6 1147
1090 140
140 878
878 115
115 558
558 102
558 734
102 582
582 157
157 794
157 337
794 717
717 885
885 956
956 127
127 307
127 91
307 443
307 539
