2 2839 533459
2 1
1217 1853
1217 2033
1853 454
454 1445
454 345
1445 1369
1369 996
1369 1513
996 183
183 871
183 1501
871 2271
871 43
2271 2091
2271 1392
2091 2582
2091 751
2582 773
773 250
250 576
576 1317
576 590
1317 511
511 1106
1106 879
1106 695
879 1486
879 2505
1486 1584
1486 1533
1584 87
87 402
402 2495
2495 1329
2495 166
1329 1535
1535 1832
1832 864
864 1495
864 960
1495 1068
1495 392
1068 2384
2384 1051
1051 2538
1051 41
2538 1090
1090 1293
1293 125
1293 567
125 2717
125 92
2717 1302
2717 493
1302 424
1302 976
424 1463
1463 162
1463 1575
162 1096
162 1750
1096 999
1096 1630
999 370
370 207
207 229
229 2204
229 193
2204 992
992 2170
992 2230
2170 2074
2074 2733
2733 522
2733 148
522 2658
2658 1479
2658 2008
1479 2435
2435 2564
2564 144
144 2622
144 768
2622 1483
2622 156
1483 2261
1483 59
2261 1193
2261 456
1193 2778
2778 2253
2778 2298
2253 2209
2253 62
2209 1576
2209 1957
1576 432
1576 1087
432 1334
1334 1557
1334 1652
1557 5
1557 1954
5 2446
5 316
2446 1840
1840 1241
1840 548
1241 1125
1241 732
1125 1916
1125 669
1916 1036
1036 2659
1036 457
2659 14
14 2205
14 1815
2205 1062
1062 2720
1062 2179
2720 1265
1265 1162
1162 254
1162 2347
254 434
254 894
434 1185
1185 1659
1659 93
1659 588
93 2478
93 2430
2478 1049
1049 1595
1595 661
661 114
114 2820
114 1246
2820 1636
2820 2011
1636 1497
1497 2822
1497 1863
2822 1849
2822 1225
1849 1046
1046 10
10 287
287 1120
1120 635
1120 1033
635 515
635 1484
515 2492
2492 1512
2492 1476
1512 812
812 914
914 2047
914 609
2047 1050
1050 143
143 2141
143 270
2141 2517
2517 972
972 2579
972 2605
2579 1002
1002 2327
1002 2167
2327 341
2327 2184
341 1466
341 1784
1466 700
700 2198
700 440
2198 1459
1459 1555
1459 31
1555 948
1555 2665
948 1609
1609 1692
1609 1058
1692 2793
2793 2685
2685 1633
1633 212
1633 2125
212 750
750 371
371 137
137 1935
1935 395
1935 2763
395 763
395 943
763 435
763 1261
435 1892
1892 787
1892 911
787 2570
787 971
2570 1920
2570 2176
1920 213
1920 2518
213 25
213 361
25 1309
1309 1130
1130 716
716 1634
716 2312
1634 540
1634 259
540 783
783 1263
783 474
1263 1838
1838 525
525 1800
525 2274
1800 15
15 2715
2715 2341
2715 2662
2341 2404
2341 2256
2404 2403
2403 448
448 756
756 2324
756 513
2324 2040
2040 1322
1322 1287
1287 291
1287 2396
291 2431
2431 1890
2431 1632
1890 2218
1890 2663
2218 2172
2218 2062
2172 1607
1607 232
232 80
232 437
80 2079
80 344
2079 2018
2079 1769
2018 1111
2018 621
1111 2429
2429 612
2429 2293
612 883
883 393
883 1777
393 1624
1624 1627
1627 2153
2153 759
2153 2443
759 423
759 2673
423 993
423 527
993 2506
2506 819
2506 988
819 416
416 1101
416 433
1101 998
998 2380
2380 2041
2380 1014
2041 319
2041 1228
319 793
319 532
793 842
793 2401
842 1541
842 2147
1541 1199
1199 1645
1199 936
1645 546
546 73
546 966
73 244
73 1694
244 2765
2765 2652
2765 2231
2652 828
828 788
828 747
788 118
118 1902
118 946
1902 206
206 762
762 573
762 1805
573 1870
573 616
1870 455
455 2063
2063 2798
2798 1827
2798 1015
1827 2693
1827 2353
2693 510
2693 693
510 2789
510 920
2789 179
2789 2311
179 734
734 2523
734 363
2523 89
2523 854
89 1168
1168 1268
1268 2399
2399 1703
1703 2760
2760 1142
1142 2221
2221 2465
2221 1860
2465 1088
1088 1438
1438 280
1438 602
280 470
470 2791
470 1925
2791 939
939 945
939 266
945 930
945 2278
930 404
930 628
404 1069
404 2061
1069 161
1069 427
161 469
469 746
746 1365
746 2565
1365 1110
1110 246
246 1327
1327 135
1327 1626
135 818
818 2052
818 312
2052 2304
2304 2448
2304 1402
2448 386
386 299
386 927
299 45
299 915
45 1682
1682 429
1682 372
429 1502
1502 1606
1502 811
1606 1689
1606 761
1689 2025
2025 349
349 1134
1134 1336
1336 1563
1336 551
1563 1409
1409 1861
1409 358
1861 1917
1917 1296
1296 1622
1296 1945
1622 289
1622 982
289 2802
289 2354
2802 74
74 1385
74 2351
1385 2030
1385 593
2030 264
264 2746
2746 1790
2746 2233
1790 2418
2418 2775
2418 376
2775 629
2775 1550
629 1419
1419 1077
1077 760
760 1775
1775 1189
1775 1308
1189 343
343 130
343 1258
130 2024
2024 461
2024 923
461 1194
1194 974
974 658
974 2713
658 531
531 253
531 272
253 2516
253 1330
2516 2601
2601 346
346 2599
346 2613
2599 1443
2599 1422
1443 2381
2381 631
631 198
198 2834
198 16
2834 60
60 1969
60 1862
1969 326
326 2411
2411 1504
2411 1067
1504 953
953 2292
953 850
2292 878
2292 2445
878 481
878 2731
481 887
481 741
887 2695
887 1461
2695 56
2695 2679
56 1026
1026 2197
1026 1109
2197 2687
2197 2544
2687 1874
2687 1707
1874 488
488 1788
488 375
1788 1725
1725 1085
1725 318
1085 2691
1085 1567
2691 712
712 2706
712 2650
2706 1381
2706 2038
1381 2377
1381 2117
2377 2163
2377 791
2163 968
968 2471
968 916
2471 2536
2536 1092
1092 2285
2285 2333
2285 2131
2333 860
2333 641
860 1913
1913 202
1913 100
202 2402
202 2082
2402 1352
2402 1175
1352 1222
1222 1482
1222 2068
1482 164
1482 2182
164 2051
2051 502
502 2240
2240 1529
1529 1041
1529 910
1041 1647
1647 2526
2526 2447
2526 2366
2447 1972
2447 2541
1972 169
169 2048
2048 1341
1341 2782
1341 1146
2782 1852
1852 1699
1852 2602
1699 1702
1699 1651
1702 2303
2303 1191
2303 1242
1191 1272
1191 1864
1272 1817
1817 955
1817 1377
955 36
36 1248
36 106
1248 814
1248 645
814 2326
2326 1683
1683 2810
1683 1147
2810 1118
1118 1923
1118 1713
1923 2004
2004 2382
2004 390
2382 2610
2610 2640
2610 1764
2640 2005
2640 2460
2005 1565
2005 1414
1565 237
237 1073
237 2816
1073 802
1073 1759
802 2655
2655 2509
2655 2417
2509 91
91 1785
91 2668
1785 239
1785 715
239 39
39 1337
1337 1697
1697 711
711 366
711 2708
366 2352
366 1751
2352 1379
1379 1666
1379 1930
1666 1514
1666 476
1514 1316
1316 1290
1290 98
1290 1881
98 296
98 196
296 1519
1519 378
378 2463
2463 1523
2463 664
1523 891
891 1596
1596 841
1596 2511
841 2737
2737 2118
2737 1956
2118 458
458 1783
1783 2819
2819 526
2819 2306
526 1394
526 1738
1394 172
1394 2364
172 908
908 2189
908 815
2189 1244
1244 1510
1244 2207
1510 543
1510 233
543 1444
1444 178
178 1611
1611 2690
1611 407
2690 503
2690 717
503 385
503 335
385 486
486 1188
1188 116
116 1544
1544 1830
1830 204
1830 872
204 2367
204 2107
2367 1773
1773 2422
1773 1221
2422 1460
1460 1893
1893 1906
1893 1348
1906 2670
1906 1559
2670 2113
2670 1416
2113 2284
2113 452
2284 436
2284 1245
436 639
639 2751
639 2596
2751 2770
2751 931
2770 1384
2770 2449
1384 2442
2442 2244
2442 1465
2244 1712
2244 1203
1712 1306
1306 2681
1306 733
2681 1526
2681 158
1526 1813
1526 698
1813 2217
1813 115
2217 1927
2217 647
1927 1232
1927 2075
1232 1368
1232 2661
1368 1715
1368 342
1715 1153
1715 1418
1153 770
770 2580
2580 2532
2532 2334
2334 2120
2120 2769
2769 1249
2769 290
1249 2444
1249 1660
2444 64
64 1589
64 2300
1589 171
171 1492
171 2036
1492 1688
1492 677
1688 1027
1688 305
1027 1223
1027 1894
1223 2669
1223 2826
2669 1437
2669 884
1437 805
1437 1045
805 2395
805 1075
2395 1441
1441 1847
1441 1231
1847 1978
1847 1449
1978 430
430 131
131 562
562 2646
2646 1809
1809 2215
2215 537
537 1918
1918 252
252 1767
252 1835
1767 1490
1767 2656
1490 633
1490 984
633 257
257 863
863 691
691 34
34 2232
2232 2328
2232 1899
2328 2547
2547 2264
2547 1620
2264 2800
2264 1740
2800 2183
2183 550
2183 2583
550 2139
2139 956
956 1398
956 666
1398 2641
1398 1407
2641 2836
2641 1876
2836 2576
2576 1342
2576 2250
1342 1093
1093 2794
1093 2664
2794 1025
1025 1098
1098 1052
1052 2121
1052 2474
2121 1816
2121 71
1816 96
96 692
96 1761
692 2747
2747 2757
2757 706
706 1229
706 334
1229 1907
1229 2426
1907 673
673 2055
2055 1233
1233 444
1233 1564
444 1505
1505 1921
1505 782
1921 339
1921 2710
339 1802
339 57
1802 1638
1802 2527
1638 2096
1638 518
2096 1227
2096 1968
1227 81
81 53
53 2180
2180 1382
2180 1018
1382 2254
2254 2734
2254 1612
2734 2070
2070 2624
2624 2450
2624 181
2450 1472
2450 2320
1472 858
858 2783
2783 1298
1298 674
1298 2667
674 1757
674 1905
1757 2072
1757 521
2072 1594
1594 2632
1594 1792
2632 2329
2632 963
2329 2797
2797 1943
1943 1604
1943 151
1604 360
1604 961
360 1708
1708 1718
1718 890
1718 964
890 2357
2357 1172
1172 2759
1172 1709
2759 2558
2558 2440
2558 1932
2440 2392
2392 1566
1566 2009
2009 687
687 1338
687 214
1338 1663
1663 2137
1663 200
2137 473
473 1091
1091 1037
1091 2336
1037 1332
1332 2027
1332 2037
2027 941
2027 356
941 170
941 2317
170 2433
2433 1273
2433 1888
1273 1254
1254 718
718 245
718 1434
245 2237
2237 351
351 1295
1295 2309
1295 2705
2309 300
300 1439
300 2406
1439 586
586 1456
1456 1357
1456 539
1357 922
1357 1635
922 1226
1226 2732
2732 2044
2732 1794
2044 1720
1720 336
1720 2152
336 321
321 184
184 2346
184 1247
2346 1848
2346 2060
1848 479
479 874
874 248
248 1269
1269 765
1269 1672
765 1297
765 2569
1297 940
940 2533
2533 1578
1578 2287
2287 293
293 1430
293 834
1430 918
918 2721
2721 1192
2721 2087
1192 777
777 211
211 468
211 1602
468 389
389 903
903 789
789 1186
789 2085
1186 2660
2660 1605
1605 146
146 1579
1579 553
1579 61
553 2151
553 55
2151 2591
2591 294
2591 895
294 17
294 126
17 1386
17 2216
1386 1814
1814 2251
1814 1284
2251 514
2251 2503
514 1211
1211 906
906 2515
2515 1491
2515 2020
1491 821
821 905
821 1270
905 33
905 1182
33 1856
33 279
1856 668
1856 745
668 308
668 1628
308 1581
1581 149
1581 215
149 2453
149 1215
2453 838
838 2767
838 1728
2767 1102
1102 2017
2017 2723
2723 65
65 75
65 1829
75 2349
75 626
2349 2057
2057 1480
2057 1924
1480 2115
2115 2122
2122 739
739 2202
739 1360
2202 1004
1004 557
557 1684
1684 1733
1733 1
1733 584
1 566
566 2573
566 168
2573 1353
1353 2462
2462 2106
2462 1487
2106 2214
2214 1729
1729 1781
1729 2574
1781 108
108 2481
108 1163
2481 1207
1207 2370
2370 1590
1590 420
1590 524
420 2168
2168 2461
2168 1053
2461 1196
2461 141
1196 605
605 1074
1074 896
896 1396
896 898
1396 1213
1396 555
1213 829
829 221
221 2281
221 119
2281 1756
1756 1766
1766 855
855 1877
855 1410
1877 2803
1877 1686
2803 501
501 1828
501 2258
1828 2165
1828 2788
2165 52
52 774
774 807
807 2315
2315 325
2315 12
325 480
480 619
480 1115
619 2768
619 831
2768 1413
2768 2542
1413 533
533 2242
533 2627
2242 2700
2242 2360
2700 1779
1779 869
1779 1043
869 1558
869 2175
1558 620
1558 2294
620 2805
2805 2269
2805 1681
2269 2771
2771 362
362 1964
1964 2080
1964 780
2080 642
642 2815
642 947
2815 2496
2815 580
2496 822
822 329
822 103
329 1173
1173 2642
1173 338
2642 1714
2642 709
1714 601
1714 2154
601 2193
2193 2173
2173 2388
2173 2206
2388 367
367 892
367 2584
892 274
274 2818
274 30
2818 2644
2818 1521
2644 1294
1294 1117
1117 2674
1117 1021
2674 577
2674 852
577 1675
577 24
1675 1116
1675 1724
1116 2022
1116 1326
2022 2647
2647 2375
2375 1184
1184 797
1184 1364
797 1976
1976 1424
1976 1901
1424 1024
1424 757
1024 46
46 124
46 990
124 1799
1799 640
640 1574
1574 1346
1346 1340
1340 2249
1340 1411
2249 2604
2604 1711
1711 83
83 235
83 1509
235 102
102 2472
2472 438
438 1765
1765 1469
1469 655
1469 105
655 32
655 1314
32 1167
1167 1292
1292 1937
1937 13
1937 2415
13 138
13 1137
138 1506
138 1094
1506 1122
1506 104
1122 2259
2259 216
216 575
575 72
72 2286
72 1397
2286 2566
2566 870
870 2032
870 1695
2032 1961
1961 2260
1961 1401
2260 1600
1600 2543
2543 989
2543 2130
989 2469
989 1320
2469 2186
2469 792
2186 1674
1674 604
1674 231
604 2838
2838 2201
2201 2270
2270 2361
2270 1545
2361 475
2361 2331
475 1998
475 1855
1998 403
1998 663
403 1727
1727 806
806 1347
806 1748
1347 1646
1347 500
1646 868
1646 2007
868 740
868 2552
740 1895
1895 2067
1895 2413
2067 1524
2067 1680
1524 1488
1488 163
163 1032
163 203
1032 2689
2689 611
2689 2196
611 1417
1417 1467
1417 234
1467 398
398 2029
398 660
2029 1850
2029 109
1850 713
1850 2621
713 725
713 634
725 1952
1952 1806
1806 347
347 2762
347 1973
2762 2069
2762 1657
2069 2110
2110 2739
2110 95
2739 1903
1903 1804
1804 1328
1804 2777
1328 2628
1328 288
2628 516
2628 2735
516 2358
516 1289
2358 2714
2714 276
276 1762
276 1658
1762 238
1762 1500
238 798
798 2437
798 2578
2437 1323
2437 2307
1323 861
861 1966
1966 1572
1966 506
1572 1530
1530 2441
2441 2142
2142 117
117 295
117 2076
295 185
295 1770
185 1170
185 2677
1170 2811
1170 2129
2811 1941
1941 2362
2362 1477
2362 1356
1477 1082
1082 2108
2108 865
865 837
837 1285
1285 599
1285 1668
599 120
599 934
120 1204
120 2546
1204 672
672 2086
672 2468
2086 1760
2086 443
1760 1176
1760 2837
1176 1994
1176 1066
1994 1257
1994 451
1257 2814
1257 483
2814 909
909 1726
909 1453
1726 2365
2365 2099
2099 2319
2099 1366
2319 1534
2319 2470
1534 678
1534 307
678 835
835 2400
835 636
2400 1598
1598 529
529 596
529 1571
596 1752
1752 714
714 1872
1872 785
1872 572
785 587
785 1119
587 86
587 617
86 1181
86 595
1181 1383
1383 2313
1383 2835
2313 2043
2043 2211
2211 1305
1305 704
704 1183
1183 22
1183 1103
22 2752
22 2132
2752 1772
2752 907
1772 1286
1772 1871
1286 2419
2419 755
2419 2288
755 1667
755 970
1667 1171
1667 786
1171 320
1171 47
320 267
320 656
267 1078
267 1474
1078 2297
2297 1580
1580 1841
1580 899
1841 2190
1841 2683
2190 1432
2190 1593
1432 2698
2698 1423
2698 1900
1423 900
900 2643
900 2050
2643 1965
2643 743
1965 1457
1457 1922
1457 175
1922 1845
1845 1468
1468 2266
2266 794
794 78
78 1522
1522 2348
2348 1980
1980 1034
1980 1447
1034 886
886 2808
2808 1180
1180 986
1180 2740
986 35
35 667
667 218
218 1570
1570 1498
1498 2191
1498 2831
2191 2512
2191 1665
2512 121
2512 199
121 2726
121 1161
2726 1047
1047 2480
2480 1028
2480 1064
1028 173
173 2092
173 2464
2092 2817
2817 2764
2817 1429
2764 1331
1331 686
686 281
281 176
176 1810
176 825
1810 2355
2355 1990
1990 1009
1990 2128
1009 2157
2157 571
571 1224
1224 2795
1224 1527
2795 1208
1208 1450
1450 1629
1450 991
1629 241
1629 1562
241 449
241 2623
449 1166
1166 1859
1859 1324
1324 2680
1324 1655
2680 2425
2680 247
2425 1587
2425 373
1587 1942
1587 2682
1942 2295
2295 2002
2002 2185
2185 2243
2243 58
58 2686
2686 410
2686 1428
410 2548
410 467
2548 2825
2548 1019
2825 627
627 466
627 1212
466 1982
1982 2476
1982 1220
2476 220
220 2144
2144 784
2144 1395
784 504
504 208
208 99
99 1515
99 1508
1515 2502
1515 1039
2502 1012
2502 2521
1012 839
839 50
50 2171
2171 1671
2171 2140
1671 1279
1279 703
1279 1399
703 2672
2672 132
132 1001
132 1808
1001 1553
1001 38
1553 652
652 2200
2200 1149
2200 2330
1149 1099
1149 1891
1099 1685
1099 2081
1685 2654
2654 937
2654 2213
937 534
534 752
534 1787
752 1984
752 302
1984 190
1984 1839
190 251
190 2385
251 1059
1059 477
477 382
477 286
382 1234
1234 2174
2174 1288
2174 2790
1288 2466
2466 512
512 1390
512 2195
1390 2299
2299 921
921 1138
1138 1107
1138 283
1107 1742
1742 1020
1742 1016
1020 1219
1020 2432
1219 2344
2344 1276
1276 1240
1276 952
1240 558
558 1157
558 1446
1157 1165
1165 224
1165 2719
224 2146
224 1310
2146 2787
2787 2126
2787 3
2126 1623
1623 2199
1623 311
2199 2177
2199 2562
2177 2675
2177 20
2675 327
2675 1554
327 1701
1701 1780
1701 2709
1780 683
683 690
683 1349
690 1824
1824 2135
2135 391
2135 1625
391 2229
2229 2420
2229 1745
2420 848
2420 2089
848 2711
2711 1631
2711 357
1631 1056
1056 1431
1056 2409
1431 622
1431 832
622 2219
2219 140
2219 2410
140 591
140 857
591 70
70 509
70 1914
509 643
509 1613
643 682
682 2368
2368 696
696 1197
696 987
1197 2124
1197 644
2124 2389
2124 877
2389 2247
2247 49
49 1517
49 1616
1517 928
1517 2479
928 1123
928 1837
1123 2452
1123 1884
2452 186
186 490
186 2626
490 1700
490 1140
1700 2342
1700 2378
2342 681
681 1993
1993 935
935 904
904 1057
1057 723
723 2597
723 1754
2597 2383
2383 1081
2383 2699
1081 2246
1081 2494
2246 1693
1693 2577
1693 76
2577 684
684 428
684 2824
428 2305
428 753
2305 1858
1858 1585
1585 304
1585 1304
304 1537
304 154
1537 1548
1537 710
1548 1373
1548 2283
1373 240
1373 197
240 1908
240 1552
1908 949
1908 2262
949 694
694 101
101 348
348 1904
348 1753
1904 2639
2639 1335
2639 606
1335 284
1335 415
284 1079
284 2839
1079 195
195 824
824 441
441 205
441 155
205 1307
1307 2066
2066 2268
2268 489
489 1822
1822 2439
1822 813
2439 2630
2439 973
2630 1960
2630 2587
1960 1112
1112 1274
1112 2414
1274 2369
2369 309
309 2058
2058 866
2058 2374
866 2588
866 613
2588 1264
1264 654
654 719
719 1063
1063 2459
1063 873
2459 1621
2459 657
1621 1710
1621 1789
1710 314
314 1597
1597 145
1597 165
145 851
145 463
851 688
688 2454
688 2224
2454 528
2454 2637
528 1739
528 2829
1739 600
600 2704
2704 110
110 2363
2363 1259
2363 583
1259 397
1259 1786
397 350
350 1178
1178 2483
1178 1933
2483 630
630 2490
630 2813
2490 809
2490 1291
809 569
569 1283
569 282
1283 1252
1252 1135
1252 975
1135 859
859 191
859 912
191 9
9 323
323 1400
1400 653
653 333
333 2563
2563 2045
2563 1649
2045 607
607 384
384 648
384 2827
648 942
942 1030
1030 867
867 737
867 1206
737 177
737 2550
177 2572
177 2615
2572 139
139 1160
1160 2645
2645 1380
1380 536
536 2263
536 614
2263 2279
2279 2629
2629 889
889 1573
889 1885
1573 418
418 2594
418 1734
2594 736
736 256
736 2372
256 2265
256 133
2265 1583
2265 1967
1583 646
646 1281
1281 623
623 330
330 1719
330 2158
1719 1875
1719 560
1875 1656
1875 1887
1656 2648
2648 2275
2275 42
2275 2701
42 2133
2133 189
189 153
189 846
153 1169
153 1391
1169 847
847 1540
1540 1577
1540 1836
1577 69
69 2234
69 2235
2234 549
549 2000
549 1947
2000 269
269 2821
269 701
2821 2785
2821 727
2785 2618
2618 94
2618 1987
94 2160
94 1811
2160 1798
2160 1440
1798 2323
1798 380
2323 1205
1205 1006
1205 1351
1006 650
650 1363
1363 933
1363 1266
933 1361
933 194
1361 2308
2308 1139
1139 1061
1139 2514
1061 1190
1190 862
862 2614
862 1560
2614 901
2614 310
901 2084
901 2088
2084 150
2084 618
150 2500
150 1807
2500 497
2500 938
497 1995
1995 1214
1214 902
902 315
315 1475
315 1525
1475 823
823 2136
2136 730
730 1150
1150 1374
1374 1496
1374 1868
1496 48
1496 306
48 1126
48 1857
1126 508
508 735
735 2754
2754 603
2754 979
603 400
603 2676
400 2161
400 2391
2161 707
2161 2555
707 369
707 1177
369 2635
369 1104
2635 565
565 2134
2134 1938
1938 697
697 625
625 2071
625 2493
2071 2600
2600 1547
1547 1640
1640 1367
1640 801
1367 1889
1367 2181
1889 2592
1889 2059
2592 2766
2592 2545
2766 2651
2766 1539
2651 1955
1955 779
1955 1992
779 767
779 1100
767 2524
2524 1812
2524 1910
1812 292
292 112
292 2649
112 1880
1880 1673
1880 268
1673 2498
2498 1155
2498 913
1155 2267
1155 387
2267 2712
2712 1983
2712 1354
1983 969
1983 2501
969 1256
1256 1387
1256 1825
1387 2688
1387 377
2688 958
958 1393
958 538
1393 2491
1393 1127
2491 2145
2491 405
2145 2053
2145 1644
2053 359
2053 2386
359 1722
359 1915
1722 1873
1873 2529
2529 1136
1136 236
236 2749
236 1746
2749 1237
2749 1896
1237 482
1237 2373
482 1678
482 1216
1678 2499
2499 2343
2499 442
2343 1151
2343 997
1151 2743
1151 1462
2743 2078
2743 1031
2078 2729
2729 1470
2729 2338
1470 608
1470 1013
608 230
230 1732
1732 2010
2010 1963
1963 1235
1963 547
1235 2553
1235 995
2553 2436
2436 1975
2436 1267
1975 744
1975 1344
744 1687
744 2773
1687 68
1687 355
68 1823
68 1275
1823 51
1823 2806
51 2702
51 882
2702 1661
1661 1017
1017 2238
1017 820
2238 2467
2467 1615
2467 1926
1615 803
803 1089
803 1174
1089 249
1089 2799
249 1318
249 1255
1318 2077
1318 2064
2077 1744
2077 1129
1744 944
944 2109
944 2531
2109 1481
1481 2248
2248 1782
2248 4
1782 210
1782 1436
210 499
499 1378
499 671
1378 498
1378 2561
498 535
535 2571
535 1962
2571 637
637 2093
637 2625
2093 243
2093 893
243 2728
2728 2272
2272 1164
1164 2296
2296 409
409 228
228 2753
2753 28
2753 1464
28 1105
28 328
1105 520
520 702
520 2438
702 1083
1083 1195
1083 1156
1195 446
1195 1826
446 408
408 959
959 2428
959 1343
2428 364
364 2598
2598 2537
2537 1250
1250 421
421 2748
421 54
2748 1358
2748 519
1358 2485
2485 1503
1503 1448
1503 160
1448 2745
2745 880
880 2504
880 2398
2504 2758
2504 1911
2758 2119
2758 2345
2119 1795
1795 2497
2497 2379
2497 1005
2379 2100
2379 1412
2100 1451
2100 632
1451 1934
1451 1985
1934 1730
1730 2607
2607 2776
2776 2026
2026 2742
2742 1239
2742 2203
1239 615
615 411
615 1796
411 689
411 2671
689 1054
689 1023
1054 1869
1054 464
1869 1705
1869 2507
1705 1201
1201 1485
1485 2046
2046 134
134 932
932 994
932 1931
994 1114
994 610
1114 1518
1518 2393
1518 1912
2393 297
297 1749
297 1676
1749 2371
1749 88
2371 1055
2371 1617
1055 2003
2003 491
2003 1260
491 1511
491 2812
1511 1979
1511 2208
1979 1471
1471 2586
2586 2560
2560 1086
1086 2178
2178 1637
2178 885
1637 19
1637 1516
19 950
950 1851
1851 322
1851 742
322 1791
1791 1011
1791 273
1011 2530
1011 554
2530 2807
2530 2227
2807 2617
2617 1591
1591 781
1591 1108
781 1029
781 925
1029 2585
1029 926
2585 2484
2585 167
2484 122
2484 2519
122 1278
1278 726
726 2567
2567 2095
2567 1721
2095 1128
2095 1879
1128 2557
2557 772
2557 2678
772 1878
1878 1277
1878 2212
1277 1679
1679 2540
1679 1542
2540 836
836 1404
836 1970
1404 1200
1404 159
1200 1854
1200 771
1854 1048
1854 478
1048 394
1048 1262
394 1586
1586 2456
2456 1421
2456 720
1421 2631
1421 1610
2631 8
2631 2226
8 331
8 804
331 1141
331 332
1141 2833
2833 2273
2273 2692
2273 1152
2692 662
2692 888
662 2424
2424 1664
1664 1000
1664 1339
1000 2220
2220 568
568 2302
568 2761
2302 2188
2188 1532
2188 1084
1532 764
764 2114
764 2149
2114 201
2114 1755
201 1350
1350 1442
1350 1959
1442 545
545 1478
545 406
1478 1493
1493 2828
2828 2394
2828 180
2394 11
11 2539
2539 2568
2568 2148
2568 18
2148 1819
2148 2510
1819 574
1819 843
574 722
574 1210
722 128
722 2236
128 1209
128 1319
1209 2280
1209 1070
2280 261
261 1044
261 337
1044 258
258 353
258 2301
353 1388
1388 37
1388 2387
37 1179
1179 1300
1300 563
563 1452
563 1312
1452 1375
1452 1145
1375 2337
1375 278
2337 1867
1867 1741
1867 2423
1741 748
748 1704
748 2359
1704 2750
2750 2123
2123 1670
2123 2772
1670 1299
1670 699
1299 1499
1299 2056
1499 724
1499 1737
724 507
724 422
507 1561
507 1736
1561 977
977 1642
977 2101
1642 82
82 1949
82 1435
1949 1238
1949 728
1238 2035
2035 796
796 2065
2065 1072
1072 301
301 2427
2427 881
2427 2724
881 136
136 2116
136 317
2116 2006
2006 2696
2696 1549
2696 2097
1549 2781
1549 1159
2781 1619
1619 2606
1619 2657
2606 396
2606 414
396 579
396 388
579 517
517 426
517 1003
426 2257
426 1187
2257 2559
2257 665
2559 2756
2559 778
2756 2554
2756 23
2554 1599
1599 2482
1599 2112
2482 1582
2482 965
1582 2073
2073 1639
1639 352
352 2310
352 2225
2310 833
2310 1844
833 800
833 670
800 1834
1834 2408
1834 2316
2408 624
624 1355
624 2054
1355 2223
1355 2473
2223 1758
1758 2102
2102 1531
2102 2290
1531 1648
1531 471
1648 445
445 2335
445 2727
2335 271
271 1698
271 2039
1698 85
1698 2397
85 1820
85 324
1820 1362
1362 413
1362 1321
413 1662
1662 1696
1662 1097
1696 1989
1696 2412
1989 1803
1989 1716
1803 157
157 2210
157 6
2210 827
827 1843
827 2589
1843 147
147 1981
147 799
1981 2156
1981 1735
2156 2023
2023 263
2023 2608
263 2405
263 459
2405 2318
2318 1458
2318 594
1458 2666
2666 589
589 1883
589 1833
1883 1543
1543 1271
1543 1144
1271 1771
1271 2339
1771 544
1771 2098
544 1940
1940 1133
1940 1818
1133 1154
1154 2653
2653 1008
1008 2755
2755 1536
1536 2489
2489 123
2489 225
123 2744
2744 462
462 708
462 1831
708 840
840 2150
2150 2451
2451 561
2451 1333
561 592
561 2830
592 1131
1131 152
1131 2111
152 1406
1406 1022
1406 2486
1022 1568
1022 766
1568 226
1568 227
226 1886
226 929
1886 1865
1886 425
1865 2241
1865 1132
2241 1359
2241 2012
1359 1690
1690 495
495 2525
495 2016
2525 2593
2525 2638
2593 775
2593 680
775 2166
775 983
2166 2508
2166 1988
2508 298
298 2083
298 1569
2083 731
2083 129
731 496
496 2390
2390 810
810 2376
810 485
2376 2416
2376 465
2416 1301
1301 354
354 2028
2028 2407
2028 1991
2407 981
981 1953
1953 1121
1953 2162
1121 1608
1608 1427
1427 2094
2094 1778
1778 2520
1778 1303
2520 2487
2520 2434
2487 1948
1948 277
277 1454
1454 844
1454 1650
844 399
844 2528
399 2034
2034 2169
2169 401
401 2534
401 1677
2534 2325
2534 2590
2325 2612
2325 853
2612 729
729 1588
1588 924
924 1669
924 2019
1669 951
1669 1040
951 638
638 1253
638 484
1253 27
27 1376
27 564
1376 1997
1997 581
581 962
581 447
962 374
374 1641
1641 265
265 2159
2159 223
2159 1546
223 1372
223 2786
1372 79
1372 2475
79 556
79 1909
556 2252
2252 1311
1311 876
876 2314
2314 2164
2164 1148
1148 559
559 2332
559 1010
2332 1076
2332 1797
1076 1198
1198 255
255 845
255 439
845 303
303 2289
2289 1371
1371 1243
1371 1315
1243 222
1243 2421
222 2455
2455 754
2455 2549
754 598
598 1936
598 2633
1936 2457
1936 1898
2457 1919
1919 738
738 494
494 460
494 2522
460 2513
460 2741
2513 1143
2513 1654
1143 1950
1950 651
1950 541
651 2609
651 1706
2609 1494
2609 2458
1494 2090
1494 980
2090 2738
2738 431
431 1473
431 2222
1473 2192
1473 1614
2192 2350
2350 182
182 2
2 2340
2340 978
978 776
978 1601
776 1977
776 1113
1977 2488
1977 66
2488 790
790 679
679 1007
1007 1951
1007 1768
1951 107
107 2784
107 2694
2784 1230
2784 142
1230 1551
1230 2619
1551 1408
1551 1717
1408 1793
1793 2127
1793 1124
2127 2716
2716 188
188 542
188 192
542 1403
542 1743
1403 379
379 368
379 1282
368 1065
368 492
1065 2774
2774 1528
1528 2143
1528 1986
2143 1897
1897 597
1897 412
597 2014
597 2155
2014 1821
1821 659
659 450
659 1774
450 523
450 2823
523 2697
523 77
2697 260
2697 685
260 1420
260 84
1420 1723
1723 957
1723 1643
957 111
957 2730
111 2611
111 209
2611 758
758 1653
758 1776
1653 2104
2104 2801
2801 2291
2801 2703
2291 1603
2291 2804
1603 2138
1603 2239
2138 2276
2276 1944
1944 2255
1944 530
2255 1426
2255 1763
1426 1801
1426 453
1801 2603
2603 2634
2634 275
275 1507
275 2105
1507 1592
1507 1974
1592 826
1592 1455
826 2321
826 1882
2321 1556
1556 1618
1556 472
1618 897
897 262
262 1958
1958 1929
1958 856
1929 365
1929 2477
365 769
365 2282
769 849
769 1538
849 63
63 1731
63 127
1731 1842
1842 2015
2015 187
2015 2535
187 1866
187 1415
1866 313
313 2736
313 578
2736 2725
2736 1042
2725 2356
2356 285
2356 705
285 487
285 1691
487 2042
2042 1345
2042 919
1345 1489
1489 2779
2779 242
242 1996
242 1520
1996 954
954 90
954 2556
90 2832
2832 2718
2718 749
749 2551
2551 29
2551 1325
29 26
29 1425
26 2581
2581 340
2581 1218
340 817
817 1158
1158 585
585 1405
585 2780
1405 2228
2228 2194
2194 1928
1928 2684
1928 2187
2684 505
505 2792
505 217
2792 1946
2792 2103
1946 1971
1971 44
44 2707
44 830
2707 1370
2707 67
1370 419
1370 2031
419 1433
419 174
1433 40
40 113
113 875
875 676
875 2616
676 808
808 7
808 1313
7 2722
7 2620
2722 570
570 2636
570 417
2636 649
2636 2049
649 21
21 2575
21 1236
2575 2809
2809 1999
1999 2796
2796 816
2796 97
816 2277
816 1060
2277 1251
1251 1202
1202 1035
1035 917
917 552
552 967
552 2021
967 795
795 2322
2322 1747
2322 219
1747 381
1747 1389
381 1095
1095 1071
1095 582
1071 1280
1071 2595
1280 2245
2245 1080
2245 985
1080 1939
1080 383
1939 721
1939 1846
721 2001
2001 675
675 1038
1038 2013
