30 2676 19819
29 10
10 14
14 16
16 8
16 2
8 3
3 11
3 20
11 1
11 22
1 5
1 30
5 25
25 6
25 7
6 28
6 21
28 12
12 9
9 4
9 26
4 18
18 27
27 13
13 23
23 17
23 15
17 19
19 24
2491 5
2491 831
5 2597
5 1272
2597 999
2597 2523
999 1810
1810 2180
2180 2595
2180 646
2595 850
2595 684
850 68
68 2264
2264 1022
2264 2501
1022 1201
1201 2022
2022 2144
2022 1465
2144 560
2144 540
560 988
988 945
988 2040
945 1700
945 949
1700 2607
1700 2672
2607 74
2607 784
74 1432
1432 1640
1432 1474
1640 656
1640 2386
656 808
808 1267
808 137
1267 1900
1900 1359
1900 1049
1359 498
498 1066
1066 349
349 333
333 1170
333 1314
1170 1211
1170 372
1211 1768
1768 1032
1032 1971
1032 2644
1971 469
469 2291
2291 1844
1844 2050
2050 1675
2050 543
1675 763
763 541
541 246
541 1094
246 570
570 915
915 1546
1546 1069
1069 689
1069 258
689 1354
689 2666
1354 421
1354 894
421 310
310 1576
1576 1699
1576 747
1699 1384
1384 555
1384 914
555 484
555 1531
484 1492
484 1517
1492 2213
2213 1695
2213 1380
1695 1718
1718 630
1718 2601
630 904
904 366
904 2360
366 255
255 1743
1743 841
841 2105
841 2364
2105 1651
2105 445
1651 1989
1651 2053
1989 776
776 452
776 1982
452 2522
452 481
2522 2449
2449 1797
1797 1446
1446 547
1446 2357
547 2201
2201 2127
2201 2043
2127 1308
2127 1809
1308 911
1308 1299
911 1806
911 2628
1806 89
1806 1304
89 1176
1176 1682
1176 667
1682 2333
1682 554
2333 139
139 1209
139 1099
1209 2292
2292 1415
2292 359
1415 1729
1729 2271
2271 31
31 946
31 1137
946 1061
946 2509
1061 814
814 516
814 876
516 815
815 1055
815 885
1055 66
66 578
578 1522
578 2152
1522 264
264 2496
2496 1122
1122 1185
1185 1444
1444 2366
2366 612
2366 874
612 2108
612 205
2108 1775
2108 544
1775 2089
2089 2389
2089 1389
2389 2217
2217 2147
2217 2068
2147 1153
2147 1731
1153 1397
1397 2136
1397 2406
2136 1628
1628 1849
1849 1966
1966 1790
1790 195
195 46
46 1646
1646 506
506 531
531 762
762 146
762 2009
146 1622
146 1794
1622 186
1622 2143
186 1549
186 1367
1549 783
1549 2393
783 764
764 2376
764 439
2376 2581
2376 2228
2581 114
2581 1728
114 1131
1131 1957
1131 2575
1957 1723
1957 1833
1723 1583
1583 522
522 1579
522 1494
1579 2172
1579 201
2172 672
2172 1999
672 319
319 2382
2382 2088
2088 432
2088 2181
432 1309
1309 2440
2440 2392
2440 1448
2392 194
194 500
500 1089
500 770
1089 1394
1089 227
1394 740
1394 2118
740 557
740 834
557 1548
557 938
1548 1306
1306 2451
2451 2484
2451 1623
2484 1392
1392 1335
1392 826
1335 1082
1082 1813
1813 700
700 1884
1884 594
1884 2498
594 1482
594 1212
1482 247
247 1758
1758 2556
1758 2353
2556 1614
1614 2450
1614 581
2450 648
648 592
648 742
592 1428
1428 2622
2622 1720
1720 1994
1994 2431
2431 2574
2431 1633
2574 1405
2574 2062
1405 2245
1405 22
2245 284
284 1915
1915 497
497 604
497 35
604 975
975 2624
975 1939
2624 2665
2624 1539
2665 2194
2665 2530
2194 2024
2194 363
2024 1740
2024 2475
1740 1593
1593 2456
1593 2367
2456 1788
2456 1431
1788 960
1788 1839
960 1949
960 854
1949 751
751 1967
751 2239
1967 777
777 2196
2196 1632
2196 152
1632 417
417 1613
417 2177
1613 1073
1073 1334
1334 952
952 1735
1735 569
569 57
57 157
157 1995
157 2312
1995 895
1995 509
895 1554
895 749
1554 1553
1553 2219
2219 692
692 1215
692 716
1215 460
460 86
460 1893
86 1330
1330 2132
1330 2121
2132 1973
1973 2347
1973 328
2347 1722
2347 1873
1722 1087
1087 1017
1017 1581
1581 1303
1303 779
1303 1750
779 2257
779 1168
2257 1160
2257 989
1160 325
325 512
512 1402
512 1284
1402 2363
2363 849
849 976
849 2325
976 2304
976 1464
2304 2385
2385 1118
2385 298
1118 2099
2099 1171
1171 2146
1171 1150
2146 918
918 135
918 2034
135 726
726 162
162 1423
1423 1942
1423 360
1942 1804
1942 456
1804 2046
2046 1048
1048 1338
1048 2065
1338 1271
1271 116
116 1805
1805 1485
1485 129
1485 840
129 520
129 930
520 109
109 2100
2100 1292
2100 2094
1292 2361
2361 2019
2019 652
2019 1135
652 891
891 1848
1848 211
211 690
690 697
697 839
697 257
839 1350
1350 1043
1350 1518
1043 1879
1879 163
163 1316
1316 610
610 1084
610 1136
1084 218
218 1950
218 1068
1950 1074
1074 794
794 1868
794 96
1868 2541
1868 390
2541 1760
1760 532
532 2473
2473 2655
2473 1221
2655 1154
1154 956
956 1204
1204 633
1204 1319
633 571
571 2514
2514 261
261 1169
1169 2650
2650 277
277 2414
277 299
2414 1749
2414 893
1749 2031
2031 721
721 160
721 715
160 324
324 209
324 407
209 981
209 1193
981 2507
2507 1850
2507 1475
1850 405
405 121
405 1644
121 1487
1487 412
1487 1713
412 2305
2305 1033
2305 562
1033 203
1033 1519
203 533
203 2277
533 2670
2670 287
2670 1401
287 1058
287 618
1058 1808
1808 806
1808 1262
806 792
792 245
245 1963
245 2134
1963 2261
2261 2225
2261 2623
2225 2074
2225 37
2074 2517
2517 1911
1911 1098
1098 1355
1355 1688
1355 23
1688 1286
1286 2337
2337 1311
1311 1956
1311 2323
1956 2528
2528 1273
1273 189
1273 2301
189 2320
2320 2552
2320 369
2552 2535
2552 122
2535 2056
2056 629
629 170
170 1662
1662 423
1662 2151
423 1635
423 719
1635 1265
1265 473
1265 1835
473 1324
1324 1741
1741 601
601 1561
1561 1756
1561 2063
1756 1329
1329 1453
1453 443
443 508
508 2311
508 327
2311 2104
2311 85
2104 1917
1917 2443
2443 1344
1344 535
535 2295
535 1557
2295 1909
1909 1093
1093 607
607 2317
2317 1856
2317 1936
1856 16
1856 1399
16 1575
16 2490
1575 2045
2045 862
862 2497
2497 827
827 1616
827 819
1616 1057
1057 345
1057 1313
345 2384
345 729
2384 2193
2193 396
396 270
396 1895
270 266
266 2417
2417 2555
2555 2081
2555 867
2081 582
582 184
184 1364
1364 2474
1364 616
2474 671
2474 694
671 1295
1295 1337
1337 1208
1337 344
1208 241
1208 2621
241 2179
2179 164
164 1953
164 2588
1953 1837
1953 2174
1837 1363
1363 272
1363 2
272 103
272 2281
103 1796
103 602
1796 127
127 994
994 1784
994 427
1784 1000
1784 1497
1000 2332
2332 1717
2332 2461
1717 1596
1717 495
1596 275
275 1533
1533 2268
2268 2276
2276 286
286 613
286 1979
613 1767
613 2479
1767 1340
1340 2226
1340 1351
2226 2208
2226 1310
2208 248
248 511
248 518
511 842
511 1326
842 1002
842 812
1002 118
1002 2620
118 991
991 884
884 2433
2433 1070
2433 804
1070 2468
2468 2569
2468 1042
2569 1706
1706 379
379 1536
379 2435
1536 870
870 928
870 409
928 342
342 771
342 863
771 1947
771 573
1947 1268
1268 2280
2280 817
817 2494
2494 683
683 174
683 1025
174 2296
174 303
2296 1803
1803 517
517 313
517 2200
313 1257
313 1629
1257 431
1257 669
431 1037
431 802
1037 2003
1037 337
2003 1214
2003 787
1214 2316
1214 1132
2316 645
645 384
645 1830
384 2124
2124 158
158 33
158 2278
33 2483
33 2634
2483 2303
2303 734
734 2176
734 545
2176 1984
2176 2231
1984 216
216 1589
216 595
1589 739
739 477
739 1156
477 2335
2335 1072
2335 691
1072 521
1072 973
521 2293
521 987
2293 2272
2272 1739
2272 1817
1739 463
1739 1085
463 1618
1618 926
926 2629
926 378
2629 2211
2629 556
2211 1914
1914 343
343 2464
2464 1824
1824 274
274 2286
274 317
2286 1645
1645 1004
1004 1219
1004 2525
1219 1328
1328 730
730 1852
730 1906
1852 1724
1852 1442
1724 650
650 2531
2531 306
306 111
111 528
111 90
528 1128
528 2454
1128 659
659 1459
1459 144
1459 485
144 1315
144 2221
1315 1542
1315 1413
1542 927
1542 1777
927 2238
2238 2513
2238 1249
2513 428
2513 1680
428 2048
2048 1687
1687 332
332 1014
1014 1527
1527 1095
1095 1690
1690 81
1690 2273
81 98
81 202
98 1792
1792 1748
1748 2470
2470 413
2470 1059
413 12
12 1441
1441 1420
1420 1044
1420 1854
1044 1035
1044 803
1035 944
1035 2633
944 326
326 877
326 483
877 1795
877 117
1795 2021
2021 1157
1157 907
907 963
963 393
963 1505
393 2477
393 1407
2477 2350
2477 1256
2350 175
2350 1246
175 611
611 2493
2493 2206
2206 236
2206 2562
236 774
774 2119
774 1520
2119 809
2119 1189
809 1323
1323 1541
1541 380
380 857
380 811
857 1378
857 1003
1378 681
1378 2290
681 1426
681 1683
1426 2122
1426 2091
2122 1455
1455 2395
1455 2066
2395 800
800 278
278 1639
278 9
1639 986
1639 2656
986 2397
2397 107
2397 1901
107 2123
2123 2186
2186 58
2186 2029
58 503
58 2010
503 1144
503 213
1144 1341
1341 2446
2446 2283
2446 2064
2283 860
2283 559
860 1063
1063 1028
1028 856
1028 1560
856 717
717 1574
717 1780
1574 685
685 2557
2557 1008
2557 1676
1008 2254
2254 741
2254 2128
741 1388
1388 2416
2416 2038
2416 1919
2038 2448
2448 1419
1419 1823
1823 2563
1823 1619
2563 459
459 892
892 1509
892 2097
1509 1194
1194 2164
2164 1783
2164 1744
1783 614
614 566
614 1
566 198
566 1608
198 1408
198 1525
1408 2515
1408 757
2515 2197
2197 1197
1197 1498
1197 395
1498 992
1498 97
992 2658
992 2561
2658 781
2658 2603
781 2285
781 1650
2285 1510
1510 843
1510 965
843 53
843 1983
53 1819
53 1598
1819 166
166 2041
166 1192
2041 1568
1568 210
1568 1030
210 348
210 125
348 574
574 869
574 2187
869 1940
869 1218
1940 301
1940 1320
301 1615
301 1855
1615 1312
1312 470
1312 1594
470 106
470 824
106 2676
2676 1597
1597 880
1597 2661
880 1366
1366 1698
1366 1440
1698 394
394 1242
1242 1348
1242 1470
1348 315
315 2093
2093 2306
2093 441
2306 1831
2306 1452
1831 172
1831 424
172 1258
172 2115
1258 1149
1149 932
1149 1882
932 606
932 478
606 708
606 2016
708 2572
708 472
2572 1846
2572 1162
1846 462
462 1637
1637 373
373 1403
373 2653
1403 2605
1403 1573
2605 1347
1347 34
1347 1200
34 467
467 1449
467 426
1449 2155
1449 2398
2155 678
678 997
678 1610
997 1491
1491 2485
2485 1332
1332 2083
2083 2338
2083 2383
2338 1385
2338 564
1385 128
1385 2636
128 1417
1417 25
1417 1079
25 108
25 2279
108 2548
108 935
2548 584
2548 2012
584 447
584 1529
447 1277
1277 54
1277 2567
54 1880
54 1508
1880 1026
1880 631
1026 2668
2668 1524
1524 1011
1524 2427
1011 2425
2425 2428
2428 244
244 269
244 1151
269 2014
269 2411
2014 1770
2014 1480
1770 597
1770 2651
597 1321
1321 446
446 1371
1371 2258
2258 239
2258 238
239 1250
239 318
1250 2242
1250 1779
2242 138
2242 848
138 2137
2137 2374
2137 1669
2374 1595
1595 1476
1476 2241
1476 1521
2241 1730
2241 1641
1730 1993
1993 1996
1996 1526
1996 1253
1526 1438
1526 934
1438 1535
1438 1229
1535 2240
2240 1603
2240 1081
1603 596
596 362
362 628
628 2069
628 219
2069 1302
1302 1274
1274 1110
1274 1473
1110 2404
2404 1112
1112 130
1112 657
130 931
130 1293
931 1289
931 1244
1289 2112
1289 1556
2112 1787
1787 60
60 1203
1203 1010
1010 917
1010 738
917 2324
2324 1826
2324 1832
1826 1184
1184 898
1184 2274
898 1566
898 523
1566 2438
1566 449
2438 1584
1584 736
736 625
736 493
625 2199
2199 1866
2199 2616
1866 2114
2114 985
2114 1528
985 637
985 2481
637 249
249 2593
249 2664
2593 1547
1547 1892
1892 229
229 2125
229 282
2125 782
782 2671
782 1570
2671 866
2671 181
866 2015
866 206
2015 2565
2565 1665
2565 2614
1665 1671
1665 889
1671 102
102 2297
2297 704
704 1207
704 1009
1207 2631
1207 823
2631 1875
1875 2078
2078 148
148 1515
148 2365
1515 2674
1515 993
2674 579
579 1738
1738 1586
1586 2154
2154 1714
2154 1736
1714 1891
1714 3
1891 2314
1891 482
2314 1696
1696 1799
1696 755
1799 1872
1799 1523
1872 2663
2663 2391
2663 489
2391 2492
2391 996
2492 2135
2135 2308
2135 2375
2308 2017
2308 2101
2017 323
2017 1013
323 707
323 1034
707 7
707 2419
7 371
7 1163
371 879
879 2447
879 1045
2447 1847
2447 2072
1847 230
1847 664
230 2359
2359 1578
2359 668
1578 2467
2467 1481
1481 852
1481 2444
852 2388
852 1240
2388 17
2388 1829
17 387
17 2203
387 1841
1841 1047
1047 2635
1047 2578
2635 1904
1904 977
1904 24
977 2486
977 2054
2486 1851
1851 388
388 696
388 2355
696 599
696 283
599 63
599 471
63 551
63 92
551 1774
551 1647
1774 289
1774 1692
289 2170
289 703
2170 984
2170 2499
984 1143
1143 643
1143 2630
643 676
676 505
505 603
505 1822
603 838
603 529
838 799
799 552
552 1346
1346 132
132 1404
132 2113
1404 1478
1404 397
1478 2166
1478 336
2166 1715
2166 908
1715 82
82 662
82 131
662 188
188 1300
188 724
1300 515
515 55
515 440
55 1653
1653 713
713 414
414 14
414 2518
14 99
99 2071
2071 1530
1530 1495
1495 1737
1737 1239
1239 1015
1015 2423
2423 2234
2234 1443
1443 2165
1443 575
2165 2060
2060 314
2060 329
314 176
176 1703
1703 2159
1703 1083
2159 2212
2159 962
2212 1353
2212 2263
1353 2654
1353 2188
2654 1067
1067 836
836 136
136 519
136 1704
519 1225
1225 1294
1294 2399
2399 2160
2399 341
2160 1672
1672 2647
2647 1970
2647 1978
1970 2478
1970 2358
2478 632
2478 217
632 921
921 2577
921 2220
2577 2138
2577 2008
2138 1005
1005 1360
1005 761
1360 2373
2373 59
59 2551
2551 1462
2551 154
1462 2330
1462 1101
2330 1798
2330 780
1798 1924
1924 1345
1345 1291
1291 583
1291 1090
583 791
583 1252
791 208
791 626
208 1859
208 527
1859 2326
2326 2313
2326 1436
2313 617
617 2626
617 295
2626 1275
1275 2207
1275 425
2207 1747
2207 2110
1747 951
951 1997
1997 1148
1997 979
1148 1283
1148 732
1283 11
1283 2340
11 828
828 374
374 480
374 705
480 1182
1182 966
966 588
966 20
588 464
588 2652
464 861
464 2195
861 1825
1825 2495
1825 964
2495 312
2495 279
312 537
537 1372
1372 1479
1479 833
1479 2508
833 640
640 1259
640 1237
1259 199
1259 1877
199 2566
199 778
2566 1188
1188 2098
1188 32
2098 548
2098 2117
548 204
204 475
204 1483
475 352
475 788
352 406
352 1624
406 51
51 385
51 1280
385 134
134 1604
1604 2235
1604 2422
2235 2536
2235 1869
2536 2604
2604 1543
1543 2315
2315 1358
2315 1145
1358 639
639 2380
2380 155
2380 2487
155 13
155 1899
13 905
905 448
448 1106
1106 401
401 1719
401 1793
1719 2191
2191 1918
2191 2596
1918 2617
1918 168
2617 1634
1634 853
853 21
21 488
21 2246
488 1711
1711 2519
2519 433
433 364
433 2183
364 2533
2533 1109
2533 1759
1109 1801
1109 1960
1801 623
1801 2210
623 1572
1572 1395
1572 1190
1395 2252
1395 389
2252 2150
2150 87
87 950
950 2282
950 358
2282 1820
2282 2215
1820 2126
1820 207
2126 1857
1857 2059
1857 88
2059 1053
2059 2037
1053 1124
1053 2051
1124 1114
1114 1296
1114 1472
1296 377
1296 538
377 2284
377 2057
2284 145
145 1123
145 1422
1123 737
737 2000
737 2052
2000 1433
2000 10
1433 585
1433 1248
585 2378
2378 1952
2378 2559
1952 1964
1952 2005
1964 2600
2600 1516
1516 1412
1516 1853
1412 1948
1412 864
1948 1325
1948 1932
1325 2667
1325 1493
2667 2476
2476 1352
1352 2249
2249 2307
2307 1499
2307 698
1499 955
955 1238
955 1331
1238 231
1238 180
231 2255
231 1097
2255 2638
2638 765
2638 1789
765 1029
765 1298
1029 2139
2139 1655
2139 2204
1655 474
1655 2232
474 2592
474 990
2592 41
2592 925
41 658
41 2413
658 2055
658 2149
2055 1599
2055 1468
1599 1913
1599 982
1913 1828
1828 2560
1828 920
2560 1972
1972 78
1972 191
78 947
947 200
947 2441
200 1969
200 752
1969 2396
1969 789
2396 1937
2396 872
1937 1955
1955 1881
1955 1430
1881 1860
1860 769
1860 18
769 38
769 2185
38 2659
2659 733
2659 1821
733 2387
2387 1434
1434 2500
2500 1365
1365 1172
1365 42
1172 1643
1643 1285
1643 1174
1285 1661
1661 2627
1661 1490
2627 2643
2643 1689
2643 723
1689 1858
1858 1766
1766 1077
1077 858
858 1060
1060 1382
1060 940
1382 1460
1382 1202
1460 922
1460 1627
922 1263
922 590
1263 546
1263 2299
546 2462
2462 1532
2462 2612
1532 1569
1569 233
233 321
233 1545
321 1065
321 1152
1065 2079
1065 1223
2079 1781
2079 2641
1781 2452
2452 2319
2319 2482
2319 2611
2482 2657
2482 1709
2657 2028
2657 913
2028 2085
2085 304
304 356
356 1887
356 2209
1887 701
1887 756
701 1411
701 1537
1411 534
534 1234
534 2369
1234 1511
1511 2429
2429 2529
2529 2018
2529 1091
2018 1834
2018 1147
1834 2459
2459 513
2459 1054
513 2198
2198 251
251 2073
251 2662
2073 404
2073 1769
404 1931
1931 150
1931 1278
150 714
714 455
714 1199
455 1746
1746 1951
1746 873
1951 228
228 954
228 250
954 169
954 655
169 1550
169 2669
1550 1684
1550 2130
1684 1862
1684 821
1862 702
702 2216
702 1874
2216 2599
2216 2437
2599 1626
1626 281
1626 1815
281 408
408 677
677 2381
677 487
2381 2248
2381 2035
2248 95
95 846
95 1369
846 727
727 126
727 882
126 1664
1664 948
1664 980
948 524
524 1439
524 1036
1439 1907
1439 104
1907 653
1907 1327
653 2161
653 1235
2161 1980
1980 2262
2262 178
178 340
340 902
340 357
902 1393
902 1620
1393 1379
1393 1456
1379 1232
1379 1544
1232 2075
1232 1571
2075 1387
2075 2469
1387 936
1387 1270
936 2640
2640 2602
2640 710
2602 1585
2602 177
1585 959
1585 2351
959 1050
959 1959
1050 1133
1133 844
844 142
844 1282
142 933
933 1276
933 1427
1276 1762
1276 1104
1762 240
240 1721
240 294
1721 2580
2580 185
2580 435
185 998
185 1673
998 1607
998 1247
1607 1383
1383 381
1383 1220
381 728
728 1195
728 2004
1195 288
1195 1119
288 2524
288 748
2524 461
461 330
330 1540
330 193
1540 2445
2445 2030
2030 1075
2030 179
1075 1878
1878 2344
1878 746
2344 1925
1925 2339
2339 2173
2339 156
2173 1445
2173 1753
1445 1391
1445 871
1391 1007
1007 906
906 2489
2489 2156
2489 1785
2156 2070
2070 1179
1179 2512
1179 1648
2512 1155
1155 2175
1155 1177
2175 2256
2256 253
2256 924
253 1726
253 420
1726 153
153 609
609 451
451 1127
1127 1938
1127 663
1938 2540
1938 1827
2540 961
2540 1916
961 468
961 1333
468 2673
468 6
2673 1126
1126 1582
1126 1636
1582 26
1582 901
26 1929
26 1681
1929 589
1929 430
589 1416
589 859
1416 2590
1416 1912
2590 561
561 1659
1659 1986
1986 1944
1944 308
1944 1981
308 112
308 149
112 593
112 2025
593 1466
1466 94
94 2058
2058 1227
2058 2538
1227 2267
2267 1410
2267 415
1410 2336
2336 1928
1928 1685
1685 52
52 309
52 1757
309 73
309 805
73 234
234 302
234 2503
302 2352
2352 27
2352 83
27 773
27 1705
773 226
226 1903
1903 2047
1903 61
2047 1818
2047 437
1818 2424
1818 429
2424 1080
1080 1038
1080 1500
1038 71
71 651
71 2148
651 2426
2426 84
84 65
65 232
232 458
232 2645
458 1802
1802 735
735 1707
1707 2511
1707 1674
2511 1926
1926 699
699 1457
699 2466
1457 1732
1732 567
1732 2260
567 1016
1016 2027
2027 1591
2027 2049
1591 2044
1591 568
2044 1691
2044 2480
1691 1477
1477 1630
1630 682
682 1710
682 2205
1710 2613
2613 382
2613 1024
382 2510
382 30
2510 647
2510 1945
647 254
647 2001
254 2506
2506 1503
1503 1933
1933 419
419 2543
2543 813
2543 2472
813 1501
1501 1922
1922 1534
1534 2401
2401 502
2401 2329
502 967
967 1896
1896 1187
1896 2582
1187 263
1187 883
263 1786
263 1965
1786 1071
1786 1421
1071 896
896 1139
1139 2167
2167 19
19 2229
2229 1667
1667 2111
2111 320
2111 888
320 1006
1006 1883
1883 2007
2007 2142
2142 666
666 220
666 572
220 912
220 242
912 725
725 2571
725 2092
2571 942
942 2131
2131 1863
2131 693
1863 1130
1130 2619
1130 1660
2619 2675
2675 212
2675 635
212 171
212 970
171 1381
1381 1590
1590 2106
2106 1307
2106 1281
1307 29
29 465
29 2521
465 1778
465 832
1778 110
1778 899
110 2649
110 305
2649 1116
1116 796
796 1577
1577 151
1577 354
151 1697
1697 1076
1697 720
1076 1602
1602 695
695 2502
695 2648
2502 2400
2400 64
2400 1181
64 190
64 1178
190 322
322 1111
1111 767
1111 641
767 2564
767 265
2564 968
2564 47
968 1654
1654 2432
1654 2637
2432 1668
2432 1666
1668 2520
2520 2453
2453 1565
2453 1708
1565 140
1565 903
140 2076
2076 2169
2169 1514
1514 2537
1514 674
2537 1504
1504 1454
1454 875
875 2434
875 334
2434 1765
1765 731
1765 2202
731 1771
1771 1727
1727 1538
1727 766
1538 1890
1538 2327
1890 753
1890 1838
753 1552
753 510
1552 745
745 2346
745 2251
2346 1902
2346 636
1902 576
576 80
80 1375
80 1564
1375 1814
1375 1506
1814 743
1814 1991
743 2458
743 1836
2458 2178
2458 105
2178 1105
1105 1908
1105 1555
1908 215
215 793
215 1134
793 978
793 50
978 2377
2377 1121
2377 1108
1121 491
1121 1023
491 816
491 2516
816 2275
816 2214
2275 2042
2275 2141
2042 2354
2354 1437
1437 709
1437 1930
709 514
514 886
886 2463
2463 2224
2224 2527
2224 466
2527 1977
1977 2608
1977 1230
2608 2436
2608 1958
2436 1486
2436 706
1486 1678
1486 712
1678 1962
1678 2526
1962 235
235 2158
2158 1216
2158 1551
1216 1871
1216 790
1871 1349
1871 1113
1349 1336
1349 1020
1336 1606
1336 1062
1606 1224
1606 818
1224 943
1224 627
943 1845
1845 1198
1845 1998
1198 2341
2341 48
2341 1701
48 91
91 868
868 1158
868 1027
1158 391
1158 2348
391 4
391 1592
4 634
4 1261
634 76
634 101
76 100
76 1264
100 2237
2237 2356
2237 1600
2356 2157
2356 2410
2157 1461
1461 159
159 2549
2549 744
744 1102
744 1686
1102 2140
1102 1611
2140 1567
1567 1368
1368 223
1368 1288
223 1039
223 1086
1039 2585
2585 476
476 1617
1617 2120
2120 1287
2120 1450
1287 347
347 2407
2407 1019
2407 291
1019 1317
1317 865
865 754
754 392
392 192
192 851
851 1138
1138 1816
1816 558
1816 971
558 638
558 642
638 1129
1129 411
1129 772
411 2505
411 2184
2505 1905
1905 271
1905 410
271 79
79 1370
79 1897
1370 331
331 624
624 1677
1677 1141
1141 2457
1141 2266
2457 525
2457 2539
525 2598
2598 2153
2598 1745
2153 1864
1864 398
1864 307
398 1588
1588 2289
2289 2331
2331 2077
2331 1843
2077 1241
2077 1679
1241 1191
1241 2233
1191 197
197 1251
197 1625
1251 1213
1213 1670
1670 165
165 900
900 350
350 605
605 1484
605 1318
1484 2430
1484 486
2430 2545
2545 1923
2545 2402
1923 1467
1467 2006
2006 1649
1649 1159
1649 929
1159 2182
1159 1761
2182 434
2182 2247
434 1974
434 1205
1974 1260
1260 2033
2033 479
2033 622
479 2026
479 830
2026 539
539 983
539 2587
983 1764
983 881
1764 1125
1764 795
1125 2368
2368 2168
2368 619
2168 2639
2639 768
768 1435
1435 1390
1390 974
974 2116
2116 2032
2116 1754
2032 1031
1031 649
1031 890
649 1725
1725 36
36 675
675 1772
1772 2230
2230 1100
2230 1605
1100 1429
1429 1612
1429 1458
1612 2039
1612 416
2039 1279
1279 442
442 72
442 837
72 243
243 2321
2321 2328
2321 2061
2328 124
124 2591
124 1471
2591 969
969 2023
2023 553
553 490
490 680
680 375
375 2244
375 1451
2244 222
222 2362
222 1266
2362 1513
1513 1921
1513 339
1921 1206
1206 1255
1255 644
644 2568
644 1424
2568 2067
2568 1425
2067 1961
1961 119
119 580
580 1791
1791 600
1791 1374
600 957
600 2189
957 507
507 1702
507 937
1702 2102
1702 661
2102 1165
2102 2442
1165 829
1165 1409
829 798
829 8
798 2403
798 141
2403 2573
2573 69
2573 1173
69 923
69 1867
923 2455
2455 300
300 2259
2259 855
855 1663
1663 759
759 1196
759 1712
1196 2409
2409 1322
1322 2379
2379 280
2379 2309
280 2439
280 1734
2439 1231
1231 1301
1301 2109
2109 1343
1343 2270
1343 386
2270 2342
2270 598
2342 608
608 368
608 2103
368 273
368 262
273 187
273 1376
187 45
187 454
45 2553
45 687
2553 1120
1120 536
1120 292
536 1842
1842 56
56 2394
56 183
2394 722
722 49
49 665
49 1096
665 93
93 1987
93 1117
1987 2107
1987 214
2107 1018
2107 2586
1018 1927
1927 2618
2618 2287
2287 2223
2287 2300
2223 501
2223 376
501 43
43 167
167 801
167 2532
801 499
801 1894
499 2345
499 1910
2345 367
367 688
367 1811
688 2322
2322 2129
2129 621
621 1140
1140 2190
1140 2576
2190 2171
2190 2294
2171 1418
1418 1078
1418 1755
1078 1840
1078 1751
1840 1161
1161 2096
1161 438
2096 123
123 418
418 1763
418 586
1763 563
1763 1186
563 276
276 402
276 1812
402 70
70 1580
70 173
1580 2084
1580 28
2084 1488
1488 673
1488 810
673 1898
673 1166
1898 297
1898 2192
297 492
297 1386
492 878
878 40
878 494
40 1642
40 660
1642 2310
2310 1562
1562 807
1562 654
807 403
807 2288
403 2269
403 1496
2269 750
750 2589
2589 1657
2589 939
1657 383
383 1175
383 457
1175 2020
1175 1210
2020 549
549 2253
549 1934
2253 953
953 252
252 196
252 1115
196 670
670 1041
1041 2534
2534 958
2534 2504
958 718
718 1290
1290 565
565 2243
2243 2349
2349 1180
1180 1773
1180 2390
1773 453
1773 290
453 530
453 1658
530 1357
530 2660
1357 225
1357 1716
225 120
225 1305
120 786
786 2002
2002 2547
2547 2318
2547 2080
2318 2145
2318 2554
2145 1398
1398 2646
1398 1861
2646 1233
2646 2265
1233 75
1233 182
75 39
75 1559
39 1469
1469 711
711 2086
711 1652
2086 1563
2086 346
1563 919
919 1733
1733 577
1733 311
577 361
361 1609
1609 847
1609 1885
847 2011
847 909
2011 2642
2011 2546
2642 1447
2642 355
1447 825
1447 1888
825 2090
2090 620
2090 268
620 1297
1297 1694
1297 2370
1694 758
758 1226
1226 62
62 1400
1400 436
436 2036
2036 1142
2036 1693
1142 1990
1142 2558
1990 338
1990 1406
338 351
338 147
351 1001
1001 1865
1865 835
1865 1988
835 400
400 259
400 1339
259 444
259 785
444 15
444 1377
15 2087
15 1631
2087 1463
1463 133
1463 1414
133 2465
2465 1167
2465 1889
1167 2334
2334 1954
2334 1992
1954 370
370 2372
2372 1046
1046 1373
1373 143
1373 260
143 1601
1601 1621
1601 2420
1621 335
335 2415
2415 2488
2415 2610
2488 1254
2488 1052
1254 1040
1254 113
1040 285
1040 845
285 2298
2298 316
2298 2227
316 1985
1985 1146
1985 1489
1146 2570
2570 1587
1587 2471
2471 267
2471 1656
267 820
267 591
820 1935
1935 2412
1935 822
2412 496
496 587
587 1236
587 1051
1236 1776
1776 1742
1776 1502
1742 67
1742 1946
67 2082
67 1512
2082 2163
2163 2162
2162 1752
1752 161
1752 1021
161 542
161 115
542 916
916 504
916 1782
504 77
504 2236
77 941
941 1228
1228 1269
1228 2632
1269 1638
1269 1362
1638 2421
2421 1943
2421 237
1943 1941
1941 224
224 1012
1012 1920
1920 2579
1920 2133
2579 679
679 615
615 1088
1088 1103
1103 1507
1103 2594
1507 2550
2550 2460
2460 2408
2460 2371
2408 1558
2408 1396
1558 450
1558 2013
450 2222
2222 526
2222 1107
526 2542
2542 2405
2405 44
2405 2583
44 1183
1183 2418
1183 2095
2418 887
887 1064
1064 256
256 1800
1800 1243
1243 2302
1243 797
2302 550
550 293
550 897
293 1361
1361 686
1361 221
686 1164
1164 296
296 2609
296 2606
2609 972
972 1968
972 1876
1968 1886
1968 2343
1886 760
1886 365
760 2218
760 2584
2218 1217
2218 1807
1217 1356
1356 1975
1975 1870
1975 1222
1870 353
353 2544
353 1056
2544 775
2544 1342
775 2615
775 1092
2615 995
995 2250
2250 399
399 422
399 1245
422 1976
422 910
1976 2625
