3 335 47080
3 1
1 2
333 86
86 170
170 106
106 167
106 125
167 286
167 189
286 197
197 63
63 45
63 119
45 17
17 59
17 88
59 65
65 306
65 89
306 219
306 117
219 310
219 55
310 24
24 35
24 51
35 322
322 243
243 303
303 225
225 312
225 319
312 70
312 11
70 92
70 191
92 227
227 324
227 113
324 9
9 149
149 309
309 104
309 329
104 85
104 253
85 186
186 96
96 132
132 21
132 3
21 78
78 56
78 301
56 335
335 232
232 162
232 163
162 185
185 212
185 137
212 95
212 304
95 115
95 25
115 123
115 165
123 287
287 181
287 206
181 244
181 81
244 6
244 207
6 190
190 82
82 100
100 49
49 283
49 256
283 272
272 215
215 139
139 109
139 255
109 239
109 183
239 67
67 36
36 54
54 126
54 110
126 199
126 182
199 84
199 153
84 1
84 160
1 314
314 201
201 238
201 38
238 259
259 270
259 330
270 173
270 136
173 156
156 23
23 177
23 318
177 282
282 155
282 138
155 12
155 161
12 240
240 27
240 307
27 87
87 39
39 178
178 140
178 323
140 22
140 326
22 209
209 4
209 250
4 74
74 295
295 166
295 194
166 134
134 76
134 158
76 274
274 122
122 176
122 224
176 231
231 180
180 294
294 251
294 281
251 273
251 242
273 271
273 218
271 331
331 164
164 175
175 83
175 290
83 203
83 214
203 72
72 313
72 18
313 305
305 135
135 43
135 94
43 114
43 127
114 169
114 202
169 34
34 101
34 267
101 276
276 258
276 80
258 107
107 68
107 236
68 52
52 278
278 226
278 292
226 152
152 245
152 315
245 263
263 141
263 193
141 66
66 195
66 247
195 297
195 154
297 188
297 77
188 121
188 246
121 20
20 142
20 334
142 230
230 90
230 146
90 71
90 211
71 159
71 300
159 268
159 311
268 133
133 148
133 223
148 221
148 7
221 145
221 58
145 302
145 118
302 321
302 208
321 120
321 216
120 237
120 235
237 102
237 174
102 316
102 187
316 128
128 269
128 265
269 29
29 241
29 47
241 277
277 8
277 26
8 204
8 30
204 150
204 285
150 131
150 168
131 249
249 42
249 213
42 41
42 279
41 44
41 144
44 325
44 196
325 327
327 28
327 252
28 296
296 91
91 75
75 266
75 33
266 147
147 205
205 151
205 46
151 291
291 108
108 233
108 184
233 179
179 32
179 97
32 260
32 328
260 254
254 62
62 57
62 13
57 298
57 264
298 171
171 288
171 280
288 5
5 111
111 217
217 192
217 61
192 99
99 200
200 320
320 289
320 48
289 275
289 220
275 19
275 130
19 37
37 124
37 79
124 248
248 143
143 261
261 222
261 198
222 228
222 15
228 332
228 112
332 50
50 2
2 229
2 157
229 93
229 16
93 64
93 105
64 317
317 234
317 210
234 262
262 257
262 10
257 40
40 299
299 293
299 60
293 98
98 103
103 73
73 31
73 172
31 284
284 308
308 14
308 116
14 69
14 53
69 129
