6 2539 976
3 6
3 2
6 5
5 1
1 4
1468 2464
2464 318
2464 2005
318 1483
1483 1961
1483 351
1961 829
829 909
909 61
61 744
744 1761
1761 2455
2455 803
803 535
535 261
261 2277
261 1131
2277 1183
2277 2109
1183 217
217 2270
217 2234
2270 472
472 1035
472 337
1035 941
1035 814
941 2002
2002 2409
2409 106
106 1663
1663 2284
1663 873
2284 1486
2284 1942
1486 126
126 53
53 545
545 1225
545 827
1225 1965
1965 1597
1597 1216
1597 1436
1216 1543
1543 1095
1543 1913
1095 100
100 1112
1112 2076
1112 419
2076 291
2076 1345
291 1628
1628 1027
1027 906
1027 1849
906 1128
906 1889
1128 1002
1002 352
352 2502
352 563
2502 1455
1455 2434
1455 1814
2434 1971
1971 937
937 551
937 2400
551 850
850 1405
1405 2215
1405 2253
2215 967
967 1652
967 631
1652 1040
1652 1081
1040 1959
1040 1424
1959 206
206 569
206 1439
569 624
569 444
624 878
878 1639
878 33
1639 1144
1639 542
1144 347
347 1529
347 2443
1529 1124
1124 2008
2008 707
707 1788
707 1582
1788 609
1788 342
609 2128
609 2196
2128 947
2128 760
947 1116
947 2363
1116 1182
1116 1964
1182 750
750 823
823 2396
823 657
2396 1875
1875 2521
2521 943
943 1117
1117 1533
1117 2233
1533 1585
1533 808
1585 2180
1585 401
2180 956
956 371
371 746
371 877
746 507
507 672
672 1166
672 2362
1166 567
567 1151
1151 1039
1151 1659
1039 2478
2478 280
2478 606
280 2290
2290 2218
2218 640
2218 2432
640 2485
2485 2346
2485 1992
2346 1970
1970 2538
2538 436
436 13
436 1351
13 1935
1935 2294
1935 1528
2294 2318
2318 1485
1485 2440
2440 2326
2326 1303
2326 2424
1303 870
1303 879
870 1029
1029 1143
1143 901
901 172
901 46
172 811
172 420
811 1149
1149 2241
1149 2519
2241 1674
1674 2423
2423 1320
1320 668
1320 2456
668 2506
2506 1840
1840 1883
1840 2365
1883 1768
1768 830
830 2240
830 2367
2240 2101
2240 1221
2101 59
2101 139
59 1318
59 1670
1318 713
713 1325
1325 945
945 833
945 2332
833 1668
1668 642
642 1967
642 2339
1967 2016
2016 1876
1876 1931
1876 1988
1931 1461
1461 485
1461 302
485 2467
2467 2310
2310 1499
1499 245
245 2431
245 1214
2431 298
2431 1709
298 1620
298 1656
1620 543
543 2386
2386 1693
2386 1395
1693 1354
1354 205
205 1806
205 2055
1806 1041
1041 807
1041 2149
807 468
807 1688
468 1515
1515 3
1515 2067
3 57
57 156
57 1378
156 694
694 1279
1279 2361
1279 1057
2361 785
2361 577
785 1238
785 90
1238 1638
1638 426
1638 2163
426 2313
426 1257
2313 2144
2144 98
2144 845
98 983
983 940
983 819
940 1258
1258 1646
1258 1981
1646 2436
2436 2200
2200 2357
2200 900
2357 49
49 1205
49 2315
1205 274
274 2151
274 2250
2151 860
860 572
860 479
572 1566
572 1347
1566 2273
1566 1614
2273 1201
2273 1846
1201 1928
1201 881
1928 1579
1579 2170
1579 383
2170 721
2170 698
721 1707
1707 1736
1736 1011
1736 1561
1011 715
1011 2471
715 1575
715 2499
1575 476
476 1837
1837 184
184 794
184 550
794 2370
2370 230
2370 1105
230 539
230 442
539 868
539 1854
868 1987
1987 566
1987 633
566 1125
566 699
1125 2402
1125 232
2402 1808
2402 1910
1808 1146
1146 2068
2068 849
2068 706
849 664
664 1359
664 1263
1359 195
195 756
756 249
756 844
249 71
71 2034
2034 2360
2360 268
268 618
268 1235
618 2379
2379 1375
1375 1718
1718 2079
1718 919
2079 1055
2079 2475
1055 1957
1055 682
1957 2159
2159 866
866 2399
866 1387
2399 1232
1232 1353
1353 2369
1353 904
2369 1618
2369 910
1618 880
1618 2094
880 610
880 977
610 1998
610 452
1998 248
248 314
314 300
300 392
392 979
979 2237
979 1404
2237 1021
1021 2279
1021 2188
2279 2115
2115 239
2115 622
239 1342
1342 728
728 1881
1881 171
1881 755
171 440
171 1657
440 544
544 1357
544 144
1357 69
69 705
69 710
705 1637
1637 340
1637 552
340 898
898 334
898 2213
334 1473
334 2134
1473 791
791 1506
791 2090
1506 1510
1510 2205
1510 1570
2205 626
2205 2430
626 560
626 1986
560 487
487 861
861 2371
861 1522
2371 614
2371 1467
614 443
614 1770
443 1813
443 743
1813 752
1813 1110
752 2335
752 2190
2335 1512
2335 2516
1512 2395
2395 80
2395 586
80 1171
80 2150
1171 1934
1171 1236
1934 1050
1934 288
1050 1859
1859 1188
1859 2330
1188 1785
1188 2256
1785 1894
1785 1272
1894 863
863 1519
863 518
1519 1772
1519 1818
1772 665
665 1408
1408 1426
1408 2420
1426 1524
1524 1870
1870 739
1870 1420
739 2231
2231 294
294 1767
294 500
1767 405
1767 2168
405 252
405 982
252 1301
1301 308
1301 1975
308 2066
308 1234
2066 207
207 2014
2014 1141
2014 355
1141 711
711 86
86 395
86 1368
395 681
681 1955
1955 1775
1955 2397
1775 1384
1384 2082
1384 1594
2082 644
2082 1103
644 2272
2272 2061
2272 346
2061 182
2061 2503
182 1013
182 2244
1013 1867
1867 366
366 1551
366 135
1551 2096
2096 2088
2088 1329
1329 1741
1741 1087
1741 1177
1087 47
1087 693
47 834
834 238
834 272
238 1763
238 1484
1763 1288
1763 267
1288 408
1288 2419
408 246
408 2013
246 1208
1208 2309
2309 960
960 1430
960 1995
1430 228
1430 561
228 396
228 17
396 44
44 920
920 229
229 2232
2232 1251
1251 1719
1251 464
1719 1583
1583 2046
2046 553
553 1437
553 1869
1437 1596
1437 2133
1596 188
188 1611
188 1678
1611 654
654 1456
1456 883
883 2027
883 1470
2027 2348
2348 787
2348 55
787 767
767 2059
2059 1946
2059 1012
1946 1130
1130 1092
1092 2528
2528 1159
2528 1266
1159 2179
2179 852
852 1796
1796 1123
1796 1023
1123 1287
1123 1164
1287 176
176 418
418 1237
418 1816
1237 617
1237 456
617 2153
2153 151
151 2457
151 1493
2457 428
428 1887
428 1532
1887 1683
1683 414
414 132
414 2074
132 2497
2497 438
2497 460
438 2504
438 235
2504 1464
1464 477
1464 1443
477 29
477 2276
29 1914
1914 962
1914 671
962 453
962 1866
453 1244
1244 645
1244 2291
645 166
645 338
166 2217
2217 1063
2217 64
1063 1302
1302 1608
1302 413
1608 244
1608 357
244 1756
1756 1036
1036 247
1036 129
247 2260
247 2022
2260 608
2260 2264
608 775
775 1878
775 1764
1878 1297
1878 1139
1297 222
1297 2155
222 2038
222 2482
2038 2186
2038 16
2186 75
2186 1220
75 687
687 406
406 776
406 1520
776 2463
2463 1948
1948 1100
1100 68
68 2037
2037 1391
2037 1458
1391 1326
1326 1649
1649 781
1649 2526
781 27
27 1064
27 1704
1064 887
887 630
887 1968
630 2338
630 2269
2338 480
2338 1412
480 2407
2407 353
2407 1650
353 390
353 1587
390 2025
390 404
2025 1850
1850 1250
1250 2015
1250 1275
2015 757
2015 1331
757 1863
757 10
1863 490
490 473
490 2513
473 19
19 332
19 2035
332 2050
332 666
2050 1423
2050 1697
1423 902
902 1393
902 1667
1393 1476
1476 800
1476 1803
800 1496
800 2164
1496 1498
1496 2229
1498 1372
1498 1300
1372 1190
1372 1746
1190 506
506 648
648 1822
1822 1811
1822 328
1811 2484
1811 137
2484 1104
2484 2358
1104 2387
1104 364
2387 1793
2387 1949
1793 848
1793 1062
848 1569
848 2415
1569 1350
1350 1491
1491 2089
1491 1398
2089 2474
2474 1791
1791 200
200 79
200 107
79 1255
79 792
1255 2429
2429 160
160 2469
160 1310
2469 1400
1400 20
20 895
895 1789
1789 1902
1902 1474
1474 2373
2373 1762
2373 696
1762 564
1762 703
564 1494
564 1150
1494 1222
1222 343
343 1943
343 1185
1943 2490
2490 771
771 1194
1194 2426
1194 903
2426 736
736 1820
736 2092
1820 415
415 2036
2036 513
513 2221
513 1571
2221 434
434 1197
434 2410
1197 2026
2026 1360
1360 2337
1360 691
2337 1907
1907 1950
1907 766
1950 170
170 2119
170 1230
2119 1228
1228 1754
1754 651
651 953
651 1759
953 1918
953 1982
1918 1180
1918 675
1180 43
1180 888
43 678
43 2536
678 411
411 1677
1677 60
1677 1358
60 2271
60 1014
2271 1852
2271 2505
1852 1038
1852 2060
1038 2265
1038 2054
2265 2459
2265 1349
2459 329
2459 928
329 493
329 1549
493 1790
493 457
1790 2065
1790 1271
2065 1518
1518 872
1518 1956
872 1356
872 1196
1356 105
105 1782
1782 2479
1782 1958
2479 2470
2479 2323
2470 2185
2470 992
2185 91
2185 178
91 1193
91 1774
1193 2525
2525 998
998 783
998 1653
783 2227
783 478
2227 532
532 1562
1562 1605
1605 82
82 639
639 146
639 2347
146 115
146 140
115 670
115 122
670 1802
1802 2466
2466 570
570 1495
1495 1060
1495 2112
1060 726
726 620
620 1658
620 104
1658 2483
1658 989
2483 1396
1396 1871
1871 1911
1911 955
1911 1743
955 892
892 2018
892 652
2018 741
741 1242
1242 862
862 2405
862 380
2405 1635
2405 505
1635 1451
1635 1034
1451 113
113 1517
113 42
1517 770
770 26
770 1760
26 2498
26 1308
2498 2165
2165 1835
1835 527
527 384
384 717
717 676
676 1973
676 588
1973 374
1973 2333
374 2238
374 1828
2238 1925
1925 1088
1925 2058
1088 2287
2287 2439
2439 1184
1184 724
1184 1783
724 1316
1316 997
997 376
997 141
376 2070
376 2403
2070 944
944 758
944 1742
758 891
891 2187
2187 1833
2187 1865
1833 2461
1833 2349
2461 458
458 1211
1211 1416
1416 412
1416 1379
412 2032
2032 965
965 25
25 1962
1962 216
1962 255
216 2087
216 2236
2087 816
816 963
816 2147
963 1744
963 2184
1744 871
871 1612
871 2214
1612 613
1612 1501
613 1505
1505 1132
1505 289
1132 1627
1132 2283
1627 1560
1627 1542
1560 748
1560 2523
748 2359
748 1478
2359 931
931 180
931 451
180 2043
180 317
2043 1654
1654 1673
1673 840
840 209
209 2322
2322 1636
2322 2268
1636 1701
1636 120
1701 1016
1016 916
1016 1449
916 1215
916 269
1215 2007
2007 1892
1892 735
735 730
730 1157
730 1082
1157 810
810 1686
1686 1003
1003 402
402 987
402 1717
987 2064
2064 2255
2255 1383
1383 2449
2449 2285
2449 2438
2285 2375
2285 2380
2375 700
700 198
700 9
198 1861
198 1679
1861 2247
2247 1336
2247 1521
1336 924
1336 2535
924 77
924 327
77 265
77 727
265 603
603 1661
1661 680
680 2181
2181 890
2181 894
890 1446
890 2327
1446 284
284 1322
284 765
1322 109
1322 1672
109 1179
109 344
1179 250
1179 1868
250 2093
2093 796
796 461
461 1374
461 1843
1374 1217
1217 363
1217 94
363 851
851 1403
1403 1901
1901 913
913 1724
1724 688
688 2522
2522 2317
2522 1565
2317 1514
2317 309
1514 1481
1481 1564
1481 1239
1564 884
1564 1702
884 1778
1778 430
1778 1706
430 2000
2000 1939
2000 562
1939 358
1939 996
358 1798
358 142
1798 223
223 114
114 84
84 2321
84 12
2321 593
593 138
138 1711
138 716
1711 2171
1711 2011
2171 359
2171 832
359 1821
1821 202
202 1855
202 1755
1855 2182
2182 1167
1167 1431
1431 574
1431 1042
574 2258
2258 2148
2258 2130
2148 243
243 1020
1020 231
1020 2336
231 1844
1844 1874
1844 379
1874 2527
1874 1940
2527 1994
2527 1747
1994 684
684 1739
684 1749
1739 433
433 130
130 526
526 907
907 1176
907 240
1176 1642
1176 2529
1642 1777
1642 2189
1777 292
1777 1273
292 549
292 1831
549 964
964 1716
964 40
1716 1990
1990 470
470 1641
470 214
1641 226
1641 147
226 641
226 2473
641 824
641 1059
824 520
824 2224
520 855
855 1475
855 689
1475 1172
1172 37
37 1527
37 62
1527 326
326 2239
2239 262
262 958
958 1690
958 1053
1690 416
1690 1135
416 2533
416 1462
2533 745
2533 2183
745 1410
1410 1106
1410 1113
1106 474
474 372
372 634
372 285
634 1080
634 847
1080 1598
1598 594
1598 2495
594 333
333 2295
333 882
2295 1285
1285 2141
2141 1010
1010 1779
1779 625
625 2012
2012 1601
1601 825
825 1976
825 2381
1976 1503
1503 266
266 1169
266 1723
1169 398
1169 1421
398 234
398 1624
234 1048
234 611
1048 704
1048 1487
704 1093
1093 1872
1093 780
1872 1713
1872 1900
1713 394
394 454
394 1165
454 368
454 279
368 30
368 818
30 1553
30 1695
1553 165
1553 1665
165 1944
165 2086
1944 853
1944 893
853 1500
853 158
1500 1366
1366 81
1366 1591
81 1440
1440 1815
1815 812
1815 2312
812 74
74 950
74 1586
950 804
804 2259
804 447
2259 1766
2259 153
1766 530
1766 50
530 2468
2468 1544
2468 2033
1544 1005
1005 619
1005 1985
619 1162
1162 867
867 83
83 2248
83 565
2248 1595
2248 421
1595 826
1595 386
826 559
826 488
559 649
559 2031
649 921
921 2334
2334 435
2334 36
435 1046
1046 1137
1046 1077
1137 1411
1411 2098
2098 795
795 1337
1337 806
1337 2242
806 869
869 714
714 1187
714 1009
1187 2501
1187 975
2501 399
399 2139
2139 2123
2123 1535
2123 2127
1535 1689
1535 475
1689 1233
1689 731
1233 1206
1206 2201
1206 1102
2201 663
2201 1204
663 1049
1049 1444
1444 275
1444 2489
275 136
275 2166
136 446
136 762
446 525
446 28
525 708
708 150
708 427
150 1721
1721 899
899 125
125 1071
125 251
1071 465
465 2364
2364 1425
2364 2460
1425 2091
1425 2136
2091 1836
1836 2305
2305 1531
1531 1394
1394 875
1394 1556
875 1600
1600 173
1600 1007
173 2197
173 1574
2197 523
2197 1264
523 175
523 15
175 1240
175 605
1240 1335
1335 373
1335 1044
373 1545
1545 1773
1545 1879
1773 148
1773 925
148 1058
1058 2422
1058 1115
2422 581
581 2477
2477 2207
2477 802
2207 1960
2207 157
1960 1647
1647 276
276 322
276 1769
322 1692
322 257
1692 224
224 1435
1435 2494
1435 2329
2494 1845
1845 2391
2391 656
656 616
656 2080
616 1997
1997 1794
1997 2476
1794 843
843 1160
843 2512
1160 1619
1160 596
1619 1615
1619 2383
1615 325
325 1908
325 1114
1908 1735
1735 939
1735 1324
939 971
971 1269
971 1607
1269 793
793 1140
793 751
1140 212
1140 1241
212 2175
212 154
2175 968
968 1178
968 152
1178 1418
1418 686
1418 1432
686 87
87 912
87 1898
912 1231
912 897
1231 339
339 1414
1414 2350
1414 1580
2350 1757
2350 168
1757 377
377 2052
377 389
2052 857
2052 1108
857 459
459 1445
459 2404
1445 1853
1445 2203
1853 1993
1993 92
1993 2293
92 1417
92 1061
1417 1784
1417 316
1784 2029
2029 1460
1460 1471
1471 1937
1937 2376
2376 1388
1388 471
471 330
330 56
330 72
56 1655
1655 1664
1664 667
667 837
837 1489
1489 692
692 1091
1091 1361
1361 662
662 2524
2524 822
2524 367
822 2110
2110 1623
1623 2081
2081 2465
2465 859
2465 1602
859 254
254 439
254 537
439 1492
439 1972
1492 607
1492 1805
607 1001
607 1438
1001 1513
1001 1482
1513 1634
1513 2385
1634 2114
2114 51
51 2075
2075 1315
1315 1841
1315 2509
1841 2193
2193 2378
2193 213
2378 2452
2378 749
2452 76
2452 449
76 1823
1823 1669
1669 2131
2131 2062
2062 2174
2174 1428
1428 482
482 817
482 1685
817 2372
2372 1174
2372 2111
1174 2398
1174 85
2398 1915
1915 1459
1915 1592
1459 886
886 923
886 1085
923 2192
2192 2044
2044 911
2044 186
911 1024
911 2278
1024 1947
1024 2345
1947 1725
1947 1282
1725 22
1725 2530
22 573
22 658
573 311
311 1254
1254 1609
1254 1224
1609 1858
1609 296
1858 2084
1858 809
2084 324
2084 576
324 2493
324 1563
2493 1199
1199 1355
1199 1740
1355 1996
1355 978
1996 1480
1480 1343
1343 99
1343 1720
99 842
99 437
842 1086
842 683
1086 370
370 2435
2435 1848
1848 1247
1848 1276
1247 926
926 1292
926 2340
1292 102
102 2116
102 1559
2116 1681
1681 2162
1681 1309
2162 1390
2162 2447
1390 1278
1278 788
788 1466
788 1694
1466 1710
1710 494
1710 2078
494 1660
1660 2073
1660 164
2073 1363
1363 2126
1363 1015
2126 1856
1856 290
290 702
290 2441
702 1338
702 1792
1338 2537
1338 1156
2537 2353
2537 1700
2353 1722
2353 1
1722 517
517 591
591 502
502 2388
2388 1260
1260 2401
2401 874
2401 1812
874 378
874 1186
378 1588
1588 1909
1909 1286
1286 984
1286 876
984 2105
984 2508
2105 2368
2368 1133
2368 2413
1133 647
647 1341
647 1780
1341 972
1341 2235
972 417
972 1983
417 2208
2208 789
2208 753
789 2051
789 2514
2051 1712
1712 2121
2121 159
2121 345
159 1311
1311 1252
1252 1083
1083 2160
2160 2169
2169 1906
2169 2041
1906 1643
1643 237
237 323
237 491
323 312
323 88
312 112
312 1490
112 946
112 2286
946 2172
2172 579
2172 1999
579 7
7 2122
7 2137
2122 259
259 856
856 400
856 201
400 1078
400 1896
1078 1938
1938 1030
1030 241
1030 1463
241 301
241 1465
301 1066
1066 131
1066 218
131 615
131 1339
615 119
615 864
119 410
119 1090
410 536
410 221
536 1807
1807 233
1807 555
233 1604
1604 101
101 450
450 2267
450 498
2267 1136
2267 2320
1136 2191
2191 990
990 643
643 225
225 1926
1926 1243
1243 772
1243 1862
772 1733
1733 463
1733 761
463 1573
463 1804
1573 1622
1573 558
1622 627
627 1590
1590 1006
1006 1295
1006 2145
1295 1630
1295 2103
1630 1834
1630 1599
1834 1067
1834 1147
1067 805
1067 677
805 1397
1397 981
981 2099
2099 821
821 1330
821 462
1330 2394
2394 295
295 948
948 1045
948 1703
1045 192
192 155
155 1922
1922 2314
2314 1497
2314 1842
1497 2418
2418 1930
2418 1207
1930 623
623 108
623 1698
108 571
571 1127
571 1031
1127 1676
1127 2296
1676 1824
1676 388
1824 2077
1824 2135
2077 219
2077 1076
219 583
583 503
503 1052
503 2071
1052 1979
1052 1068
1979 93
93 1249
93 1189
1249 1966
1249 1256
1966 2433
1966 2448
2433 732
2433 278
732 407
732 365
407 1616
1616 1557
1557 598
1557 1327
598 1827
598 1065
1827 528
528 1873
1873 896
1873 961
896 1797
1797 1134
1134 1056
1056 1799
1056 669
1799 2274
2274 1373
2274 1429
1373 1008
1008 1525
1525 1552
1525 121
1552 1294
1552 1037
1294 253
1294 1267
253 1917
253 1648
1917 8
1917 2261
8 1054
1054 986
986 1880
1880 299
299 1691
1691 2223
1691 595
2223 628
2223 1334
628 1406
628 496
1406 1026
1406 1200
1026 1210
1210 2194
2194 737
2194 2117
737 1536
1536 2351
1536 980
2351 1253
1253 2108
2108 293
2108 360
293 1699
293 1148
1699 2408
2408 1226
2408 2288
1226 2004
1226 1033
2004 995
2004 1980
995 1223
995 554
1223 922
1223 54
922 784
922 966
784 1262
784 929
1262 1538
1262 2472
1538 512
512 2488
2488 1886
2488 988
1886 409
409 2063
2063 70
2063 1629
70 1109
1109 636
636 1119
636 522
1119 1073
1119 149
1073 2048
1073 1181
2048 2143
2048 448
2143 1745
1745 2204
1745 1989
2204 1738
2204 1537
1738 1153
1738 2003
1153 2531
1153 584
2531 1507
1507 587
1507 974
587 1248
587 932
1248 1640
1248 63
1640 1323
1323 1126
1323 2228
1126 2450
1126 541
2450 690
690 1409
1409 369
1409 65
369 1819
1819 519
519 425
519 162
425 2039
2039 1043
1043 1074
1043 1321
1074 2292
2292 2520
2292 492
2520 2129
2129 349
2129 1175
349 957
957 1991
957 277
1991 763
1991 2226
763 1377
1377 2427
2427 1731
2427 2102
1731 1572
1572 2496
2496 2017
2017 1158
2017 1577
1158 2176
1158 2047
2176 2263
2263 1924
1924 973
1924 286
973 315
973 2120
315 1274
315 2417
1274 1434
1434 2021
1434 67
2021 954
954 951
951 2173
951 1314
2173 801
2173 695
801 1977
1977 1751
1977 432
1751 38
38 1072
1072 673
673 313
313 697
313 629
697 1696
697 2222
1696 2202
1696 1916
2202 1839
2202 361
1839 568
568 1152
1152 1098
1098 580
1098 546
580 935
580 508
935 111
111 2199
2199 270
270 45
45 725
725 1028
725 534
1028 1089
1028 2366
1089 2308
2308 1675
1675 2406
1675 592
2406 2319
2319 548
2319 712
548 1209
548 1752
1209 1832
1209 2107
1832 2152
2152 341
341 991
991 969
991 2146
969 191
191 768
191 163
768 589
768 1899
589 1606
1606 1974
1606 1265
1974 556
556 1371
1371 858
1371 2325
858 2341
858 1554
2341 1662
1662 1555
1662 1195
1555 1129
1555 1219
1129 839
1129 1304
839 1454
1454 1447
1454 1305
1447 790
790 1385
790 936
1385 2104
2104 1270
1270 1094
1270 11
1094 127
1094 2428
127 1729
127 1682
1729 199
199 58
199 185
58 547
58 2446
547 2303
547 1097
2303 2124
2303 2316
2124 740
740 2300
740 21
2300 1192
2300 1687
1192 590
590 1680
1680 387
387 1017
1017 820
1017 1567
820 1084
1084 1732
1084 2138
1732 2206
1732 914
2206 2352
2352 123
123 2140
123 1516
2140 2225
2225 1203
1203 1332
1203 96
1332 1558
1332 2167
1558 799
799 174
799 738
174 1904
174 348
1904 134
1904 516
134 1730
134 533
1730 393
393 836
836 1191
1191 1283
1283 1229
1283 18
1229 1705
1705 2198
2198 2106
2198 723
2106 1781
2106 2069
1781 1319
1781 1070
1319 1218
1218 650
650 1715
1715 1407
1407 2262
1407 445
2262 256
256 1776
1776 1284
1284 424
424 1550
1550 985
985 1433
1433 303
1433 2411
303 1504
303 2097
1504 1246
1504 1328
1246 2195
1246 718
2195 646
646 1734
1734 2539
1734 1666
2539 2275
2275 679
2275 773
679 1261
1261 655
655 2028
2028 1333
2028 350
1333 2437
1333 2306
2437 1000
1000 2251
2251 1589
1589 89
1589 1469
89 2355
89 621
2355 1202
1202 1317
1317 1526
1526 865
865 1758
1758 2304
2304 1075
2304 305
1075 2492
2492 362
362 1645
1645 1018
1645 31
1018 2425
2425 1825
1825 2280
1825 1348
2280 1306
1306 885
1306 283
885 335
335 1380
335 375
1380 798
1380 227
798 1765
798 722
1765 828
1765 2299
828 2243
2243 813
2243 97
813 2024
2024 2393
2393 778
778 2023
778 423
2023 514
514 2377
2377 489
489 2212
2212 161
161 23
23 2056
23 1168
2056 263
263 193
263 2057
193 504
193 1633
504 2343
2343 1227
2343 356
1227 2282
1227 2481
2282 501
2282 1929
501 1952
501 575
1952 2444
2444 540
540 674
674 1298
674 759
1298 2249
1298 497
2249 210
2249 1365
210 2118
2118 2085
2118 585
2085 260
260 2297
260 1022
2297 382
382 1488
382 1626
1488 319
1488 1885
319 196
196 167
196 41
167 484
484 782
782 2030
2030 242
2030 177
242 320
320 14
14 1905
14 659
1905 431
1905 24
431 354
354 578
354 1511
578 838
838 1401
838 2354
1401 183
1401 970
183 1399
183 1771
1399 1727
1399 179
1727 2301
2301 1019
1019 2515
2515 297
297 220
220 190
190 1578
190 2209
1578 1613
1578 282
1613 733
733 2487
733 215
2487 1121
1121 1912
1912 2161
2161 661
661 133
133 34
133 729
34 917
917 1212
917 2342
1212 1830
1830 2230
2230 2040
2230 1919
2040 709
709 35
709 1422
35 1307
1307 4
4 2458
4 959
2458 124
2458 1293
124 1163
1163 2486
1163 486
2486 1369
1369 2389
2389 2220
2389 1568
2220 754
754 1381
1381 2113
1381 397
2113 1593
2113 2462
1593 78
78 273
273 1753
1753 1161
1161 764
1161 422
764 181
764 1155
181 831
831 515
831 469
515 1826
1826 942
942 1978
1978 2289
2289 1621
1621 1291
1291 2095
1291 638
2095 1936
1936 600
1936 1795
600 304
600 660
304 281
304 2177
281 455
455 1800
455 236
1800 2009
1800 1198
2009 1452
2009 524
1452 1941
1452 467
1941 1631
1631 2328
2328 1737
1737 602
602 599
599 938
599 95
938 612
938 601
612 1903
612 2
1903 1069
1069 1523
1523 116
1523 1453
116 1576
116 2042
1576 306
306 208
306 1581
208 509
509 1603
509 2266
1603 1277
1603 1154
1277 495
495 835
835 1101
835 1346
1101 194
194 1120
1120 203
1120 271
203 1096
1096 1502
1096 2053
1502 2374
2374 499
2374 1442
499 2156
499 1617
2156 189
189 2416
189 1895
2416 310
310 2480
2480 1415
1415 264
264 2211
2211 1838
2211 1413
1838 1472
1838 2491
1472 1340
1340 635
635 1508
1508 2142
2142 2045
2142 1644
2045 103
2045 1750
103 2311
103 403
2311 1748
1748 169
1748 1477
169 889
169 39
889 1541
889 1312
1541 1107
1107 2246
2246 2257
2246 2307
2257 2083
2257 117
2083 1547
1547 734
1547 653
734 1726
734 1927
1726 143
1726 1708
143 908
908 1457
908 846
1457 429
1457 1786
429 2049
2049 258
2049 6
258 1280
1280 1864
1280 1829
1864 1897
1897 1851
1897 786
1851 1138
1138 187
187 2384
2384 720
720 2453
720 1884
2453 2302
2302 1142
1142 1857
1142 1951
1857 557
557 1651
557 1945
1651 747
1651 110
747 1289
747 2421
1289 510
510 774
774 1441
1441 1877
1877 531
531 1539
531 854
1539 2534
1539 2245
2534 777
2534 2507
777 1402
777 2518
1402 1893
1893 1376
1893 1534
1376 1290
1376 930
1290 1584
1584 952
1584 2019
952 1419
952 204
1419 915
1419 1890
915 2344
915 582
2344 2510
2510 976
2510 1427
976 1969
1969 5
1969 2356
5 2517
2517 385
385 2010
385 1364
2010 1362
2010 1025
1362 1259
1362 521
1259 2020
1259 1122
2020 2178
2178 2298
2178 1684
2298 2392
2392 1051
1051 2072
2072 1389
1389 934
934 779
934 1004
779 538
779 1801
538 336
336 1313
1313 2132
1313 1963
2132 481
481 632
632 1281
1281 1810
1810 1170
1170 994
994 1079
1079 287
1079 118
287 441
287 466
441 1923
441 1145
1923 769
769 1032
769 1932
1032 128
128 1817
1817 1245
1817 1367
1245 145
145 381
381 1610
381 797
1610 1344
1610 1809
1344 2006
2006 2324
2006 2157
2324 391
2324 2252
391 1370
1370 1787
1370 52
1787 483
483 2500
483 1450
2500 949
2500 1632
949 1954
949 2210
1954 1099
1099 2125
2125 1984
1984 2219
1984 1047
2219 1382
2219 197
1382 2154
2154 321
321 1882
321 1509
1882 1118
1118 73
73 2414
73 211
2414 1540
2414 841
1540 1530
1530 2254
2254 2100
2254 48
2100 701
701 719
701 1714
719 1352
719 331
1352 1891
1352 1386
1891 1268
1268 2390
1268 2451
2390 604
604 1921
1921 1111
1921 1953
1111 999
999 1860
999 918
1860 815
815 685
685 993
685 2442
993 1671
993 1847
1671 2281
2281 597
2281 2454
597 2412
597 1548
2412 66
2412 2158
66 307
66 933
307 2382
2382 1728
1728 32
32 1546
32 2331
1546 1933
1546 1392
1933 2001
1933 1213
2001 1296
1296 511
511 1299
511 2532
1299 2216
1299 927
2216 529
2216 1625
529 1173
1173 1920
1920 637
1920 742
637 2511
2511 1448
1448 1888
1888 2445
2445 1479
1479 905
