2 539 71309049
1 2
474 236
236 336
336 381
381 422
422 244
422 479
244 181
244 493
181 507
181 267
507 399
507 482
399 285
399 319
285 254
285 456
254 90
254 366
90 205
205 429
429 217
429 377
217 243
217 533
243 9
9 304
304 239
304 130
239 52
239 415
52 250
52 26
250 405
250 144
405 193
405 283
193 292
193 232
292 6
292 42
6 289
6 196
289 156
289 247
156 228
156 324
228 21
21 134
21 265
134 303
303 490
303 65
490 137
490 461
137 457
137 450
457 10
457 216
10 300
300 259
300 527
259 451
451 153
451 119
153 55
55 325
55 282
325 45
45 458
45 148
458 209
458 440
209 536
536 503
503 522
522 135
522 176
135 145
145 508
508 157
508 397
157 92
92 423
92 454
423 187
423 438
187 499
499 531
499 276
531 375
375 161
375 435
161 484
161 219
484 417
417 306
306 441
441 369
441 424
369 182
369 262
182 328
182 226
328 158
158 227
227 255
227 99
255 355
355 294
294 344
294 242
344 85
344 74
85 27
85 67
27 271
271 455
271 3
455 169
169 33
169 296
33 269
33 410
269 431
431 354
354 13
13 59
59 286
286 154
286 108
154 253
154 168
253 167
167 275
167 295
275 109
275 97
109 206
109 315
206 4
4 73
4 159
73 1
73 361
1 288
288 526
288 374
526 314
526 189
314 308
308 155
155 464
464 357
357 416
357 201
416 171
416 126
171 165
171 93
165 385
165 524
385 469
469 444
444 523
523 534
523 191
534 238
238 15
238 195
15 123
123 147
147 501
501 515
515 79
79 351
351 521
521 53
53 117
53 418
117 421
421 398
421 241
398 49
398 298
49 58
49 105
58 462
462 520
462 231
520 322
520 104
322 529
322 223
529 69
69 387
69 367
387 307
307 62
62 502
62 290
502 102
502 25
102 538
538 358
358 124
358 519
124 61
124 133
61 368
61 514
368 28
28 190
190 149
190 311
149 38
38 71
38 248
71 151
71 110
151 383
151 337
383 51
51 240
240 460
240 170
460 472
460 132
472 17
472 200
17 268
268 509
509 266
509 246
266 116
266 249
116 465
116 352
465 498
465 138
498 453
453 425
453 512
425 72
72 80
72 332
80 443
80 437
443 208
443 78
208 412
208 122
412 146
146 434
434 270
434 480
270 525
525 365
365 220
220 280
280 485
280 225
485 413
485 379
413 77
413 291
77 305
77 111
305 459
459 178
459 96
178 446
446 492
446 5
492 177
177 313
313 476
313 376
476 363
363 222
363 29
222 39
222 279
39 359
39 496
359 163
359 384
163 120
120 511
511 98
98 184
98 495
184 81
81 396
81 449
396 518
396 467
518 139
139 326
326 19
19 95
19 475
95 333
95 112
333 256
256 504
256 234
504 348
504 107
348 370
348 442
370 345
370 409
345 329
329 264
329 212
264 320
320 194
320 142
194 198
198 414
414 513
414 356
513 164
513 46
164 35
35 60
35 56
60 395
395 341
395 419
341 258
341 530
258 362
258 310
362 32
32 404
32 353
404 82
82 321
82 68
321 197
197 118
118 488
488 478
488 143
478 221
478 391
221 63
63 436
436 127
127 335
335 382
382 491
382 235
491 439
491 162
439 101
101 406
101 207
406 284
284 277
277 86
86 11
11 172
11 301
172 360
360 100
100 261
261 237
261 103
237 392
392 477
477 323
477 494
323 12
12 140
12 316
140 233
140 380
233 428
233 128
428 57
428 218
57 192
57 18
192 66
66 330
66 281
330 346
346 432
432 224
432 8
224 331
331 48
331 427
48 34
34 445
34 532
445 420
445 166
420 152
152 87
87 83
87 402
83 338
83 334
338 528
338 230
528 7
7 278
278 179
179 203
179 70
203 84
84 293
293 136
136 327
327 309
327 347
309 2
309 160
2 489
2 36
489 317
489 394
317 349
349 516
516 487
487 88
88 339
339 251
339 463
251 386
251 245
386 75
386 430
75 403
403 468
468 215
468 500
215 273
273 411
273 452
411 312
411 350
312 64
312 41
64 20
20 91
20 471
91 213
213 188
213 297
188 272
272 473
473 76
473 433
76 408
76 94
408 199
199 426
426 535
535 173
535 497
173 186
186 447
447 505
447 121
505 125
505 389
125 287
125 37
287 183
287 537
183 343
183 141
343 517
343 175
517 210
210 388
210 486
388 340
340 539
340 274
539 342
539 299
342 131
131 23
131 373
23 470
23 89
470 40
40 378
378 214
378 252
214 44
44 318
44 260
318 115
318 114
115 150
115 364
150 180
180 302
180 257
302 483
302 401
483 22
483 106
22 54
22 510
54 113
113 14
14 371
14 16
371 448
448 407
448 185
407 390
390 30
30 47
47 202
47 43
202 263
202 50
263 24
24 211
24 204
211 129
129 31
129 174
31 393
31 400
393 506
393 229
506 372
506 466
372 481
