1 1730 30
859 1447
1447 1491
1491 387
387 290
290 508
290 344
508 850
508 669
850 640
850 1676
640 946
946 135
946 1519
135 887
135 1017
887 1691
887 187
1691 382
1691 928
382 7
7 1720
1720 1387
1720 236
1387 775
1387 1039
775 1123
1123 458
458 1675
1675 1583
1583 1138
1583 556
1138 48
48 1193
48 1612
1193 947
947 1009
1009 1563
1009 19
1563 1460
1460 529
1460 1078
529 1040
1040 1683
1683 520
520 202
202 967
967 427
967 950
427 598
427 1539
598 1099
598 307
1099 487
1099 380
487 932
932 288
288 352
352 245
245 325
325 193
193 226
226 64
64 753
64 576
753 1679
1679 1357
1357 1619
1619 1259
1619 1111
1259 1084
1259 30
1084 1048
1048 700
1048 1409
700 1538
700 1179
1538 1480
1480 996
1480 1295
996 1140
1140 316
316 550
316 1100
550 920
920 429
429 130
429 1047
130 749
130 1466
749 735
735 227
227 1331
227 795
1331 1079
1331 777
1079 333
1079 1453
333 1145
333 407
1145 1448
1448 1495
1448 1115
1495 794
1495 47
794 1080
794 409
1080 1614
1080 499
1614 443
1614 814
443 1208
443 747
1208 447
1208 1324
447 1388
447 1537
1388 121
1388 1304
121 1560
1560 892
1560 682
892 1384
892 785
1384 1403
1384 207
1403 1465
1465 90
1465 865
90 792
792 741
741 768
741 1076
768 1629
768 1641
1629 482
482 518
482 1366
518 1415
518 1634
1415 977
1415 660
977 1632
1632 1338
1632 1458
1338 1117
1117 1120
1117 76
1120 1580
1120 441
1580 412
1580 1418
412 1541
1541 1311
1541 420
1311 1004
1311 1477
1004 1517
1004 1023
1517 1375
1375 365
1375 1252
365 1033
1033 905
905 127
905 1195
127 1672
127 469
1672 1105
1672 468
1105 1275
1105 1273
1275 1552
1552 1321
1321 496
1321 561
496 894
894 29
894 477
29 152
152 396
152 62
396 620
620 1163
620 1052
1163 310
1163 882
310 173
310 1116
173 65
65 614
65 102
614 800
614 525
800 108
108 4
108 813
4 593
593 295
593 1156
295 706
295 1348
706 1042
706 453
1042 151
151 376
151 432
376 722
722 1730
1730 1467
1730 1533
1467 517
517 492
492 695
695 1061
695 289
1061 437
437 1293
1293 1038
1038 66
1038 1558
66 56
56 1011
1011 208
1011 225
208 330
208 781
330 462
462 1528
462 810
1528 1505
1505 951
1505 819
951 548
951 805
548 539
548 645
539 109
109 354
354 632
354 1045
632 1354
1354 1598
1354 530
1598 31
1598 1642
31 171
31 789
171 1291
1291 349
349 868
868 1096
868 390
1096 613
613 1361
613 910
1361 921
1361 1225
921 1260
921 15
1260 988
988 1326
1326 1035
1326 1439
1035 335
1035 153
335 491
335 89
491 1308
491 1231
1308 1510
1510 1242
1510 1689
1242 993
1242 1294
993 1177
1177 138
1177 833
138 1315
138 142
1315 1236
1315 900
1236 599
1236 342
599 1125
599 1633
1125 1685
1685 1383
1383 1245
1245 776
776 733
733 998
733 1030
998 841
841 1524
841 1427
1524 1092
1092 773
1092 1007
773 1122
773 1515
1122 1128
1122 779
1128 1579
1579 1106
1579 36
1106 1205
1106 1624
1205 1570
1570 612
612 1247
1247 1401
1401 1585
1401 434
1585 194
194 1547
194 945
1547 595
1547 128
595 746
746 1083
1083 546
546 369
369 1406
369 513
1406 32
1406 1468
32 1164
1164 1280
1164 1550
1280 416
416 1709
416 398
1709 1194
1194 766
1194 1391
766 1430
766 547
1430 974
1430 827
974 155
155 403
403 1627
1627 1372
1372 1349
1349 707
1349 1655
707 1016
1016 1256
1256 454
1256 1497
454 730
454 314
730 668
668 39
668 445
39 1008
1008 532
532 1392
532 1014
1392 1217
1217 145
1217 578
145 241
145 1527
241 266
241 144
266 1063
266 1557
1063 608
608 113
113 1429
1429 1081
1429 1714
1081 701
1081 478
701 1711
1711 631
1711 580
631 721
631 471
721 457
457 771
771 1381
1381 1652
1652 1312
1312 1682
1682 1651
1651 765
765 976
765 1044
976 1169
1169 786
786 1314
1314 12
12 1489
1489 497
1489 1365
497 606
497 1649
606 583
606 1211
583 992
992 26
26 351
351 1602
1602 1313
1602 724
1313 1046
1313 394
1046 1018
1046 1022
1018 1074
1018 384
1074 658
658 1297
1297 1184
1184 33
1184 1303
33 1588
33 553
1588 161
1588 1264
161 897
897 348
897 1276
348 37
37 797
37 983
797 1157
797 752
1157 661
1157 82
661 42
42 224
42 589
224 1166
1166 842
1166 1618
842 1283
1283 14
14 829
14 244
829 1118
829 514
1118 360
1118 555
360 1200
360 817
1200 919
1200 1727
919 714
919 1604
714 331
714 1708
331 21
21 494
494 1330
494 1089
1330 1129
1129 1567
1129 192
1567 1438
1438 745
1438 1457
745 383
745 1284
383 206
206 1394
206 577
1394 1379
1379 1431
1431 54
54 1450
1450 1712
1450 341
1712 395
395 483
395 941
483 1421
483 475
1421 1498
1421 69
1498 41
41 27
41 378
27 400
27 1058
400 564
400 1646
564 484
484 1353
484 1680
1353 1698
1353 269
1698 191
191 149
149 1373
149 23
1373 772
1373 1192
772 451
772 46
451 959
959 1317
1317 1204
1204 180
1204 557
180 1400
1400 1597
1597 1226
1597 1167
1226 1209
1209 167
1209 860
167 58
58 1112
1112 1548
1112 1549
1548 440
1548 1626
440 1029
440 257
1029 1410
1410 574
574 611
611 1569
1569 971
971 318
971 146
318 186
186 1670
186 1669
1670 1532
1532 659
1532 588
659 283
659 1093
283 1728
1728 1183
1728 1290
1183 449
1183 796
449 565
449 854
565 1473
1473 1677
1677 818
1677 1696
818 230
230 743
230 1359
743 1703
1703 936
1703 119
936 419
419 182
419 1414
182 913
182 1716
913 527
527 1265
527 1650
1265 953
953 1068
953 889
1068 415
1068 1540
415 654
415 1113
654 1251
1251 8
8 871
8 507
871 277
871 480
277 1440
1440 1237
1237 603
603 291
291 626
626 212
212 505
505 1197
1197 1232
1197 1529
1232 1176
1176 666
1176 133
666 74
74 1339
1339 742
742 1336
742 274
1336 160
160 1121
160 1368
1121 1307
1307 1554
1307 1575
1554 450
1554 1459
450 615
615 1684
1684 87
87 165
165 1362
1362 929
929 1699
929 78
1699 1261
1261 1484
1261 50
1484 183
1484 1493
183 544
183 719
544 1523
1523 516
516 922
516 1320
922 1065
922 1461
1065 1503
1503 857
857 1268
857 1050
1268 1214
1214 991
1214 404
991 214
214 1657
214 1001
1657 908
1657 1729
908 961
961 1522
961 436
1522 17
1522 1104
17 1494
1494 217
1494 1589
217 825
825 463
825 1254
463 1405
463 140
1405 303
303 1390
303 554
1390 570
1390 644
570 804
804 551
804 381
551 1584
551 72
1584 1155
1584 1445
1155 388
1155 937
388 267
267 1499
1499 1213
1213 470
1213 371
470 664
470 40
664 1432
664 5
1432 770
1432 1574
770 560
560 386
386 1133
386 1199
1133 1356
1133 1363
1356 1402
1356 1530
1402 199
199 1082
199 253
1082 1323
1082 832
1323 301
301 426
301 737
426 573
426 604
573 1504
1504 1462
1462 904
1462 1171
904 174
904 677
174 1335
174 326
1335 878
1335 1501
878 536
878 552
536 713
536 647
713 566
713 1638
566 569
569 995
569 1238
995 1594
995 1189
1594 755
1594 1653
755 13
755 1108
13 1425
1425 965
1425 911
965 1718
1718 610
610 1175
610 357
1175 1328
1175 782
1328 1027
1328 1609
1027 83
83 708
83 84
708 523
708 100
523 821
821 1269
1269 52
1269 665
52 1693
52 297
1693 1147
1693 464
1147 801
801 758
758 625
625 122
122 512
512 1573
512 944
1573 361
1573 1577
361 962
361 759
962 618
962 281
618 116
618 185
116 761
761 448
761 1546
448 299
299 392
392 1643
1643 258
1643 1608
258 1149
1149 1053
1053 51
1053 219
51 1222
51 223
1222 213
1222 28
213 783
783 1325
1325 1006
1006 345
345 1168
1168 428
428 1344
1344 80
1344 1592
80 1702
1702 824
1702 1202
824 1564
1564 1088
1564 1559
1088 1239
1088 350
1239 308
308 1686
1686 736
736 1364
736 931
1364 1511
1364 828
1511 1617
1617 685
685 822
822 875
822 1036
875 712
712 964
712 809
964 1610
1610 1013
1610 474
1013 195
195 1476
195 261
1476 1258
1258 413
1258 164
413 533
413 778
533 1472
1472 284
1472 891
284 1607
1607 540
1607 1075
540 88
540 1070
88 568
88 282
568 1332
568 137
1332 1722
1332 1292
1722 924
1722 1678
924 662
662 1713
1713 179
1713 806
179 166
179 168
166 1019
1019 986
1019 939
986 467
986 866
467 367
467 405
367 1526
1526 1234
1526 1525
1234 1482
1234 657
1482 930
1482 461
930 1534
1534 1442
1442 1041
1442 1542
1041 851
851 385
385 1137
1137 246
246 1043
1043 728
728 67
67 1545
67 201
1545 200
1545 486
200 1310
200 1188
1310 204
1310 1010
204 473
473 909
473 847
909 16
909 252
16 739
739 641
739 999
641 683
641 11
683 638
638 220
220 838
220 1161
838 855
838 1688
855 845
845 312
845 438
312 1246
1246 687
687 296
687 485
296 73
296 276
73 147
147 1380
147 446
1380 1411
1380 1478
1411 1553
1411 1186
1553 912
1553 1397
912 815
912 143
815 1267
1267 95
95 1433
1433 452
452 984
452 636
984 1587
1587 498
1587 408
498 1024
498 1636
1024 1305
1024 1664
1305 756
756 178
178 68
68 1248
1248 970
970 899
899 1621
1621 1000
1000 418
1000 1514
418 1352
1352 154
1352 1389
154 239
154 422
239 790
239 1463
790 1404
1404 534
534 1615
534 1470
1615 1151
1615 1282
1151 1393
1151 1215
1393 157
157 1616
157 273
1616 927
927 1346
927 1595
1346 650
650 1513
1513 472
472 359
359 1488
359 476
1488 1343
1488 884
1343 329
1343 605
329 511
511 1417
511 674
1417 744
744 1593
744 1318
1593 372
372 997
372 1648
997 1012
1012 1420
1420 972
1420 104
972 234
972 1416
234 1240
234 935
1240 1066
1066 374
374 1360
1360 232
232 1134
232 1555
1134 1340
1340 672
672 254
254 401
254 1487
401 20
401 336
20 293
293 826
293 1224
826 302
826 1201
302 211
302 1544
211 99
211 780
99 676
99 1603
676 45
45 61
61 1159
1159 10
10 320
10 1026
320 798
320 893
798 990
990 1644
990 1424
1644 1590
1644 1562
1590 572
1590 1255
572 1721
572 524
1721 1131
1721 163
1131 1444
1444 738
1444 1578
738 667
667 75
75 1277
1277 867
1277 1434
867 444
444 1187
444 305
1187 255
255 837
255 1600
837 973
837 933
973 1069
1069 414
414 423
423 340
340 169
169 799
169 1385
799 1647
1647 1212
1212 1028
1212 1370
1028 846
1028 377
846 1661
846 1130
1661 1625
1625 1428
1428 872
872 81
872 1289
81 1687
81 1077
1687 1150
1687 115
1150 1132
1132 1471
1471 718
718 949
949 1142
1142 763
763 1673
763 1726
1673 373
373 1144
1144 114
114 1296
114 1073
1296 1572
1296 139
1572 726
726 1274
726 313
1274 1512
1512 1474
1512 1015
1474 1136
1474 877
1136 858
858 218
858 586
218 402
402 379
379 1399
1399 1056
1399 1
1056 600
1056 754
600 6
600 1419
6 1191
1191 286
1191 1025
286 823
286 362
823 703
703 327
327 356
356 1263
356 1441
1263 1367
1263 958
1367 1109
1109 880
880 1005
1005 156
156 311
311 1062
1062 1674
1674 397
1674 784
397 873
397 1413
873 338
338 500
338 673
500 117
500 233
117 709
709 835
835 1561
1561 731
731 321
731 621
321 879
879 684
684 1355
684 1407
1355 969
1355 869
969 430
969 93
430 896
430 690
896 1206
896 1288
1206 623
623 1571
623 1479
1571 479
1571 1509
479 1097
1097 1481
1097 97
1481 1443
1481 1386
1443 1451
1443 558
1451 1668
1668 1342
1668 1266
1342 979
979 1596
1596 141
141 250
141 435
250 1172
1172 1350
1350 287
1350 1631
287 125
125 1492
1492 652
652 704
704 729
704 170
729 1666
729 757
1666 1620
1666 1153
1620 1054
1620 948
1054 1690
1690 431
1690 888
431 105
105 1102
105 1485
1102 433
433 1327
433 1091
1327 1710
1710 1032
1032 1319
1319 1190
1190 1662
1662 111
111 243
111 940
243 1003
243 680
1003 938
1003 697
938 760
760 1221
1221 375
375 903
375 1456
903 1020
1020 106
1020 510
106 203
106 751
203 1098
1098 1654
1654 347
1654 1060
347 1086
347 521
1086 162
1086 1262
162 1185
1185 571
1185 1377
571 1376
571 1715
1376 176
1376 315
176 53
176 86
53 531
531 1090
1090 902
902 918
918 1174
1174 862
862 355
862 70
355 410
355 567
410 881
410 1704
881 1591
1591 196
196 633
633 734
734 522
522 1507
522 265
1507 1412
1507 300
1412 649
1412 807
649 406
649 1521
406 1173
1173 691
1173 346
691 251
691 1536
251 490
251 184
490 292
490 1152
292 1508
292 656
1508 150
150 275
150 24
275 175
175 1158
175 1287
1158 1281
1281 370
370 1658
1658 1249
1249 237
1249 1637
237 1426
1426 260
260 1611
260 1103
1611 1395
1611 956
1395 670
670 262
262 1543
262 1371
1543 317
1543 762
317 1556
1556 1667
1556 231
1667 129
129 391
391 629
391 159
629 1165
629 980
1165 439
1165 489
439 1067
1067 543
543 836
836 278
278 1198
278 188
1198 639
1198 883
639 1270
639 322
1270 1139
1270 229
1139 368
368 808
808 249
249 592
249 624
592 1148
592 465
1148 18
18 126
18 319
126 1717
1717 960
960 791
960 123
791 1241
791 353
1241 994
1241 834
994 1002
1002 1146
1002 1141
1146 925
925 963
963 98
963 339
98 1707
98 839
1707 619
1707 637
619 1126
1126 1518
1518 334
1518 861
334 720
720 60
60 442
442 181
181 332
181 688
332 515
332 802
515 235
515 1095
235 158
235 1127
158 1706
1706 1449
1706 55
1449 863
863 460
460 421
460 1337
421 1551
421 1516
1551 1333
1551 788
1333 504
504 132
504 764
132 1576
132 844
1576 1286
1576 545
1286 1422
1286 1599
1422 205
205 581
205 103
581 198
581 1665
198 725
198 1228
725 9
725 263
9 1475
9 1398
1475 49
49 272
272 622
622 209
209 885
885 717
717 1408
717 1341
1408 1700
1408 597
1700 987
987 1250
1250 1671
1250 38
1671 71
1671 136
71 25
25 601
25 358
601 172
172 723
172 1437
723 1531
1531 689
1531 459
689 506
506 715
506 966
715 1628
715 495
1628 85
1628 92
85 1220
85 686
1220 1230
1230 820
1230 1182
820 985
985 417
985 679
417 1345
417 816
1345 1490
1490 91
1490 1423
91 323
91 324
323 221
221 563
563 519
519 120
120 1135
120 215
1135 1235
1135 1724
1235 870
870 1057
870 1302
1057 663
1057 1160
663 1701
663 268
1701 1334
1701 852
1334 692
692 501
501 538
501 886
538 1170
1170 1154
1154 1219
1154 279
1219 1435
1219 617
1435 424
1435 298
424 594
424 1586
594 271
271 934
934 702
934 1725
702 1705
702 35
1705 238
238 131
238 1622
131 216
131 1031
216 1520
1520 1021
1021 541
1021 309
541 812
812 1663
812 1178
1663 1055
1663 1452
1055 1051
1051 955
955 1071
955 609
1071 304
1071 895
304 1486
1486 264
1486 1660
264 711
711 1279
1279 710
1279 549
710 1207
1207 256
1207 1110
256 1694
256 1623
1694 248
1694 197
248 848
848 1446
1446 634
634 1049
634 456
1049 363
1049 1719
363 957
957 337
957 559
337 732
337 1037
732 876
876 493
876 94
493 1034
1034 917
917 1278
917 1181
1278 1233
1278 1358
1233 1300
1300 628
628 1257
1257 693
693 1085
693 1382
1085 587
1085 389
587 1223
587 455
1223 222
1223 1640
222 727
222 488
727 210
727 901
210 399
210 247
399 1566
1566 849
1566 1464
849 1374
849 1064
1374 914
914 228
914 1216
228 1695
1695 1243
1695 750
1243 44
1243 1143
44 1114
1114 526
526 1581
526 1351
1581 1059
1059 1227
1059 1681
1227 2
1227 366
2 190
190 653
653 537
537 240
537 1107
240 1613
1613 575
1613 1196
575 280
280 856
856 542
542 630
630 1218
1218 242
1218 63
242 646
646 1645
1645 1298
1298 43
43 535
535 607
535 1322
607 748
607 831
748 294
294 1299
1299 1606
1606 1502
1606 853
1502 1568
1502 767
1568 926
926 177
177 96
96 978
96 906
978 1692
978 1072
1692 1723
1692 509
1723 110
1723 134
110 584
584 101
101 898
898 411
898 943
411 34
34 975
975 655
975 1496
655 716
655 1656
716 643
716 840
643 864
864 675
675 393
393 466
393 1535
466 285
466 328
285 148
285 923
148 602
148 503
602 793
602 699
793 591
591 1210
1210 740
740 1124
1124 590
1124 343
590 22
590 1347
22 79
22 1203
79 642
79 1630
642 830
830 981
981 1436
981 425
1436 1454
1454 1601
1454 1094
1601 1244
1244 118
118 77
118 1605
77 1697
1697 112
112 364
112 481
364 562
364 1506
562 528
528 635
635 1285
635 954
1285 1483
1483 1087
1483 1229
1087 1582
1087 107
1582 1455
1455 671
1455 916
671 3
671 57
3 705
3 627
705 696
705 1180
696 968
696 1119
968 1378
1378 259
1378 942
259 769
769 585
585 1565
585 1659
1565 651
1565 843
651 1162
1162 1469
1162 1329
1469 1500
1500 1253
1500 1635
1253 1272
1272 774
774 1309
774 1306
1309 124
1309 698
124 596
124 616
596 648
648 306
306 874
874 787
787 907
787 502
907 1639
1639 1271
1271 579
579 989
579 982
989 915
989 803
915 1301
915 189
1301 694
694 270
694 1101
270 681
681 678
681 890
678 1316
1316 1369
1316 1396
1369 59
1369 811
59 582
59 952
