1 1554 4779675
1255 365
365 15
365 218
15 1359
1359 51
51 1060
51 158
1060 542
542 1117
542 1063
1117 795
795 889
795 865
889 1120
889 1366
1120 1443
1443 96
1443 494
96 1254
96 1365
1254 185
185 1184
1184 988
988 225
225 950
950 643
643 906
643 1248
906 202
202 871
202 1048
871 1035
1035 927
927 792
792 1173
1173 883
1173 273
883 842
883 78
842 644
842 984
644 1094
644 1547
1094 870
870 1194
1194 1468
1468 1336
1468 661
1336 805
805 1334
1334 1445
1445 450
450 1549
1549 155
155 1305
1305 866
866 928
928 940
928 11
940 1141
940 527
1141 1438
1438 53
1438 712
53 294
53 1280
294 1231
1231 578
1231 1370
578 312
578 410
312 237
237 342
342 199
342 1357
199 947
947 1348
947 369
1348 973
1348 420
973 872
872 583
872 550
583 1241
1241 1040
1241 438
1040 1421
1421 1001
1001 1116
1001 1499
1116 1275
1275 780
780 539
539 718
718 1479
1479 560
1479 481
560 733
733 355
733 68
355 1540
1540 679
1540 1553
679 201
201 1200
1200 1527
1527 796
796 1442
796 1076
1442 964
964 662
964 121
662 465
465 1010
1010 268
268 261
268 163
261 59
59 1191
59 1469
1191 1432
1432 1507
1507 208
1507 839
208 1508
1508 1439
1439 896
896 1382
896 1319
1382 32
32 77
77 775
775 1
1 670
670 398
398 374
398 1242
374 803
374 935
803 1554
803 807
1554 811
811 101
101 503
503 832
832 1240
1240 624
1240 248
624 621
621 1049
621 887
1049 1529
1049 1449
1529 814
1529 13
814 111
111 1456
1456 521
1456 123
521 1161
521 1112
1161 26
26 923
26 401
923 379
923 282
379 1207
379 98
1207 1224
1207 75
1224 480
480 152
152 520
152 1284
520 1236
520 594
1236 315
1236 1301
315 1125
1125 1545
1125 1237
1545 513
1545 412
513 561
513 504
561 1071
561 449
1071 688
1071 725
688 413
688 57
413 498
498 204
204 400
400 1283
400 1356
1283 1463
1463 704
1463 1296
704 863
863 1300
863 437
1300 1027
1300 786
1027 724
1027 191
724 686
686 276
686 1377
276 848
848 328
848 105
328 1156
328 1465
1156 1295
1156 808
1295 479
1295 1427
479 628
479 58
628 862
628 1431
862 1044
1044 501
501 353
501 333
353 126
126 1174
1174 1102
1102 1363
1363 1389
1389 782
782 1487
1487 715
715 757
757 1002
1002 999
1002 1548
999 751
751 1383
1383 1144
1383 1023
1144 1342
1342 1308
1308 363
363 496
496 471
471 543
543 844
844 783
783 1538
783 1204
1538 1535
1535 1268
1535 1178
1268 894
1268 1149
894 23
894 205
23 160
160 691
691 876
876 809
809 1226
809 1408
1226 1396
1226 1029
1396 1221
1396 750
1221 873
873 255
873 1185
255 1326
255 556
1326 210
210 806
210 649
806 566
806 1259
566 1514
1514 740
1514 1397
740 588
740 1201
588 33
33 1218
33 175
1218 147
147 1262
147 1155
1262 334
1262 570
334 534
334 27
534 1412
1412 1324
1412 1137
1324 301
1324 1203
301 293
293 978
293 510
978 678
678 604
678 509
604 343
604 1121
343 574
343 1368
574 1165
1165 1051
1051 587
1051 553
587 492
492 1189
1189 966
1189 1152
966 607
966 1373
607 1349
1349 190
190 295
295 141
141 2
2 484
2 1476
484 1511
1511 259
1511 1543
259 370
370 991
991 129
129 94
129 67
94 1306
94 1394
1306 424
1306 1196
424 538
424 593
538 1276
1276 563
1276 765
563 411
411 182
411 173
182 55
55 1452
1452 595
595 350
350 133
350 1376
133 1095
1095 1515
1095 314
1515 637
1515 1072
637 506
506 1101
1101 669
1101 1006
669 1096
669 1400
1096 1059
1096 1447
1059 447
447 893
893 836
836 1302
836 176
1302 82
82 1526
1526 949
949 1209
949 653
1209 1403
1403 65
65 1314
1314 1150
1314 299
1150 756
756 439
756 1151
439 135
439 1142
135 1321
1321 901
1321 1387
901 936
901 1014
936 1147
936 1154
1147 1533
1147 804
1533 746
746 667
667 1090
667 226
1090 381
1090 980
381 1057
1057 1355
1057 580
1355 952
1355 1459
952 263
952 1544
263 512
512 545
545 97
545 223
97 709
97 800
709 107
709 258
107 322
107 1286
322 810
322 769
810 774
810 1289
774 1375
1375 812
1375 1118
812 1091
1091 358
358 830
358 1513
830 242
242 1134
1134 692
1134 1522
692 88
692 70
88 531
88 597
531 600
531 1534
600 1167
1167 957
957 38
957 1497
38 723
38 1127
723 918
918 547
547 1172
547 533
1172 41
1172 770
41 200
41 1498
200 793
793 19
793 154
19 331
331 198
198 395
395 1047
1047 1055
1055 1073
1073 1265
1265 716
1265 73
716 707
716 1402
707 5
5 758
758 903
903 31
31 373
31 755
373 914
373 18
914 1017
1017 851
851 459
459 166
459 1328
166 572
572 748
748 929
748 719
929 1216
1216 858
858 1210
1210 1045
1210 1188
1045 1032
1045 785
1032 85
85 74
85 611
74 915
915 229
229 495
229 969
495 656
495 1307
656 89
89 406
89 1293
406 596
596 1089
1089 855
1089 1381
855 1311
855 634
1311 630
1311 618
630 849
630 287
849 1504
849 165
1504 1364
1504 1193
1364 341
341 338
338 552
552 254
254 1485
1485 454
454 356
356 375
356 898
375 867
867 735
867 54
735 354
354 309
309 296
296 665
665 371
665 112
371 470
371 1267
470 675
470 1056
675 1464
675 1019
1464 762
762 197
197 1046
1046 824
1046 138
824 193
193 232
193 50
232 640
640 1041
640 1407
1041 764
764 818
818 970
818 1136
970 1005
970 231
1005 761
761 136
136 468
136 817
468 44
468 1496
44 404
44 1229
404 730
404 708
730 279
730 440
279 590
279 146
590 104
104 313
104 714
313 1480
313 335
1480 536
536 180
536 1064
180 124
124 987
124 992
987 1024
1024 655
655 16
655 880
16 1097
16 822
1097 1425
1097 629
1425 1505
1505 859
859 1325
1325 1166
1166 1474
1166 487
1474 95
95 24
24 532
24 877
532 43
532 290
43 548
548 1310
1310 1080
1310 245
1080 1234
1080 694
1234 389
1234 763
389 1294
389 790
1294 828
828 995
995 1170
995 698
1170 241
1170 402
241 760
760 1351
1351 554
554 1353
1353 1415
1415 10
10 280
280 266
266 959
959 860
959 1450
860 1455
860 207
1455 726
726 1003
726 535
1003 1235
1003 1299
1235 747
747 825
747 626
825 569
825 130
569 1391
569 40
1391 1106
1106 642
1106 845
642 230
642 1315
230 1115
230 559
1115 788
788 214
788 1199
214 461
461 1460
461 787
1460 499
1460 60
499 909
909 856
856 734
856 1528
734 340
734 529
340 102
340 778
102 772
772 801
801 695
695 854
854 17
17 1369
17 1266
1369 549
549 1075
549 592
1075 393
393 902
902 768
902 243
768 490
768 1132
490 605
490 1486
605 392
392 652
392 1008
652 833
652 517
833 236
833 306
236 30
30 115
30 852
115 1198
1198 1518
1518 690
1518 1494
690 265
690 1004
265 1523
265 931
1523 919
1523 274
919 739
739 1428
1428 779
779 635
635 523
635 430
523 1501
1501 1277
1277 1347
1277 1436
1347 153
153 1261
1261 357
1261 1470
357 361
357 1483
361 1038
361 1331
1038 467
1038 1379
467 451
451 525
525 267
525 933
267 1278
1278 1390
1390 1042
1042 45
45 7
7 944
944 998
998 558
998 246
558 416
558 912
416 476
416 93
476 537
476 1099
537 1329
1329 507
1329 625
507 423
507 584
423 791
423 1000
791 1448
791 179
1448 579
579 1424
579 1517
1424 981
981 1163
1163 171
171 1420
1420 892
892 1007
1007 239
1007 650
239 540
540 1303
1303 1037
1303 582
1037 106
106 142
106 114
142 1123
142 1398
1123 802
802 161
161 472
161 128
472 696
472 1405
696 1312
1312 1290
1312 925
1290 1316
1316 555
555 920
920 324
324 1187
1187 937
1187 869
937 1146
937 1181
1146 1232
1146 1537
1232 382
382 505
382 488
505 1175
505 444
1175 143
143 473
473 172
473 435
172 344
172 1062
344 861
344 289
861 1012
1012 120
1012 47
120 843
120 627
843 148
148 177
177 960
960 922
922 1467
922 598
1467 386
1467 485
386 1434
386 1069
1434 8
1434 1148
8 1233
8 932
1233 62
1233 1133
62 705
705 1227
705 528
1227 122
122 1309
1309 1552
1552 1186
1552 497
1186 1454
1454 1263
1263 710
710 1160
710 647
1160 841
841 275
841 360
275 42
275 850
42 327
327 700
700 623
700 663
623 798
623 885
798 736
736 942
942 475
475 996
475 632
996 864
864 1477
1477 417
1477 1239
417 939
939 84
84 1077
84 76
1077 325
325 1503
325 1260
1503 633
1503 300
633 118
118 562
118 452
562 1430
562 752
1430 706
1430 983
706 1143
1143 337
337 1473
337 904
1473 159
159 1138
1138 421
1138 672
421 1297
1297 1461
1461 390
1461 303
390 414
390 1213
414 252
252 1274
1274 636
1274 516
636 1392
1392 1222
1222 56
1222 728
56 697
56 1512
697 429
697 639
429 1225
1225 671
671 1085
1085 1481
1481 500
1481 699
500 677
677 1530
677 446
1530 433
433 61
433 1409
61 1524
1524 1536
1524 278
1536 930
1536 526
930 1457
930 617
1457 1054
1457 215
1054 156
156 989
156 720
989 1244
989 1451
1244 515
1244 63
515 1413
1413 1471
1471 1423
1423 434
1423 977
434 1500
434 1093
1500 368
1500 934
368 767
767 162
767 221
162 1043
1043 1401
1043 244
1401 285
1401 951
285 616
616 1111
1111 1129
1129 1065
1065 240
240 888
240 1458
888 48
48 228
228 1015
1015 262
1015 974
262 1018
1018 1435
1435 409
1435 847
409 1332
1332 577
1332 1362
577 311
311 703
311 109
703 443
443 302
443 1418
302 683
683 281
281 784
784 486
784 921
486 945
486 83
945 1252
945 310
1252 453
1252 1304
453 1292
453 1440
1292 1171
1292 1281
1171 1404
1171 1157
1404 1282
1282 821
1282 426
821 886
886 897
886 1287
897 1179
897 352
1179 35
1179 567
35 581
35 881
581 1411
1411 144
144 1061
1061 464
464 271
271 568
271 1416
568 1211
568 224
1211 571
1211 684
571 565
565 1067
1067 269
1067 187
269 12
269 359
12 351
351 1493
1493 1164
1493 659
1164 319
319 1084
319 502
1084 674
1084 777
674 1510
674 234
1510 1502
1502 349
1502 890
349 1153
1153 1475
1475 445
1475 1384
445 1462
1462 1086
1086 209
209 217
217 206
206 1521
1521 90
90 1074
90 840
1074 127
1074 1271
127 658
127 1176
658 1126
1126 1323
1126 1453
1323 3
1323 387
3 100
100 91
100 1272
91 491
491 427
427 6
6 1406
1406 1131
1406 493
1131 575
575 895
895 1219
1219 1437
1437 477
477 721
721 1388
721 256
1388 1104
1104 910
1104 835
910 1180
910 1253
1180 483
1180 975
483 837
837 622
837 1122
622 657
657 1249
657 1107
1249 508
508 608
608 613
608 183
613 564
564 1183
1183 1333
1333 963
1333 753
963 1033
963 308
1033 458
458 219
219 1322
1322 1414
1322 72
1414 131
131 1320
1320 321
1320 519
321 610
610 1195
610 103
1195 1361
1195 164
1361 1087
1361 457
1087 260
260 304
304 345
345 1212
1212 557
557 741
741 233
741 37
233 1491
233 1466
1491 660
1491 1197
660 1417
660 1034
1417 119
119 1052
119 745
1052 366
1052 385
366 364
366 664
364 599
599 1279
599 1343
1279 329
329 1214
1214 1159
1159 1105
1159 967
1105 284
1105 776
284 212
212 52
52 551
52 943
551 926
926 797
797 958
958 857
857 316
316 681
681 602
602 460
602 899
460 522
522 1419
522 1039
1419 184
184 601
184 1208
601 1223
1223 1358
1358 1020
1358 1433
1020 754
754 1168
1168 318
1168 1422
318 1113
1113 1298
1113 1100
1298 397
1298 292
397 609
397 727
609 997
997 1346
997 913
1346 1285
1285 249
249 1340
249 270
1340 376
376 1162
1162 428
1162 108
428 317
317 367
317 815
367 879
879 530
879 20
530 388
530 1026
388 993
388 1317
993 1410
993 838
1410 1228
1410 524
1228 908
1228 235
908 478
908 64
478 729
478 666
729 418
418 196
418 466
196 49
196 1532
49 1472
49 399
1472 589
589 167
589 1256
167 81
167 1182
81 731
731 771
771 178
771 645
178 1083
1083 1088
1088 216
1088 1114
216 1135
1135 743
1135 1482
743 946
743 150
946 431
431 831
831 408
408 646
408 139
646 994
646 305
994 1022
1022 326
1022 1539
326 1192
326 113
1192 676
1192 619
676 1546
676 469
1546 250
1546 462
250 1516
250 1206
1516 722
1516 766
722 907
907 1288
1288 186
186 1341
186 432
1341 1217
1341 455
1217 132
1217 213
132 820
132 1509
820 80
820 320
80 442
80 288
442 291
291 1079
1079 603
603 394
603 1352
394 1330
1330 1345
1330 1372
1345 348
348 1478
348 222
1478 253
253 384
384 962
962 419
962 383
419 573
419 1130
573 168
168 1128
1128 976
1128 336
976 1011
1011 332
1011 1081
332 1205
332 1531
1205 378
378 1119
1119 117
1119 514
117 1025
1025 1484
1484 948
948 1541
948 140
1541 680
680 1013
680 1066
1013 518
518 286
286 482
482 685
482 813
685 1429
685 1247
1429 110
110 1374
1374 227
227 968
227 1251
968 264
264 781
781 687
781 891
687 125
687 372
125 701
701 511
511 39
511 986
39 220
39 1108
220 1337
220 362
1337 145
1337 1215
145 69
69 1441
69 34
1441 1444
1444 673
673 66
673 826
66 868
66 25
868 816
816 1145
1145 307
1145 1031
307 668
307 415
668 194
668 682
194 4
194 203
4 1273
1273 875
875 1103
875 1245
1103 641
641 1542
641 1030
1542 1327
1542 1070
1327 615
615 900
615 1495
900 463
463 737
463 403
737 1050
737 181
1050 170
1050 702
170 773
773 971
971 874
874 1169
874 917
1169 882
882 546
546 1551
1551 1230
1551 1519
1230 174
1230 195
174 1140
1140 717
1140 330
717 916
717 436
916 789
789 1243
1243 1078
1243 149
1078 799
1078 1220
799 1395
1395 955
955 924
955 651
924 71
924 22
71 1258
1258 1246
1246 713
1246 1270
713 36
36 911
36 1028
911 1378
911 1344
1378 1269
1378 711
1269 92
92 116
92 738
116 1350
116 1393
1350 1139
1139 1338
1139 1492
1338 14
14 1036
14 1339
1036 1489
1489 272
272 1110
1110 585
1110 1399
585 347
347 137
137 339
339 1092
1092 794
794 749
794 982
749 1550
1550 1190
1550 576
1190 346
346 693
346 979
693 544
693 257
544 823
544 1016
823 1446
1446 1053
1053 972
1053 689
972 87
972 21
87 441
87 1238
441 396
396 1354
1354 1380
1380 586
1380 9
586 961
586 654
961 1291
1291 1098
1291 323
1098 46
1098 192
46 211
46 1506
211 620
211 905
620 277
277 456
456 86
456 380
86 297
297 1009
297 1386
1009 878
1009 425
878 1158
1158 1318
1158 990
1318 157
1318 1058
157 612
612 422
422 1264
422 79
1264 1202
1202 251
1202 1367
251 953
251 1520
953 189
953 1068
189 1385
1385 1371
1371 638
1371 1082
638 541
541 1177
1177 1313
1177 1109
1313 1426
1426 742
1426 151
742 985
742 614
985 744
985 405
744 954
744 99
954 1360
1360 283
1360 938
283 1490
283 1335
1490 884
1490 827
884 1021
1021 846
846 591
846 956
591 606
606 298
606 834
298 238
238 941
941 853
941 489
853 829
853 732
829 448
829 28
448 407
448 819
407 377
377 134
377 1250
134 29
29 474
29 648
474 1124
1124 631
1124 247
631 965
631 759
965 169
169 391
391 188
391 1257
188 1488
1488 1525
