1 1198 4747612
328 902
328 551
902 1091
1091 301
1091 370
301 803
803 29
803 53
29 538
29 289
538 660
660 683
660 291
683 601
683 982
601 835
835 507
507 853
853 243
853 364
243 717
243 51
717 1056
717 722
1056 904
904 376
376 623
623 277
277 1096
1096 525
525 82
525 99
82 1031
1031 435
1031 476
435 231
231 217
231 581
217 713
217 690
713 143
143 856
143 460
856 891
891 497
891 513
497 495
497 1122
495 1180
495 1193
1180 1050
1050 426
426 965
426 124
965 130
130 578
130 963
578 719
719 114
719 796
114 740
114 49
740 723
740 1053
723 744
744 335
744 775
335 845
845 849
849 534
534 665
665 1045
665 700
1045 654
654 708
708 1153
708 102
1153 637
1153 924
637 1079
1079 514
514 819
819 632
632 1139
632 367
1139 288
1139 788
288 1195
288 535
1195 516
1195 19
516 1164
1164 772
772 154
154 667
154 703
667 295
667 576
295 76
76 608
608 863
608 108
863 693
863 146
693 250
693 508
250 913
250 74
913 433
913 315
433 1072
433 245
1072 857
857 935
857 926
935 181
935 176
181 748
748 806
748 797
806 379
806 249
379 737
737 492
737 4
492 237
237 486
237 191
486 325
325 1087
1087 200
200 847
200 517
847 63
847 96
63 494
494 358
358 583
583 44
583 1128
44 60
60 186
60 1042
186 1134
1134 263
263 765
765 410
410 733
410 848
733 572
572 1174
572 371
1174 764
1174 942
764 209
764 1000
209 864
209 655
864 715
715 262
262 87
87 8
87 873
8 446
8 854
446 991
991 840
840 316
316 954
954 751
751 141
141 182
182 1047
1047 373
373 917
373 393
917 194
917 117
194 809
809 10
10 568
10 496
568 50
568 882
50 267
50 425
267 862
267 674
862 412
412 471
471 798
798 59
59 668
59 943
668 652
652 214
214 429
429 490
490 83
83 173
173 874
173 628
874 484
484 706
706 384
384 452
384 278
452 1060
452 955
1060 612
1060 123
612 996
996 753
996 780
753 1095
1095 72
72 559
72 67
559 1196
559 1148
1196 40
1196 309
40 406
40 562
406 1182
1182 183
183 933
933 1173
1173 799
799 1101
799 392
1101 505
1101 420
505 424
505 629
424 1066
1066 989
989 9
9 439
9 6
439 1
1 966
966 139
966 144
139 644
139 638
644 304
304 166
304 113
166 52
52 892
52 795
892 602
602 37
37 956
956 914
956 489
914 915
915 312
915 409
312 501
312 1005
501 1103
1103 1142
1103 872
1142 808
808 677
677 308
677 156
308 232
232 792
232 590
792 838
838 103
103 696
103 23
696 313
313 256
256 707
707 15
707 1170
15 704
704 579
704 1017
579 43
43 971
43 1030
971 27
971 944
27 77
77 994
994 287
994 189
287 1145
287 1129
1145 1063
1145 682
1063 395
395 213
213 430
213 31
430 235
235 647
235 886
647 1058
1058 1081
1081 745
745 851
745 1187
851 937
851 1078
937 791
791 324
791 860
324 952
324 17
952 831
952 1075
831 1070
1070 360
360 216
216 980
216 151
980 167
167 202
202 603
202 726
603 382
603 789
382 1104
1104 820
1104 1197
820 1057
820 850
1057 259
1057 90
259 461
461 445
461 48
445 561
561 818
818 604
818 680
604 1002
1002 1049
1049 785
785 2
2 620
2 85
620 634
634 1171
634 1041
1171 1090
1090 671
1090 218
671 198
671 1062
198 1015
1015 22
1015 630
22 13
22 1001
13 1029
13 1115
1029 909
909 606
606 58
58 298
298 1155
1155 639
1155 226
639 815
815 1120
815 812
1120 45
1120 127
45 830
45 992
830 193
193 869
193 1108
869 449
449 1184
1184 1027
1184 1117
1027 158
1027 523
158 405
405 718
405 1152
718 522
718 763
522 185
522 877
185 163
163 450
163 150
450 321
321 197
197 938
938 675
675 805
675 876
805 512
512 1071
1071 735
1071 925
735 101
735 1018
101 7
7 36
36 1040
36 1097
1040 790
1040 846
790 338
790 756
338 552
552 822
552 1136
822 669
822 92
669 1107
1107 5
5 931
5 119
931 1147
931 35
1147 467
1147 973
467 129
129 251
251 239
251 577
239 162
162 1068
1068 833
1068 475
833 566
566 769
566 473
769 1183
769 519
1183 988
988 605
605 275
605 34
275 456
456 543
543 761
543 984
761 885
885 408
885 923
408 712
712 1150
712 69
1150 970
970 624
970 810
624 985
624 78
985 611
611 383
611 1004
383 716
383 1065
716 253
253 205
253 444
205 662
205 613
662 254
254 951
951 701
701 457
701 427
457 122
457 758
122 131
122 1059
131 907
131 472
907 1177
1177 607
607 398
607 133
398 403
403 1088
1088 1159
1088 596
1159 1186
1186 776
776 912
776 651
912 794
794 402
794 105
402 248
248 310
248 964
310 709
310 530
709 42
42 339
339 529
529 614
529 504
614 573
614 1039
573 597
597 736
736 524
524 106
106 421
421 962
421 418
962 661
962 1123
661 768
661 1093
768 1092
768 565
1092 929
929 783
783 1131
783 621
1131 950
950 539
539 332
332 25
25 363
25 238
363 593
593 802
802 1009
802 570
1009 88
88 755
755 750
750 236
750 110
236 147
236 455
147 511
147 281
511 100
100 828
828 894
828 479
894 636
894 255
636 172
172 918
918 280
918 893
280 1109
280 268
1109 889
1109 762
889 1051
1051 115
1051 171
115 916
916 901
916 73
901 178
901 1098
178 140
140 949
140 625
949 921
949 169
921 1094
1094 206
206 415
415 132
132 282
282 1007
282 348
1007 880
1007 695
880 800
800 55
800 378
55 1166
55 895
1166 164
1166 1105
164 527
527 656
656 159
159 260
159 177
260 948
260 861
948 372
372 1080
372 626
1080 685
685 80
685 1028
80 865
80 493
865 998
998 1126
998 515
1126 663
1126 30
663 747
747 1114
747 211
1114 487
487 482
487 47
482 546
482 679
546 294
546 221
294 939
294 175
939 793
939 817
793 1161
793 397
1161 1034
1034 766
1034 905
766 548
766 41
548 65
548 678
65 866
866 437
437 773
437 401
773 201
773 549
201 14
201 993
14 653
14 1151
653 165
653 1067
165 1083
165 270
1083 241
1083 1124
241 702
702 1013
1013 219
1013 79
219 222
222 571
222 617
571 1181
571 135
1181 896
1181 233
896 999
896 347
999 510
999 1026
510 1012
510 774
1012 720
1012 112
720 71
71 981
981 84
84 959
959 691
691 633
691 934
633 1032
1032 743
1032 642
743 1149
1149 414
1149 454
414 599
414 1119
599 284
599 477
284 836
836 411
836 594
411 1086
411 128
1086 498
1086 12
498 104
104 1168
104 307
1168 694
694 724
694 386
724 1141
724 120
1141 957
957 1121
957 900
1121 627
1121 631
627 1157
1157 491
1157 20
491 771
491 738
771 1127
1127 16
1127 357
16 1194
1194 93
1194 187
93 526
93 258
526 741
526 428
741 1064
741 204
1064 557
557 536
536 616
536 453
616 319
616 18
319 474
474 841
474 329
841 413
413 107
107 801
801 975
801 1006
975 986
975 116
986 38
986 28
38 353
353 142
142 296
142 1167
296 399
399 265
265 698
265 320
698 813
813 979
813 1169
979 170
979 1036
170 544
170 728
544 676
676 974
974 269
974 584
269 246
269 1038
246 179
246 648
179 331
179 825
331 1198
1198 827
827 920
920 727
920 1140
727 1052
1052 1037
1037 481
1037 1116
481 1024
1024 215
1024 463
215 757
215 586
757 824
824 1146
824 283
1146 1016
1016 711
711 619
711 1160
619 732
732 416
732 422
416 692
416 1189
692 286
692 1019
286 224
224 945
945 369
945 210
369 725
369 879
725 1048
725 443
1048 465
465 547
547 953
953 184
953 972
184 906
184 362
906 760
760 821
760 1191
821 1023
1023 380
1023 199
380 1112
380 588
1112 1100
1100 927
1100 322
927 564
927 81
564 1130
1130 1143
1143 995
995 537
995 1014
537 503
537 292
503 1138
1138 622
1138 95
622 190
190 582
582 334
582 807
334 997
997 247
997 786
247 297
297 343
297 155
343 1111
343 531
1111 326
1111 575
326 462
326 645
462 389
462 207
389 203
389 742
203 595
595 587
587 464
464 550
550 804
550 910
804 659
659 643
643 684
643 337
684 32
684 541
32 148
32 556
148 26
26 478
478 1074
1074 752
1074 330
752 188
752 305
188 739
739 1035
1035 884
884 1176
1176 687
687 220
687 1132
220 274
274 898
274 650
898 458
898 615
458 1008
1008 533
1008 837
533 759
533 1106
759 569
569 823
569 635
823 387
823 932
387 46
46 1133
1133 689
1133 1061
689 946
689 968
946 342
342 447
447 1179
1179 327
327 868
868 672
672 580
580 589
589 875
589 227
875 174
875 506
174 664
174 657
664 521
521 485
485 721
485 911
721 976
976 649
976 834
649 404
649 1158
404 276
276 1144
1144 366
366 354
354 754
754 33
33 459
459 208
459 666
208 640
640 361
640 1084
361 554
361 855
554 56
56 394
394 368
368 958
958 977
958 440
977 500
977 699
500 1110
1110 303
303 299
303 899
299 374
374 1102
374 1055
1102 419
419 225
419 867
225 448
225 967
448 871
871 153
871 1163
153 333
153 400
333 778
333 1190
778 1003
778 145
1003 470
1003 352
470 356
356 396
396 423
396 746
423 1178
423 86
1178 930
930 24
24 646
24 618
646 1054
646 887
1054 311
1054 57
311 781
311 436
781 161
161 592
161 349
592 431
592 346
431 545
545 658
545 1118
658 365
658 978
365 787
365 563
787 1022
787 1135
1022 1172
1022 192
1172 844
844 160
844 560
160 149
149 908
908 212
212 881
212 919
881 670
670 264
670 1021
264 300
264 928
300 779
300 351
779 553
779 673
553 290
553 1077
290 432
432 385
432 829
385 344
385 878
344 710
710 941
710 273
941 97
97 730
730 1046
1046 285
1046 244
285 528
528 688
688 574
574 897
574 532
897 134
897 1162
134 252
134 157
252 839
839 936
839 1069
936 466
466 64
466 681
64 54
64 223
54 118
54 883
118 1185
118 1020
1185 1099
1099 1137
1099 483
1137 488
488 1010
1010 591
591 317
317 641
641 336
336 137
137 609
609 542
609 729
542 261
542 961
261 168
261 598
168 782
782 68
782 136
68 540
68 195
540 499
540 1085
499 1033
499 355
1033 1154
1154 960
1154 1044
960 109
109 111
111 502
111 21
502 1188
502 1089
1188 555
1188 94
555 350
555 381
350 842
842 826
842 811
826 377
826 585
377 126
126 509
509 341
341 359
341 558
359 318
359 89
318 91
91 947
947 705
947 814
705 39
39 469
469 61
469 234
61 125
125 375
125 152
375 279
279 969
969 468
969 434
468 62
62 749
749 1192
1192 843
843 1043
843 777
1043 1076
1043 229
1076 271
1076 345
271 518
271 388
518 990
990 196
990 451
196 903
196 302
903 987
987 480
480 438
438 816
816 610
610 242
242 1175
1175 714
1175 306
714 323
323 922
922 1025
922 314
1025 98
1025 832
98 391
98 180
391 520
391 770
520 870
520 70
870 940
870 3
940 293
293 600
293 417
600 272
272 390
272 1011
390 1073
390 767
1073 230
230 1125
230 121
1125 888
1125 859
888 240
240 686
686 890
890 257
890 852
257 340
340 442
442 858
858 407
407 138
407 697
138 734
138 1113
734 66
66 567
567 441
567 266
441 983
983 731
731 228
228 1082
1082 1156
1156 784
1156 11
784 1165
1165 75
