2 958 7825103
1 2
76 137
76 613
137 423
137 728
423 168
168 632
168 882
632 651
632 508
651 922
922 49
49 794
794 395
395 829
829 201
201 299
201 502
299 666
666 126
666 305
126 891
891 482
482 18
482 149
18 125
18 273
125 366
366 456
456 559
559 664
664 141
141 584
584 816
584 537
816 527
816 923
527 454
527 112
454 185
185 765
765 681
681 762
762 306
306 434
434 764
764 680
680 330
330 671
330 79
671 945
671 606
945 182
945 734
182 362
182 506
362 744
744 65
65 848
65 468
848 14
848 614
14 739
739 925
925 767
767 241
241 13
13 769
13 426
769 167
769 337
167 893
893 411
893 699
411 504
411 438
504 372
504 335
372 443
443 652
443 485
652 458
458 661
458 521
661 708
708 534
534 523
523 705
523 562
705 756
756 210
210 41
41 513
41 293
513 477
477 365
477 220
365 761
365 360
761 169
761 957
169 172
169 703
172 883
172 726
883 342
883 841
342 470
470 346
470 131
346 43
346 530
43 8
8 950
950 752
752 271
752 119
271 862
271 941
862 921
862 428
921 564
564 912
564 600
912 849
849 409
409 670
670 820
820 711
711 387
711 924
387 591
591 553
553 255
553 807
255 784
784 782
782 740
782 287
740 142
142 279
142 457
279 541
541 466
466 742
742 227
742 635
227 109
109 800
800 547
547 589
589 679
679 798
679 469
798 198
198 597
198 92
597 5
5 129
5 615
129 828
129 27
828 181
181 310
181 746
310 22
22 685
685 354
354 90
90 288
288 577
577 327
327 583
327 83
583 107
107 574
574 56
574 248
56 532
532 696
696 226
696 572
226 424
424 453
453 507
507 473
473 150
150 405
405 822
822 474
474 98
474 658
98 311
311 283
283 781
283 406
781 602
781 471
602 370
602 673
370 579
370 2
579 52
52 542
542 725
725 514
725 228
514 383
383 647
383 358
647 607
607 462
462 132
462 66
132 262
262 272
262 3
272 386
272 551
386 914
386 690
914 9
914 650
9 612
9 465
612 638
638 943
638 499
943 34
34 398
34 397
398 520
520 748
520 318
748 759
748 683
759 875
759 217
875 246
246 821
821 596
596 374
374 624
374 569
624 373
373 231
373 384
231 618
231 277
618 833
833 115
115 121
121 242
242 236
236 93
236 817
93 340
340 352
340 321
352 363
352 266
363 953
953 634
953 544
634 364
364 958
364 183
958 859
958 877
859 297
859 947
297 414
297 720
414 863
863 894
863 24
894 459
459 548
459 421
548 809
809 926
809 153
926 390
390 617
617 775
617 99
775 464
775 467
464 74
74 84
74 192
84 934
84 940
934 684
934 654
684 178
684 908
178 645
645 439
439 834
439 404
834 202
202 695
202 214
695 566
566 117
566 516
117 206
117 270
206 191
191 391
191 480
391 533
391 143
533 349
533 47
349 701
349 452
701 20
20 399
20 212
399 686
399 174
686 130
130 42
130 114
42 928
928 63
928 28
63 595
595 760
595 51
760 239
760 887
239 518
518 461
461 590
461 917
590 138
138 856
856 151
856 637
151 253
151 304
253 847
847 674
674 889
889 871
889 122
871 251
251 716
251 586
716 232
716 931
232 32
232 267
32 291
32 648
291 341
341 604
341 525
604 899
604 88
899 515
899 59
515 702
702 436
436 620
436 325
620 475
620 407
475 412
412 601
412 668
601 498
498 580
498 334
580 333
333 837
837 127
837 687
127 101
127 709
101 878
878 128
878 802
128 419
419 522
419 643
522 864
522 73
864 320
320 512
512 145
512 243
145 851
851 552
851 252
552 162
162 631
631 422
631 639
422 721
422 808
721 347
347 576
347 929
576 71
71 416
416 441
441 892
892 727
892 717
727 154
154 45
45 946
45 543
946 790
790 478
790 608
478 240
478 339
240 254
254 747
747 611
611 538
538 688
688 619
619 50
50 158
50 633
158 616
616 907
616 799
907 275
907 11
275 644
644 592
644 779
592 442
592 269
442 936
442 955
936 776
936 494
776 36
776 938
36 568
36 263
568 77
568 95
77 588
77 789
588 813
588 850
813 290
290 557
290 722
557 164
557 260
164 303
164 737
303 319
319 123
319 531
123 510
123 219
510 307
510 481
307 630
307 660
630 4
4 10
4 710
10 646
10 161
646 338
338 187
187 62
187 492
62 91
91 879
91 743
879 447
447 933
447 64
933 410
933 571
410 712
712 345
345 175
175 353
353 193
193 144
193 886
144 286
144 806
286 724
724 104
724 792
104 842
104 218
842 257
842 408
257 26
257 780
26 159
26 313
159 87
159 40
87 942
942 489
942 89
489 578
489 840
578 431
578 909
431 413
431 171
413 672
413 830
672 368
368 770
770 249
770 155
249 400
249 788
400 315
400 832
315 895
315 222
895 433
433 550
550 48
550 930
48 33
48 628
33 641
641 170
170 94
94 714
94 378
714 289
714 237
289 264
289 700
264 69
264 208
69 118
69 880
118 472
472 757
472 932
757 417
757 811
417 625
417 204
625 812
812 815
815 30
30 55
30 735
55 535
55 39
535 627
627 540
627 46
540 1
1 15
1 429
15 906
906 774
774 751
774 216
751 301
301 927
927 749
927 861
749 278
749 763
278 642
278 563
642 176
642 902
176 649
176 460
649 19
19 730
730 771
730 476
771 199
199 903
199 944
903 491
903 732
491 567
567 12
567 446
12 140
12 427
140 294
294 329
294 448
329 96
329 692
96 869
869 309
869 186
309 836
309 152
836 209
836 449
209 693
209 276
693 296
693 388
296 44
44 511
511 418
418 245
245 706
245 328
706 102
102 100
102 31
100 519
100 200
519 610
519 918
610 58
610 838
58 528
58 937
528 662
528 526
662 54
662 575
54 915
54 636
915 435
915 322
435 890
890 75
75 659
659 120
659 17
120 382
120 787
382 259
382 885
259 736
259 561
736 876
876 733
876 704
733 134
733 139
134 106
106 826
826 351
351 160
351 359
160 224
224 156
224 870
156 819
156 713
819 858
819 872
858 6
6 244
6 377
244 778
244 72
778 676
676 300
300 888
888 147
147 881
147 403
881 805
805 919
805 213
919 180
180 581
180 420
581 697
697 203
203 430
203 483
430 38
38 796
38 256
796 860
860 667
667 23
23 801
801 350
350 323
323 332
323 357
332 7
7 487
487 675
675 916
916 793
793 768
768 783
783 392
783 295
392 437
437 105
105 415
415 609
609 570
570 490
490 16
16 896
896 401
401 61
401 665
61 845
845 911
845 497
911 133
911 556
133 546
546 488
546 901
488 738
488 148
738 67
67 804
67 268
804 57
804 165
57 375
57 755
375 136
136 308
308 207
207 573
207 835
573 731
573 846
731 21
731 678
21 587
21 343
587 195
195 68
68 905
68 524
905 258
905 103
258 35
35 394
35 603
394 810
394 593
810 853
853 745
745 265
265 599
265 823
599 605
605 70
70 247
70 60
247 948
948 326
326 952
326 503
952 284
284 897
897 250
897 379
250 234
250 179
234 698
234 25
698 791
698 951
791 355
355 873
873 463
463 827
827 324
324 238
238 857
857 884
884 831
831 629
831 215
629 37
629 500
37 565
37 626
565 623
623 432
432 235
432 493
235 484
484 116
116 389
389 655
389 369
655 843
843 367
843 197
367 53
53 29
29 211
29 163
211 371
211 904
371 402
371 225
402 451
402 898
451 707
451 935
707 900
900 753
900 314
753 554
753 715
554 110
110 233
233 772
233 691
772 261
261 495
261 380
495 80
495 818
80 292
292 501
501 317
317 486
486 750
750 844
844 874
844 795
874 865
874 536
865 594
594 549
594 529
549 598
598 348
348 585
585 376
376 545
545 281
281 135
281 146
135 754
135 396
754 113
754 425
113 496
496 825
496 194
825 657
825 381
657 229
229 517
229 184
517 718
718 230
230 719
719 385
385 621
621 558
558 108
108 274
108 803
274 455
274 86
455 445
445 766
445 166
766 622
622 285
285 824
824 786
786 188
188 189
189 949
949 505
949 920
505 729
729 173
173 539
173 440
539 177
539 954
177 82
177 640
82 78
82 653
78 221
78 280
221 81
81 479
81 694
479 196
196 723
196 689
723 866
866 773
866 298
773 656
773 344
656 302
656 868
302 785
785 205
205 814
205 450
814 956
956 312
312 223
312 393
223 839
839 682
839 331
682 867
867 361
361 85
361 157
85 939
85 190
939 677
939 509
677 777
777 582
582 663
663 758
758 356
758 852
356 124
124 741
741 97
741 444
97 555
97 910
555 854
854 560
560 336
336 855
336 111
855 669
855 913
669 316
316 797
316 282
