2 699 286613
2 1
538 337
538 212
337 658
337 364
658 570
658 204
570 586
570 89
586 304
586 674
304 553
304 313
553 185
553 639
185 506
506 220
506 78
220 528
220 1
528 675
675 21
675 597
21 156
21 547
156 300
156 168
300 527
300 523
527 579
527 584
579 445
579 195
445 638
638 17
638 427
17 305
17 277
305 500
305 493
500 230
500 117
230 248
230 345
248 505
505 48
48 656
656 668
668 687
668 247
687 457
457 8
457 208
8 381
8 484
381 388
388 436
436 307
307 392
307 111
392 105
392 384
105 459
105 355
459 492
459 328
492 356
356 293
293 154
293 224
154 294
294 598
598 477
598 214
477 223
477 118
223 564
564 198
198 604
604 628
628 498
498 641
498 335
641 491
641 566
491 400
491 612
400 209
209 47
47 437
47 480
437 422
422 686
422 13
686 633
686 6
633 588
588 161
161 681
681 561
561 82
561 317
82 563
563 160
563 548
160 562
562 342
342 490
342 351
490 61
490 606
61 298
61 368
298 478
298 347
478 81
81 121
121 494
121 239
494 415
494 367
415 22
22 340
22 398
340 525
525 200
525 103
200 140
140 339
339 582
582 38
582 671
38 319
38 627
319 479
319 578
479 292
292 443
443 420
420 104
420 449
104 74
74 360
360 662
662 424
424 580
424 122
580 240
240 149
240 308
149 376
376 431
376 246
431 72
72 653
653 698
698 455
698 245
455 69
455 610
69 504
504 557
557 371
557 94
371 414
371 382
414 235
235 622
622 542
622 66
542 213
542 358
213 114
114 613
613 378
613 619
378 101
378 278
101 404
404 331
331 585
585 426
426 262
262 137
137 182
182 483
182 144
483 683
683 272
683 264
272 517
517 520
517 59
520 487
520 312
487 456
456 529
456 677
529 201
529 521
201 115
201 406
115 169
115 541
169 603
603 92
92 434
434 135
434 440
135 237
237 55
237 295
55 441
55 665
441 268
441 594
268 134
268 654
134 646
134 5
646 423
646 616
423 444
423 349
444 32
444 666
32 302
302 150
302 255
150 663
663 229
663 327
229 470
229 75
470 458
458 678
678 623
678 253
623 682
623 632
682 432
432 626
626 205
626 407
205 365
205 435
365 510
365 263
510 466
510 543
466 90
90 10
10 558
10 634
558 228
558 30
228 261
261 615
615 257
257 495
257 636
495 87
87 546
87 158
546 145
145 596
596 352
352 174
174 88
174 315
88 178
88 672
178 575
178 565
575 284
575 428
284 219
284 412
219 186
219 530
186 411
186 516
411 4
4 507
4 188
507 409
507 68
409 513
513 221
221 369
221 379
369 249
369 37
249 600
600 274
600 326
274 332
332 405
332 539
405 197
197 207
207 481
207 408
481 501
481 348
501 695
695 652
652 266
266 306
306 401
306 281
401 196
196 31
31 131
31 393
131 630
630 206
630 138
206 469
206 463
469 395
395 363
395 127
363 265
265 651
651 497
497 194
194 142
194 133
142 24
142 159
24 519
24 689
519 430
519 102
430 271
271 592
271 91
592 108
108 502
502 167
167 593
593 631
593 98
631 288
631 341
288 286
288 218
286 568
286 396
568 515
568 179
515 394
394 280
280 97
280 165
97 372
97 475
372 397
397 590
397 688
590 450
450 242
242 608
242 80
608 362
362 243
362 44
243 442
243 49
442 660
660 70
70 238
238 275
275 187
187 84
187 425
84 419
84 531
419 550
550 254
254 534
254 535
534 322
322 65
65 153
65 176
153 344
344 311
344 250
311 36
36 556
36 601
556 357
556 67
357 227
357 581
227 29
227 320
29 522
522 310
522 283
310 269
310 63
269 417
269 215
417 540
540 152
540 33
152 387
387 54
54 648
648 259
259 680
680 574
680 34
574 560
574 659
560 453
560 696
453 690
453 391
690 473
473 611
473 644
611 621
621 569
569 116
569 189
116 346
116 403
346 699
699 287
699 472
287 233
287 270
233 112
112 199
199 299
299 620
620 193
193 661
193 385
661 559
559 16
559 318
16 467
16 685
467 20
20 291
20 177
291 373
291 42
373 3
3 489
3 129
489 107
489 324
107 536
107 485
536 643
643 51
51 694
51 421
694 645
694 532
645 693
693 537
693 511
537 607
607 333
333 447
447 552
447 130
552 151
151 353
353 595
353 100
595 147
147 297
297 217
217 486
217 567
486 577
486 244
577 192
577 202
192 446
446 429
429 41
41 314
41 354
314 35
314 451
35 629
35 120
629 321
321 71
71 460
71 482
460 109
460 359
109 329
329 139
329 180
139 62
139 73
62 343
62 624
343 655
343 496
655 184
655 252
184 679
679 166
679 181
166 9
9 323
9 273
323 303
323 433
303 79
303 2
79 691
691 146
146 163
163 389
389 418
389 544
418 416
418 222
416 462
462 386
386 241
386 99
241 157
157 471
471 573
573 216
216 439
439 148
148 488
488 464
464 276
276 676
676 95
676 260
95 413
413 402
402 76
402 514
76 46
46 141
141 26
141 45
26 170
26 649
170 468
468 614
614 684
684 279
684 330
279 93
93 518
518 309
309 113
309 57
113 125
125 669
669 524
524 53
524 454
53 370
370 572
370 27
572 545
545 448
545 640
448 267
267 60
60 162
60 452
162 236
162 211
236 64
236 334
64 650
650 533
650 583
533 18
533 143
18 338
18 155
338 366
366 124
366 210
124 692
692 554
692 549
554 374
554 39
374 232
232 316
232 350
316 52
52 119
52 555
119 258
119 635
258 225
225 509
225 657
509 86
86 390
390 526
390 625
526 25
526 465
25 171
171 85
171 183
85 647
85 234
647 503
503 43
503 56
43 667
43 164
667 617
617 602
617 618
602 28
602 190
28 191
191 508
191 296
508 19
508 336
19 96
96 571
96 637
571 175
571 461
175 50
50 256
50 136
256 173
256 282
173 410
173 231
410 551
410 11
551 609
551 605
609 110
110 123
110 664
123 499
499 383
499 476
383 14
383 126
14 361
14 399
361 128
361 380
128 290
128 203
290 12
12 474
12 132
474 599
474 226
599 285
599 83
285 301
285 23
301 576
301 673
576 377
377 670
377 697
670 251
670 7
251 40
251 438
40 77
40 589
77 642
642 58
642 172
58 375
375 512
512 289
289 587
587 15
15 591
591 325
325 106
