6 1963 646614
2 3
2 4
3 5
5 6
5 1
7 715
7 506
715 1744
1744 244
244 755
244 1620
755 1432
755 649
1432 526
1432 1513
526 1721
1721 415
1721 1356
415 1092
1092 1208
1208 1373
1373 836
836 250
836 896
250 1401
250 1457
1401 93
93 855
93 211
855 1302
855 559
1302 310
1302 1562
310 1839
310 1751
1839 1299
1299 1074
1074 614
1074 668
614 1318
614 1422
1318 1071
1318 1146
1071 259
1071 122
259 1061
259 164
1061 1517
1517 293
1517 1598
293 885
885 28
885 1233
28 329
329 1542
329 812
1542 228
228 1430
1430 1928
1928 746
746 1912
1912 1768
1768 1058
1768 678
1058 438
1058 176
438 137
438 347
137 1360
137 107
1360 1362
1360 1526
1362 732
732 1656
1656 1554
1656 365
1554 1235
1235 592
1235 1872
592 64
592 124
64 822
822 1185
822 1174
1185 1572
1185 1930
1572 1581
1581 462
462 1168
1168 154
1168 1464
154 878
154 697
878 381
381 465
465 691
465 1322
691 699
691 177
699 1948
1948 1703
1703 1874
1874 1471
1471 900
900 829
900 387
829 1858
829 1051
1858 6
6 1818
1818 44
1818 227
44 843
843 984
843 679
984 200
984 477
200 899
200 478
899 1317
1317 1801
1317 1899
1801 58
1801 628
58 351
351 1719
351 108
1719 974
1719 1771
974 593
974 1617
593 1932
593 207
1932 1334
1932 970
1334 752
752 944
752 687
944 357
357 73
357 205
73 53
73 650
53 1950
1950 1022
1950 1455
1022 681
1022 1176
681 71
71 1699
71 27
1699 887
887 934
887 819
934 1476
934 932
1476 1663
1476 183
1663 1050
1663 825
1050 1694
1694 595
595 270
595 170
270 81
270 860
81 294
294 903
903 777
903 762
777 83
83 420
420 1333
420 1745
1333 1186
1186 434
1186 1846
434 1194
434 1330
1194 342
1194 920
342 772
772 1590
1590 181
1590 543
181 1878
1878 201
201 1786
201 1450
1786 1263
1263 1599
1599 1342
1342 204
204 298
298 1579
298 764
1579 1637
1637 1119
1637 286
1119 1500
1119 717
1500 911
911 149
911 1289
149 92
92 258
92 203
258 992
992 581
581 1487
1487 1178
1178 550
550 851
550 1748
851 452
452 1130
452 1521
1130 989
989 1865
989 1222
1865 1204
1204 1368
1204 1680
1368 1374
1374 376
376 1555
1555 725
725 1603
725 295
1603 690
690 786
786 964
786 173
964 1642
964 1449
1642 576
576 881
576 1202
881 773
881 863
773 797
773 684
797 951
951 967
951 936
967 609
967 251
609 1501
609 1662
1501 1436
1436 1039
1436 1920
1039 1623
1039 138
1623 1594
1623 570
1594 659
659 1853
659 547
1853 621
1853 1376
621 673
673 32
32 568
568 875
568 787
875 778
778 1337
1337 610
1337 1716
610 682
610 1081
682 284
682 1821
284 214
214 1415
1415 655
1415 296
655 1116
655 1888
1116 1557
1557 1861
1557 1382
1861 1923
1861 1046
1923 563
563 844
563 1830
844 709
844 1664
709 141
709 1261
141 723
141 757
723 625
723 1600
625 588
625 62
588 1547
1547 8
1547 1228
8 1148
8 894
1148 1043
1148 1458
1043 1588
1043 1909
1588 1446
1446 1669
1669 1113
1669 1959
1113 423
423 1328
423 1647
1328 1591
1328 341
1591 1682
1682 1027
1682 371
1027 1911
1911 798
798 276
798 1354
276 146
276 243
146 1213
1213 482
1213 1747
482 213
213 1917
213 1661
1917 1122
1917 1568
1122 82
1122 43
82 450
82 114
450 1504
450 1285
1504 306
306 1643
306 584
1643 1589
1589 552
1589 1126
552 1069
1069 1225
1225 1088
1088 1015
1088 1857
1015 403
403 31
31 1435
31 793
1435 422
1435 1667
422 1219
422 557
1219 987
1219 841
987 994
987 837
994 1622
1622 1252
1252 642
1252 910
642 643
642 1812
643 424
424 1388
424 1571
1388 1936
1936 1722
1722 466
1722 1183
466 316
316 1397
316 1815
1397 218
1397 1675
218 1259
1259 945
945 1238
1238 1137
1137 224
1137 406
224 979
224 131
979 1761
1761 916
916 1914
916 190
1914 1254
1254 525
525 938
525 249
938 1782
1782 1329
1329 1160
1329 946
1160 1466
1160 1054
1466 809
1466 1293
809 1045
809 262
1045 1834
1834 321
321 1509
321 269
1509 1102
1509 1400
1102 1341
1341 952
1341 917
952 579
579 703
579 1421
703 1840
1840 441
441 197
441 19
197 1413
197 1065
1413 859
1413 147
859 113
859 1592
113 1483
113 1184
1483 1304
1304 1955
1304 1741
1955 1214
1214 1695
1214 1796
1695 832
1695 1273
832 1275
1275 711
1275 637
711 399
711 532
399 219
399 174
219 1192
219 408
1192 533
1192 665
533 260
533 756
260 1495
260 805
1495 1518
1495 257
1518 1908
1908 239
1908 1933
239 893
893 1266
893 1836
1266 1265
1266 69
1265 143
143 1718
1718 531
1718 1359
531 1165
1165 1145
1145 1099
1099 484
484 116
484 192
116 1097
1097 1561
1097 997
1561 12
12 1085
12 375
1085 700
1085 1109
700 1805
700 1673
1805 1494
1805 1575
1494 790
790 1332
1332 1370
1370 135
135 1325
1325 179
179 1929
1929 806
1929 1262
806 215
806 1808
215 913
913 692
913 363
692 119
119 567
119 1653
567 1732
1732 1791
1732 921
1791 542
1791 644
542 1075
542 1947
1075 1154
1075 132
1154 804
1154 1534
804 1584
804 1638
1584 515
1584 556
515 268
268 1048
1048 96
1048 664
96 1056
1056 1159
1159 730
1159 372
730 206
730 1489
206 947
947 1161
1161 1461
1461 1549
1461 800
1549 1746
1746 40
40 874
40 928
874 1797
874 1715
1797 52
52 1310
1310 615
615 1537
1537 1230
1537 1033
1230 1272
1272 671
671 247
247 1414
247 410
1414 1725
1725 830
1725 1347
830 539
830 246
539 1897
539 959
1897 1118
1118 814
814 328
814 1532
328 175
328 25
175 494
175 1001
494 686
686 499
499 794
794 1101
794 1129
1101 1904
1101 1739
1904 1793
1793 1005
1005 1639
1005 1294
1639 191
191 1619
1619 76
1619 1691
76 449
76 133
449 519
449 469
519 380
380 1078
380 1652
1078 500
1078 1629
500 13
13 996
996 769
996 1239
769 1095
1095 1462
1462 1278
1462 656
1278 602
602 698
602 1143
698 1533
698 1195
1533 212
212 326
212 277
326 633
326 877
633 1350
633 67
1350 726
726 626
726 1729
626 390
626 1580
390 1678
1678 467
1678 1025
467 1676
467 1246
1676 332
332 908
332 1327
908 57
57 935
935 1089
935 1403
1089 453
453 126
126 344
344 929
344 838
929 596
596 288
288 238
288 1712
238 1425
1425 1616
1616 1709
1616 50
1709 1630
1630 398
1630 1847
398 1734
398 1535
1734 1098
1098 1814
1098 1506
1814 1789
1814 1892
1789 1394
1394 139
1394 222
139 731
731 384
731 1863
384 1835
384 396
1835 1679
1835 722
1679 882
882 847
882 486
847 1066
1066 1301
1301 747
747 922
922 618
922 1541
618 369
618 694
369 1731
369 795
1731 1687
1731 167
1687 950
950 1688
1688 155
1688 1256
155 1270
155 1894
1270 37
1270 1378
37 919
37 355
919 41
41 1713
1713 1837
1713 591
1837 1563
1563 38
1563 784
38 1880
38 1957
1880 1465
1880 1492
1465 1924
1465 102
1924 189
1924 724
189 110
110 61
110 667
61 1038
61 1013
1038 521
1038 1210
521 1026
1026 1287
1287 1939
1939 99
1939 253
99 331
99 1012
331 1567
331 966
1567 431
1567 1593
431 1922
431 185
1922 1149
1922 1411
1149 1136
1136 1794
1794 1775
1794 256
1775 1472
1472 75
1472 1891
75 1187
75 1371
1187 1147
1187 1595
1147 95
95 1068
95 1418
1068 520
520 1886
520 983
1886 978
1886 34
978 1803
978 1842
1803 1282
1803 1844
1282 1608
1282 361
1608 65
1608 5
65 1551
65 1514
1551 1093
1551 1395
1093 460
1093 1626
460 606
606 1249
1249 1828
1249 1552
1828 605
1828 791
605 1906
605 810
1906 796
1906 1242
796 1829
796 1954
1829 1696
1696 707
707 330
330 926
926 1624
1624 1076
1624 963
1076 1645
1076 153
1645 425
425 433
425 1565
433 1409
1409 1121
1409 892
1121 1938
1121 1508
1938 1701
1701 1628
1701 754
1628 33
1628 850
33 1686
33 1064
1686 105
1686 426
105 1247
1247 953
1247 339
953 1396
953 120
1396 1704
1704 1601
1601 1790
1601 1499
1790 1832
1790 931
1832 1384
1384 1763
1763 1232
1232 202
1232 975
202 56
56 645
56 750
645 237
237 1309
237 1488
1309 89
1309 1900
89 1546
89 1491
1546 394
1546 1300
394 161
394 640
161 168
168 319
168 335
319 21
319 1697
21 1681
21 26
1681 816
1681 1795
816 1260
1260 1776
1776 811
1776 9
811 1080
811 1017
1080 1610
1610 1180
1610 23
1180 1960
1960 313
1960 1870
313 641
313 1611
641 941
641 272
941 1659
1659 1057
1659 516
1057 1949
1057 549
1949 535
1949 374
535 813
813 1059
1059 1706
1059 589
1706 1627
1706 388
1627 1749
1627 1884
1749 751
751 1313
1313 870
1313 1241
870 297
870 489
297 1931
1931 125
1931 1267
125 1028
1028 583
1028 1236
583 1784
1784 1389
1784 1191
1389 54
1389 1597
54 437
437 79
437 988
79 42
79 1277
42 555
42 976
555 1348
1348 955
955 677
955 627
677 1141
1141 706
1141 1349
706 1083
706 1084
1083 1736
1083 1523
1736 1860
1860 530
1860 1124
530 150
150 1393
1393 1672
1672 186
186 1206
1206 1777
1777 1723
1723 370
1723 302
370 1107
370 1103
1107 1735
1735 925
1735 820
925 1010
925 1407
1010 1666
1666 1399
1666 513
1399 1524
1399 461
1524 443
1524 1164
443 1778
1778 209
1778 634
209 1405
1405 226
1405 1921
226 68
226 440
68 1609
68 1063
1609 127
1609 1752
127 572
127 1583
572 1497
572 510
1497 184
1497 646
184 100
184 121
100 884
884 1866
1866 414
414 1279
1279 1743
1279 669
1743 503
1743 604
503 1326
503 854
1326 417
1326 1133
417 612
612 1140
1140 1096
1096 471
1096 1875
471 1212
471 1770
1212 1380
1212 281
1380 782
1380 1937
782 1404
1404 808
1404 1525
808 748
748 358
358 187
187 1654
1654 574
574 1117
574 998
1117 1218
1218 781
1218 1702
781 454
454 617
617 1258
1258 1740
1258 551
1740 346
346 1049
1049 720
1049 1366
720 1439
1439 1916
1439 360
1916 1469
1469 1780
1780 1346
1346 622
622 142
622 740
142 598
598 523
523 906
523 1426
906 1717
906 1901
1717 1792
1717 631
1792 1566
1566 1864
1566 620
1864 1480
1864 1308
1480 166
1480 1816
166 1314
1314 1047
1314 712
1047 1086
1086 87
1086 1604
87 702
702 1303
702 1460
1303 1090
1303 1473
1090 1823
1823 985
985 594
985 1171
594 580
580 867
580 455
867 1428
1428 1144
1428 88
1144 267
1144 312
267 1478
1478 1226
1226 337
337 350
337 1484
350 1569
350 774
1569 1181
1569 972
1181 1813
1813 889
1813 840
889 148
889 654
148 1710
1710 1684
1684 862
1684 1475
862 221
221 255
255 1481
255 1868
1481 741
1481 1188
741 1493
741 1292
1493 493
1493 835
493 1290
493 476
1290 737
1290 608
737 1410
737 695
1410 1806
1806 487
487 1217
1217 590
1217 1876
590 815
815 397
397 1750
397 657
1750 78
78 1112
1112 1456
1112 1115
1456 1459
1459 1175
1459 1490
1175 1809
1175 15
1809 324
1809 1755
324 442
324 1379
442 171
171 311
171 1728
311 1753
311 789
1753 828
1753 1200
828 63
63 914
914 1564
1564 1850
1564 254
1850 561
1850 761
561 982
561 223
982 1367
982 864
1367 490
490 485
485 676
485 1114
676 1927
1927 848
1927 1479
848 1730
1730 1944
1944 447
447 435
435 1632
435 196
1632 879
879 1867
1867 1073
1073 683
683 383
683 340
383 1531
383 924
1531 1720
1720 145
145 49
145 1907
49 1269
1269 472
472 582
472 1412
582 1873
1873 1618
1873 696
1618 918
918 193
193 1100
1100 3
1100 968
3 1820
3 315
1820 1961
1820 1253
1961 1700
1700 990
1700 1320
990 317
317 1671
1671 675
675 1558
1558 693
1558 1940
693 558
693 869
558 103
558 1502
103 279
279 261
279 1885
261 436
261 1283
436 1227
436 1196
1227 1197
1197 831
1197 1172
831 1614
1614 1108
1614 818
1108 163
163 1408
163 1841
1408 1000
1000 1738
1000 1402
1738 1764
1764 1482
1764 536
1482 240
240 771
240 1596
771 749
771 1132
749 898
749 845
898 1540
1540 287
287 1391
1391 404
404 971
404 1926
971 624
971 544
624 421
624 1079
421 4
4 1477
4 1856
1477 888
888 1516
1516 1577
1577 1910
1577 1486
1910 1053
1910 1621
1053 278
1053 1237
278 1544
278 291
1544 514
1544 1355
514 1578
514 1536
1578 1284
1578 1297
1284 960
960 1340
1340 1037
1037 517
517 1295
1295 245
245 895
245 1255
895 770
770 451
770 74
451 502
502 508
508 1170
508 1824
1170 1385
1170 973
1385 1339
1339 611
611 1091
1091 1006
1091 1352
1006 16
1006 817
16 587
16 662
587 1889
587 1162
1889 1224
1224 46
1224 1448
46 1733
46 1548
1733 1182
1182 1344
1344 1440
1344 785
1440 1243
1440 1031
1243 1515
1243 742
1515 1698
1515 575
1698 1862
1698 743
1862 1150
1150 1454
1454 136
1454 1387
136 1009
1009 940
1009 719
940 1896
1896 106
1896 1952
106 354
106 1375
354 842
354 1365
842 512
842 833
512 1802
1802 1890
1890 1468
1468 685
1468 1788
685 1125
685 35
1125 861
861 986
861 524
986 1690
986 1087
1690 1193
1690 1657
1193 1855
1855 117
1855 195
117 962
962 1773
962 1799
1773 501
1773 1941
501 1169
501 1798
1169 464
1169 727
464 1062
464 1223
1062 1587
1587 290
1587 1383
290 1220
290 446
1220 554
554 20
554 1943
20 788
788 407
407 241
241 1427
1427 231
231 1156
1156 1559
1559 779
779 1024
1024 1804
1024 362
1804 1198
1198 152
152 1754
152 1772
1754 529
529 1859
1859 322
322 619
619 217
217 1419
1419 180
180 1641
1641 1545
1641 401
1545 1810
1810 1650
1810 1582
1650 1636
1650 72
1636 1781
1636 470
1781 546
1781 995
546 391
546 1201
391 1962
391 1131
1962 1105
1105 705
705 1441
1441 1434
1441 1800
1434 242
1434 780
242 636
242 1825
636 459
636 1203
459 1895
1895 923
923 728
923 538
728 1852
728 1758
1852 1336
1336 252
1336 1120
252 1689
1689 104
1689 382
104 562
562 1510
1510 939
1510 364
939 1522
1522 753
753 509
753 393
509 868
509 1470
868 1040
1040 1602
1040 323
1602 792
1602 1003
792 1625
1625 373
1625 109
373 283
283 1152
1152 1674
1674 1644
1674 1677
1644 1902
1644 1640
1902 1956
1902 1942
1956 1612
1956 872
1612 266
1612 1358
266 807
266 652
807 304
304 444
444 1331
444 208
1331 172
172 303
303 1881
303 1011
1881 77
77 1215
77 1613
1215 480
480 1245
480 1505
1245 1951
1951 1110
1951 767
1110 1274
1110 182
1274 479
479 11
479 473
11 402
402 22
22 1543
22 585
1543 1431
1431 710
1431 1953
710 1077
1077 1345
1077 236
1345 51
51 1574
1574 1298
1298 1726
1726 1893
1726 343
1893 232
232 1264
1264 429
1264 70
429 456
429 1288
456 1511
1511 338
338 1550
338 86
1550 1363
1550 1769
1363 1919
1919 846
1919 419
846 178
846 560
178 783
783 18
783 1765
18 1714
18 368
1714 1958
1714 1915
1958 1851
1958 1134
1851 412
1851 1787
412 824
824 216
216 980
980 1094
980 1240
1094 1372
1372 129
1372 1205
129 157
129 1512
157 1925
1925 1002
1925 289
1002 418
418 548
418 802
548 858
548 395
858 713
858 658
713 577
713 1296
577 1615
577 1291
1615 230
1615 235
230 991
991 1398
991 909
1398 1827
1398 1467
1827 1759
1759 144
1759 1190
144 1556
1556 498
1556 39
498 1826
1826 803
803 1807
1807 1316
1807 954
1316 118
1316 660
118 1007
1007 629
629 1437
629 957
1437 901
1437 880
901 366
366 1530
1530 66
1530 1811
66 527
66 156
527 10
527 336
10 565
565 160
565 1845
160 210
210 1946
210 400
1946 1635
1635 1665
1665 1319
1319 305
305 386
305 905
386 1018
1018 1424
1018 1685
1424 475
475 661
661 518
518 1649
1649 264
1649 1030
264 1023
1023 1209
1209 993
1209 865
993 1463
993 1756
1463 30
1463 1633
30 904
904 688
904 768
688 1963
1963 775
775 801
801 1658
801 1044
1658 1528
1528 1760
1760 162
1760 1042
162 826
162 648
826 1877
1877 638
1877 1052
638 134
134 1668
134 1070
1668 1507
1507 943
1507 758
943 271
943 534
271 956
271 1207
956 199
199 307
307 601
307 1158
601 839
839 1032
839 1869
1032 1444
1032 327
1444 1918
1444 14
1918 738
1918 1020
738 1166
1166 1527
1166 639
1527 651
651 1281
1281 282
1281 999
282 674
282 616
674 1128
1128 225
1128 1871
225 1014
225 827
1014 314
1014 1882
314 1036
314 857
1036 428
1036 1655
428 1570
1570 564
1570 1321
564 1138
564 1377
1138 977
977 318
318 701
701 1520
1520 348
348 680
348 45
680 969
969 733
969 497
733 1692
733 871
1692 1849
1692 325
1849 1693
1849 1106
1693 274
1693 413
274 392
392 1234
392 890
1234 1268
1234 1767
1268 151
1268 349
151 1417
1417 721
1417 1576
721 1189
721 1177
1189 852
1189 379
852 597
597 1498
597 1762
1498 1474
1474 1438
1438 1035
1438 1229
1035 849
849 1724
1724 866
1724 1280
866 714
714 744
714 902
744 603
744 1785
603 511
511 1179
1179 1323
1323 1905
1905 165
165 1034
1034 345
345 891
891 1060
1060 1135
1060 578
1135 736
736 29
29 292
292 1447
1447 169
1447 229
169 1651
1651 1766
1651 1742
1766 448
448 273
448 352
273 1250
1250 1707
1250 101
1707 1343
1707 1139
1343 1312
1343 481
1312 632
1312 300
632 1452
632 188
1452 98
1452 353
98 1406
98 1503
1406 1538
1538 927
1538 930
927 1392
1392 1173
1173 112
1173 308
112 1008
1008 915
1008 158
915 1711
1711 1607
1607 571
1607 91
571 1163
1163 1351
1163 933
1351 586
586 735
586 1276
735 1021
1021 1127
1021 1831
1127 491
491 1335
491 1016
1335 1221
1221 474
1221 1416
474 1586
474 1157
1586 672
1586 1153
672 965
672 1631
965 411
411 378
378 505
505 1361
1361 17
17 729
17 937
729 115
115 1357
115 488
1357 1307
1357 897
1307 1420
1307 647
1420 265
1420 1496
265 367
265 111
367 457
367 159
457 1485
1485 1231
1231 492
492 458
492 1453
458 1779
458 1757
1779 760
760 1072
1072 981
1072 1442
981 1783
1783 766
1783 949
766 495
495 285
285 1390
285 94
1390 942
942 1353
942 1843
1353 1151
1353 385
1151 1887
1151 1833
1887 821
821 1167
821 1311
1167 55
55 1705
1705 194
194 1737
194 463
1737 123
123 24
24 1381
1381 540
1381 1
540 333
540 128
333 1155
333 1898
1155 1670
1155 140
1670 630
1670 1822
630 483
630 1443
483 280
280 1648
280 1305
1648 299
1648 745
299 405
299 409
405 1838
1838 1271
1271 1082
1082 600
600 1216
1216 856
856 389
389 545
389 666
545 1945
1945 1605
1945 1019
1605 1257
1605 1683
1257 1445
1257 1199
1445 716
1445 541
716 1774
716 537
1774 1634
1774 48
1634 1104
1104 573
1104 1433
573 1423
1423 1286
1423 886
1286 1819
1819 1004
1004 1573
1573 734
1573 248
734 1646
734 1539
1646 1429
1429 356
1429 823
356 1315
1315 1451
1315 1211
1451 776
776 873
873 569
569 708
569 233
708 834
708 1067
834 1324
834 275
1324 1913
1913 1123
1913 623
1123 958
958 97
958 427
97 613
613 377
613 961
377 704
704 2
2 653
2 416
653 1854
1854 853
1854 1364
853 1369
853 1055
1369 1529
1369 635
1529 553
553 220
553 1386
220 496
220 90
496 309
309 599
309 1935
599 263
263 1553
263 739
1553 60
1553 876
60 1142
60 1029
1142 759
759 320
320 912
320 1306
912 1879
1879 1519
1879 1903
1519 1883
1519 907
1883 301
301 765
301 663
765 1338
765 1817
1338 1560
1560 85
85 1248
1248 198
198 883
883 359
359 948
948 1111
1111 566
1111 1251
566 504
566 445
504 80
80 1934
80 59
1934 1708
1708 1244
1708 528
1244 36
36 130
36 1606
130 607
607 1727
1727 432
1727 468
432 334
432 430
334 522
522 718
522 234
718 439
718 507
439 1041
439 799
1041 689
689 1585
689 763
1585 84
84 1848
84 47
1848 670
1848 1660
