17 256 120694
1 3
1 9
3 8
8 10
8 4
10 6
6 15
6 17
15 13
15 7
13 11
11 16
16 14
14 5
5 12
5 2
111 245
111 114
245 225
245 60
225 249
249 184
184 112
184 96
112 91
91 182
182 37
182 70
37 239
239 188
188 113
188 185
113 168
113 10
168 216
216 135
216 81
135 198
135 163
198 143
143 84
84 153
153 256
256 121
256 248
121 212
121 194
212 190
212 213
190 146
190 94
146 26
26 38
38 193
38 123
193 25
25 150
25 77
150 203
150 137
203 98
98 23
98 183
23 109
23 238
109 220
220 12
220 231
12 160
160 99
99 62
62 20
20 78
78 179
179 59
59 196
59 47
196 237
237 16
16 236
236 8
8 79
8 131
79 200
79 108
200 126
126 246
246 119
119 253
253 202
202 204
204 138
204 134
138 27
27 55
55 89
89 139
89 97
139 218
139 189
218 129
218 224
129 125
125 166
125 36
166 68
68 167
167 199
167 251
199 154
199 13
154 176
176 127
176 104
127 67
67 250
250 22
22 102
22 110
102 46
102 192
46 156
156 107
156 158
107 201
107 227
201 21
201 191
21 122
122 208
122 4
208 241
241 87
241 63
87 170
87 56
170 72
72 223
223 210
223 103
210 34
210 53
34 240
240 115
115 136
115 164
136 33
136 117
33 130
130 19
19 6
19 187
6 165
165 86
165 244
86 24
24 141
141 43
141 105
43 173
173 101
173 50
101 144
144 71
71 65
71 61
65 32
32 140
140 175
140 11
175 57
57 74
57 149
74 171
171 7
171 155
7 228
7 172
228 45
45 217
217 116
116 90
116 214
90 174
90 120
174 145
174 197
145 252
145 235
252 64
252 39
64 93
93 209
209 15
209 58
15 169
15 128
169 3
3 178
178 181
178 222
181 18
181 95
18 206
18 92
206 247
247 124
247 9
124 195
124 151
195 162
162 14
162 100
14 161
14 215
161 243
243 242
243 5
242 186
242 30
186 205
205 132
132 52
52 148
52 106
148 254
148 44
254 54
254 31
54 219
54 142
219 76
76 1
76 133
1 2
1 28
2 147
147 40
40 232
40 82
232 83
83 66
66 255
66 73
255 234
255 41
234 42
234 75
42 69
69 207
207 159
207 180
159 80
80 177
177 152
152 29
29 85
29 211
85 49
85 17
49 226
226 221
221 35
35 118
118 48
118 157
48 88
88 229
88 233
229 51
51 230
