3 2429 157656
2 1
2 3
868 241
868 844
241 2054
241 2166
2054 2281
2281 1660
1660 1820
1660 2192
1820 2367
1820 245
2367 1881
1881 1511
1511 966
1511 502
966 1185
1185 819
819 360
360 1990
1990 1341
1341 243
1341 904
243 1832
1832 2231
1832 1545
2231 85
2231 2250
85 813
813 2390
813 1278
2390 2225
2225 2297
2297 1540
1540 1262
1540 2327
1262 159
1262 1073
159 2291
2291 1877
1877 280
280 248
280 2215
248 1106
248 1870
1106 28
1106 1267
28 1741
1741 1654
1654 2014
2014 732
2014 826
732 1851
1851 108
1851 2047
108 419
419 117
419 1321
117 2063
2063 2237
2063 2268
2237 2323
2323 493
2323 1551
493 1751
1751 1432
1751 1744
1432 445
445 1528
445 1138
1528 1903
1528 1615
1903 2110
2110 2083
2083 2004
2083 752
2004 1210
2004 133
1210 1176
1210 1334
1176 743
743 2120
743 15
2120 1226
2120 833
1226 1945
1226 1022
1945 2270
1945 1549
2270 1758
1758 2121
1758 798
2121 1426
1426 1824
1426 556
1824 629
629 1614
629 2163
1614 687
1614 1079
687 2148
2148 1908
2148 238
1908 466
1908 2368
466 951
466 789
951 829
951 227
829 547
829 1949
547 1947
1947 167
167 1652
167 1156
1652 1501
1501 463
1501 508
463 1200
1200 926
1200 154
926 256
256 2005
2005 1546
2005 2200
1546 1530
1530 1613
1613 1778
1778 1589
1778 1898
1589 1526
1589 1408
1526 340
1526 804
340 1767
340 510
1767 2395
1767 2241
2395 601
2395 2050
601 2357
601 332
2357 1714
1714 855
855 1569
855 643
1569 2429
1569 2315
2429 31
31 1920
31 1779
1920 1326
1326 1308
1326 1217
1308 1167
1167 7
7 1314
7 2272
1314 1688
1314 1318
1688 1664
1688 1504
1664 1485
1664 1766
1485 405
1485 2093
405 1316
405 1638
1316 536
536 2407
2407 916
2407 2055
916 2235
2235 2266
2235 29
2266 37
37 1672
37 2341
1672 482
1672 2132
482 1793
1793 157
157 1021
1021 1063
1063 1643
1643 32
32 69
32 981
69 2325
69 1914
2325 448
2325 5
448 500
500 995
995 1821
1821 2312
2312 2161
2161 1019
1019 410
1019 72
410 738
738 469
738 1677
469 2186
469 1390
2186 2310
2310 2227
2227 1125
1125 686
686 1735
686 1251
1735 1732
1732 296
1732 1441
296 987
296 808
987 961
987 67
961 1367
1367 2352
1367 100
2352 812
812 497
497 19
497 522
19 523
523 479
523 222
479 2294
2294 376
376 1817
1817 501
1817 2328
501 496
501 137
496 1233
496 404
1233 1265
1233 1836
1265 403
403 1844
403 78
1844 1241
1844 2381
1241 2056
2056 1424
1424 857
1424 1567
857 935
857 285
935 1649
935 1985
1649 1825
1825 1398
1398 2152
2152 2030
2152 1253
2030 728
2030 82
728 316
316 1573
316 2240
1573 1658
1658 2009
1658 204
2009 1339
1339 1667
1339 1292
1667 288
288 959
288 1109
959 820
820 1755
1755 2333
1755 257
2333 928
928 1300
928 682
1300 102
1300 1997
102 266
102 1701
266 1762
266 1508
1762 1596
1762 2276
1596 1861
1861 1154
1861 200
1154 2011
2011 1060
2011 2067
1060 287
287 215
215 1412
215 2000
1412 1884
1412 816
1884 1299
1884 1728
1299 2103
2103 1753
2103 996
1753 357
357 569
569 518
518 2059
518 1842
2059 388
388 767
388 1371
767 1799
767 924
1799 618
1799 968
618 792
792 125
125 1673
1673 1129
1673 538
1129 1216
1129 1270
1216 191
1216 707
191 11
191 1742
11 1966
1966 88
1966 626
88 2092
2092 276
276 1611
276 756
1611 370
370 2113
2113 675
675 1202
675 322
1202 1586
1202 262
1586 945
1586 1999
945 2073
945 1477
2073 1101
1101 1875
1101 874
1875 350
350 213
350 1574
213 313
313 2026
313 587
2026 1095
2026 2182
1095 2427
2427 2298
2298 349
2298 1542
349 709
349 667
709 2358
709 203
2358 1363
1363 545
545 822
545 1712
822 1874
1874 1020
1020 74
74 1598
74 1493
1598 1754
1754 414
1754 1144
414 2301
414 2079
2301 1819
1819 1056
1056 1830
1830 994
1830 1482
994 136
994 609
136 1165
136 1045
1165 918
918 1850
1850 1384
1850 33
1384 1468
1468 2217
1468 1607
2217 1726
1726 785
1726 1992
785 2406
785 39
2406 2213
2213 714
714 1183
714 294
1183 1544
1183 1973
1544 984
984 1774
1774 512
512 1246
512 42
1246 129
1246 110
129 111
111 740
740 223
740 1761
223 1721
223 378
1721 120
1721 1986
120 936
936 2388
936 1349
2388 1480
2388 2376
1480 1505
1505 1243
1243 2159
2159 163
2159 1517
163 1885
1885 373
373 103
103 1092
1092 1475
1092 1093
1475 825
1475 250
825 1418
825 1362
1418 1510
1510 1177
1177 2374
2374 1520
1520 2380
2380 395
395 691
395 321
691 451
451 1570
451 1857
1570 64
64 795
795 1612
795 2412
1612 346
1612 927
346 1645
1645 2119
2119 2085
2119 1383
2085 1541
2085 1727
1541 359
1541 365
359 1433
359 1026
1433 216
1433 836
216 612
612 1606
1606 151
151 1595
1595 334
1595 2029
334 1756
1756 1439
1439 1190
1439 1893
1190 1032
1190 1571
1032 886
886 901
901 1192
901 221
1192 1694
1192 541
1694 990
990 1161
990 765
1161 1317
1317 367
367 751
751 2106
2106 1537
1537 1514
1537 1828
1514 1803
1514 952
1803 910
910 1481
1481 1198
1481 837
1198 2070
2070 1937
1937 352
352 1107
1107 1822
1822 544
544 1608
1608 640
640 1067
1067 1942
1942 1012
1942 2251
1012 218
218 1141
218 988
1141 1547
1547 1340
1340 1397
1340 1703
1397 599
599 416
599 226
416 2216
416 178
2216 2415
2216 1320
2415 2115
2115 977
2115 600
977 1083
977 433
1083 2062
2062 494
494 1912
1912 2052
1912 17
2052 2385
2385 2137
2385 1396
2137 175
2137 835
175 2150
2150 1037
1037 2108
1037 1180
2108 949
949 960
960 1509
960 1682
1509 1588
1509 115
1588 2081
2081 2419
2081 1065
2419 1294
2419 2337
1294 1916
1294 2362
1916 1869
1869 423
1869 193
423 1689
1689 884
1689 70
884 1970
1970 578
578 2387
578 1943
2387 144
144 1959
144 234
1959 158
158 327
327 2203
2203 1711
1711 1052
1711 1313
1052 1757
1757 1096
1757 2197
1096 2075
1096 525
2075 1980
1980 974
1980 372
974 116
116 436
116 1661
436 2036
436 1291
2036 864
2036 611
864 793
864 1438
793 2366
793 1715
2366 1237
2366 1626
1237 314
1237 1297
314 2013
314 335
2013 1675
2013 2402
1675 741
741 1431
1431 1009
1431 386
1009 1195
1009 1855
1195 1695
1195 113
1695 447
1695 1142
447 1354
447 2255
1354 92
1354 899
92 602
92 1058
602 631
602 2304
631 2254
631 624
2254 1413
1413 425
425 2167
2167 1668
1668 355
355 1116
1116 409
409 2199
409 1713
2199 2112
2199 60
2112 791
2112 800
791 1283
1283 1406
1406 2147
2147 646
646 1655
646 1693
1655 128
128 1765
1765 712
1765 79
712 148
148 210
210 814
210 264
814 118
118 607
118 325
607 558
607 668
558 2024
558 1149
2024 124
2024 2082
124 1207
1207 1684
1684 2122
1684 1764
2122 2398
2122 1981
2398 1263
2398 84
1263 507
1263 286
507 938
938 1382
1382 139
139 566
139 1134
566 1927
566 339
1927 2263
1927 2114
2263 182
182 2289
2289 450
450 1680
450 905
1680 1953
1953 2261
2261 992
992 769
769 1193
769 490
1193 160
1193 1359
160 106
160 1169
106 2413
106 1013
2413 2311
2311 747
2311 775
747 1616
747 1512
1616 132
132 20
132 237
20 2370
2370 2095
2370 1348
2095 973
2095 1620
973 1386
973 55
1386 1080
1386 424
1080 2336
2336 776
776 91
776 701
91 1535
91 2342
1535 1665
1665 1031
1031 506
1031 1600
506 492
492 1219
492 1829
1219 839
839 980
839 265
980 105
980 1984
105 205
205 23
23 799
23 1343
799 1460
1460 1430
1430 1910
1430 1534
1910 2345
2345 38
2345 1631
38 2109
2109 897
2109 1759
897 1809
897 331
1809 1940
1809 96
1940 1839
1839 1909
1839 1685
1909 2300
1909 1143
2300 2426
2300 2138
2426 362
362 1074
362 594
1074 1840
1840 2043
1840 1151
2043 354
2043 1027
354 954
354 1303
954 2316
2316 692
692 2409
692 1041
2409 2361
2409 948
2361 1127
1127 2414
1127 1286
2414 2195
2195 2354
2354 1352
2354 894
1352 1336
1352 1333
1336 1878
1336 1429
1878 1228
1228 2404
2404 1337
2404 1743
1337 1218
1218 1260
1218 1816
1260 333
333 831
333 1539
831 1395
1395 986
1395 1122
986 604
604 1975
604 1718
1975 2324
2324 976
976 989
976 700
989 2128
2128 2027
2027 1307
2027 2421
1307 2196
1307 1357
2196 1911
1911 939
939 2279
939 453
2279 396
396 2290
396 1461
2290 2187
2290 1474
2187 595
2187 161
595 35
595 104
35 224
224 1470
224 2350
1470 295
295 748
748 2220
748 773
2220 1404
1404 206
206 166
166 1889
166 613
1889 284
1889 130
284 583
583 1002
583 1150
1002 2232
1002 1770
2232 1899
2232 1788
1899 882
1899 34
882 908
908 766
908 2130
766 1582
766 1008
1582 720
1582 1670
720 1400
1400 1563
1563 699
699 315
699 803
315 1048
1048 528
528 703
528 1789
703 851
851 1722
851 1599
1722 481
1722 750
481 1023
1023 1289
1289 637
637 1802
1802 2164
2164 758
758 228
758 706
228 1145
228 1905
1145 2072
2072 131
2072 947
131 2049
2049 1521
2049 2326
1521 1683
1521 854
1683 537
537 1484
537 2207
1484 1710
1710 1264
1710 1346
1264 2219
1264 483
2219 45
2219 1932
45 303
303 1368
303 503
1368 1921
1921 823
823 231
231 774
774 2198
774 2158
2198 1597
1597 2284
2284 309
309 1295
309 1837
1295 214
1295 135
214 2329
214 1133
2329 1488
2329 268
1488 1105
1488 1750
1105 1157
1105 353
1157 2394
1157 1656
2394 598
2394 757
598 2420
2420 1936
2420 693
1936 1827
1936 9
1827 784
784 289
784 950
289 2356
2356 1961
1961 759
1961 1062
759 1602
1602 608
608 172
608 2339
172 1379
172 2157
1379 1273
1273 2074
1273 944
2074 1473
2074 914
1473 1453
1473 596
1453 1227
1453 744
1227 1845
1227 780
1845 1618
1618 1536
1536 2309
1536 1681
2309 553
553 754
754 1310
754 1603
1310 53
53 2308
2308 2124
2124 1965
2124 485
1965 658
1965 183
658 859
859 1029
1029 195
1029 164
195 66
66 2204
66 772
2204 127
127 1119
127 2088
1119 1312
1119 1576
1312 430
430 921
430 1446
921 1055
921 2267
1055 1187
1055 1674
1187 731
1187 271
731 696
731 2
696 1196
1196 885
885 1783
885 336
1783 2078
1783 1553
2078 2318
2078 62
2318 2031
2318 2069
2031 1281
1281 1275
1275 592
1275 2168
592 907
592 1044
907 1559
907 1894
1559 1991
1991 708
1991 1162
708 225
225 217
217 87
87 1047
87 1250
1047 1194
1047 781
1194 1525
1194 2360
1525 2019
1525 930
2019 1982
1982 1806
1982 391
1806 2331
2331 1785
1785 415
415 1560
415 1993
1560 1787
1560 1373
1787 742
742 270
270 1034
270 2245
1034 654
654 1795
1795 462
462 40
462 253
40 150
40 1562
150 2287
150 543
2287 2007
2287 1866
2007 2383
2383 688
2383 1164
688 1213
1213 1259
1259 670
1259 1234
670 2131
670 551
2131 152
152 1293
152 1298
1293 2334
2334 1708
2334 560
1708 1976
1976 1951
1951 1557
1951 1178
1557 2174
2174 426
426 460
460 1635
1635 2418
1635 22
2418 809
2418 2016
809 25
25 2021
25 475
2021 2253
2253 970
970 605
605 1671
1671 579
579 619
619 1896
619 1007
1896 13
13 2280
13 461
2280 90
90 1831
1831 684
1831 1114
684 993
684 261
993 1479
1479 2171
2171 282
2171 1328
282 402
282 58
402 2146
402 2185
2146 730
2146 1085
730 1948
1948 1977
1948 869
1977 2179
1977 44
2179 2039
2039 1968
2039 527
1968 449
1968 1587
449 1781
1781 2097
2097 2111
2097 1737
2111 41
2111 2177
41 2274
2274 1989
2274 903
1989 1550
1550 760
760 1709
1709 220
220 123
220 2211
123 2295
2295 1288
2295 1752
1288 1502
1288 1285
1502 2041
2041 1001
2041 1621
1001 2278
1001 1967
2278 1423
2278 1692
1423 1575
1423 1963
1575 1403
1403 1146
1403 1566
1146 1254
1254 1523
1254 1212
1523 557
557 2353
2353 511
511 1319
511 1814
1319 824
824 65
824 589
65 1103
1103 651
651 1725
1725 2156
1725 456
2156 444
444 1872
1872 1269
1872 244
1269 1098
1098 2170
1098 1503
2170 114
114 1126
114 665
1126 1245
1245 2017
1245 1209
2017 1928
1928 1491
1928 1434
1491 2140
1491 2285
2140 1038
2140 491
1038 59
1038 550
59 1639
59 12
1639 1604
1639 2046
1604 1324
1604 1938
1324 940
940 1220
1220 1132
1132 1924
1132 428
1924 888
888 661
888 2355
661 1003
661 998
1003 2243
1003 639
2243 1500
2243 363
1500 1860
1860 867
867 1800
1800 2189
1800 235
2189 1811
2189 1166
1811 2307
1811 499
2307 1657
1657 293
1657 1331
293 184
184 783
184 1153
783 311
783 2057
311 597
597 176
176 468
468 603
468 710
603 1955
1955 679
679 1279
679 2154
1279 1957
1957 2242
2242 955
2242 588
955 1622
955 347
1622 1448
1448 933
1448 2259
933 2038
933 1174
2038 585
2038 2399
585 1592
585 1393
1592 2136
2136 526
2136 487
526 81
526 1707
81 2348
81 441
2348 1112
1112 2206
1112 790
2206 1700
2206 2389
1700 746
746 1796
1796 2183
2183 1274
2183 1792
1274 47
47 1266
47 957
1266 1171
1171 1077
1171 1790
1077 2286
1077 1323
2286 1773
1773 1494
1494 739
739 1189
739 978
1189 641
641 1201
1201 2145
2145 2201
2201 179
2201 761
179 142
142 302
142 2142
302 2105
302 801
2105 782
2105 1401
782 723
782 1930
723 1229
723 1108
1229 275
275 171
171 2101
171 1902
2101 1342
2101 323
1342 177
177 1994
1994 2010
2010 180
180 1071
180 185
1071 1717
1717 591
1717 2265
591 866
591 1130
866 364
364 2302
2302 879
2302 1892
879 324
879 632
324 1450
1450 562
562 1630
1630 1247
1630 653
1247 586
586 1524
1524 2221
2221 534
2221 2382
534 896
534 2098
896 1748
1748 1590
1590 1084
1590 236
1084 628
628 821
821 1650
821 902
1650 1497
1650 1257
1497 1182
1182 2135
1182 1391
2135 645
645 871
645 1835
871 1591
1591 1784
1784 1798
1784 1123
1798 1355
1355 342
342 1929
1929 1584
1929 2042
1584 1377
1377 2292
2292 711
2292 2165
711 1856
1856 931
1856 86
931 1385
1385 1897
1385 678
1897 1583
1897 2144
1583 647
1583 1235
647 802
802 1880
802 570
1880 1104
1104 207
207 68
68 1064
1064 1305
1305 382
1305 1163
382 1745
382 1939
1745 298
1745 198
298 881
298 1841
881 644
644 2202
2202 1170
2202 2141
1170 290
1170 1487
290 900
290 554
900 818
900 695
818 2349
2349 1256
1256 1808
1256 401
1808 431
431 2008
2008 893
2008 1543
893 371
371 440
440 770
770 1628
1628 397
1628 326
397 1287
1287 1388
1388 246
1388 1678
246 1005
246 552
1005 77
1005 965
77 763
77 1452
763 199
763 2033
199 1780
199 843
1780 1871
1780 2040
1871 94
1871 2391
94 1864
94 969
1864 1971
1971 1042
1042 1118
1042 2222
1118 46
1118 620
46 1876
46 1506
1876 1739
1739 1050
1050 1472
1050 2343
1472 1035
1472 170
1035 623
623 1619
1619 121
121 1075
1075 1476
1075 1376
1476 495
1476 1344
495 635
495 1642
635 1662
1662 724
724 2305
724 2384
2305 1578
1578 381
1578 2271
381 2257
2257 1374
1374 2223
1374 1442
2223 806
2223 1572
806 2184
806 1115
2184 850
2184 393
850 406
406 1345
1345 292
292 411
411 1230
1230 576
576 1225
1225 1888
1225 2303
1888 563
563 1564
563 509
1564 1499
1499 2228
2228 48
48 1706
48 652
1706 2224
2224 1197
1197 673
673 351
673 1361
351 2365
2365 2117
2117 1239
2117 1449
1239 49
1239 2299
49 715
49 932
715 1516
1516 8
1516 1135
8 6
8 870
6 1447
6 2061
1447 2134
1447 1640
2134 979
2134 1843
979 1199
1199 1519
1199 398
1519 1366
1366 464
464 1729
464 2102
1729 1490
1490 1131
1131 852
1131 676
852 1249
1249 138
138 173
173 2210
173 51
2210 2296
2210 685
2296 2256
2296 377
2256 1858
2256 52
1858 2371
1858 2015
2371 1420
1420 1883
1420 1322
1883 2378
2378 1577
1577 2096
1577 488
2096 1782
1782 2230
2230 2020
2020 1014
2020 2191
1014 263
263 1954
1954 1979
1954 1865
1979 1370
1979 269
1370 610
1370 1206
610 190
610 1205
190 753
753 2425
753 2066
2425 1634
1634 729
729 530
729 219
530 1004
530 650
1004 2377
2377 304
2377 734
304 1070
1070 1158
1070 10
1158 1113
1113 1463
1463 1290
1290 2239
2239 2244
2244 2034
2244 345
2034 872
872 1868
872 1236
1868 519
519 2090
519 407
2090 1849
1849 2369
2369 862
862 1854
1854 1515
1854 1039
1515 805
1515 1087
805 366
805 2234
366 2293
2293 704
2293 2205
704 847
847 636
847 516
636 1498
1498 24
24 535
535 2401
535 934
2401 794
2401 1137
794 189
189 427
427 1944
427 247
1944 1387
1387 779
1387 368
779 1000
1000 1807
1807 584
1807 112
584 1838
584 1028
1838 834
1838 777
834 16
16 283
283 412
283 1826
412 272
272 778
778 420
420 531
531 454
531 61
454 1552
454 153
1552 312
312 1705
312 1747
1705 2084
1705 2045
2084 1409
2084 521
1409 1462
1462 856
1462 1532
856 239
856 2022
239 539
239 1147
539 840
840 722
722 212
722 2338
212 1731
212 1215
1731 2319
1731 1208
2319 1221
2319 1282
1221 146
1221 1076
146 828
828 2423
828 192
2423 1211
1211 1704
1704 1252
1252 2012
2012 1723
1723 251
251 465
465 549
549 1443
1443 1186
1443 2317
1186 2155
1186 580
2155 1172
1172 906
1172 680
906 912
912 725
725 582
725 1746
582 727
582 1117
727 1437
1437 197
197 1736
1736 2260
1736 2306
2260 1507
1507 43
1507 400
43 1036
1036 56
1036 1040
56 873
56 1464
873 621
873 1329
621 1419
1419 762
1419 964
762 1024
762 1097
1024 573
1024 2025
573 229
229 659
229 174
659 2379
2379 2247
2379 567
2247 1812
1812 876
1812 329
876 162
162 737
162 946
737 1394
737 1554
1394 941
941 1719
941 1946
1719 1111
1111 1805
1111 57
1805 1271
1805 504
1271 2153
2153 1422
2153 983
1422 1090
1422 1454
1090 1777
1777 2351
2351 1669
2351 1311
1669 1637
1669 300
1637 962
1637 572
962 1960
1960 913
1960 165
913 1690
913 663
1690 1191
1690 155
1191 1804
1804 344
1804 2277
344 671
671 459
671 2320
459 1478
1478 615
615 849
849 982
849 1059
982 1651
1651 1378
1651 63
1378 1296
1378 830
1296 2214
1296 642
2214 697
2214 1996
697 2258
2258 1848
1848 577
577 1407
577 383
1407 119
119 1561
119 1456
1561 997
997 2226
997 392
2226 1365
2226 341
1365 1224
1365 1998
1224 2428
2428 1733
1733 1325
1733 421
1325 614
1325 967
614 2208
2208 1030
1030 975
975 1923
1923 657
1923 2411
657 1188
657 1082
1188 2003
1188 480
2003 1724
2003 2344
1724 1907
1724 1061
1907 920
1907 672
920 1457
920 2037
1457 1873
1873 1136
1136 2416
1136 796
2416 606
2416 736
606 716
606 810
716 1272
716 308
1272 1720
1272 143
1720 593
593 1565
1565 2190
1565 683
2190 1015
2190 1702
1015 1555
1555 565
565 786
565 188
786 343
343 664
664 399
664 575
399 457
457 1906
1906 1548
1906 2126
1548 1646
1548 320
1646 328
328 721
721 1492
1492 917
917 2393
2393 107
2393 2248
107 1886
1886 2283
2283 1057
2283 1222
1057 2080
2080 1417
1417 1579
1579 1160
1160 1533
1160 2249
1533 2035
1533 1901
2035 1086
1086 1663
1663 1046
1046 1581
1046 2417
1581 2162
2162 470
470 617
617 2118
617 1833
2118 2071
2118 1904
2071 505
2071 255
505 922
505 1978
922 1768
1768 1813
1813 853
853 1415
1415 194
1415 953
194 375
375 1302
375 1469
1302 694
1302 168
694 1360
1360 1740
1360 3
1740 348
1740 2236
348 1859
348 2181
1859 149
1859 1964
149 1794
149 860
1794 1304
1304 630
1304 845
630 1632
1632 18
18 666
18 517
666 1610
1610 4
1610 337
4 880
4 1380
880 937
937 878
937 942
878 956
878 943
956 1730
956 2065
1730 634
634 811
634 2313
811 1018
811 2209
1018 361
361 1301
1301 895
1301 2060
895 807
807 1110
807 233
1110 985
985 1568
1568 1351
1351 1280
1351 2321
1280 1922
1922 1068
1068 2116
2116 1558
1558 1653
1653 2172
2172 1627
2172 1699
1627 1444
1444 1139
1444 764
1139 358
1139 1636
358 1181
358 1679
1181 890
1181 186
890 1489
1489 187
187 2001
2001 486
2001 99
486 2100
2100 2053
2100 1624
2053 887
887 1168
887 422
1168 1140
1168 2175
1140 408
408 1641
408 1069
1641 735
1641 249
735 915
915 1972
1972 489
1972 122
489 1995
489 1010
1995 484
484 274
274 972
972 2127
972 1769
2127 1
2127 356
1 1786
1786 2107
2107 2051
2051 258
2051 2396
258 389
389 1775
1775 2233
1775 717
2233 439
2233 797
439 435
435 2314
435 532
2314 1261
2314 1926
1261 95
95 1935
1935 2288
2288 134
2288 863
134 1416
1416 677
677 2335
677 1891
2335 898
898 252
252 842
252 1691
842 1399
842 2028
1399 574
1399 768
574 93
574 2340
93 1356
1356 1277
1277 838
838 1465
1465 971
971 2077
2077 1427
1427 561
1427 1268
561 1818
1818 1425
1425 846
1425 1900
846 1081
1081 369
369 633
633 2133
633 1556
2133 1240
2133 581
1240 478
478 1467
1467 140
1467 515
140 733
140 1918
733 267
733 1148
267 1983
267 390
1983 472
472 1381
1381 1518
1518 1471
1518 1410
1471 875
1471 434
875 278
278 2086
2086 2076
2076 1496
2076 476
1496 374
374 929
929 1049
1049 1867
1049 1152
1867 2058
1867 181
2058 98
2058 1214
98 2104
2104 2269
2269 1531
2269 2139
1531 616
616 999
616 513
999 1124
999 1958
1124 815
1124 1053
815 991
815 97
991 1051
1051 1159
1051 1846
1159 2176
2176 564
564 1120
1120 2125
2125 310
2125 30
310 418
418 749
418 1696
749 2264
2264 141
2264 202
141 1179
141 83
1179 71
71 638
71 2252
638 455
455 379
455 1276
379 443
443 919
919 1738
1738 201
1738 230
201 698
201 1969
698 2346
2346 432
2346 1772
432 1698
432 1879
1698 1676
1676 2173
1676 2129
2173 1915
1915 1919
1915 520
1919 1950
1919 1734
1950 1033
1033 540
1033 1791
540 21
540 2194
21 1776
1776 1659
1776 2023
1659 1538
1538 2408
1538 1244
2408 889
2408 1184
889 1203
1203 498
498 2094
498 2178
2094 1890
1890 590
1890 2160
590 2032
2032 50
50 1749
1749 788
1749 548
788 1025
1025 417
417 963
963 848
963 14
848 1353
848 858
1353 1594
1353 1988
1594 1435
1435 2332
2332 1810
2332 622
1810 911
1810 2262
911 2273
2273 1072
1072 291
1072 1852
291 36
36 745
36 1017
745 1823
745 1204
1823 713
1823 827
713 892
892 384
384 1088
384 471
1088 1917
1917 75
1917 1016
75 1716
1716 1862
1862 559
559 1440
559 2386
1440 73
1440 2002
73 1609
73 1414
1609 568
1609 1451
568 2151
2151 1931
2151 2099
1931 1389
1931 2373
1389 1330
1389 1094
1330 529
1330 674
529 1350
529 1697
1350 649
649 413
649 297
413 305
305 1242
1242 1847
1242 169
1847 1369
1369 1913
1913 2238
2238 1411
1411 156
156 394
394 555
555 1483
555 705
1483 909
909 209
909 232
209 1102
1102 1347
1102 2091
1347 196
196 1925
196 2018
1925 2403
2403 2364
2403 2180
2364 208
2364 1332
208 2089
2089 1223
1223 126
1223 2068
126 2149
126 832
2149 1284
1284 80
1284 1771
80 1175
80 1648
1175 1625
1625 1006
1625 1121
1006 726
726 2006
726 625
2006 1421
1421 1255
1255 1455
1455 2087
2087 473
473 883
883 27
27 2424
27 1647
2424 1593
1593 2422
2422 1231
2422 662
1231 546
1231 446
546 211
546 317
211 1633
211 690
1633 1617
1633 2400
1617 771
1617 1486
771 648
771 147
648 1327
648 1527
1327 2169
1327 101
2169 1428
2169 2392
1428 1011
1428 1974
1011 1309
1011 1315
1309 1338
1338 1091
1091 1887
1887 1054
1887 669
1054 1043
1054 1585
1043 1173
1043 1238
1173 2143
2143 1853
2143 923
1853 1605
1853 1089
1605 2123
2123 2218
2123 1763
2218 109
109 26
109 1882
26 2212
26 1375
2212 1801
1801 429
1801 2347
429 458
429 2044
458 2397
2397 1232
1232 1623
1232 281
1623 1513
1513 702
702 1797
702 681
1797 1522
1797 1436
1522 299
299 1644
299 307
1644 380
380 438
438 2246
2246 755
2246 242
755 279
755 2375
279 2188
2188 54
54 787
54 1306
787 240
787 477
240 1815
240 542
1815 338
338 1335
338 1895
1335 1466
1335 301
1466 1529
1529 76
76 1687
76 655
1687 719
719 514
514 306
514 2372
306 718
718 1078
1078 2048
1078 1392
2048 2322
2048 387
2322 1248
2322 2405
1248 1760
1248 1066
1760 1364
1760 1580
1364 318
318 145
318 1834
145 467
145 1459
467 385
467 277
385 660
385 841
660 1956
660 474
1956 1686
1686 2193
1686 254
2193 437
437 891
891 2330
891 1100
2330 2363
2363 817
2363 1402
817 1941
817 524
1941 1933
1941 1445
1933 1629
1629 1863
1629 452
1863 877
877 1987
877 319
1987 259
259 1666
259 533
1666 865
1666 1258
865 2275
2275 1358
1358 958
1358 1962
958 1405
958 689
1405 2229
1405 260
2229 2282
2229 627
2282 330
330 1099
330 2359
1099 1934
1099 1372
1934 442
442 89
89 1601
89 2410
1601 1495
1495 273
1495 1128
273 571
273 656
571 1458
571 2064
1458 861
861 1952
1952 925
925 1155
