6 1041 62
1 2
2 4
4 5
5 3
5 6
997 30
30 913
913 141
141 278
278 694
694 769
769 264
769 688
264 683
264 29
683 930
930 523
523 469
523 494
469 52
469 987
52 552
52 156
552 401
552 983
401 86
86 91
86 926
91 707
91 461
707 463
707 612
463 950
950 943
950 265
943 1014
943 884
1014 664
1014 302
664 314
314 515
515 801
801 213
801 744
213 230
213 458
230 129
230 467
129 116
129 112
116 963
116 493
963 53
963 673
53 870
870 268
268 935
268 148
935 305
305 876
305 73
876 531
876 274
531 721
721 1017
721 717
1017 841
1017 478
841 128
841 315
128 533
128 1015
533 47
47 199
199 386
199 330
386 778
386 690
778 214
214 480
214 512
480 115
480 730
115 892
892 186
186 842
842 901
842 339
901 854
854 596
854 703
596 840
596 625
840 220
840 622
220 106
220 743
106 303
106 20
303 753
753 380
380 668
668 196
196 306
196 902
306 327
306 374
327 313
313 354
313 415
354 631
354 960
631 626
626 203
626 428
203 236
203 543
236 598
598 527
598 873
527 425
425 118
425 252
118 561
118 504
561 654
561 109
654 326
326 9
326 85
9 656
9 320
656 844
656 755
844 862
844 155
862 154
862 725
154 360
154 40
360 964
360 102
964 647
964 606
647 563
647 222
563 346
563 805
346 180
346 887
180 275
275 890
890 758
758 489
489 426
489 812
426 973
973 304
973 599
304 228
228 260
260 853
853 915
853 910
915 269
269 1039
1039 618
1039 642
618 828
618 226
828 556
828 685
556 93
556 651
93 751
93 982
751 885
751 490
885 15
885 422
15 825
15 568
825 972
972 286
286 343
343 60
343 847
60 111
111 713
713 475
475 1032
1032 412
412 852
412 71
852 24
852 66
24 846
24 234
846 672
846 402
672 591
591 577
577 967
967 1011
967 375
1011 442
1011 635
442 70
442 872
70 597
70 779
597 173
597 358
173 290
173 179
290 573
290 796
573 176
176 569
569 789
569 648
789 416
416 1004
416 817
1004 677
677 427
427 680
680 430
430 26
26 666
666 1037
1037 455
455 807
455 8
807 686
686 361
686 373
361 991
991 158
991 389
158 516
158 859
516 104
104 138
138 981
981 777
777 435
435 117
435 481
117 1026
1026 485
1026 1028
485 737
737 709
737 741
709 526
526 811
811 398
811 582
398 810
398 956
810 953
953 505
505 570
505 188
570 726
726 50
50 974
50 871
974 868
974 61
868 833
833 881
881 295
881 288
295 242
295 444
242 94
94 603
94 880
603 785
603 69
785 764
785 843
764 39
764 912
39 437
437 678
678 32
32 152
32 301
152 337
337 662
337 916
662 773
773 453
773 620
453 860
860 667
667 448
448 864
448 476
864 387
864 449
387 917
917 665
665 829
829 194
194 256
194 160
256 999
999 682
999 572
682 341
341 41
41 578
578 151
151 574
151 225
574 514
514 391
514 479
391 376
391 357
376 671
376 366
671 190
671 576
190 420
190 640
420 745
420 849
745 1007
1007 130
1007 788
130 821
130 961
821 824
821 954
824 658
658 855
658 97
855 207
207 637
637 452
637 946
452 891
452 932
891 74
891 197
74 605
605 262
605 253
262 1000
1000 819
819 888
819 602
888 937
937 164
164 719
719 162
162 883
162 933
883 904
904 419
419 863
863 535
535 804
804 328
328 55
328 723
55 756
756 486
756 676
486 976
486 1040
976 920
920 858
920 431
858 298
858 474
298 589
589 820
589 63
820 77
77 657
77 914
657 11
657 715
11 542
542 613
613 806
806 210
210 600
600 456
600 299
456 239
239 675
239 34
675 546
675 371
546 276
546 221
276 1013
276 434
1013 161
1013 736
161 649
161 716
649 59
649 166
59 54
54 993
54 103
993 134
993 87
134 318
134 459
318 1029
318 338
1029 502
502 397
502 209
397 293
397 794
293 350
293 588
350 270
350 508
270 447
447 604
447 498
604 509
604 99
509 192
509 1041
192 331
192 390
331 126
126 184
126 413
184 691
691 857
857 487
857 169
487 215
487 67
215 316
215 984
316 809
809 544
809 670
544 124
124 365
124 323
365 263
365 48
263 958
263 110
958 43
958 770
43 95
43 652
95 1021
1021 421
1021 947
421 566
566 372
372 388
372 705
388 808
388 297
808 296
808 918
296 501
296 551
501 877
877 979
877 122
979 127
979 708
127 775
127 1016
775 308
308 98
308 746
98 139
98 506
139 443
139 445
443 627
443 324
627 783
627 978
783 619
619 157
619 558
157 367
157 748
367 579
579 1002
1002 882
1002 235
882 381
882 893
381 567
567 611
567 22
611 702
611 241
702 944
702 760
944 724
724 525
525 90
90 1009
1009 383
383 319
383 271
319 258
258 584
258 780
584 284
284 273
284 187
273 292
292 177
177 898
898 88
88 395
88 503
395 114
395 5
114 159
159 1012
1012 590
590 322
590 687
322 720
322 614
720 496
720 897
496 201
201 646
646 557
646 712
557 681
681 711
711 238
711 307
238 968
238 135
968 472
968 83
472 1025
1025 405
405 942
942 641
641 378
378 742
742 250
250 35
35 101
35 311
101 37
37 1005
37 1024
1005 359
1005 174
359 919
359 929
919 772
919 537
772 787
787 710
787 195
710 181
710 699
181 643
181 353
643 424
424 765
765 202
765 638
202 204
204 798
204 938
798 403
798 750
403 784
403 985
784 451
451 519
451 131
519 454
519 731
454 837
837 342
837 695
342 411
342 182
411 803
411 594
803 38
38 924
38 460
924 438
924 975
438 136
136 1038
1038 75
1038 1006
75 507
507 200
200 653
653 10
653 335
10 185
10 632
185 466
185 830
466 400
400 133
133 143
133 609
143 163
163 554
554 254
254 624
624 1034
1034 899
1034 285
899 7
899 1023
7 79
7 482
79 334
79 193
334 165
334 317
165 499
499 58
499 970
58 42
58 1027
42 223
223 869
869 248
248 900
900 470
470 14
14 735
14 813
735 333
333 393
393 823
393 595
823 587
823 931
587 246
246 925
246 996
925 948
948 457
457 553
553 875
553 183
875 921
921 895
921 465
895 754
754 856
754 834
856 565
856 639
565 886
565 145
886 410
886 240
410 142
142 208
208 959
208 734
959 329
959 905
329 108
329 669
108 229
108 767
229 752
752 800
800 84
800 468
84 700
700 450
700 952
450 1031
450 233
1031 965
1031 119
965 650
965 644
650 866
650 406
866 464
866 1
464 332
464 733
332 76
76 628
76 80
628 399
399 896
399 21
896 137
896 732
137 922
137 692
922 1008
922 51
1008 23
23 541
23 216
541 369
541 219
369 417
417 6
6 56
56 839
839 345
839 409
345 379
379 818
818 245
818 191
245 125
245 831
125 462
462 679
679 684
684 45
684 2
45 198
45 927
198 747
198 392
747 495
747 802
495 532
532 36
532 224
36 530
530 718
530 232
718 610
718 617
610 407
610 928
407 436
407 100
436 440
440 550
550 325
325 396
396 497
396 986
497 348
497 762
348 581
581 949
949 559
949 564
559 696
696 206
206 266
206 18
266 714
266 850
714 423
714 257
423 170
170 971
170 889
971 706
706 4
706 521
4 793
793 989
989 312
989 774
312 593
593 16
16 945
16 729
945 349
349 12
12 178
12 364
178 477
477 105
105 634
634 851
634 992
851 907
851 294
907 356
356 92
92 816
816 534
534 153
534 555
153 583
583 674
583 966
674 377
377 545
377 255
545 790
545 471
790 524
524 661
524 300
661 81
81 19
81 511
19 539
19 347
539 310
310 645
310 826
645 998
645 78
998 500
998 908
500 835
500 31
835 663
663 923
923 814
814 957
957 722
722 351
722 68
351 261
261 540
261 414
540 548
548 172
172 608
608 492
492 65
492 832
65 171
65 621
171 955
171 781
955 144
144 227
227 797
227 217
797 630
630 1019
1019 280
280 940
940 536
536 1010
1010 429
1010 57
429 44
44 1020
1020 281
1020 549
281 287
287 607
287 749
607 911
607 936
911 321
911 655
321 168
168 96
168 571
96 282
282 939
282 867
939 72
72 267
267 768
267 585
768 247
768 404
247 336
336 934
336 697
934 874
874 446
874 740
446 432
432 64
432 698
64 483
483 473
483 520
473 580
580 757
757 623
757 309
623 289
289 33
33 1018
33 615
1018 766
1018 1030
766 484
484 384
484 988
384 368
384 865
368 951
951 283
283 941
283 279
941 439
439 123
123 738
123 1003
738 795
738 513
795 518
518 861
518 838
861 704
861 433
704 660
660 249
660 113
249 212
212 205
205 560
205 827
560 231
231 522
231 382
522 149
522 547
149 28
149 689
28 782
782 259
259 107
107 370
370 1036
370 848
1036 822
1036 761
822 845
845 49
49 363
363 728
363 291
728 13
728 906
13 792
792 46
46 903
46 344
903 739
739 150
150 538
538 244
244 776
244 491
776 575
575 189
189 277
189 355
277 517
277 1035
517 616
616 175
616 601
175 791
791 385
791 488
385 167
385 510
167 799
167 62
799 146
146 82
146 340
82 418
418 211
418 909
211 962
962 990
962 218
990 1001
1001 771
771 994
771 529
994 562
562 272
272 1033
272 1022
1033 132
1033 693
132 528
528 878
528 980
878 120
120 121
120 243
121 394
121 586
394 815
394 969
815 147
147 701
701 633
633 352
633 89
352 977
352 879
977 27
27 727
727 408
727 763
408 3
408 759
3 25
3 629
25 140
140 592
140 659
592 995
592 894
995 636
636 237
636 251
237 17
17 836
836 362
362 441
441 786
