13 141 98
3 13
3 10
13 12
12 9
12 7
9 4
9 6
4 2
4 11
2 8
8 5
8 1
45 105
45 80
105 122
105 111
122 28
28 17
28 102
17 112
17 56
112 133
133 95
133 41
95 90
95 60
90 131
90 21
131 135
131 11
135 16
16 116
16 124
116 4
4 20
20 68
68 66
68 14
66 2
66 103
2 62
2 126
62 78
62 82
78 50
50 39
39 48
39 110
48 26
48 85
26 22
26 136
22 71
71 18
18 9
18 87
9 44
9 123
44 134
134 106
134 72
106 27
27 141
141 63
141 19
63 118
63 107
118 65
118 7
65 81
81 140
81 15
140 137
137 132
137 1
132 38
38 98
98 6
6 57
6 12
57 94
94 125
94 61
125 119
119 77
77 51
51 83
83 13
13 73
13 47
73 40
40 100
40 79
100 70
70 52
70 69
52 53
52 24
53 43
43 31
43 104
31 33
33 97
97 49
97 37
49 101
101 128
101 23
128 99
99 108
108 59
59 93
59 5
93 115
93 25
115 64
115 113
64 67
64 29
67 35
35 30
30 34
30 109
34 3
34 8
3 121
3 10
121 88
121 54
88 55
88 129
55 36
36 32
32 96
96 58
58 42
58 91
42 139
139 127
127 117
127 138
117 75
75 89
75 120
89 114
89 130
114 92
114 84
92 46
92 86
46 76
46 74
