23 2579 49
18 19
19 20
19 11
20 4
20 16
4 12
12 13
13 7
13 1
7 8
8 22
8 15
22 9
22 21
9 23
23 14
14 6
14 3
6 2
6 17
2 10
2 5
720 985
720 797
985 984
985 2366
984 1483
1483 1333
1333 952
952 1187
1187 1521
1521 1103
1103 2070
1103 2473
2070 663
663 1133
1133 241
241 691
241 1792
691 543
691 2036
543 2537
543 1425
2537 1194
2537 1772
1194 1296
1194 2359
1296 1664
1664 2090
2090 376
376 1331
376 1862
1331 849
1331 379
849 2009
2009 1955
1955 653
1955 378
653 272
272 888
888 1356
888 1204
1356 2092
2092 268
2092 2160
268 1078
268 142
1078 1907
1078 1671
1907 1441
1907 709
1441 1418
1441 1694
1418 498
1418 2176
498 683
498 1716
683 755
683 2001
755 2053
2053 1258
2053 561
1258 2499
2499 2327
2499 2081
2327 17
17 1646
17 2162
1646 2177
1646 814
2177 1704
2177 2114
1704 494
1704 549
494 2201
494 658
2201 1341
2201 1661
1341 11
1341 1251
11 1599
1599 593
1599 1892
593 473
473 1999
1999 2527
2527 1351
1351 2205
2205 2237
2205 513
2237 177
2237 1222
177 1350
1350 2533
2533 433
2533 781
433 314
314 2399
314 1817
2399 2194
2399 179
2194 1435
2194 696
1435 721
1435 701
721 463
463 695
463 2085
695 337
337 2492
2492 769
2492 474
769 2139
2139 83
83 1275
1275 805
805 2519
805 405
2519 620
620 989
989 2483
2483 1860
2483 2075
1860 366
1860 1984
366 855
855 1966
1966 2167
2167 614
614 1558
614 1454
1558 887
887 1569
1569 1210
1569 1238
1210 2262
1210 1667
2262 2149
2149 1721
2149 444
1721 624
624 2559
624 1243
2559 1389
2559 1546
1389 58
58 2197
2197 275
275 27
275 666
27 1407
27 1391
1407 98
1407 216
98 640
98 57
640 1342
1342 12
12 1810
12 434
1810 1718
1810 956
1718 68
68 159
159 2482
2482 850
850 708
850 1127
708 981
981 588
981 1293
588 2312
2312 1295
1295 2453
1295 1582
2453 2346
2346 807
807 172
172 298
298 625
625 1123
1123 1199
1199 607
1199 100
607 2463
607 1767
2463 511
511 2245
2245 1632
2245 453
1632 1455
1632 1588
1455 1316
1455 418
1316 1034
1316 2460
1034 2491
1034 174
2491 1812
1812 685
685 158
158 1252
158 1386
1252 490
490 2430
490 120
2430 1164
2430 622
1164 1218
1218 2024
2024 2439
2024 830
2439 2254
2254 2064
2064 344
2064 1038
344 2299
2299 2046
2046 1143
2046 2140
1143 1924
1924 1421
1924 1939
1421 677
1421 2179
677 1791
677 862
1791 1945
1945 165
165 86
86 70
86 1884
70 1967
1967 765
765 54
54 2199
54 1559
2199 2287
2287 1116
2287 1781
1116 1046
1116 2062
1046 1592
1046 1690
1592 1960
1592 233
1960 1551
1551 1920
1920 681
681 761
681 2225
761 1541
1541 2103
1541 1530
2103 865
865 1911
1911 306
306 130
306 2423
130 1803
1803 548
548 2353
548 1615
2353 53
2353 591
53 2077
2077 2295
2077 1889
2295 795
2295 854
795 2221
2221 1557
2221 1345
1557 2412
2412 1973
1973 1524
1973 2337
1524 470
470 576
470 1169
576 171
576 1343
171 1929
171 2094
1929 209
1929 161
209 1614
209 819
1614 1308
1614 2032
1308 293
1308 527
293 1543
1543 2361
2361 2333
2361 1770
2333 2514
2514 996
2514 1815
996 1510
996 1014
1510 2560
2560 1959
1959 2573
2573 1503
2573 1918
1503 479
479 1495
1495 2011
2011 1484
2011 558
1484 1904
1484 107
1904 280
280 2138
280 2549
2138 1885
2138 2284
1885 809
809 1352
1352 1631
1631 777
777 1879
1879 329
1879 1758
329 1027
329 1763
1027 1644
1644 2043
1644 1146
2043 2113
2043 2007
2113 1514
2113 538
1514 1320
1514 998
1320 963
1320 2324
963 1622
963 1847
1622 1007
1622 1129
1007 2447
2447 1101
2447 993
1101 870
870 1309
1309 1796
1796 1137
1796 1913
1137 749
1137 1869
749 91
749 2434
91 488
488 772
488 482
772 1427
772 230
1427 801
1427 1725
801 752
801 2538
752 1932
752 2099
1932 2127
1932 1910
2127 1518
2127 2131
1518 1654
1518 32
1654 1118
1654 529
1118 1048
1048 2297
1048 847
2297 2322
2322 18
18 1267
1267 1299
1267 312
1299 1232
1299 844
1232 1031
1232 1727
1031 2209
2209 2159
2209 1662
2159 495
2159 958
495 162
495 1703
162 579
162 978
579 1297
1297 610
1297 1578
610 2531
610 796
2531 711
2531 61
711 1783
711 1665
1783 397
1783 860
397 1778
1778 1468
1468 794
794 1895
1895 269
269 2565
269 902
2565 1371
2565 2277
1371 1948
1948 1686
1686 528
528 1628
1628 2253
1628 509
2253 2476
2253 2416
2476 917
2476 2101
917 1538
1538 468
468 1460
468 152
1460 2061
2061 1205
2061 632
1205 77
77 1989
77 406
1989 146
1989 2091
146 19
19 2015
2015 2575
2015 1162
2575 459
2575 1150
459 243
459 369
243 194
243 2452
194 832
194 802
832 1225
1225 1032
1032 927
1032 957
927 995
927 1542
995 1492
1492 1728
1728 1738
1738 252
252 2305
252 2488
2305 2564
2305 1821
2564 1571
2564 2144
1571 798
1571 135
798 1067
1067 2212
2212 1972
2212 1994
1972 1208
1208 2407
2407 1947
2407 1607
1947 1609
1609 1849
1609 1740
1849 1868
1868 1640
1868 1289
1640 1715
1715 1893
1893 2100
2100 1958
1958 825
1958 2215
825 2489
2489 2133
2489 2536
2133 1120
1120 1560
1560 890
890 1024
1024 2369
1024 185
2369 401
2369 1420
401 1828
401 1854
1828 762
1828 1652
762 732
762 103
732 1192
1192 2290
2290 2120
2290 1268
2120 2502
2502 751
2502 167
751 977
751 966
977 1449
977 2354
1449 884
1449 1928
884 808
884 648
808 2222
808 932
2222 1044
1044 2524
1044 1505
2524 842
842 1717
1717 1834
1717 669
1834 2169
2169 2268
2169 1909
2268 1266
1266 1713
1713 1426
1426 1723
1426 2086
1723 2479
1723 1655
2479 1016
1016 2547
1016 1011
2547 394
394 2102
394 1684
2102 188
188 299
188 48
299 507
507 148
507 1970
148 1115
148 84
1115 1515
1515 124
124 1237
1237 164
164 2424
164 1801
2424 786
2424 2124
786 519
786 1036
519 205
205 2013
2013 1890
1890 1874
1890 399
1874 1340
1874 2150
1340 1119
1119 253
253 1974
1974 1447
1974 78
1447 1198
1198 1933
1198 263
1933 1339
1933 1429
1339 1434
1434 616
616 967
967 512
967 1092
512 949
949 972
949 2552
972 1100
972 1362
1100 128
1100 1327
128 2156
128 1377
2156 1603
2156 810
1603 789
1603 733
789 1415
789 943
1415 694
1415 49
694 2495
694 723
2495 2229
2495 774
2229 1886
1886 941
941 15
941 1219
15 502
15 747
502 1280
1280 1257
1280 1769
1257 1394
1257 2368
1394 1439
1439 867
867 871
871 1841
871 2389
1841 1838
1838 1111
1838 237
1111 1705
1705 1428
1428 2207
2207 2579
2207 1244
2579 1375
2579 1190
1375 1993
1993 783
783 641
783 815
641 1479
1479 259
259 411
411 442
442 1610
442 265
1610 425
425 1785
425 2332
1785 341
1785 1057
341 2420
2420 1494
1494 1823
1823 1053
1823 1685
1053 1008
1008 657
1008 1203
657 221
221 311
221 1248
311 1330
1330 2443
1330 1022
2443 428
2443 1490
428 182
182 2038
182 1213
2038 213
213 909
909 282
909 287
282 537
282 1509
537 906
537 242
906 2112
906 267
2112 1381
2112 1784
1381 420
420 2265
420 2379
2265 2320
2320 1324
2320 2084
1324 659
659 1086
659 1041
1086 2309
2309 2350
2350 2498
2498 1747
2498 1848
1747 1019
1747 1975
1019 2282
2282 198
2282 505
198 1462
1462 232
1462 2578
232 1517
232 1274
1517 784
1517 1504
784 670
670 771
771 37
37 2551
2551 896
2551 1881
896 2550
896 1443
2550 2228
2228 919
919 1595
1595 754
754 634
754 1461
634 1608
1608 2136
1608 2392
2136 1401
1401 74
1401 536
74 1174
74 1693
1174 703
703 1724
703 2191
1724 1934
1724 2111
1934 332
1934 520
332 1467
332 2088
1467 1104
1467 1049
1104 700
1104 572
700 1081
1081 2057
2057 270
2057 1431
270 1064
270 1672
1064 1776
1064 821
1776 225
1776 2263
225 1545
225 1980
1545 497
497 266
266 898
898 2438
2438 728
2438 1051
728 1369
728 191
1369 2247
1369 240
2247 1079
1079 2184
1079 2371
2184 222
2184 1581
222 196
222 1987
196 837
196 1666
837 1941
1941 2258
2258 1733
2258 2018
1733 697
697 988
988 533
988 1675
533 2244
533 224
2244 1917
1917 955
955 412
412 2336
412 2141
2336 2271
2336 29
2271 1344
1344 1719
1344 1533
1719 62
62 1422
1422 523
1422 1181
523 656
523 292
656 2517
2517 873
873 638
873 1600
638 2154
2154 1307
2154 1206
1307 1561
1561 587
587 493
493 117
493 1438
117 1787
117 2512
1787 1819
1819 530
1819 672
530 559
530 373
559 826
826 1399
1399 1852
1399 413
1852 1612
1612 1882
1882 660
660 381
660 481
381 522
381 1956
522 2168
522 1901
2168 1265
1265 1395
1395 21
21 2383
21 1880
2383 713
2383 1440
713 387
713 2313
387 1318
1318 2370
2370 1570
2370 1526
1570 619
619 1962
1962 2108
1962 2382
2108 126
2108 1865
126 987
126 1788
987 1553
987 768
1553 1753
1753 1176
1753 940
1176 1003
1176 1384
1003 231
231 2501
231 1618
2501 1742
1742 1393
1393 2487
1393 565
2487 310
2487 2414
310 1566
310 1568
1566 2252
2252 40
40 123
40 1695
123 382
382 2576
382 521
2576 741
2576 2147
741 16
741 501
16 671
16 2296
671 1658
671 176
1658 281
1658 1173
281 1539
281 235
1539 102
102 234
234 2403
234 1272
2403 1288
1288 2096
1288 912
2096 1196
2096 1480
1196 1408
1408 1121
1408 1010
1121 467
467 2171
467 1326
2171 908
908 934
934 1109
1109 712
712 1242
1242 80
1242 757
80 1863
1863 2178
1863 1179
2178 2511
2178 2521
2511 1872
1872 1382
1872 1283
1382 742
1382 90
742 965
742 1471
965 149
965 553
149 1200
1200 1780
1780 3
3 715
715 563
715 1152
563 2351
563 1015
2351 2562
2562 45
2562 1764
45 1488
45 36
1488 1277
1277 779
1277 2105
779 878
878 1735
878 2157
1735 1390
1735 1825
1390 2069
1390 2508
2069 1432
1432 137
137 2283
137 1306
2283 1080
1080 1175
1175 407
1175 110
407 2055
407 368
2055 303
2055 645
303 1195
1195 1069
1069 1153
1069 2563
1153 2267
1153 875
2267 1370
2267 1629
1370 1260
1260 2270
2270 309
309 1263
1263 1800
1800 661
661 355
355 307
355 792
307 1481
1481 2220
1481 2052
2220 1379
1379 1132
1379 2242
1132 1424
1424 2132
2132 2568
2132 705
2568 1156
1156 333
1156 2394
333 1839
1839 2485
2485 628
2485 2358
628 1256
628 1254
1256 2260
2260 1906
2260 1648
1906 1478
1906 2028
1478 1712
1478 2526
1712 2441
2441 396
396 1452
396 1055
1452 101
101 609
609 2513
2513 1255
1255 668
668 33
33 1469
1469 1985
1985 1017
1017 2246
2246 2275
2246 1097
2275 52
2275 554
52 1301
1301 386
1301 717
386 1813
1813 2472
1813 2269
2472 2293
2472 2183
2293 1151
2293 1653
1151 1442
1442 1922
1922 129
1922 1702
129 2426
2426 1645
1645 484
1645 1795
484 2497
484 1130
2497 417
2497 208
417 2123
417 2031
2123 1589
1589 1304
1304 655
655 1961
655 71
1961 305
1961 211
305 2010
2010 1029
2010 2071
1029 1373
1373 34
1373 552
34 404
404 562
562 82
82 1001
1001 2408
1001 154
2408 1376
2408 1739
1376 788
1376 546
788 857
857 1971
1971 423
1971 2395
423 820
820 2374
820 388
2374 141
141 1360
1360 1677
1360 2321
1677 1246
1677 348
1246 2126
2126 478
2126 1059
478 1313
1313 4
4 2306
4 1799
2306 690
690 764
764 163
163 1897
163 106
1897 1334
1897 2104
1334 1867
1334 2238
1867 85
85 398
85 1020
398 583
398 296
583 1485
1485 207
1485 472
207 414
414 421
421 1634
1634 1134
1134 1021
1134 2545
1021 324
1021 791
324 79
79 1221
79 2429
1221 1965
1221 2121
1965 389
1965 550
389 487
487 160
487 359
160 1006
160 1762
1006 257
257 1247
1247 1215
1247 2224
1215 203
203 415
415 1091
415 1446
1091 454
454 43
454 195
43 2206
43 1938
2206 1315
1315 1186
1315 377
1186 1338
1338 2556
1338 258
2556 630
630 458
458 905
458 1271
905 1076
905 302
1076 1678
1076 1552
1678 2387
1678 2163
2387 2109
2387 1888
2109 2455
2109 214
2455 737
2455 1808
737 597
737 1385
597 1149
597 1597
1149 66
1149 1486
66 1392
1392 346
346 2230
346 1270
2230 2493
2493 2040
2040 2506
2040 321
2506 1240
2506 2115
1240 953
1240 1759
953 1090
953 2137
1090 88
88 1916
1916 2569
2569 228
228 973
973 65
65 760
760 212
760 1951
212 1482
212 2319
1482 2248
1482 1400
2248 2048
2248 1155
2048 1281
2048 1755
1281 1824
1281 540
1824 1110
1110 325
325 2304
2304 2148
2304 1380
2148 866
2148 1202
866 1843
866 2518
1843 840
840 1290
840 2505
1290 1445
1445 353
353 1226
1226 73
73 2432
73 218
2432 748
2432 1942
748 903
903 664
903 8
664 183
664 131
183 615
183 746
615 1037
615 2555
1037 1054
1054 740
740 30
30 1846
1846 2422
1846 1679
2422 1245
1245 1269
1269 931
931 1223
1223 1822
1822 410
1822 2033
410 1583
1583 716
1583 1775
716 2409
2409 1952
1952 201
1952 2331
201 1178
201 122
1178 1857
1857 2066
2066 921
2066 693
921 367
367 1088
1088 1388
1388 722
722 47
47 1396
1396 1437
1396 637
1437 1493
1437 907
1493 2396
2396 316
2396 1940
316 1968
316 2003
1968 2004
1968 569
2004 2042
2042 1004
1004 1168
1168 1549
1168 2249
1549 1361
1549 644
1361 483
483 1820
483 612
1820 1105
1105 1347
1347 1673
1347 767
1673 1853
1853 1536
1853 189
1536 1734
1734 1241
1241 1182
1241 2381
1182 2347
2347 1145
1145 2385
2385 839
839 276
839 380
276 338
276 581
338 26
338 1413
26 51
51 2210
2210 2318
2318 492
492 1726
1726 621
621 1233
621 1279
1233 1300
1233 1372
1300 357
1300 2198
357 1875
357 2044
1875 28
1875 38
28 541
28 879
541 2348
2348 1346
1346 2219
2219 1506
2219 2291
1506 1641
1641 667
667 590
667 2365
590 1711
1711 1567
1711 1766
1567 1782
1567 2294
1782 2118
2118 1189
2118 1074
1189 72
1189 10
72 1298
1298 330
1298 261
330 833
833 1403
1403 1746
1746 2240
1746 89
2240 1073
2240 1827
1073 2158
1073 828
2158 1507
1507 1873
1507 604
1873 1470
1470 1066
1066 1647
1066 2076
1647 283
283 2187
283 1098
2187 2125
2125 1627
2125 2257
1627 2445
2445 2073
2073 674
674 1793
674 99
1793 1163
1163 1201
1163 539
1201 1623
1201 1996
1623 635
635 2475
2475 790
2475 328
790 1577
790 2554
1577 67
67 1616
67 1193
1616 1465
1465 1321
1465 1285
1321 1811
1811 702
702 864
864 1768
864 2241
1768 1191
1191 108
108 95
108 557
95 803
95 1756
803 2134
2134 2034
2134 1473
2034 206
206 1310
1310 650
650 1516
1516 827
1516 1047
827 882
827 799
882 2012
2012 924
924 710
924 1249
710 2440
2440 724
724 626
626 1633
626 1687
1633 601
601 1071
1071 1094
1071 759
1094 371
371 1
1 1128
1128 935
1128 2410
935 1656
935 496
1656 687
1656 279
687 443
687 56
443 1899
443 2301
1899 2311
2311 535
2311 1433
535 763
763 531
531 2027
531 568
2027 2577
2027 1374
2577 1474
1474 1405
1405 1261
1405 970
1261 1535
1535 236
236 2496
2496 877
877 1851
1851 115
115 1681
115 139
1681 678
678 1891
1891 2000
2000 1923
1923 2442
2442 2325
2325 2335
2335 950
2335 1212
950 582
582 686
686 2143
2143 570
2143 42
570 247
570 567
247 834
247 1033
834 900
900 1085
900 627
1085 1790
1085 2523
1790 922
922 362
362 662
362 2273
662 1855
662 852
1855 880
880 422
880 244
422 22
422 639
22 2288
22 1184
2288 574
2288 2298
574 111
574 343
111 1000
1000 1786
1000 2203
1786 1902
1902 352
352 2050
2050 976
2050 577
976 706
976 1323
706 2097
2097 1430
2097 294
1430 2218
2218 2037
2037 1979
1979 2344
1979 584
2344 971
971 125
971 1231
125 1135
1135 1317
1135 2380
1317 1680
1317 889
1680 364
364 872
364 894
872 313
872 44
313 1840
313 750
1840 836
1840 2457
836 2021
836 899
2021 2233
2021 975
2233 1463
1463 2388
1463 2072
2388 1475
1475 2286
2286 1312
1312 1809
1809 1124
1124 1736
1124 2484
1736 1556
1556 1688
1688 1095
1688 248
1095 318
1095 2049
318 960
960 734
960 200
734 1837
1837 2390
1837 524
2390 1456
1456 929
929 1416
1416 1988
1988 2016
2016 594
2016 2056
594 2006
594 1519
2006 301
2006 317
301 707
707 1417
1417 2155
1417 1957
2155 180
180 1459
180 450
1459 1230
1459 429
1230 41
1230 256
41 2417
2417 1500
2417 403
1500 1397
1500 1676
1397 1083
1397 1165
1083 2360
2360 360
2360 631
360 1866
1866 800
1866 93
800 1171
800 1831
1171 445
1171 2035
445 990
445 2546
990 1669
1669 2557
2557 320
320 439
320 1147
439 1398
439 334
1398 2567
1398 776
2567 331
2567 1131
331 1113
1113 1040
1040 1444
1444 1450
1450 2357
1450 1365
2357 933
933 1170
933 1043
1170 416
1170 1998
416 2465
2465 603
2465 1737
603 1216
603 2427
1216 2181
1216 2342
2181 289
2181 1708
289 220
220 393
393 395
395 948
948 2289
2289 197
197 1077
197 2532
1077 448
1077 446
448 358
448 1858
358 2285
358 904
2285 974
2285 1565
974 2020
2020 1292
1292 391
1292 1621
391 1177
1177 2166
1177 679
2166 1068
2166 1540
1068 1651
1651 673
673 994
994 2553
994 914
2553 1743
1743 727
1743 853
727 1876
727 217
1876 1513
1513 911
911 2349
2349 843
843 551
843 2310
551 2529
2529 2534
2534 1387
1387 1501
1387 2448
1501 271
271 1108
271 1563
1108 2243
1108 1453
2243 2029
2029 419
2029 2345
419 1211
1211 1166
1211 599
1166 2510
1166 1448
2510 273
273 2548
273 770
2548 1325
1325 1520
1325 1921
1520 104
104 766
104 1709
766 2456
2456 1594
1594 1930
1594 370
1930 2317
2317 2202
2202 714
714 647
647 2119
2119 589
2119 918
589 812
589 2231
812 2338
2338 2082
2082 1905
2082 1590
1905 2211
1905 1617
2211 1042
2211 1894
1042 555
555 199
555 2023
199 2266
199 718
2266 544
544 440
544 2047
440 560
440 1777
560 2261
2261 1731
2261 97
1731 1072
1731 868
1072 385
385 2302
2302 1161
2302 92
1161 2152
1161 1707
2152 2223
2223 1527
1527 910
910 1278
910 471
1278 1774
1774 277
1774 1931
277 249
249 2142
249 665
2142 363
2142 402
363 2507
2507 1217
2507 2307
1217 782
782 2481
2481 1367
1367 2087
2087 2571
2571 1871
2571 1378
1871 1692
1692 1402
1692 466
1402 876
1402 1410
876 1028
876 1859
1028 1125
1028 2314
1125 895
895 1937
895 1927
1937 255
255 598
255 959
598 2017
598 245
2017 2458
2458 1630
1630 1752
1630 1637
1752 863
863 2063
863 756
2063 1498
1498 326
326 2200
326 361
2200 2405
2200 2444
2405 2566
2566 465
2566 2110
465 1282
465 991
1282 2326
1282 745
2326 63
2326 2461
63 2404
2404 143
2404 156
143 187
143 1877
187 69
187 383
69 432
69 288
432 2083
2083 2153
2083 573
2153 1754
1754 1253
1253 526
1253 1366
526 1045
1045 1423
1423 1364
1423 87
1364 1284
1284 375
1284 1089
375 861
375 811
861 916
861 1314
916 1995
916 813
1995 925
925 1529
925 913
1529 1158
1158 133
1158 928
133 2470
2470 835
835 1650
1650 1699
1650 2468
1699 938
938 1861
938 475
1861 1025
1861 431
1025 2352
1025 1936
2352 1531
2352 20
1531 409
1531 1060
409 886
886 1698
1698 532
1698 753
532 178
532 2467
178 477
477 436
477 704
436 1983
436 2454
1983 25
25 1649
1649 392
1649 2251
392 2204
392 2378
2204 516
2204 147
516 2164
516 2208
2164 1276
2164 1798
1276 2428
2428 517
2428 504
517 1138
517 1802
1138 2516
1138 2402
2516 170
2516 1411
170 264
264 1419
264 735
1419 2406
1419 2280
2406 2558
2406 2363
2558 2504
2504 1624
1624 1122
1624 1511
1122 469
469 2122
2122 2330
2330 2334
2334 944
944 2026
2026 430
430 1596
430 184
1596 651
1596 1476
651 500
651 2509
500 1209
1209 173
173 1730
173 1018
1730 1065
1065 545
1065 785
545 2540
545 1732
2540 2186
2540 1908
2186 1826
1826 1925
1826 308
1925 1322
1925 2146
1322 1139
1139 2089
2089 514
514 219
219 315
315 1836
1836 2129
1836 1554
2129 13
2129 999
13 1844
13 2572
1844 2300
1844 617
2300 59
2300 824
59 1593
59 2106
1593 979
979 2059
2059 2195
2059 1760
2195 455
2195 1487
455 1845
455 618
1845 2274
2274 215
2274 1102
215 2418
2418 719
2418 600
719 606
606 515
606 961
515 427
515 1992
427 1982
427 1963
1982 1986
1982 1779
1986 845
1986 2117
845 2256
845 1749
2256 1117
1117 688
1117 46
688 356
688 1154
356 1159
1159 942
1159 1601
942 2278
942 1383
2278 1523
2278 39
1523 676
1523 1030
676 1706
676 1234
1706 1606
1606 166
166 438
438 1914
1914 2386
2386 1144
2386 1227
1144 1466
1466 1564
1466 462
1564 238
1564 435
238 210
210 2466
2466 848
848 254
848 578
254 2022
2022 586
586 1864
586 1714
1864 534
534 134
134 775
775 55
55 731
731 542
731 841
542 1579
1579 1720
1579 1458
1720 1228
1720 605
1228 1197
1197 1061
1197 1106
1061 285
285 1112
285 2259
1112 426
426 2079
426 1953
2079 2095
2095 1136
1136 260
1136 64
260 136
260 2539
136 643
136 1058
643 636
636 1013
636 2413
1013 1264
1013 1303
1264 1771
1264 1816
1771 1663
1663 780
780 1353
1353 510
1353 75
510 1797
510 345
1797 2214
1797 1883
2214 2170
2170 169
169 1328
1328 1605
1605 2328
1605 121
2328 1409
1409 2431
1409 1832
2431 2173
2431 424
2173 229
229 456
229 1548
456 804
804 486
804 145
486 654
486 1404
654 1870
1870 1573
1870 1063
1573 613
1573 730
613 451
451 901
451 400
901 286
901 2005
286 2014
2014 1070
2014 24
1070 2490
1070 132
2490 1619
1619 447
447 437
447 2477
437 920
437 1499
920 2570
2570 1056
2570 1359
1056 1898
1898 2425
1898 1850
2425 2480
2480 1451
1451 1508
1451 144
1508 2367
1508 758
2367 2421
2367 1575
2421 2175
2175 564
564 962
564 793
962 939
962 1099
939 945
939 251
945 1550
945 1818
1550 680
680 295
680 1329
295 322
322 869
322 1358
869 2128
2128 227
2128 2192
227 1587
227 1062
1587 1220
1220 897
897 1368
1368 2232
1368 274
2232 464
2232 633
464 1319
1319 1005
1319 1835
1005 336
336 2377
336 1534
2377 2130
2130 1572
2130 503
1572 684
1572 1748
684 2419
2419 2308
2419 1502
2308 726
2308 2008
726 461
461 2236
2236 150
2236 1140
150 1946
1946 2528
2528 1528
2528 349
1528 2339
2339 1489
1489 2340
2340 2067
2067 1414
1414 787
787 50
787 1794
50 1949
50 1555
1949 1584
1584 1183
1183 1544
1183 885
1544 1997
1997 372
1997 1842
372 2471
2471 2213
2471 1412
2213 192
2213 1878
192 817
817 822
822 1035
822 1336
1035 60
60 384
384 1188
1188 2276
1188 1126
2276 2500
2500 2303
2303 1050
2303 193
1050 186
186 2542
186 602
2542 2433
2542 930
2433 1660
2433 2165
1660 816
1660 1981
816 2226
816 491
2226 1436
1436 2172
2172 699
699 1591
699 592
1591 525
525 1635
1635 1636
1636 2544
1636 2525
2544 2393
2544 2281
2393 926
2393 1722
926 1689
926 1464
1689 408
1689 980
408 1903
1903 623
623 2415
2415 2185
2415 1683
2185 1291
1291 284
1291 982
284 611
284 1964
611 2182
611 1236
2182 1602
2182 556
1602 2
1602 1919
2 646
2 138
646 1807
646 1207
1807 629
1807 566
629 2279
629 2039
2279 2543
2543 1969
2543 2373
1969 1586
1969 986
1586 547
547 1002
547 1472
1002 856
1002 1457
856 1532
1532 114
114 1710
1710 168
168 2561
168 1977
2561 2535
2561 969
2535 2450
2450 1305
1305 1114
1114 2235
1114 480
2235 1148
2235 1224
1148 608
1148 1157
608 2098
2098 1229
2098 883
1229 2002
1229 1574
2002 1744
2002 2315
1744 1337
1744 223
1337 1657
1337 204
1657 499
499 2188
2188 1659
2188 2400
1659 1789
1659 441
1789 1167
1789 575
1167 2459
1167 2107
2459 1363
2459 2397
1363 1087
1087 923
1087 1700
923 202
923 1598
202 2486
202 452
2486 1052
2486 736
1052 2074
2074 585
585 297
297 649
649 596
649 1757
596 1012
1012 2376
2376 347
347 2196
347 2151
2196 2255
2255 1039
1039 9
9 23
23 1829
23 476
1829 1525
1525 1096
1096 35
1096 1912
35 859
35 2272
859 1172
1172 2316
1172 1765
2316 1701
2316 682
1701 2135
2135 1830
2135 2030
1830 339
339 1009
1009 6
1009 1643
6 1286
6 1668
1286 1639
1639 2437
1639 14
2437 1141
2437 2515
1141 1896
1896 1349
1896 874
1349 94
94 449
94 595
449 580
449 1497
580 1406
1406 457
457 175
457 262
175 1642
175 2372
1642 1729
1729 2574
1729 1547
2574 112
112 937
112 1262
937 2355
2355 1626
2355 2341
1626 2356
1626 2522
2356 1935
2356 2116
1935 460
460 838
838 1160
1160 1214
1214 2449
1214 1075
2449 1239
2449 2362
1239 1954
1954 698
1954 1259
698 1580
698 2189
1580 806
806 2474
806 851
2474 1943
1943 116
116 2343
2343 1978
2343 181
1978 140
140 300
300 342
300 1856
342 2080
2080 1302
2080 571
1302 1990
1990 1638
1990 1335
1638 1477
1638 2239
1477 1805
1477 291
1805 1576
1805 319
1576 823
823 2384
823 2446
2384 2451
2384 2541
2451 773
773 2060
2060 350
350 290
350 506
290 2292
2292 2411
2411 2530
2530 1496
1496 2051
1496 2019
2051 1944
2051 489
1944 893
893 2041
2041 743
743 1804
1804 947
1804 1522
947 1142
1142 278
1142 127
278 2462
278 2234
2462 1093
2462 778
1093 365
1093 892
365 1761
1761 1613
1613 652
1613 1180
652 81
652 1750
81 2464
2464 915
2464 7
915 2078
915 2093
2078 1745
2078 2068
1745 153
153 1273
153 31
1273 1354
1354 997
1354 968
997 1357
997 729
1357 2436
2436 1691
2436 105
1691 2435
2435 485
2435 118
485 113
113 1082
1082 76
76 109
109 983
109 725
983 1611
983 239
1611 246
246 1670
1670 2329
1670 2180
2329 738
738 1950
1950 1814
1814 2216
2216 2364
2216 818
2364 1311
2364 1084
1311 2217
1311 846
2217 2391
2217 2398
2391 2045
2045 1250
1250 327
1250 151
327 1585
1585 374
374 1185
374 226
1185 1773
1185 1620
1773 2025
2025 1682
2025 1287
1682 1235
1235 2227
2227 1696
1696 1887
1696 2065
1887 155
155 881
881 1806
881 954
1806 1491
1491 1023
1491 831
1023 1915
1915 1741
1915 951
1741 323
1741 891
323 2054
323 5
2054 1332
1332 157
157 858
157 2494
858 692
858 992
692 190
190 1900
190 2469
1900 1294
1294 1604
1604 1512
1604 2478
1512 2503
2503 2264
2264 508
508 1107
508 675
1107 2174
1107 390
2174 2161
2174 2190
2161 739
2161 1355
739 96
96 936
96 119
936 2401
936 829
2401 1833
1833 1991
1833 304
1991 1625
1625 1976
1976 351
1976 744
351 1697
351 250
1697 946
1697 354
946 642
946 689
642 1562
642 2145
1562 518
518 2193
2193 1026
1026 340
340 1926
1926 2250
1926 1348
2250 2520
2250 2058
2520 1674
2520 1751
1674 2375
1674 335
2375 2323
2375 1537
2323 964
