1 329 5976
257 156
257 113
156 115
156 146
115 228
228 215
215 301
301 315
301 58
315 162
315 249
162 111
111 184
111 292
184 47
184 28
47 9
47 107
9 42
42 170
42 10
170 118
118 269
269 276
276 117
117 155
117 122
155 238
238 229
229 227
229 46
227 242
227 302
242 50
242 167
50 71
71 75
75 91
75 81
91 151
151 92
151 193
92 4
92 254
4 244
4 245
244 72
72 121
72 123
121 102
102 225
102 29
225 297
225 319
297 280
280 110
280 26
110 250
250 153
250 54
153 64
64 202
202 325
202 223
325 61
325 51
61 96
96 243
96 234
243 278
278 294
294 326
326 253
253 83
83 180
180 205
205 158
205 219
158 255
158 310
255 308
308 213
308 217
213 265
213 2
265 105
105 100
100 31
100 94
31 15
31 267
15 283
283 32
283 144
32 157
32 7
157 260
157 237
260 262
260 78
262 178
262 194
178 14
178 80
14 198
198 214
214 147
147 37
147 56
37 35
37 148
35 174
174 149
149 176
149 208
176 207
207 259
207 89
259 1
259 196
1 44
44 264
44 164
264 49
264 17
49 112
112 185
185 252
185 8
252 137
252 33
137 79
79 119
79 98
119 70
70 313
70 201
313 136
313 232
136 277
277 182
277 124
182 172
182 306
172 11
172 220
11 43
11 160
43 183
43 140
183 23
23 34
23 248
34 221
34 263
221 191
191 303
191 241
303 288
303 165
288 271
271 106
106 273
273 69
69 323
323 116
116 22
116 329
22 284
284 52
284 231
52 171
171 109
109 300
109 18
300 65
300 251
65 53
65 101
53 150
53 45
150 12
150 77
12 73
12 40
73 138
138 246
138 316
246 132
132 212
212 41
212 279
41 190
41 60
190 209
209 181
181 272
272 295
295 62
62 66
62 192
66 131
131 222
222 5
5 21
5 275
21 36
36 159
36 320
159 230
159 270
230 20
20 152
20 86
152 290
152 95
290 76
290 206
76 134
134 59
134 226
59 3
59 307
3 19
19 304
304 114
304 286
114 173
173 189
173 218
189 240
189 299
240 27
240 135
27 281
281 63
281 203
63 84
84 48
48 258
258 85
85 311
85 145
311 154
154 321
154 327
321 93
93 67
67 282
282 235
282 179
235 125
125 274
125 163
274 90
90 187
90 177
187 88
187 312
88 266
266 210
210 236
210 291
236 161
161 97
161 293
97 199
97 82
199 224
224 25
25 6
25 195
6 305
6 289
305 16
305 309
16 175
175 200
175 216
200 314
200 186
314 328
314 298
328 127
127 99
99 317
99 74
317 168
317 13
168 39
39 169
39 129
169 57
57 211
211 296
211 287
296 139
139 133
133 130
130 239
130 324
239 120
120 55
55 30
30 104
104 268
104 108
268 188
268 256
188 318
318 68
318 322
68 166
68 24
166 204
204 141
204 128
141 38
38 142
142 233
233 103
103 285
285 197
197 87
197 261
87 247
247 126
247 143
