10 2894 48910579
7 6
7 3
6 9
6 5
9 8
8 2
8 1
2 4
2 10
432 2160
432 413
2160 1341
1341 2709
1341 2570
2709 2045
2045 2059
2045 2737
2059 211
2059 592
211 1027
211 302
1027 55
55 2155
55 1667
2155 1569
1569 1465
1569 2053
1465 2240
2240 2880
2240 1460
2880 2538
2538 784
2538 1898
784 257
784 850
257 288
257 2479
288 382
288 356
382 1926
382 523
1926 74
74 1815
1815 1216
1216 240
240 2675
240 2388
2675 783
783 774
783 2194
774 2586
2586 1277
2586 877
1277 763
763 758
758 1675
1675 1628
1675 72
1628 681
1628 616
681 704
681 2308
704 1014
704 2149
1014 2251
1014 1997
2251 2763
2763 1338
2763 341
1338 1190
1190 545
1190 122
545 1463
1463 209
1463 2640
209 1199
1199 2277
2277 2305
2277 2587
2305 2768
2768 1151
1151 1932
1932 1077
1077 808
1077 1531
808 2735
808 1135
2735 2222
2735 2426
2222 1005
2222 1451
1005 2583
1005 527
2583 1614
2583 806
1614 2104
1614 421
2104 1501
2104 2004
1501 2841
2841 931
2841 1244
931 278
278 1028
278 1037
1028 2447
1028 1559
2447 2060
2447 1394
2060 2254
2254 387
2254 738
387 331
331 970
970 252
970 1257
252 1786
1786 425
425 1417
1417 2239
2239 1434
2239 756
1434 2199
1434 1808
2199 1656
1656 1974
1656 662
1974 827
1974 2021
827 116
116 2057
116 427
2057 1913
2057 2006
1913 402
402 494
494 2796
494 2035
2796 943
2796 1231
943 2669
943 2544
2669 2702
2669 1083
2702 654
2702 2227
654 2462
654 1437
2462 519
2462 2031
519 2042
2042 2566
2566 187
2566 2648
187 1339
1339 647
647 1835
1835 457
1835 1537
457 1703
457 886
1703 1704
1704 1571
1704 1612
1571 993
993 809
809 238
809 2121
238 488
488 2079
488 378
2079 1126
1126 2685
1126 1939
2685 1214
2685 2356
1214 2302
1214 2257
2302 1061
1061 190
190 2520
190 1643
2520 1701
2520 1504
1701 1369
1369 540
540 2245
2245 2089
2089 2228
2089 2647
2228 109
2228 782
109 1747
1747 1357
1747 318
1357 482
482 2571
482 1691
2571 2436
2571 2109
2436 2026
2026 2515
2026 2525
2515 1318
1318 1778
1318 1044
1778 2003
2003 1457
2003 1977
1457 75
1457 1121
75 780
75 1185
780 405
780 98
405 1168
1168 1558
1558 2876
2876 1783
1783 2005
2005 503
2005 1707
503 199
199 474
199 976
474 1416
474 638
1416 2506
2506 2565
2506 1989
2565 912
2565 2790
912 1347
1347 47
1347 2769
47 92
92 949
949 923
923 1245
923 1421
1245 2866
1245 2712
2866 2798
2798 1594
2798 1839
1594 583
1594 1432
583 1314
1314 2093
1314 428
2093 1911
2093 418
1911 1034
1911 1661
1034 1407
1407 2881
1407 2872
2881 2179
2179 2715
2179 2326
2715 1741
1741 634
1741 1758
634 1581
1581 2637
2637 1399
1399 1583
1399 1917
1583 1241
1583 2621
1241 2366
1241 988
2366 764
2366 2325
764 2693
2693 1782
1782 1648
1648 11
11 1683
11 1291
1683 727
727 1757
727 533
1757 2527
1757 1562
2527 1797
1797 1549
1797 1365
1549 1862
1549 834
1862 2577
2577 1200
1200 1945
1200 1897
1945 313
313 892
892 446
892 1726
446 2626
446 1678
2626 368
2626 136
368 68
368 1493
68 2617
68 1398
2617 1179
2617 1657
1179 658
1179 338
658 263
658 1346
263 2671
263 222
2671 2429
2671 1090
2429 158
158 1503
158 1311
1503 34
34 2363
34 1110
2363 2342
2342 807
2342 1195
807 2641
2641 485
2641 256
485 2680
2680 952
952 1125
952 1575
1125 204
204 958
204 2600
958 2879
958 2597
2879 826
2879 2084
826 593
826 2242
593 2720
593 1024
2720 632
632 194
194 1671
1671 543
1671 56
543 224
543 2849
224 2387
224 2286
2387 108
2387 2058
108 113
113 2152
113 1879
2152 1713
1713 1888
1713 1165
1888 1790
1790 178
1790 1589
178 2606
178 2307
2606 40
40 985
985 1545
1545 2551
1545 1474
2551 2531
2551 1273
2531 1840
1840 2370
1840 1723
2370 2418
2370 2136
2418 1828
1828 969
969 59
59 1986
1986 284
284 1663
1663 1754
1754 1561
1754 1069
1561 999
999 2170
999 447
2170 2627
2170 2197
2627 2826
2627 1850
2826 472
472 1078
1078 1362
1362 2288
1362 2301
2288 2843
2843 1640
1640 2894
1640 2077
2894 609
2894 1076
609 1115
609 1905
1115 164
164 978
164 619
978 1552
978 1544
1552 770
770 2842
2842 2542
2542 1859
1859 406
406 1830
406 2265
1830 1162
1162 917
917 478
917 1910
478 1902
1902 865
1902 2823
865 150
865 2217
150 455
150 2116
455 1458
455 2114
1458 1047
1047 347
347 1597
347 586
1597 1807
1597 1827
1807 1278
1278 2645
1278 1987
2645 1680
1680 2392
1680 1412
2392 1131
2392 2072
1131 2215
2215 2269
2269 2338
2338 2074
2074 2887
2074 1907
2887 2327
2327 2329
2327 2262
2329 1479
1479 2844
2844 1823
2844 1868
1823 2572
2572 275
2572 507
275 1328
1328 508
1328 1811
508 475
475 620
475 2395
620 1079
1079 841
1079 1249
841 1930
841 1803
1930 1306
1930 2259
1306 4
4 544
4 197
544 267
544 212
267 2472
267 1626
2472 29
29 429
429 2725
429 1413
2725 1764
1764 2891
2891 30
30 2475
30 532
2475 1136
2475 2589
1136 53
1136 2244
53 86
53 2061
86 1350
86 1385
1350 2611
1350 1001
2611 870
2611 1802
870 2730
2730 1788
1788 2389
1788 90
2389 898
2389 2608
898 400
898 1617
400 1523
400 2581
1523 1393
1393 1843
1843 1852
1852 1554
1554 134
134 2817
134 1103
2817 299
2817 436
299 226
299 936
226 2267
2267 2432
2267 1755
2432 1873
2432 1711
1873 1593
1873 416
1593 1647
1593 2105
1647 1281
1647 327
1281 2133
2133 530
530 250
250 1915
250 71
1915 920
920 1908
1908 771
1908 1177
771 434
771 781
434 1934
434 2818
1934 1819
1819 742
742 2137
2137 235
235 2313
235 2261
2313 772
2313 1527
772 81
772 2833
81 1088
81 1637
1088 2401
2401 195
195 2623
2623 776
776 552
552 1722
552 1666
1722 1826
1722 566
1826 371
1826 1301
371 747
371 1687
747 849
849 2580
2580 234
234 2278
2278 2300
2300 1618
1618 320
320 2172
2172 513
2172 2845
513 553
553 1702
1702 2293
1702 451
2293 298
2293 2483
298 1469
298 691
1469 1901
1469 1226
1901 1321
1901 2810
1321 683
1321 2064
683 1705
1705 2303
1705 1516
2303 894
894 1714
894 2039
1714 1890
1714 1956
1890 1316
1890 1156
1316 131
1316 1201
131 2374
131 130
2374 815
815 52
815 824
52 231
231 878
231 1015
878 1773
878 1606
1773 2049
2049 2066
2066 1252
2066 2557
1252 2822
1252 1871
2822 2852
2852 244
244 1528
244 1426
1528 41
41 2683
2683 2628
2683 1642
2628 1591
1591 2559
2559 1402
1402 2878
2878 2015
2015 2464
2015 1821
2464 237
2464 1960
237 2563
237 310
2563 1538
1538 2324
1538 1753
2324 700
2324 546
700 2766
700 579
2766 2107
2766 2457
2107 1440
1440 2877
2877 139
139 502
139 173
502 496
496 2380
2380 1855
1855 1785
1855 574
1785 1175
1175 702
1175 2732
702 167
167 932
167 1282
932 514
514 1447
514 210
1447 732
1447 590
732 821
821 1742
1742 2235
2235 1737
2235 2743
1737 223
223 1622
1622 1971
1971 1500
1500 300
300 1919
300 270
1919 2754
1919 2007
2754 1248
2754 858
1248 1665
1248 171
1665 233
1665 2101
233 2451
233 1439
2451 2130
2451 1625
2130 2857
2130 854
2857 322
322 2719
2719 452
452 822
822 2723
822 871
2723 2800
2800 2550
2800 2233
2550 1017
2550 768
1017 2883
1017 1174
2883 1056
2883 473
1056 2614
2614 1526
1526 762
1526 1424
762 1961
1961 803
1961 897
803 2655
803 251
2655 1258
1258 2041
1258 1002
2041 184
2041 2487
184 550
184 46
550 596
596 323
596 1684
323 1166
323 1692
1166 1580
1580 1356
1580 426
1356 1112
1112 665
1112 1048
665 1269
1269 1322
1269 377
1322 2082
1322 966
2082 1529
1529 680
680 982
680 2812
982 778
778 2054
778 1283
2054 520
2054 1920
520 1482
1482 96
1482 1297
96 1367
96 1298
1367 430
1367 285
430 1332
430 2353
1332 491
491 1874
1874 1654
1874 883
1654 536
1654 531
536 946
536 2383
946 2663
2663 690
690 2131
690 36
2131 1395
1395 2578
1395 1433
2578 2247
2247 930
930 2747
930 1710
2747 927
2747 2867
927 711
711 99
99 511
99 1525
511 2055
511 2396
2055 1694
2055 717
1694 102
102 524
524 2449
2449 202
202 1183
1183 1033
1033 549
549 2169
2169 1255
1255 2063
1255 1630
2063 264
264 259
259 273
273 2884
273 2073
2884 1809
2884 726
1809 941
941 48
941 2377
48 1621
48 246
1621 1903
1903 1620
1903 2364
1620 352
1620 2466
352 2343
2343 309
2343 2630
309 861
309 2552
861 2783
2783 1649
1649 2094
1649 623
2094 2183
2094 1719
2183 847
2183 1952
847 2656
2656 1143
1143 1038
1143 612
1038 796
796 522
796 2256
522 279
522 1896
279 1829
1829 918
918 2410
918 723
2410 2230
2410 2355
2230 1969
2230 2499
1969 2482
2482 137
137 1386
137 489
1386 2739
1386 1212
2739 2558
2558 2349
2349 337
337 162
337 2505
162 1208
162 640
1208 1950
1208 2543
1950 2731
1950 541
2731 2268
2268 2748
2748 2674
2748 2573
2674 125
125 934
125 2652
934 2855
934 1509
2855 626
2855 785
626 2882
626 1927
2882 627
627 1392
627 2465
1392 1058
1058 995
995 714
995 1870
714 1553
1553 1300
1300 669
1300 15
669 2184
669 2536
2184 2173
2184 2354
2173 2564
2564 1738
2564 14
1738 615
1738 2458
615 2588
615 2181
2588 2512
2512 2206
2512 2029
2206 1608
1608 283
283 2337
2337 1825
1825 394
1825 559
394 2190
394 1522
2190 1292
1292 967
967 1371
1371 1560
1371 1849
1560 2420
1560 1094
2420 1096
1096 2284
2284 336
336 1411
1411 311
1411 2415
311 1695
311 2287
1695 2452
1695 5
2452 688
688 1729
688 1770
1729 1542
1542 132
132 725
132 572
725 2618
2618 842
2618 2490
842 1473
1473 1588
1473 1967
1588 2310
2310 542
2310 989
542 2200
2200 57
57 19
57 78
19 1515
19 2044
1515 215
215 1271
1271 2454
1271 1995
2454 1899
1899 2734
2734 597
597 2528
597 2070
2528 1170
1170 1444
1170 487
1444 2404
2404 2785
2785 1141
1141 1763
1763 512
1763 963
512 2168
512 604
2168 388
2168 1881
388 2619
2619 565
2619 458
565 2850
565 1725
2850 2631
2850 1982
2631 554
2631 295
554 2517
554 1676
2517 1467
2517 2547
1467 1224
1224 1929
1929 1883
1883 1983
1883 2416
1983 525
1983 206
525 2382
2382 1431
1431 1660
1660 2584
2584 905
905 882
905 335
882 1072
1072 1690
1690 1075
1075 176
176 2753
2753 1397
1397 1042
1042 117
1042 2636
117 2176
117 169
2176 2772
2772 757
2772 1698
757 719
719 2120
719 294
2120 236
236 786
786 305
305 819
819 95
95 1572
1572 445
445 1567
445 853
1567 881
881 2532
2532 1604
2532 2282
1604 2827
1604 2591
2827 2539
2827 587
2539 2207
2539 1857
2207 938
2207 1681
938 668
938 2809
668 953
953 1689
953 386
1689 2274
2274 965
965 2836
2836 1253
2836 1884
1253 1810
1810 2461
2461 2521
2521 591
2521 2825
591 266
591 664
266 1215
266 2008
1215 1420
1215 135
1420 2124
2124 1209
1209 2430
2430 2770
2770 504
504 2698
504 804
2698 2863
2698 1837
2863 359
2863 1100
359 2829
359 207
2829 759
2829 324
759 2593
2593 1428
2593 1353
1428 2792
1428 1378
2792 2425
2792 216
2425 1767
2425 580
1767 575
1767 26
575 2510
2510 1251
2510 955
1251 142
1251 964
142 2650
142 360
2650 733
733 500
500 417
417 1813
1813 1134
1134 1060
1134 1333
1060 1638
1060 1564
1638 1085
1638 1197
1085 2664
1085 1145
2664 1792
1792 2437
1792 2440
2437 1018
1018 1221
1018 1036
1221 1602
1221 2290
1602 191
1602 956
191 2717
2717 1315
2717 2399
1315 818
1315 1999
818 1461
818 986
1461 2087
2087 1900
2087 1406
1900 2711
2711 2069
2711 291
2069 2106
2069 1772
2106 1129
2106 906
1129 1958
1958 2474
1958 2668
2474 1488
2474 2835
1488 2744
1488 1305
2744 2511
2511 2210
2511 990
2210 1978
2210 166
1978 1629
1629 110
110 777
777 2422
2422 2281
2422 571
2281 2361
2361 1860
1860 1222
1860 2622
1222 2351
1222 937
2351 2476
2476 2819
2819 748
748 703
703 933
933 1198
1198 560
560 2816
2816 2776
2816 1108
2776 2359
2359 649
649 961
649 466
961 469
961 1067
469 1260
1260 2700
1260 2445
2700 1492
2700 1127
1492 1167
1167 2213
1167 1182
2213 2635
2635 1012
2635 1040
1012 1607
1607 105
1607 2332
105 659
105 1844
659 1495
659 2856
1495 58
1495 2319
58 2372
58 1942
2372 2799
2372 734
2799 1172
2799 38
1172 666
666 461
666 2118
461 603
603 367
603 1992
367 107
107 939
939 1832
1832 749
1832 2193
749 2320
749 1842
2320 2689
2689 673
673 1563
1563 2196
2196 1970
2196 1502
1970 916
1970 800
916 2467
2467 1097
1097 1540
1097 497
1540 314
314 2022
314 2311
2022 91
2022 1238
91 887
887 2323
887 2569
2323 2442
2442 712
2442 160
712 439
712 101
439 823
823 1046
823 1219
1046 556
1046 2111
556 1596
556 2441
1596 1203
1203 118
118 1303
118 2549
1303 2036
1303 718
2036 873
873 1877
873 1534
1877 280
280 2333
280 1668
2333 180
180 678
180 2523
678 1584
678 2056
1584 919
1584 146
919 2011
919 1508
2011 2165
2165 2156
2156 2076
2076 2864
2076 67
2864 2314
2314 1020
2314 1916
1020 1565
1565 750
1565 2815
750 1093
1093 2837
2837 49
2837 710
49 2283
2283 2495
2495 1102
1102 2236
1102 2779
2236 175
2236 115
175 1749
1749 2673
2673 2433
2433 376
376 1922
376 558
1922 902
902 2439
902 80
2439 1466
1466 2460
2460 735
2460 775
735 1006
1006 2775
1006 1308
2775 539
539 789
539 1453
789 2501
2501 274
274 481
481 2099
481 1382
2099 393
393 422
393 2682
422 1206
422 798
1206 2533
2533 2592
2592 837
2592 517
837 1410
1410 2613
1410 1641
2613 2020
2020 2661
2020 1286
2661 1507
2661 802
1507 1459
1459 709
1459 2167
709 364
364 2411
364 695
2411 157
2411 614
157 2339
2339 1990
2339 839
1990 528
1990 2802
528 2456
528 2204
2456 1923
2456 2529
1923 138
1923 2679
138 595
138 468
595 1975
595 557
1975 1029
1029 492
492 477
477 32
477 2164
32 1325
32 265
1325 2767
1325 2270
2767 334
2767 344
334 1659
334 2046
1659 27
1659 611
27 2100
27 2805
2100 1329
2100 1376
1329 1132
1329 1194
1132 1720
1132 621
1720 307
1720 915
307 2304
2304 2024
2304 326
2024 793
793 1836
1836 398
1836 2497
398 1603
1603 1423
1603 2443
1423 444
444 1317
1317 1587
1587 816
1587 1805
816 490
490 2171
2171 1173
2171 2602
1173 787
787 462
787 1352
462 1933
462 1368
1933 2526
1933 954
2526 1946
1946 2726
1946 2195
2726 2604
2726 1343
2604 2746
2746 329
329 147
147 2097
147 2596
2097 2
2 1645
1645 2263
2263 1655
2263 2489
1655 1925
1655 1845
1925 1026
1925 2232
1026 1570
1026 277
1570 1004
1570 1184
1004 1595
1595 2209
1595 2480
2209 698
698 2657
2657 1536
1536 2701
2701 2502
2701 660
2502 1082
1082 2151
2151 349
349 1265
349 630
1265 2603
2603 1506
1506 1746
1746 1370
1746 103
1370 2868
1370 1063
2868 745
745 1878
1878 1761
1878 2666
1761 1164
1761 1756
1164 2886
1164 1611
2886 648
2886 617
648 2888
648 390
2888 1670
1670 2393
1670 2740
2393 811
811 1374
1374 1524
1374 1276
1524 676
676 975
975 2341
2341 2890
2341 1192
2890 1485
2890 2294
1485 2848
1485 2412
2848 1949
1949 2083
2083 610
610 1717
1717 1984
1984 857
1984 483
857 2115
2115 133
133 370
133 1613
370 339
339 1263
1263 1309
1309 1991
1309 106
1991 2749
1991 1546
2749 2309
2749 2713
2309 643
2309 1928
643 2860
643 411
2860 442
442 2471
442 2013
2471 516
2471 1931
516 1118
516 374
1118 1254
1254 2869
1254 2871
2869 1968
1968 2624
1968 928
2624 1851
2624 984
1851 1775
1851 891
1775 856
1775 1274
856 464
464 2813
2813 852
852 983
852 2691
983 114
983 1107
114 1721
1721 145
1721 66
145 319
319 1784
319 2870
1784 1124
1124 97
1124 2481
97 1814
97 2824
1814 792
792 2537
2537 813
813 2470
2470 2545
2470 940
2545 1388
2545 1163
1388 2340
2340 499
499 165
499 348
165 1223
165 2688
1223 1262
1223 1326
1262 505
505 1848
1848 628
628 1864
628 2033
1864 471
471 518
518 1133
518 1213
1133 876
876 2143
876 2629
2143 1405
1405 2758
2758 1724
1724 163
163 2264
2264 2846
2264 24
2846 448
448 1940
1940 994
1940 159
994 2793
994 1744
2793 2643
2793 2134
2643 1153
1153 1414
1153 568
1414 1709
1709 2485
1709 2820
2485 1539
1539 2486
1539 2681
2486 419
419 1774
419 431
1774 573
573 380
573 395
380 2851
2851 301
2851 1994
301 570
570 904
570 1256
904 2122
904 535
2122 42
42 2795
42 2728
2795 1217
1217 1854
1854 1160
1854 2381
1160 1798
1160 205
1798 981
1798 1959
981 2518
2518 1972
1972 636
1972 1021
636 369
636 2530
369 2865
369 1390
2865 1057
1057 1070
1057 2721
1070 189
1070 126
189 899
189 214
899 601
601 239
601 564
239 2334
239 1727
2334 1435
1435 1831
1435 1887
1831 2358
2358 127
127 1646
127 1728
1646 957
957 153
153 2861
2861 2125
2125 2757
2757 258
2757 1442
258 1885
258 328
1885 2144
2144 2306
2144 83
2306 1268
2306 980
1268 152
152 1697
152 2781
1697 379
1697 2784
379 484
484 1963
484 1998
1963 357
1963 1590
357 1323
357 2873
1323 253
253 2468
253 1086
2468 835
835 1377
1377 1379
1379 424
1379 1605
424 384
424 907
384 1733
1733 1065
1065 2140
2140 2516
2140 1957
2516 100
2516 1532
100 121
121 1109
121 646
1109 2390
2390 2448
2448 1045
1045 584
1045 1799
584 1059
1059 1993
1059 9
1993 1289
1993 2379
1289 629
1289 1672
629 563
563 2696
563 2541
2696 1007
1007 1312
1007 652
1312 2446
2446 1106
1106 2002
1106 1296
2002 1279
1279 1130
1130 2216
2216 2765
2216 1319
2765 1285
2765 2616
1285 1264
1285 1454
1264 1935
1935 2344
2344 720
2344 2778
720 2427
720 2562
2427 2491
2427 353
2491 2697
2491 1427
2697 76
76 914
76 415
914 120
914 1186
120 13
13 794
794 1568
794 372
1568 1035
1035 2519
1035 2672
2519 340
2519 2273
340 361
340 213
361 2838
361 2576
2838 366
2838 401
366 1101
1101 2893
2893 2178
2893 260
2178 795
795 203
795 249
203 1073
203 598
1073 1481
1481 2123
1481 2794
2123 1947
1947 2507
2507 2801
2801 2707
2801 2147
2707 682
682 2413
2413 1965
2413 820
1965 2177
1965 1140
2177 345
345 2692
2692 908
908 1013
908 268
1013 1863
1013 140
1863 1893
1863 2068
1893 2400
2400 655
2400 843
655 1180
655 1150
1180 35
1180 879
35 228
35 1708
228 2350
2350 476
476 2847
476 2858
2847 618
618 855
855 728
855 1889
728 996
996 699
699 2424
699 1008
2424 389
2424 1494
389 2555
389 2803
2555 399
2555 2272
399 605
605 2718
2718 521
521 1599
521 706
1599 174
174 840
174 1299
840 1639
1639 2839
2839 1381
1381 2102
1381 325
2102 1092
1092 93
93 1631
1631 179
1631 1157
179 641
179 968
641 925
641 602
925 420
420 2408
420 851
2408 1781
1781 2394
2394 1471
1471 412
1471 1334
412 2804
2804 599
599 1735
1735 846
846 567
846 200
567 2299
2299 741
741 1988
741 1161
1988 247
247 292
247 7
292 1128
1128 2638
1128 1098
2638 959
2638 2714
959 1310
959 1147
1310 1293
1310 884
1293 971
971 2034
971 2724
2034 2010
2010 303
303 1866
303 437
1866 1344
1866 1419
1344 1176
1176 562
562 2560
2560 2477
2560 2854
2477 631
631 1619
1619 674
1619 2357
674 942
674 1579
942 2386
942 581
2386 2601
2386 148
2601 2493
2493 2016
2016 1043
2016 2295
1043 1730
1043 54
1730 715
715 2071
2071 2318
2071 346
2318 1211
2318 880
1211 1765
1765 1287
1765 1533
1287 1240
1240 551
551 407
551 1912
407 1748
407 1418
1748 875
875 548
548 287
287 1731
287 1383
1731 354
1731 25
354 1921
1921 1095
1095 1715
1715 2367
2367 269
269 2686
2686 1891
2686 1551
1891 730
730 1087
1087 689
1087 2761
689 2478
2478 63
63 2221
2221 2609
2609 2138
2138 740
2138 438
740 830
740 1068
830 600
830 2223
600 1732
600 2752
1732 2375
1732 404
2375 2231
2231 480
2231 450
480 1906
480 183
1906 1624
1906 161
1624 1207
1624 1294
1207 1084
1084 2376
2376 731
731 1518
1518 2644
1518 526
2644 860
2644 2590
860 1914
1914 2605
1914 2729
2605 2186
2605 1841
2186 1123
1123 1491
1491 2369
1491 1053
2369 1171
1171 2188
2188 913
913 1366
913 2158
1366 1443
1443 1976
1443 1664
1976 1938
1976 2189
1938 945
945 2127
2127 1468
1468 1054
1054 232
232 1448
232 2080
1448 2162
2162 2166
2162 2185
2166 1743
2166 342
1743 435
435 947
947 2225
947 1055
2225 1966
1966 686
686 1951
686 924
1951 73
73 1449
73 64
1449 2088
2088 1985
1985 801
1985 1032
801 2594
801 1011
2594 2455
2455 2788
2788 2561
2561 1535
2561 622
1535 1776
1776 656
1776 1706
656 88
88 2336
2336 2760
2336 1865
2760 2108
2760 1824
2108 534
534 2220
2220 1734
1734 1327
1734 1847
1327 987
987 862
862 872
872 2659
872 2065
2659 1401
2659 2238
1401 2634
2634 1119
2634 2040
1119 2201
2201 1259
1259 1520
1259 1769
1520 1233
1520 1718
1233 1099
1099 675
1099 836
675 433
675 21
433 2742
433 2052
2742 1152
1152 87
1152 2141
87 2676
87 2548
2676 701
2676 2182
701 1817
701 2018
1817 661
661 1288
1288 397
397 1267
397 901
1267 243
243 2556
2556 2514
2514 456
2514 282
456 1658
456 644
1658 2473
1658 154
2473 391
391 739
391 2708
739 1234
739 2289
1234 645
645 2271
2271 396
396 172
172 2690
2690 1091
1091 2431
1091 304
2431 2335
2335 2875
2335 2316
2875 1674
2875 1246
1674 1146
1674 229
1146 1191
1146 248
1191 2780
1191 2175
2780 2148
2148 2406
2148 2419
2406 1275
1275 2322
2322 838
2322 262
838 89
89 1080
89 799
1080 2508
2508 111
2508 1498
111 1409
1409 1673
1673 1403
1673 218
1403 2347
1403 1869
2347 2135
2347 272
2135 2398
2135 2255
2398 2298
2398 2574
2298 2598
2598 607
2598 2434
607 696
696 926
696 6
926 2677
2677 831
831 1486
831 2161
1486 2642
1486 1556
2642 1519
1519 1812
1519 2062
1812 671
1812 1577
671 2484
671 2806
2484 972
2484 1964
972 2417
972 2203
2417 1497
2417 2612
1497 1490
1490 1250
1490 1650
1250 1340
1250 1762
1340 1973
1340 651
1973 156
156 1436
156 576
1436 129
129 713
129 569
713 1330
713 1712
1330 1882
1330 1610
1882 2738
2738 2096
2738 962
2096 332
2096 1904
332 766
766 2081
2081 1155
2081 1846
1155 1041
1155 2620
1041 2684
2684 2348
2684 94
2348 1768
2348 1342
1768 538
1768 1430
538 812
538 315
812 1230
812 722
1230 1979
1230 2435
1979 245
245 1225
245 746
1225 65
65 201
201 2632
2632 1818
1818 1662
1662 385
385 1693
1693 1242
1242 977
977 650
977 2797
650 410
650 82
410 729
410 39
729 2402
729 1455
2402 383
383 1154
383 1384
1154 1019
1019 2154
1019 1062
2154 1796
2154 1348
1796 254
1796 1918
254 1462
254 2330
1462 765
1462 170
765 1894
1894 1391
1894 2285
1391 1955
1391 694
1955 2214
1955 271
2214 1361
2214 2229
1361 769
1361 1396
769 333
769 633
333 2050
333 1302
2050 2633
2633 585
2633 149
585 944
944 1791
944 2090
1791 2859
1791 1699
2859 951
2859 2736
951 1789
951 1511
1789 321
321 2352
321 45
2352 2750
2750 1159
2750 1696
1159 441
441 2764
2764 2670
2764 123
2670 2253
2253 2403
2253 2658
2403 805
2403 1941
805 2695
2695 2145
2145 2615
2145 578
2615 2492
2615 1682
2492 2777
2492 1838
2777 1806
1806 1446
1446 1867
1867 555
555 2260
2260 848
2260 276
848 1954
1954 1981
1981 1009
1981 1304
1009 684
684 2368
684 1104
2368 751
751 1780
751 2234
1780 2266
2266 2019
2266 2832
2019 2500
2500 744
744 1472
1472 2444
2444 1892
2444 1679
1892 465
465 1759
1759 721
721 779
721 1331
779 2522
2522 833
2522 547
833 1876
833 79
1876 1025
1876 677
1025 2153
2153 2568
2153 1400
2568 2385
2385 2654
2385 1187
2654 69
69 362
362 1530
1530 1114
1530 529
1114 2438
1114 2219
2438 486
2438 2086
486 2163
2163 788
788 227
227 2212
227 2037
2212 832
2212 1543
832 773
773 1218
773 1
1218 911
1218 2117
911 2331
2331 2146
2331 1541
2146 460
2146 1064
460 672
460 1284
672 2469
2469 2014
2014 1677
2014 810
1677 2773
1677 2098
2773 2012
2012 2649
2012 2534
2649 2811
2649 2174
2811 2494
2811 2365
2494 1003
1003 829
829 2291
2291 33
33 255
255 463
255 1700
463 625
463 1202
625 2704
625 1751
2704 1820
2704 909
1820 409
1820 1875
409 2246
409 2001
2246 2126
2126 1389
2126 293
1389 1000
1000 1600
1000 1953
1600 1962
1600 693
1962 1574
1962 2048
1574 1513
1574 1510
1513 1856
1513 1358
1856 697
697 752
697 1228
752 2463
2463 1478
1478 716
1478 874
716 1204
716 2751
1204 2428
2428 1598
2428 1270
1598 2129
1598 910
2129 185
2129 506
185 1834
185 1476
1834 1895
1895 316
1895 2113
316 2192
2192 23
2192 588
23 997
23 797
997 845
845 1220
845 181
1220 790
1220 2218
790 1450
1450 1345
1450 687
1345 1822
1345 1415
1822 2885
2885 414
2885 423
414 443
414 1337
443 1632
1632 2000
1632 2373
2000 1653
2000 1387
1653 151
1653 2421
151 2504
151 1787
2504 2315
2315 859
859 1480
1480 1089
1089 1235
1235 2159
2159 2694
2159 1022
2694 1779
1779 515
1779 2112
515 1496
1496 1634
1634 1189
1634 1052
1189 1181
1189 1489
1181 2142
1181 767
2142 1456
2142 537
1456 2205
1456 1853
2205 642
2205 1739
642 1122
642 2889
1122 974
974 1752
974 1237
1752 1623
1752 929
1623 1307
1307 1320
1307 1470
1320 885
1320 2540
885 312
312 2459
312 2312
2459 2409
2459 979
2409 991
991 582
582 2535
2535 895
2535 1592
895 2371
2371 2180
2180 1425
1425 509
1425 1364
509 2575
509 2139
2575 144
2575 343
144 1169
144 1760
1169 221
1169 1111
221 1429
221 1229
1429 1601
1601 2208
2208 355
2208 2834
355 70
355 358
70 2027
70 2075
2027 1023
2027 2662
1023 2025
2025 2378
2025 2892
2378 44
44 85
44 50
85 1547
1547 2450
1547 1375
2450 1521
2450 1178
1521 1505
1505 112
112 2028
2028 1196
1196 2237
1196 1555
2237 1120
2237 306
1120 2407
2407 1996
1996 31
31 1243
1243 2226
2226 2853
2226 1937
2853 922
2853 1771
922 960
960 1652
1652 182
1652 510
182 679
679 624
679 1266
624 501
501 470
501 1113
470 2830
470 667
2830 2727
2830 1557
2727 2665
2665 760
2665 685
760 973
973 1280
973 2023
1280 1355
1355 2546
2546 2755
2546 1872
2755 1585
1585 196
1585 1247
196 479
196 2733
479 1736
1736 2553
2553 1324
1324 2317
1324 296
2317 2706
2706 192
2706 51
192 1750
1750 2774
1750 2032
2774 2579
2774 2198
2579 330
2579 2085
330 290
330 2653
290 2103
2103 8
8 2756
2756 2423
2423 1313
2423 363
1313 1117
1117 1627
1117 2585
1627 1833
1833 2808
2808 1239
1239 1205
1239 351
1205 1210
1205 653
1210 903
1210 20
903 1512
903 2397
1512 186
186 2211
2211 2840
2211 1582
2840 1360
2840 2276
1360 2047
1360 177
2047 900
2047 814
900 2453
900 2667
2453 2292
2292 225
225 1487
225 1816
1487 453
1487 1858
453 2862
2862 2786
2786 1793
1793 2078
1793 753
2078 1548
2078 18
1548 2009
1548 705
2009 350
2009 1139
350 2759
2759 1016
1016 2787
1016 1573
2787 2248
2248 613
2248 1499
613 1909
613 2703
1909 2241
1909 459
2241 2243
2241 1566
2243 1880
2243 365
1880 754
754 241
241 2791
241 2599
2791 736
2791 2762
736 2828
736 863
2828 2280
2280 1635
1635 1232
1635 2607
1232 1651
1651 867
867 1066
1066 16
1066 589
16 844
16 1886
844 60
844 1074
60 2524
2524 297
2524 635
297 392
297 1351
392 2067
2067 403
403 1373
403 2346
1373 2610
2610 1794
1794 864
864 2716
2716 1363
1363 888
1363 2092
888 77
888 188
77 992
992 1609
1609 84
84 128
128 1980
128 37
1980 1800
1980 2509
1800 1290
1290 869
869 1795
869 1227
1795 454
1795 1517
454 1475
454 12
1475 104
104 2789
2789 467
467 1335
467 2279
1335 62
1335 1137
62 1484
1484 2360
1484 2249
2360 2498
2498 893
893 1071
1071 1354
1354 1380
1380 1272
1272 2595
2595 1372
2595 2496
1372 1261
1261 2705
2705 1483
1483 2030
2030 1116
2030 381
1116 1514
1514 2710
1514 1685
2710 1039
1039 1766
1039 124
1766 2017
2017 1616
1616 663
663 2660
663 2722
2660 440
440 2384
440 1777
2384 217
2384 1633
217 724
724 1441
1441 708
1441 828
708 2831
708 230
2831 948
948 168
948 2128
168 2345
2345 2554
2345 2391
2554 22
2554 2224
22 743
22 2741
743 606
743 737
606 286
606 2782
286 2362
286 561
2362 2091
2362 1438
2091 2582
2091 1148
2582 825
825 308
825 155
308 935
308 2202
935 2321
935 2807
2321 896
2321 317
896 1138
1138 17
1138 2414
17 2157
2157 1422
2157 2651
1422 1452
1422 1188
1452 2051
1452 2252
2051 1081
2051 817
1081 1158
1081 755
1158 61
61 670
670 577
670 1801
577 2296
2296 1948
1948 2646
1948 2110
2646 43
2646 2821
43 1010
1010 594
1010 289
594 1944
594 219
1944 2405
1944 1149
2405 1193
2405 1031
1193 1464
1464 2150
1464 1861
2150 449
2150 998
449 2771
449 10
2771 950
2771 1408
950 1586
950 2187
1586 28
28 657
657 2328
2328 1051
1051 119
119 1943
1943 889
889 261
889 637
261 2488
2488 143
143 707
143 2297
707 2095
2095 2132
2132 1578
1578 2567
1578 1636
2567 373
373 220
373 1644
220 866
866 692
692 3
692 1030
3 2250
3 2038
2250 242
242 193
242 1804
193 1924
1924 1686
1686 498
498 408
408 1576
408 1404
1576 791
791 1049
791 1359
1049 1745
1049 2503
1745 2639
1745 1615
2639 198
198 1716
198 1688
1716 495
495 1105
495 2258
1105 493
1105 2513
493 2043
493 761
2043 281
281 1740
1740 2745
2745 2625
2745 2814
2625 639
639 1669
639 2874
1669 868
1669 208
868 1336
1336 1236
1336 608
1236 2191
1236 1477
2191 921
921 2687
2687 1936
2687 1144
1936 2275
1936 2699
2275 2119
2275 2678
2119 1142
1142 1295
1295 890
890 141
141 375
141 1050
375 1445
1445 1550
1445 1349
