12 91 426
4 7
7 2
7 3
2 6
6 1
1 8
1 11
8 9
8 5
9 12
9 10
21 57
57 91
57 54
91 70
91 50
70 75
75 62
62 71
71 61
61 33
33 18
33 72
18 66
66 84
84 49
84 63
49 45
45 11
45 73
11 85
11 78
85 14
14 8
14 58
8 35
35 6
6 10
10 42
10 7
42 69
42 40
69 29
29 1
29 4
1 89
89 19
19 22
19 12
22 3
22 86
3 5
5 13
13 46
46 56
46 25
56 81
56 39
81 88
88 87
87 68
68 65
65 23
65 26
23 77
23 34
77 90
77 59
90 80
80 27
27 32
32 36
36 64
64 76
64 9
76 52
52 60
60 47
60 16
47 15
15 2
2 82
82 83
82 67
83 31
31 28
28 17
28 37
17 24
17 48
24 51
24 55
51 30
51 43
30 79
30 38
79 44
44 53
53 41
41 74
74 20
