1 1668 83440
1002 1130
1130 1355
1130 31
1355 1042
1355 460
1042 875
875 928
875 1542
928 1363
1363 41
41 558
41 1433
558 436
436 74
436 631
74 1501
74 158
1501 408
1501 1475
408 441
441 862
862 762
762 782
782 480
782 1039
480 82
480 395
82 1359
82 340
1359 72
1359 500
72 992
72 883
992 610
992 1019
610 626
610 1456
626 1029
626 1076
1029 676
1029 1506
676 523
676 865
523 349
523 1416
349 1066
349 1649
1066 1440
1440 1336
1336 377
1336 1000
377 724
724 681
724 7
681 901
901 499
901 1269
499 658
499 1604
658 1312
1312 1303
1303 548
1303 924
548 942
548 1005
942 527
942 954
527 1089
1089 1155
1089 1164
1155 642
1155 667
642 1319
642 159
1319 490
1319 485
490 1128
490 98
1128 553
553 1598
1598 1268
1598 290
1268 315
315 418
418 894
894 20
20 1159
1159 1163
1163 1311
1311 1261
1261 1422
1422 800
800 92
800 342
92 655
655 820
820 1448
1448 462
1448 988
462 1495
1495 812
1495 361
812 265
265 1537
1537 542
542 1398
1398 84
84 293
84 1407
293 679
293 507
679 133
679 1048
133 208
133 1478
208 590
590 909
590 1443
909 1413
909 955
1413 1667
1413 1278
1667 24
24 1264
24 1021
1264 44
44 173
173 1546
1546 1197
1546 88
1197 1446
1446 1150
1446 1178
1150 656
656 444
656 375
444 682
444 106
682 600
600 216
216 65
216 351
65 1473
65 1543
1473 71
1473 430
71 775
775 617
617 275
275 1305
1305 1386
1386 233
1386 1646
233 52
52 370
370 1117
370 288
1117 374
374 739
739 1247
1247 1552
1552 605
1552 896
605 95
95 185
95 1272
185 891
185 1073
891 1571
891 1226
1571 1174
1571 551
1174 1065
1174 204
1065 284
1065 953
284 126
284 602
126 1032
1032 391
391 247
391 651
247 906
247 961
906 428
906 402
428 836
428 895
836 1204
1204 1153
1204 1
1153 266
1153 1142
266 1489
266 1262
1489 1288
1288 1561
1561 743
1561 10
743 168
168 156
156 991
991 541
541 1158
541 1594
1158 912
1158 521
912 1512
912 802
1512 1238
1238 897
897 36
897 719
36 1125
1125 694
1125 1077
694 1534
694 858
1534 948
948 1188
1188 49
49 1431
49 1347
1431 1291
1431 301
1291 1231
1291 834
1231 254
1231 67
254 1088
1088 789
789 141
141 978
141 1569
978 1327
1327 242
242 1326
1326 534
1326 1610
534 746
746 649
649 1606
649 196
1606 1497
1606 9
1497 1354
1354 914
1354 1596
914 1254
1254 219
219 533
533 481
533 1642
481 831
481 1140
831 587
587 725
587 582
725 1070
725 362
1070 101
101 1008
1008 797
797 169
169 192
169 308
192 1168
192 455
1168 1135
1135 781
1135 1060
781 1409
1409 1145
1145 913
913 526
526 1111
526 1251
1111 477
477 1260
1260 1325
1325 1560
1325 616
1560 577
577 1514
1514 138
1514 768
138 793
793 1602
1602 662
1602 116
662 816
816 1093
1093 1194
1194 1190
1190 1136
1136 1224
1136 1639
1224 935
935 1344
1344 39
39 155
39 1350
155 8
155 852
8 152
8 78
152 777
777 297
777 759
297 246
246 1199
1199 1651
1199 215
1651 958
958 1408
958 1361
1408 6
1408 1369
6 1069
6 528
1069 545
545 4
4 1481
1481 505
505 1620
505 172
1620 599
1620 55
599 763
763 1591
1591 1084
1084 1513
1513 373
1513 1635
373 255
255 937
937 250
937 410
250 686
250 624
686 1134
686 604
1134 1554
1134 1662
1554 973
1554 450
973 595
973 535
595 1378
1378 1221
1221 1176
1221 1287
1176 1467
1467 160
160 1010
1010 755
1010 1664
755 663
663 303
303 1170
1170 703
703 281
703 867
281 826
826 1334
826 1139
1334 1280
1280 1545
1545 486
1545 1127
486 280
486 1522
280 504
280 1372
504 417
417 310
417 675
310 347
347 734
734 274
734 660
274 263
274 335
263 134
263 821
134 1462
134 784
1462 761
1462 1193
761 1018
761 621
1018 473
473 111
473 144
111 48
111 320
48 776
48 1477
776 1589
776 969
1589 1296
1589 986
1296 1342
1296 594
1342 11
1342 677
11 842
842 464
842 888
464 596
464 1636
596 1243
596 1412
1243 934
1243 61
934 1256
934 337
1256 104
1256 1509
104 1118
1118 932
1118 1661
932 43
932 1449
43 434
434 1441
1441 1539
1539 1049
1539 465
1049 494
1049 1523
494 93
93 1645
93 1632
1645 885
1645 963
885 652
885 1152
652 1618
652 194
1618 256
256 661
256 113
661 931
661 1290
931 540
931 457
540 96
540 147
96 1212
1212 12
1212 701
12 806
806 15
806 292
15 1154
15 825
1154 557
1154 1525
557 188
188 1511
188 1558
1511 1233
1233 1183
1233 327
1183 1472
1183 223
1472 177
1472 502
177 1308
177 330
1308 741
741 287
287 627
627 1650
627 332
1650 1367
1650 416
1367 70
70 451
451 1617
451 903
1617 229
1617 146
229 747
229 993
747 966
747 390
966 529
966 77
529 592
529 467
592 1471
1471 1072
1072 103
1072 1521
103 456
103 688
456 1062
456 108
1062 1223
1062 419
1223 296
1223 1557
296 902
296 463
902 1242
902 1143
1242 414
414 238
238 1317
1317 721
721 930
721 120
930 212
212 1200
1200 967
1200 693
967 53
967 1626
53 586
53 469
586 857
857 271
271 1036
1036 202
202 1187
202 838
1187 1087
1087 1122
1087 1195
1122 740
740 517
740 1581
517 878
517 513
878 554
878 239
554 1249
1249 650
650 244
244 1444
1444 1263
1263 539
539 824
539 405
824 990
824 1466
990 696
696 321
696 925
321 1396
321 227
1396 1631
1396 224
1631 918
918 1638
918 400
1638 1027
1638 83
1027 448
1027 846
448 690
690 1621
690 1234
1621 1180
1621 1658
1180 1333
1333 343
1333 3
343 515
343 1364
515 1107
515 1395
1107 864
1107 1314
864 1625
1625 1237
1237 76
1237 876
76 853
853 1099
1099 493
493 1417
493 385
1417 129
129 1429
1429 164
1429 697
164 568
164 1198
568 1116
1116 670
670 905
670 1637
905 1208
905 1611
1208 915
915 1137
915 1282
1137 1595
1137 1185
1595 1274
1274 1255
1255 1275
1255 348
1275 1536
1536 910
910 1006
1006 744
744 1423
744 1182
1423 1225
1423 406
1225 1245
1225 501
1245 1095
1245 772
1095 38
38 1040
38 17
1040 1276
1040 1623
1276 1587
1276 482
1587 356
1587 779
356 709
356 21
709 1315
1315 319
319 881
319 684
881 175
881 1097
175 1583
175 396
1583 1053
1583 1365
1053 376
1053 583
376 512
512 640
512 683
640 449
640 56
449 445
449 298
445 764
764 203
764 792
203 1228
203 13
1228 1001
1228 549
1001 438
1001 1286
438 1572
438 1641
1572 1600
1600 429
1600 790
429 742
742 1526
742 187
1526 283
1526 728
283 603
283 1400
603 1438
1438 1366
1366 1584
1584 773
773 1383
1383 855
855 382
855 1235
382 1510
382 1131
1510 738
738 511
738 1531
511 1403
511 1211
1403 232
1403 225
232 1246
232 971
1246 253
1246 495
253 620
253 1030
620 218
218 286
286 439
286 323
439 403
403 1375
403 1285
1375 1109
1375 890
1109 313
313 289
313 689
289 1205
1205 810
810 1323
810 476
1323 1608
1608 142
142 1085
1085 130
1085 1252
130 1112
130 977
1112 828
828 178
178 669
178 1616
669 880
880 646
646 1297
1297 856
1297 573
856 1102
856 1640
1102 722
722 468
722 727
468 99
99 1132
99 148
1132 1597
1597 636
1597 47
636 1655
1655 1201
1201 1090
1201 1654
1090 1289
1289 1120
1289 1387
1120 100
1120 628
100 1172
1172 270
270 580
270 1499
580 1391
1391 23
1391 1299
23 726
23 1031
726 791
726 713
791 1306
1306 851
851 565
565 1644
565 357
1644 780
1644 756
780 424
424 354
354 945
945 657
657 597
657 1576
597 737
737 1418
737 938
1418 90
90 475
90 947
475 1013
1013 1035
1013 1476
1035 1549
1035 1071
1549 1643
1549 1165
1643 1091
1643 380
1091 1184
1091 140
1184 69
1184 176
69 550
69 131
550 285
285 1186
285 157
1186 900
900 170
170 965
965 73
965 300
73 680
680 426
426 1061
1061 1033
1033 1104
1033 432
1104 399
1104 1630
399 1541
399 22
1541 1633
1633 1482
1633 1017
1482 488
488 949
488 574
949 1239
949 753
1239 443
443 1425
443 1169
1425 1567
1567 664
1567 929
664 1385
1385 717
717 150
717 868
150 474
150 433
474 1353
474 307
1353 559
1353 317
559 1307
559 518
1307 1445
1445 839
839 91
839 1393
91 845
91 1177
845 519
519 420
519 1505
420 388
388 393
393 381
393 538
381 1189
1189 1098
1098 1074
1074 1550
1550 171
171 484
171 508
484 985
484 398
985 1500
1500 51
51 1551
51 305
1551 765
765 994
765 1613
994 745
745 525
525 712
525 1379
712 1381
1381 251
251 299
299 1270
299 570
1270 79
79 1068
1068 844
844 161
161 749
749 564
564 872
564 206
872 295
872 125
295 291
295 137
291 578
578 496
578 830
496 1578
496 279
1578 1162
1578 804
1162 1218
1218 112
1218 117
112 1080
1080 801
1080 180
801 1279
801 1402
1279 751
751 531
531 956
956 711
711 936
711 1064
936 268
936 1498
268 461
268 1574
461 431
431 1301
1301 1215
1215 907
1215 1219
907 643
907 933
643 817
817 1058
817 1284
1058 1056
1056 1491
1056 371
1491 231
231 257
257 123
123 487
123 707
487 706
487 458
706 63
706 618
63 510
510 29
510 14
29 240
29 1331
240 981
981 1003
1003 278
278 459
459 1553
459 921
1553 262
1553 964
262 1229
1229 970
1229 30
970 1339
1339 975
1339 1300
975 1411
1411 757
1411 1209
757 1141
1141 50
50 363
50 1146
363 350
350 1668
350 1313
1668 411
1668 422
411 1619
411 46
1619 803
1619 1562
803 1492
803 412
1492 1601
1601 980
980 972
972 413
972 1394
413 389
389 189
389 368
189 1283
1283 58
1283 1133
58 306
306 731
731 174
731 998
174 197
197 1024
1024 1156
1024 1451
1156 1647
1156 483
1647 57
1647 822
57 269
269 1259
1259 522
522 869
869 364
869 1414
364 798
364 329
798 492
492 64
492 1399
64 222
222 1129
222 314
1129 841
841 783
841 687
783 730
783 887
730 1494
730 827
1494 1659
1494 209
1659 221
1659 1011
221 85
221 1376
85 1582
1582 1253
1582 166
1253 1148
1253 201
1148 1570
1570 167
1570 1173
167 1214
1214 105
105 359
359 1351
359 556
1351 1054
1054 1055
1055 1292
1292 811
811 543
811 552
543 520
543 1330
520 1548
1548 695
695 1426
695 230
1426 1504
1426 1488
1504 794
1504 1266
794 805
794 378
805 1113
805 252
1113 1605
1113 979
1605 1357
1357 718
1357 1362
718 567
567 1302
1302 982
982 1470
982 1503
1470 136
1470 1532
136 334
136 68
334 80
334 946
80 1149
1149 1603
1603 1486
1486 922
1486 1479
922 338
338 579
338 109
579 1568
1568 1517
1568 849
1517 365
365 884
365 732
884 132
884 983
132 1009
1009 644
644 366
644 1192
366 1487
1487 45
1487 1404
45 758
758 1207
1207 153
1207 447
153 976
976 87
976 678
87 700
700 653
700 1220
653 1463
653 645
1463 710
710 1656
1656 807
1656 1161
807 774
807 311
774 591
774 318
591 1236
1236 1320
1236 514
1320 260
1320 1101
260 1171
1171 503
503 1544
503 1663
1544 1564
1544 733
1564 1115
1564 1044
1115 119
119 466
119 702
466 1100
466 1529
1100 685
1100 1335
685 638
685 814
638 555
638 879
555 309
309 479
309 1360
479 808
479 771
808 236
808 437
236 769
769 1318
769 1474
1318 823
823 491
823 294
491 674
491 333
674 1524
674 1265
1524 1041
1524 2
1041 1377
1041 544
1377 127
1377 326
127 328
127 1213
328 572
328 1045
572 506
506 1384
1384 904
904 145
904 1435
145 1106
145 183
1106 611
611 191
191 1281
191 659
1281 1580
1281 446
1580 1439
1580 1304
1439 588
588 1483
588 1612
1483 35
1483 571
35 576
35 1338
576 122
576 199
122 1437
122 606
1437 1430
1437 107
1430 623
623 261
623 1599
261 716
716 1390
1390 951
1390 889
951 1447
951 1081
1447 401
1447 995
401 1432
1432 1622
1622 358
358 59
59 829
59 1455
829 336
829 1191
336 1138
336 237
1138 184
184 1309
1309 563
563 435
563 1468
435 720
720 248
720 1590
248 1020
248 181
1020 1166
1166 537
1166 584
537 1103
537 795
1103 619
619 1179
619 1175
1179 81
1179 1147
81 859
81 629
859 355
355 1436
355 195
1436 647
647 1392
1392 799
1392 1406
799 379
799 1405
379 1480
1480 1063
1063 1232
1063 264
1232 673
1232 1241
673 1310
1310 1424
1310 1469
1424 960
1424 547
960 60
60 625
625 440
625 788
440 220
440 497
220 1518
220 1345
1518 530
1518 1592
530 86
530 1217
86 1340
1340 705
1340 1328
705 1493
705 874
1493 1298
1493 1067
1298 1273
1298 1079
1273 941
1273 1586
941 1160
1160 1121
1160 950
1121 1025
1121 609
1025 654
654 387
387 16
16 1294
1294 165
165 1614
165 561
1614 1593
1614 1110
1593 1459
1459 1267
1267 1343
1343 1515
1515 1380
1380 226
226 37
37 1050
1050 850
850 1368
850 1615
1368 421
1368 1059
421 926
421 198
926 1653
926 97
1653 341
341 886
886 1579
886 524
1579 1371
1371 277
277 750
277 367
750 1609
1609 1108
1108 1346
1346 27
1346 666
27 1516
1516 835
835 312
312 228
312 959
228 1322
228 149
1322 210
1322 392
210 1465
210 1533
1465 1520
1520 383
1520 54
383 1450
383 94
1450 974
974 1629
974 770
1629 952
952 452
952 1316
452 470
470 1660
470 1271
1660 691
691 124
124 331
331 1329
1329 1196
1196 870
1196 665
870 1556
1556 920
1556 423
920 748
920 26
748 344
748 324
344 943
344 1337
943 114
114 1028
1028 1349
1349 819
1349 249
819 873
819 243
873 190
190 33
33 767
767 1144
767 809
1144 546
546 1083
1083 917
917 1648
917 427
1648 785
785 1227
1227 234
234 353
353 861
353 1563
861 899
899 939
899 882
939 1585
939 1458
1585 601
1585 415
601 837
601 1565
837 471
837 404
471 259
259 1293
259 1157
1293 968
1293 698
968 1555
968 916
1555 560
1555 1248
560 1082
1082 1094
1082 1092
1094 723
1094 1628
723 1341
723 860
1341 1114
1341 622
1114 1401
1401 1043
1401 1037
1043 205
1043 877
205 575
205 699
575 42
42 454
42 996
454 1258
454 1627
1258 1016
1258 692
1016 276
276 1181
1181 911
1181 1575
911 267
267 1358
267 589
1358 1484
1484 1324
1484 1388
1324 1096
1096 1634
1096 1119
1634 339
339 115
339 1202
115 833
833 1460
1460 245
1460 1047
245 32
32 1348
1348 613
1348 207
613 25
613 818
25 121
121 1485
121 1295
1485 1075
1075 760
760 997
760 752
997 409
409 585
585 1434
585 944
1434 908
908 325
325 1038
325 1373
1038 1078
1038 1452
1078 566
566 509
566 472
509 1052
1052 766
766 425
425 1123
1123 848
1123 704
848 840
848 1573
840 729
729 128
729 1490
128 235
128 778
235 322
322 369
369 633
369 179
633 1461
633 1508
1461 1382
1382 139
1382 927
139 1352
139 66
1352 5
5 316
5 989
316 813
316 360
813 1547
1547 532
532 1167
532 1023
1167 217
1167 258
217 786
786 962
786 1453
962 787
962 1216
787 1657
1657 102
102 536
536 1427
536 272
1427 442
1427 407
442 1577
1577 641
641 923
923 1540
1540 162
162 186
162 632
186 1421
1421 1332
1332 1624
1624 28
28 940
940 1420
1420 1046
1420 598
1046 957
1046 863
957 1535
1535 1250
1250 635
635 987
987 1389
1389 854
854 708
854 241
708 1206
1206 1666
1206 668
1666 715
1666 1244
715 394
715 1507
394 1454
1454 637
637 1007
637 273
1007 304
1007 898
304 1528
1528 672
672 498
672 1051
498 1126
498 1538
1126 1210
1210 143
143 345
345 151
345 1022
151 919
151 612
919 1105
1105 182
182 1034
1034 999
999 1464
999 714
1464 569
1464 608
569 614
569 62
614 736
736 19
736 1004
19 593
593 648
648 75
648 372
75 1240
75 1527
1240 1257
1240 89
1257 735
735 843
735 1277
843 118
118 397
397 1410
1410 1230
1410 18
1230 1124
1230 1607
1124 1222
1222 282
282 1012
282 1419
1012 754
1012 1086
754 1519
754 346
1519 634
634 40
40 386
386 214
386 1151
214 607
607 193
607 581
193 1203
1203 1566
1203 1665
1566 847
847 1652
1652 562
1652 630
562 1015
1015 1014
1014 1415
1415 1356
1415 1457
1356 832
1356 1026
832 815
832 453
815 639
639 1428
1428 1370
1370 489
1370 984
489 1057
1057 1502
1057 1321
1502 200
200 352
352 796
796 1588
796 154
1588 135
1588 516
135 110
135 1559
110 615
110 893
615 871
871 671
671 1374
1374 1530
1374 34
1530 211
1530 478
211 1397
211 302
1397 866
1397 892
866 163
866 1442
163 1496
163 384
1496 213
