2 855 46826
2 1
99 801
99 252
801 217
217 68
68 266
266 39
39 433
39 131
433 158
433 67
158 721
158 163
721 137
137 442
137 101
442 677
677 648
648 381
381 293
381 304
293 407
293 431
407 56
56 593
593 44
44 40
40 338
338 831
338 322
831 90
831 376
90 803
803 167
803 109
167 817
817 302
817 441
302 122
302 347
122 599
122 209
599 617
617 208
617 307
208 50
208 344
50 395
50 503
395 620
395 498
620 215
215 174
215 359
174 9
174 105
9 676
9 30
676 312
312 422
422 772
772 787
787 2
2 561
2 528
561 204
561 126
204 24
24 18
18 515
515 563
515 581
563 117
563 773
117 815
815 436
815 834
436 750
750 225
750 595
225 95
225 180
95 614
95 14
614 622
622 229
229 430
229 703
430 552
430 769
552 289
552 814
289 79
289 258
79 418
418 454
418 704
454 519
454 698
519 366
366 621
621 812
812 729
812 115
729 144
729 103
144 810
144 697
810 705
810 392
705 214
214 662
662 185
185 460
460 768
768 471
471 465
471 607
465 112
112 354
354 667
667 303
303 202
202 819
819 47
47 604
604 541
541 410
541 792
410 813
410 374
813 804
813 190
804 367
804 753
367 353
353 178
178 27
27 108
108 383
108 688
383 742
742 795
742 336
795 319
795 627
319 12
12 789
12 506
789 143
789 398
143 439
143 397
439 292
439 602
292 281
292 91
281 623
281 632
623 601
601 696
696 139
139 556
139 71
556 489
489 548
548 529
529 368
529 210
368 211
368 638
211 160
160 771
160 227
771 554
554 464
464 25
25 247
247 525
525 785
525 590
785 741
741 100
100 148
100 636
148 847
847 106
847 133
106 774
774 92
92 168
168 457
168 60
457 62
457 245
62 509
509 644
644 626
626 96
96 681
96 818
681 246
246 793
246 276
793 653
653 760
653 586
760 232
760 233
232 822
232 234
822 403
822 558
403 290
290 537
537 259
259 538
259 751
538 77
77 745
745 243
243 738
738 752
752 672
672 655
672 76
655 352
352 257
257 544
257 765
544 224
224 380
224 695
380 118
118 570
570 764
764 481
764 45
481 654
481 484
654 299
299 54
54 546
546 686
686 770
686 735
770 668
668 833
668 145
833 123
123 64
64 111
111 631
631 649
631 195
649 356
356 375
356 808
375 349
349 853
853 362
853 520
362 240
362 102
240 43
43 641
43 429
641 162
162 157
157 468
468 238
238 577
577 756
756 445
756 711
445 66
66 328
66 440
328 776
776 666
666 707
707 201
201 415
415 826
826 423
826 57
423 624
624 536
624 72
536 52
536 837
52 669
669 53
669 339
53 780
53 8
780 470
780 730
470 522
470 761
522 692
522 615
692 587
587 657
657 28
657 284
28 371
28 11
371 687
371 799
687 633
687 382
633 389
389 479
389 597
479 588
479 567
588 513
513 309
309 396
309 273
396 390
390 280
390 161
280 839
280 132
839 318
839 542
318 149
318 26
149 569
149 184
569 605
605 421
421 187
421 691
187 120
120 386
120 794
386 23
386 610
23 612
612 744
612 582
744 820
820 727
727 702
727 291
702 532
702 351
532 512
512 267
267 838
838 747
747 517
517 324
324 583
583 265
265 718
265 32
718 412
718 775
412 700
700 448
448 404
448 134
404 497
497 713
497 674
713 300
300 637
300 316
637 533
533 93
93 171
171 456
171 499
456 97
456 714
97 373
97 231
373 658
373 315
658 334
658 235
334 625
334 616
625 55
55 237
237 566
237 333
566 841
841 15
841 310
15 127
127 848
127 754
848 51
51 591
51 645
591 335
591 425
335 379
379 836
836 3
836 169
3 850
850 725
725 81
725 757
81 363
81 413
363 652
363 286
652 136
652 540
136 585
585 59
59 766
59 305
766 791
766 663
791 491
791 272
491 854
854 360
854 469
360 70
360 466
70 5
5 61
61 88
61 493
88 275
275 643
275 502
643 35
643 287
35 675
35 370
675 378
378 504
504 664
664 473
473 781
781 840
840 461
461 486
461 434
486 740
486 181
740 715
715 130
715 388
130 29
29 129
29 6
129 183
183 526
526 177
177 572
177 37
572 592
592 451
592 816
451 797
451 661
797 301
797 153
301 260
260 514
260 308
514 565
514 298
565 719
565 114
719 828
719 424
828 21
21 408
21 476
408 10
408 784
10 33
33 135
33 733
135 679
679 455
455 459
459 321
459 560
321 511
321 31
511 629
511 156
629 236
236 78
236 86
78 844
78 783
844 391
844 709
391 87
391 164
87 297
297 580
297 262
580 684
684 755
755 401
755 635
401 399
399 762
762 444
762 248
444 706
706 608
608 194
194 41
41 576
41 550
576 708
576 543
708 553
708 155
553 220
553 573
220 665
665 630
630 274
630 186
274 474
474 619
474 216
619 341
619 759
341 527
341 326
527 508
508 598
598 279
598 7
279 603
279 796
603 809
603 212
809 830
809 507
830 270
830 271
270 142
270 121
142 314
314 647
314 159
647 821
647 191
821 141
821 420
141 250
141 36
250 357
357 228
228 852
228 428
852 13
852 4
13 634
13 104
634 547
547 330
547 82
330 843
843 116
116 650
116 659
650 478
650 170
478 571
478 345
571 46
571 490
46 447
447 179
447 38
179 323
323 355
323 482
355 535
355 518
535 346
535 720
346 200
346 723
200 673
200 611
673 251
673 317
251 660
660 578
578 16
16 166
16 365
166 147
147 746
147 213
746 689
689 724
724 58
58 671
671 151
151 331
331 782
331 832
782 562
782 579
562 699
699 249
699 494
249 348
249 501
348 182
348 244
182 332
332 463
332 138
463 221
463 256
221 728
221 545
728 693
693 20
20 226
226 199
226 327
199 84
199 534
84 369
84 462
369 505
505 193
505 98
193 798
193 639
798 600
798 492
600 758
600 411
758 19
758 173
19 656
19 767
656 393
393 802
802 477
477 188
188 288
188 450
288 680
680 435
435 83
435 406
83 268
83 690
268 320
320 574
574 568
568 165
165 835
835 48
48 417
417 80
80 609
80 748
609 409
609 717
409 125
125 242
125 189
242 846
846 17
17 264
17 736
264 777
777 154
154 800
800 732
732 472
472 405
472 452
405 779
779 296
779 113
296 495
495 269
269 559
559 394
559 107
394 85
85 278
85 790
278 427
427 788
788 150
788 34
150 485
150 823
485 606
485 241
606 487
606 811
487 49
49 651
651 385
385 306
385 734
306 124
306 731
124 175
124 824
175 524
175 500
524 446
524 483
446 239
446 807
239 426
239 358
426 377
426 726
377 467
377 219
467 613
613 63
613 329
63 829
63 110
829 73
73 325
73 640
325 682
325 196
682 372
682 521
372 685
372 295
685 128
685 480
128 207
207 551
551 152
152 531
531 197
197 739
197 825
739 589
739 458
589 683
683 254
683 584
254 311
254 384
311 646
646 722
646 475
722 488
722 743
488 340
340 763
763 192
192 628
628 387
628 285
387 496
496 516
496 65
516 89
516 594
89 749
749 119
749 94
119 74
74 1
74 222
1 283
283 842
842 255
255 414
255 313
414 400
400 230
230 69
230 146
69 42
42 453
453 845
453 827
845 198
845 539
198 402
402 564
402 849
564 678
678 438
438 277
277 419
419 261
261 263
261 670
263 737
263 343
737 205
737 342
205 203
205 176
203 443
443 432
443 716
432 851
851 510
851 618
510 575
575 416
575 701
416 350
350 805
350 449
805 712
805 223
712 206
206 22
22 337
337 361
337 75
361 642
361 530
642 710
710 523
523 253
523 596
253 282
282 555
282 364
555 778
555 294
778 140
778 694
140 549
549 218
549 172
218 806
218 786
806 557
557 437
437 855
