18 1425 5916152
9 7
9 11
7 6
7 5
6 16
16 18
18 4
4 15
15 17
15 12
17 14
14 1
1 10
10 13
10 8
13 2
13 3
1125 199
199 398
398 222
222 690
690 831
690 1276
831 1154
831 1126
1154 982
982 646
646 824
646 680
824 1371
1371 48
1371 357
48 333
48 160
333 236
333 557
236 1312
236 760
1312 1025
1025 637
1025 1232
637 302
302 1001
1001 148
148 344
344 53
53 644
644 893
893 1263
893 392
1263 1116
1116 734
734 957
957 1317
1317 616
616 879
616 944
879 1247
1247 1011
1247 202
1011 629
629 816
816 929
929 1361
929 192
1361 1117
1117 1343
1117 366
1343 254
254 480
254 809
480 1137
1137 327
1137 294
327 443
443 1352
1352 268
1352 1176
268 210
268 693
210 66
66 783
66 1325
783 802
783 1065
802 995
995 496
995 124
496 1174
1174 434
434 630
434 32
630 950
950 1071
950 563
1071 170
1071 129
170 1268
170 1262
1268 1334
1268 471
1334 1053
1053 662
662 877
662 196
877 1315
1315 905
905 320
320 1069
320 188
1069 311
311 756
756 919
756 164
919 1408
919 478
1408 168
168 362
362 1147
1147 711
1147 1194
711 833
711 1257
833 499
499 22
22 1292
1292 714
714 1010
1010 791
791 977
791 1079
977 270
270 1099
270 271
1099 1061
1061 909
909 1163
909 1366
1163 676
1163 615
676 231
676 131
231 1362
1362 738
738 731
738 1007
731 470
470 1038
470 1120
1038 1302
1038 699
1302 1296
1296 1208
1296 1288
1208 994
1208 530
994 678
678 604
678 1330
604 597
604 1151
597 1113
597 82
1113 1214
1214 981
1214 40
981 608
608 438
608 1042
438 99
438 1242
99 869
99 1199
869 235
869 215
235 211
235 69
211 356
356 996
996 243
243 885
885 51
51 612
612 1170
1170 983
983 1381
1381 970
1381 282
970 1339
970 173
1339 921
921 545
921 739
545 638
638 858
858 365
858 789
365 135
135 1341
1341 984
1341 264
984 1016
1016 14
14 1103
14 641
1103 289
1103 845
289 1124
1124 347
1124 501
347 1216
347 757
1216 754
754 463
754 314
463 907
907 687
687 920
920 1358
1358 428
1358 986
428 1398
1398 830
1398 351
830 386
830 721
386 183
183 180
183 581
180 205
180 1252
205 1280
1280 359
359 874
874 1008
1008 657
1008 551
657 724
724 878
724 634
878 525
525 672
672 497
672 708
497 1085
1085 380
1085 269
380 335
380 280
335 246
335 1354
246 1136
246 308
1136 261
1136 1049
261 29
29 401
29 142
401 60
401 1348
60 1207
60 691
1207 260
260 418
260 1033
418 169
418 923
169 503
169 701
503 1036
1036 273
1036 256
273 912
273 77
912 1256
912 603
1256 437
437 755
437 840
755 360
360 1157
360 759
1157 391
1157 1395
391 1132
1132 1020
1132 1307
1020 1146
1146 1031
1031 1415
1415 675
1415 911
675 569
569 37
569 323
37 654
654 538
654 517
538 864
864 27
27 447
27 782
447 1374
1374 1384
1384 193
1384 413
193 689
689 45
689 697
45 567
567 963
567 1162
963 1106
963 30
1106 7
7 605
7 1221
605 941
605 330
941 752
752 216
752 1319
216 661
661 1349
661 1376
1349 621
1349 828
621 1088
621 206
1088 1258
1258 698
698 1364
698 513
1364 383
383 590
383 230
590 224
224 775
775 1253
1253 453
453 266
266 744
744 522
744 223
522 1059
522 1264
1059 1168
1059 291
1168 850
850 377
377 322
322 774
322 286
774 523
774 417
523 703
523 1017
703 948
703 619
948 272
948 748
272 52
52 239
52 718
239 1108
239 666
1108 954
954 1032
954 1267
1032 980
980 247
247 700
700 671
700 685
671 751
671 429
751 673
751 694
673 1093
1093 33
33 111
111 868
868 1286
868 317
1286 1365
1365 745
745 1068
1068 349
349 337
337 71
337 1337
71 735
71 1078
735 1193
1193 653
1193 945
653 626
626 1192
626 433
1192 570
570 1057
1057 647
1057 233
647 709
709 1385
1385 790
790 1403
1403 771
1403 747
771 1389
1389 665
1389 812
665 487
665 234
487 200
200 1233
1233 290
1233 663
290 47
47 171
47 526
171 1066
1066 829
829 801
829 88
801 343
801 1195
343 820
820 1005
1005 1014
1014 1301
1301 595
1301 769
595 1109
1109 326
1109 606
326 889
889 914
914 1254
1254 1179
1254 1231
1179 157
157 104
157 240
104 539
539 1119
539 207
1119 710
710 324
324 1024
1024 1421
1421 279
279 1402
1402 562
562 448
448 655
655 373
373 1180
373 190
1180 12
12 1150
1150 352
352 374
352 903
374 659
374 819
659 564
659 1070
564 312
564 284
312 427
427 1420
1420 412
412 797
412 49
797 736
736 532
532 860
860 426
426 105
426 593
105 388
105 993
388 664
388 1111
664 332
664 479
332 652
332 823
652 485
485 68
68 633
633 825
633 985
825 1178
1178 1360
1360 123
123 635
123 1314
635 469
635 301
469 481
469 861
481 1114
481 457
1114 319
1114 1188
319 237
237 1047
237 378
1047 576
1047 927
576 1055
576 144
1055 15
15 596
15 534
596 153
596 227
153 19
19 832
832 376
832 1265
376 1041
1041 18
18 1347
18 1081
1347 843
843 62
843 524
62 1051
62 1048
1051 847
847 455
455 277
455 623
277 990
990 610
990 415
610 1100
610 299
1100 26
26 1224
26 800
1224 682
682 540
682 81
540 488
488 1251
488 753
1251 992
1251 218
992 1200
992 155
1200 1316
1200 76
1316 848
848 1422
1422 1295
1422 1409
1295 316
316 31
316 198
31 1149
31 444
1149 580
580 384
384 28
28 918
918 1012
918 928
1012 368
368 1260
368 688
1260 951
951 25
951 1009
25 1156
1156 896
1156 1393
896 292
292 130
292 305
130 345
130 178
345 492
345 449
492 217
217 1074
1074 191
1074 1140
191 295
191 989
295 1153
1153 1333
1333 253
1333 1121
253 1129
1129 309
1129 1344
309 706
309 1013
706 851
851 86
851 406
86 679
679 226
679 967
226 947
226 1056
947 969
969 126
126 728
728 821
728 436
821 459
459 1092
1092 895
1092 11
895 1040
895 505
1040 1090
1090 17
17 742
742 631
742 1394
631 1000
1000 1401
1401 1167
1167 613
1167 962
613 375
613 472
375 758
758 414
758 681
414 611
611 41
611 1212
41 519
41 287
519 696
519 402
696 632
696 1373
632 1138
632 1196
1138 97
97 93
97 1133
93 723
93 1035
723 1198
723 1171
1198 1378
1198 445
1378 792
792 348
792 1271
348 561
348 1235
561 162
162 477
477 379
477 512
379 1283
379 1269
1283 972
972 1015
1015 441
1015 175
441 966
966 651
966 784
651 746
746 1377
1377 36
36 900
36 1169
900 1027
900 1217
1027 788
1027 601
788 1083
788 100
1083 34
1083 1234
34 750
34 1297
750 1359
750 507
1359 1201
1201 195
195 307
195 1391
307 145
145 141
141 550
141 1067
550 109
550 430
109 1227
1227 964
1227 1
964 834
964 952
834 560
560 1328
560 798
1328 411
411 92
92 1112
1112 537
537 113
537 1336
113 732
732 1290
732 55
1290 618
618 341
341 852
341 61
852 263
263 70
263 1135
70 1226
70 425
1226 1313
1226 262
1313 405
405 158
405 552
158 880
158 1094
880 587
880 354
587 238
238 486
486 1218
486 1284
1218 863
863 329
329 727
329 249
727 1165
1165 83
83 1130
83 293
1130 1423
1423 862
862 208
862 704
208 508
508 1406
508 1115
1406 794
794 38
38 419
38 1345
419 5
5 397
397 846
846 1077
1077 817
817 579
817 355
579 1310
579 315
1310 1372
1310 1210
1372 1412
1412 518
1412 1387
518 63
518 973
63 466
466 363
466 1087
363 854
854 435
854 991
435 1044
1044 1270
1044 930
1270 1145
1145 1148
1145 1425
1148 91
91 46
46 787
787 213
787 979
213 566
566 884
884 1063
1063 516
1063 890
516 1368
516 452
1368 1229
1229 464
464 423
423 583
583 1110
583 740
1110 87
1110 510
87 555
87 1006
555 799
799 1239
799 1203
1239 78
78 1356
1356 442
442 668
668 118
118 103
103 424
103 1089
424 495
424 946
495 835
835 574
835 865
574 149
149 461
461 338
461 1127
338 367
367 328
367 1380
328 515
328 1213
515 283
515 528
283 1363
1363 639
1363 588
639 1414
1414 396
1414 873
396 856
856 1037
1037 1342
1037 1160
1342 59
59 958
59 598
958 439
958 1353
439 1098
439 489
1098 336
336 1096
336 971
1096 805
1096 446
805 749
749 826
826 1018
1018 1158
1158 1355
1158 1388
1355 278
278 917
278 780
917 146
146 16
146 531
16 541
16 454
541 102
102 1073
102 416
1073 535
535 387
535 1324
387 586
586 408
586 228
408 649
649 844
649 1249
844 80
80 214
214 1379
1379 140
1379 407
140 159
159 85
85 1101
85 777
1101 1152
1101 1181
1152 229
229 255
229 870
255 1367
1367 548
548 669
548 165
669 151
669 1184
151 1029
151 421
1029 42
1029 1095
42 57
42 898
57 1418
57 9
1418 1291
1291 267
1291 73
267 1382
267 242
1382 1034
1382 814
1034 806
806 999
806 1139
999 101
101 773
773 521
521 1236
1236 112
112 1370
1370 786
1370 803
786 310
786 385
310 152
310 116
152 807
152 1350
807 121
121 770
770 937
937 1250
937 568
1250 395
395 1045
1045 1413
1045 692
1413 902
902 1131
902 297
1131 167
167 1052
1052 133
133 325
325 881
881 369
881 281
369 841
841 1030
1030 432
432 1060
1060 1400
1060 1186
1400 139
139 1238
139 475
1238 1331
1331 1357
1357 976
976 136
136 1335
136 450
1335 125
1335 822
125 1275
125 181
1275 936
936 127
127 1230
127 194
1230 334
334 1050
1050 1240
1240 1410
1410 1021
1021 572
1021 1189
572 1173
1173 8
1173 827
8 1285
8 887
1285 804
1285 1311
804 1405
804 1004
1405 764
764 897
764 602
897 670
670 179
670 1386
179 493
493 1028
493 1022
1028 1107
1107 258
258 1397
258 119
1397 275
1397 533
275 318
318 600
318 872
600 719
719 96
719 1241
96 793
96 114
793 1039
1039 232
232 926
232 350
926 1209
926 474
1209 285
1209 1300
285 394
285 818
394 720
720 20
720 56
20 594
594 1220
1220 978
978 614
978 107
614 648
614 458
648 340
340 684
684 128
128 372
128 667
372 64
64 220
220 913
220 465
913 166
913 1128
166 456
166 422
456 1351
1351 1190
1351 592
1190 1327
1327 473
1327 21
473 134
473 1191
134 726
726 772
772 855
772 185
855 695
855 960
695 74
74 265
265 716
716 725
725 559
559 1075
1075 607
1075 622
607 371
607 582
371 1245
371 656
1245 1332
1245 514
1332 1144
1332 390
1144 353
1144 584
353 558
353 1197
558 1123
1123 888
1123 940
888 1043
1043 628
628 1273
628 1293
1273 1244
1244 1424
1424 187
1424 400
187 620
187 722
620 209
620 886
209 98
209 491
98 110
98 150
110 1278
1278 1417
1278 585
1417 1323
1417 1223
1323 627
627 219
627 174
219 451
451 636
636 650
650 1211
1211 573
573 120
120 403
403 90
90 296
296 6
296 331
6 932
932 321
321 251
251 67
67 975
975 781
781 176
176 346
346 640
640 482
482 1097
482 553
1097 1419
1419 138
138 527
138 23
527 420
420 953
953 866
866 922
922 1228
1228 147
147 342
342 404
404 1172
404 1299
1172 35
35 161
161 910
910 399
399 643
643 938
643 1202
938 1396
1396 949
949 1282
1282 24
24 4
24 1303
4 1062
1062 313
313 44
313 2
44 730
44 143
730 575
575 1072
575 785
1072 715
1072 842
715 965
965 1392
1392 244
244 484
484 904
484 857
904 808
904 924
808 1104
808 468
1104 811
811 1237
811 154
1237 761
761 132
132 955
132 776
955 882
882 617
617 1243
617 1277
1243 1159
1243 813
1159 1023
1023 1002
1002 108
1002 1274
108 743
743 1215
1215 1177
1177 956
1177 934
956 1318
956 182
1318 186
1318 204
186 13
186 339
13 498
13 358
498 849
498 460
849 502
849 462
502 933
502 894
933 115
115 1375
115 1399
1375 1266
1375 483
1266 796
1266 686
796 925
796 1320
925 10
925 779
10 1321
1321 961
1321 106
961 1322
1322 839
1322 712
839 1404
1404 883
1404 467
883 707
707 677
707 998
677 1338
677 364
1338 257
257 84
84 674
674 837
674 1185
837 942
942 815
942 1058
815 547
815 1182
547 250
250 137
250 382
137 506
506 1219
506 1306
1219 943
1219 1281
943 410
410 500
410 1183
500 1084
500 1082
1084 1326
1084 1246
1326 259
1326 624
259 1026
1026 767
1026 810
767 1142
767 1346
1142 901
1142 117
901 795
901 54
795 79
79 1161
1161 172
1161 494
172 370
370 189
370 1329
189 431
431 871
871 1102
871 1294
1102 304
1102 546
304 1175
1175 931
931 974
974 609
609 274
274 997
997 39
39 520
520 1261
1261 1155
1261 741
1155 544
1155 409
544 1248
544 1046
1248 306
1248 303
306 225
306 968
225 381
381 476
476 122
122 1143
1143 1287
1287 859
1287 201
859 554
554 177
554 72
177 1166
1166 221
1166 536
221 765
765 908
765 939
908 1164
908 298
1164 713
713 490
490 1076
1076 511
511 1272
1272 778
778 542
778 1225
542 1141
542 935
1141 762
1141 1411
762 3
762 1064
3 1134
1134 571
571 248
248 1407
248 1003
1407 891
891 1390
891 89
1390 1206
1206 549
549 504
549 625
504 987
987 737
987 589
737 1279
737 1383
1279 578
578 156
578 705
156 65
65 1086
1086 959
959 1054
1054 1255
1054 543
1255 660
1255 876
660 1118
660 875
1118 1369
1369 1019
1369 1122
1019 245
1019 892
245 361
245 766
361 599
599 565
565 1204
1204 1259
1259 642
642 529
642 645
529 768
529 43
768 899
768 1416
899 702
702 203
203 658
658 577
577 733
733 389
389 1080
1080 1305
1305 58
58 94
58 867
94 717
717 75
75 1187
1187 763
1187 683
763 393
393 838
393 1309
838 1105
838 184
1105 1308
1105 853
1308 212
212 836
212 163
836 95
836 1289
95 300
300 906
906 509
509 1340
509 916
1340 1091
1091 197
1091 729
197 988
988 440
440 252
252 556
252 276
556 591
556 1298
591 50
591 1222
50 1205
1205 288
288 241
241 915
915 1304
