2 204 356437
1 2
197 48
197 2
48 75
48 120
75 11
11 151
11 97
151 84
84 126
84 47
126 86
126 180
86 123
123 10
123 59
10 102
102 7
7 173
7 34
173 53
173 147
53 41
41 185
185 79
185 87
79 192
79 146
192 25
25 3
25 150
3 166
166 187
166 176
187 196
196 68
68 144
144 127
127 89
89 45
89 182
45 8
45 110
8 190
8 13
190 21
190 157
21 189
189 165
165 6
6 1
1 64
64 179
179 17
179 200
17 44
44 94
94 172
94 95
172 162
172 199
162 132
162 12
132 188
132 141
188 18
188 100
18 73
73 148
148 152
148 169
152 119
152 71
119 27
27 54
27 105
54 171
54 203
171 117
117 113
117 66
113 194
194 186
194 83
186 23
186 174
23 16
23 74
16 158
16 109
158 142
142 129
129 60
60 77
60 107
77 96
96 168
96 91
168 38
38 20
38 138
20 9
20 128
9 170
170 118
170 14
118 193
193 153
193 124
153 135
135 15
135 160
15 178
178 69
178 198
69 104
104 50
50 159
159 4
4 184
4 65
184 36
184 155
36 122
122 99
122 78
99 103
103 195
195 136
136 139
139 98
98 140
140 156
156 30
30 58
30 82
58 130
130 114
130 88
114 101
114 121
101 106
101 111
106 24
24 161
161 125
125 81
125 92
81 55
81 56
55 67
67 26
26 31
26 137
31 61
31 191
61 51
51 52
51 202
52 115
52 28
115 22
22 49
22 116
49 57
57 33
57 72
33 62
33 29
62 35
35 163
163 39
39 46
39 108
46 175
46 143
175 154
175 63
154 131
131 80
131 164
80 204
80 32
204 149
204 85
149 177
177 40
40 19
19 43
43 90
43 42
90 93
90 181
93 112
93 76
112 5
112 70
5 145
5 133
145 201
201 134
134 37
37 167
167 183
