10 1259 39259
2 8
8 7
8 1
7 9
9 4
9 6
4 5
4 10
5 3
953 355
953 263
355 679
679 518
518 314
518 711
314 186
314 671
186 1028
186 339
1028 250
250 930
930 40
40 662
40 620
662 474
662 797
474 1213
474 1172
1213 485
485 822
822 273
822 141
273 256
273 342
256 709
709 888
888 1
888 591
1 492
1 940
492 441
492 306
441 637
637 67
637 817
67 219
219 49
49 863
863 31
31 815
31 693
815 922
815 42
922 232
232 555
232 1150
555 66
66 1022
1022 508
1022 100
508 1069
1069 496
1069 802
496 5
5 1057
5 582
1057 1113
1113 827
1113 1205
827 1141
1141 1037
1037 824
824 1152
824 459
1152 583
583 336
336 188
188 47
188 1251
47 1091
47 292
1091 434
1091 473
434 645
434 281
645 1006
1006 655
1006 746
655 868
655 793
868 1145
868 1197
1145 560
1145 108
560 181
560 1018
181 821
181 529
821 445
821 444
445 24
24 345
24 237
345 593
345 35
593 177
593 950
177 726
177 343
726 895
726 1044
895 1003
895 1201
1003 39
39 1064
1064 1015
1064 973
1015 400
400 383
400 775
383 1014
1014 1247
1014 661
1247 449
449 460
460 941
460 774
941 254
941 20
254 698
698 790
698 415
790 246
246 341
246 1129
341 991
341 81
991 217
217 684
684 119
119 426
119 279
426 478
426 1137
478 1035
478 1245
1035 665
665 667
667 1017
1017 120
1017 1211
120 395
120 198
395 749
749 307
307 490
307 396
490 764
764 741
764 291
741 721
741 972
721 388
388 877
388 392
877 487
877 1053
487 163
163 196
163 212
196 267
267 274
274 1259
274 1249
1259 760
1259 736
760 319
319 748
748 1208
748 1203
1208 1083
1083 596
596 531
596 372
531 268
268 327
268 410
327 451
327 225
451 904
451 59
904 154
154 4
4 175
4 464
175 73
175 1051
73 556
73 866
556 898
556 954
898 668
898 408
668 394
394 297
394 1176
297 768
768 695
695 859
695 814
859 689
859 617
689 230
230 576
230 924
576 304
304 1254
304 377
1254 465
1254 1024
465 812
465 562
812 417
812 938
417 872
872 841
841 488
841 1126
488 1257
488 1085
1257 38
1257 811
38 1125
1125 128
1125 289
128 397
128 1079
397 14
397 588
14 836
14 61
836 845
836 1140
845 438
845 194
438 1099
438 754
1099 96
1099 255
96 192
192 298
192 977
298 432
432 364
364 935
935 23
23 189
189 253
253 608
608 769
608 1232
769 901
901 565
901 1151
565 798
565 435
798 1112
798 1029
1112 389
389 536
389 328
536 311
536 113
311 168
168 1188
1188 704
1188 943
704 206
704 1050
206 193
193 758
758 987
987 90
90 347
90 1246
347 1171
347 918
1171 1236
1171 1167
1236 810
810 1045
1045 425
1045 546
425 1163
1163 647
647 809
647 228
809 1025
1025 806
806 458
458 162
458 430
162 349
349 251
251 1104
1104 740
740 1052
1052 476
476 964
476 677
964 702
964 1128
702 132
132 1060
132 959
1060 405
1060 153
405 1253
1253 302
1253 902
302 452
452 89
452 324
89 259
259 1214
259 776
1214 543
1214 1146
543 65
543 1155
65 282
282 683
683 1183
683 450
1183 907
907 981
907 185
981 1110
981 573
1110 1157
1157 301
1157 1047
301 280
301 62
280 348
280 712
348 876
876 911
911 558
558 424
558 855
424 374
374 6
6 893
893 1225
893 996
1225 886
886 495
495 402
495 601
402 482
402 429
482 610
482 983
610 648
648 69
69 204
204 486
486 270
486 532
270 916
916 990
916 481
990 657
657 29
29 862
29 778
862 652
652 1169
1169 200
200 1212
1212 751
1212 574
751 1189
751 92
1189 182
182 722
182 799
722 1218
1218 164
1218 1092
164 455
455 564
564 948
948 830
948 635
830 988
830 773
988 1066
988 1179
1066 1032
1032 700
1032 530
700 829
700 605
829 15
829 951
15 1196
15 520
1196 16
1196 1136
16 569
569 694
569 762
694 201
694 937
201 777
777 329
777 129
329 1227
329 623
1227 720
1227 350
720 1039
1039 713
713 127
127 818
818 1043
1043 103
1043 1199
103 404
103 1095
404 678
404 703
678 719
678 356
719 735
735 43
43 1148
1148 446
1148 334
446 554
446 640
554 122
122 1243
1243 471
1243 733
471 861
861 499
861 159
499 618
499 577
618 278
278 97
97 728
728 409
728 489
409 1237
409 1005
1237 13
13 172
172 752
172 293
752 734
734 475
734 500
475 218
475 414
218 867
218 378
867 971
867 509
971 1067
1067 1073
1067 780
1073 873
873 1149
1149 191
191 318
191 770
318 579
579 2
579 68
2 93
2 325
93 472
472 152
472 969
152 731
152 1195
731 144
144 586
144 354
586 1063
586 992
1063 1135
1135 796
796 419
796 994
419 261
261 1086
261 750
1086 680
680 525
525 813
813 352
352 46
46 933
933 1054
1054 399
1054 138
399 622
622 227
622 382
227 214
214 896
214 730
896 1019
896 110
1019 72
72 516
516 522
522 360
360 883
883 871
883 1238
871 331
871 1132
331 653
331 209
653 607
653 165
607 881
607 672
881 714
714 234
234 22
234 826
22 1087
1087 1072
1072 505
1072 1040
505 998
998 18
18 848
848 724
724 1193
724 303
1193 966
1193 528
966 1207
966 1248
1207 611
1207 313
611 1250
1250 1000
1250 422
1000 915
1000 362
915 538
915 1161
538 1046
538 28
1046 27
1046 759
27 615
27 900
615 467
615 794
467 965
467 656
965 74
74 1071
74 26
1071 1258
1071 986
1258 77
77 202
77 137
202 340
202 659
340 242
340 642
242 143
143 947
143 466
947 854
947 1154
854 1116
1116 763
1116 305
763 1204
763 691
1204 919
1204 1001
919 828
919 1002
828 1165
828 151
1165 361
361 380
361 602
380 1038
380 1217
1038 604
1038 523
604 942
604 1198
942 480
942 371
480 98
98 875
98 1138
875 1241
875 1233
1241 927
1241 1200
927 284
927 706
284 1010
1010 136
136 477
477 174
477 147
174 664
664 326
664 99
326 1186
1186 682
682 1143
682 56
1143 578
578 300
578 587
300 1106
1106 1016
1016 753
1016 53
753 1187
1187 139
1187 94
139 533
139 106
533 1180
1180 1011
1011 359
1011 612
359 12
359 1182
12 646
646 83
83 960
83 50
960 457
457 795
795 393
393 1235
1235 552
1235 233
552 244
552 368
244 816
816 205
205 84
205 1184
84 1030
1030 433
1030 358
433 1090
1090 958
1090 738
958 1228
958 925
1228 1206
1206 716
1206 978
716 628
716 825
628 427
628 52
427 975
427 513
975 745
975 860
745 970
745 109
970 928
928 1244
928 45
1244 176
176 715
176 224
715 130
130 41
130 932
41 197
197 699
197 804
699 71
699 945
71 272
71 865
272 570
570 87
570 407
87 265
87 470
265 295
265 37
295 606
606 519
519 160
519 357
160 1158
160 803
1158 1120
1120 820
1120 149
820 60
60 126
60 512
126 985
985 1123
985 1082
1123 1076
1123 146
1076 448
1076 8
448 984
984 559
984 1059
559 412
412 64
64 553
553 1134
1134 11
11 788
11 563
788 469
469 878
878 150
878 598
150 864
864 1175
1175 102
1175 440
102 157
157 869
157 781
869 956
956 527
527 180
180 782
180 939
782 1020
782 1127
1020 1226
1020 101
1226 376
1226 1153
376 839
839 566
839 1118
566 421
566 239
421 851
421 7
851 51
51 766
766 1124
1124 819
1124 561
819 1078
1078 484
1078 974
484 1004
484 643
1004 1012
1004 1222
1012 1168
1168 170
1168 626
170 772
772 903
903 86
86 581
86 257
581 443
443 166
443 541
166 322
322 742
322 285
742 923
923 491
923 169
491 1103
491 1252
1103 1170
1103 1097
1170 701
1170 840
701 3
3 889
3 511
889 294
294 585
585 1159
585 544
1159 846
1159 320
846 909
846 737
909 411
411 976
976 88
88 1181
88 1223
1181 548
548 135
135 78
78 271
271 247
271 1133
247 468
468 76
76 413
413 884
413 48
884 54
54 743
743 1234
743 913
1234 406
1234 914
406 510
406 634
510 686
510 1089
686 287
287 503
503 838
503 123
838 124
124 1101
124 25
1101 515
1101 757
515 968
968 32
32 912
32 167
912 849
912 621
849 454
454 521
454 905
521 675
521 614
675 847
847 639
847 929
639 91
639 381
91 910
91 241
910 316
316 1100
316 1102
1100 850
850 401
850 592
401 216
401 1230
216 353
353 187
353 258
187 220
220 140
140 276
276 338
338 571
338 1062
571 1185
571 792
1185 674
674 761
761 644
644 213
213 1216
213 632
1216 786
1216 853
786 1178
786 1130
1178 79
79 823
823 539
539 594
539 834
594 666
594 296
666 891
666 36
891 431
431 1139
1139 980
980 1080
1080 332
1080 673
332 21
21 1224
21 493
1224 892
892 155
155 524
155 10
524 367
524 641
367 1114
367 1131
1114 725
725 1109
725 379
1109 30
30 874
874 619
619 805
805 784
784 134
134 215
134 1242
215 58
58 870
58 551
870 148
148 629
629 744
744 934
744 275
934 887
887 597
887 1075
597 549
597 1036
549 650
549 248
650 33
33 858
858 989
858 456
989 116
989 658
116 952
952 547
547 852
852 82
852 842
82 882
82 688
882 1119
882 697
1119 920
920 705
920 995
705 718
718 420
420 117
117 506
506 384
384 1007
1007 1256
1256 832
1256 1056
832 727
832 104
727 121
121 310
121 1240
310 9
310 375
9 779
9 112
779 1229
779 616
1229 1108
1108 595
595 118
118 609
609 949
949 1026
949 1194
1026 708
1026 269
708 808
808 171
171 1173
1173 229
1173 1156
229 344
344 85
344 337
85 288
288 1105
288 463
1105 837
837 57
837 835
57 423
423 387
423 236
387 542
387 178
542 755
542 1027
755 262
755 687
262 1164
1164 479
479 1162
479 1117
1162 789
1162 879
789 195
789 1174
195 676
676 1210
1210 997
997 1098
997 1042
1098 580
1098 207
580 223
580 723
223 238
223 366
238 631
631 211
631 1221
211 439
439 497
497 111
497 765
111 963
111 807
963 453
963 461
453 390
453 654
390 955
390 44
955 351
955 545
351 534
534 1041
1041 1191
1041 299
1191 290
1191 158
290 1008
290 961
1008 669
669 75
75 386
75 1096
386 245
386 1209
245 133
133 624
624 1220
1220 756
756 717
756 1219
717 315
315 370
315 266
370 19
370 208
19 710
710 572
572 243
572 369
243 498
243 831
498 729
729 550
729 1192
550 603
550 651
603 999
603 240
999 690
999 333
690 277
277 649
649 670
649 791
670 844
670 210
844 663
663 483
483 442
483 957
442 517
517 502
502 55
55 317
317 1065
317 63
1065 967
1065 142
967 125
125 17
17 885
17 249
885 1122
885 391
1122 1077
1122 1031
1077 897
897 747
747 739
747 537
739 1166
1166 771
771 203
203 880
203 416
880 105
105 568
105 1034
568 857
568 946
857 1013
857 1202
1013 235
235 428
235 908
428 843
428 494
843 95
843 1094
95 385
385 286
385 906
286 1023
286 346
1023 692
1023 321
692 783
783 926
926 1021
1021 707
1021 1190
707 1068
1068 1115
1115 936
1115 161
936 335
936 944
335 584
335 1147
584 696
584 681
696 1142
696 599
1142 787
787 625
625 660
625 70
660 34
660 590
34 403
34 589
403 462
462 1255
1255 1084
1084 899
1084 183
899 115
115 979
979 199
979 156
199 627
199 633
627 252
252 398
398 1093
1093 1033
1093 222
1033 514
514 575
514 800
575 535
575 962
535 785
785 630
785 323
630 801
801 1111
801 226
1111 312
312 330
312 173
330 501
501 982
501 184
982 436
982 260
436 685
685 264
264 613
613 1088
1088 145
145 507
507 1055
1055 600
1055 1215
600 309
600 1121
309 418
309 894
418 114
114 767
767 993
993 504
993 921
504 1049
1049 1239
1239 1070
1239 283
1070 890
1070 732
890 931
931 833
931 179
833 131
131 107
131 80
107 190
107 1009
190 437
437 636
437 308
636 917
917 856
917 526
856 365
365 363
365 557
363 373
373 1074
373 540
1074 1081
1074 1144
1081 567
567 1048
1048 221
221 1177
1177 447
1177 1061
447 1231
1231 231
231 1058
1058 638
638 1160
638 1107
