3 2898 31948
2 1
1 3
2341 1734
2341 2750
1734 2430
2430 1439
1439 2246
1439 2653
2246 1558
1558 112
112 156
112 842
156 1968
156 1121
1968 1642
1642 1230
1230 32
1230 2154
32 2043
2043 1014
2043 1960
1014 867
867 1464
1464 320
320 1238
1238 1547
1547 2591
1547 2379
2591 2854
2591 1116
2854 2377
2854 785
2377 1572
1572 505
1572 1609
505 1301
505 6
1301 2355
2355 215
215 1745
215 2298
1745 1767
1745 926
1767 248
248 1031
1031 2097
1031 2566
2097 39
2097 1124
39 2485
2485 1735
2485 828
1735 1786
1735 1817
1786 2418
2418 1318
2418 1703
1318 1197
1197 2874
1197 1537
2874 10
10 1866
1866 1533
1533 768
768 2149
768 934
2149 692
2149 1490
692 823
823 1417
1417 1406
1417 1906
1406 1501
1501 323
1501 1473
323 745
745 276
745 1916
276 1308
276 2428
1308 1282
1308 568
1282 2157
1282 1063
2157 2527
2157 1863
2527 11
11 762
762 701
762 711
701 2676
2676 1040
2676 1309
1040 1389
1040 1790
1389 781
1389 1958
781 513
513 2231
513 72
2231 1807
1807 1392
1392 2037
1392 1145
2037 1255
2037 1477
1255 1914
1914 425
425 1499
425 883
1499 774
1499 471
774 1823
1823 1152
1823 672
1152 2102
2102 566
566 624
624 325
624 1168
325 2137
2137 556
2137 2245
556 1881
556 799
1881 2577
1881 2210
2577 1340
2577 2852
1340 2113
1340 2386
2113 2508
2508 2709
2709 1529
1529 1041
1529 1518
1041 2010
1041 2172
2010 2894
2894 2492
2492 2443
2492 1631
2443 984
984 1755
1755 353
1755 704
353 2045
353 2313
2045 2645
2045 1908
2645 1818
1818 1502
1818 989
1502 177
177 1358
177 2368
1358 1334
1358 550
1334 300
300 1076
1076 610
610 102
610 2285
102 403
102 1143
403 1112
1112 2240
1112 92
2240 2178
2178 1876
2178 1619
1876 2532
1876 2254
2532 2141
2532 259
2141 841
841 48
48 1256
1256 220
220 2251
2251 1511
1511 1217
1217 1307
1307 786
786 2363
786 2458
2363 2496
2363 555
2496 2051
2496 804
2051 695
2051 517
695 511
511 2232
511 257
2232 1560
2232 1407
1560 887
887 860
860 1714
860 2883
1714 1156
1156 2558
1156 2802
2558 678
678 1195
1195 1602
1602 127
127 2371
2371 1440
1440 2658
2658 1898
1898 40
40 633
40 2596
633 1722
1722 1403
1722 563
1403 1033
1033 530
1033 2062
530 2796
530 1426
2796 935
935 1022
935 1787
1022 829
1022 1713
829 2301
829 1973
2301 2753
2753 1196
1196 2769
1196 626
2769 1566
2769 2714
1566 1078
1566 308
1078 1274
1078 1926
1274 1594
1594 694
694 2396
2396 8
2396 191
8 2398
8 258
2398 2602
2398 1442
2602 2135
2135 2040
2040 2554
2040 2263
2554 2782
2554 784
2782 562
562 2627
2627 149
149 1370
149 2236
1370 801
1370 637
801 1904
1904 1363
1904 262
1363 321
321 527
527 1654
1654 1655
1654 710
1655 2833
2833 1679
2833 1774
1679 800
800 881
881 1317
881 2457
1317 1664
1664 307
307 1479
1479 791
1479 75
791 2322
2322 1650
1650 1718
1650 417
1718 2880
1718 2117
2880 2530
2880 2745
2530 2817
2530 733
2817 1472
1472 344
1472 1452
344 2600
2600 1288
2600 2732
1288 1622
1622 2435
1622 2790
2435 249
249 2274
249 2184
2274 2085
2274 422
2085 1871
1871 2317
1871 2497
2317 2755
2317 1913
2755 2642
2642 1610
2642 363
1610 311
1610 2467
311 773
311 852
773 2103
773 1780
2103 2861
2861 1783
2861 2739
1783 2670
2670 1110
1110 611
1110 808
611 2610
611 1495
2610 522
2610 1316
522 1446
1446 1995
1995 1135
1995 1409
1135 1838
1838 2253
2253 1248
1248 1172
1248 1733
1172 1244
1244 1819
1244 174
1819 1424
1424 2343
1424 884
2343 393
393 2310
2310 1353
2310 1855
1353 2606
2606 1425
1425 1564
1425 1662
1564 2480
2480 1552
2480 150
1552 1942
1552 2021
1942 1233
1942 2098
1233 967
967 2442
2442 175
175 875
875 585
875 478
585 2165
585 980
2165 778
2165 155
778 2209
778 479
2209 337
337 2748
2748 1549
1549 1421
1549 1161
1421 506
1421 1497
506 1324
1324 1057
1324 1117
1057 1450
1057 1419
1450 29
1450 2680
29 2669
2669 2017
2017 2114
2114 1131
2114 80
1131 1338
1131 1852
1338 1091
1338 1155
1091 578
578 2595
2595 2616
2595 2039
2616 1584
2616 2237
1584 2212
1584 1649
2212 2896
2896 1625
2896 1225
1625 2336
2336 162
162 2839
2839 2124
2839 283
2124 2736
2736 2733
2733 2484
2484 1366
1366 37
37 2046
2046 1785
1785 429
1785 2115
429 209
429 1581
209 171
209 1231
171 2068
2068 1462
2068 533
1462 2330
2330 346
346 1944
1944 1861
1861 2225
2225 803
803 916
803 246
916 491
491 2044
2044 1437
1437 783
1437 205
783 2513
783 470
2513 1963
1963 942
1963 2540
942 919
942 54
919 796
919 1761
796 2776
796 1179
2776 2580
2580 1928
1928 2578
2578 1399
2578 2156
1399 1182
1182 1682
1182 2269
1682 1678
1678 1443
1443 1508
1508 1167
1167 487
487 2717
487 2539
2717 2369
2369 2325
2369 2888
2325 1438
1438 2050
1438 2831
2050 148
2050 2668
148 914
914 1744
914 481
1744 2084
1744 1498
2084 541
541 304
304 1554
1554 788
1554 2107
788 437
788 2625
437 590
590 2307
2307 1588
2307 1536
1588 86
1588 638
86 1860
1860 1606
1860 473
1606 2388
1606 2265
2388 607
607 2636
2636 70
2636 1181
70 1551
1551 2654
1551 1530
2654 2866
2654 2136
2866 1333
2866 373
1333 1597
1597 193
193 723
193 2556
723 2155
2155 438
438 1778
1778 2012
1778 52
2012 2838
2838 795
2838 1281
795 2772
2772 2814
2772 1653
2814 312
312 2738
2738 1519
2738 1771
1519 775
1519 1873
775 1538
1538 1824
1824 1985
1985 1493
1985 2477
1493 1711
1711 1797
1797 2059
1797 1775
2059 537
537 725
537 1222
725 1580
725 2048
1580 2889
2889 1035
1035 2716
2716 1559
2716 570
1559 731
731 267
731 1390
267 2111
2111 706
706 2214
706 2403
2214 2426
2214 1927
2426 25
2426 2139
25 2109
25 2086
2109 832
2109 569
832 1705
1705 2614
1705 1731
2614 797
2614 1207
797 565
565 2876
565 953
2876 2459
2459 713
713 1487
713 2599
1487 2030
1487 2589
2030 1517
2030 729
1517 2090
2090 751
751 2482
2482 543
543 1717
543 108
1717 2194
2194 677
2194 2375
677 972
677 1830
972 769
769 1989
1989 2143
1989 1872
2143 1092
2143 2387
1092 1929
1929 534
534 1027
534 161
1027 666
666 1240
666 2342
1240 1932
1932 742
1932 1693
742 1805
742 1756
1805 1127
1805 2421
1127 2014
2014 73
73 2252
2252 1940
1940 1601
1601 2805
1601 2422
2805 943
2805 675
943 1093
943 1981
1093 1562
1093 856
1562 1253
1562 1701
1253 2152
1253 2314
2152 2005
2005 384
2005 1939
384 152
384 2867
152 1724
1724 183
1724 2775
183 1563
1563 1607
1607 2053
2053 1504
1504 449
1504 629
449 1550
1550 180
180 643
180 2002
643 1506
1506 1066
1066 1624
1066 2203
1624 464
464 2512
2512 2533
2533 1265
1265 1765
1265 2099
1765 1107
1765 1380
1107 549
1107 920
549 2174
549 521
2174 2780
2780 787
2780 1072
787 850
787 2130
850 433
433 233
433 877
233 2395
2395 1003
1003 128
128 654
654 1889
654 500
1889 1626
1889 1720
1626 388
1626 2586
388 690
388 1708
690 936
936 833
833 820
833 1516
820 1843
1843 1598
1598 2476
2476 1585
1585 125
125 2221
2221 669
669 2682
669 501
2682 2674
2674 1596
2674 580
1596 2542
2542 937
2542 430
937 758
937 109
758 2101
758 340
2101 2725
2725 1975
1975 1629
1975 515
1629 1372
1629 2440
1372 798
1372 1922
798 1553
1553 1799
1799 2829
2829 1420
2829 2825
1420 2773
1420 2243
2773 2175
2175 1480
2175 648
1480 748
748 1433
748 1600
1433 408
408 1065
1065 1651
1651 51
1651 2585
51 2742
2742 1084
1084 1293
1293 1335
1335 9
1335 2361
9 1753
1753 99
99 2897
2897 196
196 1484
1484 1015
1015 2570
1015 1605
2570 703
2570 697
703 2834
2834 1738
2834 1235
1738 435
1738 921
435 2760
435 1251
2760 2299
2299 2836
2836 1752
2836 299
1752 184
1752 689
184 2411
184 1515
2411 93
93 1764
1764 309
309 1183
1183 1577
1577 1847
1847 154
1847 2300
154 2082
2082 1943
2082 1951
1943 865
1943 1054
865 582
865 564
582 1046
1046 2134
1046 2324
2134 1952
2134 1987
1952 2721
1952 1447
2721 448
448 2699
2699 146
146 84
146 700
84 2617
84 1959
2617 1096
1096 628
1096 421
628 122
122 224
224 366
224 285
366 1902
1902 1258
1902 2520
1258 2309
2309 263
263 1298
263 468
1298 362
1298 2146
362 117
117 1850
1850 2630
1850 1739
2630 667
2630 2671
667 2690
667 1130
2690 966
2690 2331
966 1272
966 480
1272 1269
1272 405
1269 2407
2407 2420
2420 1200
2420 676
1200 971
1200 2759
971 264
264 1814
1814 275
1814 1690
275 1144
275 1712
1144 2747
1144 1784
2747 58
2747 2308
58 2890
58 357
2890 1614
2890 486
1614 2445
1614 3
2445 2304
2304 2205
2205 230
230 988
988 631
988 682
631 2329
631 732
2329 790
790 43
43 757
757 2844
2844 170
170 1950
170 1319
1950 1292
1292 1672
1672 253
253 597
253 2348
597 2215
2215 1388
1388 1060
1388 2675
1060 1481
1481 1684
1481 2025
1684 2543
2543 681
681 1271
681 1725
1271 612
1271 615
612 750
612 2293
750 2190
750 929
2190 467
2190 1428
467 2235
2235 1556
2235 1865
1556 1260
1556 424
1260 2505
1260 2803
2505 1055
2505 2076
1055 359
1055 998
359 30
30 2108
2108 1441
1441 1085
1085 2261
2261 1857
1857 2549
2549 2326
2326 2267
2326 2478
2267 514
514 1147
514 1010
1147 2787
2787 1025
2787 1544
1025 2228
1025 2405
2228 2514
2514 632
2514 271
632 2069
632 811
2069 906
906 908
906 179
908 2710
908 2220
2710 356
356 2074
356 925
2074 652
2074 296
652 1896
652 2385
1896 872
1896 1166
872 1302
872 81
1302 1379
1302 2504
1379 1188
1188 2436
1188 1411
2436 2462
2462 560
2462 74
560 1234
1234 1638
1638 1018
1638 673
1018 2354
2354 2292
2354 410
2292 1220
1220 1219
1220 848
1219 441
441 1657
441 2425
1657 2258
2258 1509
2258 777
1509 2815
1509 375
2815 1322
2815 1023
1322 105
1322 764
105 2573
105 753
2573 2247
2247 2381
2247 688
2381 2332
2332 1665
1665 557
1665 939
557 893
557 1998
893 1573
893 2447
1573 1404
1573 241
1404 2620
1404 2004
2620 2277
2620 483
2277 1356
2277 2501
1356 2429
2429 1804
1804 1709
1804 1120
1709 1723
1709 1067
1723 2346
1723 1257
2346 2207
2207 2353
2353 2414
2353 548
2414 1827
2414 2195
1827 1983
1983 2524
1983 512
2524 2280
2280 545
545 1140
1140 1211
1211 1175
1175 968
968 2208
968 288
2208 360
2208 305
360 2376
2376 459
2376 1266
459 1528
1528 2259
1528 634
2259 2100
2100 964
964 826
964 213
826 2818
2818 614
614 2378
2378 1359
2378 1849
1359 2795
1359 2855
2795 659
2795 1933
659 2561
659 1184
2561 2703
2561 1837
2703 1327
1327 744
1327 387
744 1005
744 1276
1005 2488
1005 1583
2488 2412
2412 1402
1402 2688
1402 1088
2688 281
2688 1039
281 1125
1125 2454
2454 1555
1555 2882
1555 1297
2882 2666
2882 1357
2666 140
2666 525
140 2451
2451 2546
2546 1229
2546 817
1229 2507
2507 1828
2507 1535
1828 87
87 1891
87 1415
1891 956
1891 2744
956 2176
956 2892
2176 1099
2176 1567
1099 747
1099 2538
747 57
747 2128
57 2794
57 2741
2794 1574
1574 2771
2771 1209
2771 1087
1209 1073
1209 1612
1073 2211
2211 1296
1296 1109
1109 1704
1109 1879
1704 1467
1467 1912
1467 2248
1912 645
1912 1647
645 2453
2453 2323
2323 1105
2323 724
1105 2564
2564 2018
2018 1675
2018 2597
1675 2628
1675 200
2628 2390
2628 331
2390 780
2390 394
780 436
436 345
436 679
345 1884
345 400
1884 951
951 1012
951 1935
1012 1413
1012 2849
1413 2057
2057 2249
2057 1432
2249 207
207 2864
207 227
2864 446
2864 2413
446 2320
2320 1974
2320 302
1974 55
55 1336
1336 1946
1946 475
475 1321
1321 715
715 2788
2788 482
2788 135
482 1815
482 864
1815 1194
1815 2373
1194 1310
1310 1451
1451 2145
1451 164
2145 2289
2145 2878
2289 2217
2217 1660
2217 1883
1660 268
1660 1628
268 1491
1491 1736
1736 1582
1582 2638
2638 1180
2638 1618
1180 2393
1180 2662
2393 1466
2393 728
1466 869
869 2089
2089 63
2089 181
63 1673
63 595
1673 2315
2315 807
807 2400
807 2754
2400 2441
2400 1262
2441 2138
2441 821
2138 683
683 1895
1895 1331
1331 1715
1331 1732
1715 859
1715 2380
859 2122
2122 1844
2122 1811
1844 1698
1698 895
1698 195
895 1325
895 2409
1325 2229
1325 1045
2229 1339
1339 581
1339 1115
581 2316
2316 50
50 4
50 2262
4 1170
4 561
1170 1726
1170 2161
1726 1034
1726 2536
1034 2517
1034 1024
2517 398
2517 237
398 290
290 114
114 132
132 969
132 451
969 313
313 2877
313 2534
2877 2641
2877 2763
2641 2797
2641 755
2797 396
396 540
396 2038
540 1371
1371 605
605 1496
1496 1809
1809 247
1809 1383
247 367
247 329
367 218
218 365
218 941
365 520
365 2603
520 1986
520 1236
1986 2473
2473 1153
2473 2347
1153 2644
1153 1418
2644 1750
1750 1967
1750 2106
1967 979
979 2858
2858 1374
2858 2737
1374 1445
1445 1122
1122 2735
1122 1243
2735 1185
2735 2569
1185 1102
1102 1367
1367 402
402 2288
2288 2499
2288 2629
2499 2516
2516 1381
1381 138
1381 1768
138 204
204 727
204 1119
727 2823
2823 1474
2823 603
1474 1545
1474 2875
1545 857
857 2624
857 665
2624 510
510 1210
1210 2659
1210 261
2659 1831
1831 2828
2828 880
2828 469
880 2092
2092 1393
2092 903
1393 2158
2158 1793
1793 542
542 2727
542 1571
2727 2704
2727 674
2704 1706
2704 370
1706 2707
1706 2715
2707 2842
2707 2494
2842 1546
2842 1966
1546 813
813 707
707 2094
707 2278
2094 2271
2271 1999
1999 598
598 646
598 1398
646 2383
2383 2792
2792 928
2792 2592
928 1223
928 573
1223 168
1223 782
168 2305
168 239
2305 316
316 1193
1193 319
1193 2720
319 338
338 1427
1427 1344
1427 2572
1344 1954
1954 332
332 2372
332 2031
2372 2845
2372 2456
2845 526
2845 840
526 539
526 974
539 2167
539 1026
2167 2091
2091 2609
2609 759
2609 2810
759 1376
759 1032
1376 2729
1376 2112
2729 334
334 2840
334 27
2840 2065
2840 2131
2065 355
2065 684
355 776
776 1826
1826 2768
2768 608
608 274
608 1719
274 485
274 1789
485 1047
1047 2281
1047 314
2281 2319
2281 2588
2319 1275
2319 391
1275 160
160 712
160 35
712 651
651 2382
2382 1532
1532 2535
1532 529
2535 2555
2555 78
2555 1242
78 453
453 2474
453 965
2474 1412
1412 328
328 2189
2189 489
489 1668
489 295
1668 2734
2734 2257
2257 2302
2302 2812
2812 714
714 1742
714 2800
1742 1798
1798 2255
1798 2416
2255 2340
2255 2227
2340 1133
1133 1113
1113 1249
1249 2618
1249 131
2618 2724
2724 2338
2724 977
2338 347
2338 1469
347 1278
1278 1878
1878 1323
1878 1591
1323 2547
1323 13
2547 376
376 133
133 173
133 2651
173 1476
173 1788
1476 2410
2410 2020
2020 2179
2179 897
897 1874
897 217
1874 1465
1465 1204
1465 2389
1204 1377
1377 878
878 973
878 2233
973 734
973 31
734 2884
734 293
2884 1770
1770 2567
2567 2529
2567 142
2529 2365
2365 493
2365 401
493 462
462 863
462 192
863 1332
1332 2188
2188 414
2188 1303
414 1643
414 2469
1643 1394
1394 2701
2701 1090
2701 2335
1090 1521
1521 1245
1245 2196
2196 1002
2196 235
1002 2296
2296 990
2296 1189
990 1800
1800 379
379 1369
1369 457
1369 2697
457 1920
1920 202
202 1361
1361 2463
2463 210
210 460
210 18
460 2169
2169 1728
2169 2872
1728 1250
1728 2841
1250 844
1250 2181
844 1586
1586 1507
1586 1526
1507 593
1507 1868
593 1930
593 1777
1930 2830
1930 169
2830 455
2830 2694
455 1858
455 2345
1858 1676
1676 2163
1676 1971
2163 2276
2276 2846
2276 2783
2846 1071
1071 221
1071 1177
221 1969
1969 996
1969 2270
996 1458
1458 206
206 2657
2657 2850
2657 2860
2850 1158
2850 1136
1158 763
1158 1721
763 1977
763 1910
1977 165
165 111
165 1812
111 2749
2749 1160
2749 642
1160 407
407 932
407 1289
932 416
416 2851
416 1970
2851 698
698 364
698 2770
364 658
658 2521
658 1075
2521 291
2521 2079
291 318
291 2438
318 378
318 2518
378 1423
378 2213
1423 1691
1423 1030
1691 1360
1691 2667
1360 495
1360 2811
495 65
65 1576
1576 1956
1576 95
1956 1897
1897 1051
1051 2679
2679 621
2679 2295
621 1142
621 2066
1142 2187
2187 1378
2187 201
1378 905
905 524
905 2801
524 1052
1052 746
1052 2731
746 2559
2559 1095
1095 1254
1095 2648
1254 2778
1254 2026
2778 2809
2778 2072
2809 1689
1689 386
386 21
386 91
21 2601
2601 1342
2601 1907
1342 56
1342 1652
56 413
413 492
413 2583
492 986
986 1101
1101 1201
1101 1203
1201 1264
1201 2083
1264 1746
1264 1578
1746 1656
1746 1992
1656 2862
1656 2804
2862 2740
2740 2433
2740 2509
2433 1645
2433 178
1645 861
861 1141
861 1525
1141 985
1141 2584
985 1641
985 1694
1641 851
1641 1410
851 554
851 2824
554 2643
2643 657
2643 1996
657 696
696 2110
696 1212
2110 2362
2110 1781
2362 2244
2362 1422
2244 1199
1199 1604
1199 1570
1604 1043
1043 2216
2216 2646
2216 2063
2646 461
2646 1531
461 2351
2351 2898
2351 987
2898 1017
1017 211
211 1729
1729 68
1729 2590
68 238
238 1816
238 254
1816 194
194 599
194 341
599 1453
599 395
1453 317
317 2148
2148 718
718 2132
2132 2526
2132 1368
2526 2557
2557 343
2557 382
343 1539
343 1630
1539 1283
1283 2008
1283 885
2008 36
2008 2374
36 151
151 251
151 1905
251 2016
2016 494
2016 2358
494 141
141 269
141 226
269 49
269 1482
49 609
609 2622
609 1737
2622 2719
2622 1
2719 419
2719 2171
419 1089
419 1510
1089 2204
1089 20
2204 34
2204 2054
34 1448
1448 1955
1955 917
917 1953
1953 497
497 827
497 1287
827 1893
827 2799
1893 442
1893 372
442 551
551 2649
551 815
2649 2835
2835 1749
2835 1900
1749 143
143 717
717 1685
1685 123
123 166
166 1909
166 2689
1909 1226
1226 805
1226 923
805 2170
2170 284
2170 896
284 2450
284 287
2450 2863
2863 2284
2863 139
2284 2827
2827 983
2827 686
983 463
463 995
463 2286
995 2000
2000 2887
2000 1239
2887 2541
2887 836
2541 1345
1345 172
1345 2
172 335
335 2047
2047 509
509 273
509 2560
273 1162
273 1644
1162 1882
1882 2891
2891 1471
2891 1315
1471 1206
1206 1808
1808 2230
2230 1634
2230 45
1634 2711
2711 2287
2711 2806
2287 2761
2287 2312
2761 2847
2847 2730
2730 1680
1680 2164
1680 2684
2164 2061
2164 380
2061 944
944 1191
1191 2019
1191 1700
2019 891
2019 687
891 999
999 1000
999 2489
1000 47
1000 1028
47 843
47 1658
843 2073
2073 2758
2073 476
2758 124
124 186
186 2677
2677 834
834 945
834 602
945 825
825 2562
825 2722
2562 277
2562 2848
277 1001
1001 761
761 1832
1832 870
870 1854
870 845
1854 1038
1038 1616
1616 1623
1616 1159
1623 1343
1343 137
1343 2871
137 350
137 232
350 67
350 2349
67 1520
67 2672
1520 443
1520 2056
443 1918
1918 2337
1918 1627
2337 1489
1489 2282
2282 327
2282 310
327 1599
1599 613
1599 2027
613 1936
1936 2199
2199 1139
2199 2144
1139 1758
1139 854
1758 892
1758 98
892 427
427 361
427 2333
361 2118
361 1677
2118 2681
2118 374
2681 824
824 145
824 2531
145 426
145 89
426 901
901 2613
901 118
2613 957
2613 1686
957 2686
2686 2490
2490 1707
2490 2367
1707 420
420 685
420 1615
685 2202
685 1751
2202 2283
2283 2865
2865 2470
2470 2611
2470 2328
2611 2621
2621 855
855 1961
855 2334
1961 452
452 600
452 1867
600 159
159 2604
159 2623
2604 2150
2150 708
708 1964
708 1760
1964 418
418 889
418 2180
889 1639
889 1157
1639 594
594 1877
1877 2718
2718 1013
2718 882
1013 922
922 2785
922 2511
2785 1899
2785 450
1899 822
822 2007
2007 754
754 1945
1945 129
129 147
147 1176
1176 997
997 2663
2663 2656
2656 705
705 559
705 516
559 664
559 898
664 735
664 1834
735 2003
2003 1016
2003 1696
1016 894
894 2011
2011 2665
2665 1300
1300 1702
1300 927
1702 1011
1011 1400
1011 7
1400 1663
1400 2481
1663 198
1663 1859
198 1911
198 910
1911 349
349 2510
2510 571
571 1341
1341 255
255 1070
1070 1978
1978 280
280 1801
1801 948
948 2678
948 2222
2678 2206
2206 1216
2206 1299
1216 575
1216 2029
575 588
588 488
488 2197
2197 1267
1267 2870
2870 69
69 2250
69 1449
2250 1126
1126 1053
1126 2779
1053 2147
1053 2728
2147 2077
2077 663
663 818
663 2431
818 2364
818 77
2364 1575
1575 2256
2256 2756
2756 1579
2756 1640
1579 1364
1579 2127
1364 547
1364 1892
547 1972
547 53
1972 1208
1208 499
1208 1221
499 2193
499 960
2193 2183
2193 1500
2183 737
2183 2587
737 2571
737 2857
2571 2475
2571 606
2475 219
2475 504
219 2035
2035 490
2035 229
490 1825
490 849
1825 423
423 649
649 871
871 911
911 1386
1386 282
282 144
144 1261
1261 1150
1150 1794
1150 1347
1794 2142
1794 1915
2142 1395
1395 981
1395 1667
981 523
523 1268
523 466
1268 23
23 1186
23 187
1186 1408
1186 2075
1408 2168
2168 2394
2394 1396
2394 2064
1396 1286
1396 2417
1286 2548
1286 59
2548 2439
2548 946
2439 2424
2439 428
2424 918
2424 1059
918 2576
2576 596
2576 702
596 2226
596 1263
2226 699
699 28
28 2553
2553 2466
2466 1925
2466 1074
1925 2006
2006 2691
2691 1688
1688 1613
1613 2893
2893 214
2893 913
214 1557
214 1681
1557 2639
1557 2582
2639 1779
1779 1841
1779 1094
1841 2360
1841 113
2360 2832
2832 1050
1050 2491
2491 256
256 1633
1633 1864
1864 2223
2223 567
567 385
385 2162
2162 653
2162 709
653 831
653 2696
831 2105
2105 802
2105 2528
802 1919
802 203
1919 766
766 1795
766 1224
1795 2612
2612 2088
2088 2631
2631 1524
2631 12
1524 2523
2523 1232
2523 955
1232 1132
1132 2563
2563 931
2563 2764
931 620
620 2777
2777 130
130 1802
130 1603
1802 1163
1163 2272
1163 432
2272 1037
2272 1648
1037 1862
1862 2356
2356 1214
2356 228
1214 369
369 1769
369 2575
1769 1569
1769 1461
1569 639
1569 14
639 954
954 1444
1444 2483
1444 2306
2483 601
601 2116
601 2239
2116 243
2116 2273
243 738
738 2632
738 1980
2632 868
868 415
868 779
415 2550
415 1169
2550 617
617 693
617 496
693 297
297 1697
1697 1457
1457 2339
2339 292
2339 1351
292 1888
292 558
1888 528
1888 1743
528 1870
1870 167
1870 907
167 348
167 1699
348 1485
348 389
1485 900
1485 518
900 222
900 1352
222 1306
222 2266
1306 339
1306 1237
339 810
339 2502
810 2201
2201 1205
1205 1488
1488 1463
1488 1405
1463 770
1463 930
770 579
579 1241
579 1523
1241 1329
1329 2660
2660 1062
2660 2843
1062 1173
1062 641
1173 587
1173 1435
587 79
587 1118
79 2370
2370 1436
1436 2452
2452 992
2452 236
992 2471
2471 2537
2537 2218
2537 909
2218 126
126 158
158 1044
1044 756
1044 577
756 82
82 2574
82 2886
2574 2015
2574 1097
2015 24
24 625
24 2647
625 1009
1009 1917
1917 519
1917 1277
519 33
33 739
739 182
182 279
182 904
279 1430
1430 1080
1430 1791
1080 508
508 546
546 2423
2423 2869
2869 2822
2869 2078
2822 1512
1512 1486
1486 915
1486 260
915 2151
2151 1190
1190 2402
1190 1589
2402 1548
2402 64
1548 1284
1284 1228
1228 866
866 2013
2013 2096
2013 208
2096 2080
2096 1385
2080 1494
2080 2028
1494 838
838 874
874 2544
2544 2545
2545 1880
2545 2241
1880 1617
1880 1215
1617 2260
1617 44
2260 71
71 2495
71 2568
2495 912
2495 886
912 2821
912 176
2821 26
26 809
809 197
197 326
326 730
730 2743
2743 1661
2743 2238
1661 358
358 1348
358 1822
1348 2095
2095 96
2095 1776
96 121
96 899
121 2692
2692 474
474 1957
1957 2192
1957 1670
2192 1835
1835 2637
2637 2500
2500 1669
2500 982
1669 2275
2275 15
2275 2357
15 1305
1305 1291
1291 1821
1291 1993
1821 503
503 1354
503 1006
1354 368
368 2427
2427 531
2427 2125
531 298
298 1137
298 924
1137 961
1137 1840
961 324
961 2853
324 439
324 278
439 134
134 2685
2685 1901
1901 2605
1901 1829
2605 1836
1836 234
1836 670
234 286
286 963
963 2384
963 107
2384 1429
1429 2001
1429 2104
2001 2895
2001 1620
2895 1514
1514 647
1514 2751
647 933
647 1165
933 199
199 1083
199 101
1083 2032
1083 2706
2032 294
2032 2397
294 2683
294 2816
2683 1164
2683 456
1164 2506
1164 2419
2506 1008
2506 994
1008 2434
1008 2634
2434 2635
2635 1522
2635 1782
1522 1590
1522 1213
1590 589
589 2121
589 2391
2121 2070
2121 2757
2070 1187
2070 1796
1187 2415
1187 1666
2415 1362
1362 691
1362 1111
691 772
691 42
772 434
772 406
434 1192
1192 760
1192 2067
760 90
760 1542
90 722
90 2522
722 2352
722 2765
2352 2712
2712 2519
2712 1740
2519 212
212 136
136 1007
1007 623
1007 66
623 1803
1803 1114
1803 716
1114 104
1114 454
104 1081
104 1853
1081 1304
1081 2159
1304 2826
1304 630
2826 765
2826 1592
765 2593
2593 1687
1687 938
938 2786
938 116
2786 2264
2264 397
397 2615
397 5
2615 2024
2615 189
2024 888
2024 266
888 2633
888 532
2633 949
2633 1938
949 1349
949 1671
1349 2344
2344 1984
1984 2173
2173 1635
1635 792
1635 2594
792 947
947 2607
947 1903
2607 2726
2607 2055
2726 975
2726 1595
975 440
440 1365
440 726
1365 2123
1365 1759
2123 1312
1312 574
574 789
574 741
789 2052
789 1129
2052 2784
2052 2708
2784 1810
2784 721
1810 1997
1810 1460
1997 60
60 2153
2153 1483
1483 1763
1483 619
1763 816
1763 2359
816 1492
1492 2465
2465 431
431 2033
2033 640
2033 576
640 2119
2119 110
2119 465
110 536
110 2837
536 794
794 19
19 1541
1541 2321
2321 1252
2321 1710
1252 472
472 1311
472 1937
1311 1979
1311 2881
1979 2129
2129 1568
2129 383
1568 97
1568 120
97 1246
97 1079
1246 1280
1280 377
1280 1416
377 333
333 962
333 306
962 752
962 2219
752 390
390 223
390 2297
223 2133
2133 655
655 1434
1434 1459
1459 447
447 1949
1949 163
163 1561
1561 814
1561 2819
814 1401
1401 2693
2693 890
890 959
959 1077
959 1273
1077 2060
1077 622
2060 572
2060 2058
572 1754
1754 1747
1754 1384
1747 2700
1747 1056
2700 1886
2700 719
1886 1082
1886 1108
1082 2873
1082 2515
2873 315
2873 1792
315 272
315 879
272 352
352 2723
2723 873
2723 1632
873 1330
1330 2705
1330 1948
2705 1806
1806 2087
1806 2186
2087 2856
2087 2789
2856 153
2856 2177
153 157
153 749
157 1982
157 351
1982 330
330 1593
330 2752
1593 2023
1593 1154
2023 636
636 2185
636 392
2185 2408
2185 484
2408 76
76 103
103 1869
1869 618
618 270
270 2551
2551 1454
2551 1259
1454 1414
1414 240
240 2350
240 1375
2350 1716
1716 627
1716 1326
627 2698
2698 1994
2698 1431
1994 2140
2140 1962
1962 2652
1962 1104
2652 22
22 1320
22 2200
1320 242
242 991
991 662
662 806
662 2392
806 2166
806 1851
2166 1138
2166 2198
1138 2767
2767 1683
1683 1527
1683 2793
1527 1934
1934 538
1934 2807
538 1337
1337 1947
1947 1608
1947 1990
1608 660
1608 2009
660 668
660 2120
668 507
668 1004
507 2291
507 2746
2291 591
2291 371
591 1845
1845 680
680 2579
2579 1069
1069 188
1069 1355
188 2498
2498 1295
2498 1848
1295 498
1295 322
498 1820
1820 2766
2766 1659
2766 381
1659 1621
1659 1842
1621 1646
1646 244
244 644
644 1086
644 2486
1086 1772
1772 2664
1772 858
2664 1846
2664 2437
1846 1727
1846 61
1727 1611
1727 2071
1611 1468
1468 2479
2479 1178
2479 119
1178 2182
2182 336
2182 2042
336 2290
2290 1149
2290 552
1149 2687
2687 88
2687 583
88 342
88 1503
342 2655
342 1692
2655 1766
1766 46
1766 1565
46 1247
46 1875
1247 656
656 1695
1695 2581
2581 1036
1036 1965
1036 1773
1965 1455
1455 2464
1455 2460
2464 1279
1279 1540
1540 1042
1042 2503
2503 1741
2503 1456
1741 616
616 1478
1478 1290
1290 2406
1290 2294
2406 1049
2406 2446
1049 252
1049 743
252 1470
252 771
1470 902
1470 2713
902 2781
902 1636
2781 2399
2399 94
2399 793
94 736
94 1202
736 553
736 1021
553 819
819 2160
819 2303
2160 2868
2160 740
2868 1294
1294 1813
1294 2525
1813 411
411 876
411 1098
876 1123
1123 976
976 650
650 2552
2552 445
445 444
445 41
444 2598
444 190
2598 2224
2224 2036
2036 2798
2036 604
2798 1730
1730 2472
1730 1839
2472 1674
2472 1921
1674 2404
1674 846
2404 1103
2404 1068
1103 1941
1103 2444
1941 544
1941 1923
544 2318
2318 1833
2318 38
1833 767
767 1373
767 1475
1373 940
940 100
100 1218
100 1328
1218 586
586 535
535 2695
2695 2673
2695 835
2673 85
85 1513
1513 265
1513 1029
265 1148
265 978
1148 1151
1151 1061
1061 1058
1058 2448
2448 1106
1106 477
477 2461
477 1885
2461 1128
2461 1856
1128 250
1128 661
250 404
404 2327
404 1587
2327 1894
2327 245
1894 952
952 2791
952 853
2791 2242
2242 592
592 958
592 83
958 2608
958 17
2608 837
2608 2640
837 1543
837 847
1543 2268
2268 993
993 1314
1314 1505
1314 2808
1505 2626
1505 2885
2626 1748
2626 2311
1748 1397
1397 2820
2820 862
2820 1270
862 1890
862 2702
1890 2565
1890 2366
2565 970
2565 1382
970 1313
970 1931
1313 2126
1313 1048
2126 1637
2126 2432
1637 2041
2041 2034
2034 1924
2034 950
1924 1146
1146 2401
1146 2487
2401 812
2401 1762
812 839
812 62
839 584
584 830
830 1171
1171 502
502 106
502 2455
106 2468
2468 2022
2022 354
2022 2449
354 2879
354 1285
2879 458
458 2234
2234 1227
1227 1020
1227 2859
1020 1534
1534 2650
2650 409
2650 2661
409 2049
409 2279
2049 720
2049 1988
720 115
115 1887
115 2081
1887 2093
2093 1991
2093 399
1991 1100
1991 231
1100 16
1100 289
16 1346
1346 1134
1346 2813
1134 216
1134 2191
216 301
301 1064
1064 1976
1064 185
1976 1391
1976 2493
1391 1174
1391 1019
1174 1387
1174 225
1387 1198
1198 412
1198 2762
412 303
412 2619
303 1350
1350 2774
1350 635
2774 1757
1757 671
