13 707 628159
1 11
1 12
11 4
4 9
4 2
9 7
9 8
7 6
7 10
6 3
6 5
3 13
196 670
670 684
684 52
52 553
553 343
343 77
343 384
77 211
211 439
211 336
439 484
439 632
484 597
597 42
597 631
42 370
42 79
370 239
370 329
239 478
239 480
478 437
437 318
318 410
318 171
410 194
194 127
194 427
127 166
127 451
166 117
117 704
704 262
262 61
262 613
61 536
536 230
230 436
436 476
436 291
476 187
476 702
187 598
187 82
598 691
598 301
691 80
691 170
80 422
80 594
422 278
278 205
278 310
205 556
556 279
556 457
279 619
279 590
619 281
281 378
378 300
378 63
300 463
463 323
463 442
323 94
323 419
94 604
604 173
173 34
34 576
34 241
576 448
448 137
137 218
137 494
218 19
218 390
19 449
19 518
449 504
449 444
504 606
606 136
606 701
136 184
184 611
184 512
611 40
40 337
40 452
337 83
83 331
331 119
119 707
707 85
707 582
85 140
85 69
140 58
58 369
58 686
369 411
411 407
411 102
407 304
407 327
304 265
304 662
265 374
265 319
374 46
46 24
24 454
24 54
454 135
135 455
455 460
460 609
460 542
609 131
131 37
131 1
37 481
37 406
481 492
481 105
492 207
492 678
207 667
207 659
667 540
540 309
309 622
622 363
622 415
363 71
363 552
71 648
71 342
648 689
648 642
689 160
689 348
160 366
160 376
366 396
366 561
396 526
526 554
526 443
554 98
554 467
98 357
357 186
357 143
186 312
312 78
312 60
78 246
246 445
445 153
445 546
153 394
153 333
394 271
271 535
271 112
535 578
578 383
578 626
383 57
383 219
57 524
57 283
524 322
524 73
322 433
322 144
433 696
433 562
696 249
696 502
249 644
644 134
134 267
267 456
456 44
456 23
44 141
44 129
141 475
141 150
475 299
299 53
299 602
53 592
592 675
675 539
675 259
539 618
618 176
618 543
176 527
527 344
527 487
344 620
620 577
577 177
577 276
177 282
177 557
282 458
282 418
458 651
651 351
651 192
351 248
248 334
334 403
334 274
403 367
403 373
367 545
367 4
545 596
545 235
596 364
364 99
364 534
99 120
120 541
541 288
541 647
288 199
199 103
199 628
103 179
179 564
564 671
671 215
215 625
215 252
625 115
625 679
115 495
495 482
482 202
202 188
202 25
188 573
188 666
573 62
62 529
62 474
529 11
11 285
285 616
285 208
616 116
116 234
234 17
17 142
142 264
264 317
317 181
181 638
638 175
175 486
486 228
486 122
228 65
228 530
65 22
22 652
652 693
693 154
693 30
154 434
154 146
434 563
563 588
588 130
588 49
130 45
130 64
45 550
45 70
550 483
550 89
483 232
232 289
232 585
289 446
446 217
217 296
217 47
296 420
420 617
420 353
617 568
568 356
568 408
356 690
356 346
690 464
464 321
321 506
506 84
506 664
84 412
412 314
412 151
314 39
39 657
657 56
56 110
110 450
450 581
581 335
581 688
335 430
335 182
430 575
430 509
575 87
575 223
87 580
87 507
580 284
284 516
284 76
516 404
516 266
404 203
404 398
203 400
400 490
400 338
490 209
209 59
59 681
59 101
681 305
305 178
305 658
178 244
244 629
244 113
629 21
21 424
424 20
424 537
20 358
358 496
358 522
496 15
496 257
15 148
148 673
673 100
100 3
100 214
3 401
401 273
401 174
273 126
126 697
126 677
697 555
555 470
470 320
470 280
320 579
320 514
579 138
138 303
303 2
303 8
2 18
2 567
18 339
18 43
339 269
269 114
114 519
114 416
519 229
519 694
229 612
229 462
612 469
612 293
469 649
469 465
649 256
649 29
256 560
560 50
560 191
50 165
50 645
165 324
324 414
414 621
414 572
621 185
185 349
349 247
349 172
247 515
247 593
515 595
595 198
198 532
198 636
532 108
108 491
491 104
491 313
104 237
237 263
237 74
263 488
488 639
639 206
206 565
565 81
81 106
106 68
68 473
68 67
473 605
605 31
605 93
31 123
31 395
123 28
123 368
28 169
28 429
169 253
169 161
253 325
325 521
325 435
521 90
521 261
90 121
90 523
121 5
5 685
5 226
685 547
547 286
286 200
200 245
200 290
245 250
250 655
655 268
268 308
268 513
308 124
308 311
124 391
124 571
391 162
162 221
221 132
132 706
132 111
706 128
128 607
128 687
607 240
240 699
699 381
381 35
381 352
35 55
35 375
55 471
55 570
471 499
499 468
499 405
468 477
468 479
477 298
298 549
298 27
549 109
549 637
109 603
603 163
163 399
399 92
399 700
92 201
201 566
201 551
566 388
566 243
388 528
388 589
528 661
528 574
661 634
661 95
634 371
371 601
601 315
601 520
315 341
315 306
341 409
341 96
409 641
641 12
641 332
12 149
149 302
302 623
302 425
623 650
650 500
500 466
466 608
466 508
608 51
608 517
51 360
51 643
360 88
360 118
88 533
533 350
350 397
350 493
397 242
242 210
242 379
210 238
238 600
238 441
600 75
600 159
75 584
75 680
584 330
330 326
330 559
326 656
326 377
656 627
627 180
627 277
180 347
347 6
347 340
6 438
6 511
438 32
32 292
32 14
292 501
501 624
624 233
233 485
233 16
485 461
485 591
461 646
646 558
558 204
204 421
204 354
421 432
421 195
432 213
213 653
653 66
66 168
66 41
168 538
168 389
538 316
538 385
316 255
255 139
255 7
139 669
139 417
669 682
682 440
440 510
440 489
510 91
91 9
91 705
9 164
164 453
453 307
453 190
307 703
703 260
260 640
640 156
156 97
97 531
97 297
531 251
251 26
251 428
26 459
26 236
459 663
459 270
663 10
663 227
10 197
197 13
13 392
13 72
392 544
392 654
544 503
503 220
503 287
220 258
258 698
698 413
698 586
413 615
615 275
615 152
275 630
275 272
630 614
614 382
614 672
382 157
382 212
157 372
372 635
635 497
497 365
497 569
365 193
365 505
193 583
583 692
692 548
692 695
548 38
548 361
38 48
38 472
48 328
328 423
423 525
423 665
525 674
525 362
674 402
402 155
155 599
155 254
599 183
599 393
183 216
216 355
355 33
33 345
345 147
345 668
147 380
147 660
380 133
133 683
683 294
294 633
294 36
633 359
359 189
359 167
189 295
295 610
295 158
610 86
610 676
86 224
86 225
224 447
224 107
447 222
222 145
222 498
145 426
426 125
125 387
125 386
387 587
587 431
431 231
