3 2946 962662727
3 2
3 1
1548 2816
1548 2611
2816 1191
2816 2281
1191 1908
1191 1987
1908 2934
2934 2898
2934 2493
2898 2116
2116 1659
2116 1136
1659 896
1659 1276
896 1681
1681 2282
2282 107
2282 1065
107 1631
1631 2814
1631 452
2814 718
2814 1050
718 2436
2436 258
258 1768
1768 1845
1768 825
1845 82
82 652
652 616
616 677
677 1993
677 304
1993 842
1993 1367
842 401
842 1415
401 1526
1526 670
1526 1479
670 145
670 1730
145 2279
145 44
2279 770
770 700
770 272
700 2548
2548 1158
1158 212
212 1528
1528 1642
1642 875
1642 1876
875 1687
1687 55
55 528
528 1708
1708 1561
1561 1758
1561 2276
1758 1059
1758 2554
1059 2292
1059 2550
2292 1833
1833 2914
1833 83
2914 999
2914 2306
999 1030
999 1183
1030 742
1030 2692
742 2776
2776 193
2776 506
193 2783
193 2735
2783 2135
2135 1628
1628 1967
1628 2100
1967 2598
1967 2317
2598 1391
1391 645
1391 986
645 752
645 1565
752 1027
1027 814
814 504
814 2569
504 1532
1532 2624
2624 2410
2624 370
2410 2658
2410 2459
2658 1142
1142 560
560 2536
560 2526
2536 2165
2165 1964
1964 1317
1964 329
1317 1357
1357 1448
1357 61
1448 2690
2690 2238
2238 854
2238 1670
854 2344
854 136
2344 1186
1186 1208
1186 539
1208 2478
1208 2389
2478 1036
2478 1446
1036 767
1036 2794
767 1314
767 2031
1314 232
1314 2747
232 1171
232 961
1171 1254
1171 1327
1254 2869
2869 2505
2505 113
2505 1603
113 835
113 1919
835 2158
2158 2855
2855 123
123 740
123 164
740 449
449 414
414 2802
2802 1907
2802 2283
1907 413
1907 2243
413 2917
2917 276
2917 1467
276 2299
2299 2037
2037 255
255 1381
1381 1868
1381 807
1868 588
588 1080
588 2069
1080 1132
1132 2075
2075 243
2075 184
243 870
243 1724
870 2445
2445 111
111 798
111 759
798 977
977 839
977 2780
839 1572
839 178
1572 1210
1572 984
1210 1201
1210 899
1201 260
260 681
260 952
681 1947
1947 2056
1947 2110
2056 2109
2109 2758
2109 1450
2758 1497
1497 2866
2866 2126
2866 2874
2126 1166
1166 2345
2345 2770
2345 1174
2770 735
735 1974
1974 1949
1949 1595
1949 2567
1595 1570
1595 1517
1570 2906
2906 78
78 683
683 1359
683 1493
1359 2890
1359 1233
2890 572
2890 2085
572 1207
1207 2039
1207 764
2039 632
632 2349
2349 924
2349 1312
924 2512
2512 2213
2512 2791
2213 1090
2213 21
1090 1915
1090 1634
1915 89
1915 1859
89 2223
2223 2837
2223 1761
2837 315
2837 2350
315 326
326 1641
1641 447
1641 262
447 2583
447 2564
2583 880
880 2708
2708 1994
2708 196
1994 1439
1439 531
531 582
582 2399
2399 750
2399 443
750 2530
2530 804
804 1856
804 2932
1856 1234
1234 2166
1234 2759
2166 156
156 511
156 571
511 311
511 641
311 2488
2488 2432
2488 2341
2432 2426
2432 2641
2426 495
2426 787
495 522
495 1837
522 2423
2423 1104
1104 1488
1104 2875
1488 711
1488 1950
711 534
534 2351
534 1146
2351 2882
2351 2033
2882 1886
2882 333
1886 2159
1886 2757
2159 2817
2159 2252
2817 2264
2817 1370
2264 2856
2264 283
2856 654
2856 1460
654 1303
654 1172
1303 1165
1303 134
1165 2761
2761 1513
2761 77
1513 508
1513 2194
508 124
508 1709
124 862
124 2088
862 2454
2454 2370
2370 1525
2370 1337
1525 895
895 1156
1156 2390
2390 878
878 2052
878 187
2052 2582
2582 567
2582 269
567 1257
1257 1744
1257 1040
1744 1310
1744 1362
1310 1935
1310 18
1935 894
1935 373
894 1971
894 843
1971 1663
1663 2754
1663 11
2754 1428
2754 2818
1428 224
1428 992
224 380
380 1490
380 2915
1490 968
968 974
968 1799
974 2169
974 2137
2169 615
615 1957
615 2621
1957 1629
1629 1531
1629 2413
1531 2103
1531 2393
2103 360
360 2720
360 2237
2720 2787
2787 1721
1721 1151
1151 2669
2669 597
597 231
597 1925
231 2822
231 1546
2822 2101
2822 2533
2101 1334
1334 1397
1334 1544
1397 863
1397 794
863 2313
2313 2401
2401 466
2401 1004
466 439
439 464
464 1333
1333 2002
2002 2552
2002 173
2552 1911
1911 2712
2712 105
2712 2092
105 1206
105 207
1206 2138
2138 2143
2143 313
313 514
313 1798
514 2301
2301 2640
2301 2146
2640 714
2640 2053
714 1543
1543 507
507 747
747 220
747 2614
220 2208
220 2200
2208 2041
2041 394
2041 2125
394 1494
1494 1867
1494 2872
1867 281
281 56
281 2057
56 2438
2438 1630
2438 502
1630 2240
1630 1551
2240 261
2240 1755
261 1383
1383 2628
1383 2307
2628 257
2628 2781
257 287
257 591
287 2693
287 2248
2693 2829
2693 278
2829 715
715 1920
1920 1199
1920 2823
1199 745
1199 1910
745 48
745 1047
48 2619
2619 2417
2619 933
2417 2192
2192 2842
2842 2605
2842 2381
2605 1184
2605 693
1184 363
1184 1114
363 2055
363 2131
2055 1277
2055 2667
1277 658
1277 1785
658 57
658 2808
57 2235
57 1753
2235 2726
2235 2149
2726 1427
2726 1912
1427 1209
1209 2141
1209 1457
2141 2472
2141 541
2472 907
907 2810
2810 1409
1409 503
503 2718
2718 2541
2541 345
2541 1109
345 2620
345 1667
2620 1229
1229 2743
1229 1487
2743 643
2743 1176
643 2009
643 1905
2009 1976
2009 796
1976 2073
2073 1550
1550 1637
1637 1893
1637 47
1893 1218
1893 966
1218 1991
1991 1817
1991 996
1817 158
1817 947
158 1841
158 847
1841 280
280 1076
1076 1946
1946 209
209 1797
1797 368
1797 146
368 435
368 2378
435 2361
2361 1111
1111 2939
1111 421
2939 2902
2939 1105
2902 2047
2047 2746
2047 37
2746 2087
2746 2233
2087 151
2087 2059
151 791
151 135
791 997
997 2368
2368 963
2368 736
963 2740
2740 1527
1527 1903
1903 2813
1903 2587
2813 320
2813 383
320 805
320 1936
805 1975
1975 2358
2358 312
312 1889
312 2018
1889 2639
2639 914
2639 1842
914 723
723 2617
2617 2873
2873 1070
2873 668
1070 2228
1070 27
2228 2060
2060 1509
1509 2710
2710 1812
2710 2205
1812 2115
1812 2210
2115 377
2115 2778
377 930
377 69
930 1506
930 1635
1506 1616
1506 906
1616 1432
1616 1926
1432 2211
1432 2334
2211 28
28 1086
1086 1875
1086 1224
1875 407
1875 6
407 1498
407 1743
1498 1270
1498 384
1270 1870
1870 1018
1018 1598
1018 2513
1598 1537
1598 494
1537 1675
1537 2114
1675 2698
2698 2383
2383 1710
1710 886
886 175
175 1293
1293 662
1293 2274
662 2828
662 2723
2828 2133
2133 743
2133 834
743 2176
2176 686
2176 322
686 1825
1825 2199
2199 2448
2199 478
2448 88
2448 2795
88 2558
2558 1006
2558 1052
1006 2638
2638 716
716 578
578 1048
1048 1714
1048 1899
1714 493
1714 614
493 627
627 244
244 869
869 112
112 2907
2907 525
2907 1813
525 2076
2076 2590
2590 2687
2590 780
2687 2551
2551 1848
2551 836
1848 1249
1848 420
1249 415
415 2573
415 829
2573 1660
1660 2626
2626 1385
2626 2321
1385 289
1385 1885
289 2269
2269 2430
2269 2457
2430 1053
1053 577
577 1997
577 1846
1997 1077
1997 581
1077 2941
2941 237
237 1325
1325 194
1325 1355
194 975
975 202
202 2106
2106 1973
1973 1182
1182 1055
1182 2510
1055 2385
1055 596
2385 390
390 2316
2316 2655
2316 2888
2655 1037
1037 603
603 1387
603 1669
1387 2713
1387 306
2713 398
398 1499
1499 1127
1499 58
1127 2012
1127 1625
2012 983
2012 738
983 2618
983 2127
2618 2507
2618 201
2507 1344
1344 2189
2189 1645
1645 2560
1645 2675
2560 33
33 1571
1571 659
659 2924
2924 14
2924 2024
14 1135
14 2272
1135 2082
1135 820
2082 994
994 2850
2850 2666
2666 2921
2666 214
2921 1286
1286 657
1286 748
657 2520
2520 2549
2520 2096
2549 314
314 951
314 2905
951 1909
951 1134
1909 2013
2013 964
964 2514
964 1800
2514 2130
2514 168
2130 1436
1436 480
1436 350
480 2523
2523 2604
2604 1044
1044 2439
1044 1989
2439 1695
1695 728
728 248
728 1895
248 2193
2193 969
969 1602
1602 1358
1602 365
1358 1751
1751 1331
1331 34
1331 1914
34 753
753 1704
753 1536
1704 1722
1722 638
1722 2284
638 2769
638 1514
2769 130
2769 485
130 2673
2673 2107
2673 542
2107 1788
2107 233
1788 9
9 1418
9 218
1418 1131
1418 1468
1131 1029
1029 2083
2083 2175
2083 2025
2175 1309
2175 2201
1309 1364
1309 265
1364 2180
1364 1646
2180 2010
2180 2571
2010 1212
1212 1754
1754 2908
1754 1742
2908 2887
2887 2019
2887 987
2019 1983
2019 945
1983 195
1983 1705
195 2911
2911 87
87 2418
2418 1671
2418 1173
1671 1268
1671 116
1268 1289
1268 2464
1289 2677
2677 2913
2913 2070
2913 2337
2070 1647
2070 1422
1647 2627
1647 1828
2627 2120
2120 49
49 2202
2202 801
801 2773
2773 2160
2160 832
2160 2811
832 1253
832 2744
1253 867
1253 2586
867 1805
867 955
1805 468
468 2254
468 2922
2254 2799
2254 2
2799 2678
2799 2455
2678 1649
2678 54
1649 1227
1649 2561
1227 2782
2782 2121
2782 2380
2121 1524
1524 1807
1524 2263
1807 2593
1807 2916
2593 2788
2788 347
2788 94
347 1034
347 2685
1034 2089
1034 1952
2089 864
864 2622
2622 1554
1554 302
302 423
302 985
423 2310
2310 2204
2204 1745
2204 562
1745 2840
1745 1113
2840 1618
1618 923
1618 1873
923 430
430 2474
430 2298
2474 709
709 1291
709 1849
1291 1275
1291 2503
1275 1213
1213 2325
1213 1349
2325 1619
2325 1612
1619 339
339 821
821 1123
821 1542
1123 1033
1033 223
223 2330
2330 2481
2330 472
2481 2599
2599 1879
1879 2183
1879 1511
2183 808
2183 450
808 2559
808 36
2559 1770
2559 2331
1770 1690
1690 666
666 675
675 934
934 1702
1702 824
824 575
575 2111
2111 2203
2203 1823
1823 653
1823 2660
653 2074
2074 1287
1287 2544
2544 2422
2422 972
2422 1996
972 2733
972 2394
2733 1380
1380 2631
1380 2187
2631 602
2631 621
602 721
721 731
721 634
731 15
15 2704
2704 937
937 41
937 2634
41 1900
1900 2880
1900 2286
2880 639
2880 1862
639 1190
639 288
1190 1678
1678 1727
1727 1970
1970 904
904 1153
904 2461
1153 2717
2717 1960
1960 1238
1238 631
631 2804
2804 1668
1668 2542
1668 2876
2542 1762
2542 1079
1762 2798
2798 727
2798 1338
727 2734
2734 2348
2348 1507
1507 684
684 1661
1661 364
1661 2196
364 593
593 317
317 1913
1913 1192
1913 1437
1192 2186
2186 2268
2186 2004
2268 60
2268 782
60 1685
60 1382
1685 1728
1685 2751
1728 2515
1728 456
2515 1469
1469 900
1469 1680
900 547
547 2420
547 2662
2420 990
2420 327
990 397
397 519
397 671
519 1060
1060 1267
1267 488
1267 16
488 532
532 917
917 1864
1864 328
1864 2244
328 2516
2516 2097
2097 1679
1679 428
428 219
219 132
132 40
132 475
40 2132
40 2864
2132 2044
2044 888
888 1420
1420 75
1420 640
75 375
375 1298
375 448
1298 713
713 769
713 117
769 2903
769 127
2903 2148
2148 2405
2405 604
2405 2809
604 2753
2753 2557
2753 1473
2557 841
2557 1923
841 1405
841 2944
1405 119
1405 3
119 649
119 1604
649 2852
2852 1200
2852 114
1200 1005
1005 2029
2029 1658
2029 763
1658 197
197 2806
197 1103
2806 664
2806 64
664 337
664 1606
337 2050
2050 1779
2050 2346
1779 71
1779 846
71 1917
1917 594
594 688
688 1039
1039 722
1039 2142
722 2694
2694 746
2694 2643
746 2312
2312 2303
2303 1066
2303 2342
1066 378
378 2249
2249 198
2249 687
198 73
73 1806
73 1809
1806 1216
1216 1882
1882 1215
1215 2363
1215 2362
2363 2613
2613 139
139 2367
139 1339
2367 53
2367 109
53 477
53 1477
477 332
332 1394
332 2801
1394 393
393 1406
1406 19
1406 1462
19 776
776 1378
776 2300
1378 1054
1054 1368
1368 661
1368 409
661 2258
661 1866
2258 2688
2688 816
2688 893
816 822
816 126
822 868
822 2508
868 1139
1139 938
1139 342
938 861
861 2807
861 1159
2807 2118
2807 1211
2118 2525
2118 221
2525 2836
2525 1483
2836 561
2836 1746
561 1716
1716 623
623 1021
1021 2656
2656 2328
2328 915
2328 2227
915 52
915 1130
52 404
52 1379
404 2400
404 2671
2400 2703
2400 941
2703 2517
2517 1348
2517 1608
1348 159
1348 636
159 121
121 1966
1966 1617
1617 793
793 2185
793 1662
2185 341
341 1075
1075 2222
2222 1954
2222 1078
1954 2528
2528 2391
2391 1323
1323 689
689 1640
1640 2442
1640 1119
2442 2409
2409 1096
1096 1979
1979 1750
1750 1126
1126 2741
1126 2501
2741 2007
2007 2863
2863 137
2863 2403
137 103
103 1594
103 203
1594 2028
2028 1720
1720 1084
1084 1274
1084 1305
1274 1470
1470 2241
2241 2288
2288 2609
2609 1447
1447 1235
1235 2935
1235 998
2935 789
789 2752
789 2347
2752 1320
2752 2184
1320 851
851 739
851 2062
739 1794
739 1815
1794 527
527 405
527 431
405 2584
2584 2016
2016 2232
2016 771
2232 1738
1738 2102
1738 2216
2102 10
2102 872
10 361
361 669
361 833
669 2485
669 74
2485 2492
2485 2021
2492 2585
2492 537
2585 2574
2585 2323
2574 1402
1402 707
707 946
946 298
298 2357
298 2665
2357 1654
1654 1601
1654 2150
1601 13
13 2066
2066 1013
1013 1100
1100 1150
1100 2603
1150 1530
1150 1535
1530 1831
1831 459
459 2768
2768 70
70 845
845 877
845 2094
877 887
877 142
887 1764
887 813
1764 1246
1246 592
592 518
592 1944
518 305
305 1102
305 1729
1102 101
1102 642
101 1986
1986 2661
1986 1736
2661 1555
2661 1609
1555 784
784 2134
784 903
2134 2540
2540 400
2540 1782
400 1167
1167 538
538 884
538 576
884 676
676 451
676 1294
451 2793
2793 432
432 1653
1653 2597
2597 2648
2597 2731
2648 1360
2648 618
1360 1723
1723 330
1723 1251
330 2296
2296 1255
2296 301
1255 211
1255 1413
211 672
672 699
699 1141
1141 2095
2095 601
2095 1180
601 806
601 2851
806 30
30 1916
1916 2805
2805 1319
1319 1225
1319 2580
1225 483
483 106
106 2354
106 2535
2354 1292
1292 1300
1292 1072
1300 1178
1178 2319
2319 2858
2858 2214
2858 352
2214 93
93 1684
1684 1611
1684 726
1611 2217
2217 2046
2046 1478
1478 2218
2218 1426
1426 335
1426 1636
335 583
335 291
583 2555
2555 403
2555 883
403 758
403 797
758 1128
758 149
1128 225
1128 2596
225 1657
1657 1969
1657 2539
1969 453
453 954
453 1221
954 411
954 97
411 2215
411 1396
2215 981
2215 1140
981 39
39 2373
2373 1371
2373 284
1371 611
1371 2527
611 2473
2473 7
7 2382
7 1043
2382 2701
2382 2270
2701 1890
1890 358
358 995
995 1576
995 2725
1576 1056
1056 2327
1056 1269
2327 2421
2421 500
500 1972
1972 2177
1972 1583
2177 1203
1203 254
254 2711
2711 1692
1692 1188
1188 660
1188 1874
660 624
660 1491
624 1980
1980 837
1980 543
837 1627
1627 1363
1627 1539
1363 1137
1137 2042
1137 2860
2042 131
131 2255
2255 2230
2255 2242
2230 823
2230 391
823 1223
1223 1295
1295 1388
1388 1689
1689 1232
1689 1999
1232 2072
2072 2246
2072 191
2246 2930
2246 1016
2930 2819
2819 2524
2524 2721
2524 1672
2721 1759
1759 692
1759 2531
692 2098
2098 1740
2098 1881
1740 827
827 2885
2885 63
2885 1398
63 1519
1519 1928
1519 46
1928 2376
1928 474
2376 1838
1838 1772
1838 2387
1772 98
1772 1492
98 1790
98 2339
1790 1984
1984 1242
1984 1557
1242 775
1242 2451
775 2929
775 2182
2929 290
2929 2715
290 2499
2499 628
2499 66
628 970
970 1633
1633 2079
2079 2071
2071 2664
2071 725
2664 773
2664 1573
773 857
773 2058
857 936
936 355
936 2522
355 712
712 786
786 2386
786 720
2386 1471
1471 909
1471 162
909 369
369 512
369 1290
512 38
38 1523
38 227
1523 2225
2225 1734
1734 526
526 2458
526 386
2458 1393
2458 544
1393 2763
2763 1839
1839 919
1839 2602
919 1564
1564 1696
1696 1115
1696 2224
1115 2923
2923 1951
1951 2128
2128 1802
1802 523
1802 2904
523 252
523 1147
252 2038
252 1074
2038 916
916 1063
1063 1403
1403 2297
2297 2581
2297 2397
2581 2506
2506 446
2506 546
446 274
274 2936
2936 2032
2936 765
2032 371
371 2538
371 873
2538 2775
2538 95
2775 482
482 809
482 1760
809 2365
2365 1220
1220 338
338 2335
338 62
2335 1098
1098 1474
1474 856
856 300
300 1715
1715 1501
1501 540
1501 1567
540 486
540 1088
486 2575
2575 866
2575 2900
866 1697
1697 234
234 402
234 1860
402 876
402 682
876 1644
1644 2195
1644 635
2195 2511
2195 2891
2511 353
353 1366
1366 536
1366 2163
536 215
215 296
215 2766
296 1505
1505 1577
1505 2892
1577 1771
1577 2695
1771 2707
1771 1421
2707 584
584 1732
1732 2750
2750 1160
1160 1592
1592 497
497 1433
1433 554
554 492
554 2927
492 2084
2084 625
625 457
625 343
457 1701
1701 1757
1701 1121
1757 1698
1698 2441
1698 648
2441 838
838 1811
1811 2832
1811 96
2832 2755
2755 755
2755 1354
755 72
72 2155
2155 1773
1773 1749
1773 1510
1749 1441
1441 275
275 2910
2910 2477
2910 462
2477 2099
2477 2509
2099 1032
1032 170
1032 2867
170 268
170 599
268 2067
2067 2729
2729 637
2729 2190
637 108
637 2340
108 429
108 172
429 1282
429 128
1282 141
141 460
460 2607
2607 2600
2607 35
2600 22
22 1263
22 319
1263 1844
1263 1089
1844 2926
1844 795
2926 1861
2926 2633
1861 1898
1898 2206
2206 2857
2857 2257
2257 1175
2257 2091
1175 1726
1175 2314
1726 2760
1726 498
2760 2261
2261 831
2261 12
831 1239
1239 1335
1335 2877
1335 2063
2877 1677
2877 754
1677 1942
1942 2000
2000 2174
2174 2151
2174 1719
2151 2364
2364 790
2364 2167
790 2895
2895 293
2895 406
293 2681
293 2635
2681 803
2681 551
803 1765
803 1133
1765 732
732 931
931 1110
1110 379
1110 828
379 2256
379 1252
2256 416
2256 2112
416 517
416 1445
517 993
517 2601
993 1361
993 1365
1361 2468
1361 2625
2468 2290
2290 469
469 222
222 2826
2826 557
557 1244
557 1028
1244 1416
1416 344
344 200
200 1311
200 756
1311 471
1311 273
471 580
580 1579
580 2294
1579 1162
1579 1963
1162 484
1162 2764
484 2649
2649 2645
2645 579
579 294
294 1927
294 104
1927 913
913 1857
1857 556
1857 2356
556 1711
556 2642
1711 2431
2431 1495
2431 118
1495 1686
1495 1181
1686 2030
2030 529
2030 2490
529 2853
2853 2293
2853 267
2293 2427
2427 307
2427 2136
307 1739
307 426
1739 1863
1739 325
1863 1356
1356 1652
1652 2815
2815 1955
2815 2245
1955 1434
1955 848
1434 425
1434 2543
425 844
844 441
844 1929
441 2739
2739 1894
2739 1340
1894 279
279 1198
279 920
1198 2236
2236 2771
2771 1961
2771 1464
1961 1777
1777 1981
1777 865
1981 1827
1827 918
918 897
897 2108
2108 2724
2724 1347
2724 630
1347 1485
1485 2777
2777 374
374 1020
1020 1297
1020 1795
1297 1584
1584 1444
1584 585
1444 2897
1444 1350
2897 309
2897 1442
309 1694
309 2579
1694 2577
2577 1673
1673 205
205 1449
1449 2545
2545 1538
1538 2359
1538 564
2359 372
372 381
372 1547
381 1179
381 65
1179 2402
1179 2332
2402 2051
2402 206
2051 1832
2051 785
1832 1
1832 2226
1 2612
1 1417
2612 679
679 263
263 481
263 1342
481 1621
1621 465
1621 772
465 2797
2797 605
605 1883
1883 2578
2578 147
147 213
147 1122
213 980
213 2229
980 1541
980 853
1541 1112
1541 1273
1112 1620
1620 555
1620 1459
555 1022
1022 2709
2709 249
2709 138
249 558
558 1869
1869 696
696 1343
1343 2266
1343 102
2266 2015
2266 100
2015 2188
2188 1940
2188 189
1940 1169
1940 2591
1169 188
188 1978
1978 86
1978 2360
86 2879
86 354
2879 2162
2162 1643
2162 1265
1643 1259
1259 2462
1259 905
2462 32
2462 2889
32 2668
2668 570
570 422
422 2589
422 1665
2589 1737
2589 1783
1737 1222
1222 1453
1453 1431
1431 2465
2465 417
417 1512
417 24
1512 1407
1512 559
1407 434
1407 1288
434 2291
2291 2774
2774 1091
1091 50
1091 734
50 2247
50 1921
2247 438
2247 1878
438 2565
2565 250
250 1822
250 230
1822 2553
1822 2532
2553 1170
1170 2521
2521 1877
2521 2395
1877 2424
2424 1496
1496 216
216 2086
2086 79
2086 1038
79 1399
79 2834
1399 2878
1399 2847
2878 1560
1560 774
774 1489
1489 1107
1107 2260
1107 1600
2260 737
737 840
737 2278
840 2824
840 741
2824 607
2824 2129
607 2899
607 2090
2899 921
921 2728
921 2562
2728 2546
2546 43
2546 1087
43 1278
1278 1425
1278 1455
1425 1769
1769 1901
1769 1959
1901 1458
1458 1624
1624 424
424 1308
1308 1756
1308 1953
1756 2392
2392 1306
1306 2496
2496 1691
2496 1674
1691 1025
1025 1152
1152 2250
1152 182
2250 792
2250 282
792 2140
2140 1865
2140 2040
1865 2689
1865 1688
2689 2068
2068 530
2068 510
530 650
530 768
650 1992
1992 2407
2407 2379
2379 1626
1626 973
973 744
744 1058
1058 1596
1596 1061
1596 366
1061 698
698 2023
2023 2045
2023 1247
2045 1918
1918 1808
1918 1522
1808 1613
1613 1318
1613 1157
1318 99
1318 1328
99 2606
2606 566
566 890
890 1588
1588 1435
1435 520
1435 264
520 1163
1163 1534
1163 1352
1534 2748
1534 1168
2748 891
2748 2475
891 1552
891 239
1552 2696
1552 2827
2696 1125
2696 2893
1125 1045
1045 2425
2425 2170
2425 2844
2170 2610
2170 2273
2610 467
2610 2452
467 81
81 1520
81 1556
1520 2909
2909 800
800 948
800 2022
948 331
331 501
501 110
501 1872
110 286
110 489
286 815
286 143
815 2375
2375 1988
2375 568
1988 1042
1988 1097
1042 2355
2355 2152
2355 2078
2152 962
2152 2865
962 167
167 2632
167 1094
2632 2919
2919 1108
1108 1012
1108 2435
1012 1304
1012 348
1304 2594
2594 1392
1392 295
295 1486
295 777
1486 2502
1486 1384
2502 574
2502 1931
574 957
957 177
957 2861
177 819
177 1228
819 830
819 1466
830 783
783 2239
783 2676
2239 1101
2239 587
1101 1614
1614 1187
1187 150
1187 1585
150 2219
2219 90
90 1840
1840 926
1840 2265
926 165
165 2925
2925 129
2925 2429
129 2157
2157 939
939 1049
1049 2884
2884 2304
2304 695
2304 256
695 476
695 1375
476 1586
1586 2428
2428 2691
2428 2080
2691 1353
2691 1622
1353 1217
1353 2487
1217 1607
1217 2494
1607 2519
1607 292
2519 1515
1515 1202
1515 2940
1202 710
1202 2447
710 2172
710 1099
2172 2371
2371 1500
1500 589
1500 1195
589 2722
589 1463
2722 2896
2722 1748
2896 42
42 2414
2414 959
959 1117
1117 1540
1540 2636
1540 2054
2636 1582
1582 2434
2434 1401
1401 1414
1401 1386
1414 2918
2918 1376
1376 208
1376 179
208 76
208 2839
76 217
217 2035
217 524
2035 656
656 67
67 2470
2470 2835
2835 922
922 2123
2123 1793
1793 1651
1651 1904
1904 2179
1904 1733
2179 1965
1965 1194
1965 598
1194 1031
1031 2034
2034 703
703 174
703 160
174 1735
174 210
1735 92
92 1707
92 521
1707 2566
2566 2647
2647 779
2647 171
779 940
940 1763
1763 943
1763 2572
943 1189
1189 2745
2745 1144
2745 1796
1144 563
1144 701
563 706
563 1504
706 1373
706 2679
1373 2077
2077 1154
1154 885
885 1766
1766 1106
1766 1092
1106 2920
1106 1559
2920 761
761 2848
2848 1256
2848 2719
1256 1871
1256 2011
1871 1682
1871 781
1682 1824
1824 242
1824 552
242 788
788 2006
2006 2221
2006 2017
2221 1284
2221 235
1284 932
1284 1804
932 935
935 1699
1699 1456
1456 2684
2684 1888
1888 1041
1888 2946
1041 2570
1041 2825
2570 1574
1574 2374
2374 2026
2374 1262
2026 1664
2026 1143
1664 2003
1664 1440
2003 316
2003 2471
316 1826
1826 565
1826 2154
565 655
655 251
251 2833
2833 2537
2833 2168
2537 647
647 949
647 120
949 1887
1887 336
1887 1248
336 730
336 505
730 1801
730 2785
1801 2220
1801 2372
2220 246
246 1791
1791 1562
1791 2786
1562 925
1562 1968
925 1939
1939 988
988 2595
2595 733
733 1948
1948 8
1948 2122
8 2483
8 1138
2483 1835
1835 2171
2171 1245
2171 2388
1245 2308
2308 2942
2942 2181
2181 2377
2377 266
2377 991
266 1792
266 1977
1792 1666
1666 1272
1666 2415
1272 2945
1272 1558
2945 1852
1852 2456
1852 2933
2456 2444
2456 1241
2444 2644
2444 1933
2644 1858
1858 1958
1958 1465
1465 125
125 31
31 1533
1533 29
29 1821
29 708
1821 950
1821 2251
950 978
978 1322
978 1430
1322 1390
1390 553
553 2398
2398 550
550 1419
550 1081
1419 1250
1250 697
1250 2928
697 1836
1836 1655
1655 152
152 1938
152 690
1938 2369
2369 1073
1073 2338
2338 324
2338 2396
324 2164
2164 436
436 1155
1155 1518
1518 499
499 1017
499 1924
1017 2322
1017 1578
2322 678
2322 2469
678 1816
678 2749
1816 613
1816 1941
613 513
513 928
513 1563
928 2849
2849 674
2849 871
674 1219
674 2498
1219 1026
1026 388
1026 2716
388 1902
1902 2881
1902 704
2881 1781
1781 2830
1781 2333
2830 1001
1001 908
908 1280
1280 1451
1280 1897
1451 1566
1451 51
1566 1502
1502 321
321 437
321 1985
437 1372
437 2659
1372 1452
1372 1429
1452 898
898 2653
2653 2800
2800 1316
2800 1377
1316 1002
1002 620
1002 1648
620 1717
620 1424
1717 357
1717 1482
357 2486
357 4
2486 1204
1204 989
989 367
367 1324
1324 901
1324 717
901 751
751 2311
751 953
2311 1906
1906 2868
1906 960
2868 2093
2868 516
2093 2886
2093 440
2886 2789
2886 1145
2789 2173
2173 1521
2173 609
1521 1508
1521 1884
1508 2446
2446 606
2446 1934
606 1389
606 362
1389 157
1389 2670
157 2871
2871 2443
2871 2736
2443 927
2443 2212
927 2366
2366 1623
1623 181
181 1725
181 2504
1725 1820
1820 2139
2139 612
2139 1035
612 1185
1185 238
1185 1236
238 2309
2309 855
855 2161
2161 245
245 2931
2931 1307
2931 385
1307 2450
1307 982
2450 1529
1529 85
1529 1082
85 1205
1205 1591
1205 20
1591 2838
2838 427
2838 2329
427 2482
2482 2191
2482 133
2191 2384
2384 2008
2008 548
2008 1789
548 1767
1767 1281
1281 2119
1281 323
2119 778
2119 2714
778 1610
778 1423
1610 240
1610 2449
240 1712
1712 705
705 2460
705 236
2460 2065
2460 199
2065 2231
2065 1057
2231 573
573 2014
573 766
2014 1412
2014 169
1412 2406
1412 2894
2406 1778
2406 303
1778 2732
1778 1085
2732 1747
2732 1015
1747 1774
1747 408
1774 382
382 569
569 881
569 1847
881 1843
1843 1009
1843 349
1009 80
1009 1995
80 2411
2411 1982
2411 271
1982 586
1982 2859
586 2408
586 155
2408 2275
2408 491
2275 84
84 2147
84 1411
2147 2144
2144 1196
1196 2831
1196 1193
2831 2738
2738 729
729 1990
1990 2912
1990 2178
2912 912
2912 2623
912 2479
912 461
2479 229
2479 259
229 496
229 1962
496 1258
1258 1553
1258 971
1553 2683
2683 944
2683 2484
944 1475
944 911
1475 1731
1731 1810
1731 1549
1810 2049
2049 2518
2049 1369
2518 1283
2518 1345
1283 247
1283 1703
247 680
680 1776
1776 1443
1443 1124
1443 1410
1124 2324
2324 1896
2324 1336
1896 2854
1896 1741
2854 1932
1932 418
418 2608
418 1408
2608 226
226 473
226 2765
473 23
473 691
23 2463
2463 2287
2287 148
2287 2790
148 2650
148 1374
2650 1064
2650 1656
1064 1461
1064 549
1461 270
270 318
270 1067
318 889
318 180
889 1332
889 2686
1332 818
818 392
392 1069
1069 976
1069 2812
976 1003
976 1818
1003 163
163 2901
2901 1240
2901 2207
1240 1177
1177 2762
1177 1161
2762 1279
2762 2651
1279 2697
2697 515
2697 600
515 1593
1593 140
1593 2315
140 1148
140 874
1148 1891
1891 2326
2326 1226
1226 1118
1226 1149
1118 387
387 1266
1266 2547
2547 1019
1019 2742
1019 2081
2742 2529
2742 1011
2529 2630
2630 2652
2652 2433
2652 1853
2433 490
490 45
490 1599
45 2289
45 2654
2289 626
2289 610
626 2466
2466 749
749 629
629 277
629 2772
277 2302
277 1587
2302 1296
2302 2453
1296 1315
1315 719
1315 2500
719 1775
719 1068
1775 5
1775 2674
5 2048
2048 1922
2048 1271
1922 26
1922 1834
26 25
25 1326
25 395
1326 533
533 509
533 1780
509 1129
1129 68
1129 2489
68 665
68 902
665 2730
665 2285
2730 1480
2730 2416
1480 2497
1480 2706
2497 2846
2497 2480
2846 1706
2846 2117
1706 144
1706 910
144 2036
144 619
2036 2234
2036 1784
2234 956
956 2259
2259 2862
2259 2699
2862 1851
1851 762
762 1693
762 2843
1693 2412
2412 760
760 1230
1230 702
1230 185
702 2680
2680 91
91 2437
2437 1880
2437 2588
1880 1937
1937 2153
2153 310
310 622
622 1569
622 1330
1569 1120
1569 1472
1120 1093
1093 651
651 2784
2784 161
2784 2005
161 2563
161 1481
2563 859
2563 2682
859 535
859 2568
535 646
535 1400
646 802
646 2534
802 2318
2318 1014
2318 2845
1014 1010
1010 2663
2663 1597
2663 2104
1597 1302
1597 1341
1302 299
1302 1830
299 2271
2271 852
2271 2820
852 724
724 351
351 2937
351 979
2937 1476
1476 2113
1476 470
2113 2556
2556 334
2556 1892
334 1214
1214 1605
1214 1803
1605 965
965 2616
2616 1351
1351 487
1351 1683
487 2262
2262 1071
1071 850
1071 2197
850 228
850 1237
228 2495
2495 1850
2495 1301
1850 879
1850 1454
879 2145
2145 1000
2145 2280
1000 1438
1000 479
1438 633
633 2253
2253 1313
2253 2615
1313 2702
1313 2198
2702 1787
1787 1197
1197 59
59 1632
1632 1650
1650 929
929 2737
2737 2305
2737 455
2305 399
399 1264
399 458
1264 2209
2209 115
115 186
115 454
186 2592
186 2646
2592 2320
2320 340
340 444
340 389
444 17
17 1321
17 1639
1321 1930
1321 359
1930 673
1930 2336
673 799
673 849
799 595
799 1545
595 410
595 1023
410 346
410 826
346 860
346 1164
860 1243
1243 2779
2779 1943
1943 376
1943 858
376 942
376 810
942 967
942 2841
967 1814
967 590
1814 2727
1814 1503
2727 2792
2727 1638
2792 1998
2792 154
1998 153
1998 1046
153 2105
2105 2629
2629 1285
2629 1580
1285 1095
1095 2657
2657 663
2657 412
663 1956
663 2883
1956 545
1956 1590
545 1231
545 1676
1231 1261
1231 2277
1261 442
442 2756
442 2020
2756 1260
1260 1700
1260 445
1700 190
190 2700
2700 285
285 2637
285 2267
2637 419
2637 2352
419 297
419 204
297 2767
297 2576
2767 356
2767 1404
356 1854
356 1484
1854 1083
1083 2943
2943 2796
2796 685
2796 2419
685 1568
685 2821
1568 176
1568 1299
176 2440
2440 2295
2440 811
2295 2672
2295 2001
2672 1855
2672 817
1855 2476
2476 2353
2476 2491
2353 166
2353 1615
166 2404
166 667
2404 958
958 617
958 2064
617 644
644 1007
644 1829
1007 253
253 433
253 122
433 608
433 192
608 694
694 812
694 2938
812 1575
1575 1395
1395 1051
1051 1116
1051 1346
1116 1718
1116 892
1718 1062
1062 2870
1062 1786
2870 463
463 2156
463 882
2156 2467
2156 757
2467 396
2467 1819
396 1752
1752 241
1752 1581
241 308
308 1589
1589 2061
2061 2124
2061 2043
2124 1713
1713 1024
1024 183
183 1945
1945 2803
2803 1008
2803 2027
1008 2705
1008 2343
2705 1516
2705 1329
