9 2653 2326
6 1
6 5
1 4
1 3
4 7
7 2
7 9
2 8
784 699
784 1737
699 1783
699 2133
1783 2460
2460 2312
2312 1477
2312 926
1477 2233
2233 2321
2321 2271
2321 36
2271 485
485 127
485 315
127 173
173 975
173 754
975 113
975 1368
113 2025
2025 203
2025 1068
203 1936
203 1523
1936 478
1936 1940
478 857
857 117
857 1613
117 2569
2569 1505
2569 75
1505 1097
1097 1631
1097 1314
1631 383
1631 310
383 1557
1557 2366
1557 263
2366 966
966 2156
966 573
2156 653
653 2354
2354 37
2354 1601
37 1274
1274 1635
1635 183
183 604
604 1805
604 971
1805 269
1805 1789
269 2211
269 132
2211 1061
2211 169
1061 2212
1061 2634
2212 2541
2212 1309
2541 676
676 2090
2090 380
2090 517
380 2021
2021 444
2021 2266
444 871
444 2536
871 895
895 1187
1187 472
472 1409
1409 167
1409 358
167 2082
2082 1861
1861 2542
1861 2423
2542 1433
2542 1900
1433 2313
2313 2187
2313 2578
2187 2230
2187 62
2230 1421
1421 2228
2228 120
120 1844
120 1358
1844 645
1844 446
645 2494
645 66
2494 999
999 25
999 1651
25 1991
25 844
1991 665
1991 254
665 1008
1008 1880
1008 1812
1880 1424
1424 14
1424 1724
14 642
642 1927
642 589
1927 2375
2375 1392
1392 862
1392 2580
862 1267
1267 2457
1267 1969
2457 277
2457 2383
277 2443
277 2632
2443 2502
2443 1397
2502 1520
2502 1669
1520 2008
2008 1325
1325 260
260 2276
260 2244
2276 1807
2276 264
1807 1367
1807 303
1367 2125
1367 1837
2125 1180
2125 340
1180 1402
1180 1342
1402 1585
1402 1560
1585 2036
2036 934
2036 1164
934 93
93 516
516 1296
1296 1589
1296 1730
1589 1277
1277 470
1277 2095
470 2626
2626 602
2626 1105
602 1534
1534 2480
1534 1113
2480 764
2480 1753
764 942
764 2577
942 1961
942 565
1961 2591
2591 1688
1688 579
1688 654
579 2619
579 199
2619 616
616 801
801 134
134 817
134 29
817 1972
1972 1429
1429 229
229 2038
2038 1903
2038 322
1903 1548
1548 1139
1139 1213
1139 406
1213 708
708 1610
708 1657
1610 1266
1266 1985
1985 8
8 1370
8 2590
1370 2098
2098 1297
2098 2346
1297 259
259 1146
259 2585
1146 55
55 2404
55 1928
2404 1676
2404 1720
1676 1134
1134 1766
1134 1586
1766 2255
2255 396
396 2265
2265 2129
2129 1813
2129 2647
1813 949
1813 2564
949 1679
1679 1841
1679 378
1841 1391
1391 1136
1391 1140
1136 1511
1511 2377
1511 789
2377 1189
1189 2181
1189 1897
2181 2581
2181 1988
2581 910
910 1485
910 16
1485 504
1485 150
504 426
426 2386
426 747
2386 1445
2386 1346
1445 1498
1445 2179
1498 2440
2440 541
541 1305
541 732
1305 434
434 1997
434 608
1997 2515
2515 1598
1598 2066
2066 1545
2066 957
1545 1001
1545 1029
1001 2174
1001 2356
2174 103
2174 2019
103 418
418 374
418 2030
374 717
374 445
717 750
750 945
750 824
945 2087
2087 2193
2193 821
2193 701
821 510
510 577
577 41
577 112
41 693
693 2341
2341 1826
1826 2138
1826 664
2138 1744
1744 1845
1845 748
1845 1664
748 2530
748 660
2530 2511
2530 1716
2511 1230
2511 850
1230 43
1230 2111
43 474
43 1331
474 266
474 1522
266 1264
1264 2245
2245 1911
1911 1556
1556 2135
2135 337
2135 1050
337 1411
1411 283
283 2250
283 2486
2250 2623
2623 2059
2059 54
2059 2325
54 342
342 2242
2242 2132
2242 1964
2132 2149
2149 1122
1122 2131
2131 1362
2131 625
1362 1677
1677 2289
1677 1500
2289 1732
2289 549
1732 408
1732 1306
408 1206
1206 909
1206 1162
909 1072
1072 1269
1072 2012
1269 479
1269 2407
479 2081
2081 2424
2424 1626
1626 2499
1626 84
2499 71
71 2535
2535 1352
2535 2173
1352 1350
1352 1540
1350 656
656 2597
656 1372
2597 2510
2597 1970
2510 1649
2510 2164
1649 468
468 2169
2169 2364
2364 1607
2364 1806
1607 488
488 1040
488 1680
1040 852
852 373
373 2553
373 139
2553 2594
2553 2022
2594 1996
1996 1931
1996 204
1931 1109
1109 2338
1109 2085
2338 1503
1503 2219
1503 316
2219 2637
2637 1942
1942 599
1942 368
599 1126
1126 1884
1126 1697
1884 1620
1884 1106
1620 1666
1666 1316
1316 1998
1998 114
1998 359
114 2044
2044 1921
2044 658
1921 1166
1921 1017
1166 1378
1378 2445
1378 293
2445 2576
2445 2474
2576 1555
1555 1909
1909 181
1909 2194
181 440
440 261
440 2004
261 300
300 162
162 914
162 2097
914 845
914 991
845 186
186 1482
186 2431
1482 1080
1080 1403
1080 2160
1403 1444
1444 736
1444 1014
736 849
849 191
849 2069
191 542
191 2537
542 171
542 10
171 1345
171 274
1345 830
1345 26
830 1400
1400 28
28 429
28 1377
429 149
429 24
149 1693
1693 1222
1693 762
1222 225
1222 2183
225 1049
225 743
1049 352
352 2061
2061 788
2061 1307
788 7
788 338
7 483
7 1937
483 1987
1987 1280
1987 1689
1280 2185
2185 1452
2185 588
1452 1015
1452 1901
1015 160
1015 576
160 947
160 546
947 1506
947 560
1506 1341
1506 958
1341 696
1341 1300
696 2089
2089 1092
1092 455
1092 2605
455 1124
455 1908
1124 2595
2595 1839
2595 2148
1839 1976
1839 1108
1976 1490
1490 1754
1754 1066
1754 1577
1066 2352
1066 324
2352 2571
2352 1321
2571 933
933 1133
1133 220
220 2568
2568 1852
2568 2548
1852 2610
1852 1986
2610 2509
2610 1096
2509 1848
2509 1135
1848 529
529 2491
529 299
2491 1471
2491 1156
1471 2120
2120 58
2120 1725
58 940
58 2427
940 1247
940 920
1247 2078
1247 1802
2078 1488
2078 797
1488 1496
1496 2068
2068 1432
1432 1623
1432 367
1623 355
1623 1333
355 460
460 1110
460 731
1110 2275
2275 9
9 1018
1018 1821
1821 672
672 1570
672 569
1570 2314
1570 148
2314 35
35 790
35 1765
790 31
790 1107
31 1945
1945 2396
1945 140
2396 1171
2396 1808
1171 209
209 2258
209 1999
2258 2589
2258 2369
2589 882
882 2624
882 1487
2624 620
620 872
872 706
706 125
706 694
125 2437
2437 1665
1665 1892
1892 1593
1593 2099
2099 550
2099 1262
550 1216
550 1872
1216 745
745 617
617 1086
1086 591
591 241
591 437
241 763
241 955
763 476
476 1749
1749 1081
1081 2531
2531 174
2531 104
174 2028
2028 217
217 908
217 2342
908 1043
1043 389
389 1363
389 249
1363 1633
1633 937
1633 2127
937 2380
2380 1229
1229 2625
2625 2327
2327 1611
2327 2323
1611 1466
1611 1809
1466 5
5 2408
2408 2387
2387 123
2387 609
123 1918
123 1239
1918 1483
1483 1842
1842 1733
1733 18
18 289
18 1565
289 868
289 1912
868 109
868 1913
109 1538
109 1615
1538 202
202 275
202 2279
275 53
275 1618
53 1787
1787 839
1787 1659
839 1630
1630 1184
1184 2574
2574 1002
1002 677
1002 531
677 1579
1579 292
292 538
538 1493
538 1543
1493 106
1493 534
106 1943
1943 2360
2360 562
562 1407
1407 1894
1407 458
1894 1694
1694 807
1694 1519
807 2260
807 2561
2260 2161
2161 697
697 86
86 317
86 1144
317 1360
1360 638
1360 1748
638 20
638 1159
20 1076
20 561
1076 224
1076 1736
224 779
224 575
779 2201
2201 2144
2144 442
2144 2614
442 313
442 144
313 1143
313 1932
1143 2153
1143 1036
2153 941
2153 405
941 2252
2252 2170
2252 668
2170 2552
2552 877
877 649
649 2268
2268 1889
1889 1365
1889 1240
1365 1878
1365 1413
1878 2134
1878 1231
2134 1703
2134 1381
1703 2283
2283 1600
1600 1007
1600 1914
1007 219
219 781
219 1840
781 2393
2393 1803
1803 2035
2035 1484
2035 1750
1484 2083
2083 438
2083 464
438 163
163 1552
1552 1599
1552 2622
1599 1303
1599 2316
1303 2367
2367 121
121 2628
2628 800
2628 2442
800 129
129 2570
2570 2413
2570 1547
2413 1323
1323 2232
2232 522
522 1224
522 1317
1224 1253
1253 2394
2394 1044
2394 1121
1044 818
818 330
818 875
330 1336
1336 1757
1336 344
1757 1792
1792 1241
1241 951
1241 722
951 1475
951 533
1475 627
627 1816
627 2629
1816 1476
1816 23
1476 1832
1832 443
443 1827
443 1859
1827 2093
1827 1085
2093 1529
2093 2422
1529 1573
1529 1141
1573 208
208 1686
208 1992
1686 2102
2102 1617
1617 1437
1617 2109
1437 894
894 1709
894 1877
1709 1904
1709 2609
1904 2521
2521 1862
1862 2205
1862 777
2205 1671
2205 1078
1671 652
1671 1415
652 2348
652 74
2348 1263
1263 2525
1263 626
2525 1322
1322 1564
1322 961
1564 863
1564 1919
863 2613
2613 2543
2613 1616
2543 2246
2246 503
503 2186
503 765
2186 1111
2186 2417
1111 136
136 690
690 1389
1389 1205
1205 403
1205 133
403 633
633 465
465 923
923 99
99 1759
1759 527
527 1629
1629 2011
2011 1734
2011 412
1734 1053
1053 2247
1053 424
2247 1278
1278 2195
2195 1000
1000 1055
1055 2468
2468 3
3 1902
1902 494
1902 2277
494 131
131 1123
131 1661
1123 1946
1123 899
1946 1286
1946 1130
1286 1056
1056 357
1056 2519
357 1955
1955 2573
2573 85
85 1295
85 270
1295 1062
1295 688
1062 320
1062 2612
320 215
320 663
215 1670
1670 375
375 842
375 1160
842 1287
1287 2500
1287 730
2500 1088
1088 519
1088 2447
519 1478
519 675
1478 1443
1443 411
1443 1762
411 1455
1455 1874
1874 774
774 453
453 431
431 473
431 2197
473 886
473 1831
886 644
644 2439
2439 1722
1722 1173
1173 305
305 929
929 2438
929 718
2438 1285
2438 1948
1285 2001
1285 1308
2001 1347
2001 1706
1347 1590
1347 2221
1590 1374
1590 480
1374 1183
1183 2620
2620 965
965 13
13 2295
13 673
2295 385
385 2300
385 2471
2300 1169
2300 505
1169 1152
1152 1465
1152 145
1465 2009
1465 1021
2009 752
752 1822
1822 272
1822 328
272 1893
1893 2409
2409 1344
2409 1178
1344 2490
1344 695
2490 1292
2490 414
1292 1453
1292 471
1453 4
1453 2651
4 1542
1542 1067
1067 2297
2297 1566
1566 1474
1474 1521
1521 610
610 294
294 1237
1237 1866
1866 239
1866 1394
239 2478
2478 1439
2478 2501
1439 509
509 1910
509 2604
1910 2516
2516 100
100 1340
100 1254
1340 1952
1340 944
1952 1354
1952 2151
1354 2037
2037 1951
1951 925
925 1923
925 2528
1923 499
499 757
757 2336
2336 1195
1195 1461
1461 1995
1461 987
1995 1578
1578 897
897 280
897 2567
280 574
280 2523
574 889
574 879
889 2261
2261 231
2261 615
231 836
836 792
836 590
792 1559
792 2236
1559 1204
1204 1959
1959 1158
1158 450
1158 2159
450 2435
450 2598
2435 780
780 1093
1093 1396
1396 156
156 981
981 321
321 1294
321 2189
1294 814
1294 1249
814 916
814 1763
916 681
681 79
681 1320
79 227
79 2157
227 1419
227 931
1419 799
799 1580
1580 2524
1580 1343
2524 512
2524 1828
512 1052
1052 1825
1052 2057
1825 2593
2593 427
427 165
165 393
165 1318
393 1236
1236 924
924 725
924 1386
725 2270
2270 969
2270 1761
969 1622
1622 1512
1512 42
1512 2302
42 417
42 1492
417 1608
1608 349
1608 624
349 2376
2376 1885
2376 511
1885 306
1885 1048
306 2249
306 2504
2249 2549
2249 21
2549 2122
2549 1175
2122 773
2122 2104
773 580
773 361
580 1510
1510 1457
1457 1752
1752 1756
1756 643
643 2406
643 1098
2406 2411
2411 1252
1252 2588
2588 856
856 1823
856 1248
1823 1302
1823 659
1302 692
692 2065
692 1448
2065 623
623 556
556 262
262 1930
1930 2005
1930 1941
2005 1920
1920 1004
1920 2615
1004 348
348 257
348 1606
257 2636
2636 441
441 1242
441 775
1242 1364
1242 214
1364 802
1364 2421
802 1949
802 482
1949 823
823 1982
823 59
1982 1382
1982 491
1382 467
467 1163
467 2467
1163 2611
2611 298
2611 1006
298 962
962 833
833 2290
2290 2152
2152 1408
1408 1834
1408 2555
1834 152
1834 898
152 996
152 1201
996 301
996 1864
301 837
301 2492
837 892
837 1283
892 63
892 848
63 1810
63 1638
1810 1251
1810 1906
1251 919
919 1875
919 1857
1875 2322
2322 1328
2322 921
1328 753
753 711
753 1950
711 927
711 286
927 1509
927 1956
1509 2529
1509 912
2529 582
582 233
582 1881
233 17
233 1332
17 1460
17 1225
1460 2207
1460 938
2207 2278
2207 105
2278 198
2278 2373
198 741
198 896
741 64
64 407
407 783
407 1033
783 1815
1815 1536
1815 1569
1536 194
194 1235
194 2340
1235 2308
2308 1194
2308 2508
1194 838
1194 2592
838 1065
1065 2229
1065 154
2229 640
2229 2118
640 80
640 115
80 1179
1179 2282
1179 902
2282 846
2282 1711
846 723
723 603
723 1170
603 555
603 2518
555 543
555 2243
543 948
948 813
813 1210
1210 670
1210 454
670 1836
1836 1731
1731 1776
1731 1640
1776 1718
1776 1246
1718 2347
2347 1953
1953 689
1953 2180
689 1643
1643 2209
2209 83
2209 2262
83 2018
2018 2052
2052 91
91 2472
91 611
2472 48
48 1518
48 1567
1518 2215
1518 1796
2215 1226
2215 1319
1226 2208
1226 326
2208 631
631 1530
631 1051
1530 985
1530 804
985 135
985 548
135 1095
135 614
1095 1284
1284 242
242 1395
242 2202
1395 1494
1494 1738
1738 1558
1558 1692
1558 1715
1692 612
612 2331
612 1751
2331 1648
2331 1228
1648 1356
1648 1572
1356 2562
2562 685
685 1524
1524 751
751 1089
751 1850
1089 155
1089 1963
155 595
155 1120
595 2214
2214 435
2214 1739
435 1091
435 1899
1091 2220
1091 107
2220 462
2220 2024
462 2238
2238 2355
2355 864
2355 2644
864 1595
1595 2239
1595 900
2239 592
592 182
182 2630
2630 331
331 1777
1777 1047
1047 630
630 2294
2294 2532
2532 1351
1351 2284
2284 1537
1537 1584
1584 1074
1584 1714
1074 2412
2412 1957
2412 1258
1957 1259
1957 2003
1259 1330
1330 841
1330 2041
841 1128
1128 704
704 2448
2448 2274
2274 2328
2328 399
399 980
399 1265
980 583
980 95
583 2006
583 2353
2006 2351
2351 1515
1515 553
553 854
854 635
854 1994
635 1218
1218 395
395 1562
395 1380
1562 32
32 2128
32 905
2128 2319
2319 346
346 1456
1456 2402
1456 1588
2402 2257
2257 585
2257 1975
585 153
585 96
153 2451
153 1024
2451 1390
2451 2100
1390 168
168 1174
168 2062
1174 733
733 1799
733 1683
1799 1947
1799 597
1947 1385
1947 1499
1385 1462
1385 1057
1462 508
508 15
15 1315
1315 2123
1315 605
2123 1673
2123 329
1673 1117
1117 816
1117 545
816 195
816 1388
195 1627
1627 1981
1981 2584
1981 1801
2584 2419
2419 932
2419 1775
932 1289
932 1983
1289 1819
1819 887
1819 772
887 356
887 2414
356 1788
356 2583
1788 101
1788 2067
101 2253
2253 92
2253 703
92 760
760 276
276 97
97 2042
2042 594
2042 2223
594 1507
1507 2203
1507 2051
2203 1551
1551 1544
1544 1646
1646 2055
2055 89
2055 2554
89 379
379 1863
1863 46
1863 2479
46 1215
1215 296
296 1658
296 815
1658 1214
1658 30
1214 1960
1960 992
992 365
365 713
713 2606
713 1587
2606 884
2606 1425
884 124
124 1858
124 855
1858 350
1858 936
350 1334
1334 2218
2218 2617
2218 1886
2617 798
798 637
798 2039
637 1366
1366 1414
1366 735
1414 1401
1414 1782
1401 1238
1401 461
1238 27
27 1883
1883 1702
1702 2296
1702 793
2296 1491
2296 2639
1491 859
859 47
47 728
728 1428
1428 1112
1112 304
1112 423
304 291
304 661
291 829
829 1420
829 2107
1420 2405
1420 2454
2405 1207
2405 1486
1207 487
1207 2155
487 2043
487 247
2043 2023
2043 2650
2023 34
2023 1102
34 2288
34 2399
2288 1849
1849 180
180 200
200 1192
1192 2146
1192 1774
2146 2547
2547 2389
2547 402
2389 2147
2389 1650
2147 1681
2147 1176
1681 2333
2333 382
2333 721
382 1770
382 409
1770 2582
1770 1698
2582 1312
2582 1549
1312 2476
2476 1268
2476 647
1268 835
835 1250
835 175
1250 858
858 771
858 1687
771 1891
771 2359
1891 1619
1891 2487
1619 2162
2162 2635
2162 2497
2635 956
956 2653
2653 2071
2653 1843
2071 1026
1026 709
709 1696
1696 2315
2315 2110
2315 1553
2110 2231
2231 662
2231 1082
662 983
983 235
983 2056
235 737
235 2463
737 384
384 729
384 2045
729 1628
1628 164
164 334
334 954
334 906
954 1217
954 901
1217 1114
1114 258
1114 218
258 415
415 2198
415 2304
2198 1873
2198 1642
1873 400
1873 1758
400 2191
400 2418
2191 196
2191 2390
196 567
567 193
193 2166
193 1405
2166 2432
2166 539
2432 1311
1311 847
847 2119
2119 989
2119 1145
989 2112
989 2040
2112 366
2112 986
366 928
366 2361
928 1743
928 1298
1743 1713
1743 607
1713 536
536 1042
536 525
1042 1871
1871 2094
2094 1009
1009 1690
1009 2343
1690 2507
1690 1423
2507 39
39 1127
1127 2254
2254 1769
2254 2307
1769 2213
2213 628
628 2171
2171 809
809 147
809 1625
147 1663
147 2558
1663 2326
2326 506
2326 2280
506 232
232 2648
232 1373
2648 1339
1339 1602
1602 1933
1602 1781
1933 1576
1933 1742
1576 679
1576 388
679 1944
679 1550
1944 1554
1944 988
1554 2505
1554 2365
2505 734
734 2602
2602 392
2602 1695
392 327
327 687
687 619
687 1728
619 102
102 622
102 1223
622 794
622 70
794 2016
2016 234
2016 2298
234 1293
1293 1291
1293 2475
1291 2481
1291 351
2481 2200
2481 1310
2200 978
2200 2105
978 524
978 2049
524 2058
524 2403
2058 547
2058 537
547 1907
1907 2368
1907 2291
2368 720
720 2248
2248 710
710 1546
710 943
1546 922
922 778
778 2225
778 439
2225 2601
2225 308
2601 2029
2029 2168
2029 1233
2168 1652
2168 719
1652 1219
1219 2392
1219 2638
2392 1473
1473 705
1473 1868
705 1851
1851 2441
2441 1539
1539 1645
1645 1700
1700 1779
1700 1647
1779 1138
1779 307
1138 1780
1138 492
1780 915
915 205
915 2017
205 1592
205 1038
1592 2216
1592 648
2216 2446
2446 1922
2446 1888
1922 1571
1571 1583
1571 1668
1583 2388
1583 891
2388 1480
1480 2117
1480 598
2117 67
2117 1196
67 1605
67 1399
1605 606
1605 419
606 1282
606 210
1282 613
1282 1531
613 913
613 1502
913 2108
913 2286
2108 2063
2108 2370
2063 2586
2586 1064
1064 831
831 767
767 1148
767 370
1148 2551
2551 2264
2264 2175
2264 2154
2175 618
618 1099
1099 1245
1099 1820
1245 2092
1245 1013
2092 2013
2092 795
2013 1125
1125 2455
1125 1012
2455 1327
2455 1705
1327 1119
1119 268
1119 1406
268 2224
268 420
2224 982
2224 2178
982 251
251 1464
251 448
1464 2459
2459 2330
2459 1621
2330 532
2330 253
532 911
532 2103
911 634
911 1142
634 1463
634 570
1463 1634
1463 332
1634 386
386 52
386 451
52 776
776 221
776 990
221 1010
1010 1966
1010 554
1966 1157
1157 2318
1157 12
2318 1684
1684 212
1684 1974
212 1656
1656 1614
1614 796
1614 939
796 177
177 2363
2363 376
376 178
376 1917
178 1290
1290 1541
1290 2015
1541 1639
1639 1359
1639 587
1359 702
702 76
76 1470
76 2126
1470 243
1470 674
243 1041
243 1747
1041 1404
1041 151
1404 2121
1404 463
2121 1778
2121 2256
1778 584
1778 2495
584 712
584 1495
712 2115
2115 166
2115 1467
166 1958
166 493
1958 2114
1958 1087
2114 1691
1691 968
1691 1636
968 2234
968 2074
2234 873
873 2512
873 22
2512 50
50 995
50 1155
995 997
997 959
997 1005
959 2358
959 1660
2358 2400
2400 1653
1653 967
1653 501
967 2645
967 2469
2645 1979
1979 1446
1446 2395
1446 295
2395 1468
2395 1501
1468 1514
1514 1925
1925 2182
2182 1978
1978 2410
1978 1103
2410 530
530 309
309 401
309 714
401 650
650 1371
1371 1938
1371 974
1938 244
1938 1879
244 521
244 1609
521 552
552 2374
552 1773
2374 2572
2374 671
2572 657
2572 2596
657 2014
657 1058
2014 2306
2306 1760
1760 1479
1479 1393
1393 2539
1393 769
2539 890
890 1190
890 1513
1190 126
126 1276
1276 2546
1276 2458
2546 1137
1137 2140
2140 2287
2287 2080
2287 2227
2080 2362
2080 2425
2362 146
146 586
586 1719
1719 770
770 1740
1740 172
172 1896
172 518
1896 185
185 973
973 888
888 2649
888 2433
2649 347
347 1418
1418 1723
1418 2391
1723 2237
1723 1329
2237 1814
1814 1154
1814 1895
1154 2398
1154 742
2398 197
197 930
197 2143
930 1441
1441 40
40 1335
40 142
1335 782
782 2196
782 684
2196 1971
2196 49
1971 972
972 1376
1376 2241
1376 2384
2241 1100
2241 2379
1100 1721
1721 1288
1721 766
1288 170
1288 1856
170 2226
170 1197
2226 917
2226 1118
917 1304
1304 1417
1304 1667
1417 1255
1417 33
1255 2616
1255 1208
2616 38
2616 282
38 2587
38 1299
2587 686
686 432
432 1279
432 632
1279 94
94 138
138 1678
1678 2473
2473 861
2473 1243
861 1199
861 2485
1199 2382
2382 2575
2575 2
2 860
860 2643
2643 1440
1440 1701
1701 564
1701 2309
564 2048
564 1672
2048 1116
1116 2416
2416 189
2416 1430
189 2075
189 876
2075 2088
2088 2618
2088 421
2618 130
130 2378
130 805
2378 2488
2488 2526
2488 1675
2526 2222
2526 51
2222 252
2222 840
252 1575
252 1786
1575 1209
1209 1132
1209 371
1132 2520
2520 1533
1533 515
515 1854
515 2303
1854 1019
1854 1508
1019 363
363 1905
363 2106
1905 1355
1355 827
1355 1830
827 246
246 422
246 1835
422 1798
422 158
1798 1989
1989 1034
1034 1890
1890 1710
1710 1641
1641 600
1641 2550
600 2073
600 490
2073 2563
2563 1438
2563 90
1438 1581
1581 1149
1581 2210
1149 1039
1039 1070
1039 1829
1070 2646
1070 281
2646 1603
1603 364
1603 267
364 372
372 2470
2470 1804
2470 449
1804 1735
1804 6
1735 738
738 970
970 1525
970 1182
1525 341
1525 78
341 2101
341 758
2101 496
2101 1561
496 108
108 993
108 2172
993 2337
2337 56
2337 1535
56 2320
56 1707
2320 2329
2329 2272
2272 497
2272 1054
497 960
497 507
960 1497
960 1784
1497 866
1497 2538
866 116
116 2559
2559 98
2559 302
98 950
98 1075
950 563
950 1596
563 535
535 1795
1795 481
481 559
481 1459
559 2449
2449 1685
2449 1597
1685 2293
1685 489
2293 1434
1434 1
1434 2034
1 885
1 345
885 822
885 1771
822 1935
822 1980
1935 808
808 60
808 1574
60 2436
2436 343
343 1084
343 1059
1084 335
335 946
946 2124
946 1451
2124 353
2124 1115
353 271
271 2633
2633 746
2633 1674
746 1746
1746 2381
2381 2047
2047 557
557 73
73 2426
2426 1375
2426 1353
1375 2420
1375 2489
2420 2060
2420 157
2060 964
2060 314
964 2251
964 1898
2251 1422
1422 1030
1422 457
1030 1200
1200 581
1200 870
581 278
278 192
278 1022
192 2130
192 1035
2130 1797
1797 526
1797 1768
526 1973
526 2020
1973 2461
2461 867
867 865
865 1410
865 381
1410 1967
1967 1612
1967 2579
1612 1073
1612 68
1073 566
566 2137
2137 19
2137 1846
19 787
19 572
787 287
787 636
287 2608
2608 826
2608 2357
826 1161
1161 1172
1172 354
354 1472
1472 1793
1472 1594
1793 1563
1563 1655
1655 1817
1817 1324
1324 1915
1324 122
1915 2496
2496 176
176 1244
1244 1257
1244 2116
1257 2484
2484 77
2484 1800
77 651
651 1003
651 230
1003 1865
1865 1165
1865 279
1165 1185
1165 87
1185 2136
2136 523
2136 2070
523 466
466 2046
466 2235
2046 2158
2158 2335
2335 811
811 869
869 265
869 1699
265 1528
1528 2415
1528 141
2415 394
394 1712
394 903
1712 2031
1712 433
2031 2032
2032 1273
2032 2641
1273 544
1273 2192
544 2513
544 1741
2513 596
596 1729
1729 2371
2371 2177
2371 1193
2177 2482
2482 1032
2482 2350
1032 621
621 935
935 273
273 339
273 1227
339 513
339 161
513 456
456 1281
456 1077
1281 57
57 1150
1150 843
843 387
387 1301
1301 1079
1301 2557
1079 2188
1079 641
2188 558
2188 1458
558 190
558 1272
190 1212
1212 700
1212 881
700 222
222 1939
1939 2113
1939 820
2113 2281
2281 678
678 2163
678 1582
2163 1824
2163 759
1824 2483
2483 2027
2483 2301
2027 2450
2027 984
2450 1704
1704 1977
1704 1662
1977 1794
1977 832
1794 1436
1794 1232
1436 1818
1436 540
1818 2334
1818 2429
2334 893
2334 1045
893 72
72 159
72 1764
159 1726
159 1270
1726 11
1726 578
11 739
739 1682
739 2079
1682 213
1682 682
213 1954
1954 2401
2401 1398
1398 2267
1398 256
2267 2096
2096 2599
2096 2544
2599 740
2599 128
740 744
740 1708
744 1147
744 1060
1147 727
727 2072
2072 2349
2349 1168
2349 360
1168 1965
1965 2007
2007 2285
2007 1338
2285 188
188 2190
2190 1211
2190 976
1211 749
749 436
436 1435
436 2091
1435 2556
2556 1984
1984 2311
1984 683
2311 1469
1469 2540
2540 416
2540 2240
416 803
416 1489
803 2292
803 2176
2292 333
2292 1717
333 1221
333 786
1221 1990
1221 390
1990 878
878 1790
1790 1090
1090 2317
2317 1181
1181 1348
1348 1454
1348 2086
1454 2184
1454 1838
2184 1654
2184 459
1654 785
785 404
785 2324
404 1379
1379 1637
1379 44
1637 1151
1637 425
1151 2150
2150 1256
1256 238
238 1016
238 904
1016 918
918 1426
918 1427
1426 1275
1275 1847
1847 226
1847 2259
226 206
226 2263
206 1083
1083 318
1083 851
318 1772
318 646
1772 1094
1772 2385
1094 698
1094 2498
698 1202
698 228
1202 1177
1202 1791
1177 118
118 1855
1855 853
853 755
853 250
755 1037
755 2506
1037 2142
2142 979
979 495
495 2010
2010 1767
2010 666
1767 211
211 207
207 880
207 1755
880 726
726 1031
1031 819
819 2167
2167 2077
2077 2560
2560 325
325 288
325 2076
288 187
187 1568
187 88
1568 1517
1568 61
1517 245
1517 2565
245 1876
245 2603
1876 1063
1063 812
1063 2493
812 81
812 1632
81 1993
1993 2332
1993 952
2332 410
410 2621
410 1337
2621 1867
2621 2165
1867 528
528 691
528 2053
691 1532
691 2026
1532 336
1532 2477
336 953
953 1785
953 593
1785 655
655 2054
2054 2397
2054 2339
2397 963
963 551
963 1153
551 2627
2627 2452
2452 724
724 377
724 1447
377 452
377 1326
452 1833
1833 2444
2444 998
998 1384
998 430
1384 2453
2453 2534
2534 428
2534 680
428 137
428 45
137 514
514 391
514 2464
391 1167
1167 284
284 2000
2000 143
2000 2566
143 834
834 1188
834 1624
1188 1869
1869 475
475 2462
2462 1046
2462 1450
1046 397
397 2344
397 179
2344 1129
1129 477
477 1504
477 248
1504 311
311 486
486 828
828 2456
828 413
2456 1349
2456 883
1349 1020
1349 1220
1020 1526
1526 639
1526 1023
639 236
639 2428
236 369
369 201
369 2145
201 1962
201 2305
1962 1357
1357 1968
1968 1186
1968 82
1186 290
290 1926
290 707
1926 2517
1926 1745
2517 1383
2517 1203
1383 2466
2466 285
285 237
285 323
237 874
237 571
874 1191
1191 761
761 2607
761 1882
2607 2642
2607 216
2642 2204
2642 520
2204 2084
2084 2434
2084 2050
2434 2652
2652 1025
1025 601
1025 1527
601 806
601 1101
806 1591
806 667
1591 2372
2372 825
2372 2206
825 810
825 2640
810 2033
2033 65
65 312
312 2139
2139 1727
2139 2600
1727 1604
1604 1481
1604 1071
1481 1916
1916 2631
2631 1131
2631 2269
1131 240
240 791
791 110
791 362
110 1924
1924 119
1924 2545
119 669
669 297
669 1361
297 1261
1261 500
1261 1416
500 907
907 319
907 2430
319 2217
2217 1516
2217 2310
1516 716
1516 1929
716 1887
1887 1644
1887 484
1644 2503
2503 994
2503 398
994 1260
994 1412
1260 1934
1260 2299
1934 1011
1934 1449
1011 1027
1027 1811
1027 768
1811 2533
2533 756
756 223
223 2064
2064 1860
1860 715
1860 1387
715 1442
1442 502
502 255
255 1369
255 2527
1369 111
1369 1313
111 1104
111 2273
1104 1028
1028 1198
1028 1853
1198 2345
1198 2465
2345 184
184 1069
184 1271
1069 568
568 447
447 2514
2514 469
2514 1870
469 2141
2141 2199
2199 1234
2199 69
1234 1431
1431 2522
2522 2002
2002 629
629 498
498 977
