3 1557 4665314
1 2
2 3
728 393
393 734
393 1254
734 1032
734 105
1032 1136
1136 930
1136 112
930 668
668 650
668 261
650 1338
1338 1557
1557 1059
1059 788
788 1464
788 1230
1464 1313
1464 1186
1313 1056
1313 610
1056 674
1056 332
674 503
503 302
302 990
990 268
990 1202
268 143
268 1070
143 599
599 1232
1232 423
1232 1145
423 1544
1544 1201
1544 1180
1201 116
1201 1479
116 1353
116 360
1353 1482
1482 935
1482 1325
935 165
165 1173
165 687
1173 303
303 985
985 762
762 210
762 521
210 630
630 805
630 961
805 447
447 453
447 1429
453 279
279 1047
279 1337
1047 199
1047 724
199 1021
1021 294
294 792
294 877
792 396
792 547
396 1069
1069 226
1069 658
226 1412
226 194
1412 14
1412 1105
14 1514
1514 1289
1289 242
1289 1192
242 292
292 1197
1197 1480
1480 440
440 1175
1175 1262
1262 234
1262 1103
234 1358
234 69
1358 129
129 1342
129 1156
1342 438
1342 1053
438 1493
438 1508
1493 1043
1493 959
1043 204
204 906
906 272
906 1174
272 705
705 420
420 575
420 1440
575 85
575 897
85 1089
1089 330
330 1120
1120 103
103 685
103 624
685 1058
685 319
1058 246
246 70
246 290
70 836
70 1456
836 1248
836 1396
1248 1485
1248 1200
1485 753
1485 638
753 88
753 829
88 430
88 883
430 1148
1148 763
1148 394
763 846
763 266
846 1218
846 1457
1218 385
1218 1354
385 225
385 756
225 819
225 25
819 909
819 1042
909 917
917 497
917 918
497 37
37 903
37 1184
903 218
903 206
218 664
218 713
664 463
664 148
463 896
463 937
896 313
313 1282
1282 929
929 681
681 1517
681 475
1517 841
1517 953
841 1404
841 243
1404 1005
1005 249
249 1442
249 504
1442 77
77 23
23 502
502 96
502 1369
96 1211
1211 398
398 848
848 118
118 1319
1319 354
354 1332
354 625
1332 637
637 1366
1366 813
1366 749
813 457
813 212
457 1224
457 1430
1224 530
530 1112
530 1551
1112 1548
1548 1261
1261 660
660 92
92 1301
1301 166
166 1104
1104 288
288 1008
1008 456
456 1402
456 1351
1402 815
1402 491
815 1460
1460 322
322 563
563 1372
1372 616
616 873
616 888
873 454
454 208
208 106
208 1225
106 1491
106 392
1491 767
1491 548
767 692
767 1381
692 1106
1106 738
738 1244
738 1350
1244 1458
1244 343
1458 850
850 591
591 741
591 252
741 981
741 361
981 902
981 597
902 371
371 162
162 384
162 328
384 1516
384 1031
1516 936
936 588
588 1511
588 1226
1511 460
1511 1534
460 494
494 727
494 672
727 16
727 1234
16 1531
1531 1545
1545 776
776 1463
776 872
1463 666
666 484
666 804
484 564
564 1295
1295 670
1295 803
670 276
670 409
276 1314
1314 1242
1314 298
1242 553
1242 1406
553 1084
1084 1506
1506 341
341 1546
1546 1476
1546 522
1476 388
388 977
388 500
977 364
364 1410
1410 1009
1009 1317
1009 1073
1317 317
317 259
259 1219
1219 509
509 1111
509 1144
1111 966
966 1143
1143 1241
1241 1501
1501 1486
1501 1183
1486 1468
1486 913
1468 927
927 1013
927 1168
1013 533
1013 45
533 678
678 33
678 9
33 671
33 52
671 1000
671 863
1000 1085
1085 130
1085 1367
130 1239
1239 1524
1524 489
489 1421
1421 239
1421 1029
239 595
595 190
595 1411
190 405
190 1062
405 482
405 1380
482 1040
482 1432
1040 607
1040 411
607 558
607 1450
558 825
825 175
825 590
175 19
175 66
19 907
19 965
907 1072
907 925
1072 1355
1355 1515
1515 169
1515 362
169 1422
1422 695
1422 844
695 159
159 968
968 1252
968 835
1252 847
1252 63
847 1278
847 284
1278 1395
1278 571
1395 1235
1395 884
1235 956
956 1474
1474 1160
1474 38
1160 729
1160 44
729 1475
729 1011
1475 308
308 1394
308 1081
1394 1083
1394 1196
1083 540
1083 647
540 1356
540 216
1356 755
755 1310
1310 1172
1310 1553
1172 1010
1010 1416
1416 445
445 20
20 1291
1291 626
626 750
750 1093
1093 1038
1093 858
1038 960
1038 992
960 1502
1502 1210
1502 683
1210 358
358 1
1 145
1 904
145 527
527 772
527 264
772 874
772 838
874 1359
1359 253
253 128
253 340
128 1494
128 645
1494 368
1494 275
368 443
443 541
541 421
421 1500
421 2
1500 552
1500 780
552 1298
1298 689
1298 1095
689 168
168 1264
168 274
1264 947
1264 1178
947 1191
947 1188
1191 505
505 612
505 539
612 184
612 1182
184 646
646 1249
1249 435
435 623
623 954
954 365
365 969
969 1026
1026 1037
1037 1007
1037 1315
1007 124
1007 1556
124 700
124 598
700 823
823 732
823 490
732 144
144 680
144 1203
680 1152
1152 718
718 1271
718 402
1271 758
1271 782
758 1195
758 51
1195 344
344 1316
344 1497
1316 496
496 41
496 1306
41 1385
41 999
1385 621
1385 659
621 1190
1190 949
949 1113
949 820
1113 1206
1206 673
673 1483
1483 1518
1483 1108
1518 760
760 1287
1287 280
280 437
437 1243
1243 694
694 1223
1223 27
1223 55
27 1077
27 1048
1077 1049
1049 265
265 1207
265 791
1207 1090
1207 843
1090 1451
1451 931
931 163
931 121
163 342
163 24
342 867
867 1499
867 1525
1499 307
307 627
627 156
156 110
156 770
110 544
544 314
544 1015
314 1415
314 866
1415 1449
1449 448
448 101
448 905
101 529
101 123
529 379
379 514
379 852
514 1039
1039 1221
1039 973
1221 195
195 350
350 735
350 311
735 642
735 566
642 140
642 146
140 1035
1035 1027
1035 939
1027 1286
1286 251
1286 1155
251 862
251 403
862 1401
862 353
1401 639
639 245
639 316
245 807
245 676
807 519
807 98
519 1441
519 1424
1441 1229
1229 131
131 318
318 876
876 381
876 1247
381 1334
1334 176
1334 35
176 1436
176 743
1436 975
1436 1137
975 1472
975 952
1472 28
28 74
74 994
74 1176
994 1199
994 171
1199 415
1199 1181
415 736
736 1398
736 914
1398 203
1398 160
203 684
684 1528
684 29
1528 943
943 921
943 479
921 1331
1331 787
1331 18
787 1233
787 1542
1233 709
709 57
709 1308
57 22
22 141
141 864
141 1004
864 221
864 1418
221 154
154 1321
1321 357
1321 698
357 746
357 543
746 1540
746 378
1540 21
1540 1453
21 945
945 370
370 1281
370 717
1281 326
326 967
326 938
967 1269
967 1414
1269 469
469 120
469 798
120 336
120 60
336 39
336 1024
39 1461
39 506
1461 1378
1461 1030
1378 230
1378 59
230 682
230 359
682 492
492 1438
492 1198
1438 1055
1055 452
1055 605
452 1003
452 1002
1003 584
1003 400
584 1300
1300 1288
1300 693
1288 1435
1435 3
3 1397
1397 1122
1122 769
1122 520
769 495
495 389
495 1091
389 1349
389 634
1349 915
1349 262
915 653
915 879
653 155
653 43
155 1064
155 201
1064 641
641 142
142 444
142 281
444 1428
444 1376
1428 730
1428 1121
730 1375
1375 1471
1471 1532
1532 860
860 1036
860 255
1036 512
512 669
512 633
669 870
669 244
870 1086
1086 525
525 856
525 1379
856 987
987 832
832 777
777 652
777 679
652 232
652 1187
232 1012
1012 10
10 431
10 258
431 1100
1100 656
656 72
72 127
127 78
127 1336
78 1371
78 1362
1371 432
432 181
181 352
352 809
352 183
809 1344
809 1165
1344 1214
1214 1109
1109 278
1109 508
278 601
278 289
601 654
654 1329
1329 1360
1360 600
600 377
600 972
377 560
377 1065
560 310
310 818
310 1260
818 270
270 433
433 1352
433 962
1352 1326
1326 387
387 733
387 1327
733 796
733 1075
796 167
167 1238
167 476
1238 707
1238 104
707 1361
707 417
1361 901
901 1285
1285 1340
1340 501
501 1157
501 1268
1157 1527
1157 56
1527 1509
1527 222
1509 842
842 576
576 108
576 1293
108 410
108 766
410 675
675 5
675 64
5 984
984 1541
984 1098
1541 439
1541 224
439 1392
439 86
1392 1253
1392 1267
1253 894
1253 220
894 1470
1470 1444
1470 1193
1444 806
806 46
46 197
46 831
197 536
536 1014
536 1208
1014 995
1014 869
995 12
12 442
442 1079
1079 1529
1529 135
135 406
406 286
286 11
11 413
413 1123
413 589
1123 30
1123 845
30 102
30 1290
102 235
235 840
840 1364
840 786
1364 287
287 1273
1273 349
1273 1345
349 1276
349 282
1276 1555
1276 1237
1555 696
1555 814
696 751
696 1489
751 1078
751 285
1078 620
620 68
68 1383
1383 177
1383 372
177 554
177 1374
554 327
554 834
327 273
273 1408
1408 518
518 580
580 1389
1389 271
1389 1246
271 559
271 132
559 919
559 1537
919 629
629 1495
1495 149
149 247
247 662
662 1292
1292 254
254 1076
254 1256
1076 47
47 1257
47 1318
1257 1159
1159 609
1159 1554
609 1124
1124 87
1124 458
87 76
87 94
76 878
878 912
912 462
462 555
555 1146
1146 1543
1543 614
1543 325
614 1384
614 573
1384 1154
1154 412
412 933
933 380
933 256
380 191
191 237
237 721
721 979
979 481
979 324
481 138
481 747
138 61
61 1126
1126 759
759 414
414 1274
1274 223
223 1074
1074 250
250 572
572 58
58 115
58 229
115 855
115 726
855 881
855 1147
881 89
881 236
89 824
89 1521
824 801
801 1272
1272 1266
1272 955
1266 248
1266 711
248 1311
248 988
1311 886
1311 1413
886 1094
1094 851
1094 799
851 1025
1025 948
948 418
948 192
418 922
418 971
922 200
200 304
200 217
304 585
304 467
585 1469
585 1492
1469 1423
1423 1294
1423 1087
1294 348
348 924
348 301
924 1163
924 1530
1163 1209
1163 524
1209 474
1209 596
474 839
474 31
839 1020
1020 1419
1020 434
1419 783
783 219
219 117
219 1477
117 757
757 1185
1185 1393
1393 1236
1393 179
1236 399
399 468
468 1484
468 1407
1484 714
1484 75
714 109
714 515
109 1041
1041 306
1041 993
306 535
535 333
535 499
333 1125
1125 1513
1125 991
1513 1431
1513 911
1431 765
765 1132
765 665
1132 1228
1228 997
1228 36
997 1162
997 1213
1162 1399
1162 81
1399 1006
1006 516
1006 1490
516 113
113 293
113 1386
293 487
487 800
800 631
631 773
631 1263
773 1388
1388 91
1388 635
91 1328
1328 1522
1328 1057
1522 632
1522 1135
632 334
632 419
334 240
240 779
240 498
779 40
779 963
40 233
233 1447
233 983
1447 784
784 477
477 986
986 1017
1017 916
916 648
648 574
574 1102
1102 1303
1102 1302
1303 827
1303 1481
827 1050
1050 1330
1330 980
1330 1212
980 691
691 1425
1425 331
331 546
331 100
546 996
996 436
996 205
436 80
436 701
80 1433
80 657
1433 1205
1205 1216
1205 1114
1216 754
1216 538
754 1107
754 157
1107 1346
1107 1161
1346 1309
1309 764
764 1171
1171 1333
1171 982
1333 1297
1297 1051
1051 1150
1150 957
1150 577
957 1170
1170 1189
1189 158
1189 1348
158 367
367 213
367 761
213 1045
213 1259
1045 147
147 1204
147 781
1204 989
1204 523
989 1110
989 1151
1110 830
830 875
830 1046
875 1505
875 1194
1505 611
611 1116
611 1324
1116 470
1116 699
470 1390
470 790
1390 810
1390 603
810 383
810 1277
383 97
97 532
97 71
532 1222
1222 1275
1275 1536
1275 1068
1536 722
1536 1409
722 483
722 1099
483 1071
483 32
1071 775
775 1245
1245 723
723 49
723 789
49 93
93 737
737 510
510 617
617 1357
1357 833
833 615
833 8
615 1220
1220 507
507 1467
507 1141
1467 472
472 488
488 480
488 1443
480 1473
1473 1403
1403 802
1403 651
802 716
802 164
716 186
186 1400
1400 429
1400 1140
429 1512
1512 706
1512 1167
706 643
643 719
643 1552
719 940
940 1405
1405 1033
1033 1270
1270 215
1270 1240
215 1251
215 107
1251 309
1251 570
309 187
309 604
187 111
187 50
111 65
111 1158
65 1142
1142 227
1142 1130
227 854
854 797
854 170
797 778
797 478
778 1177
1177 1117
1117 209
1117 946
209 471
471 139
139 898
139 125
898 1370
898 1503
1370 785
1370 425
785 1101
1101 702
1101 300
702 1092
702 649
1092 1118
1092 1296
1118 366
1118 622
366 565
565 1507
1507 355
355 556
355 214
556 461
461 978
978 768
768 932
932 958
958 67
958 404
67 1258
1258 1391
1258 1434
1391 1250
1250 172
172 1510
1510 592
1510 708
592 1153
1153 1445
1153 1227
1445 337
1445 550
337 486
486 122
486 697
122 297
297 34
297 1179
34 774
774 861
861 269
861 583
269 586
586 1097
1097 451
451 26
26 1280
26 885
1280 593
1280 923
593 511
511 1128
511 1426
1128 1373
1373 551
551 84
84 1437
84 134
1437 950
1437 1231
950 1304
950 1498
1304 231
231 568
568 731
568 422
731 1365
1365 335
1365 465
335 1139
335 450
1139 928
928 1052
1052 944
944 826
826 1115
1115 745
745 526
526 1063
1063 1465
1063 1060
1465 312
1465 1535
312 1019
1019 1496
1019 703
1496 1417
1496 910
1417 1448
1448 260
1448 710
260 374
374 1166
1166 390
1166 1265
390 1439
1439 277
1439 1082
277 42
42 618
42 893
618 1131
1131 1283
1283 964
964 859
964 1066
859 180
859 562
180 53
53 83
53 408
83 1001
83 895
1001 1459
1459 976
1459 193
976 1305
1305 356
1305 715
356 1550
1550 6
1550 606
6 1539
6 970
1539 528
528 241
528 178
241 739
241 1312
739 428
428 793
428 1446
793 1129
1129 579
1129 1119
579 174
174 557
174 1323
557 151
557 459
151 887
151 582
887 849
849 1023
1023 1427
1427 485
1427 771
485 1016
1016 619
619 892
892 822
892 677
822 119
119 347
347 742
742 926
742 1149
926 446
446 608
608 126
608 82
126 1339
126 150
1339 373
373 1217
1217 153
153 7
153 1284
7 291
291 54
291 748
54 868
868 889
889 17
889 283
17 299
17 1549
299 816
299 207
816 321
321 663
321 1133
663 1526
663 182
1526 1368
1526 578
1368 1519
1368 690
1519 1343
1343 880
880 1067
1067 667
1067 1377
667 441
667 744
441 198
441 211
198 704
704 1533
1533 1547
1533 808
1547 375
375 920
920 569
920 1322
569 345
569 1363
345 79
79 1466
79 1382
1466 974
1466 644
974 725
725 534
534 857
857 73
73 890
890 899
899 1487
1487 545
545 188
545 426
188 397
188 320
397 363
397 427
363 173
173 296
173 1538
296 346
346 1307
1307 369
1307 95
369 323
323 1347
323 640
1347 837
1347 581
837 329
329 1134
1134 161
161 1169
161 602
1169 1061
1169 62
1061 407
407 137
137 1341
137 114
1341 376
1341 1452
376 493
376 455
493 401
401 740
401 1320
740 1255
1255 395
1255 853
395 513
395 661
513 531
513 537
531 1164
531 351
1164 636
636 196
636 1080
196 189
196 4
189 473
189 934
473 1488
473 613
1488 263
263 90
263 655
90 817
817 587
587 99
99 1335
99 136
1335 133
133 865
865 1127
865 1138
1127 891
1127 549
891 382
382 1279
1279 900
1279 795
900 185
185 882
882 828
882 686
828 1504
1504 1215
1504 542
1215 152
1215 1478
152 942
152 391
942 712
712 951
951 1455
951 812
1455 561
1455 1054
561 466
561 305
466 1044
466 1299
1044 464
464 1088
1088 1096
1088 1034
1096 228
1096 1028
228 720
228 908
720 811
811 1420
811 1387
1420 15
1420 1018
15 752
752 1462
1462 13
13 1520
13 1523
1520 267
1520 794
267 315
315 567
567 1022
567 628
1022 295
1022 871
295 998
998 416
416 517
517 338
338 424
338 339
424 449
449 594
449 688
594 821
594 257
821 238
821 941
238 1454
238 48
1454 386
1454 202
