3 127 13588
3 2
3 1
37 123
37 39
123 18
123 83
39 121
39 64
18 119
18 62
83 21
83 34
121 71
121 75
64 74
64 109
119 12
119 17
62 31
62 80
21 5
21 111
34 115
34 36
71 99
71 24
75 60
75 51
74 90
74 97
109 84
109 27
12 59
12 66
17 19
17 105
31 44
31 3
80 10
80 30
5 94
5 112
111 69
111 65
115 50
115 61
36 6
36 78
99 43
99 41
24 40
24 49
60 22
60 113
51 77
51 76
90 73
90 88
97 103
97 72
84 124
84 70
27 26
27 23
59 98
59 82
66 127
66 2
19 92
19 63
105 91
105 42
44 7
44 107
3 38
3 100
10 120
10 118
30 86
30 67
94 95
94 4
112 53
112 58
69 101
69 122
65 11
65 32
50 9
50 55
61 25
61 104
6 20
6 15
78 54
78 46
43 116
43 16
41 28
41 114
40 47
40 81
49 89
49 96
22 87
22 126
113 117
113 102
77 35
77 93
76 57
76 33
73 110
73 52
88 48
88 13
103 106
103 1
72 29
72 108
124 125
124 85
70 45
70 68
26 79
26 8
23 56
23 14
