3 86 7
1 3
1 2
24 12
24 30
12 40
12 71
40 73
40 34
73 53
53 47
47 61
61 50
61 33
50 55
50 78
55 56
56 59
56 41
59 32
59 29
32 31
32 84
31 76
76 28
28 36
36 9
36 8
9 54
54 21
54 70
21 5
5 58
5 23
58 83
83 18
18 77
18 42
77 66
77 45
66 49
49 63
63 17
63 26
17 64
17 79
64 38
64 6
38 19
19 3
19 82
3 25
3 2
25 4
4 35
35 86
86 20
86 15
20 57
20 16
57 52
52 10
10 69
69 1
69 81
1 80
80 46
46 51
46 37
51 11
11 75
11 14
75 48
75 7
48 68
68 72
72 43
43 74
74 67
74 39
67 60
67 85
60 22
60 13
22 65
65 27
27 44
44 62
