1 2077 4951146
1588 1306
1588 1272
1306 79
79 253
253 1838
253 82
1838 1487
1838 1352
1487 475
475 1783
1783 774
774 1277
774 256
1277 1404
1404 1855
1404 273
1855 502
1855 767
502 670
670 484
484 1122
1122 1332
1122 998
1332 30
30 1157
1157 66
1157 321
66 718
718 692
718 978
692 1719
1719 1572
1572 1595
1595 1294
1595 2043
1294 1289
1289 1481
1289 600
1481 37
37 1763
1763 827
1763 527
827 425
827 423
425 1303
1303 899
899 635
899 1861
635 486
635 1366
486 588
486 837
588 1236
1236 1930
1930 1677
1930 1150
1677 1991
1991 832
1991 406
832 1072
1072 152
1072 158
152 807
152 1027
807 802
807 1872
802 2010
2010 258
2010 115
258 1393
1393 497
497 906
497 964
906 196
196 1711
1711 621
1711 987
621 1668
621 1547
1668 1267
1668 1824
1267 901
1267 353
901 110
901 1977
110 432
110 1127
432 691
432 746
691 1864
1864 1793
1864 1615
1793 615
615 830
830 1033
830 787
1033 452
1033 308
452 1162
452 696
1162 1257
1257 236
236 387
387 1231
387 815
1231 1265
1231 16
1265 1785
1785 1095
1785 858
1095 1025
1095 857
1025 1259
1259 1311
1259 21
1311 491
1311 1145
491 2001
2001 949
949 894
949 931
894 684
684 671
671 1890
671 184
1890 1370
1370 1271
1370 1166
1271 944
944 1441
944 210
1441 1731
1731 505
505 1658
1658 741
1658 760
741 263
741 483
263 676
676 156
676 215
156 1940
1940 312
312 1070
312 912
1070 1151
1070 56
1151 1003
1151 986
1003 1264
1264 1548
1548 1794
1794 1831
1794 2021
1831 713
1831 1191
713 1172
713 352
1172 1023
1023 1950
1950 1989
1989 1087
1989 751
1087 534
1087 1325
534 2075
2075 1179
1179 1316
1316 2012
1316 574
2012 595
595 794
794 1015
1015 243
1015 19
243 1356
1356 1640
1356 1021
1640 1063
1640 1866
1063 985
985 1221
985 642
1221 100
100 276
100 1664
276 2045
276 1011
2045 1713
2045 283
1713 75
1713 1762
75 183
75 613
183 1079
1079 1631
1079 552
1631 1216
1631 888
1216 55
55 1276
55 1407
1276 1621
1621 1255
1255 255
255 68
68 403
403 1022
403 1245
1022 172
172 480
480 1726
1726 1293
1293 596
1293 855
596 1138
1138 391
391 1442
1442 581
1442 1817
581 1193
1193 917
917 1291
1291 1682
1291 1979
1682 732
732 618
732 1718
618 1439
618 868
1439 240
1439 429
240 2069
2069 2047
2047 715
2047 90
715 1177
1177 1734
1177 1901
1734 966
1734 1102
966 7
7 212
212 1362
212 443
1362 1031
1362 281
1031 1535
1535 161
1535 1617
161 1142
161 1733
1142 1085
1085 749
749 1263
749 1620
1263 956
1263 137
956 1502
1502 1372
1372 887
1372 1859
887 920
887 1039
920 1222
1222 1727
1222 1732
1727 17
17 1906
17 1889
1906 1375
1375 1323
1323 950
1323 1371
950 1183
950 511
1183 1495
1183 740
1495 1305
1305 631
631 1300
631 1657
1300 1914
1914 86
1914 1770
86 426
426 1384
1384 1174
1174 154
154 300
154 1999
300 543
543 336
336 1112
336 2014
1112 106
1112 679
106 650
650 1672
1672 641
641 699
641 107
699 553
699 1886
553 361
361 654
654 1841
1841 1716
1841 1454
1716 1611
1611 972
972 900
900 1357
1357 828
828 208
828 1992
208 556
556 962
962 1997
1997 1296
1997 25
1296 1552
1296 1069
1552 842
842 394
394 860
394 616
860 1660
860 248
1660 866
866 1424
866 754
1424 940
940 1633
940 882
1633 1133
1133 729
1133 1964
729 1924
729 1168
1924 1802
1924 1604
1802 42
1802 1630
42 1606
42 831
1606 433
1606 1126
433 813
813 111
111 785
785 347
347 1573
347 1567
1573 864
864 1275
864 528
1275 101
1275 422
101 1111
101 2037
1111 1124
1124 603
1124 117
603 2022
2022 630
2022 532
630 169
169 697
697 1521
697 780
1521 537
537 62
62 1458
62 1523
1458 1260
1458 481
1260 43
43 205
205 1967
1967 1729
1729 83
1729 1531
83 1688
1688 1256
1688 927
1256 1624
1256 1388
1624 694
694 1820
1820 1983
1983 1925
1983 853
1925 451
451 923
451 1338
923 1290
1290 305
1290 1722
305 1504
305 530
1504 1153
1153 188
188 1791
188 2019
1791 38
38 745
38 1460
745 1691
1691 1921
1691 1029
1921 1751
1751 726
726 1659
1659 1477
1477 1803
1803 296
1803 1451
296 278
278 1918
1918 1530
1918 1188
1530 226
1530 2053
226 34
34 271
271 611
271 1113
611 1380
611 1599
1380 870
870 1503
870 26
1503 453
1503 1194
453 797
453 2018
797 1287
797 1140
1287 186
1287 1695
186 1130
1130 2057
2057 1097
2057 859
1097 2016
2016 1155
2016 2042
1155 1893
1155 1540
1893 1666
1893 1350
1666 1219
1219 1336
1336 1014
1014 1327
1327 400
1327 6
400 1850
1850 61
1850 437
61 306
61 419
306 1135
1135 4
4 221
4 1209
221 446
446 1156
446 1526
1156 1728
1728 1786
1728 1981
1786 441
1786 791
441 1217
1217 1936
1936 177
177 555
555 1510
555 35
1510 711
711 1462
711 130
1462 116
1462 1508
116 1865
1865 628
628 714
628 1778
714 350
714 999
350 145
145 1329
145 1702
1329 254
254 889
889 907
907 1035
907 1549
1035 1605
1035 351
1605 52
52 1758
1758 557
557 457
557 447
457 356
457 328
356 961
356 504
961 1364
961 1078
1364 2033
2033 1801
1801 1197
1801 1252
1197 1273
1197 781
1273 316
316 1913
316 1592
1913 332
332 599
332 1565
599 1239
599 561
1239 327
327 1957
1957 1333
1957 1569
1333 648
648 680
648 652
680 1752
1752 193
193 315
193 1579
315 1434
1434 1822
1434 464
1822 1661
1822 51
1661 1934
1661 119
1934 1160
1160 1118
1118 1308
1308 286
286 1710
286 662
1710 955
1710 310
955 1307
1307 198
1307 1075
198 1692
1692 1804
1692 349
1804 623
623 1922
1922 922
922 76
76 2072
76 1946
2072 1814
2072 904
1814 852
1814 2058
852 973
852 150
973 1998
973 1973
1998 472
472 1581
1581 1055
1581 1760
1055 1597
1055 879
1597 564
1597 1885
564 1608
1608 1717
1717 218
1717 1589
218 1464
1464 44
1464 1345
44 84
84 1044
84 301
1044 1862
1044 736
1862 893
893 1413
893 297
1413 945
1413 427
945 916
945 1414
916 1555
1555 1351
1351 140
1351 354
140 1690
140 1397
1690 1686
1690 992
1686 1019
1686 1877
1019 717
1019 1650
717 942
717 1377
942 499
499 1750
1750 85
85 698
698 1226
698 531
1226 536
536 567
536 660
567 1490
567 585
1490 836
836 1525
836 1449
1525 547
1525 884
547 722
547 806
722 1288
1288 1594
1288 331
1594 1240
1240 29
1240 261
29 1551
1551 1642
1551 755
1642 902
902 1496
1496 1382
1496 1955
1382 262
262 1703
1703 1158
1158 747
747 1506
1506 624
624 1374
1374 1698
1698 772
1698 1322
772 544
544 105
544 783
105 1373
1373 1993
1993 1164
1164 576
576 1101
576 503
1101 1582
1582 897
1582 88
897 164
164 444
164 1904
444 1543
444 584
1543 1639
1639 693
1639 1324
693 1628
693 1663
1628 414
414 2052
414 2038
2052 1843
1843 622
1843 1282
622 2070
622 1365
2070 8
2070 2027
8 195
8 304
195 762
762 389
389 1917
1917 1478
1478 1566
1478 655
1566 841
841 1483
1483 1984
1984 2049
1984 1432
2049 779
779 109
109 344
344 1988
1988 1612
1612 1457
1457 73
1457 180
73 155
73 550
155 1283
1283 1233
1233 402
402 1980
1980 952
1980 1192
952 523
952 1411
523 32
32 1094
32 1143
1094 816
816 1644
816 246
1644 545
545 1610
545 1699
1610 2065
1610 58
2065 1466
2065 339
1466 1041
1041 1619
1041 597
1619 1123
1619 2068
1123 494
494 99
494 1136
99 1497
99 1456
1497 1559
1497 953
1559 627
627 1784
627 127
1784 878
878 782
878 1092
782 701
701 430
701 910
430 1655
430 867
1655 1173
1655 519
1173 1337
1337 1944
1944 40
40 1012
40 1743
1012 1737
1737 1405
1405 930
930 463
930 2024
463 303
463 1574
303 1928
303 1883
1928 883
1928 1920
883 730
883 125
730 264
730 12
264 1985
264 939
1985 135
135 1689
135 1108
1689 563
563 539
539 1203
1203 1765
1203 667
1765 1926
1926 789
1926 1232
789 1452
789 280
1452 87
87 121
87 1484
121 1268
1268 516
516 593
593 506
593 1759
506 1811
1811 1117
1117 1068
1117 268
1068 1429
1429 365
1429 705
365 1724
365 318
1724 933
933 915
933 1856
915 277
915 958
277 149
277 1199
149 580
149 1149
580 594
594 1047
1047 1696
1696 817
1696 918
817 2035
2035 238
238 1969
1969 835
1969 1335
835 1518
1518 334
334 1331
334 23
1331 1392
1392 675
1392 1768
675 1792
675 1297
1792 1701
1701 397
1701 1965
397 1511
397 63
1511 1381
1511 687
1381 1513
1513 1853
1853 1368
1853 1827
1368 967
967 189
189 313
189 957
313 821
821 1186
1186 1553
1553 908
908 299
908 634
299 861
299 71
861 1089
1089 14
1089 1225
14 252
14 1681
252 390
252 995
390 989
989 665
665 657
665 1916
657 1214
1214 1184
1184 2055
1184 314
2055 95
2055 1163
95 1488
1488 146
1488 293
146 872
872 1379
872 176
1379 636
636 1005
636 1707
1005 1147
1005 1995
1147 562
562 478
562 1899
478 1869
1869 690
1869 663
690 1873
690 924
1873 1077
1077 775
775 1810
1810 1607
1810 1537
1607 1645
1645 348
1645 890
348 1652
348 1662
1652 1676
1652 1910
1676 1789
1676 139
1789 65
1789 333
65 515
515 1445
1445 1629
1445 488
1629 1974
1629 294
1974 395
395 1675
1675 1894
1894 134
134 702
134 98
702 994
994 673
673 708
673 1892
708 345
345 1408
1408 843
1408 1915
843 1220
1220 752
1220 551
752 185
752 1046
185 979
979 250
250 968
250 1330
968 1285
968 810
1285 517
1285 549
517 1578
517 1845
1578 1591
1591 92
1591 834
92 165
92 1836
165 1951
165 69
1951 1422
1422 558
1422 495
558 825
825 1446
1446 796
796 362
362 724
362 1584
724 790
790 637
637 445
445 974
445 936
974 1321
1321 2028
2028 1017
1017 46
46 1842
1842 1715
1842 2066
1715 1396
1396 769
769 1741
769 771
1741 969
1741 1546
969 1463
969 2004
1463 2008
2008 411
411 1954
411 1437
1954 485
485 1767
1767 1045
1767 610
1045 1826
1045 203
1826 871
871 1519
1519 644
644 173
173 823
823 1963
1963 513
1963 526
513 141
141 147
141 921
147 1009
1009 1390
1009 682
1390 199
199 2032
2032 1923
2032 1081
1923 1056
1923 1346
1056 1341
1341 479
479 1835
1835 1536
1835 1653
1536 1237
1536 1790
1237 1896
1237 1406
1896 118
118 11
118 1948
11 1223
1223 2059
2059 1002
1002 1073
1073 319
319 178
178 1505
1505 592
1505 454
592 489
489 1161
489 375
1161 64
1161 876
64 151
151 1417
1417 1360
1417 197
1360 1839
1360 573
1839 1400
1839 1646
1400 102
1400 1745
102 1317
102 1769
1317 122
1317 963
122 1419
1419 1224
1419 1776
1224 1218
1218 764
1218 216
764 1766
764 559
1766 1389
1389 658
658 1882
658 1775
1882 1562
1882 909
1562 1409
1409 525
525 570
525 601
570 1212
570 1435
1212 1844
1844 577
1844 1782
577 1771
577 1120
1771 113
113 819
113 1403
819 1846
819 1064
1846 487
487 731
487 97
731 1847
731 1825
1847 49
49 1051
1051 1099
1099 342
342 1507
342 1585
1507 1175
1507 477
1175 1053
1053 1091
1053 1534
1091 1312
1312 372
372 1687
1687 239
239 428
428 1024
428 647
1024 1754
1754 804
804 1613
804 938
1613 735
1613 1062
735 965
965 507
965 1170
507 80
80 784
784 384
784 1564
384 803
803 1643
1643 1953
1643 285
1953 376
376 219
376 1888
219 1560
1560 59
1560 108
59 438
438 103
438 460
103 838
103 1474
838 1694
838 1416
1694 266
266 898
266 1386
898 1048
898 829
1048 1947
1048 983
1947 1834
1947 1060
1834 1744
1834 2054
1744 1309
1744 379
1309 1492
1492 410
1492 2074
410 1919
1919 706
1919 1049
706 1849
706 2048
1849 386
1849 27
386 612
386 590
612 1465
612 1935
1465 1905
1905 1433
1433 1139
1139 1570
1570 1806
1570 1735
1806 91
91 1700
91 257
1700 1383
1383 450
450 1253
1253 709
1253 192
709 291
709 455
291 309
291 1568
309 1141
309 946
1141 716
716 629
716 1412
629 1034
629 393
1034 928
928 1084
928 343
1084 128
128 583
128 1028
583 325
325 89
89 993
89 1292
993 1879
993 260
1879 1499
1879 568
1499 1781
1781 1180
1781 1038
1180 1057
1057 465
465 392
465 1178
392 1344
1344 2077
1344 1945
2077 1247
2077 1301
1247 1857
1247 1932
1857 36
1857 850
36 24
24 1943
1943 1738
1943 674
1738 1884
1738 801
1884 1871
1871 1941
1941 640
640 1279
640 1832
1279 363
363 926
363 2071
926 619
926 1295
619 1557
619 1614
1557 591
1557 2013
591 1144
1144 324
1144 996
324 1105
1105 191
1105 720
191 723
191 1107
723 1198
723 1959
1198 997
997 1962
997 2050
1962 1808
1962 1976
1808 114
114 620
114 288
620 163
620 1830
163 2073
163 733
2073 582
582 586
586 633
633 759
759 1622
759 1593
1622 1986
1622 1880
1986 659
1986 1001
659 1583
659 2061
1583 275
1583 862
275 500
500 1082
1082 548
548 1598
1598 1787
1598 977
1787 45
45 442
442 1215
1215 1649
1649 1816
1816 1421
1816 845
1421 688
1421 1561
688 31
31 421
31 1539
421 1895
421 1609
1895 1799
1895 3
1799 143
143 1476
143 1878
1476 875
875 1065
875 1134
1065 1909
1065 181
1909 1723
1723 1211
1723 1227
1211 1522
1522 1705
1522 1391
1705 1032
1705 578
1032 48
1032 848
48 719
719 649
719 1447
649 1090
649 1125
1090 1369
1369 323
1369 474
323 1106
1106 1685
1106 521
1685 249
1685 1907
249 1242
1242 329
329 245
245 1202
1202 651
1202 2023
651 1418
651 1206
1418 773
773 194
773 739
194 602
602 678
678 204
678 1061
204 1938
1938 737
737 1480
737 235
1480 604
604 1385
604 1415
1385 70
1385 77
70 1093
70 358
1093 1148
1093 1176
1148 53
1148 234
53 1679
53 138
1679 1966
1679 849
1966 1103
1966 1712
1103 1961
1103 509
1961 1238
1961 1410
1238 1489
1238 1235
1489 695
1489 1076
695 1809
1809 512
1809 1074
512 524
524 1618
524 1189
1618 540
1618 1730
540 434
434 1119
1119 1528
1528 1898
1528 1858
1898 808
808 1942
1942 1956
1956 1121
1121 473
473 407
473 1527
407 131
407 911
131 1427
1427 1302
1302 937
937 851
851 1181
851 1243
1181 1987
1181 1533
1987 1349
1349 39
1349 1274
39 60
60 707
707 1229
707 638
1229 792
1229 1299
792 1818
1818 1020
1020 1340
1340 1234
1234 1453
1234 529
1453 1006
1006 818
818 1651
818 1777
1651 1929
1651 498
1929 1876
1929 330
1876 1469
1876 1780
1469 1355
1355 1395
1355 970
1395 575
1395 1773
575 1284
1284 1960
1960 598
598 1007
598 1013
1007 1461
1461 1254
1254 1071
1254 542
1071 1706
1071 33
1706 1512
1512 274
274 1182
274 1200
1182 2020
2020 449
2020 247
449 298
298 366
366 1747
366 1066
1747 535
535 712
712 2
712 609
2 1010
2 380
1010 653
1010 689
653 770
770 614
614 251
251 1514
251 625
1514 1939
1514 72
1939 399
1939 382
399 2026
399 903
2026 1558
1558 1656
1656 1270
1270 1647
1647 1016
1016 20
1016 1874
20 1774
1774 811
1774 159
811 1320
811 1586
1320 1319
1319 645
645 891
645 587
891 1823
1823 976
1823 935
976 1431
976 295
1431 1516
1516 1779
1779 311
311 317
311 2002
317 1937
317 1358
1937 112
1937 1542
112 776
776 1550
776 565
1550 413
413 1213
413 1008
1213 371
1213 1088
371 1829
1829 1269
1829 1601
1269 589
589 335
335 265
335 721
265 2017
2017 1004
1004 1258
1004 743
1258 1900
1258 1083
1900 2034
1900 1334
2034 1933
2034 1098
1933 1541
1541 1205
1541 1
1205 1129
1129 1154
1129 123
1154 1326
1326 179
1326 1812
179 398
398 1854
1854 1532
1854 756
1532 1361
1361 1042
1361 1313
1042 1339
1339 1749
1749 1401
1401 456
456 1479
456 1684
1479 22
1479 202
22 1795
1795 1423
1423 47
47 2067
47 661
2067 1996
2067 1494
1996 1210
1210 5
5 761
761 533
533 2006
533 1343
2006 2015
2015 229
229 988
988 232
232 1972
1972 742
1972 880
742 1680
1680 220
220 1347
220 768
1347 948
948 757
948 1328
757 1286
757 874
1286 873
873 1740
1740 1248
1248 1756
1248 1500
1756 632
1756 322
632 355
355 981
981 2003
981 844
2003 865
2003 1228
865 230
865 242
230 1911
1911 980
980 913
913 1761
1761 881
881 1596
881 1623
1596 685
685 572
685 415
572 1708
572 468
1708 269
269 990
990 211
211 826
826 120
826 1318
120 2076
120 795
2076 244
2076 1515
244 1036
1036 292
292 18
292 1114
18 471
471 1040
471 1669
1040 799
1040 272
799 510
799 367
510 522
510 1683
522 462
462 1399
1399 1486
1486 704
1486 187
704 750
704 1201
750 1903
750 1298
1903 1704
1704 617
617 2051
2051 1482
1482 710
710 934
710 1554
934 1261
934 1815
1261 1280
1261 1863
1280 1616
1280 129
1616 1450
1450 1891
1450 1772
1891 148
1891 798
148 1667
1667 1485
1667 1428
1485 677
1485 1116
677 1529
677 466
1529 1577
1577 2040
2040 793
793 566
566 892
892 805
892 470
805 167
805 1443
167 1796
167 824
1796 418
418 493
418 1204
493 1887
1887 1241
1887 1190
1241 369
369 377
377 763
377 766
763 224
224 340
340 408
340 1440
408 951
951 1602
951 1185
1602 1665
1602 373
1665 1994
1665 1054
1994 1109
1109 170
170 1398
170 1739
1398 284
1398 2041
284 925
284 469
925 385
385 571
385 856
571 669
669 482
482 1472
1472 839
839 174
174 1131
174 954
1131 1580
1580 788
1580 914
788 1697
788 1467
1697 41
41 237
41 607
237 440
440 2044
2044 467
467 1146
1146 1798
1798 1455
1798 1641
1455 153
153 1746
153 1195
1746 227
227 302
227 1693
302 222
222 436
222 2031
436 381
381 200
200 1420
200 1538
1420 744
744 1468
744 360
1468 74
74 1018
1018 1975
1018 157
1975 28
1975 1196
28 1714
1714 1043
1043 1626
1043 646
1626 1520
1520 668
668 1096
668 1828
1096 2063
2063 78
2063 929
78 54
54 877
54 1949
877 1852
877 396
1852 124
1852 1115
124 337
337 13
337 175
13 94
94 2046
2046 1709
1709 2030
2030 1262
1262 1670
1262 1958
1670 160
1670 1654
160 1348
1348 233
233 626
233 492
626 1436
626 1110
1436 518
1436 608
518 1990
518 932
1990 814
814 341
341 133
133 579
579 1353
579 228
1353 1625
1625 2011
2011 1648
2011 1725
1648 359
1648 2000
359 605
359 541
605 846
846 1748
846 1430
1748 700
1748 984
700 683
700 1742
683 1931
683 847
1931 863
1931 217
863 1167
863 1026
1167 320
320 1037
320 1086
1037 2062
1037 765
2062 1498
2062 666
1498 520
520 1544
1544 777
777 840
777 703
840 476
840 132
476 971
476 2056
971 639
639 404
404 905
905 287
287 1813
287 388
1813 1720
1720 895
895 1378
895 1671
1378 508
1378 448
508 458
508 1475
458 9
458 1563
9 270
9 326
270 1851
270 1132
1851 1250
1851 15
1250 1314
1250 959
1314 368
1314 943
368 190
368 514
190 1387
1387 144
1387 1736
144 1501
1501 1678
1501 416
1678 1376
1376 267
1376 81
267 1159
267 727
1159 96
96 1517
1517 778
778 1165
778 1100
1165 1908
1165 982
1908 656
1908 2036
656 461
461 947
947 2064
2064 1634
1634 459
1634 672
459 1367
1367 307
307 213
213 57
57 885
885 2029
885 374
2029 1052
1052 1128
1052 1867
1128 734
734 1402
1402 67
1402 1819
67 1524
1524 370
370 2009
2009 207
207 168
168 1491
1491 1281
1491 1600
1281 166
1281 431
166 1840
166 941
1840 1807
1840 1169
1807 1638
1638 1755
1755 1394
1755 1244
1394 412
1394 439
412 1860
1860 800
1860 960
800 606
606 1902
1902 569
1902 496
569 1978
1978 1797
1797 854
1797 1636
854 420
854 546
420 1637
1637 383
1637 869
383 364
383 681
364 136
364 1788
136 820
136 1952
820 241
241 1246
1246 1970
1246 1030
1970 758
1970 1278
758 1266
758 1897
1266 10
10 1425
1425 975
1425 378
975 1753
975 560
1753 1470
1470 401
401 104
401 1310
104 1635
1635 1833
1635 1545
1833 538
538 1509
1509 738
738 1058
738 1673
1058 1674
1058 1837
1674 417
1674 501
417 346
417 1576
346 1721
1721 2060
2060 1059
2060 424
1059 1444
1059 664
1444 182
1444 809
182 1171
182 225
1171 1363
1171 1448
1363 1627
1627 753
1627 919
753 991
991 886
991 490
886 896
896 1632
896 1590
1632 142
1632 1805
142 1438
142 728
1438 1603
1603 209
209 1104
1104 405
405 686
686 1868
686 435
1868 786
1868 1137
786 1927
1927 1304
1927 1571
1304 2025
2025 1848
2025 357
1848 289
289 171
289 290
171 338
171 409
338 1426
338 93
1426 214
1426 1342
214 643
643 1968
643 1982
1968 259
259 1971
1971 1359
1971 1870
1359 1207
1359 1050
1207 1208
1207 748
1208 1354
1354 1315
1315 231
231 1249
1249 50
50 812
50 162
812 1471
1471 2039
2039 1459
2039 1875
1459 822
1459 1757
822 1587
822 1000
1587 279
279 1881
279 1230
1881 1493
1493 1187
1493 725
1187 206
1187 1152
206 833
206 554
833 1556
833 1800
1556 223
1556 1575
223 1067
1067 1821
1821 1251
1251 2005
1251 2007
2005 1473
1473 1912
1912 282
282 1764
1764 1080
1080 126
1080 201
