22 2943 9853617
7 9
9 16
16 22
22 15
15 12
15 5
12 8
8 18
8 17
18 2
2 4
2 21
4 6
4 11
6 10
6 20
10 14
10 19
14 1
14 3
1 13
705 1556
705 422
1556 1006
1006 2029
1006 1249
2029 2625
2625 2937
2937 2507
2507 1476
1476 1680
1680 880
1680 883
880 412
412 1976
1976 2860
2860 739
2860 1923
739 2513
2513 5
2513 1928
5 2409
2409 2277
2409 201
2277 2816
2816 2466
2466 2405
2405 855
855 915
855 1443
915 2719
915 1487
2719 2846
2719 1484
2846 2278
2846 833
2278 1855
1855 832
832 1723
832 2469
1723 1623
1723 505
1623 1606
1623 1107
1606 383
383 2618
2618 1171
2618 304
1171 571
1171 1501
571 1567
1567 699
1567 1307
699 957
699 687
957 2938
2938 578
578 2366
2366 2661
2661 730
2661 537
730 2219
730 1198
2219 612
612 961
961 1638
1638 2432
2432 942
942 1626
942 1482
1626 2151
2151 2246
2151 878
2246 815
815 1729
815 2706
1729 2339
2339 1297
1297 535
1297 1787
535 55
55 2734
55 1264
2734 220
220 2895
2895 369
2895 2460
369 2774
2774 2505
2774 701
2505 1678
1678 2256
2256 679
679 1755
1755 2138
1755 1719
2138 1116
1116 2404
2404 1358
2404 919
1358 807
807 2623
2623 2926
2623 1965
2926 1659
2926 1461
1659 1981
1659 1084
1981 1052
1981 1681
1052 2818
1052 1947
2818 2211
2211 1017
2211 1742
1017 909
1017 151
909 1169
909 2275
1169 560
560 2870
2870 985
985 2014
985 1412
2014 1954
2014 247
1954 115
1954 2082
115 362
115 756
362 2682
2682 721
2682 1540
721 742
721 2282
742 346
742 1564
346 1131
1131 532
1131 749
532 2028
2028 2065
2028 709
2065 552
2065 481
552 845
845 514
845 1794
514 1784
1784 2811
1784 2063
2811 1648
1648 2747
1648 2467
2747 2059
2059 2419
2059 1322
2419 2725
2419 635
2725 1772
2725 2770
1772 937
937 19
937 2592
19 2852
19 2480
2852 632
2852 2906
632 673
632 275
673 1541
1541 1272
1541 291
1272 366
366 2528
366 1704
2528 2426
2528 2031
2426 2389
2426 338
2389 731
731 1096
1096 1342
1342 46
1342 2318
46 2312
2312 9
9 1236
9 1233
1236 2724
1236 1980
2724 914
914 1558
1558 297
1558 433
297 277
297 266
277 729
277 45
729 683
683 2226
683 861
2226 2613
2226 2251
2613 700
700 287
287 332
332 633
633 598
598 2305
2305 1935
1935 228
228 2575
2575 2831
2831 1845
1845 871
871 1174
871 175
1174 2744
2744 425
2744 28
425 1759
1759 1308
1759 2386
1308 2260
1308 2800
2260 2465
2260 2555
2465 1950
2465 1416
1950 1694
1950 2184
1694 2535
1694 1604
2535 2687
2687 1602
2687 1952
1602 2457
1602 686
2457 2517
2457 2775
2517 900
900 2291
900 482
2291 2473
2291 515
2473 661
2473 2909
661 2932
2932 708
708 2823
2823 148
148 2783
148 817
2783 2448
2783 2548
2448 1266
1266 2253
2253 1963
1963 499
1963 81
499 1378
499 752
1378 318
318 2427
2427 802
2427 794
802 868
802 1034
868 2309
2309 2581
2581 68
68 2890
68 2080
2890 1263
2890 2441
1263 1816
1263 2238
1816 2530
1816 41
2530 350
2530 2255
350 2081
2081 2827
2081 1070
2827 2388
2827 828
2388 2337
2388 1674
2337 2137
2137 791
2137 2842
791 857
857 1481
1481 2055
2055 1971
2055 2572
1971 428
1971 837
428 2445
2445 1396
2445 1766
1396 154
1396 401
154 1083
1083 1278
1278 2047
2047 2545
2047 2387
2545 2866
2866 536
536 1254
1254 2399
2399 1958
1958 736
1958 2814
736 2377
736 2007
2377 554
554 614
554 1020
614 2474
614 2568
2474 2171
2171 2039
2171 1258
2039 14
2039 803
14 1795
14 2207
1795 403
1795 486
403 592
403 2166
592 2221
2221 1353
1353 219
219 1095
1095 2265
2265 2897
2265 1852
2897 2153
2153 2076
2076 265
2076 2121
265 1643
1643 186
186 2074
2074 498
498 1113
498 2213
1113 2398
1113 1864
2398 2614
2398 1156
2614 1474
1474 2176
2176 257
257 150
257 232
150 1164
1164 2487
1164 488
2487 707
2487 2454
707 1583
1583 1189
1189 667
1189 2292
667 2729
667 1494
2729 1319
1319 1805
1319 153
1805 90
90 1775
90 2498
1775 2720
2720 141
2720 173
141 16
16 1513
16 2095
1513 1948
1513 2732
1948 2654
2654 793
793 1351
793 991
1351 337
1351 2328
337 2304
337 2531
2304 2130
2130 2798
2130 470
2798 1267
1267 2782
1267 2930
2782 1920
2782 810
1920 2799
2799 2803
2803 2665
2803 1409
2665 1183
1183 2433
2433 1045
1045 846
1045 1136
846 2578
846 1459
2578 2727
2727 1273
1273 2696
1273 2821
2696 934
2696 1837
934 890
890 22
890 1597
22 317
317 1497
1497 100
100 2083
2083 1294
2083 2574
1294 517
1294 771
517 2317
517 657
2317 434
434 1055
434 1995
1055 1621
1621 864
1621 1066
864 463
463 2319
463 402
2319 395
395 1808
395 471
1808 1942
1942 324
324 1905
1905 605
1905 822
605 1661
1661 926
926 662
662 1479
662 1605
1479 594
1479 813
594 2281
594 733
2281 2533
2281 1782
2533 417
2533 144
417 1405
1405 351
351 1938
1938 2943
1938 1099
2943 2940
2943 2538
2940 24
2940 2218
24 781
24 971
781 566
781 84
566 347
566 1231
347 2471
2471 2437
2471 119
2437 2892
2892 924
2892 1549
924 56
56 138
138 1809
138 1490
1809 1428
1809 2594
1428 2098
2098 2390
2098 1972
2390 191
191 2073
191 2911
2073 2606
2073 1882
2606 1248
1248 769
769 478
478 2573
2573 2534
2573 20
2534 74
2534 2004
74 93
74 2862
93 767
93 863
767 2396
767 1585
2396 761
2396 1401
761 671
671 1933
671 2068
1933 1629
1629 197
1629 2272
197 1591
1591 1655
1591 1945
1655 780
1655 2233
780 2868
2868 2430
2430 259
2430 1225
259 301
301 39
301 2303
39 548
39 1741
548 527
548 237
527 821
821 2173
2173 446
446 6
6 1072
1072 1807
1072 466
1807 829
1807 1699
829 89
829 1555
89 2508
2508 1344
1344 542
542 1721
1721 250
250 2559
2559 1448
1448 775
775 1235
1235 2640
2640 57
2640 847
57 2529
2529 2596
2529 1910
2596 357
357 1166
1166 236
1166 184
236 1927
236 623
1927 1542
1927 1918
1542 2506
1542 2159
2506 2464
2464 185
185 1559
1559 110
110 1960
110 2638
1960 2570
1960 585
2570 1165
1165 109
109 2463
2463 223
2463 1339
223 945
945 1433
1433 390
390 541
541 2116
541 325
2116 995
2116 2353
995 1982
1982 2609
2609 2730
2609 850
2730 2476
2476 1764
1764 2002
1764 589
2002 1093
2002 1367
1093 2743
1093 2709
2743 255
255 1420
1420 163
1420 2162
163 1967
1967 2286
2286 1838
1838 1730
1730 2503
1730 1491
2503 1038
2503 1406
1038 887
1038 1153
887 2604
2604 396
2604 289
396 892
892 2182
2182 1796
2182 2847
1796 2547
1796 901
2547 574
574 2034
574 526
2034 727
727 557
727 663
557 2642
557 950
2642 1192
2642 981
1192 1690
1690 1827
1690 2071
1827 1277
1827 268
1277 1368
1277 1863
1368 1220
1368 2127
1220 2284
1220 2819
2284 563
563 2058
563 723
2058 1145
1145 258
258 1903
1903 461
1903 1163
461 1693
461 1073
1693 2733
1693 2655
2733 1746
1746 1630
1630 1285
1630 1859
1285 1561
1285 1622
1561 647
647 2400
2400 2710
2400 904
2710 519
2710 129
519 907
519 2704
907 295
907 2591
295 1547
295 2257
1547 2069
2069 1205
1205 1027
1205 2333
1027 1194
1194 2189
1194 274
2189 2907
2907 2755
2755 1841
2755 85
1841 1545
1841 380
1545 1468
1468 2500
2500 361
2500 897
361 2378
2378 1470
1470 2707
1470 1114
2707 1571
2707 2455
1571 867
867 1671
867 1188
1671 1262
1671 166
1262 842
842 2521
2521 1886
2521 2550
1886 1713
1713 2651
2651 1082
1082 2416
1082 1649
2416 1592
2416 2015
1592 2252
2252 1601
2252 2482
1601 1239
1601 1911
1239 1355
1355 1496
1496 406
1496 645
406 1614
406 2797
1614 1532
1532 2402
2402 1111
2402 2502
1111 1800
1111 2939
1800 50
50 145
145 2922
145 484
2922 759
2922 1357
759 521
521 47
521 984
47 1417
47 2470
1417 856
856 2728
2728 506
2728 1246
506 1071
1071 2021
2021 96
96 1751
96 88
1751 983
983 854
983 1857
854 398
398 1067
398 1822
1067 1811
1067 1944
1811 1778
1811 1525
1778 2879
1778 160
2879 1912
2879 1438
1912 2806
2806 419
2806 426
419 2767
2767 2269
2767 1292
2269 2669
2269 1714
2669 719
2669 746
719 1018
719 992
1018 824
824 353
353 2347
353 2010
2347 2741
2741 2737
2737 2788
2737 256
2788 1608
2788 1393
1608 1851
1851 1569
1569 1069
1069 1295
1069 2583
1295 2589
2589 2520
2520 1696
1696 511
511 1495
1495 659
1495 308
659 1345
659 2079
1345 1531
1345 2236
1531 2086
1531 209
2086 2084
2084 1302
1302 1284
1284 2461
1284 917
2461 299
299 1425
299 355
1425 1102
1425 2745
1102 1883
1102 2793
1883 1212
1212 1673
1673 1458
1458 539
1458 2108
539 2494
539 2700
2494 696
696 2805
2805 1033
1033 2582
2582 2375
2375 384
384 1579
1579 178
178 1318
178 550
1318 1634
1318 818
1634 441
1634 272
441 1771
441 1138
1771 816
1771 2273
816 472
472 34
472 2289
34 1535
1535 2838
1535 2193
2838 1676
1676 1214
1214 217
1214 811
217 335
335 454
454 1616
1616 2087
1616 1518
2087 270
2087 1898
270 1043
270 2526
1043 1203
1203 365
365 452
452 2424
452 1636
2424 1287
2424 1670
1287 1035
1035 2746
2746 122
122 379
379 1895
379 2629
1895 1326
1326 2871
2871 1427
1427 1790
1427 1570
1790 654
1790 1733
654 1757
1757 2539
2539 1817
1817 1121
1817 2489
1121 2012
2012 936
2012 2201
936 1587
1587 2301
1587 2391
2301 1964
2301 1847
1964 944
944 1407
1407 1846
1846 1004
1004 343
343 356
356 510
510 899
510 1410
899 1140
899 469
1140 2462
2462 876
2462 2873
876 411
876 2239
411 1489
411 1391
1489 1160
1160 1689
1160 194
1689 2686
2686 1306
2686 1063
1306 2904
1306 2855
2904 2042
2904 2703
2042 2512
2042 302
2512 646
2512 1825
646 18
18 638
638 354
354 2690
354 1750
2690 1835
1835 1053
1053 2368
1053 2810
2368 2359
2368 195
2359 540
540 2334
540 2886
2334 1172
1172 2025
2025 2927
2025 2777
2927 2885
2885 1985
2885 106
1985 966
966 2936
966 649
2936 784
2936 2364
784 625
625 547
547 1761
1761 2451
2451 2417
2417 98
98 738
98 4
738 2899
2899 359
2899 1711
359 2711
359 1472
2711 2784
2784 1641
2784 2844
1641 2320
2320 2045
2320 1237
2045 1940
1940 1537
1940 1390
1537 1386
1537 606
1386 42
1386 2085
42 763
763 1279
1279 473
1279 2128
473 1422
473 240
1422 2423
2423 2442
2442 2235
2235 2643
2235 1875
2643 254
254 1568
1568 269
269 2891
2891 755
755 1666
1666 448
448 712
712 91
91 902
902 1167
1167 2397
2397 2580
2397 263
2580 2674
2674 1870
2674 534
1870 2447
2447 644
644 2679
644 1589
2679 2195
2195 2839
2195 444
2839 2152
2839 1891
2152 447
2152 1509
447 979
447 2569
979 2681
2681 2516
2516 788
2516 285
788 2795
788 300
2795 2351
2795 1901
2351 1684
1684 261
261 465
465 682
465 2406
682 1603
682 427
1603 1884
1603 1245
1884 689
689 658
689 1962
658 2920
658 862
2920 841
841 1612
841 477
1612 363
1612 1469
363 619
363 2097
619 1624
619 1332
1624 565
565 1399
1399 509
509 2407
509 884
2407 648
648 2288
648 740
2288 63
63 15
15 2919
15 1002
2919 785
785 1134
1134 2365
2365 753
2365 1834
753 1309
1309 1298
1309 1902
1298 1650
1298 1301
1650 3
1650 1370
3 183
183 294
294 1320
1320 1873
1873 2848
2848 1054
1054 2773
1054 1064
2773 2656
2773 529
2656 2322
2656 965
2322 968
968 130
130 1413
130 894
1413 2035
2035 418
418 1832
1832 2036
1832 799
2036 2147
2036 2722
2147 1831
2147 1984
1831 2030
2030 2075
2030 1692
2075 2231
2231 2833
2231 553
2833 2094
2833 233
2094 2000
2094 893
2000 1465
2000 720
1465 326
1465 439
326 848
848 1147
848 544
1147 387
1147 1997
387 1360
1360 1769
1769 169
169 1872
169 2057
1872 1738
1872 1613
1738 1208
1208 49
49 1049
1049 2536
1049 889
2536 1112
1112 1663
1663 2902
2902 2668
2668 2792
2792 1584
2792 913
1584 1939
1584 1414
1939 703
1939 1024
703 1362
703 603
1362 1756
1756 373
1756 668
373 2321
2321 2850
2321 2172
2850 678
678 1599
678 2563
1599 2485
2485 2104
2485 2294
2104 1311
2104 1125
1311 1908
1311 137
1908 176
1908 121
176 580
176 932
580 69
580 2052
69 1632
69 1536
1632 331
331 1760
1760 1397
1397 1321
1321 408
1321 290
408 2532
408 787
2532 2230
2532 1253
2230 1644
1644 865
1644 164
865 2748
2748 31
31 2412
2412 2307
2307 1142
2307 204
1142 2013
2013 78
2013 1548
78 782
782 1951
1951 2859
1951 728
2859 1157
2859 17
1157 132
1157 244
132 397
132 852
397 1801
1801 1175
1175 2343
2343 967
967 1256
967 939
1256 456
1256 1124
456 1303
1303 1041
1303 1959
1041 2114
1041 2898
2114 1257
2114 1366
1257 1151
1151 2812
1151 2119
2812 783
783 2553
2553 2204
2553 2778
2204 2266
2266 378
2266 196
378 2431
378 1539
2431 2175
2175 35
2175 1563
35 1906
1906 2649
2649 2497
2497 1546
2497 2344
1546 801
801 627
627 161
627 404
161 1170
1170 2229
2229 1305
2229 1865
1305 2298
2298 1385
2298 2125
1385 1752
1752 1977
1752 2124
1977 375
375 642
375 770
642 2867
642 533
2867 2835
2835 464
464 1654
464 798
1654 2215
1654 2537
2215 2913
2913 973
973 2851
2851 869
869 953
953 179
179 1526
1526 2408
2408 2443
2443 342
2443 2808
342 2691
2691 2621
2621 2274
2274 1148
2274 1085
1148 2794
2794 10
2794 2496
10 2357
2357 2267
2357 1478
2267 1021
1021 1677
1677 2383
1677 1861
2383 1572
2383 1646
1572 2815
2815 860
2815 2840
860 1449
860 1009
1449 2921
2921 2374
2374 1008
1008 1363
1363 2209
2209 2817
2209 2941
2817 1445
2817 2865
1445 2149
2149 1810
1810 1011
1011 1123
1123 2263
1123 54
2263 341
341 2900
341 280
2900 82
2900 1842
82 2023
2023 1966
2023 1457
1966 367
1966 1418
367 1625
367 1329
1625 1475
1475 2046
1475 1323
2046 1858
2046 1560
1858 1467
1858 104
1467 1656
1467 616
1656 2486
1656 500
2486 2354
2486 2148
2354 2807
2354 2789
2807 2283
2283 653
2283 2234
653 2006
2006 2608
2608 2224
2608 1365
2224 1520
2224 1502
1520 676
1520 1094
676 520
676 2509
520 340
340 307
340 36
307 30
307 1177
30 1786
30 1720
1786 617
617 1456
1456 2875
1456 1953
2875 2202
2875 2472
2202 1108
1108 2854
1108 251
2854 2542
2542 935
2542 128
935 2183
2183 543
2183 388
543 2646
543 1325
2646 2360
2360 1503
2360 2310
1503 1122
1122 2102
2102 1931
2102 1553
1931 453
1931 613
453 1480
453 1259
1480 248
1480 1664
248 650
650 1804
1804 1429
1429 53
1429 796
53 2599
53 895
2599 1184
2599 1400
1184 1488
1488 1642
1488 882
1642 2716
1642 2740
2716 2358
2358 2192
2358 2675
2192 2241
2192 414
2241 2832
2241 1324
2832 329
2832 437
329 790
329 1635
790 2341
2341 975
975 1498
1498 972
972 114
114 1274
1274 2026
1274 722
2026 494
2026 512
494 2287
494 1814
2287 2123
2287 1109
2123 224
2123 23
224 2049
224 26
2049 449
2049 1789
449 1424
1424 732
1424 1299
732 881
732 262
881 2395
2395 2705
2395 2363
2705 1402
1402 1893
1402 313
1893 976
1893 2326
976 2708
2708 2639
2639 58
2639 2146
58 2762
2762 40
2762 1230
40 480
40 591
480 1275
1275 2772
1275 2698
2772 493
2772 2372
493 1473
1473 2685
1473 2787
2685 2760
2760 1712
2760 685
1712 2612
2612 2440
2612 2549
2440 1100
1100 549
549 940
549 66
940 123
940 2062
123 1015
1015 1440
1015 1703
1440 2011
1440 2626
2011 1732
1732 1785
1785 974
974 1745
974 2185
1745 2435
2435 1387
1387 476
476 1388
476 1337
1388 2712
1388 750
2712 117
2712 70
117 252
252 1090
1090 674
674 920
920 491
920 684
491 2641
2641 2191
2641 2134
2191 826
826 1135
1135 762
1135 2796
762 2616
762 1978
2616 518
2616 664
518 2836
518 2048
2836 43
43 1269
1269 2468
2468 2633
2468 1565
2633 714
714 1878
1878 1247
1878 1826
1247 715
1247 158
715 556
556 333
333 2556
333 2615
2556 393
393 2217
2217 1300
2217 495
1300 139
139 382
139 2546
382 2271
2271 1530
2271 1524
1530 1880
1530 152
1880 2180
2180 2296
2296 2279
2296 1840
2279 1941
2279 1403
1941 2264
2264 2742
2742 1044
1044 2164
2164 2752
2164 2552
2752 1907
2752 2779
1907 372
372 1936
372 459
1936 1877
1936 1007
1877 2421
1877 1383
2421 1336
2421 1983
1336 320
320 637
637 754
637 125
754 1314
1314 1291
1291 2415
2415 568
2415 2009
568 1743
1743 381
1743 65
381 1633
381 1315
1633 1515
1515 1799
1799 2154
1799 628
2154 698
2154 2214
698 1917
1917 1430
1430 2768
2768 1820
1820 2617
1820 579
2617 1770
1770 1260
1260 1348
1348 1505
1348 451
1505 1012
1505 655
1012 2111
1012 225
2111 1347
2111 1379
1347 1238
1238 1533
1238 2663
1533 745
745 2139
745 1765
2139 168
168 2248
2248 180
2248 1104
180 886
886 2856
886 502
2856 170
2856 1987
170 1748
170 2731
1748 1718
1748 127
1718 392
1718 278
392 2915
392 2436
2915 1843
2915 13
1843 376
376 1573
1573 1118
1118 2587
2587 1028
2587 805
1028 2064
2064 2605
2605 410
410 2070
2070 2905
2905 1517
2905 2917
1517 157
1517 2411
157 1534
1534 1087
1087 303
1087 1887
303 2753
2753 1499
2753 322
1499 79
1499 1201
79 120
79 1617
120 666
120 206
666 1221
1221 1026
1026 734
734 903
734 1092
903 1031
1031 2586
1031 1327
2586 1876
2586 1455
1876 2458
1876 951
2458 1969
2458 990
1969 2306
2306 1763
2306 1815
1763 190
190 2160
2160 1159
1159 435
1159 1990
435 1338
1338 432
432 1133
432 1435
1133 839
839 2636
839 587
2636 1389
2636 1432
1389 2637
2637 1168
2637 2227
1168 1144
1168 1180
1144 2205
2205 475
475 2809
475 853
2809 2197
2809 2414
2197 213
2197 1126
213 267
213 207
267 1261
1261 2208
2208 952
952 1328
1328 1615
1328 1735
1615 2925
2925 1675
2925 522
1675 1512
1675 1894
1512 834
1512 1471
834 1040
834 364
1040 1161
1161 1493
1161 2054
1493 2688
1493 1334
2688 1000
2688 2657
1000 1754
1754 2666
2666 2754
2754 2316
2754 147
2316 631
2316 1352
631 32
32 1780
1780 2032
1780 1341
2032 1881
2032 744
1881 1657
1657 1227
1227 2020
2020 1788
1788 2033
1788 345
2033 2352
2033 1317
2352 1089
1089 2475
1089 205
2475 2140
2140 2168
2140 908
2168 1688
2168 528
1688 1088
1688 212
1088 1899
1899 1486
1486 1955
1955 680
1955 29
680 1359
680 264
1359 2584
1359 2901
2584 946
2584 1580
946 316
316 2329
316 192
2329 1060
1060 2077
1060 1244
2077 836
2077 660
836 1282
1282 2763
1282 1658
2763 1590
1590 348
1590 636
348 2336
348 2828
2336 1949
1949 2837
1949 1562
2837 1511
1511 339
339 181
181 1098
1098 2714
1098 1333
2714 2884
2714 2484
2884 1889
2884 1068
1889 618
618 229
229 1744
229 1381
1744 1640
1640 620
620 576
576 741
576 1747
741 2896
2896 2181
2181 1252
1252 200
200 76
76 2332
76 1672
2332 2761
2332 1768
2761 2726
2726 162
162 1462
1462 545
545 1627
545 189
1627 969
1627 1101
969 2158
969 2216
2158 584
584 1856
1856 2196
1856 2644
2196 675
675 2393
2393 1444
1444 1813
1813 1701
1701 2100
1701 639
2100 1187
2100 1957
1187 747
1187 2106
747 298
747 2331
298 75
75 405
405 724
724 2019
2019 2624
2624 2066
2624 146
2066 523
523 1691
523 1195
1691 2335
1691 2200
2335 609
609 305
305 577
305 1186
577 330
330 1925
1925 2145
2145 538
538 489
538 2781
489 155
489 1222
155 284
155 774
284 311
284 2078
311 245
245 1773
245 814
1773 1143
1143 1888
1888 764
764 490
764 1243
490 2780
490 1669
2780 2869
2780 2446
2869 1005
1005 1802
1802 1806
1806 429
429 2425
429 2237
2425 564
564 1600
564 203
1600 2560
2560 1149
2560 588
1149 2630
2630 2156
2630 37
2156 2635
2156 1130
2635 1010
2635 2912
1010 2918
2918 501
501 866
501 443
866 1803
1803 2091
1803 315
2091 2135
2091 2434
2135 2188
2188 2923
2188 743
2923 1313
2923 450
1313 1885
1313 1382
1885 604
1885 2220
604 1061
1061 113
1061 2673
113 977
113 136
977 2597
2597 2338
2338 530
530 2764
2764 2259
2259 2290
2290 1079
1079 1871
1079 409
1871 1271
1871 2315
1271 1097
1097 922
922 669
669 2622
669 2420
2622 1411
2622 1485
1411 226
226 559
226 230
559 2595
559 2167
2595 2112
2112 1514
2112 772
1514 504
504 1048
1048 1078
1078 2302
2302 1665
2302 601
1665 2143
1665 2693
2143 1423
2143 844
1423 1581
1423 1991
1581 2186
2186 875
2186 33
875 2051
2051 1706
1706 1014
1014 208
208 328
208 2492
328 2877
2877 2504
2504 423
2504 611
423 188
423 2523
188 1914
1914 2659
1914 1595
2659 835
835 1797
835 806
1797 77
1797 960
77 1216
1216 2040
2040 1716
1716 1086
1716 2481
1086 1922
1086 64
1922 292
292 1521
1521 1737
1737 2769
1737 1610
2769 2849
2769 2056
2849 12
12 1431
12 2242
1431 467
467 1346
467 2037
1346 187
1346 677
187 1312
1312 2519
2519 2346
2519 1620
2346 2401
2401 2178
2178 1793
1793 52
1793 2647
52 1077
1077 421
1077 912
421 92
421 2648
92 610
610 455
455 1374
455 1781
1374 1276
1374 2645
1276 286
286 2861
2861 2342
2861 2090
2342 27
27 2038
2038 2356
2356 1032
2356 8
1032 1999
1999 840
1999 1715
840 2510
2510 1860
1860 1728
1728 1211
1728 2449
1211 1724
1211 2088
1724 2300
1724 859
2300 1265
1265 221
221 2144
221 2888
2144 2117
2117 2170
2117 431
2170 2096
2170 2122
2096 391
2096 891
391 1241
1241 1854
1241 1206
1854 2692
2692 2658
2658 1141
2658 808
1141 2864
1141 2297
2864 879
879 483
483 2113
2113 94
2113 2750
94 2543
2543 1932
2543 885
1932 2232
1932 1240
2232 1139
2232 1988
1139 2136
2136 524
524 2005
524 2791
2005 2834
2005 963
2834 1708
1708 558
1708 2223
558 1829
558 2008
1829 279
1829 1117
279 748
279 2367
748 1210
748 2313
1210 773
773 440
440 2501
440 67
2501 1280
1280 2863
2863 2022
2863 1594
2022 947
947 2857
947 2671
2857 2179
2857 1376
2179 2206
2179 2293
2206 389
2206 2327
389 210
389 283
210 2120
210 2129
2120 1679
2120 1463
1679 420
420 2194
420 651
2194 597
2194 2163
597 1228
1228 2540
1228 1384
2540 2483
2540 462
2483 1538
2483 959
1538 2566
1538 2736
2566 1251
1251 2721
1251 516
2721 2110
2721 1120
2110 930
2110 2493
930 1217
1217 1001
1001 823
1001 1154
823 2456
823 958
2456 2203
2203 108
2203 80
108 582
582 2914
2914 600
600 2527
600 2285
2527 1003
1003 570
1003 2564
570 1528
570 2141
1528 1446
1446 1879
1446 593
1879 2601
1879 71
2601 2632
2632 2771
2632 239
2771 1725
1725 2018
1725 360
2018 2738
2018 165
2738 416
2738 998
416 2889
416 1191
2889 243
2889 1058
243 2699
2699 1662
1662 159
159 386
159 1611
386 1398
386 2820
1398 2735
2735 2384
2735 2376
2384 596
2384 711
596 246
246 231
246 116
231 321
231 1929
321 508
508 1373
508 1155
1373 407
407 1452
407 562
1452 1798
1798 1577
1577 458
458 2544
2544 1660
1660 702
702 2299
2299 717
2299 282
717 319
717 2598
319 2044
319 1915
2044 1687
2044 1200
1687 1551
1687 2935
1551 2107
2107 436
436 2270
2270 2765
2270 2101
2765 1182
1182 704
704 1979
1979 99
99 1904
99 1232
1904 1994
1904 1824
1994 2739
2739 1204
2739 216
1204 1426
1426 103
103 688
103 567
688 2551
688 1544
2551 172
172 1974
1974 7
1974 1127
7 1158
1158 2024
1158 695
2024 1791
2024 211
1791 1013
1791 693
1013 970
970 1686
970 2165
1686 1270
1270 507
1270 1356
507 1849
507 2670
1849 2718
2718 1268
1268 2887
2887 112
112 634
634 2043
634 916
2043 874
874 827
874 1415
827 561
561 1943
561 2924
1943 306
306 1506
1506 1019
1506 1223
1019 2619
1019 1777
2619 87
87 2323
87 1588
2323 1103
2323 1823
1103 652
652 626
652 1973
626 1924
626 2567
1924 368
1924 2813
368 2444
2444 1566
2444 1937
1566 1146
1566 1286
1146 1483
1483 2254
1483 1554
2254 1051
2254 2247
1051 1419
1051 2525
1419 59
59 2672
2672 1946
2672 2103
1946 2702
1946 1150
2702 1199
2702 1115
1199 1065
1199 943
1065 928
928 1593
928 2600
1593 1576
1593 531
1576 804
804 1836
804 1916
1836 1986
1986 2413
2413 399
399 2558
399 2324
2558 171
171 167
171 227
167 624
167 1529
624 2853
624 2053
2853 1372
1372 2518
1372 60
2518 575
575 923
575 1106
923 1
923 2177
1 1828
1 1289
1828 118
118 2027
118 1874
2027 2942
2942 1758
2942 1607
1758 2557
1758 1767
2557 2653
2653 242
242 2872
2872 62
2872 640
62 1454
1454 1392
1392 1779
1392 1466
1779 1335
1779 1059
1335 424
424 2845
424 1296
2845 1036
2845 2450
1036 241
241 218
218 964
964 296
296 1934
296 2576
1934 786
786 2522
2522 1830
2522 2514
1830 1283
1830 2683
1283 1288
1283 2634
1288 572
572 2099
2099 1371
2099 61
1371 795
1371 1844
795 1255
1255 760
760 2928
2928 2050
2928 2478
2050 1637
1637 831
1637 2268
831 492
831 1047
492 1705
1705 2198
2198 1695
1695 2243
2243 2593
2593 888
888 2061
2061 551
2061 2515
551 2250
551 1046
2250 1178
1178 1250
1250 2804
1250 1919
2804 737
2804 1523
737 1753
737 2701
1753 1550
1753 1818
1550 2878
2878 97
97 1056
1056 726
1056 182
726 2210
2210 1682
2210 710
1682 819
1682 21
819 2931
2931 2240
2240 608
2240 2115
608 1582
608 2713
1582 2660
1582 622
2660 641
2660 253
641 1651
641 2477
1651 1128
1651 222
1128 1776
1128 102
1776 1152
1152 2453
1152 820
2453 487
2453 234
487 692
487 1119
692 2934
692 513
2934 1645
2934 2245
1645 2611
2611 1727
2611 581
1727 1234
1234 124
1234 2105
124 2603
2603 149
149 370
149 1909
370 2697
2697 2261
2261 988
2261 1091
988 2910
2910 999
2910 1575
999 1921
999 776
1921 2345
1921 44
2345 2881
2881 2627
2627 1394
2627 2379
1394 1866
1866 1586
1586 1350
1586 1819
1350 1821
1821 870
1821 1193
870 2715
870 2766
2715 1343
2715 2385
1343 621
621 1442
621 1434
1442 1437
1442 1215
1437 851
1437 2362
851 2717
851 2041
2717 2089
2717 1631
2089 385
385 2314
2314 2908
2908 2628
2628 1596
2628 2369
1596 249
1596 2459
249 2394
2394 442
2394 1062
442 1989
1989 918
1989 2790
918 2541
918 2212
2541 690
2541 276
690 2684
2684 1707
1707 997
1707 1749
997 2916
2916 2664
2664 2723
2723 2577
2723 2883
2577 2392
2577 1504
2392 2602
2602 126
126 2190
126 2109
2190 2325
2325 2880
2880 1202
2880 134
1202 358
1202 778
358 1451
1451 629
629 2438
2438 757
2438 768
757 1310
1310 1552
1552 1081
1081 2929
2929 336
336 1042
336 2003
1042 1578
1042 83
1578 2340
1578 1439
2340 2410
2340 1726
2410 1037
2410 2418
1037 2373
1037 479
2373 2067
2067 931
931 1181
1181 1668
1181 989
1668 2678
2678 260
260 2262
260 735
2262 1050
1050 1290
1290 1647
1290 800
1647 546
546 2169
2169 25
2169 2244
25 838
25 2579
838 590
838 1731
590 2174
2174 938
938 202
938 1519
202 758
758 1207
758 140
1207 751
1207 2830
751 2650
751 2825
2650 1349
1349 1185
1349 1926
1185 1740
1185 694
1740 38
38 474
474 2565
2565 670
2565 1993
670 877
670 1557
877 956
877 1996
956 497
956 1453
497 2371
2371 2694
2694 1450
1450 1395
1395 2488
1395 2093
2488 288
288 1598
1598 830
830 293
293 1683
293 2561
1683 1076
1683 2187
1076 1862
1862 2225
2225 1652
1652 933
1652 2280
933 2439
2439 2276
2439 2491
2276 1618
2276 1057
1618 1022
1022 2350
2350 911
2350 48
911 1218
911 1492
1218 2776
2776 1792
1792 95
95 1375
95 1369
1375 858
1375 1196
858 2894
858 1998
2894 586
586 1380
586 962
1380 569
569 1653
1653 1029
1029 1667
1029 400
1667 1173
1173 2422
2422 2361
2361 51
2361 898
51 1848
51 2132
1848 309
1848 954
309 73
309 2562
73 273
273 1340
1340 792
1340 941
792 1354
1354 896
1354 1619
896 2874
896 1897
2874 1242
1242 1447
1447 1850
1447 599
1850 2689
2689 1074
1074 929
1074 314
929 2452
929 2
2452 2499
2452 1016
2499 2571
2499 2017
2571 1316
2571 2843
1316 1522
1316 214
1522 2786
2786 415
2786 2511
415 457
415 2330
457 2662
457 1330
2662 843
2662 2933
843 949
949 468
949 1162
468 1377
468 174
1377 1179
1377 1404
1179 2311
1179 1421
2311 1783
2311 1190
1783 193
193 1833
193 1739
1833 1030
1833 1129
1030 1281
1281 706
706 996
996 987
996 1710
987 697
987 955
697 413
697 2824
413 2092
2092 1709
1709 2607
2607 765
2607 2348
765 1361
765 2893
1361 925
1361 681
925 2801
925 101
2801 1736
2801 1734
1736 2428
1736 1477
2428 1075
2428 993
1075 177
1075 1105
177 2150
2150 994
994 271
271 1698
1698 344
344 1717
1717 910
910 1110
1110 615
615 374
374 656
374 323
656 789
789 352
352 2631
352 825
2631 1507
2631 2016
1507 107
107 1436
1436 1441
1436 2620
1441 11
11 1702
1702 1867
1867 238
1867 215
238 2199
2199 131
131 2490
131 691
2490 2222
2222 2308
2308 525
525 779
525 1364
779 2749
2749 1913
2749 1685
1913 1209
1913 873
1209 2524
2524 2858
2524 312
2858 1812
2858 1219
1812 1132
1812 2001
1132 485
485 142
485 438
142 982
142 2060
982 1697
982 2295
1697 198
1697 1853
198 460
460 111
111 2759
111 1975
2759 2133
2759 445
2133 2585
2585 156
156 1892
156 1527
1892 948
948 1868
948 2249
1868 2841
1868 716
2841 1628
2841 672
1628 2495
1628 2667
2495 2258
2258 349
349 849
349 133
849 927
927 2429
927 905
2429 2072
2429 1574
2072 2588
2588 2785
2785 1176
1176 2403
1176 665
2403 713
2403 1213
713 2155
2155 2590
2155 2751
2590 1229
2590 72
1229 595
1229 310
595 872
595 1700
872 1460
1460 2829
1460 327
2829 377
2829 1970
377 1930
377 2677
1930 1896
1930 607
1896 2161
2161 1508
1508 1900
1900 2695
2695 503
503 394
394 2876
2876 143
143 2479
143 2349
2479 135
135 2380
2380 2554
2380 1510
2554 1639
2554 602
1639 797
797 2756
2756 1197
2756 371
1197 199
199 1722
1722 1224
1224 2381
1224 1408
2381 2903
2903 2610
2903 2676
2610 86
86 1137
1137 1464
1464 1956
1956 1992
1956 1869
1992 1961
1961 2757
1961 777
2757 921
921 2680
2680 496
2680 2355
496 281
496 1762
281 2882
2882 1023
1023 2802
2802 725
725 1080
725 1293
1080 906
906 2822
906 980
2822 978
2822 1516
978 1331
978 2131
1331 2118
2118 766
2118 430
766 2142
2142 630
2142 986
630 555
555 643
643 2228
643 1025
2228 2652
2228 105
2652 2370
2370 235
2370 1226
235 2758
235 1774
2758 2126
2126 1304
1304 1543
1304 812
1543 573
573 1839
1839 1039
1039 1609
1039 583
1609 2157
1609 2382
2157 334
2157 809
334 1890
334 1968
1890 1500
1890 718
1500 2826
