8 372 28320403
3 7
7 8
8 4
8 6
4 5
4 1
5 2
24 237
237 247
247 55
55 100
100 75
75 157
157 121
157 144
121 112
121 171
112 364
364 365
365 140
365 34
140 187
140 26
187 343
343 69
343 307
69 161
69 329
161 148
148 340
340 77
77 218
77 228
218 92
92 42
42 126
126 289
126 8
289 49
289 281
49 181
49 219
181 217
217 163
163 359
359 117
117 23
117 339
23 125
23 20
125 143
125 162
143 130
143 83
130 351
130 317
351 256
256 133
133 111
133 184
111 358
358 260
358 9
260 138
138 320
138 137
320 58
58 332
58 214
332 93
93 43
43 278
43 156
278 312
312 38
312 293
38 169
38 213
169 309
169 205
309 331
309 135
331 370
331 191
370 322
370 40
322 180
180 347
180 64
347 371
371 18
371 272
18 313
18 291
313 101
101 234
234 207
207 118
118 115
115 182
182 175
175 224
175 82
224 223
224 174
223 360
223 106
360 72
72 185
185 81
185 263
81 61
61 51
51 240
240 108
108 311
311 85
85 206
85 302
206 99
206 341
99 294
294 269
269 201
201 13
201 262
13 297
297 266
297 98
266 87
266 280
87 113
113 6
113 267
6 209
209 41
41 31
31 39
31 195
39 59
39 233
59 50
59 3
50 361
361 194
194 2
2 160
160 346
346 119
346 109
119 10
119 107
10 231
231 306
306 328
306 89
328 47
328 315
47 265
47 242
265 153
265 368
153 323
323 73
323 147
73 11
73 151
11 67
11 179
67 369
369 296
296 203
296 229
203 79
203 56
79 303
303 54
54 90
90 66
90 145
66 186
186 225
225 215
215 149
149 65
149 336
65 273
65 80
273 170
273 290
170 96
96 37
96 178
37 352
352 150
352 345
150 334
334 84
334 74
84 212
212 48
48 299
299 202
299 363
202 252
252 310
252 132
310 15
15 29
29 226
29 284
226 192
192 152
192 45
152 7
7 366
7 337
366 357
357 304
304 62
304 189
62 102
62 216
102 348
102 210
348 221
348 286
221 264
221 4
264 110
264 282
110 123
123 46
123 204
46 141
141 285
285 244
285 316
244 333
244 227
333 330
330 239
330 372
239 116
239 33
116 52
116 319
52 236
52 177
236 287
287 124
287 63
124 95
124 60
95 274
95 71
274 104
274 154
104 91
91 250
250 261
250 70
261 326
326 220
220 16
16 318
16 308
318 36
318 25
36 257
257 114
114 17
114 283
17 301
301 327
301 222
327 167
167 68
68 355
355 97
355 335
97 165
165 12
12 279
12 122
279 338
338 270
270 300
300 277
277 78
78 259
259 230
230 325
325 198
325 235
198 356
198 200
356 251
251 208
208 321
321 249
321 158
249 199
249 159
199 253
253 190
190 238
238 367
238 155
367 211
211 172
211 197
172 324
172 353
324 354
324 344
354 173
354 245
173 44
173 14
44 105
44 94
105 196
196 120
196 35
120 27
120 188
27 349
27 168
349 362
362 350
350 19
19 254
254 129
129 276
276 5
5 32
32 57
32 275
57 142
57 103
142 53
53 146
146 164
164 134
164 271
134 76
76 288
288 292
288 21
292 295
292 28
295 1
295 258
1 193
1 298
193 268
193 241
268 22
268 232
22 128
22 131
128 255
255 88
255 342
88 86
88 127
86 305
86 136
305 248
305 166
248 243
248 314
243 176
243 246
176 139
176 183
139 30
