8 229 699
8 3
3 5
3 6
5 2
5 4
2 1
2 7
17 26
26 206
26 95
206 124
124 203
203 112
112 53
112 78
53 139
53 215
139 116
116 59
116 132
59 207
59 146
207 14
14 67
67 86
67 170
86 189
86 138
189 145
189 200
145 163
163 169
163 143
169 105
169 141
105 174
105 70
174 148
174 172
148 68
68 210
68 111
210 81
81 45
81 147
45 209
45 119
209 50
50 184
50 12
184 167
167 201
167 158
201 22
201 196
22 171
22 75
171 101
101 96
101 175
96 30
96 71
30 92
30 84
92 1
92 77
1 182
1 185
182 177
182 173
177 106
106 91
106 11
91 160
91 135
160 69
69 103
103 93
103 187
93 35
35 33
35 88
33 136
33 224
136 126
126 225
126 125
225 223
225 181
223 25
223 133
25 166
166 154
166 194
154 83
154 37
83 64
64 214
214 221
214 227
221 66
66 134
66 6
134 89
89 217
217 48
217 72
48 110
48 24
110 164
164 3
164 99
3 152
3 54
152 56
152 222
56 197
197 178
197 31
178 44
178 102
44 205
205 4
205 38
4 192
4 28
192 127
127 179
179 161
161 121
121 114
121 199
114 60
60 58
58 165
58 41
165 20
165 87
20 36
36 211
36 191
211 62
62 216
216 117
216 5
117 19
117 131
19 176
19 149
176 208
176 80
208 57
208 204
57 97
97 42
97 228
42 51
42 212
51 108
51 65
108 98
98 23
98 73
23 137
23 142
137 150
150 8
150 193
8 186
186 159
159 129
159 128
129 63
129 188
63 47
47 190
47 40
190 7
7 79
79 219
219 13
219 74
13 183
13 49
183 180
180 195
180 34
195 153
195 122
153 229
229 18
229 156
18 220
220 29
220 94
29 55
29 198
55 76
76 123
76 130
123 107
107 39
107 61
39 151
151 46
46 144
144 104
104 168
104 140
168 2
2 213
213 109
109 21
21 218
21 162
218 120
218 15
120 27
120 43
27 155
27 202
155 52
52 100
52 10
100 9
100 113
9 90
9 226
90 115
115 118
118 85
118 32
85 157
85 16
157 82
