19 372 98
19 10
19 18
10 16
16 9
16 12
9 13
13 2
13 6
2 1
2 11
1 3
1 5
3 15
3 8
15 14
15 17
14 4
4 7
227 108
108 181
181 21
21 113
21 298
113 289
113 50
289 324
289 102
324 349
324 278
349 314
349 103
314 135
314 119
135 246
135 91
246 128
128 30
30 320
320 225
225 255
225 39
255 122
122 346
346 365
346 280
365 304
304 172
172 337
172 222
337 323
337 247
323 195
323 5
195 313
313 97
313 164
97 277
97 149
277 52
52 260
260 137
137 344
344 264
264 265
264 64
265 361
361 263
361 216
263 249
263 101
249 80
249 208
80 214
80 210
214 300
300 127
127 6
6 202
6 244
202 219
219 270
219 362
270 321
270 19
321 332
332 233
233 329
329 224
329 98
224 288
288 272
288 266
272 125
125 8
8 369
8 223
369 294
294 130
130 32
130 330
32 268
32 142
268 75
75 152
75 70
152 179
152 261
179 293
293 161
293 240
161 99
161 245
99 2
2 315
2 89
315 156
315 96
156 176
176 312
176 155
312 118
312 60
118 54
54 129
54 131
129 371
371 69
69 350
69 228
350 211
211 242
242 93
242 199
93 121
93 237
121 111
121 206
111 331
111 273
331 341
331 169
341 141
341 290
141 68
141 9
68 274
274 348
348 150
348 343
150 38
150 339
38 217
38 363
217 301
301 229
229 220
220 57
57 335
57 316
335 41
335 171
41 170
170 168
170 112
168 345
168 269
345 336
345 291
336 157
336 297
157 49
157 31
49 100
49 257
100 328
100 48
328 67
67 3
3 186
186 56
186 42
56 17
56 234
17 275
17 183
275 23
23 13
13 201
13 282
201 110
201 309
110 353
353 120
353 232
120 94
120 351
94 259
94 74
259 267
259 308
267 12
12 44
12 193
44 356
356 126
126 106
126 196
106 281
281 319
319 109
109 286
286 357
286 191
357 279
357 204
279 27
279 187
27 284
27 310
284 160
160 352
352 221
352 124
221 123
221 372
123 198
198 88
198 78
88 116
116 11
116 83
11 1
1 333
333 115
115 84
115 159
84 16
16 256
256 4
4 86
4 85
86 105
86 317
105 188
105 205
188 299
299 95
299 166
95 139
95 190
139 175
139 355
175 200
200 347
200 213
347 43
347 26
43 180
43 14
180 239
239 165
165 177
177 340
177 358
340 235
235 28
28 192
28 62
192 138
138 82
82 250
250 81
81 215
81 162
215 209
209 327
209 218
327 283
283 140
283 241
140 151
151 262
262 76
262 203
76 326
326 338
326 178
338 33
33 136
136 364
364 104
364 276
104 318
318 148
148 132
132 90
132 367
90 34
90 107
34 117
117 197
117 325
197 226
226 55
55 238
238 248
248 92
92 145
92 46
145 154
145 146
154 63
63 25
63 303
25 366
25 342
366 143
366 71
143 133
133 212
133 174
212 29
212 370
29 22
29 163
22 51
22 72
51 334
334 360
360 144
144 158
158 368
368 79
368 354
79 20
20 189
20 258
189 58
58 61
58 182
61 40
61 10
40 147
147 302
302 287
302 296
287 295
295 18
18 35
35 305
305 45
45 73
45 114
73 87
73 236
87 36
87 173
36 167
36 77
167 311
167 285
311 207
311 307
207 252
252 322
322 59
322 47
59 231
59 66
231 153
153 306
306 194
306 37
194 253
194 254
253 185
253 292
185 271
271 15
15 251
15 7
251 24
251 65
24 184
184 243
243 230
243 53
230 134
134 359
