1 2408 4089153
601 408
601 417
408 1654
408 1807
1654 1935
1935 269
269 1144
269 2137
1144 892
1144 2157
892 1430
892 40
1430 2271
1430 1347
2271 850
850 1026
1026 2358
1026 1963
2358 411
411 906
411 1747
906 1876
1876 2278
2278 401
401 1101
1101 25
1101 34
25 426
426 2041
426 1792
2041 775
775 2023
775 628
2023 1048
2023 837
1048 878
878 376
878 1840
376 92
92 1545
1545 2119
2119 359
2119 163
359 1732
1732 544
544 2014
544 614
2014 1257
2014 301
1257 1358
1257 718
1358 1408
1408 1632
1632 2266
2266 2248
2266 224
2248 2274
2274 1220
1220 635
1220 2068
635 2070
2070 1966
1966 148
1966 705
148 1159
148 2116
1159 955
955 1663
955 2363
1663 1363
1363 1433
1433 384
384 188
384 1014
188 213
188 783
213 1202
213 3
1202 109
109 524
524 275
275 768
275 1777
768 696
696 1050
1050 627
1050 210
627 1125
1125 875
1125 2215
875 1533
875 997
1533 1541
1541 511
511 1933
1933 1479
1933 73
1479 2133
2133 874
2133 2196
874 288
288 2049
2049 2318
2049 204
2318 2211
2211 157
157 940
157 2151
940 290
290 1954
1954 1800
1954 56
1800 207
1800 502
207 1540
207 835
1540 1865
1865 2391
2391 1314
2391 1180
1314 824
1314 1614
824 974
974 1114
974 1441
1114 634
1114 1424
634 991
991 1570
991 1254
1570 1023
1023 26
26 949
26 1943
949 2232
949 1289
2232 1897
2232 1366
1897 428
428 1335
428 1869
1335 339
339 178
339 353
178 2139
2139 1619
1619 1707
1707 307
1707 471
307 881
881 1414
881 1011
1414 1945
1414 709
1945 1462
1945 1395
1462 1055
1055 1819
1055 1546
1819 310
1819 2350
310 2259
310 245
2259 1285
2259 842
1285 2360
2360 2257
2360 780
2257 957
2257 1262
957 1167
957 1199
1167 1637
1167 1003
1637 2405
2405 510
510 578
578 1689
578 1638
1689 576
576 1440
1440 2384
2384 1369
2384 2123
1369 243
1369 455
243 891
891 347
347 1703
1703 2188
1703 760
2188 106
106 1046
106 159
1046 276
1046 2225
276 1669
1669 410
410 1075
410 1856
1075 819
819 1409
819 1978
1409 1357
1409 1353
1357 1776
1357 2174
1776 1640
1640 2171
2171 30
2171 1875
30 1464
30 834
1464 1035
1035 1341
1035 174
1341 1451
1451 1609
1451 2396
1609 237
1609 2102
237 575
237 707
575 1650
575 682
1650 1411
1411 981
981 2118
981 1276
2118 484
484 1273
1273 2210
2210 1468
1468 1754
1468 1618
1754 802
1754 2376
802 1785
802 1365
1785 2042
2042 268
268 877
268 871
877 1227
877 279
1227 418
1227 108
418 356
356 1741
1741 435
435 1206
1206 894
1206 1705
894 1526
1526 909
1526 861
909 2056
909 2037
2056 1964
1964 469
469 1139
469 414
1139 743
1139 1386
743 852
743 1362
852 111
111 2128
2128 788
788 766
788 1991
766 1528
766 600
1528 317
317 242
317 1187
242 1847
1847 1509
1509 1580
1509 293
1580 1575
1580 1110
1575 1228
1575 2366
1228 638
638 1053
1053 1960
1053 2332
1960 482
1960 241
482 1726
1726 200
1726 2011
200 2148
200 1346
2148 1387
1387 609
1387 1143
609 329
329 2365
329 2159
2365 79
79 568
79 1486
568 445
568 1587
445 1352
1352 1887
1352 83
1887 31
31 2286
31 1891
2286 1112
2286 848
1112 1308
1112 693
1308 1841
1308 1965
1841 1216
1216 2273
2273 977
977 1753
1753 528
1753 676
528 2323
528 1034
2323 1718
1718 1176
1718 1493
1176 681
1176 831
681 483
681 2347
483 298
483 101
298 1715
1715 1684
1715 249
1684 643
643 1743
643 1881
1743 1607
1743 37
1607 732
732 1382
732 2283
1382 1203
1382 1016
1203 2348
1203 782
2348 1198
2348 2197
1198 365
1198 1605
365 721
721 2167
721 810
2167 1530
1530 2083
1530 181
2083 646
646 1259
646 1082
1259 2063
1259 887
2063 1370
2063 1073
1370 235
235 752
752 316
316 966
316 138
966 263
966 1141
263 1452
263 154
1452 2345
1452 2169
2345 1015
2345 1291
1015 1318
1318 594
594 203
594 2134
203 135
135 1086
135 713
1086 1217
1086 2324
1217 485
1217 2270
485 567
485 448
567 1839
567 642
1839 1778
1778 229
1778 1789
229 1399
1399 1755
1755 1331
1755 439
1331 2045
2045 985
985 2272
985 1338
2272 311
2272 2022
311 162
311 87
162 2044
2044 1321
1321 1790
1321 454
1790 1547
1790 1021
1547 2055
2055 1492
1492 1801
1801 1178
1178 136
1178 1122
136 201
136 586
201 755
755 993
755 597
993 515
993 114
515 385
515 1904
385 361
385 1074
361 1169
1169 838
1169 198
838 228
838 2240
228 2124
2124 89
2124 1401
89 1111
89 313
1111 1884
1884 1737
1884 332
1737 1955
1737 799
1955 990
1955 63
990 1915
990 2092
1915 2325
2325 1058
1058 1793
1793 913
913 1196
1196 278
278 1290
1290 1968
1968 238
238 2051
2051 397
397 1788
1788 514
514 1977
1977 1648
1977 1215
1648 2015
2015 50
50 1932
1932 2006
2006 826
826 2327
2327 1064
2327 1762
1064 1961
1961 2107
1961 1390
2107 2309
2107 558
2309 1936
2309 145
1936 289
289 2374
2374 1750
1750 1008
1008 617
1008 841
617 648
617 1806
648 1680
1680 983
1680 699
983 1379
1379 1554
1554 2058
2058 1982
2058 1850
1982 678
678 266
678 2255
266 746
746 998
746 2403
998 1719
1719 1821
1821 649
649 1837
1837 1625
1625 1345
1625 387
1345 948
1345 753
948 1844
948 32
1844 1106
1106 644
644 2096
2096 1635
2096 984
1635 944
944 118
944 1848
118 1795
1795 1151
1151 947
1151 153
947 945
945 2126
945 860
2126 1733
1733 2244
2244 232
232 843
843 1993
843 176
1993 1297
1993 1242
1297 1396
1297 1912
1396 532
1396 712
532 1922
1922 1380
1922 2356
1380 2043
1380 622
2043 688
2043 1480
688 821
688 2381
821 1419
821 284
1419 1447
1447 1808
1447 344
1808 2082
2082 791
791 1108
791 1210
1108 1162
1162 1823
1162 1239
1823 1751
1823 352
1751 1183
1751 23
1183 2364
2364 1260
1260 980
980 404
980 2231
404 555
404 1558
555 1237
555 1294
1237 2284
2284 494
494 459
459 21
21 1293
21 1428
1293 1896
1293 1182
1896 1852
1852 490
490 1017
490 1736
1017 143
143 1085
1085 820
1085 2177
820 1697
820 1485
1697 1123
1697 1394
1123 1218
1218 1870
1218 2395
1870 942
942 711
711 564
564 1040
1040 474
1040 937
474 16
474 513
16 1688
1688 1831
1688 2234
1831 477
1831 741
477 296
477 1643
296 1576
296 1367
1576 1615
1576 1523
1615 708
1615 1093
708 1072
1072 216
1072 2054
216 2317
2317 535
535 851
851 2331
2331 2165
2165 1939
1939 470
470 1783
1783 2093
2093 1574
1574 1700
1574 2098
1700 2136
1700 286
2136 1066
1066 1950
1950 2361
1950 687
2361 2062
2361 1529
2062 2276
2276 1928
2276 2162
1928 283
283 2214
2214 1583
1583 794
794 489
794 1701
489 653
489 58
653 2249
653 166
2249 2194
2249 84
2194 115
2194 986
115 2094
115 1515
2094 496
2094 1422
496 55
496 1442
55 2292
55 963
2292 1373
1373 1892
1892 1226
1892 936
1226 323
1226 1817
323 244
323 1477
244 394
394 144
144 1959
1959 1135
1959 2100
1135 2308
1135 430
2308 1281
2308 396
1281 230
230 1458
1458 2099
1458 1213
2099 1857
2099 1472
1857 1301
1301 374
1301 2007
374 103
103 1579
1579 2212
2212 531
531 1888
531 2373
1888 1295
1888 1465
1295 684
684 1431
684 925
1431 322
322 1374
322 714
1374 862
862 1729
862 2291
1729 910
910 2031
910 1568
2031 1781
1781 2260
1781 1600
2260 859
2260 2024
859 1038
859 1171
1038 1302
1302 424
1302 756
424 297
297 1381
1381 61
1381 239
61 1971
1971 1626
1971 2034
1626 158
158 1738
1738 185
185 779
779 1197
779 1156
1197 475
1197 973
475 1168
1168 379
1168 1351
379 749
379 486
749 1612
1612 262
1612 1512
262 1948
262 677
1948 2213
1948 1557
2213 1448
2213 1642
1448 383
1448 2305
383 1942
1942 1284
1942 1562
1284 212
1284 1655
212 604
212 866
604 412
604 1371
412 982
982 2149
982 1185
2149 1973
1973 1388
1388 190
1388 1240
190 1172
1172 598
1172 1504
598 1565
1565 1298
1298 1350
1298 744
1350 1879
1350 2287
1879 1315
1879 1312
1315 1376
1315 285
1376 1999
1376 2239
1999 1136
1136 607
1136 1484
607 452
607 1328
452 2016
2016 724
2016 543
724 2114
724 1514
2114 1905
2114 179
1905 11
1905 196
11 292
11 1340
292 1081
292 778
1081 1995
1995 1417
1995 325
1417 2073
2073 904
2073 173
904 1816
904 1251
1816 72
72 833
833 671
833 772
671 81
81 1244
1244 1214
1244 1728
1214 2314
1214 51
2314 2242
2242 1815
2242 611
1815 1120
1120 1962
1962 1327
1962 1699
1327 1192
1192 926
1192 1740
926 591
926 1803
591 804
591 1786
804 689
804 1001
689 69
689 585
69 754
69 620
754 916
916 487
916 1724
487 1768
487 1864
1768 2243
2243 1906
1906 792
1906 419
792 1585
1585 1148
1148 674
1148 1275
674 1342
674 1804
1342 1287
1287 2218
1287 2127
2218 177
2218 583
177 1674
1674 122
1674 2297
122 1584
1584 59
59 2229
59 2346
2229 2090
2090 849
849 2299
849 1194
2299 2158
2158 1305
1305 2113
1305 2066
2113 2178
2113 2109
2178 1714
2178 971
1714 1278
1278 1731
1278 897
1731 785
1731 2145
785 2200
2200 1455
1455 1186
1186 1392
1392 209
1392 2150
209 938
209 978
938 2394
938 1359
2394 1243
1243 14
14 1670
14 328
1670 1761
1670 252
1761 65
65 503
503 2333
503 1326
2333 1975
1975 1606
1606 1283
1606 715
1283 2061
1283 2002
2061 1581
1581 1505
1505 1698
1505 1337
1698 2337
2337 2379
2337 331
2379 2250
2379 141
2250 2334
2250 458
2334 2258
2258 29
2258 1693
29 335
335 592
335 1681
592 1361
592 192
1361 969
969 1005
969 1810
1005 1502
1005 2343
1502 391
391 1466
1466 1853
1853 1256
1256 790
1256 1895
790 2199
790 134
2199 189
2199 2095
189 695
189 899
695 2326
2326 1710
1710 2207
2207 1219
1219 661
661 1593
1593 2027
2027 117
117 882
117 1656
882 2206
2206 1644
1644 961
961 1336
1336 534
534 1608
1608 231
1608 1774
231 1154
1154 1427
1154 2322
1427 399
399 730
399 421
730 2301
2301 901
901 840
901 1682
840 1069
840 1004
1069 259
259 1179
1179 517
517 250
250 1393
1393 277
1393 295
277 6
277 2202
6 922
6 1683
922 1599
922 501
1599 1019
1019 855
1019 521
855 124
124 1970
124 78
1970 273
273 1675
1675 1188
1188 1104
1104 368
368 921
368 1450
921 1145
921 1498
1145 1734
1145 491
1734 2392
2392 992
2392 2069
992 2108
992 1439
2108 776
776 1730
1730 1716
1716 742
1716 1245
742 1236
742 1527
1236 193
193 523
193 1028
523 702
702 680
702 1782
680 416
416 858
858 227
227 2355
227 1113
2355 1667
2355 167
1667 1389
1389 657
657 2028
2028 587
587 603
603 291
291 187
291 571
187 175
175 1629
1629 1658
1658 2222
1658 319
2222 8
2222 727
8 1193
8 127
1193 845
1193 1181
845 363
363 267
363 1873
267 541
541 1205
541 1759
1205 1520
1520 1128
1520 659
1128 180
1128 930
180 655
655 811
811 346
346 549
346 1894
549 1921
549 2086
1921 1391
1921 2161
1391 1261
1391 989
1261 2166
2166 1459
2166 738
1459 613
613 1676
613 1653
1676 1827
1827 781
1827 1475
781 580
580 1263
1263 582
582 306
306 1165
1165 2387
1165 734
2387 1375
2387 466
1375 251
1375 120
251 2300
2300 795
795 1671
1671 844
1671 1988
844 2264
844 956
2264 2190
2190 105
2190 324
105 183
183 453
453 1307
1307 2306
1307 733
2306 1818
1818 1200
1200 146
1200 2344
146 769
146 88
769 1561
1561 2399
2399 694
694 1668
694 641
1668 723
1668 602
723 2256
2256 1967
1967 1037
1967 1507
1037 1036
1036 934
1036 1931
934 1525
934 889
1525 561
1525 2160
561 1877
561 1495
1877 1063
1063 2238
2238 2195
2195 420
2195 1634
420 2184
2184 1274
2184 1246
1274 128
1274 1402
128 1860
128 1425
1860 2189
1860 1909
2189 793
2189 1511
793 234
234 1627
234 703
1627 1979
1979 1508
1508 473
473 1010
473 2035
1010 2141
1010 1126
2141 1258
2141 2179
1258 1461
1461 498
498 526
498 1170
526 2290
2290 2302
2302 2170
2302 1071
2170 717
2170 658
717 2353
717 1940
2353 1384
2353 481
1384 294
1384 920
294 761
761 1919
1919 1222
1222 130
130 2
130 731
2 624
2 1779
624 605
624 1062
605 1372
605 1723
1372 1
1372 1828
1 2371
2371 129
2371 539
129 142
142 1845
1845 1117
1117 1221
1117 962
1221 1871
1871 1496
1496 27
27 797
27 1767
797 2115
2115 348
2115 1711
348 1757
348 1765
1757 670
1757 1129
670 139
670 1153
139 2265
2265 2003
2265 818
2003 1024
2003 1368
1024 2046
1024 2010
2046 7
2046 1501
7 1582
1582 863
863 493
493 1158
1158 1820
1820 1500
1820 1899
1500 554
554 686
686 1204
1204 630
630 1610
1610 1531
1531 1903
1531 464
1903 1636
1636 2079
2079 867
2079 1666
867 71
71 1564
1564 254
254 2101
254 2224
2101 274
274 93
93 570
93 1555
570 506
506 2175
506 2026
2175 2375
2175 1623
2375 504
504 451
451 1956
451 629
1956 1616
1956 199
1616 625
625 1949
625 1264
1949 999
1949 62
999 1559
999 1822
1559 1620
1620 393
393 378
393 1051
378 1983
378 1087
1983 1874
1983 265
1874 706
706 377
377 1842
377 1898
1842 735
1842 1115
735 509
509 2172
509 2293
2172 704
704 1092
704 102
1092 444
444 529
444 1665
529 546
529 1271
546 1836
1836 66
1836 1769
66 42
66 588
42 757
757 553
757 220
553 49
49 1470
1470 584
584 618
618 2383
2383 104
104 1867
104 2019
1867 762
762 247
762 505
247 375
247 1033
375 1045
375 610
1045 2087
1045 184
2087 1042
1042 964
1042 954
964 2235
2235 639
639 1131
639 1969
1131 2132
1131 1990
2132 480
480 1938
480 2269
1938 801
801 719
801 2237
719 1893
1893 900
1893 2013
900 246
900 651
246 1859
246 1088
1859 923
923 919
919 1773
919 1890
1773 931
1773 1489
931 1934
931 1445
1934 1054
1054 2280
2280 225
2280 1573
225 1548
225 979
1548 1972
1548 893
1972 197
1972 2385
197 1621
197 2163
1621 1510
1510 1013
1013 814
1013 9
814 527
527 562
527 995
562 330
562 2060
330 460
330 1796
460 1320
460 1056
1320 1749
1320 537
1749 357
357 2359
2359 341
341 195
195 1902
1902 759
759 1248
759 1649
1248 1322
1248 569
1322 2091
2091 522
2091 1212
522 373
522 372
373 816
816 606
816 2039
606 1694
1694 457
1694 1910
457 1543
1543 2191
1543 623
2191 1456
2191 1886
1456 777
1456 1288
777 1672
777 1532
1672 542
542 886
542 46
886 1280
1280 1617
1617 1907
1617 1992
1907 194
194 1310
194 82
1310 1238
1238 1854
1238 1233
1854 467
1854 20
467 1631
467 2209
1631 386
386 1097
1097 2050
1097 668
2050 1137
1137 1119
1119 1339
1119 552
1339 1914
1914 1164
1914 257
1164 1385
1385 758
758 85
758 367
85 1323
85 2354
1323 2129
1323 211
2129 433
2129 1661
433 967
967 1432
1432 1494
1494 315
315 2077
2077 2078
2078 876
876 1538
1538 107
107 1937
1937 1586
1586 1652
1652 512
512 725
512 830
725 362
725 33
362 97
362 988
97 68
68 530
68 1835
530 1009
1009 800
1009 2029
800 2173
2173 1787
2173 645
1787 1077
1077 665
1077 1229
665 2008
2008 1174
1174 1457
1457 662
1457 169
662 302
662 1597
302 631
631 1911
1911 650
650 1974
1974 350
350 1487
1487 54
1487 479
54 1704
1704 1563
1563 2122
2122 2329
2329 1784
2329 2407
1784 2295
2295 2377
2377 1756
2377 219
1756 958
958 1150
958 640
1150 1423
1150 698
1423 1140
1140 812
1140 828
812 2065
812 1478
2065 1124
2065 1534
1124 2341
2341 137
2341 447
137 1360
1360 1403
1403 2230
1403 1941
2230 2268
2230 1473
2268 1591
2268 2351
1591 1343
1591 441
1343 2072
1343 827
2072 240
2072 1454
240 870
240 1446
870 182
182 388
182 1231
388 1996
388 2398
1996 700
700 1862
700 1917
1862 140
140 2130
2130 10
2130 533
10 579
10 91
579 1043
1043 890
1043 667
890 822
822 1076
1076 1189
1189 1247
1189 2131
1247 99
99 1838
1838 1100
1838 2349
1100 112
112 2018
2018 2298
2018 1070
2298 270
270 710
710 2009
2009 839
839 787
839 53
787 1880
787 1146
1880 336
336 392
336 1041
392 41
41 739
41 2147
739 1760
1760 1813
1813 1490
1490 1105
1105 2076
2076 1603
2076 1020
1603 440
1603 1223
440 351
440 436
351 1997
351 1611
1997 1032
1032 1780
1032 152
1780 45
45 751
45 2362
751 1060
1060 74
74 1766
1766 1647
1647 868
1647 371
868 574
868 1208
574 1825
1825 438
438 415
438 525
415 808
415 1434
808 390
390 1863
390 1832
1863 1481
1863 1296
1481 615
615 1595
615 168
1595 443
443 736
443 2319
736 1552
736 551
1552 1521
1552 1798
1521 345
1521 1833
345 750
345 57
750 360
750 1467
360 1184
360 1802
1184 431
1184 1900
431 264
431 1083
264 2304
264 685
2304 1268
2304 1138
1268 898
898 914
898 1099
914 2236
2236 1592
1592 767
767 248
767 1651
248 1882
248 935
1882 1923
1923 497
1923 123
497 2032
2032 1868
2032 338
1868 976
1868 2223
976 697
976 1883
697 1855
697 1044
1855 472
1855 1270
472 1232
1232 589
589 1590
1590 39
39 2187
2187 2378
2378 2282
2282 1553
2282 885
1553 1537
1553 632
1537 2203
2203 1463
2203 1175
1463 1791
1791 2279
2279 729
2279 1976
729 1889
729 1436
1889 1601
1601 1059
1059 2155
1059 1130
2155 1624
2155 1628
1624 2253
1624 1797
2253 1569
2253 2071
1569 1230
1569 2176
1230 798
1230 1604
798 1299
798 1952
1299 38
38 98
98 1356
1356 218
218 1989
218 402
1989 1602
1602 1690
1690 975
975 499
975 131
499 233
499 1829
233 1646
233 1488
1646 2289
2289 1309
1309 1722
1722 692
1722 1133
692 846
692 807
846 1811
1811 94
1811 1311
94 1947
94 2251
1947 1142
1142 540
1142 1901
540 1103
1103 1742
1742 370
1742 1410
370 918
370 461
918 1763
918 1745
1763 400
1763 2393
400 334
400 771
334 994
994 2198
994 1927
2198 2146
2146 774
774 2033
2033 1727
2033 1630
1727 1539
1727 1692
1539 456
1539 1578
456 996
456 236
996 1107
1107 1080
1107 366
1080 770
1080 488
770 437
437 1951
1951 968
1951 2104
968 1211
968 364
1211 664
1211 476
664 2081
2081 2311
2081 1079
2311 1152
1152 223
1152 599
223 2111
223 304
2111 608
2111 902
608 35
35 1068
35 784
1068 1551
1068 382
1551 24
1551 1065
24 946
24 253
946 206
206 126
206 854
126 2192
2192 1550
2192 1241
1550 1926
1926 205
1926 1981
205 214
205 1645
214 669
214 572
669 1324
669 2281
1324 612
612 1265
1265 1355
1265 2112
1355 1712
1712 1266
1266 465
465 2321
465 2294
2321 2005
2005 1702
2005 2110
1702 1924
1702 737
1924 1438
1438 1513
1513 2241
1513 1986
2241 1191
1191 2075
1191 337
2075 403
2075 1764
403 2064
403 716
2064 1824
2064 2340
1824 1354
1824 2402
1354 1861
1861 595
595 1522
595 2369
1522 1851
1522 2380
1851 2097
1851 2245
2097 314
314 47
47 222
47 1207
222 2367
2367 2252
2252 2204
2252 113
2204 1397
1397 2330
2330 398
2330 2216
398 1633
398 300
1633 2228
2228 2388
2388 1027
1027 1639
1027 446
1639 1047
1047 2142
1047 1426
2142 507
2142 673
507 789
789 434
434 1121
434 64
1121 663
1121 1758
663 86
663 722
86 422
86 2052
422 432
422 1872
432 912
912 1929
912 1812
1929 2152
2152 550
550 1279
550 2183
1279 1157
1157 1334
1334 1255
1255 1364
1364 1770
1770 1029
1770 407
1029 1449
1449 2089
1449 1453
2089 164
164 1659
164 1405
1659 621
621 1571
1571 1662
1571 1195
1662 1067
1662 18
1067 1596
1596 675
675 389
675 652
389 672
389 119
672 96
672 1084
96 2001
96 1748
2001 170
170 633
633 1519
633 764
1519 1678
1678 2226
2226 1460
2226 2140
1460 1814
1460 1878
1814 2085
2085 2397
2397 2313
2397 1160
2313 381
381 1771
1771 272
272 932
272 52
932 1317
1317 1025
1317 1201
1025 2277
1025 832
2277 2040
2277 1319
2040 1987
2040 449
1987 2057
2057 879
2057 492
879 2390
879 1775
2390 340
340 15
15 1735
1735 1516
1516 2180
2180 1660
2180 354
1660 77
1660 1708
77 1057
1057 560
1057 349
560 309
309 1416
309 2004
1416 817
1416 1809
817 160
817 796
160 1039
1039 1292
1292 1007
1292 1090
1007 1132
1007 1031
1132 823
1132 847
823 2368
2368 413
2368 100
413 516
413 508
516 1400
516 1030
1400 1805
1805 355
355 90
90 1316
1316 44
1316 857
44 2382
2382 1572
2382 43
1572 1985
1985 5
1985 2186
5 261
261 76
76 303
76 1173
303 1679
1679 2201
2201 2352
2201 1830
2352 1567
2352 2012
1567 2120
2120 679
679 1421
679 1190
1421 95
1421 149
95 1325
1325 1444
1444 1286
1286 1739
1286 1677
1739 202
202 2275
2275 2193
2275 1598
2193 888
2193 1491
888 2372
888 883
2372 2208
2208 2030
2208 2404
2030 2288
2030 2315
2288 1329
1329 917
917 2400
2400 905
2400 565
905 1469
1469 2307
1469 1252
2307 1713
1713 1098
1713 1535
1098 1282
1282 1377
1377 563
1377 953
563 1717
563 12
1717 1846
1846 518
518 326
518 2312
326 171
171 1091
171 1147
1091 1224
1224 803
1224 683
803 1378
1378 1594
1594 405
1594 1826
405 1022
405 2036
1022 1536
1022 121
1536 745
1536 1622
745 409
745 2117
409 1161
409 547
1161 960
960 1415
960 581
1415 1483
1415 786
1483 1542
1542 380
1542 656
380 2053
380 1946
2053 911
911 2267
2267 1096
2267 226
1096 1134
1096 318
1134 573
573 2217
2217 1127
1127 1313
1127 1994
1313 924
1313 1333
924 1437
1437 1685
1437 1958
1685 258
1685 853
258 1304
1304 907
1304 1560
907 1657
907 427
1657 809
1657 67
809 1435
809 1930
1435 1720
1435 941
1720 637
1720 150
637 2262
2262 2067
2067 80
80 2181
2181 2285
2285 1383
1383 873
1383 450
873 208
873 2296
208 1474
208 70
1474 1277
1474 2357
1277 896
1277 660
896 690
690 1235
690 1980
1235 186
186 939
186 151
939 406
939 1234
406 880
406 557
880 1517
1517 728
1517 1953
728 1306
1306 1443
1443 1706
1706 478
478 590
590 593
590 1506
593 952
593 815
952 1641
1641 773
1641 654
773 2121
2121 1497
1497 1209
1209 548
1209 1577
548 281
281 156
281 1272
156 950
156 495
950 2154
2154 1177
1177 1406
1406 825
825 333
333 2254
2254 865
2254 2103
865 2386
865 970
2386 1420
1420 423
423 884
884 1556
884 1012
1556 2135
1556 2247
2135 260
260 1094
1094 1166
1094 928
1166 2000
2000 636
2000 280
636 1866
1866 2219
2219 2233
2219 1588
2233 1925
1925 161
161 666
161 1412
666 1499
666 500
1499 2182
2182 647
647 147
647 36
147 75
75 1482
1482 2401
2401 1398
2401 1709
1398 287
1398 927
287 462
287 217
462 133
133 2185
2185 536
536 2125
2125 1549
2125 19
1549 2205
2205 965
2205 1006
965 908
908 308
308 915
915 1843
915 856
1843 369
369 327
369 1149
327 763
327 987
763 1984
1984 172
172 282
172 132
282 720
282 2088
720 566
566 933
566 60
933 48
48 4
48 1303
4 1052
1052 1429
1429 299
1429 1253
299 545
299 1089
545 320
545 1267
320 1018
320 1885
1018 1348
1348 1772
1348 1332
1772 836
836 2339
2339 1686
1686 1225
1225 806
806 1095
1095 256
1095 221
256 2084
2084 2310
2310 1916
1916 619
619 1913
619 2164
1913 577
1913 1476
577 1858
1858 1998
1998 1049
1998 2156
1049 740
1049 943
740 2144
2144 1163
1163 2105
1163 28
2105 1250
1250 747
747 1691
1691 1155
1691 1544
1155 2389
1155 1721
2389 358
358 1834
358 321
1834 2261
1834 748
2261 959
959 1118
959 1752
1118 1109
1118 1518
1109 2048
1109 2025
2048 1944
1944 1908
1908 626
626 2074
626 2406
2074 895
895 2138
2138 2336
2138 1566
2336 1920
2336 1664
1920 559
1920 2221
559 929
559 1249
929 1794
929 2153
1794 342
1794 2017
342 312
342 2408
312 1330
1330 2080
1330 1413
2080 442
2080 538
442 2038
442 463
2038 343
2038 1349
343 813
343 2106
813 2220
2220 271
2220 2320
271 1957
271 215
1957 110
1957 903
110 556
110 1799
556 765
765 2246
765 468
2246 1344
2246 13
1344 1404
1404 1000
1404 1918
1000 116
1000 2338
116 395
395 726
395 616
726 1744
726 701
1744 1849
1849 1695
1849 2227
1695 1300
1695 691
1300 2328
2328 1418
2328 2370
1418 2021
1418 2047
2021 165
2021 17
165 155
155 2263
155 869
2263 1687
1687 425
1687 1102
425 1002
425 1613
1002 1524
1002 1673
1524 1116
1524 2335
1116 951
951 829
829 864
864 2020
2020 596
596 22
596 1407
22 1269
1269 1725
1725 305
1725 255
305 1471
1471 1061
1061 2303
1061 972
2303 1589
1589 520
520 191
191 2342
191 2316
2342 1746
1746 2168
2168 2059
2059 2143
2143 1078
1078 1503
1503 1696
1696 872
872 125
872 519
125 805
805 429
