3 658 404342
2 1
2 3
369 454
369 527
454 196
454 151
196 64
196 24
64 647
647 49
647 566
49 16
49 359
16 413
413 113
413 131
113 456
113 416
456 629
456 144
629 53
53 576
576 357
357 242
242 487
242 560
487 208
208 98
98 2
98 597
2 266
266 353
266 20
353 331
353 312
331 394
331 522
394 460
460 263
263 431
431 558
558 168
558 371
168 222
222 420
420 592
592 59
592 351
59 478
478 499
478 533
499 579
499 275
579 47
579 625
47 190
47 328
190 568
568 258
258 201
258 8
201 243
201 370
243 220
243 238
220 128
128 253
253 364
364 216
364 618
216 367
367 540
540 30
540 167
30 60
60 606
60 189
606 657
606 295
657 517
517 607
517 349
607 91
607 333
91 472
91 84
472 175
175 191
175 398
191 210
210 614
210 627
614 212
212 336
212 380
336 178
336 474
178 231
231 542
542 180
180 126
180 57
126 407
407 54
54 399
54 595
399 352
352 423
423 617
617 108
108 106
108 496
106 143
143 81
81 561
81 525
561 395
561 637
395 504
504 9
504 590
9 425
9 116
425 656
656 45
656 77
45 288
45 512
288 93
288 14
93 619
619 259
619 184
259 247
259 138
247 329
247 547
329 89
89 648
648 161
648 654
161 415
161 443
415 414
414 166
414 488
166 7
166 156
7 516
7 445
516 377
377 119
119 160
119 217
160 570
570 100
100 236
100 430
236 245
245 383
245 599
383 628
383 593
628 578
628 327
578 572
572 310
310 187
187 86
187 306
86 376
376 577
376 485
577 304
304 296
304 372
296 87
296 424
87 374
374 538
374 31
538 277
538 321
277 110
277 346
110 26
110 598
26 334
334 486
334 511
486 362
362 658
362 626
658 58
658 118
58 173
173 459
459 55
459 35
55 552
55 279
552 515
552 653
515 290
290 615
290 140
615 350
615 589
350 386
386 36
36 644
644 480
480 422
480 344
422 39
39 308
308 82
308 501
82 355
355 5
355 291
5 596
596 594
596 323
594 390
390 250
390 132
250 651
250 559
651 412
412 99
412 230
99 194
99 440
194 337
194 620
337 185
337 433
185 643
643 307
307 531
531 179
179 41
41 124
124 186
124 319
186 66
66 50
50 361
361 299
299 354
299 518
354 61
61 523
61 569
523 287
287 1
1 397
397 636
636 514
636 408
514 509
509 223
509 436
223 405
405 384
384 368
384 315
368 229
229 68
68 437
437 105
105 406
406 401
406 391
401 632
401 463
632 273
273 282
273 365
282 170
170 121
170 301
121 320
320 218
218 249
249 18
249 237
18 373
18 446
373 265
265 426
265 183
426 206
426 520
206 316
316 519
519 507
507 473
507 127
473 255
255 90
255 15
90 588
588 130
130 42
130 532
42 269
269 209
209 338
209 129
338 32
32 341
32 33
341 639
639 44
639 330
44 388
388 63
63 567
567 264
567 29
264 285
285 470
285 150
470 575
470 12
575 159
159 46
159 207
46 107
107 164
164 444
444 635
444 22
635 580
635 260
580 311
311 556
556 363
556 435
363 248
363 623
248 252
248 300
252 73
252 115
73 62
73 439
62 550
62 195
550 608
550 163
608 492
608 324
492 393
492 609
393 276
393 75
276 227
276 447
227 462
227 101
462 286
462 545
286 621
621 343
343 419
419 37
37 539
539 203
539 475
203 451
203 429
451 314
314 198
198 162
162 235
162 553
235 360
360 498
360 537
498 17
498 313
17 495
495 325
325 633
325 202
633 141
141 67
141 225
67 155
155 135
135 564
564 74
74 152
152 142
152 117
142 554
554 112
112 197
197 411
197 379
411 450
450 503
450 104
503 332
332 610
332 94
610 448
610 76
448 574
448 449
574 631
631 502
502 546
502 513
546 182
546 69
182 165
165 358
358 335
335 403
403 158
158 71
71 603
603 43
603 481
43 51
43 375
51 211
51 154
211 318
318 125
125 434
434 642
642 453
453 80
453 120
80 188
80 136
188 3
188 655
3 114
3 88
114 262
262 292
262 494
292 491
491 490
490 171
171 571
571 544
571 461
544 4
4 267
4 581
267 534
267 122
534 409
409 149
409 133
149 381
381 284
381 616
284 169
169 70
169 239
70 139
139 19
19 134
19 147
134 305
305 268
305 137
268 226
226 153
226 251
153 471
153 528
471 557
471 505
557 13
557 455
13 392
13 309
392 224
392 214
224 548
548 400
548 244
400 591
400 123
591 442
591 428
442 530
442 148
530 10
530 241
10 56
56 96
56 582
96 199
199 233
199 410
233 536
536 157
536 541
157 274
157 417
274 624
274 535
624 524
624 356
524 281
524 174
281 650
281 389
650 600
650 638
600 232
600 378
232 270
232 146
270 549
549 172
172 526
172 65
526 467
467 652
652 213
213 348
213 563
348 317
317 497
497 382
382 145
382 25
145 645
145 85
645 228
228 95
228 404
95 562
95 102
562 200
200 23
200 613
23 521
521 234
234 72
234 28
72 40
72 215
40 457
40 283
457 622
457 551
622 339
622 289
339 205
205 421
421 294
294 466
466 438
438 634
438 641
634 366
366 640
640 92
640 477
92 630
92 256
630 97
630 385
97 340
340 278
340 193
278 646
278 605
646 510
646 387
510 604
604 272
272 583
272 483
583 6
583 109
6 500
500 27
500 298
27 177
27 345
177 48
48 529
529 21
21 204
21 11
204 432
204 221
432 79
79 347
347 611
611 452
611 176
452 586
586 34
586 271
34 181
181 508
508 479
479 103
479 601
103 587
587 297
297 192
192 246
246 469
469 543
469 441
543 254
543 427
254 585
585 489
585 396
489 602
602 476
476 83
83 257
83 52
257 293
293 493
493 458
458 573
458 482
573 111
111 240
111 464
240 402
402 506
402 302
506 38
506 78
38 261
261 484
484 326
326 468
468 322
468 418
322 342
322 584
342 303
303 612
303 465
612 280
612 555
280 649
280 565
649 219
