1 423 2
205 286
205 315
286 27
27 356
356 358
358 126
358 125
126 150
150 367
150 361
367 377
367 73
377 130
130 228
228 127
228 190
127 70
127 236
70 74
74 414
74 256
414 390
390 49
390 345
49 8
8 78
78 154
78 23
154 56
154 381
56 209
56 393
209 369
369 241
241 380
241 389
380 96
96 337
96 237
337 220
337 200
220 340
220 17
340 138
138 179
179 97
97 308
97 37
308 272
308 64
272 284
272 219
284 233
233 47
233 415
47 265
265 188
265 155
188 66
188 302
66 226
226 310
226 296
310 278
310 319
278 360
278 309
360 21
360 157
21 211
211 147
211 349
147 85
147 279
85 247
85 92
247 330
247 99
330 167
167 72
72 203
203 22
22 95
22 105
95 364
364 335
364 13
335 108
108 1
1 388
388 149
149 323
323 63
63 273
273 31
31 270
270 4
4 185
185 362
185 165
362 245
362 16
245 173
245 281
173 419
173 57
419 299
419 276
299 312
299 193
312 151
312 195
151 365
365 100
365 375
100 409
100 52
409 117
117 346
117 411
346 112
112 268
268 295
295 161
161 38
38 402
38 259
402 227
402 374
227 214
227 93
214 79
214 257
79 275
275 407
407 372
407 413
372 54
372 176
54 44
54 76
44 271
44 320
271 87
87 15
15 30
15 104
30 156
30 71
156 376
376 98
98 14
98 316
14 152
14 166
152 141
152 198
141 83
83 274
83 239
274 184
184 392
392 222
222 39
222 191
39 252
252 249
249 82
249 405
82 145
145 300
300 86
86 162
86 215
162 353
353 371
353 229
371 202
202 43
43 301
301 298
301 231
298 290
298 344
290 84
290 253
84 192
192 135
192 423
135 111
111 326
326 24
326 178
24 288
24 132
288 246
246 243
243 406
243 159
406 101
101 223
223 121
121 11
11 119
11 133
119 137
137 48
137 395
48 42
48 408
42 201
42 88
201 120
201 396
120 321
120 404
321 314
321 238
314 187
314 258
187 3
3 410
3 109
410 224
224 131
224 19
131 29
131 55
29 62
62 36
62 307
36 114
114 401
401 182
182 329
329 207
207 208
207 140
208 328
208 336
328 373
373 403
403 180
180 235
180 232
235 115
115 10
115 169
10 51
10 18
51 366
51 136
366 45
366 163
45 160
45 124
160 370
160 33
370 170
370 359
170 357
170 122
357 129
129 143
129 378
143 422
143 171
422 317
317 416
317 293
416 196
416 234
196 65
196 77
65 197
65 80
197 168
168 68
168 69
68 225
68 35
225 418
418 305
418 139
305 60
60 397
60 32
397 28
28 172
172 291
172 289
291 306
291 174
306 175
306 242
175 255
255 216
255 75
216 420
420 251
251 384
384 283
283 89
89 266
89 292
266 128
266 67
128 254
128 94
254 59
59 134
59 9
134 177
134 294
177 240
240 90
240 355
90 280
90 334
280 181
181 368
368 382
382 262
262 118
262 210
118 400
118 148
400 116
116 6
116 387
6 325
325 91
325 153
91 212
91 379
212 398
212 417
398 102
398 386
102 110
102 385
110 20
110 263
20 282
20 303
282 26
282 342
26 313
313 352
352 164
352 339
164 261
164 12
261 250
261 53
250 183
183 348
183 412
348 350
348 146
350 285
285 230
230 103
230 391
103 217
103 341
217 244
244 50
50 46
50 144
46 347
46 260
347 41
41 331
41 421
331 394
331 142
394 81
81 304
81 113
304 363
363 123
363 399
123 343
343 318
343 338
318 199
318 218
199 383
383 297
383 267
297 7
297 2
7 354
7 311
354 189
189 324
324 5
5 264
5 327
264 107
107 186
186 248
186 204
248 194
194 287
194 106
287 332
287 269
332 333
333 61
333 158
61 25
25 351
25 221
351 277
277 58
277 40
58 322
322 213
213 34
213 206
