21 2970 326212895
1 8
1 16
8 21
8 18
21 14
14 6
14 3
6 15
15 7
15 9
7 12
12 17
12 4
17 13
13 19
13 20
19 2
19 11
2 10
2 5
752 2702
752 2609
2702 2642
2702 1823
2642 113
113 379
113 744
379 1670
379 1817
1670 1810
1810 2560
1810 2849
2560 1208
1208 416
1208 423
416 441
416 2703
441 154
441 2787
154 1732
154 534
1732 1043
1732 1826
1043 1126
1126 2347
1126 802
2347 791
2347 2057
791 2142
2142 348
348 2602
348 1357
2602 1577
1577 2561
1577 143
2561 831
831 775
775 1416
1416 2739
2739 1134
2739 2952
1134 2351
1134 711
2351 2370
2351 1846
2370 2592
2592 2036
2036 2356
2356 1296
2356 2766
1296 2483
2483 888
2483 1051
888 1710
1710 2680
2680 1849
2680 716
1849 908
1849 1719
908 2713
908 1173
2713 1017
1017 37
1017 2495
37 1250
1250 1559
1559 2752
1559 2082
2752 13
2752 1526
13 1866
13 1853
1866 639
639 2750
2750 2469
2469 2035
2035 163
163 1778
1778 2698
2698 2950
2698 160
2950 2300
2950 1125
2300 452
452 1978
452 2588
1978 682
682 239
682 1977
239 537
239 2184
537 474
537 2496
474 2000
2000 1388
1388 2521
2521 2406
2406 2771
2406 2719
2771 2477
2477 560
2477 1566
560 2084
560 362
2084 2181
2181 2071
2071 1881
2071 1203
1881 426
426 2102
2102 2746
2102 415
2746 2051
2746 685
2051 2764
2764 1090
2764 2426
1090 673
1090 1491
673 613
673 1800
613 1474
1474 1698
1474 601
1698 1028
1698 2885
1028 2418
1028 2394
2418 116
2418 1292
116 2528
116 370
2528 2650
2528 27
2650 2478
2650 277
2478 2358
2478 1181
2358 2412
2412 2868
2412 1042
2868 1789
2868 2249
1789 2286
1789 2820
2286 1066
2286 290
1066 1266
1266 1871
1871 1473
1871 1791
1473 1976
1976 2203
1976 688
2203 1153
1153 193
1153 1803
193 3
3 525
3 1994
525 1758
525 1784
1758 381
1758 838
381 1794
1794 2807
1794 505
2807 1902
2807 1659
1902 2620
1902 703
2620 2579
2579 1265
1265 659
1265 2498
659 940
659 756
940 90
90 2330
90 112
2330 2215
2215 658
658 1183
658 1969
1183 2430
1183 559
2430 309
309 2259
2259 1483
2259 949
1483 1314
1314 55
55 110
110 2832
2832 2193
2193 595
2193 1437
595 617
617 413
617 2570
413 389
389 1404
389 2143
1404 2048
1404 2242
2048 2884
2884 187
187 2788
2788 542
2788 2348
542 1251
542 478
1251 406
1251 2762
406 1520
406 1663
1520 454
1520 1400
454 1988
454 1551
1988 2032
2032 47
2032 490
47 2374
47 2781
2374 823
823 131
823 493
131 382
131 1693
382 2033
382 2423
2033 2506
2506 404
2506 262
404 571
571 149
571 357
149 484
149 2800
484 1535
484 966
1535 2201
1535 2238
2201 2511
2511 1724
2511 1725
1724 980
980 698
980 1069
698 1959
1959 1872
1872 66
1872 2797
66 1542
1542 2929
1542 352
2929 2748
2748 854
854 2805
854 455
2805 2879
2805 29
2879 2276
2276 1653
2276 1910
1653 1643
1643 741
741 1623
741 1528
1623 1876
1623 1478
1876 1038
1876 1427
1038 815
815 1991
1991 1410
1410 1754
1410 1496
1754 2720
2720 44
2720 396
44 2074
2074 2327
2327 299
299 215
215 2930
2930 1609
1609 2673
1609 2061
2673 2363
2363 2573
2573 1420
1420 2724
2724 2085
2724 2819
2085 2907
2085 671
2907 2532
2532 2754
2754 2564
2564 1537
1537 2928
2928 2611
2928 598
2611 723
2611 1804
723 433
433 2608
433 533
2608 2109
2608 2213
2109 2937
2109 564
2937 1665
1665 318
318 587
587 920
920 2966
920 71
2966 1685
1685 2292
1685 2628
2292 2625
2292 1681
2625 2306
2625 547
2306 996
996 395
996 1921
395 511
511 1230
1230 2664
2664 2606
2606 2784
2606 2504
2784 431
431 1219
431 1776
1219 1354
1219 1629
1354 2463
1354 1838
2463 1553
1553 600
600 2840
600 216
2840 60
2840 1761
60 887
887 189
887 1254
189 2375
2375 1493
2375 2281
1493 2888
1493 516
2888 515
515 1785
515 1179
1785 998
998 1419
998 551
1419 1180
1180 774
774 140
774 1615
140 1950
140 2269
1950 2141
1950 275
2141 1522
1522 2307
2307 1349
1349 1843
1349 1428
1843 959
959 1029
959 211
1029 2841
2841 874
2841 890
874 2799
874 2963
2799 2499
2799 680
2499 1783
1783 609
1783 2381
609 2343
609 2749
2343 1330
1330 2816
2816 1444
2816 2023
1444 1327
1327 2235
2235 210
2235 2167
210 2236
210 1932
2236 2712
2712 1821
2712 616
1821 1320
1320 124
124 2536
124 2660
2536 1514
1514 101
1514 2460
101 782
101 773
782 1324
1324 2904
1324 990
2904 1501
1501 50
50 681
681 2484
681 335
2484 2328
2484 289
2328 1178
2328 1953
1178 2871
1178 2099
2871 500
2871 2154
500 398
398 2489
2489 806
806 2006
2006 690
690 1539
1539 2449
2449 2679
2449 1112
2679 1044
1044 1852
1044 2206
1852 212
1852 2190
212 2727
2727 1000
2727 592
1000 1234
1234 621
1234 385
621 2877
2877 1929
2877 446
1929 1534
1929 1242
1534 1169
1534 2094
1169 1286
1169 2501
1286 1822
1822 207
1822 1256
207 194
207 57
194 941
941 2848
941 2926
2848 1947
2848 1101
1947 399
399 2858
399 1340
2858 740
740 1235
1235 296
1235 407
296 1752
1752 2629
1752 957
2629 2823
2823 691
2823 1848
691 2073
2073 765
2073 1231
765 2304
2304 1322
2304 1100
1322 2438
2438 2002
2002 583
583 1757
583 666
1757 976
1757 2039
976 1317
976 1307
1317 45
1317 2694
45 109
45 479
109 865
109 1279
865 1699
865 2801
1699 2372
1699 1571
2372 2958
2958 648
2958 2219
648 1731
648 449
1731 1492
1492 4
1492 2798
4 2245
2245 2556
2245 2867
2556 1530
2556 1
1530 1053
1053 1486
1486 1545
1486 383
1545 2305
2305 2968
2305 2248
2968 1479
1479 2922
1479 1642
2922 2237
2237 1460
1460 2635
1460 2017
2635 2202
2202 269
2202 1954
269 2045
269 2670
2045 462
2045 2390
462 2114
462 1475
2114 1300
1300 2593
1300 514
2593 227
227 332
332 1919
332 513
1919 2232
1919 2960
2232 1586
1586 208
1586 2619
208 678
678 2161
2161 667
2161 2028
667 1546
1546 1464
1464 330
1464 166
330 877
877 568
568 2769
568 351
2769 2455
2455 1140
1140 59
59 2734
59 876
2734 1332
1332 80
80 1799
1799 121
1799 2839
121 1318
1318 545
1318 2744
545 663
663 1905
1905 2322
1905 2772
2322 1442
1442 2539
1442 1519
2539 1945
2539 373
1945 1099
1099 553
553 1262
1262 301
1262 2433
301 1072
1072 1788
1072 1481
1788 1297
1297 612
1297 2396
612 1050
1050 2401
2401 1850
1850 1746
1850 311
1746 2421
2421 1943
1943 2209
1943 2282
2209 951
2209 1538
951 1890
951 1832
1890 527
527 2648
2648 1147
2648 1155
1147 742
1147 354
742 325
742 2108
325 1373
1373 677
677 329
329 886
886 2379
2379 288
2379 599
288 707
707 2441
2441 1829
2441 827
1829 1275
1829 1697
1275 1504
1275 693
1504 2324
1504 1229
2324 2634
2634 1912
1912 1078
1078 371
1078 1076
371 2439
371 1984
2439 2681
2439 1206
2681 1146
2681 84
1146 2520
1146 1940
2520 53
2520 1926
53 156
156 894
894 2239
894 2256
2239 900
900 2329
900 2275
2329 1723
2329 696
1723 1476
1723 125
1476 1056
1056 603
1056 2146
603 507
603 619
507 136
507 2216
136 171
171 712
171 341
712 2312
2312 1506
2312 848
1506 826
1506 2334
826 1705
826 68
1705 1624
1624 1979
1624 2921
1979 1114
1114 1933
1933 33
33 345
345 2550
2550 108
2550 2535
108 2939
108 1644
2939 2395
2939 1374
2395 2265
2395 899
2265 704
2265 2353
704 1594
704 981
1594 111
1594 1451
111 2261
2261 186
186 1001
1001 417
1001 475
417 1713
1713 2007
1713 2059
2007 1764
2007 2516
1764 1218
1218 387
1218 761
387 1177
387 2537
1177 2095
2095 875
875 2107
875 1232
2107 2836
2107 448
2836 1246
2836 885
1246 292
292 901
901 2731
901 2092
2731 1035
2731 2779
1035 1742
1742 2337
2337 240
240 2900
2900 841
2900 661
841 2760
841 1958
2760 580
2760 883
580 768
768 2933
2933 1439
2933 1883
1439 929
929 1149
1149 819
819 411
819 2827
411 536
536 910
536 1403
910 1920
910 1687
1920 249
1920 2659
249 2695
2695 2759
2695 668
2759 1360
1360 2087
1360 2741
2087 2386
2386 2173
2173 1521
1521 2559
1521 2597
2559 118
2559 561
118 185
185 2435
185 2350
2435 221
2435 2791
221 517
221 1944
517 2252
2252 2668
2668 1635
2668 1316
1635 853
853 2838
853 1897
2838 1186
1186 1738
1186 1380
1738 2662
2662 2414
2414 2349
2349 2253
2349 23
2253 2251
2251 2331
2331 2244
2244 405
405 1413
1413 955
955 2362
2362 2780
2362 649
2780 1497
2780 2384
1497 1839
1497 2912
1839 2425
1839 2578
2425 767
2425 1963
767 427
767 928
427 2669
2669 142
142 1744
142 1299
1744 2255
2255 2585
2255 588
2585 2424
2585 835
2424 300
300 2792
300 1046
2792 2934
2792 2005
2934 1773
1773 1358
1358 2162
1358 1241
2162 255
2162 1014
255 662
255 1154
662 2459
662 1348
2459 1003
1003 2682
1003 393
2682 1424
2682 477
1424 1909
1424 1626
1909 2915
2915 1664
1664 2894
1664 2964
2894 1581
2894 2621
1581 679
1581 706
679 1036
679 21
1036 444
444 1432
1432 2041
2041 1443
1443 695
1443 1298
695 652
695 205
652 925
925 1168
925 2715
1168 1893
1168 1797
1893 2133
2133 235
2133 2398
235 1993
235 642
1993 811
811 1394
1394 1583
1583 35
1583 392
35 1323
1323 1175
1323 1511
1175 1930
1175 1361
1930 1854
1930 1796
1854 2175
2175 2103
2103 1951
2103 1777
1951 570
1951 2223
570 2287
2287 459
2287 2309
459 2869
459 1092
2869 2118
2118 979
979 1676
979 1132
1676 1585
1585 746
1585 270
746 97
746 2487
97 591
591 1167
1167 2859
2859 1280
2859 2380
1280 1030
1030 1898
1898 138
1898 2892
138 510
510 297
510 2510
297 1143
1143 238
1143 2104
238 2563
238 1193
2563 779
2563 2584
779 1768
1768 623
623 1562
1562 520
520 1646
1646 20
20 1367
20 1294
1367 2697
2697 921
2697 2291
921 1737
921 132
1737 1677
1677 2462
1677 133
2462 1086
2462 2927
1086 1567
1086 231
1567 2814
2814 24
24 2258
24 1135
2258 1505
2258 2725
1505 814
814 1917
1917 191
1917 2710
191 851
851 223
851 1054
223 1922
1922 278
278 904
278 334
904 363
363 2897
363 1068
2897 1095
1095 88
1095 1995
88 538
88 541
538 585
538 247
585 2332
585 2522
2332 1109
2332 608
1109 1975
1975 2290
1975 1052
2290 419
419 552
419 633
552 785
552 2194
785 2325
2325 1989
2325 2271
1989 1941
1941 2113
1941 279
2113 2918
2113 148
2918 2676
2918 702
2676 200
200 1707
1707 2854
2854 1980
1980 847
1980 731
847 2599
2599 589
2599 2481
589 825
825 2280
825 2610
2280 1119
2280 2603
1119 2842
2842 1204
2842 882
1204 1952
1952 1008
1008 2618
1008 634
2618 2492
2492 378
378 629
629 770
770 349
770 953
349 1565
349 730
1565 719
719 2316
2316 2294
2316 1457
2294 1532
1532 6
1532 2450
6 229
6 467
229 973
229 366
973 604
973 2391
604 1589
604 1593
1589 1717
1589 1729
1717 2843
2843 1655
1655 2376
2376 2632
2632 1385
1385 374
374 1338
374 2726
1338 898
898 2544
2544 1269
2544 687
1269 1844
1844 797
1844 1962
797 917
917 1063
917 1498
1063 2339
2339 2021
2021 2225
2225 2545
2225 674
2545 1482
1482 1267
1267 320
320 179
179 92
92 1833
1833 1688
1833 2030
1688 2821
2821 2313
2313 232
232 1728
1728 2231
1728 566
2231 482
2231 1281
482 339
339 1690
1690 2514
2514 214
2514 1576
214 1097
214 2299
1097 2467
2467 905
905 42
42 1518
1518 2728
1518 2700
2728 1060
2728 722
1060 2485
2485 1709
2485 1925
1709 150
1709 521
150 2072
150 438
2072 938
938 1118
1118 347
1118 2886
347 1574
1574 2813
2813 1450
1450 506
506 586
506 1946
586 1397
1397 2165
1397 2490
2165 2704
2704 2466
2704 1727
2466 2340
2466 532
2340 1023
1023 846
846 145
145 931
931 1311
931 1441
1311 709
709 1477
1477 1398
1477 984
1398 180
1398 1141
180 1019
180 787
1019 316
316 2887
2887 1162
2887 2442
1162 293
293 2708
2708 1285
1285 2567
1285 726
2567 1165
1165 2595
2595 1831
2595 2364
1831 390
1831 400
390 2967
390 1888
2967 1620
2967 968
1620 1515
1515 2908
2908 2169
2908 376
2169 824
824 367
367 2137
367 873
2137 2705
2705 1011
1011 2938
2938 2246
2246 1487
1487 1027
1487 1352
1027 912
912 1889
1889 2493
2493 2831
2831 1691
1691 1129
1129 1228
1228 721
721 408
721 1756
408 1409
408 856
1409 2956
2956 30
2956 1309
30 435
435 1383
1383 866
866 135
866 1660
135 2052
135 644
2052 102
102 2770
102 1333
2770 705
2770 456
705 1780
705 418
1780 261
261 2397
261 2833
2397 120
120 2786
120 2684
2786 1548
2786 944
1548 549
1548 956
549 355
355 64
355 836
64 1502
1502 2177
2177 2296
2296 1370
2296 2557
1370 1604
1604 204
204 2445
2445 2753
2445 291
2753 2029
2753 2283
2029 2906
2029 729
2906 2122
2122 2502
2502 2914
2914 1411
2914 1722
1411 1971
1971 1667
1971 539
1667 1342
1667 2126
1342 1579
1579 2289
1579 1525
2289 333
333 2178
2178 114
114 2098
2098 2847
2847 2274
2847 2345
2274 2402
2274 1189
2402 1966
2402 2707
1966 104
104 503
503 2230
503 933
2230 2790
2230 460
2790 1828
1828 2932
2932 1164
2932 2794
1164 2486
2486 1484
2486 1020
1484 1734
1734 1671
1734 414
1671 1805
1671 1701
1805 282
1805 2020
282 1022
282 359
1022 2012
2012 1894
1894 2641
2641 22
2641 2947
22 596
596 822
822 2913
2913 1726
1726 550
1726 1221
550 2054
2054 2234
2234 1422
2234 48
1422 1675
1422 1214
1675 1159
1159 860
1159 310
860 760
860 762
760 2139
760 2136
2139 759
2139 1382
759 2878
2878 1325
1325 2323
1325 2526
2323 2475
2323 1730
2475 1470
1470 2864
1470 226
2864 1075
1075 1529
1075 555
1529 1903
1529 1923
1903 653
653 2909
653 992
2909 1836
2909 1767
1836 2714
2714 2155
2714 391
2155 618
2155 1106
618 884
884 1105
1105 870
1105 1359
870 1064
1064 577
1064 1683
577 1216
577 2040
1216 2124
2124 1527
1527 1617
1527 1606
1617 1572
1572 861
861 840
861 375
840 1588
840 2228
1588 1851
1851 267
1851 2789
267 2067
267 1508
2067 2890
2890 144
144 2187
2187 1513
1513 250
1513 1867
250 146
146 796
146 739
796 2785
796 748
2785 2881
2785 2452
2881 2732
2732 2677
2732 1720
2677 2440
2440 2651
2440 2368
2651 2687
2687 2685
2687 1882
2685 2876
2876 2065
2065 1819
1819 2043
1819 1806
2043 1341
1341 199
199 801
801 2336
801 943
2336 184
184 2778
184 2745
2778 170
2778 491
170 1964
1964 402
1964 1622
402 2465
2465 434
2465 2254
434 2866
434 2853
2866 1376
1376 2637
1376 1790
2637 2333
2637 2016
2333 453
2333 948
453 2666
453 2804
2666 784
2666 1607
784 2062
784 422
2062 1558
2062 1770
1558 810
810 2901
810 1949
2901 786
2901 295
786 569
569 1913
569 2436
1913 584
584 93
584 1682
93 364
364 280
364 2810
280 683
683 274
683 2101
274 1255
1255 2241
1255 1248
2241 2263
2241 2905
2263 252
252 737
737 192
192 326
326 563
326 1434
563 763
763 2730
763 2661
2730 1868
1868 926
926 620
620 1461
620 2448
1461 1820
1461 308
1820 2454
2454 2168
2168 2655
2655 218
2655 1873
218 2157
218 219
2157 1274
1274 2264
2264 10
2264 1133
10 183
183 1389
1389 2857
2857 646
646 1335
646 2140
1335 83
83 182
83 1456
182 2453
2453 1602
2453 2151
1602 1782
1602 2471
1782 243
243 2014
2014 808
808 2366
2366 241
2366 2371
241 1488
1488 1346
1346 2941
1346 1830
2941 265
265 1176
265 2576
1176 1712
1712 2382
2382 593
2382 2497
593 2815
2815 1759
2815 2503
1759 26
1759 2919
26 1386
26 1445
1386 87
87 645
645 78
645 412
78 2387
2387 32
2387 1648
32 1375
1375 1171
1375 1379
1171 1217
1217 1996
1996 1480
1996 1337
1480 724
724 14
724 488
14 2949
2949 1412
1412 1739
1739 1662
1662 1503
1662 1258
1503 1084
1084 581
581 1652
1652 1071
1071 176
176 1452
1452 2828
2828 155
2828 574
155 2407
2407 1263
2407 220
1263 1157
1263 1431
1157 1749
1749 2616
1749 2614
2616 1524
1524 2507
2507 576
576 130
130 602
130 2581
602 1058
1058 353
353 1430
353 1021
1430 2883
1430 2093
2883 169
169 1139
169 306
1139 1762
1762 2653
2653 2644
2644 2338
2338 718
718 394
718 328
394 2861
394 337
2861 1237
1237 2166
1237 1122
2166 1533
2166 2872
1533 2110
2110 630
2110 458
630 501
630 16
501 1414
1414 2001
2001 594
2001 2743
594 2889
594 2594
2889 2896
2889 2480
2896 2612
2896 2509
2612 172
172 2247
2247 2279
2247 2515
2279 751
751 1085
751 1736
1085 1195
1195 2055
1195 2706
2055 1787
1787 2696
1787 251
2696 470
470 486
486 1158
1158 519
1158 403
519 2144
519 2568
2144 1006
2144 1614
1006 1160
1160 2019
2019 1998
2019 2955
1998 1104
1998 1700
1104 1590
1590 757
757 776
776 2422
2422 173
2422 1628
173 1631
1631 2693
2693 336
2693 2758
336 855
855 743
855 294
743 1801
743 1745
1801 2050
1801 2523
2050 165
2050 1433
165 1861
1861 794
794 1939
794 1649
1939 1924
1939 283
1924 303
1924 1252
303 209
209 1224
1224 2027
2027 2278
2278 43
2278 2965
43 2367
43 839
2367 2159
2159 725
2159 103
725 63
725 2416
63 1960
63 2586
1960 783
1960 2624
783 2221
783 637
2221 655
655 410
655 2163
410 2224
2224 1858
2224 1914
1858 2446
2446 2355
2446 305
2355 2138
2138 2817
2817 1813
2817 2633
1813 2716
1813 2205
2716 1368
2716 923
1368 972
1368 2179
972 2880
2880 1291
2880 2645
1291 1517
1291 522
1517 2882
1517 7
2882 181
2882 1755
181 798
798 1152
798 69
1152 2583
2583 70
70 987
70 468
987 2361
2361 2451
2361 2211
2451 372
372 2775
2775 2125
2125 2210
2210 287
2210 867
287 107
107 1835
1835 281
1835 1378
281 665
665 1575
665 2903
1575 2852
1575 2862
2852 909
909 2373
2373 1268
1268 2081
2081 858
2081 2689
858 628
628 1120
1120 1245
1245 2691
1245 1468
2691 2240
2240 1775
2240 813
1775 2310
2310 2718
2310 1033
2718 1750
2718 1184
1750 1211
1750 2443
1211 523
1211 1384
523 1319
1319 1328
1319 1763
1328 1906
1328 843
1906 2172
2172 795
795 590
590 2148
590 1463
2148 34
34 1466
34 1196
1466 126
126 2360
2360 2683
2683 1747
1747 82
1747 198
82 1436
1436 1113
1113 1641
1641 2393
2393 2267
2393 1047
2267 2400
2400 2541
2541 1362
1362 945
945 1002
1002 2957
2957 201
201 2527
2527 809
2527 1454
809 52
52 2940
52 1210
2940 158
158 95
158 518
95 993
95 1273
993 672
993 958
672 897
672 2174
897 1161
1161 473
473 579
579 2077
2077 2891
2891 540
540 1272
540 99
1272 89
1272 1878
89 2672
2672 62
62 1067
62 2508
1067 8
1067 1931
8 1601
8 2855
1601 1123
1123 76
1123 1654
76 1192
1192 2468
2468 331
2468 1936
331 1490
1490 1308
1490 1259
1308 39
39 1645
39 2491
1645 2227
2227 1918
2227 664
1918 2590
2590 2145
2590 1363
2145 2273
2273 1136
2273 1326
1136 1811
1811 769
769 2011
769 12
2011 384
2011 530
384 1779
1779 964
1779 195
964 167
167 2285
167 2024
2285 2413
2285 708
2413 1137
2413 575
1137 1150
1150 1471
1471 2185
1471 1809
2185 2615
2615 2116
2116 5
5 1278
1278 2626
2626 1270
2626 1227
1270 778
1270 1107
778 98
778 1640
98 954
98 2120
954 1499
1499 656
656 2025
2025 152
2025 1402
152 2954
2954 605
2954 1282
605 961
605 298
961 161
961 1094
161 1591
161 1957
1591 2604
1591 2709
2604 264
2604 1423
264 1666
264 2850
1666 717
717 880
880 266
880 1010
266 1070
1070 745
1070 499
745 2818
2818 607
607 1039
1039 2577
2577 1013
1013 747
1013 1845
747 1899
747 2598
1899 1226
1226 2112
1226 139
2112 1079
2112 428
1079 1304
1079 2701
1304 1840
1840 324
1840 2517
324 864
864 1215
864 1449
1215 2111
2111 1197
1197 2053
1197 1336
2053 2674
2053 1007
2674 2464
2674 49
2464 994
994 1016
1016 188
1016 1138
188 1573
188 1967
1573 764
764 1351
764 2812
1351 1041
1041 896
1041 2147
896 1760
1760 2009
1760 2767
2009 1928
2009 2893
1928 2217
2217 420
420 2100
2100 1091
1091 1458
1091 676
1458 512
512 1200
1200 2268
2268 1040
1040 2326
2326 304
304 224
304 2191
224 1695
224 2119
1695 1448
1695 439
1448 1865
1448 2417
1865 117
117 1523
117 544
1523 2170
1523 1824
2170 2777
2777 2565
2565 982
2565 1669
982 2757
2757 2474
2474 429
429 700
700 1650
700 1356
1650 2266
2266 254
2266 2837
254 1869
254 2652
1869 1603
1869 1891
1603 1306
1603 2010
1306 2917
2917 1277
2917 2129
1277 2083
1277 271
2083 1415
1415 344
1415 1329
344 106
344 2826
106 1715
106 217
1715 1885
1885 863
1885 1405
863 1706
863 2034
1706 771
771 2004
771 1684
2004 554
2004 2860
554 1708
1708 1222
1222 2229
2229 995
2229 307
995 2558
2558 1418
1418 2134
2134 228
228 2943
228 2115
2943 669
2943 1560
669 2846
669 1934
2846 2399
2846 61
2399 2317
2399 2472
2317 2392
2317 1599
2392 1345
2392 2699
1345 1174
1345 1018
1174 2197
2197 2149
2197 988
2149 1618
2149 1875
1618 736
1618 1288
736 614
614 1786
614 1426
1786 2600
1786 1102
2600 1714
1714 1015
1714 2518
1015 222
222 1026
1026 2301
2301 1986
1986 164
1986 17
164 2357
2357 1672
1672 1999
1999 2131
2131 1347
1347 11
1347 2403
11 2646
11 1276
2646 1350
2646 2117
1350 837
837 134
837 670
134 2566
134 789
2566 1425
2566 974
1425 871
1425 2135
871 2945
871 1916
2945 2580
2580 1315
2580 1364
1315 1985
1985 168
168 1243
168 2942
1243 749
1243 54
749 1570
1570 1751
1570 1647
1751 2656
2656 2542
2542 2257
2257 1205
2257 495
1205 1344
1344 2200
2200 128
2200 2461
128 2470
2470 1733
2470 1271
1733 1569
1733 2088
1569 1440
1569 962
1440 244
1440 2058
244 2774
244 1595
2774 934
934 1686
1686 625
1686 2153
625 849
625 469
849 728
728 2342
2342 153
2342 1191
153 497
497 1657
497 1116
1657 2657
2657 640
2657 1540
640 1406
1406 1598
1406 1194
1598 610
610 1547
1547 930
1547 46
930 25
25 2404
2404 529
2404 1212
529 2729
529 2773
2729 1489
1489 369
1489 1769
369 28
28 1608
28 1190
1608 2824
2824 137
137 844
137 2822
844 1012
844 1083
1012 19
19 859
19 388
859 2512
2512 2589
2512 1678
2589 2156
2156 2874
2156 1156
2874 360
2874 2164
360 1633
1633 907
907 1886
1886 1024
1886 684
1024 340
1024 286
340 457
457 1956
1956 915
1956 1077
915 2233
2233 654
2233 365
654 2825
2825 73
73 2318
2318 1795
2318 891
1795 597
1795 1834
597 2569
2569 2150
2150 2953
2953 650
650 2388
650 1582
2388 2830
2830 1605
1605 689
689 259
259 2097
259 1510
2097 115
115 694
115 258
694 100
694 2587
100 2218
100 2809
2218 997
2218 2865
997 985
997 2845
985 1516
1516 939
939 2182
939 1696
2182 1904
1904 1857
1857 916
916 1401
916 72
1401 242
242 2829
2829 1188
2829 906
1188 1500
1500 2795
1500 2389
2795 989
2795 754
989 1901
1901 2378
1901 285
2378 805
805 2288
805 1233
2288 483
483 2070
2070 2721
2721 2654
2654 842
2654 1088
842 1927
842 496
1927 738
738 1239
738 1568
1239 1584
1239 902
1584 2128
2128 1968
2128 1062
1968 2207
2207 895
2207 465
895 651
651 1074
1074 2046
2046 1536
1536 2923
2923 1247
2923 952
1247 1792
1247 2690
1792 159
1792 2572
159 36
36 424
424 2411
424 2796
2411 342
2411 878
342 397
342 2042
397 1774
1774 686
1774 1825
686 321
686 1507
321 1863
1863 2250
2250 56
2250 971
56 443
56 508
443 1638
1638 472
1638 1673
472 777
777 2365
2365 190
190 1814
190 174
1814 1366
1366 2751
2751 800
800 1009
800 2068
1009 2096
1009 2192
2096 2873
2096 548
2873 1983
2873 1148
1983 2776
2776 79
2776 2176
79 780
780 1111
1111 1630
1111 615
1630 2678
2678 1856
2678 1704
1856 1610
1856 2158
1610 480
480 1982
480 257
1982 1771
1771 977
1771 1057
977 1293
1293 1735
1293 2571
1735 983
983 1859
1859 936
1859 75
936 2354
936 368
2354 1201
2354 203
1201 2530
1201 1740
2530 2056
2530 2308
2056 790
790 970
970 2844
2844 924
924 2605
2605 2639
2605 2671
2639 2270
2639 2447
2270 41
2270 1807
41 647
647 2765
2765 793
793 1842
793 2783
1842 1093
1842 1391
1093 2272
1093 821
2272 999
2272 946
999 451
451 2552
2552 319
319 692
319 1818
692 2437
692 834
2437 234
2437 2946
234 2018
234 697
2018 622
622 781
781 2802
2802 2692
2802 273
2692 558
2692 911
558 380
380 509
380 1972
509 196
196 1061
196 1855
1061 978
1061 1283
978 1612
1612 2875
1612 236
2875 1961
2875 845
1961 1879
1879 1900
1900 1987
1900 263
1987 2575
1987 2948
2575 572
2575 1841
572 1469
1469 1556
1556 2121
2121 119
119 1543
1543 991
1543 2321
991 2737
991 2935
2737 2736
2736 1798
1798 881
1798 2488
881 1142
1142 2226
1142 1399
2226 1981
2226 343
1981 2636
2636 2457
2636 2383
2457 2260
2260 1049
1049 1305
1049 914
1305 2408
1305 2803
2408 38
38 85
85 2834
2834 803
803 766
803 1289
766 1244
766 918
1244 1145
1145 1965
1965 710
1965 820
710 1718
1718 1600
1600 2420
1600 1658
2420 162
2420 1887
162 2198
162 77
2198 129
2198 2555
129 2898
2898 733
733 1990
733 2551
1990 1494
1990 660
1494 284
284 2204
284 526
2204 314
314 1563
314 2738
1563 1048
1048 313
1048 151
313 1862
313 447
1862 2916
2916 524
2916 1257
524 2060
524 2428
2060 2431
2060 2630
2431 2352
2352 1240
1240 2320
2320 2199
2320 1694
2199 246
2199 2623
246 812
812 437
812 338
437 2458
437 641
2458 1163
1163 74
1163 643
74 1130
1130 1353
1130 567
1353 1837
1353 2080
1837 1238
1837 1334
1238 245
245 2574
245 1656
2574 2951
2574 175
2951 1031
2951 481
1031 2534
1031 2311
2534 2529
2529 1908
1908 2533
2533 1557
2533 356
1557 833
1557 2419
833 1915
1915 268
1915 1938
268 2531
2531 1117
2531 2091
1117 1942
1942 1554
1942 2756
1554 1874
1874 2663
1874 358
2663 1611
1611 727
1611 122
727 1911
1911 2686
2686 1127
2686 1937
1127 401
1127 2298
401 1549
1549 1637
1549 2613
1637 1907
1637 1249
1907 498
498 879
498 2596
879 2015
2015 963
963 872
872 1081
1081 1438
1081 9
1438 1372
1372 732
732 932
732 1124
932 1213
932 2284
1213 1355
1213 1408
1355 86
1355 2008
86 425
425 2811
2811 1716
2811 1455
1716 714
1716 1753
714 892
892 2344
892 1674
2344 1447
1447 1407
1447 1616
1407 2622
2622 2863
2622 2547
2863 1202
1202 2735
1202 2188
2735 1421
2735 1446
1421 1121
1421 1087
1121 1689
1689 31
1689 1679
31 1459
1459 197
1459 2319
197 2640
2640 213
2640 975
213 377
213 1170
377 2003
377 1970
2003 487
487 1472
487 2607
1472 2733
1472 1151
2733 713
2733 1032
713 1065
713 504
1065 233
1065 2910
233 2740
2740 432
432 1108
432 2675
1108 1429
1108 1781
1429 1512
1429 327
1512 919
1512 1207
919 1302
919 2808
1302 67
67 1371
1371 2295
1371 1816
2295 2069
2069 2959
2959 2688
2959 735
2688 937
937 543
543 1387
1387 1544
1387 40
1544 1895
1895 755
1895 969
755 852
755 2086
852 1766
1766 2410
2410 2548
2548 807
807 2031
2031 2591
2591 206
206 157
157 578
578 606
578 2524
606 1182
1182 2432
1182 346
2432 123
123 1692
123 91
1692 248
1692 260
248 734
734 1331
1331 256
256 1369
1369 2722
2722 2899
2899 2835
2899 2549
2835 2171
2171 2180
2180 2214
2180 922
2214 1287
2214 903
1287 178
178 1812
1812 2
1812 2793
2 636
636 1223
636 535
1223 792
792 2212
792 1948
2212 1973
2212 828
1973 1261
1261 1089
1261 2195
1089 1198
1089 2189
1198 1392
1392 436
1392 409
436 1185
436 2022
1185 528
528 2920
528 869
2920 1711
1711 386
1711 1128
386 2456
2456 1997
2456 2127
1997 1815
1815 816
1815 51
816 315
816 1465
315 830
830 202
830 2243
202 2925
2925 2479
2479 562
562 1847
1847 2911
1847 624
2911 1390
2911 1435
1390 2540
2540 2543
2543 2546
2543 1880
2546 632
632 323
323 1310
323 2105
1310 302
1310 492
302 2063
302 556
2063 2747
2063 2562
2747 1393
1393 2196
2196 1680
2196 253
1680 758
758 1703
758 2902
1703 1564
1703 2924
1564 1625
1625 1253
1625 1864
1253 1636
1253 1037
1636 1596
1596 18
1596 2631
18 1552
1552 1082
1552 1172
1082 2667
1082 611
2667 1462
1462 350
350 2505
350 2434
2505 1417
2505 1743
1417 430
430 1992
430 2183
1992 1578
1992 2761
1578 1597
1597 2476
2476 788
2476 935
788 2711
2711 312
2711 942
312 2303
312 1613
2303 2377
2303 105
2377 1209
2377 2617
1209 2277
2277 2627
2627 2208
2627 1381
2208 1592
2208 2297
1592 225
225 1303
1303 889
889 502
889 715
502 2870
2870 1531
1531 2064
2064 986
986 2405
986 1772
2405 913
913 857
857 1395
857 1741
1395 582
1395 1621
582 557
557 440
557 1096
440 466
440 2415
466 1225
1225 2089
1225 461
2089 818
2089 1935
818 1312
818 1974
1312 772
772 531
772 471
531 2513
2513 753
753 2106
2106 2132
2132 2315
2315 1236
2315 463
1236 2044
2044 2944
2044 2444
2944 2038
2944 1651
2038 1884
1884 2482
2482 675
675 94
675 1721
94 2047
2047 1004
1004 1187
1004 1632
1187 1453
1187 2782
1453 1802
1802 960
960 2582
2582 2851
2851 657
2851 2525
657 2553
2553 2186
2553 2037
2186 2554
2554 2341
2341 2755
2341 720
2755 1627
2755 1264
1627 2970
2970 464
464 804
804 2385
2385 2519
2519 2742
2742 1485
1485 1634
1485 627
1634 2409
2409 967
967 2936
967 1619
2936 361
2936 2717
361 1080
361 2026
1080 15
15 1877
15 2076
1877 799
1877 1870
799 1103
799 2359
1103 81
81 1073
81 1313
1073 2220
1073 893
2220 2643
2220 2969
2643 546
546 1896
1896 829
829 1555
1555 947
1555 2160
947 1860
947 2049
1860 965
965 927
965 2962
927 1025
1025 2222
1025 2262
2222 699
2222 421
699 862
862 1668
862 701
1668 2130
1668 1284
2130 2538
2130 1541
2538 817
817 2658
2658 750
750 950
750 1144
950 1892
1892 2293
1892 1550
2293 1955
2293 1301
1955 2427
2427 141
2427 635
141 2895
141 2075
2895 2066
2895 631
2066 1045
2066 1827
1045 1005
1045 1765
1005 1396
1005 1098
1396 2931
1396 1295
2931 1290
2931 2473
1290 2078
1290 1034
2078 2601
2601 2723
2723 1166
2723 2429
1166 489
489 450
489 1377
450 2494
450 2649
2494 272
272 1793
272 1343
1793 2856
2856 1059
2856 177
1059 850
850 2123
850 2768
2123 2638
2123 565
2638 2090
2638 1561
2090 1220
2090 2302
1220 2013
1220 573
2013 638
2013 1055
638 2335
2335 1808
2335 2806
1808 626
626 147
147 1321
1321 1495
1321 322
1495 1661
1495 1467
1661 2369
1661 445
2369 2647
2369 1365
2647 485
485 494
494 1110
1110 1587
1110 1748
1587 1260
1587 96
1260 317
1260 1199
317 2763
2763 127
127 868
868 2961
868 1509
2961 276
276 2665
276 1339
2665 476
476 2500
476 2314
2500 58
2500 1115
58 832
58 1131
832 2079
832 1580
2079 230
2079 1702
230 442
442 1639
442 2152
1639 2346
1639 237
2346 65
