2 2025 93470
1 2
580 1602
580 1618
1602 563
1602 1323
563 1878
563 160
1878 960
960 1830
1830 1689
1830 606
1689 187
1689 862
187 791
791 456
791 899
456 859
859 184
184 1711
184 374
1711 1978
1711 1980
1978 904
904 572
904 1789
572 268
572 1823
268 455
455 510
510 1097
1097 605
605 1914
1914 591
591 491
491 389
491 426
389 867
867 1634
867 342
1634 1678
1678 898
898 542
542 1490
542 466
1490 793
1490 1984
793 1181
1181 242
242 1479
1479 1736
1736 873
1736 1333
873 734
734 2019
734 449
2019 186
2019 478
186 977
977 752
752 679
679 1979
679 613
1979 952
952 929
929 921
929 1884
921 967
967 1205
1205 1610
1610 447
1610 1300
447 913
913 755
913 654
755 992
992 450
450 220
450 827
220 1529
220 441
1529 1114
1114 1406
1114 1259
1406 776
1406 429
776 1058
776 685
1058 763
763 1500
763 1228
1500 2022
2022 2018
2018 343
343 1705
343 157
1705 1087
1087 778
778 1767
1767 274
274 357
274 1254
357 1434
1434 1395
1395 653
1395 812
653 1045
1045 584
584 1159
584 416
1159 405
405 1117
405 1796
1117 648
648 759
759 751
751 11
751 1325
11 1547
1547 629
1547 1427
629 886
886 1682
886 1616
1682 935
935 195
195 2004
2004 1291
2004 1059
1291 454
454 284
284 118
118 938
118 570
938 622
938 931
622 1069
622 1125
1069 1872
1872 1883
1883 1344
1883 484
1344 330
1344 1783
330 1063
1063 1138
1138 398
398 726
726 675
675 201
201 1781
1781 601
1781 183
601 1343
1343 1876
1343 1520
1876 1693
1693 115
1693 1522
115 301
115 365
301 1875
301 509
1875 1718
1875 1607
1718 203
203 1010
1010 1712
1010 120
1712 1372
1712 669
1372 1676
1676 318
318 549
549 423
549 1647
423 489
423 1632
489 925
925 32
32 505
505 1664
1664 524
524 1133
1133 1773
1133 1997
1773 537
1773 1289
537 1150
1150 378
1150 1782
378 1098
378 282
1098 1387
1098 664
1387 603
603 1988
603 2007
1988 1285
1988 655
1285 29
1285 1214
29 1892
29 740
1892 1313
1892 287
1313 1345
1313 1190
1345 1992
1345 1624
1992 25
25 940
25 237
940 1310
940 769
1310 174
1310 1674
174 567
567 1144
567 277
1144 1595
1595 1953
1595 1508
1953 289
289 684
684 1441
684 703
1441 806
1441 1765
806 1207
806 1194
1207 154
154 267
267 1077
1077 1764
1077 1271
1764 1819
1764 1483
1819 1267
1267 1023
1023 623
623 7
623 730
7 62
62 1857
1857 1283
1283 244
244 1525
1525 235
235 1421
235 70
1421 1940
1940 453
453 483
483 1593
1593 1498
1593 1473
1498 382
382 248
382 1801
248 1061
248 933
1061 795
795 498
795 1033
498 1684
1684 408
1684 568
408 633
633 1495
1495 283
1495 1457
283 1713
283 1397
1713 559
1713 1466
559 1912
559 1169
1912 1396
1396 1554
1396 102
1554 556
556 1050
556 1845
1050 1290
1050 951
1290 1413
1290 76
1413 1237
1237 1084
1237 451
1084 715
1084 721
715 765
765 1368
1368 1850
1850 474
474 1303
1303 1164
1303 37
1164 335
1164 358
335 1628
1628 1564
1564 914
1564 30
914 889
914 957
889 1948
1948 52
1948 1582
52 832
832 1341
1341 1528
1528 1173
1528 406
1173 604
604 1199
604 838
1199 1118
1199 375
1118 68
1118 1895
68 1716
68 805
1716 663
663 1650
1650 1867
1650 579
1867 249
249 399
249 1499
399 595
595 792
792 315
315 445
445 1158
1158 1090
1090 1270
1090 1219
1270 1527
1270 1965
1527 209
1527 1265
209 1297
1297 1452
1297 1975
1452 618
1452 192
618 1506
1506 943
1506 953
943 1828
1828 1613
1828 1703
1613 538
538 1223
538 1931
1223 1105
1223 18
1105 331
331 1970
1970 932
1970 304
932 632
932 481
632 610
632 1450
610 1517
1517 421
421 1709
1709 1555
1709 15
1555 1924
1555 269
1924 1225
1225 2003
1225 732
2003 152
2003 1247
152 1161
1161 1745
1161 36
1745 894
894 1638
894 856
1638 754
1638 1548
754 1204
1204 1249
1204 681
1249 1868
1868 86
1868 757
86 373
86 1629
373 221
373 698
221 1462
1462 1808
1808 503
1808 1192
503 1794
503 1130
1794 996
996 766
766 164
164 1824
164 635
1824 253
253 496
496 110
496 4
110 582
582 1453
1453 682
1453 1795
682 1433
682 527
1433 294
294 944
294 1392
944 1143
944 1019
1143 139
139 1583
139 1022
1583 710
710 156
156 988
156 781
988 1604
1604 1171
1171 767
1171 616
767 998
767 1440
998 404
998 880
404 50
404 1864
50 1540
50 172
1540 101
101 1771
1771 1972
1972 1451
1451 1900
1900 816
816 427
427 1222
1222 683
683 1100
1100 1558
1558 1570
1570 1123
1123 1135
1135 804
1135 1740
804 114
804 906
114 486
114 1132
486 1680
486 864
1680 748
1680 1338
748 1560
748 67
1560 1407
1407 1347
1347 273
273 1203
1203 737
737 955
955 1281
1281 1526
1526 1476
1526 854
1476 999
999 98
98 1116
98 1000
1116 1371
1116 461
1371 649
649 128
649 1589
128 12
12 749
749 10
749 1014
10 529
529 1318
1318 396
396 1670
1670 1785
1785 1591
1591 652
652 1418
652 564
1418 179
1418 419
179 1119
179 1744
1119 1981
1981 262
1981 1584
262 1775
1775 1409
1775 26
1409 1009
1009 112
112 1707
112 1791
1707 394
394 104
394 535
104 930
930 1292
930 302
1292 1668
1292 321
1668 1232
1668 71
1232 619
1232 614
619 6
619 541
6 712
6 688
712 1986
712 946
1986 794
794 608
794 903
608 533
608 1301
533 400
400 1907
1907 1699
1699 987
1699 1943
987 1908
1908 847
847 761
761 168
761 1417
168 1990
1990 958
958 149
958 1959
149 252
252 1776
1776 1827
1776 1248
1827 1330
1330 1751
1330 494
1751 976
976 1152
976 512
1152 1127
1127 797
1127 948
797 1036
797 345
1036 97
1036 1941
97 1072
97 640
1072 239
1072 73
239 739
739 271
739 674
271 463
463 1982
1982 1927
1982 1489
1927 620
620 206
620 823
206 1683
1683 306
306 1422
306 686
1422 1250
1250 1658
1250 704
1658 51
1658 1390
51 1241
1241 173
1241 106
173 1862
173 123
1862 293
1862 1921
293 1523
1523 839
839 1385
1385 1048
1385 1358
1048 1236
1048 1496
1236 225
225 971
971 786
971 891
786 1326
1326 53
53 1475
1475 920
920 645
920 431
645 1719
645 1206
1719 279
279 159
279 961
159 1566
1566 326
326 402
402 1272
402 190
1272 1141
1272 1145
1141 43
1141 430
43 658
658 844
658 770
844 1946
844 134
1946 80
80 1446
1446 1404
1446 1889
1404 937
1404 94
937 650
937 842
650 662
662 234
662 1642
234 1637
234 17
1637 298
1637 1436
298 691
691 673
691 1770
673 1024
673 395
1024 756
756 1802
1802 1195
1195 1836
1836 324
324 1480
324 1129
1480 1507
1480 1363
1507 1187
1187 1454
1187 1128
1454 1354
1354 1922
1354 1623
1922 191
1922 1071
191 1804
1804 1154
1804 1182
1154 1147
1147 1067
1067 1408
1408 1366
1366 1573
1573 1755
1755 1157
1755 872
1157 865
865 1821
865 1887
1821 1677
1821 1840
1677 978
1677 1681
978 1609
978 1512
1609 1307
1609 810
1307 1942
1942 1177
1942 829
1177 385
1177 818
385 122
385 224
122 1964
1964 826
826 965
965 415
965 56
415 300
300 824
824 1543
1543 1235
1235 1288
1235 1088
1288 1425
1288 386
1425 1298
1425 508
1298 290
290 1410
1410 882
882 1136
882 1096
1136 285
1136 33
285 1641
285 1085
1641 1635
1641 825
1635 425
1635 69
425 724
425 1659
724 1960
724 1568
1960 1698
1698 1929
1698 1793
1929 1306
1929 742
1306 1538
1538 363
1538 1826
363 1282
363 1905
1282 677
1282 1869
677 1126
677 1600
1126 49
1126 702
49 1807
1807 436
436 1761
1761 1501
1501 1017
1017 251
251 292
251 1708
292 403
403 575
403 1266
575 1382
1382 644
1382 1687
644 1571
1571 1666
1666 560
560 1694
1694 851
1694 1032
851 1081
851 705
1081 303
1081 893
303 1724
303 1645
1724 459
459 381
381 1606
1606 1974
1974 587
587 1714
587 1379
1714 1400
1714 1226
1400 1405
1400 1760
1405 366
1405 915
366 1723
366 1230
1723 440
440 583
440 1295
583 1704
583 665
1704 1747
1747 1485
1485 1968
1968 1741
1968 372
1741 145
1741 116
145 680
680 131
680 384
131 1057
1057 621
1057 1324
621 1546
1546 1509
1509 393
393 1536
393 64
1536 202
1536 709
202 210
210 117
210 1585
117 1122
117 1833
1122 1903
1903 706
1903 521
706 624
624 61
624 1115
61 869
61 1893
869 200
200 336
200 130
336 888
336 1505
888 517
517 170
170 678
678 46
46 905
905 1640
905 895
1640 1530
1530 840
1530 470
840 162
840 1365
162 733
733 236
733 1075
236 414
414 47
47 1316
1316 1880
1880 1925
1880 969
1925 337
337 1066
337 1394
1066 263
1066 599
263 63
63 656
656 189
656 166
189 558
558 1627
558 1078
1627 178
178 562
178 397
562 1008
1008 111
111 1430
1430 1615
1615 1752
1752 1592
1752 245
1592 439
1592 1692
439 1575
439 835
1575 834
834 950
950 1728
1728 353
353 14
353 966
14 1099
1099 566
1099 1449
566 1777
566 911
1777 1587
1777 598
1587 995
1587 788
995 1477
995 1089
1477 1768
1768 876
1768 554
876 1726
876 1685
1726 531
531 1180
531 1996
1180 1470
1470 1110
1110 1886
1886 1304
1886 553
1304 1268
1304 798
1268 435
435 247
247 77
247 1398
77 1858
77 701
1858 1843
1843 530
1843 719
530 1277
530 332
1277 477
477 1331
1331 1030
1030 367
367 881
881 1581
1581 410
410 100
410 643
100 1011
100 1044
1011 1947
1011 1056
1947 661
661 246
661 1814
246 997
997 417
417 1646
1646 1463
1463 41
41 1934
1934 1353
1353 526
1353 1515
526 1493
526 1742
1493 8
8 212
8 1651
212 630
630 1576
630 836
1576 1516
1516 1962
1962 1156
1962 1848
1156 480
1156 28
480 1447
480 1675
1447 458
1447 1721
458 1697
1697 1415
1697 1348
1415 1461
1415 1163
1461 42
1461 1302
42 58
42 125
58 1956
58 443
1956 119
1956 1673
119 1935
119 1196
1935 1749
1935 1111
1749 1750
1750 1938
1750 884
1938 942
942 1231
942 2024
1231 1834
1834 329
1834 1844
329 843
843 600
843 909
600 1563
1563 108
1563 1429
108 1293
108 1920
1293 1256
1256 1035
1256 593
1035 773
1035 1240
773 75
773 1859
75 1661
75 1798
1661 1810
1661 1389
1810 897
897 163
163 216
163 1556
216 1465
216 143
1465 471
471 1818
471 428
1818 1597
1597 543
1597 232
543 676
543 181
676 687
676 596
687 193
193 364
193 87
364 500
364 1799
500 808
500 1852
808 350
350 919
350 700
919 975
975 707
707 1025
1025 1890
1890 55
1890 923
55 762
762 1626
1626 1428
1428 546
1428 544
546 222
546 265
222 437
222 1269
437 1951
437 1588
1951 144
144 922
144 1013
922 1378
1378 1915
1915 1511
1915 1332
1511 1594
1511 1052
1594 861
1594 1894
861 774
861 1780
774 1614
1614 1172
1614 469
1172 819
819 557
819 1976
557 1737
1737 941
941 1567
941 1817
1567 1340
1340 1648
1648 1051
1051 333
333 1179
1179 986
1179 196
986 968
968 286
286 305
305 1945
305 1881
1945 81
1945 1420
81 667
667 993
667 1244
993 1146
1146 1065
1065 1731
1731 1865
1731 627
1865 1643
1865 1234
1643 722
722 607
607 779
779 356
356 1757
1757 412
412 495
495 1539
495 850
1539 464
464 1021
1021 1939
1021 1715
1939 576
1939 866
576 1370
1370 169
1370 1702
169 981
169 1977
981 1162
981 1299
1162 1725
1725 231
1725 699
231 617
231 1612
617 874
617 1644
874 1928
1928 161
1928 323
161 1003
161 1386
1003 783
1003 1002
783 945
945 989
945 801
989 93
93 59
59 1005
59 1041
1005 1026
1005 609
1026 194
1026 822
194 714
714 182
182 84
84 502
84 1403
502 313
502 555
313 1639
313 1766
1639 1488
1639 198
1488 391
1488 424
391 2008
2008 1305
1305 758
1305 875
758 1991
758 1356
1991 214
1991 2011
214 735
214 1998
735 1870
735 493
1870 1073
1870 1952
1073 1083
1083 1811
1083 388
1811 1393
1811 1258
1393 1029
1029 1086
1086 690
690 772
772 1812
772 1660
1812 66
1812 95
66 1860
66 1279
1860 589
1860 954
589 147
147 1562
1562 1336
1562 1374
1336 1284
1336 1679
1284 155
1284 141
155 1971
1971 1524
1524 1015
1015 1102
1102 1109
1102 1620
1109 1502
1502 956
956 612
612 672
612 1054
672 1809
672 1994
1809 1355
1809 1832
1355 611
1355 1188
611 1315
611 79
1315 984
1315 185
984 970
970 2015
2015 1215
2015 1414
1215 1531
1215 1763
1531 460
1531 1580
460 322
322 20
20 1966
1966 1904
1904 1518
1518 939
939 360
360 89
89 860
860 853
853 764
853 1360
764 896
896 153
896 974
153 782
153 1758
782 641
782 23
641 1312
641 731
1312 1669
1312 1967
1669 44
1669 1734
44 1630
44 1532
1630 1855
1855 1327
1327 1335
1327 1652
1335 1861
1335 1167
1861 1107
1861 462
1107 972
972 1
1 65
1 692
65 1197
65 547
1197 2020
2020 666
2020 518
666 48
666 1217
48 1140
48 127
1140 926
926 647
647 1871
1871 1696
1696 1183
1696 1218
1183 1899
1183 1369
1899 983
1899 1877
983 918
983 40
918 370
370 506
506 256
256 1672
1672 1958
1672 1800
1958 1445
1445 833
1445 539
833 1896
833 1787
1896 266
1896 1253
266 1246
1246 1442
1246 85
1442 532
1442 1438
532 1042
532 1815
1042 199
1042 1121
199 1545
1545 1535
1545 1574
1535 1486
1486 468
468 1252
468 1550
1252 1759
1252 180
1759 488
488 1790
1790 636
1790 1193
636 814
814 784
784 38
784 753
38 736
736 377
377 1701
377 830
1701 254
1701 1274
254 1487
1487 327
327 1233
327 1492
1233 1906
1906 574
1906 1381
574 9
574 1262
9 1552
9 837
1552 800
1552 1239
800 949
949 1916
1916 848
848 723
723 1842
1842 1910
1910 444
444 1559
1559 1665
1665 1049
1665 487
1049 1153
1153 24
24 1625
24 297
1625 354
354 1321
354 520
1321 561
561 1185
1185 135
1185 501
135 1113
1113 1142
1113 1706
1142 258
258 1544
1544 1553
1553 1472
1472 281
1472 490
281 1918
1918 1989
1918 121
1989 338
1989 1184
338 1514
1514 697
697 320
320 1444
1444 1993
1993 631
631 171
631 744
171 1309
1309 457
457 2005
457 295
2005 1491
1491 1242
1242 1037
1242 1891
1037 311
1037 1598
311 1423
1423 743
743 1012
1012 796
1012 90
796 45
796 1053
45 1822
45 243
1822 1542
1822 877
1542 1838
1838 1933
1933 1328
1328 1772
1772 775
775 1131
1131 1076
1131 552
1076 660
660 1349
660 308
1349 341
1349 551
341 72
341 132
72 88
72 1186
88 1521
88 1621
1521 634
1521 1068
634 696
696 1160
696 1280
1160 1729
1160 657
1729 695
695 1885
695 523
1885 885
885 1103
1103 422
422 1484
1484 1221
1484 1350
1221 1038
1221 1364
1038 82
82 361
361 1930
1930 1774
1774 339
339 639
639 1165
639 708
1165 197
1165 890
197 900
900 1168
900 138
1168 1359
1359 109
109 729
729 1792
729 1437
1792 472
1792 1238
472 1046
472 1596
1046 74
1046 637
74 319
74 1738
319 1730
1730 1020
1730 588
1020 359
1020 671
359 5
359 659
5 351
351 312
351 259
312 1016
312 1432
1016 1263
1016 27
1263 1569
1263 2000
1569 1735
1735 492
492 1961
1961 817
817 1806
817 433
1806 1590
1806 126
1590 1435
1590 578
1435 1108
1435 581
1108 1537
1537 525
1537 1551
525 1762
1762 528
1762 813
528 569
569 1112
569 1276
1112 124
1112 594
124 1572
1572 1653
1653 1176
1176 1478
1478 379
379 346
346 2009
2009 1189
2009 1919
1189 1467
1189 746
1467 597
597 1031
597 352
1031 1873
1873 476
476 1317
1317 1273
1273 1094
1094 550
1094 831
550 545
545 1898
1898 1577
1577 1720
1720 413
1720 296
413 238
413 716
238 387
238 638
387 1690
387 1717
1690 565
1690 1911
565 103
103 1213
103 1294
1213 720
1213 1255
720 1296
1296 107
107 907
907 878
907 446
878 1342
878 828
1342 1973
1342 1671
1973 689
1973 1778
689 785
689 1803
785 96
96 1579
1579 1079
1079 255
1079 577
255 1082
1082 1426
1082 1727
1426 448
448 991
991 215
215 1416
215 515
1416 218
218 845
218 213
845 883
845 205
883 1839
1839 1631
1839 240
1631 1954
1954 1373
1373 711
1373 1700
711 571
571 1155
571 780
1155 1841
1155 420
1841 136
136 207
136 1458
207 1104
207 35
1104 1494
1104 1212
1494 1743
1743 278
278 1388
1388 2012
2012 2021
2012 1469
2021 499
2021 1619
499 1504
1504 2
2 1151
1151 745
1151 815
745 1856
1856 369
369 241
369 1319
241 1561
241 1510
1561 982
982 887
887 1261
1261 475
475 1419
1419 973
973 1603
1603 1831
1603 473
1831 1431
1831 1534
1431 892
1431 1178
892 2002
2002 1999
1999 821
821 362
821 1004
362 1337
362 228
1337 924
1337 990
924 519
519 908
519 348
908 1060
908 1352
1060 1686
1686 1028
1028 507
1028 916
507 1846
1846 1497
1497 747
1497 1251
747 482
747 1455
482 513
482 1557
513 1866
1866 1732
1866 1334
1732 1018
1018 855
1018 260
855 92
92 693
693 964
693 1224
964 438
438 1264
438 434
1264 514
1264 1175
514 1200
514 1448
1200 140
1200 1367
140 1882
1882 57
1882 1034
57 1329
1329 1311
1329 1779
1311 211
1311 1969
211 1533
1533 1286
1533 229
1286 901
901 1227
1227 1064
1064 548
548 432
548 1667
432 668
668 592
668 1074
592 1092
1092 1339
1092 1460
1339 465
465 1825
1825 54
1825 768
54 1820
1820 452
1820 275
452 790
452 615
790 1027
1027 1829
1829 349
349 959
959 1216
959 1481
1216 1784
1784 1654
1654 994
994 261
994 334
261 1346
1346 176
1346 1380
176 927
176 16
927 409
409 137
409 1622
137 1391
137 910
1391 270
270 217
217 310
310 741
741 223
741 1957
223 1739
223 590
1739 803
803 411
803 1093
411 1007
411 1308
1007 1351
1007 586
1351 1874
1874 1633
1633 230
230 863
863 1210
863 316
1210 1586
1586 1599
1586 208
1599 1043
1599 22
1043 858
1043 309
858 1722
858 1746
1722 2010
2010 1411
2010 1851
1411 1468
1468 504
504 902
902 573
902 1611
573 807
573 516
807 522
522 1202
522 1805
1202 602
602 1459
1459 1139
1459 219
1139 340
1139 91
340 585
585 1439
1439 1983
1983 1710
1983 725
1710 105
1710 1917
105 1853
1853 1519
1519 1797
1519 1443
1797 1106
1797 879
1106 1950
1950 347
1950 2025
347 1314
347 34
1314 1220
1314 2001
1220 1617
1617 1229
1617 1565
1229 227
1229 511
227 1080
1080 1260
1260 777
1260 1902
777 291
291 1287
291 78
1287 276
1287 809
276 1932
1932 1095
1932 718
1095 1001
1001 1813
1813 670
1813 418
670 13
670 936
13 1062
13 2013
1062 1897
1062 787
1897 1513
1513 31
31 60
60 1837
1837 250
250 113
113 1124
113 738
1124 407
407 1040
1040 467
1040 390
467 1006
1006 1412
1006 713
1412 19
19 497
19 962
497 857
497 717
857 314
314 1401
314 1055
1401 868
1401 852
868 1383
1383 307
1383 1754
307 1456
1456 1656
1456 1944
1656 21
21 442
442 1101
442 1376
1101 1854
1854 1662
1854 376
1662 728
728 175
728 1753
175 820
175 257
820 177
820 750
177 1257
177 299
1257 1926
1926 1278
1926 1362
1278 1137
1278 1361
1137 1549
1137 1663
1549 1375
1375 1174
1174 1691
1174 934
1691 1209
1209 133
133 628
628 226
226 479
479 1471
1471 1849
1471 1243
1849 985
985 1769
1769 947
1769 2014
947 979
979 1047
1047 1608
1047 963
1608 651
1608 771
651 917
917 167
167 1070
167 188
1070 1211
1211 1377
1377 1039
1039 83
1039 1208
83 1605
83 1245
1605 912
1605 841
912 1399
1399 1402
1402 1847
1402 264
1847 1322
1847 1201
1322 1636
1636 1936
1936 1120
1936 1474
1120 344
344 371
371 540
371 789
540 1788
540 727
1788 317
1788 1320
317 1695
317 1357
1695 142
1695 626
142 1503
142 401
1503 1835
1835 148
148 39
148 1913
39 1198
39 811
1198 1649
1198 928
1649 802
1649 1937
802 129
129 151
151 1756
1756 1655
1756 380
1655 1191
1655 980
1191 1482
1191 1879
1482 368
1482 1901
368 1578
368 1384
1578 1464
1578 1816
1464 1148
1148 2016
1148 1995
2016 392
392 1955
392 146
1955 383
383 1748
1748 1987
1987 1909
1909 1786
1909 355
1786 99
99 288
288 272
288 1657
272 799
272 1963
799 1091
1091 1424
1091 846
1424 2017
1424 158
2017 534
2017 625
534 646
646 870
646 1888
870 642
642 849
642 1541
849 760
849 328
760 165
760 2006
165 150
165 485
150 1275
150 1923
1275 1166
1275 233
1166 1688
1166 3
1688 536
536 1863
1863 2023
2023 1149
1149 1170
1170 280
1170 1949
280 1134
1134 871
1134 325
871 694
871 1601
694 1733
694 204
1733 1985
