13 2100 143666880
13 10
13 3
10 8
10 12
8 2
2 6
2 7
6 4
4 5
5 1
1 11
1 9
1699 1992
1992 511
511 204
204 1373
204 780
1373 160
1373 116
160 140
160 2045
140 708
140 2053
708 1959
708 1642
1959 1026
1959 14
1026 317
1026 2028
317 932
317 803
932 674
932 38
674 1820
1820 1927
1927 694
1927 2039
694 470
694 1253
470 1792
1792 440
440 1502
1502 53
1502 1170
53 2046
53 346
2046 2077
2046 919
2077 65
2077 1986
65 1165
65 439
1165 1784
1784 1028
1028 1664
1664 1932
1664 1119
1932 217
217 1126
217 1588
1126 1533
1126 1698
1533 681
681 144
144 1889
1889 1275
1889 746
1275 542
542 136
542 1338
136 345
345 1400
1400 1898
1400 2040
1898 1061
1898 1492
1061 944
1061 211
944 958
944 527
958 670
670 430
670 1675
430 903
903 1580
1580 1984
1580 252
1984 1719
1984 1801
1719 989
1719 1352
989 16
16 1317
16 1032
1317 223
223 572
223 1941
572 32
32 83
83 399
83 1514
399 1811
399 34
1811 1997
1997 1266
1266 375
1266 441
375 1393
375 590
1393 1374
1393 1550
1374 1206
1206 149
149 702
149 407
702 1912
1912 1411
1912 598
1411 15
15 1057
1057 2062
2062 1012
1012 272
272 1016
272 61
1016 1145
1145 1721
1145 656
1721 1641
1641 60
1641 393
60 1755
1755 740
1755 1900
740 858
858 18
858 755
18 997
997 1585
997 147
1585 1368
1368 696
696 304
696 2100
304 1996
304 1166
1996 369
369 942
942 959
942 132
959 1823
959 785
1823 487
487 1319
1319 1882
1882 247
247 297
297 1073
297 1295
1073 1138
1073 1190
1138 1259
1259 1568
1568 1853
1568 1754
1853 380
380 293
380 1212
293 634
634 324
324 225
225 47
47 1107
47 613
1107 893
1107 1834
893 726
893 1351
726 1460
1460 774
774 1704
1704 157
1704 94
157 2013
2013 2041
2013 490
2041 489
2041 1686
489 1337
1337 1402
1337 417
1402 521
521 966
521 1379
966 1301
1301 1744
1744 1234
1744 2030
1234 1390
1234 1056
1390 581
581 1226
1226 925
1226 398
925 860
860 1075
1075 459
459 1110
1110 1724
1724 1870
1870 568
1870 1706
568 2085
568 1192
2085 172
2085 798
172 1022
172 1144
1022 691
691 1802
691 2015
1802 924
1802 1015
924 1106
924 249
1106 385
1106 1609
385 1902
1902 115
1902 360
115 1051
115 669
1051 1785
1785 321
321 543
543 180
543 881
180 478
180 1856
478 905
905 158
905 1749
158 1958
1958 382
1958 748
382 707
382 410
707 2083
707 168
2083 1282
2083 1363
1282 978
1282 1396
978 497
497 24
24 328
328 1717
328 1977
1717 1552
1717 2026
1552 558
558 1725
1725 1262
1725 1892
1262 237
237 1527
237 2024
1527 1491
1491 1913
1913 772
772 248
248 1102
248 534
1102 335
335 104
335 1877
104 1549
1549 481
1549 1019
481 1964
481 773
1964 1821
1964 1089
1821 1960
1821 1
1960 956
1960 1303
956 840
840 1419
1419 504
1419 815
504 1445
504 1577
1445 1452
1445 1078
1452 767
1452 1052
767 2078
2078 941
2078 1463
941 1973
1973 1904
1904 1276
1904 137
1276 1164
1276 148
1164 806
806 316
806 13
316 1899
316 1864
1899 218
1899 2098
218 58
58 196
196 1516
196 449
1516 1221
1516 1758
1221 1622
1622 5
5 916
5 1151
916 1729
916 1735
1729 1265
1729 1344
1265 352
352 289
352 400
289 1268
1268 27
27 1092
1092 458
1092 2
458 922
922 1768
922 1441
1768 1837
1837 614
1837 1632
614 1662
614 1773
1662 675
1662 412
675 1765
1765 378
378 2052
2052 955
2052 859
955 608
955 1418
608 1807
1807 1885
1885 181
1885 1500
181 854
854 1788
1788 515
515 310
515 124
310 1770
1770 79
79 510
510 1703
510 1129
1703 895
895 1367
1367 977
977 1667
977 2006
1667 1087
1667 127
1087 998
998 549
998 1457
549 906
549 754
906 835
906 1546
835 1669
1669 366
1669 1983
366 1391
1391 1739
1391 342
1739 403
1739 96
403 1479
1479 1579
1479 1829
1579 1752
1579 520
1752 851
1752 281
851 1330
1330 1741
1330 1440
1741 783
783 836
836 1281
836 1638
1281 1455
1281 2001
1455 488
488 695
695 1795
695 1150
1795 1534
1534 1064
1064 1988
1988 850
1988 1049
850 1048
1048 594
594 1965
594 1397
1965 1881
1965 589
1881 1919
1881 477
1919 46
46 1204
46 2021
1204 717
1204 286
717 714
717 240
714 758
758 428
428 193
428 1515
193 294
294 309
309 700
309 145
700 1985
700 849
1985 1657
1985 697
1657 1437
1437 792
1437 453
792 462
792 151
462 1779
462 1830
1779 597
597 1938
597 480
1938 1112
1938 72
1112 19
1112 1953
19 1218
1218 383
1218 883
383 797
383 1682
797 1465
1465 1483
1483 650
1483 479
650 865
865 1153
865 354
1153 1146
1146 341
1146 1332
341 731
341 2033
731 219
219 2038
219 1069
2038 2050
2038 9
2050 454
454 1328
1328 1274
1274 729
1274 1692
729 42
729 1581
42 1819
42 1838
1819 437
437 80
80 451
80 483
451 1914
1914 1639
1639 251
1639 677
251 344
251 228
344 599
344 1442
599 576
599 1385
576 768
768 512
768 658
512 1979
512 1503
1979 777
1979 894
777 632
632 29
632 1957
29 979
979 900
979 1307
900 687
687 522
687 728
522 1446
1446 455
455 1326
1326 206
1326 465
206 1420
1420 491
491 1634
1634 2051
1634 1447
2051 2061
2051 1685
2061 266
2061 427
266 621
266 1917
621 355
355 262
355 937
262 1149
1149 1477
1477 1594
1594 1258
1594 434
1258 1859
1859 789
1859 1945
789 1790
1790 1574
1574 690
1574 1810
690 202
690 1592
202 486
486 846
486 93
846 564
846 960
564 643
643 103
103 1058
1058 246
1058 1469
246 230
246 1434
230 973
230 143
973 680
973 353
680 951
680 41
951 964
951 1294
964 1907
1907 706
1907 1339
706 129
129 1815
129 1757
1815 2010
2010 186
2010 1896
186 514
186 468
514 1257
1257 1496
1496 226
226 1114
226 1805
1114 585
1114 1610
585 463
585 1537
463 1951
1951 853
1951 1674
853 1684
853 983
1684 1656
1656 1216
1656 17
1216 1616
1216 287
1616 1040
1616 539
1040 1225
1040 562
1225 1993
1225 1387
1993 1256
1993 1918
1256 662
662 623
623 1454
623 1836
1454 1734
1454 1443
1734 1316
1734 647
1316 1470
1470 469
469 1753
469 1707
1753 221
221 396
396 1661
396 638
1661 1286
1286 1748
1748 1909
1909 296
1909 1691
296 4
296 841
4 1413
1413 1541
1541 1793
1793 277
277 391
277 1508
391 962
962 1085
1085 843
1085 1027
843 92
843 74
92 716
716 1298
716 1292
1298 1435
1435 2012
1435 879
2012 536
2012 1123
536 1278
1278 1128
1278 559
1128 1893
1893 832
832 1934
1934 1313
1313 229
1313 118
229 1799
1799 814
1799 348
814 1404
1404 261
1404 1072
261 1905
1905 86
86 786
786 689
689 709
709 1517
1517 1522
1522 2069
2069 770
770 356
770 1232
356 799
799 1603
1603 915
915 98
98 1950
1950 1505
1950 1554
1505 2091
2091 1583
2091 1878
1583 1931
1931 730
730 1497
730 524
1497 1042
1042 97
1042 639
97 630
97 804
630 331
331 901
331 1762
901 523
523 188
523 496
188 2035
2035 775
2035 1671
775 819
819 994
994 1091
1091 1233
1233 192
192 1357
192 1010
1357 314
1357 626
314 426
426 1828
426 1421
1828 1777
1828 1354
1777 1668
1777 808
1668 1044
1668 1597
1044 705
705 1925
705 164
1925 1462
1462 1414
1462 1970
1414 1607
1414 1272
1607 2079
1607 1169
2079 1695
1695 1915
1915 1835
1915 921
1835 6
6 1156
6 761
1156 1345
1345 1640
1345 518
1640 982
982 54
982 90
54 135
135 279
135 838
279 1511
279 1094
1511 1720
1720 790
1720 1323
790 88
88 1524
88 882
1524 30
30 101
101 227
101 1267
227 1392
227 234
1392 712
1392 445
712 1131
1131 182
182 1860
182 318
1860 1786
1786 37
37 1333
37 379
1333 592
1333 1223
592 1099
592 66
1099 796
796 1251
796 725
1251 1850
1850 1797
1850 969
1797 1908
1908 444
1908 105
444 929
929 812
812 139
139 1255
139 1199
1255 1014
1014 1343
1014 1846
1343 138
138 1832
138 1244
1832 525
525 826
826 1529
1529 1867
1867 1310
1310 113
1310 1349
113 1772
1772 107
1772 119
107 904
107 1466
904 1851
904 371
1851 1045
1851 374
1045 389
1045 545
389 63
63 1538
63 203
1538 686
686 1174
1174 1680
1174 1876
1680 1689
1689 456
456 1417
1417 152
1417 828
152 830
152 1868
830 405
405 550
405 2074
550 372
550 945
372 1629
1629 173
173 307
173 123
307 326
307 322
326 1606
326 822
1606 48
1606 633
48 1646
48 363
1646 85
85 1676
85 1933
1676 930
1676 2075
930 1844
930 720
1844 1136
1844 222
1136 126
126 1678
126 831
1678 1764
1764 422
422 1509
422 1771
1509 703
703 1118
703 1937
1118 1901
1901 967
967 1989
967 254
1989 820
1989 176
820 1525
820 1935
1525 917
917 1843
917 414
1843 1590
1843 1346
1590 1566
1566 2003
1566 460
2003 1539
1539 1796
1539 652
1796 891
891 1371
891 95
1371 1890
1890 949
1890 3
949 872
949 1237
872 655
872 1372
655 475
655 373
475 1179
1179 319
319 189
189 1388
1388 1756
1756 2044
1756 452
2044 1998
2044 69
1998 560
560 1430
560 167
1430 467
467 401
467 1154
401 1651
401 377
1651 1822
1651 1745
1822 1696
1822 166
1696 508
1696 1975
508 584
508 1540
584 1623
1623 376
376 971
971 735
971 1839
735 1488
735 1591
1488 1401
1488 1289
1401 269
1401 1184
269 1160
269 1185
1160 184
184 171
184 388
171 1972
1972 329
329 1555
1555 2020
1555 1252
2020 1260
2020 1113
1260 1124
1260 1177
1124 12
1124 1806
12 1083
12 387
1083 1600
1600 970
970 438
438 2022
438 1084
2022 1439
2022 1320
1439 765
765 1104
765 1076
1104 278
1104 864
278 1489
1489 1887
1489 1556
1887 300
300 1701
1701 303
303 163
303 2066
163 1248
163 2065
1248 1530
1248 1458
1530 1848
1848 1471
1848 1068
1471 461
461 1650
461 112
1650 600
1650 538
600 939
600 1560
939 896
939 1284
896 340
896 1175
340 1621
340 214
1621 1245
1245 1637
1245 1798
1637 889
889 298
298 1239
298 1852
1239 745
1239 1191
745 49
745 283
49 125
125 950
125 1306
950 1448
1448 1708
1708 671
671 533
533 1710
1710 914
914 1866
1866 1280
1280 1066
1066 713
713 570
713 603
570 1493
570 1740
1493 722
722 1924
722 1215
1924 1181
1924 212
1181 1875
1181 1855
1875 644
1875 992
644 73
73 1742
1742 1976
1976 43
43 1513
1513 59
59 442
442 131
131 1891
1891 415
415 910
415 1200
910 256
910 604
256 902
902 837
837 1826
1826 1484
1826 1362
1484 1702
1484 1211
1702 1030
1030 295
1030 1570
295 100
100 1747
1747 996
1747 588
996 1849
996 1467
1849 1586
1586 1090
1090 232
1090 861
232 1213
232 347
1213 1222
1222 2099
2099 263
263 871
263 972
871 760
871 2063
760 531
531 270
270 1459
270 874
1459 869
869 848
848 1011
1011 1035
1035 1115
1115 795
795 117
795 952
117 1520
1520 315
315 912
912 629
629 1949
629 1956
1949 133
133 513
513 517
513 1782
517 1033
517 1842
1033 276
276 1318
1318 330
330 2086
330 299
2086 1468
1468 672
672 1427
672 381
1427 1559
1427 273
1559 1432
1559 1991
1432 635
635 2097
2097 82
82 431
431 1264
1264 109
1264 1633
109 1628
1628 1778
1628 1776
1778 1910
1778 1558
1910 1961
1910 2096
1961 55
55 1486
55 1325
1486 275
275 2034
275 1787
2034 31
2034 818
31 1803
31 649
1803 162
162 361
361 1168
1168 743
1168 1967
743 984
984 737
984 183
737 1818
1818 1659
1659 794
794 200
200 1148
1148 1336
1148 1643
1336 776
776 473
776 435
473 1231
473 2047
1231 1205
1231 1473
1205 1141
1205 1277
1141 1982
1141 918
1982 1219
1219 1162
1162 432
1162 1415
432 1247
432 2070
1247 1097
1247 1377
1097 909
909 1037
909 811
1037 1366
1366 1242
1366 965
1242 205
205 834
205 1665
834 1324
834 1003
1324 99
99 2082
99 78
2082 1531
2082 500
1531 2016
1531 1879
2016 2009
2016 2029
2009 715
715 631
631 1862
1862 81
1862 555
81 1152
1152 1871
1152 575
1871 1854
1871 2014
1854 764
764 1544
764 1978
1544 805
805 1954
1954 2025
2025 793
793 1620
793 579
1620 1210
1210 1375
1210 734
1375 1453
1375 2002
1453 195
1453 1329
195 2084
2084 888
2084 1038
888 607
607 641
641 134
641 1217
134 554
554 1334
554 617
1334 1942
1334 556
1942 985
985 122
122 683
122 1103
683 1080
683 411
1080 1198
1080 1475
1198 1406
1198 336
1406 1553
1406 471
1553 1043
1043 216
216 1034
216 1243
1034 561
1034 436
561 1666
1666 1888
1888 1601
1601 1715
1715 563
1715 1335
563 501
563 1569
501 980
501 1631
980 367
980 1654
367 824
824 665
824 1241
665 1261
665 1658
1261 1670
1670 1315
1670 2094
1315 1287
1315 1482
1287 759
1287 1269
759 402
759 1521
402 1024
402 1322
1024 1800
1024 175
1800 1731
1800 1947
1731 102
102 220
102 472
220 258
220 1604
258 995
995 368
995 1157
368 601
601 257
601 1271
257 1618
257 464
1618 1732
1732 271
271 2081
271 1593
2081 664
2081 660
664 857
664 587
857 1769
857 39
1769 1006
1006 1187
1187 1922
1922 516
516 1547
516 1020
1547 1117
1547 847
1117 753
753 628
628 1395
628 2027
1395 413
413 1584
413 288
1584 159
1584 870
159 582
582 224
224 661
661 339
339 1246
1246 425
1246 1673
425 1412
425 1361
1412 23
1412 1713
23 954
954 325
954 1694
325 1523
325 1009
1523 693
693 1474
1474 1617
1474 1840
1617 1602
1617 606
1602 77
1602 264
77 1220
1220 1969
1220 1726
1969 128
1969 1697
128 993
993 724
724 1812
724 1625
1812 787
1812 1172
787 502
787 1886
502 1158
1158 975
975 935
935 33
935 419
33 495
33 1127
495 1783
1783 312
1783 609
312 1422
1422 756
1422 540
756 1293
756 1025
1293 1291
1291 1615
1291 845
1615 636
636 616
616 1966
616 711
1966 1981
1981 1405
1405 190
190 676
676 395
676 1608
395 817
817 334
817 1381
334 52
334 763
52 1053
1053 476
476 370
476 1903
370 991
370 1736
991 1173
991 1424
1173 2037
2037 2011
2037 2031
2011 8
2011 968
8 1825
8 1070
1825 1321
1825 1936
1321 406
406 602
406 1711
602 719
719 1518
719 26
1518 1677
1677 2087
1677 36
2087 1116
1116 873
1116 1952
873 2088
873 1645
2088 1182
1182 565
1182 1709
565 1472
565 1730
1472 1386
1472 1614
1386 274
274 433
433 920
920 642
642 71
71 313
71 710
313 1193
313 934
1193 619
1193 1712
619 1002
619 1571
1002 1476
1476 933
1476 484
933 2042
2042 801
2042 392
801 185
185 409
185 1125
409 673
409 1498
673 1093
1093 474
1093 154
474 1519
1519 1780
1519 1845
1780 327
327 1763
327 809
1763 747
747 788
747 823
788 450
450 1359
450 1132
1359 586
586 829
829 779
829 2095
779 199
199 1906
1906 741
1906 1005
741 733
733 1299
733 121
1299 1687
1299 1365
1687 1155
1687 654
1155 1644
1644 390
1644 67
390 1464
1464 1431
1431 1759
1431 625
1759 420
1759 1946
420 2073
2073 285
285 259
259 1962
1962 605
1962 1353
605 990
990 723
723 1347
723 62
1347 782
782 1990
1990 1358
1990 1506
1358 156
1358 557
156 351
156 1364
351 177
177 2067
177 106
2067 1543
1543 1563
1563 867
1563 1140
867 1865
1865 640
640 1485
1485 120
120 1751
1751 418
418 577
577 1895
577 349
1895 142
1895 1100
142 209
209 878
209 1649
878 1017
1017 551
1017 343
551 364
364 886
886 2057
2057 505
2057 2071
505 744
744 1974
744 1450
1974 492
492 1327
1327 416
416 1567
1567 1766
1766 1389
1389 1207
1207 1705
1705 1296
1296 548
548 1001
1001 306
306 791
306 1869
791 1283
791 2043
1283 938
1283 566
938 738
938 1700
738 201
738 1847
201 1884
201 150
1884 1596
1884 1660
1596 583
583 1062
1062 688
1062 1873
688 2004
2004 1088
2004 890
1088 1059
1088 657
1059 1841
1059 187
1841 528
528 357
357 698
698 1723
698 986
1723 2080
2080 153
153 1263
153 25
1263 1817
1263 1478
1817 1416
1416 1238
1416 653
1238 1833
1833 668
1833 22
668 457
668 1575
457 1029
457 1227
1029 1314
1314 213
1314 1108
213 1425
1425 1507
1507 141
1507 1096
141 2000
141 810
2000 1429
2000 1081
1429 571
571 911
571 618
911 2019
911 620
2019 1023
2019 1923
1023 535
535 1004
535 1955
1004 1060
1004 197
1060 856
1060 1290
856 981
856 302
981 1490
1490 358
358 1576
1576 1648
1576 1410
1648 825
825 506
506 1050
1050 179
179 1254
179 1095
1254 833
1254 1000
833 1065
1065 897
897 1565
897 1055
1565 781
781 1428
1428 750
750 1494
1494 1054
1494 1077
1054 1378
1054 1613
1378 1203
1203 239
1203 215
239 292
292 1980
292 987
1980 1561
1980 1041
1561 494
1561 574
494 255
255 241
241 701
701 1143
701 1228
1143 1008
1008 704
704 1746
704 210
1746 191
191 666
191 940
666 1528
666 1342
1528 526
526 1578
526 530
1578 1722
1722 580
580 1718
1718 1201
1201 1775
1775 1178
1178 443
443 2090
443 2023
2090 64
64 1672
1672 1499
1499 1655
1499 1147
1655 1074
1074 2054
1074 1636
2054 1133
2054 2059
1133 541
1133 448
541 546
546 784
784 868
784 884
868 1031
1031 2048
1031 1082
2048 596
596 1548
596 243
1548 736
736 1562
736 1551
1562 943
1562 2007
943 1039
1039 7
7 1407
1407 198
198 1451
198 752
1451 1111
1111 2032
2032 1728
2032 1426
1728 1930
1728 1224
1930 1135
1930 1750
1135 749
1135 800
749 1911
1911 1897
1897 553
1897 947
553 908
553 1209
908 1582
1582 265
1582 2060
265 519
519 1195
1195 1279
1195 207
1279 282
282 1872
1872 1309
1872 1230
1309 421
421 839
421 2093
839 685
685 169
169 766
169 28
766 1120
766 1874
1120 887
1120 253
887 646
887 362
646 699
699 769
699 1384
769 305
769 718
305 1240
1240 1063
1240 245
1063 1021
1063 1171
1021 974
1021 1767
974 1086
1086 926
1086 231
926 499
499 174
174 1652
1652 907
907 1880
907 2058
1880 1824
1824 1380
1380 1916
1916 1813
1916 267
1813 1627
1813 1894
1627 1197
1197 2049
1197 1340
2049 1926
2049 578
1926 170
170 1079
1079 807
807 1355
807 1481
1355 802
1355 1308
802 651
802 386
651 1781
651 1587
1781 178
178 1130
1130 1134
1130 1681
1134 89
89 404
404 1943
404 1109
1943 1928
1928 1863
1928 56
1863 1526
1526 682
1526 739
682 1194
682 1738
1194 1438
1194 165
1438 892
1438 1235
892 1605
892 1573
1605 1733
1605 1572
1733 1612
1612 1504
1504 108
108 1920
1920 1760
1920 1180
1760 155
155 1857
155 1167
1857 1311
1311 948
1311 721
948 233
233 1161
1161 1302
1161 408
1302 2068
1302 593
2068 953
953 1921
1921 1727
1727 852
1727 2018
852 1208
1208 503
1208 429
503 238
503 678
238 75
238 659
75 1176
75 1408
1176 751
751 1626
751 1789
1626 1564
1564 333
1564 1545
333 1635
1635 1067
1067 1693
1693 1690
1690 1399
1399 350
1399 509
350 44
44 1535
44 1971
1535 862
1535 1536
862 2092
862 130
2092 1188
1188 1987
1987 1273
1987 280
1273 1963
1273 11
1963 236
1963 842
236 2056
236 946
2056 268
268 242
242 1423
242 1512
1423 1183
1423 1714
1183 816
816 482
482 863
482 727
863 547
547 567
547 732
567 844
844 778
778 2005
2005 1341
2005 359
1341 1619
1341 320
1619 961
1619 692
961 684
684 1101
1101 1804
1804 1403
1804 1743
1403 91
1403 1598
91 447
91 208
447 70
447 537
70 1013
70 1350
1013 308
308 931
308 1305
931 855
855 1409
855 250
1409 762
762 1121
762 637
1121 1288
1288 1382
1382 1394
1394 485
1394 1202
485 1808
485 877
1808 365
1808 2008
365 1791
365 742
1791 1461
1461 976
976 1285
976 2064
1285 21
1285 1861
21 1487
1487 1098
1487 394
1098 1995
1098 1532
1995 1376
1995 1831
1376 913
913 35
35 1827
35 1348
1827 290
290 1948
290 899
1948 51
1948 624
51 627
51 1047
627 1589
1589 111
1589 1304
111 1312
1312 260
260 1142
260 1883
1142 397
1142 498
397 1398
1398 1663
1398 1456
1663 1647
1663 875
1647 1809
1647 1229
1809 68
68 648
68 529
648 591
648 338
591 1683
1683 1611
1611 1501
1501 1369
1501 645
1369 1444
1369 146
1444 667
667 2036
2036 1189
2036 1122
1189 532
1189 615
532 663
663 235
235 311
235 885
311 1046
311 1858
1046 50
1046 466
50 1105
1105 114
1105 936
114 757
114 110
757 40
40 1595
1595 1774
1595 1716
1774 813
1774 573
813 45
45 2055
45 1159
2055 1542
2055 1557
1542 1480
1542 20
1480 866
1480 1737
866 1510
866 1383
1510 1360
1510 1007
1360 1449
1449 771
1449 507
771 1653
771 291
1653 1356
1653 821
1356 301
1356 1331
301 384
384 1688
384 244
1688 1196
1196 988
1196 569
988 1814
988 622
1814 1624
1814 1270
1624 1929
1624 1940
1929 2017
1929 611
2017 1944
2017 1433
1944 2089
1944 1994
2089 1137
1137 323
323 1999
1999 1436
1999 1071
1436 10
10 161
10 194
161 87
87 1236
87 1495
1236 923
923 1939
1939 1816
1939 544
1816 284
1816 1250
284 610
610 927
610 424
927 76
927 1968
76 963
963 928
928 880
928 1297
880 1186
1186 898
898 876
876 1761
876 1599
1761 1036
1036 1018
1036 332
1018 679
1018 612
679 999
679 84
999 827
999 1214
827 57
827 1139
57 2076
57 337
2076 957
2076 1163
957 1794
957 493
1794 1300
1794 446
1300 1249
1249 1370
1370 552
552 2072
552 595
2072 423
423 1630
1630 1679
