30 1302 69
20 25
25 17
17 2
2 13
2 9
13 3
13 5
3 26
26 19
26 16
19 1
19 21
1 6
6 29
29 24
29 14
24 22
22 7
7 10
7 15
10 27
10 18
27 28
27 4
28 12
12 11
12 23
11 30
11 8
1197 702
1197 189
702 141
702 722
141 704
704 47
47 487
487 478
478 706
706 872
706 741
872 844
872 42
844 591
844 307
591 1209
1209 920
920 1260
1260 1023
1260 997
1023 220
220 649
220 475
649 1089
1089 391
1089 74
391 207
207 145
207 127
145 830
145 1050
830 975
975 639
975 903
639 1196
1196 373
373 39
373 867
39 790
790 401
401 771
401 324
771 1293
1293 695
695 433
695 550
433 1083
1083 339
339 508
339 420
508 176
176 960
176 54
960 109
960 513
109 164
109 1233
164 530
530 1137
1137 1149
1149 1054
1054 559
1054 1036
559 30
559 734
30 374
30 1058
374 1003
1003 90
1003 485
90 232
232 504
232 72
504 779
779 605
605 440
440 1175
440 1097
1175 1276
1276 644
1276 625
644 380
644 717
380 583
583 878
583 51
878 846
846 1187
846 797
1187 296
1187 493
296 755
755 1238
1238 598
1238 1297
598 1135
598 927
1135 1210
1135 1061
1210 111
1210 604
111 732
111 580
732 9
9 519
9 443
519 314
314 994
314 609
994 222
994 996
222 724
222 1198
724 11
724 159
11 1240
1240 309
309 811
309 1026
811 690
690 15
15 1059
15 906
1059 764
1059 575
764 210
764 536
210 1123
210 981
1123 1154
1123 1193
1154 658
1154 542
658 1008
658 333
1008 1067
1008 1249
1067 334
1067 928
334 201
201 481
201 167
481 782
481 409
782 1194
782 576
1194 972
972 685
972 739
685 770
685 5
770 760
760 408
408 621
408 500
621 244
621 509
244 315
244 161
315 1169
315 1048
1169 1118
1118 876
876 725
876 94
725 992
725 458
992 758
758 522
522 125
522 138
125 450
450 620
620 118
118 694
694 1173
694 1287
1173 358
1173 600
358 634
358 707
634 119
634 699
119 202
119 568
202 1027
1027 855
855 323
323 895
895 636
895 723
636 1044
636 905
1044 82
1044 875
82 837
837 951
837 944
951 1090
1090 490
490 319
490 648
319 567
319 918
567 375
375 971
971 29
971 792
29 678
29 904
678 1204
1204 61
1204 840
61 240
240 873
873 155
873 985
155 410
155 555
410 852
852 256
852 738
256 652
652 660
660 595
595 488
488 548
488 742
548 457
457 711
457 43
711 180
711 198
180 1215
1215 1131
1131 986
986 778
986 1180
778 73
778 453
73 388
388 1002
1002 292
292 544
544 340
544 463
340 774
340 246
774 538
774 281
538 1201
1201 614
614 264
614 62
264 532
532 1263
532 798
1263 79
79 958
958 1086
1086 310
310 745
310 224
745 304
745 977
304 184
304 813
184 1181
1181 158
1181 1294
158 25
25 1200
25 1035
1200 619
1200 70
619 156
156 558
156 934
558 843
843 287
287 650
287 662
650 1185
650 743
1185 148
1185 643
148 590
148 407
590 418
590 300
418 914
914 53
53 2
2 616
2 713
616 949
949 299
949 766
299 943
943 31
943 384
31 1140
1140 197
1140 122
197 104
104 973
104 528
973 990
990 371
990 921
371 1011
371 1166
1011 961
1011 209
961 472
472 1255
472 473
1255 1226
1226 348
1226 881
348 645
645 35
35 974
35 835
974 957
957 761
761 683
761 239
683 366
683 546
366 853
366 48
853 1153
1153 896
896 24
24 243
243 21
243 1121
21 983
983 288
983 134
288 177
288 124
177 1299
177 270
1299 436
1299 95
436 448
448 572
572 417
572 269
417 524
417 887
524 57
524 6
57 1247
57 814
1247 674
674 398
398 305
398 1019
305 429
429 216
429 395
216 59
59 265
265 1179
265 236
1179 1262
1262 154
1262 496
154 748
154 362
748 471
748 631
471 446
446 285
285 278
285 537
278 267
267 809
809 427
427 1156
1156 1136
1156 1143
1136 175
1136 836
175 929
175 1296
929 901
901 486
486 941
941 190
941 827
190 424
424 71
71 515
515 468
468 955
468 1017
955 491
491 1277
1277 364
364 942
942 106
942 470
106 950
106 984
950 255
255 982
982 1028
982 776
1028 273
273 136
273 1043
136 153
136 566
153 370
370 588
370 1231
588 208
588 916
208 313
313 355
355 181
181 22
22 46
46 1132
1132 495
1132 257
495 117
117 178
178 737
178 1091
737 18
737 359
18 1112
1112 261
1112 864
261 868
261 700
868 783
783 562
562 767
562 931
767 19
767 1206
19 517
517 1129
517 1077
1129 92
1129 1079
92 492
92 412
492 1144
492 828
1144 718
718 885
885 673
885 343
673 87
87 1073
1073 320
320 560
560 1228
1228 466
466 1290
1290 476
1290 923
476 719
476 361
719 206
206 805
206 991
805 978
978 1111
1111 653
1111 351
653 170
653 419
170 684
684 1020
684 924
1020 1302
1302 1128
1128 919
1128 115
919 759
919 1021
759 326
326 55
326 806
55 400
55 173
400 756
400 979
756 510
510 1208
1208 1055
1055 1151
1151 679
1151 1000
679 459
679 1087
459 168
459 1120
168 75
168 105
75 425
75 227
425 1039
425 1254
1039 1234
1234 452
1234 271
452 697
697 890
697 802
890 1082
890 579
1082 1182
1182 680
680 865
680 103
865 193
193 415
415 623
623 107
107 223
107 1088
223 14
14 1295
14 629
1295 157
157 1133
157 716
1133 160
160 824
824 477
477 507
507 60
507 553
60 414
60 1186
414 146
414 282
146 449
449 962
449 1104
962 376
376 1127
1127 1202
1202 1253
1202 1069
1253 925
1253 33
925 1037
925 540
1037 1025
1037 642
1025 772
1025 260
772 1279
772 451
1279 1281
1279 1195
1281 838
1281 1244
838 541
838 860
541 357
357 570
570 439
570 1178
439 347
347 815
347 1070
815 989
989 1252
1252 494
1252 203
494 214
214 469
469 668
668 49
668 349
49 935
935 128
935 514
128 1214
1214 1171
1214 1063
1171 1105
1171 618
1105 1053
1105 946
1053 995
995 999
999 298
298 1160
298 34
1160 626
1160 397
626 526
626 910
526 613
526 1012
613 808
613 1042
808 980
808 894
980 712
980 1158
712 535
712 411
535 1275
1275 692
692 294
294 963
963 1232
963 599
1232 431
1232 597
431 187
431 165
187 659
659 1015
1015 1124
1015 78
1124 295
295 589
589 606
606 151
151 252
252 862
862 807
807 237
237 318
318 444
444 549
444 800
549 390
549 1074
390 869
869 938
938 907
907 142
907 1258
142 1016
142 773
1016 356
356 635
635 726
635 839
726 489
726 327
489 383
383 277
277 114
114 199
199 882
882 1107
1107 812
812 912
912 195
912 1051
195 242
195 763
242 1134
242 1272
1134 41
1134 646
41 720
720 823
823 727
823 110
727 1034
727 640
1034 393
393 669
393 1093
669 1117
669 1006
1117 335
335 833
335 939
833 523
833 430
523 1009
1009 1256
1256 899
899 502
502 682
682 308
308 406
308 235
406 1217
406 416
1217 638
638 721
638 342
721 563
721 1110
563 791
791 666
666 622
666 83
622 874
874 966
874 312
966 908
966 66
908 1099
908 740
1099 1106
1106 952
952 213
952 1024
213 437
213 1152
437 578
437 413
578 254
578 859
254 1031
254 135
1031 1266
1266 888
1266 571
888 851
888 1213
851 250
851 897
250 428
250 1030
428 1289
1289 297
1289 1033
297 1041
1041 32
1041 1292
32 91
91 884
91 1239
884 603
603 810
603 913
810 280
280 689
280 1250
689 149
689 1177
149 1
149 228
1 615
1 1081
615 194
194 45
45 965
45 480
965 545
545 381
381 592
381 1221
592 365
365 132
132 964
132 121
964 441
964 1130
441 731
731 1190
731 241
1190 637
1190 1101
637 378
378 1145
378 926
1145 1301
1145 338
1301 819
1301 847
819 188
188 231
188 1257
231 611
231 302
611 1146
1146 506
1146 484
506 23
506 915
23 728
23 68
728 389
389 1013
389 258
1013 325
1013 1265
325 112
112 708
112 263
708 76
76 394
76 461
394 877
877 762
877 482
762 144
762 1126
144 735
144 182
735 505
735 1280
505 1222
505 1220
1222 641
1222 1242
641 1010
1010 1139
1139 1225
1139 817
1225 729
1225 1155
729 1267
1267 1150
1150 147
1150 856
147 577
577 922
577 137
922 150
922 953
150 945
945 163
163 1229
163 139
1229 438
438 624
624 970
970 671
671 81
81 730
730 675
675 434
675 967
434 462
462 421
462 474
421 781
781 1092
781 1052
1092 1184
1092 1049
1184 426
426 1080
1080 661
661 1243
1243 464
1243 360
464 803
803 169
803 959
169 594
169 849
594 229
229 825
825 274
825 520
274 279
274 445
279 221
221 225
225 1085
225 84
1085 1007
1007 503
1007 266
503 1246
503 1264
1246 58
1246 1278
58 1298
58 1274
1298 1113
1113 392
1113 898
392 396
396 1288
396 1141
1288 65
65 531
65 657
531 1270
1270 1205
1205 947
1205 101
947 479
947 1062
479 714
479 512
714 1056
1056 822
1056 752
822 993
822 215
993 1284
993 902
1284 337
337 363
363 733
363 1211
733 858
733 1095
858 870
858 696
870 89
89 1098
89 909
1098 27
27 1018
1018 672
672 845
672 275
845 7
7 777
7 1227
777 1122
777 715
1122 1261
1261 564
1261 799
564 581
581 1029
1029 1192
1192 13
1192 608
13 404
13 336
404 1057
1057 586
586 200
200 1174
200 28
1174 547
547 841
547 204
841 129
129 1072
1072 557
1072 306
557 367
367 655
655 1066
655 447
1066 467
1066 52
467 284
284 251
284 698
251 705
705 1147
1147 123
1147 1241
123 1216
1216 1168
1216 1078
1168 879
879 633
633 36
633 518
36 866
866 88
88 863
88 1060
863 432
863 534
432 262
432 596
262 211
211 751
751 1268
1268 677
1268 402
677 1251
677 954
1251 1167
1251 956
1167 1282
1167 247
1282 341
341 3
341 554
3 1045
3 693
1045 1004
1045 539
1004 38
38 834
834 769
834 1300
769 796
769 787
796 703
703 454
454 630
630 98
630 1022
98 1014
98 780
1014 465
465 552
552 293
552 245
293 795
293 1032
795 100
795 4
100 226
100 663
226 593
593 249
249 108
249 1286
108 1115
1115 37
1115 268
37 174
174 483
483 1218
1218 736
736 1102
1102 442
1102 1224
442 1269
442 1183
1269 1071
1071 346
1071 789
346 765
346 686
765 533
765 585
533 120
533 565
120 283
283 969
969 353
353 1235
353 804
1235 259
259 183
259 185
183 1040
183 744
1040 1189
1189 93
93 196
93 584
196 344
196 102
344 1248
1248 628
628 582
628 290
582 610
610 50
50 936
50 1237
936 372
372 354
372 332
354 656
354 152
656 987
987 40
40 1046
40 1165
1046 166
1046 289
166 377
166 230
377 1075
1075 821
1075 1038
821 1116
821 948
1116 322
1116 784
322 385
322 573
385 788
788 162
162 1285
1285 940
940 133
133 1047
1047 217
217 785
785 116
785 253
116 140
116 670
140 676
140 186
676 587
587 1230
1230 26
26 218
218 403
218 831
403 1163
403 525
1163 10
10 352
352 291
352 317
291 818
818 786
818 1100
786 665
786 1162
665 556
556 8
556 143
8 17
17 857
17 911
857 63
857 435
63 1283
1283 691
691 1271
1271 871
1271 601
871 647
647 1170
647 617
1170 1096
1170 667
1096 968
1096 1191
968 883
883 850
850 749
850 1114
749 1148
1148 329
329 130
130 521
130 379
521 16
521 826
16 794
794 422
422 602
602 301
301 664
664 1064
664 747
1064 368
368 933
368 1273
933 387
933 1068
387 854
854 219
854 1109
219 350
350 1223
350 191
1223 998
998 1142
998 829
1142 607
1142 276
607 345
607 286
345 1259
345 131
1259 331
331 69
331 930
69 627
69 330
627 988
627 192
988 311
311 746
746 527
746 64
527 681
527 1157
681 801
681 77
801 688
801 386
688 1159
688 303
1159 1108
1159 848
1108 842
842 900
842 328
900 1188
900 316
1188 511
1188 85
511 820
511 126
820 775
820 1138
775 1219
775 497
1219 632
1219 56
632 574
574 80
80 1236
80 880
1236 976
976 889
889 321
889 456
321 1291
321 1005
1291 501
1291 750
501 1176
1176 1119
1176 651
1119 861
861 44
861 233
44 516
516 99
99 687
687 569
687 1094
569 498
498 886
886 1161
886 369
1161 1103
1161 1245
1103 67
1103 12
67 917
67 179
917 612
917 86
612 710
710 499
710 212
499 405
405 1001
405 1076
1001 382
1001 1212
382 654
382 423
654 893
654 551
893 455
893 1164
455 113
455 1172
113 97
97 460
97 701
460 757
757 891
757 561
891 172
891 832
172 234
234 816
816 1125
816 892
1125 932
1125 171
932 754
754 248
248 529
248 1207
529 20
20 205
205 1084
1084 238
238 1065
238 399
1065 96
96 709
96 543
709 753
753 793
753 1199
793 768
768 1203
768 272
1203 937
