2 1856 413371936
1 2
1420 995
1420 1670
995 1256
1256 754
1256 124
754 735
735 799
735 1111
799 1211
799 823
1211 1799
1211 423
1799 184
1799 646
184 422
184 535
422 1198
1198 295
295 1551
295 759
1551 69
1551 1295
69 78
69 1217
78 1240
78 70
1240 1343
1343 224
1343 1184
224 1155
1155 1224
1155 555
1224 1278
1278 665
1278 1213
665 46
46 885
46 1646
885 1431
1431 990
990 943
943 1014
1014 487
1014 1732
487 900
487 625
900 850
850 1847
850 1845
1847 670
1847 108
670 875
875 1363
875 826
1363 978
978 207
207 112
112 667
112 648
667 936
667 1504
936 1123
936 1045
1123 1817
1817 597
1817 1176
597 250
250 518
518 1331
1331 1019
1331 452
1019 1700
1700 612
1700 514
612 831
831 1785
1785 234
234 1287
1287 1581
1581 411
1581 454
411 1540
411 1706
1540 4
4 922
4 1840
922 751
751 710
751 404
710 256
710 1562
256 332
256 1162
332 340
340 869
340 1450
869 1301
869 305
1301 1419
1419 1085
1419 1803
1085 1583
1583 1072
1072 1801
1801 637
637 771
771 1748
771 1093
1748 544
544 965
544 1527
965 490
490 1027
490 1415
1027 609
609 814
814 419
419 286
419 1538
286 1624
286 1762
1624 1421
1624 659
1421 436
436 1584
1584 75
1584 1179
75 1468
1468 1366
1366 1425
1425 987
1425 114
987 134
987 733
134 147
147 1121
147 833
1121 1461
1461 832
832 388
832 866
388 1794
388 1023
1794 1832
1832 130
130 1462
1462 561
1462 1104
561 1452
561 1107
1452 1164
1452 10
1164 986
1164 598
986 794
794 1570
1570 1061
1570 1429
1061 415
415 1246
1246 1692
1692 59
59 743
59 1052
743 1474
1474 500
500 105
105 1126
105 948
1126 812
1126 1151
812 11
11 1757
11 503
1757 1344
1344 405
1344 994
405 1158
405 864
1158 1513
1158 1178
1513 150
1513 957
150 1679
150 901
1679 1017
1017 1520
1017 1074
1520 212
1520 1221
212 231
212 512
231 1028
1028 1672
1028 106
1672 1612
1612 157
157 318
157 1685
318 354
318 1446
354 1076
354 53
1076 330
1076 1547
330 565
565 1505
1505 1623
1623 1558
1558 793
1558 1641
793 371
371 740
371 675
740 1496
740 347
1496 716
1496 1271
716 1775
716 1825
1775 1819
1775 1609
1819 505
1819 1530
505 1633
1633 770
770 241
241 49
49 1316
1316 222
1316 1077
222 1592
222 1754
1592 107
1592 1389
107 1764
1764 1090
1090 434
1090 529
434 596
434 1456
596 1691
596 67
1691 306
306 1231
1231 334
1231 1054
334 238
334 1814
238 915
238 1455
915 1495
915 1202
1495 1070
1495 188
1070 719
1070 1149
719 1342
1342 1796
1342 1782
1796 162
162 100
162 1568
100 1494
100 610
1494 84
84 1626
84 1209
1626 684
1626 927
684 820
820 1459
820 1605
1459 1193
1459 547
1193 800
1193 1296
800 1248
1248 592
1248 1759
592 426
426 1507
426 782
1507 316
316 1400
1400 1684
1400 462
1684 68
68 1191
68 444
1191 1792
1191 761
1792 1288
1288 805
805 634
634 1087
634 1282
1087 1144
1144 1837
1144 390
1837 1634
1634 273
1634 337
273 365
365 1064
1064 378
378 1751
378 645
1751 1145
1145 385
385 809
809 277
277 897
277 1181
897 456
897 159
456 1588
456 886
1588 713
713 1055
713 1657
1055 1030
1030 233
233 299
299 348
299 1062
348 401
348 293
401 530
530 1137
1137 1409
1409 663
1409 1075
663 1780
1780 1649
1649 203
203 23
203 319
23 1401
23 251
1401 140
1401 562
140 1321
1321 1677
1677 1671
1671 342
342 873
342 1613
873 1439
1439 1265
1439 322
1265 760
1265 1546
760 1485
1485 392
1485 274
392 396
396 80
396 1362
80 1273
1273 1189
1189 892
892 1249
892 676
1249 1515
1515 1818
1515 271
1818 465
465 577
465 749
577 906
906 594
594 949
949 551
551 1169
1169 587
1169 913
587 141
587 300
141 391
391 133
391 1841
133 164
133 1519
164 113
164 661
113 541
113 1194
541 88
88 1557
88 1356
1557 523
1557 1281
523 1699
523 31
1699 1022
1022 1686
1686 802
802 117
117 946
117 76
946 27
946 1136
27 101
27 908
101 525
101 1186
525 748
525 1747
748 584
748 909
584 1294
1294 196
1294 380
196 72
196 1564
72 416
72 702
416 510
510 573
510 1444
573 693
573 1319
693 658
658 1497
1497 1797
1797 1234
1234 359
359 1040
359 1619
1040 1565
1040 970
1565 755
1565 301
755 1665
755 425
1665 1483
1483 1379
1379 237
237 410
237 910
410 600
600 230
230 907
907 959
959 1407
959 1310
1407 1601
1601 1510
1601 252
1510 398
398 420
420 309
309 1232
1232 1451
1451 838
1451 179
838 567
567 1695
567 1330
1695 355
1695 1152
355 790
355 495
790 1359
1359 819
1359 1267
819 1436
819 868
1436 1578
1436 1086
1578 839
839 1099
1099 1810
1099 1206
1810 971
971 129
129 847
129 110
847 329
329 1083
1083 1063
1083 376
1063 921
921 887
921 1604
887 1445
887 87
1445 1082
1082 1320
1082 472
1320 262
262 697
697 1066
1066 1548
1548 834
1548 1843
834 508
834 1552
508 327
508 717
327 983
983 43
983 1021
43 1250
43 1522
1250 1586
1250 294
1586 579
1586 438
579 942
942 576
942 399
576 1597
1597 700
1597 1614
700 1327
1327 604
1327 451
604 602
602 787
602 77
787 485
787 1381
485 285
485 581
285 1521
1521 1569
1569 1277
1569 246
1277 7
1277 1309
7 317
317 626
317 633
626 977
977 261
261 1705
261 1811
1705 353
353 1333
353 678
1333 21
21 888
21 878
888 683
888 9
683 898
898 548
548 1539
548 1734
1539 314
1539 753
314 1300
314 896
1300 1651
1300 1741
1651 247
247 729
729 652
652 1128
1128 821
821 1305
1305 543
543 563
543 1598
563 1800
1800 135
135 1068
1068 499
499 1768
1768 863
863 501
501 931
501 249
931 639
639 1237
1237 1434
1434 933
933 1230
1230 804
1230 1526
804 1731
1731 131
131 578
578 1264
578 1167
1264 1541
1541 617
1541 585
617 861
617 1223
861 32
861 792
32 534
32 1719
534 1235
1235 795
795 1816
795 1488
1816 381
1816 1738
381 1620
1620 1640
1640 797
797 1335
797 806
1335 40
40 879
40 1059
879 583
583 1807
1807 1643
1643 42
1643 669
42 930
42 1371
930 1185
930 757
1185 197
1185 1011
197 408
197 741
408 1127
1127 1480
1480 1312
1312 1394
1394 1399
1394 1563
1399 1353
1399 992
1353 333
333 773
333 1851
773 1317
773 1112
1317 1135
1317 1124
1135 1556
1135 1047
1556 324
1556 331
324 1042
324 968
1042 1512
1042 356
1512 1793
1793 882
882 288
882 1749
288 1501
1501 257
257 1524
1524 1156
1524 1417
1156 621
621 1758
1758 816
1758 445
816 1690
816 851
1690 1642
1642 1696
1696 128
1696 1351
128 867
867 1804
867 520
1804 440
1804 808
440 1596
440 871
1596 1694
1694 1509
1509 842
842 364
364 704
704 1603
704 1279
1603 323
323 15
15 226
226 1740
1740 1426
1740 975
1426 519
519 272
519 774
272 1774
272 721
1774 1644
1644 911
911 1133
911 672
1133 662
1133 1659
662 1855
662 1789
1855 1772
1772 1828
1828 1098
1828 1349
1098 835
835 412
835 1293
412 1756
1756 1618
1756 1856
1618 1854
1618 281
1854 488
1854 1032
488 240
240 1778
240 255
1778 1464
1778 1367
1464 1012
1464 1031
1012 1589
1589 1097
1589 554
1097 1482
1482 1406
1406 1199
1199 981
981 1146
1146 1594
1146 1442
1594 779
779 1545
779 768
1545 58
1545 1826
58 769
58 464
769 453
453 1582
453 395
1582 1553
1582 260
1553 1025
1553 549
1025 526
1025 466
526 1227
1227 1852
1852 1382
1852 37
1382 1258
1382 557
1258 553
1258 1823
553 1254
553 619
1254 326
326 41
326 176
41 1829
1829 1433
1433 1253
1433 570
1253 343
1253 50
343 1418
1418 643
643 122
643 917
122 1656
1656 1518
1518 460
460 139
460 984
139 511
139 200
511 1376
1376 1390
1390 307
307 728
307 731
728 1262
728 706
1262 822
822 279
822 433
279 74
74 630
630 1291
630 183
1291 1386
1291 214
1386 1432
1432 345
345 1387
1387 1602
1387 474
1602 350
350 1591
1591 960
960 1537
960 720
1537 171
1537 1724
171 1675
171 788
1675 1787
1787 1304
1787 881
1304 1590
1590 1147
1147 1631
1631 533
533 1105
1105 1010
1010 48
1010 1284
48 1606
48 827
1606 335
1606 1035
335 934
335 1449
934 1500
1500 461
461 1324
1324 191
1324 1130
191 862
191 538
862 690
690 791
791 1013
791 480
1013 1303
1303 1315
1315 829
829 628
628 13
628 201
13 1493
1493 877
877 1660
1660 1091
1091 980
1091 136
980 497
980 228
497 1627
1627 767
767 1492
767 785
1492 629
629 1630
1630 1503
1630 161
1503 211
1503 223
211 723
211 467
723 1443
1443 1460
1443 1132
1460 1348
1460 613
1348 762
1348 1410
762 1051
762 44
1051 1053
1053 840
1053 1413
840 1285
1285 1798
1285 1499
1798 170
170 1384
170 679
1384 400
400 687
400 1114
687 1200
1200 336
336 655
336 494
655 1805
1805 1802
1805 303
1802 536
536 1157
536 1561
1157 1048
1048 496
496 1118
496 654
1118 363
1118 810
363 1453
363 291
1453 653
1453 1274
653 36
653 1038
36 1161
36 1573
1161 1094
1161 1078
1094 1821
1821 616
1821 682
616 386
616 1647
386 284
284 974
974 636
974 783
636 1228
636 19
1228 215
1228 688
215 1427
215 841
1427 1607
1607 1036
1036 370
370 691
691 976
976 476
976 39
476 1372
476 540
1372 521
521 278
278 1177
1177 979
979 94
94 292
94 1131
292 891
292 575
891 287
891 298
287 855
855 1808
1808 1554
1554 614
614 807
614 595
807 1853
807 1629
1853 22
1853 1375
22 1850
22 813
1850 1516
1850 321
1516 1260
1516 1678
1260 1341
1260 242
1341 1182
1341 383
1182 1766
1182 1350
1766 919
919 1270
919 1737
1270 904
904 145
904 56
145 265
145 556
265 1257
1257 631
1257 1323
631 531
631 699
531 674
674 1326
674 435
1326 1820
1326 1842
1820 1784
1784 650
1784 1739
650 175
175 513
175 777
513 550
513 1190
550 406
406 1397
1397 1710
1710 1703
1703 30
30 1255
30 1529
1255 1364
1255 874
1364 1430
1430 6
1430 608
6 1743
1743 856
856 1849
1849 1648
1849 492
1648 55
1648 424
55 1681
1681 673
673 620
673 843
620 1358
620 705
1358 969
1358 1024
969 1702
1702 34
34 1034
1034 1268
1034 123
1268 1168
1268 320
1168 859
1168 607
859 1809
1809 421
421 1272
1272 160
160 210
160 618
210 962
962 443
443 1101
1101 1215
1101 964
1215 504
1215 1245
504 1197
504 524
1197 1831
1197 1039
1831 624
624 1263
1263 450
1263 1380
450 1026
1026 427
1026 1720
427 1058
1058 1827
1058 1595
1827 876
1827 1067
876 1337
876 1084
1337 132
132 266
266 1243
1243 1839
1243 79
1839 938
938 857
857 1610
857 1416
1610 895
895 254
254 248
248 1502
1502 382
382 199
199 290
290 644
644 1575
1575 165
1575 580
165 1056
1056 1113
1056 528
1113 1714
1714 93
1714 138
93 1222
93 297
1222 1454
1454 1307
1454 560
1307 680
1307 1159
680 1755
680 1617
1755 1587
1755 289
1587 1020
1587 1370
1020 478
1020 894
478 1664
478 1599
1664 146
1664 369
146 1470
1470 1625
1470 1466
1625 647
647 244
647 1297
244 437
437 470
470 606
606 824
824 945
824 1325
945 818
818 483
483 296
296 1338
1338 1033
1338 181
1033 1550
1033 1653
1550 163
163 1668
1668 236
1668 1
236 902
236 796
902 798
798 539
539 235
235 593
235 349
593 923
923 104
923 1717
104 1313
104 204
1313 1487
1487 1369
1487 1727
1369 1709
1369 718
1709 259
1709 357
259 1218
259 384
1218 148
148 1489
1489 784
784 696
784 232
696 998
696 1676
998 1673
998 883
1673 302
1673 1560
302 1476
1476 1236
1476 102
1236 1001
1001 1225
1001 744
1225 1143
1143 1698
1143 1790
1698 916
916 479
916 1003
479 1110
1110 268
268 325
325 582
325 1532
582 1283
582 685
1283 1396
1283 1318
1396 1275
1396 765
1275 695
1275 1559
695 1735
695 1005
1735 848
1735 185
848 225
848 1150
225 96
225 1615
96 418
96 1846
418 38
38 1471
1471 1060
1471 1812
1060 1658
1658 414
1658 1440
414 389
389 1674
389 1403
1674 65
1674 180
65 338
65 1635
338 1655
1655 455
455 872
872 1715
872 1049
1715 715
715 941
715 1092
941 1208
941 1688
1208 311
1208 993
311 664
311 1517
664 177
177 243
243 1195
243 195
1195 471
471 1238
1238 1652
1652 304
304 997
997 1753
997 725
1753 651
1753 156
651 1765
651 189
1765 1298
1765 1498
1298 890
890 1730
890 111
1730 52
1730 367
52 446
446 1667
1667 1824
1824 1723
1824 766
1723 275
275 1069
275 377
1069 1683
1069 1577
1683 1188
1188 920
920 1472
920 991
1472 358
358 458
358 413
458 1637
458 925
1637 776
776 91
776 174
91 20
91 1129
20 172
20 668
172 12
12 229
12 1555
229 1475
1475 1726
1726 912
912 1786
912 218
1786 1405
1786 1125
1405 239
239 1822
1822 738
1822 657
738 599
599 1404
1404 158
158 120
120 1567
120 734
1567 1473
1567 1393
1473 1004
1004 1352
1352 666
1352 1661
666 1465
666 1722
1465 16
16 103
16 1286
103 269
269 1247
269 276
1247 742
742 253
253 1332
1332 1447
1332 33
1447 1345
1345 825
825 958
958 999
958 1728
999 1833
1833 1050
1833 1848
1050 1769
1769 1478
1769 1374
1478 26
1478 61
26 89
89 193
193 1163
1163 312
1163 1580
312 1457
1457 178
1457 775
178 1729
178 601
1729 571
571 73
571 1408
73 1368
73 963
1368 1585
1368 1037
1585 219
219 1044
1044 341
341 1491
341 727
1491 482
1491 1544
482 1572
1572 1704
1704 1388
1704 689
1388 712
1388 1600
712 1261
1261 1116
1116 1428
1116 1203
1428 409
409 57
57 1525
57 1622
1525 988
988 352
352 361
352 954
361 486
361 430
486 1721
1721 1742
1721 1357
1742 763
763 8
763 2
8 615
615 1636
615 516
1636 1412
1636 1383
1412 473
473 1365
473 568
1365 1226
1226 1448
1226 14
1448 144
1448 517
144 127
144 1115
127 1006
127 996
1006 397
1006 1535
397 154
154 714
154 1441
714 344
344 64
64 1806
64 1708
1806 632
1806 71
632 1229
1229 586
1229 374
586 1770
586 402
1770 1233
1233 1662
1662 1528
1662 372
1528 168
168 865
865 66
66 373
373 1117
1117 926
926 545
926 469
545 830
545 506
830 1175
830 1080
1175 81
81 1089
1089 328
1089 671
328 1813
328 1508
1813 366
366 1437
366 778
1437 17
1437 747
17 1763
1763 756
1763 893
756 1795
1795 750
1795 1830
750 709
750 1713
709 119
709 1767
119 982
119 459
982 192
982 264
192 1119
192 737
1119 1632
1632 1566
1566 1574
1574 149
1574 1081
149 789
149 736
789 18
789 54
18 1043
18 1490
1043 387
387 1354
1354 955
955 726
955 221
726 1844
1844 811
811 1834
811 1170
1834 1398
1398 603
1398 1210
603 1346
1346 198
198 1361
198 280
1361 1214
1361 1057
1214 1088
1214 143
1088 1142
1088 1302
1142 828
828 125
125 640
640 1002
640 393
1002 227
1002 1776
227 173
173 208
173 1173
208 944
208 1292
944 1712
944 956
1712 1422
1422 60
1422 1102
60 1477
1477 722
1477 1533
722 1065
722 3
1065 167
1065 1815
167 781
781 417
781 489
417 1095
1095 1109
1095 854
1109 966
966 1424
1424 522
522 1608
1608 1534
1608 1219
1534 801
801 660
801 870
660 1666
1666 310
310 1311
310 151
1311 282
282 708
708 1041
1041 1836
1041 605
1836 1339
1836 379
1339 267
267 852
267 929
852 574
852 924
574 939
939 153
939 1771
153 638
638 1329
1329 815
1329 1486
815 1314
1314 1220
1220 1015
1015 1166
1015 97
1166 1000
1166 739
1000 899
1000 1707
899 1385
899 589
1385 918
1385 432
918 858
858 209
209 752
209 115
752 937
752 1523
937 99
99 1687
99 1391
1687 1165
1687 29
1165 468
468 90
90 258
90 846
258 635
635 126
126 1140
1140 940
1140 552
940 152
152 1531
152 477
1531 711
711 1745
711 803
1745 205
205 758
758 83
83 1355
83 1639
1355 1134
1134 656
656 817
656 442
817 590
590 142
590 515
142 263
263 1242
263 546
1242 932
932 1701
932 1838
1701 1216
1701 952
1216 186
186 1269
1269 1100
1269 950
1100 1141
1100 973
1141 394
1141 1481
394 989
394 1549
989 698
989 1611
698 566
566 431
431 1621
431 1680
1621 1016
1621 1290
1016 1788
1788 1120
1120 447
1120 1411
447 1781
1781 1638
1638 491
1638 746
491 1207
491 1280
1207 845
1207 429
845 1423
845 623
1423 118
1423 216
118 202
202 527
527 1046
1046 220
220 1467
220 463
1467 880
1467 1108
880 1628
880 1172
1628 509
509 1106
509 1306
1106 194
1106 1241
194 1682
194 1746
1682 542
542 853
542 1654
853 85
853 686
85 213
213 362
362 1212
362 692
1212 1791
1212 558
1791 283
283 1276
1276 428
1276 1689
428 308
308 732
308 961
732 780
780 1029
1029 1252
1252 1536
1252 1835
1536 346
1536 1506
346 1192
346 1139
1192 25
1192 1571
25 1373
1373 1783
1373 642
1783 1153
1783 217
1153 572
572 1103
572 1148
1103 1484
1103 1266
1484 884
1484 1752
884 1733
884 109
1733 1154
1154 1336
1154 764
1336 481
1336 62
481 121
121 439
121 1438
439 1514
1514 313
1514 935
313 24
313 45
24 1018
1018 82
82 116
116 694
694 1183
694 681
1183 844
1183 155
844 407
844 190
407 51
51 786
51 95
786 1760
1760 35
1760 315
35 1414
1414 1718
1718 86
86 677
677 1160
1160 1008
1160 1071
1008 92
92 475
475 837
837 1479
837 772
1479 1201
1479 187
1201 849
849 1463
849 441
1463 905
905 703
905 914
703 649
649 63
63 707
707 836
836 591
591 951
951 1328
1328 1096
1328 1773
1096 1435
1435 169
1435 1360
169 1334
1334 1693
1334 339
1693 1180
1180 1340
1180 745
1340 1299
1299 641
1299 724
641 622
641 507
622 1616
622 1196
1616 889
1616 1171
889 98
98 28
28 1736
1736 1073
1073 1779
1073 375
1779 967
1779 627
967 1187
967 1079
1187 532
1187 1511
532 484
484 928
928 947
947 569
947 1663
569 972
972 245
972 1259
245 1761
1761 1007
1761 502
1007 1378
1378 1347
1378 564
1347 1777
1347 1009
1777 5
5 1308
5 1542
1308 403
403 1697
1697 449
1697 1395
449 1289
1289 1392
1289 1239
1392 1645
1645 166
166 985
985 1174
1174 1744
1174 1244
1744 559
1744 351
559 611
559 1402
611 1251
1251 493
493 1711
1711 1322
1322 1650
1650 588
1650 1669
588 1543
588 47
1543 448
448 498
448 1122
498 368
498 1205
368 730
368 1469
730 206
730 1716
206 701
206 1576
701 860
701 537
860 1579
1579 1458
1458 137
1458 1377
137 270
137 457
270 1138
1138 953
953 1725
1725 360
1725 1204
360 1593
360 1750
1593 182
1593 903
