2 1878 23
2 1
952 1233
952 268
1233 1619
1619 1072
1072 382
1072 1785
382 898
382 1106
898 1742
1742 168
168 195
195 957
957 1186
957 1292
1186 596
1186 1424
596 1598
596 1584
1598 745
1598 1783
745 677
745 1546
677 990
677 1517
990 1608
1608 1691
1691 1379
1691 1195
1379 211
1379 1000
211 936
211 736
936 1104
936 857
1104 795
1104 19
795 982
795 111
982 578
982 121
578 1414
1414 956
956 1249
956 1291
1249 455
455 822
455 1259
822 1062
822 1444
1062 439
439 1754
1754 782
782 1201
1201 931
1201 570
931 1286
1286 975
1286 1686
975 201
975 835
201 1615
1615 1100
1615 864
1100 459
1100 307
459 599
599 645
645 1473
645 696
1473 1849
1473 1819
1849 352
352 1005
352 516
1005 1433
1433 1593
1593 1513
1513 1284
1513 707
1284 1551
1551 1538
1538 1609
1609 574
574 647
574 193
647 1273
1273 1458
1273 1020
1458 702
1458 346
702 811
702 223
811 1464
811 408
1464 1147
1147 1807
1147 50
1807 1007
1807 1389
1007 1278
1278 744
744 362
362 1006
1006 501
1006 592
501 1183
501 1456
1183 442
1183 1380
442 653
442 301
653 26
26 214
26 507
214 1356
1356 1623
1356 254
1623 1871
1623 1512
1871 1326
1871 916
1326 818
1326 1712
818 1261
1261 289
289 1815
1815 691
1815 804
691 575
691 1393
575 151
575 693
151 126
126 1775
1775 1503
1503 1866
1503 1015
1866 1561
1561 76
1561 1384
76 1665
76 773
1665 1386
1665 899
1386 1509
1509 1187
1187 102
1187 229
102 880
880 1601
1601 503
503 138
503 1862
138 325
138 1494
325 1268
325 20
1268 974
1268 285
974 1766
1766 1440
1440 785
1440 1468
785 1777
785 1312
1777 955
1777 624
955 1856
1856 760
1856 1293
760 140
140 1130
1130 1853
1853 265
265 713
713 980
980 99
99 888
99 123
888 5
888 1753
5 1556
5 1515
1556 319
1556 1778
319 1108
1108 1817
1817 1409
1817 742
1409 1407
1407 1842
1842 594
1842 1082
594 1768
594 1530
1768 1639
1639 659
659 1863
659 1701
1863 849
1863 1606
849 1065
849 1681
1065 177
1065 891
177 256
177 834
256 1760
256 1791
1760 1522
1760 433
1522 53
53 1340
1340 1001
1001 809
809 808
808 1008
1008 883
1008 1220
883 1399
883 1051
1399 1161
1399 283
1161 1061
1061 1677
1061 986
1677 1459
1677 783
1459 932
1459 384
932 1031
1031 1536
1536 606
1536 1350
606 413
413 317
413 910
317 1874
1874 80
1874 1088
80 1795
80 1016
1795 1721
1795 1470
1721 1032
1032 1729
1032 721
1729 235
235 70
70 215
215 1471
215 490
1471 1228
1228 1081
1081 652
1081 915
652 850
652 179
850 363
850 36
363 1122
363 614
1122 841
841 415
841 1021
415 1027
415 1878
1027 1831
1831 1818
1831 1281
1818 1646
1818 327
1646 895
1646 252
895 1505
1505 765
765 1243
1243 1267
1267 927
927 1806
927 1411
1806 278
278 796
796 1426
796 1811
1426 1518
1518 398
1518 401
398 456
456 1044
456 767
1044 613
1044 34
613 1588
613 581
1588 194
1588 1769
194 79
194 426
79 430
430 1460
1460 1447
1447 16
16 1801
1801 917
917 340
917 475
340 1669
340 1168
1669 1632
1669 1118
1632 1227
1632 1462
1227 521
1227 1212
521 23
23 125
23 1629
125 264
264 1784
264 1625
1784 714
1784 494
714 105
714 247
105 12
12 678
678 553
553 57
57 1288
57 163
1288 1372
1288 1156
1372 1138
1372 1762
1138 1805
1138 1755
1805 492
492 169
492 1105
169 1333
169 1135
1333 879
879 622
622 1146
622 17
1146 706
1146 878
706 196
706 1410
196 776
776 1493
1493 473
1493 1033
473 453
453 98
453 573
98 1164
98 510
1164 842
842 826
826 1696
826 472
1696 1173
1173 625
1173 887
625 1048
1048 1250
1048 958
1250 1864
1250 292
1864 1419
1419 1269
1269 851
851 1855
851 552
1855 336
336 1241
336 1636
1241 1554
1241 611
1554 1153
1153 132
1153 926
132 1585
1585 1358
1358 149
1358 1655
149 209
149 188
209 101
209 1283
101 284
101 820
284 981
284 1060
981 3
981 1672
3 1852
1852 1102
1102 157
157 1644
157 118
1644 1049
1049 985
1049 1680
985 692
985 1478
692 1040
1040 248
248 789
789 843
789 690
843 923
843 380
923 52
923 1115
52 84
52 1238
84 1124
84 643
1124 676
676 1359
1359 370
370 1132
370 127
1132 1796
1132 1710
1796 66
66 1172
1172 914
914 1521
914 1656
1521 1658
1521 1733
1658 365
365 968
968 1377
1377 1844
1377 304
1844 701
701 237
701 1621
237 973
237 496
973 310
973 1216
310 72
310 1537
72 477
72 1275
477 949
949 393
949 134
393 1567
393 617
1567 924
924 1514
1514 487
487 1555
487 1541
1555 792
792 1262
1262 593
593 69
69 680
69 1612
680 321
321 25
321 972
25 468
25 263
468 1708
468 868
1708 1611
1708 1549
1611 901
901 627
627 568
568 63
568 1583
63 739
63 1664
739 335
739 979
335 1412
335 882
1412 1848
1848 311
1848 1451
311 1174
1174 1676
1676 486
486 1779
486 845
1779 1311
1311 1689
1689 1285
1285 1564
1564 565
565 1351
565 571
1351 1808
1351 1349
1808 78
1808 1420
78 1634
78 869
1634 733
1634 802
733 1637
733 1214
1637 1501
1637 920
1501 784
1501 1715
784 295
784 558
295 1137
1137 1569
1137 1837
1569 884
1569 1047
884 1750
884 1248
1750 369
1750 200
369 700
700 940
940 383
383 1003
1003 1675
1675 1180
1675 239
1180 1520
1520 377
1520 225
377 1400
1400 1244
1400 556
1244 1830
1244 1342
1830 1272
1272 260
260 874
260 1215
874 846
874 1004
846 925
925 1002
1002 1304
1304 448
448 1011
1011 893
893 339
339 683
683 1413
1413 960
960 1595
960 1730
1595 1616
1595 1254
1616 1110
1110 1125
1110 271
1125 1207
1207 386
1207 390
386 603
603 1645
1645 549
1645 1836
549 1418
1418 1713
1418 872
1713 769
769 1872
1872 717
717 656
717 7
656 1237
656 1107
1237 1218
1237 1335
1218 329
329 1613
1613 535
535 1116
535 1718
1116 1547
1547 1025
1025 483
483 1571
1571 87
1571 866
87 457
87 1039
457 555
457 1160
555 821
821 1236
1236 467
467 1875
467 1009
1875 1295
1875 170
1295 1370
1295 1651
1370 1019
1019 1026
1026 779
779 274
274 1496
274 67
1496 827
1496 1841
827 514
514 1309
514 1265
1309 1029
1309 81
1029 562
1029 1199
562 54
54 1524
1524 1367
1524 392
1367 1736
1367 73
1736 1149
1149 300
300 1702
1702 1799
1799 561
1799 761
561 637
561 29
637 615
637 1725
615 1074
1074 298
1074 522
298 513
298 803
513 86
513 844
86 1810
86 965
1810 1071
1810 1133
1071 1222
1222 873
873 1167
873 189
1167 1067
1067 604
604 1053
1053 147
1053 1705
147 323
323 674
674 1022
1022 794
1022 216
794 502
502 96
96 1667
96 154
1667 799
799 259
259 906
259 119
906 1533
906 1328
1533 1242
1242 1166
1242 24
1166 1528
1166 1383
1528 4
1528 1586
4 911
4 875
911 1431
911 634
1431 1192
1431 1499
1192 935
935 771
771 1405
771 814
1405 1780
1780 1325
1780 74
1325 1362
1362 429
1362 1674
429 471
429 621
471 1202
471 670
1202 349
1202 1331
349 1794
1794 424
1794 840
424 445
445 1059
445 1084
1059 1797
1797 1038
1797 870
1038 234
1038 685
234 582
234 1535
582 1560
582 1345
1560 47
47 694
694 703
694 389
703 184
184 929
929 1544
929 106
1544 1748
1748 632
632 1013
1013 469
469 1434
1434 828
1434 481
828 112
828 1479
112 452
112 686
452 1439
452 1704
1439 1148
1148 313
313 1421
1421 1833
1833 40
40 619
40 92
619 95
619 1323
95 1327
95 908
1327 1798
1798 1430
1430 1737
1430 219
1737 1507
1507 272
1507 8
272 1371
272 997
1371 1600
1600 605
605 626
626 1028
626 1497
1028 731
731 1703
731 541
1703 245
245 1500
1500 1487
1487 977
977 867
867 719
867 797
719 655
719 1835
655 33
33 597
33 1150
597 1599
1599 135
135 1851
135 139
1851 764
1851 77
764 1271
1271 528
528 1169
1169 410
1169 587
410 213
410 324
213 1540
213 825
1540 376
1540 1727
376 1662
1662 1720
1720 22
1720 817
22 15
15 460
15 1315
460 1576
1576 1101
1101 832
1101 361
832 585
585 253
253 51
253 1788
51 1109
51 394
1109 1816
1109 1403
1816 1870
1870 181
1870 945
181 1035
1035 347
1035 1602
347 446
347 737
446 928
446 583
928 1448
928 405
1448 41
41 524
524 934
934 1557
1557 536
536 164
164 1416
164 740
1416 1392
1416 1095
1392 1876
1876 546
1876 205
546 1425
546 508
1425 1355
1425 859
1355 543
1355 1069
543 1790
543 1435
1790 922
922 11
11 207
207 988
988 1693
988 1531
1693 1714
1693 995
1714 1176
1714 251
1176 1210
1210 881
881 588
881 1339
588 399
399 155
399 964
155 231
155 1859
231 419
231 282
419 417
419 1165
417 355
355 1690
1690 1090
1090 482
482 32
32 1660
32 905
1660 427
427 1079
427 1188
1079 49
49 243
49 1190
243 1834
243 210
1834 371
371 1868
371 1042
1868 987
987 505
987 1257
505 267
267 608
267 1120
608 1741
608 1580
1741 557
1741 533
557 56
557 1506
56 1179
56 1700
1179 60
1179 963
60 790
60 1076
790 35
35 749
749 1809
749 847
1809 1764
1809 1129
1764 1112
1764 14
1112 281
281 665
281 391
665 1454
665 1633
1454 1445
1445 1428
1428 1758
1758 165
1758 206
165 531
531 143
531 698
143 1387
1387 900
1387 388
900 942
900 485
942 1812
942 303
1812 447
447 766
447 142
766 750
750 153
750 1235
153 890
890 337
337 1746
337 246
1746 1749
1749 1722
1722 124
124 305
124 1184
305 609
305 1706
609 530
530 9
530 679
9 1450
9 798
1450 431
1450 913
431 1542
1542 175
1542 1089
175 286
175 1113
286 479
286 434
479 1465
1465 877
1465 183
877 572
877 657
572 166
572 1034
166 994
994 1221
1221 145
145 526
526 1570
526 545
1570 258
1570 1534
258 1763
258 328
1763 257
257 1563
1563 21
1563 1489
21 1552
21 378
1552 579
579 793
579 554
793 635
793 1614
635 68
68 1080
1080 294
1080 2
294 518
518 351
518 202
351 1321
1321 262
1321 314
262 302
302 1162
302 204
1162 722
1162 519
722 548
548 752
752 730
730 1647
730 1579
1647 1064
1647 1804
1064 1695
1064 1203
1695 1223
1695 1800
1223 1731
1223 712
1731 1684
1731 961
1684 1347
1347 1683
1347 1617
1683 1467
1467 144
144 1603
1603 1565
1603 113
1565 160
160 1313
160 1539
1313 1688
1313 1041
1688 591
591 1432
591 192
1432 1792
1792 1229
1792 43
1229 416
416 152
416 1401
152 1850
1850 1246
1850 1114
1246 1610
1246 1158
1610 1154
1154 224
1154 297
224 539
224 440
539 385
539 115
385 577
577 199
577 1282
199 342
199 770
342 1782
342 1057
1782 1422
1422 1083
1422 651
1083 1654
1654 1480
1480 812
812 255
255 762
255 450
762 1438
762 1752
1438 819
1438 509
819 411
819 1378
411 941
411 684
941 330
941 217
330 1832
1832 930
1832 1121
930 729
729 517
729 1157
517 404
404 871
871 1117
871 1213
1117 759
1117 484
759 586
586 159
159 576
159 1346
576 474
474 1155
474 387
1155 512
512 993
512 1094
993 748
993 1070
748 1550
1550 1802
1802 751
751 1719
751 435
1719 662
1719 966
662 293
662 743
293 1289
293 1770
1289 197
1289 173
197 959
197 1495
959 996
959 506
996 511
996 1365
511 1566
1566 695
695 1620
695 1532
1620 1463
1620 1279
1463 85
85 1017
85 1582
1017 710
1017 992
710 62
710 1314
62 1828
1828 28
28 629
28 786
629 94
94 839
839 136
136 218
218 1308
218 421
1308 31
1308 161
31 633
31 646
633 1234
633 534
1234 1030
1234 122
1030 89
1030 465
89 395
89 687
395 309
309 1087
309 438
1087 1869
1869 1307
1307 1299
1307 1626
1299 1189
1299 412
1189 171
171 1597
171 1319
1597 226
1597 1260
226 1529
226 648
1529 464
1529 800
464 948
464 1182
948 480
948 664
480 1553
480 1449
1553 409
1553 1699
409 723
723 1670
1670 1504
1504 290
290 1266
1266 628
628 1364
1364 823
823 1050
1050 1136
1136 639
639 186
639 1099
186 1408
1408 338
1408 1177
338 75
338 1066
75 566
566 1756
1756 1814
1756 1398
1814 1385
1814 93
1385 1575
1575 1572
1572 1474
1572 1226
1474 962
1474 1631
962 1657
962 1429
1657 458
458 1469
458 1264
1469 109
1469 747
109 540
109 203
540 266
540 1111
266 1441
266 1276
1441 671
1441 1846
671 1668
671 661
1668 601
601 1867
1867 1502
1867 1436
1502 315
315 1452
1452 1781
1781 261
1781 1303
261 1316
1316 470
1316 137
470 276
470 1140
276 1635
276 1787
1635 1543
1543 953
953 1483
953 1591
1483 1280
1483 1170
1280 326
1280 1232
326 55
326 1739
55 523
55 525
523 1181
1181 667
1181 1457
667 461
667 1774
461 1252
461 937
1252 279
279 563
563 240
563 1824
240 1230
1230 590
1230 758
590 493
590 1578
493 1253
1253 559
559 1085
559 414
1085 1822
1822 595
1822 504
595 741
741 318
318 855
855 1545
1545 1163
1163 381
1163 1014
381 560
560 1461
1461 1270
1270 1590
1270 1594
1590 1091
1091 1194
1194 221
221 675
675 1305
675 1761
1305 824
824 454
454 1258
454 1865
1258 64
64 1829
1829 1012
1829 1717
1012 1734
1734 547
547 1063
1063 498
1063 397
498 1767
1767 1141
1767 520
1141 602
602 856
856 1860
856 443
1860 1423
1423 852
1423 345
852 777
777 640
640 1589
1589 584
584 600
600 176
600 1144
176 1361
1361 728
728 1861
728 780
1861 705
1861 13
705 620
705 133
620 1877
620 406
1877 280
1877 1417
280 1251
1251 1320
1251 1191
1320 1821
1821 1086
1821 320
1086 1678
1086 1306
1678 1159
1678 944
1159 353
353 58
58 103
58 618
103 476
103 348
476 1224
1224 529
1224 1382
529 768
529 236
768 1455
768 1707
1455 270
1455 1716
270 312
312 156
312 1694
156 420
420 919
420 1525
919 1666
919 146
1666 1055
1055 1442
1055 1369
1442 1341
1341 108
108 668
108 364
668 39
668 1373
39 939
939 1197
939 894
1197 1526
1197 1823
1526 241
241 669
241 1395
669 950
950 1103
950 1219
1103 1604
1103 1394
1604 1075
1075 1709
1709 1873
1709 1825
1873 291
1873 366
291 367
291 141
367 838
838 10
838 423
10 1391
1391 580
1391 299
580 1472
1472 129
129 1193
1193 551
1193 1605
551 654
654 1366
1366 983
1366 544
983 172
983 90
172 538
172 238
538 1523
538 322
1523 37
37 682
682 1348
682 1475
1348 1562
1562 1648
1562 1023
1648 716
1648 1642
716 918
918 1498
918 1287
1498 708
1498 787
708 1217
708 107
1217 1402
1217 1294
1402 660
1402 951
660 407
407 697
697 1592
1592 1491
1491 889
1491 938
889 532
532 65
65 788
788 638
638 59
638 148
59 227
59 1697
227 1245
1245 862
1245 969
862 1336
1336 422
422 946
422 373
946 1587
946 711
1587 1225
1587 287
1225 1486
1486 1839
1839 1240
1839 1485
1240 182
1240 1171
182 1231
1231 244
244 1068
244 1640
1068 131
131 757
757 998
757 1492
998 746
998 1045
746 117
117 1559
117 1820
1559 1574
1559 1427
1574 1185
1185 1776
1185 999
1776 1772
1772 1765
1772 892
1765 1490
1765 232
1490 1263
1263 663
663 116
116 589
589 1175
589 91
1175 1301
1301 1397
1397 104
1397 897
104 150
104 488
150 805
150 38
805 1368
1368 724
724 642
642 1374
1374 1685
1685 1827
1827 1415
1827 816
1415 350
350 753
753 1139
1139 1568
1139 1247
1568 1838
1838 1376
1376 673
1376 791
673 567
673 341
567 720
567 833
720 1297
1297 1178
1297 1097
1178 1740
1740 212
1740 735
212 902
902 630
902 185
630 1300
630 1789
1300 1482
1300 1650
1482 550
550 1653
550 308
1653 403
1653 689
403 1
1 1476
1 249
1476 1406
1406 1443
1406 921
1443 180
180 1208
1208 83
83 649
83 863
649 1354
1354 976
976 861
976 1255
861 1353
861 1324
1353 82
1353 688
82 1098
1098 120
120 1738
120 1204
1738 1073
1738 830
1073 860
1073 699
860 1205
1205 497
1205 250
497 854
854 1726
854 1840
1726 1143
1726 1330
1143 178
1143 1652
178 1477
178 1510
1477 275
1477 912
275 463
463 1198
463 1735
1198 537
1198 1511
537 61
61 1337
1337 763
763 1404
763 1096
1404 755
755 610
755 88
610 1131
610 1732
1131 569
569 631
631 1793
631 360
1793 128
128 1196
128 967
1196 44
1196 162
44 978
44 1630
978 1643
978 1858
1643 1128
1128 738
1128 1274
738 781
781 1024
1024 462
462 1641
1641 1854
1854 1671
1671 1338
1671 1519
1338 1077
1077 208
208 666
666 1037
666 1396
1037 1638
1037 402
1638 491
1638 288
491 396
491 1078
396 775
396 1446
775 1206
775 815
1206 636
636 1724
636 1142
1724 1558
1558 372
372 1092
372 1786
1092 1357
1092 273
1357 734
1357 316
734 641
734 71
641 1343
1343 904
904 1607
904 1516
1607 1628
1628 374
1628 732
374 886
886 1209
1209 1332
1332 1843
1332 1318
1843 228
228 807
228 1481
807 1277
1277 222
222 1744
1744 466
1744 296
466 718
718 515
515 1466
515 334
1466 970
1466 527
970 726
970 1334
726 1659
726 1751
1659 772
772 358
358 198
358 478
198 1322
198 1826
1322 1488
1488 432
432 495
432 564
495 658
495 903
658 500
500 774
500 436
774 375
774 1290
375 242
242 1745
242 1596
1745 97
1745 1046
97 858
97 100
858 778
778 989
989 343
989 715
343 1682
343 1698
1682 46
46 829
46 1239
829 727
829 1747
727 1375
727 853
1375 1010
1375 425
1010 379
379 1329
1329 30
1329 1649
30 612
30 1058
612 1151
612 1679
1151 725
725 754
754 709
709 933
709 1723
933 1093
1093 1123
1123 368
368 277
368 1344
277 418
277 1134
418 1036
1036 1302
1036 1119
1302 1627
1302 1673
1627 836
836 607
836 437
607 1310
1310 1360
1360 1577
1360 110
1577 306
306 1317
1317 813
813 344
344 542
542 1052
542 354
1052 1018
1052 1508
1018 876
876 359
876 1484
359 400
359 356
400 230
400 954
230 1773
230 269
1773 1437
1437 1352
1437 451
1352 449
449 1757
1757 190
190 48
48 1692
48 1388
1692 1661
1692 650
1661 444
1661 1687
444 984
984 644
984 1145
644 174
174 441
174 114
441 42
42 1127
42 672
1127 810
1127 1771
810 1363
1363 1381
1381 489
1381 1548
489 1200
489 1296
1200 6
6 907
6 130
907 1847
1847 27
1847 1152
27 1527
1527 756
756 158
158 623
158 1622
623 943
943 331
943 848
331 801
331 191
801 1390
1390 704
704 332
704 885
332 1126
1126 1581
1126 865
1581 1728
1581 1857
1728 1663
1728 1743
1663 831
1663 1054
831 896
896 220
220 971
220 357
971 837
837 1211
837 1813
1211 1624
1211 233
1624 167
167 333
167 18
333 909
333 947
909 991
909 187
991 1845
1845 1453
1845 1298
1453 1618
1453 806
1618 1043
1618 428
1043 1711
1043 681
1711 1256
1711 1056
1256 1573
1256 598
1573 45
1573 499
45 1803
1803 1759
1803 616
