3 1023 101483882
2 1
2 3
764 282
764 315
282 975
282 788
315 170
315 286
975 270
975 482
788 817
788 704
170 750
170 720
286 83
286 624
270 562
270 25
482 642
482 366
817 862
817 781
704 505
704 425
750 2
750 891
720 776
720 89
83 996
83 9
624 836
624 722
562 372
562 694
25 1018
25 157
642 830
642 264
366 443
366 798
862 573
862 469
781 271
781 908
505 485
505 858
425 43
425 662
2 234
2 484
891 609
891 1013
776 608
776 821
89 816
89 637
996 901
996 989
9 968
9 1007
836 617
836 188
722 977
722 73
372 674
372 30
694 978
694 845
1018 557
1018 375
157 582
157 432
830 489
830 155
264 810
264 541
443 335
443 820
798 374
798 880
573 568
573 760
469 48
469 187
271 313
271 636
908 681
908 536
485 838
485 1023
858 570
858 222
43 603
43 287
662 869
662 718
234 23
234 795
484 584
484 837
609 895
609 368
1013 594
1013 343
608 967
608 403
821 542
821 92
816 918
816 308
637 497
637 60
901 956
901 997
989 163
989 744
968 441
968 137
1007 464
1007 82
617 988
617 605
188 440
188 515
977 819
977 923
73 158
73 889
674 7
674 459
30 161
30 318
978 4
978 322
845 607
845 850
557 833
557 653
375 707
375 971
582 230
582 792
432 742
432 256
489 309
489 364
155 999
155 165
810 152
810 311
541 424
541 567
335 940
335 888
820 385
820 400
374 472
374 63
880 69
880 868
568 740
568 553
760 920
760 885
48 460
48 634
187 446
187 697
313 657
313 148
636 87
636 259
681 262
681 682
536 784
536 902
838 596
838 723
1023 402
1023 369
570 575
570 24
222 572
222 856
603 28
603 112
287 1009
287 693
869 834
869 5
718 101
718 299
23 602
23 284
795 735
795 803
584 373
584 646
837 177
837 1004
895 962
895 129
368 797
368 344
594 809
594 362
343 247
343 74
967 669
967 745
403 193
403 298
542 786
542 884
92 721
92 410
918 354
918 734
308 419
308 881
497 278
497 483
60 514
60 731
956 215
956 523
997 535
997 417
163 951
163 732
744 506
744 257
441 53
441 841
137 347
137 105
464 383
464 265
82 981
82 739
988 71
988 176
605 321
605 261
440 831
440 627
515 131
515 418
819 680
819 717
923 358
923 569
158 665
158 824
889 437
889 421
7 216
7 925
459 524
459 592
161 325
161 915
318 78
318 844
4 806
4 57
322 672
322 205
607 641
607 197
850 411
850 153
833 813
833 320
653 107
653 980
707 227
707 212
971 714
971 701
230 649
230 324
792 279
792 538
742 563
742 825
256 480
256 190
309 98
309 729
364 667
364 408
999 179
999 267
165 93
165 711
152 897
152 217
311 945
311 39
424 741
424 766
567 174
567 556
940 712
940 785
888 379
888 659
385 638
385 145
400 561
400 896
472 547
472 468
63 338
63 346
69 72
69 917
868 36
868 656
740 616
740 954
553 201
553 431
920 903
920 953
885 8
885 88
460 251
460 893
634 1002
634 715
446 591
446 130
697 422
697 123
657 1022
657 670
148 540
148 13
87 211
87 966
259 450
259 457
262 748
262 970
682 993
682 491
784 149
784 451
902 598
902 85
596 746
596 938
723 780
723 100
402 391
402 285
369 618
369 737
575 548
575 779
24 516
24 144
572 12
572 755
856 753
856 1008
28 471
28 492
112 700
112 944
1009 913
1009 14
693 401
693 597
834 407
834 860
5 303
5 404
101 787
101 136
299 578
299 249
602 127
602 777
284 398
284 394
735 213
735 979
803 577
803 998
373 183
373 353
646 589
646 807
177 171
177 942
1004 823
1004 565
962 108
962 632
129 790
129 620
797 814
797 336
344 142
344 654
809 332
809 397
362 355
362 576
247 430
247 209
74 775
74 125
669 555
669 206
745 207
745 305
193 319
193 525
298 185
298 730
786 255
786 696
884 1005
884 974
721 363
721 529
410 113
410 789
354 686
354 767
734 392
734 928
419 110
419 91
881 288
881 793
278 115
278 169
483 695
483 416
514 957
514 208
731 90
731 150
215 239
215 221
523 243
523 566
535 1010
535 70
417 593
417 894
951 986
951 178
732 564
732 316
506 882
506 481
257 990
257 114
53 380
53 461
841 406
841 639
347 312
347 842
105 961
105 104
383 147
383 684
265 434
265 874
981 728
981 199
739 40
739 622
71 861
71 673
176 509
176 586
321 759
321 995
261 905
261 1012
831 726
831 866
627 899
627 873
131 805
131 853
418 67
418 328
680 393
680 473
717 371
717 848
358 705
358 588
569 991
569 307
665 859
665 890
824 341
824 80
437 900
437 796
421 628
421 762
216 357
216 768
925 294
925 242
524 677
524 99
592 724
592 29
325 914
325 922
915 771
915 46
78 45
78 452
844 390
844 345
806 132
806 86
57 10
57 549
672 650
672 511
205 435
205 438
641 719
641 50
197 120
197 384
411 134
411 551
153 250
153 252
813 479
813 292
320 545
320 633
107 246
107 32
980 204
980 927
227 743
227 228
212 867
212 465
714 276
714 283
701 58
701 195
649 926
649 872
324 546
324 630
279 558
279 985
538 49
538 534
563 519
563 330
825 274
825 611
480 68
480 146
190 765
190 456
98 581
98 273
729 356
729 20
667 52
667 135
408 156
408 698
179 579
179 658
267 687
267 449
93 296
93 96
711 706
711 154
897 692
897 770
217 676
217 613
945 33
945 1019
39 621
39 946
741 66
741 337
766 778
766 661
174 635
174 360
556 839
556 738
712 387
712 95
785 559
785 272
379 180
379 395
659 494
659 21
638 526
638 916
145 348
145 214
561 302
561 167
896 758
896 552
547 625
547 126
468 690
468 876
338 879
338 919
346 800
346 964
72 151
72 133
917 1017
917 892
36 493
36 139
656 301
656 512
616 943
616 94
954 955
954 610
201 847
201 794
431 55
431 244
903 427
903 121
953 64
953 117
8 34
8 601
88 442
88 950
251 857
251 1006
893 382
893 930
1002 409
1002 168
715 941
715 518
591 76
591 757
130 849
130 530
422 310
422 420
123 983
123 27
1022 910
1022 281
670 599
670 863
540 477
540 835
13 138
13 963
211 237
211 875
966 643
966 340
450 26
450 436
457 447
457 428
748 827
748 458
970 359
970 544
993 550
993 314
491 18
491 710
149 826
149 405
451 361
451 103
598 924
598 580
85 381
85 162
746 533
746 887
938 192
938 802
780 804
780 54
100 912
100 365
391 702
391 116
285 260
285 909
618 877
618 44
737 175
737 102
548 277
548 229
779 749
779 984
516 306
516 323
144 159
144 1001
12 612
12 587
755 333
755 799
753 226
753 59
1008 184
1008 349
471 508
471 106
492 937
492 1021
700 1
700 455
944 399
944 992
913 531
913 947
14 219
14 936
401 703
401 648
597 708
597 172
407 832
407 31
860 280
860 854
303 932
303 84
404 774
404 258
787 606
787 629
136 539
136 317
578 77
578 904
249 537
249 958
127 929
127 367
777 615
777 439
398 660
398 655
394 240
394 982
213 202
213 1020
979 1000
979 75
577 852
577 752
998 959
998 210
183 773
183 763
353 865
353 652
589 801
589 37
807 513
807 304
171 645
171 124
942 462
942 1016
823 595
823 35
565 623
565 290
108 678
108 931
632 182
632 61
790 463
790 203
620 225
620 685
814 501
814 812
336 166
336 198
142 342
142 47
654 241
654 327
332 756
332 906
397 528
397 128
355 186
355 571
576 475
576 811
430 671
430 200
209 846
209 254
775 713
775 733
125 772
125 119
555 194
555 466
206 499
206 223
207 62
207 583
305 326
305 973
319 590
319 574
525 160
525 41
185 870
185 329
730 351
730 527
255 79
255 423
696 453
696 388
1005 297
1005 520
974 488
974 293
363 969
363 709
529 507
529 109
113 414
113 960
789 3
789 51
686 17
686 736
767 490
767 699
392 972
392 747
928 232
928 81
110 291
110 334
91 339
91 238
288 263
288 498
793 783
793 220
115 164
115 933
169 521
169 886
695 666
695 560
416 631
416 840
957 663
957 994
208 1011
208 828
90 503
90 976
150 16
150 614
239 948
239 413
221 448
221 6
243 1003
243 224
566 56
566 143
1010 1015
1010 751
70 352
70 668
593 949
593 1014
894 478
894 266
986 935
986 500
178 939
178 664
564 470
564 233
316 782
316 486
882 769
882 377
481 331
481 952
990 295
990 245
114 554
114 864
380 122
380 626
461 851
461 815
406 141
406 871
639 19
639 15
312 196
312 433
842 181
842 474
961 189
961 97
104 522
104 791
147 651
147 370
684 495
684 604
434 761
434 118
874 883
874 173
728 444
728 644
199 647
199 683
40 502
40 467
622 585
622 727
861 691
861 921
673 878
673 415
509 22
509 454
586 619
586 496
759 38
759 289
995 934
995 898
905 140
905 716
1012 754
1012 412
726 236
726 376
866 517
866 235
899 688
899 855
873 275
873 300
805 426
805 532
853 191
853 640
67 843
67 111
328 65
328 689
393 268
393 231
473 907
473 476
371 822
371 725
848 808
848 445
705 510
705 829
588 818
588 386
991 429
991 965
307 987
307 675
859 378
859 218
890 389
890 248
341 504
341 600
80 42
80 350
900 487
900 396
796 543
796 253
628 679
628 269
762 11
762 911
