9 209 47805
2 4
2 6
4 8
8 7
8 3
7 1
1 9
1 5
47 97
47 26
97 4
4 3
3 22
3 82
22 193
22 90
193 150
150 11
11 178
11 172
178 92
92 114
114 207
207 85
85 29
29 169
29 128
169 1
1 101
101 165
101 30
165 202
202 53
202 21
53 209
53 145
209 43
209 139
43 38
38 192
38 179
192 140
192 15
140 12
140 159
12 187
12 177
187 41
41 112
41 185
112 120
120 197
197 155
155 108
155 65
108 8
8 96
8 73
96 138
138 135
135 109
135 163
109 184
184 81
184 67
81 87
87 78
78 45
78 24
45 199
199 75
75 119
119 60
119 70
60 143
143 168
143 91
168 48
168 194
48 170
170 86
170 9
86 142
86 158
142 89
89 59
59 126
59 110
126 122
126 134
122 137
122 42
137 39
39 136
39 105
136 205
136 152
205 95
205 183
95 49
95 102
49 50
50 84
84 204
204 129
129 200
129 71
200 133
200 56
133 186
186 162
186 54
162 121
162 190
121 174
174 182
182 35
182 208
35 88
35 7
88 52
52 118
118 64
118 61
64 58
58 196
58 100
196 144
144 203
144 201
203 98
98 74
98 146
74 33
33 130
130 10
130 27
10 123
10 28
123 149
123 206
149 13
13 36
13 113
36 94
36 107
94 20
94 166
20 46
20 195
46 93
93 167
167 124
167 14
124 157
124 83
157 69
69 154
154 104
104 32
104 103
32 153
32 181
153 44
44 198
198 6
198 55
6 173
6 132
173 180
173 175
180 16
180 171
16 80
80 148
80 151
148 160
148 164
160 62
62 188
188 147
188 51
147 156
156 72
72 116
72 63
116 176
176 34
176 5
34 23
23 31
23 18
31 125
31 76
125 2
2 66
66 189
66 17
189 117
117 37
117 68
37 161
161 106
161 79
106 115
115 77
115 131
77 25
77 40
25 19
19 111
111 99
99 127
127 141
141 57
57 191
