2 2706 6030
2 1
2494 2150
2150 187
2150 759
187 1025
187 1921
1025 2246
2246 2567
2246 1489
2567 802
2567 558
802 912
802 2198
912 675
675 1572
675 2334
1572 1343
1343 2280
1343 2371
2280 1598
2280 1437
1598 1129
1598 564
1129 2349
1129 705
2349 505
505 1731
505 2142
1731 304
1731 2671
304 1805
1805 2300
1805 37
2300 125
125 1361
125 762
1361 914
914 33
914 720
33 1420
33 1695
1420 1711
1711 2578
1711 1379
2578 1146
2578 2630
1146 1730
1730 725
1730 1733
725 27
27 1397
1397 672
672 306
672 2008
306 1163
1163 1007
1007 1456
1007 1602
1456 360
1456 2599
360 693
360 443
693 1402
1402 269
1402 550
269 1846
1846 1491
1491 1399
1491 35
1399 1060
1060 214
214 416
214 2128
416 1690
416 2499
1690 820
820 354
820 1380
354 413
413 1937
413 2369
1937 2690
1937 2442
2690 1066
1066 903
1066 275
903 774
903 96
774 1614
1614 114
114 744
114 2094
744 1734
1734 1316
1734 1748
1316 243
1316 2259
243 902
243 274
902 424
424 1375
424 2232
1375 1332
1332 196
1332 1200
196 1747
196 1005
1747 2138
1747 254
2138 578
2138 1320
578 1458
1458 566
566 2159
2159 1597
1597 493
493 1720
1720 617
617 2032
2032 2329
2032 1131
2329 1336
1336 228
228 1235
1235 500
1235 314
500 1946
500 2683
1946 1942
1942 2595
2595 2110
2110 1277
1277 422
422 2269
2269 2547
2269 2113
2547 1780
1780 798
798 309
798 280
309 2101
309 1442
2101 1055
2101 1090
1055 1484
1055 464
1484 1266
1484 1004
1266 1180
1266 1328
1180 1996
1996 2060
1996 1865
2060 667
2060 257
667 1283
1283 90
90 1813
90 1529
1813 2237
2237 2587
2237 62
2587 1916
1916 809
809 1790
809 1069
1790 1954
1954 1498
1498 34
1498 1019
34 2188
34 651
2188 928
928 1930
1930 1640
1930 910
1640 2323
2323 491
491 427
491 2518
427 1576
427 1599
1576 442
1576 616
442 543
543 106
543 165
106 783
106 476
783 189
189 285
189 746
285 138
285 2659
138 363
363 920
363 849
920 1544
1544 2140
1544 2335
2140 94
2140 2009
94 1715
1715 1465
1465 2098
1465 1617
2098 2571
2571 2485
2485 1767
2485 2634
1767 568
1767 1631
568 613
613 1513
613 2291
1513 993
1513 904
993 2331
2331 1797
2331 770
1797 1853
1853 604
604 2010
604 1575
2010 2421
2421 1621
1621 943
1621 117
943 1070
1070 1362
1070 880
1362 1388
1362 2162
1388 58
58 1010
1010 2067
2067 1043
1043 763
1043 2679
763 1364
1364 225
225 489
225 230
489 440
489 1108
440 388
388 1015
388 2087
1015 1001
1001 170
1001 1875
170 24
24 1821
1821 840
1821 2045
840 410
410 2182
410 1018
2182 747
2182 1006
747 851
851 302
302 1142
302 178
1142 2239
1142 2047
2239 794
794 472
794 1357
472 420
472 1743
420 838
838 1237
1237 2177
2177 789
789 846
789 1101
846 2451
846 1983
2451 2238
2238 146
146 1601
1601 572
1601 2580
572 1785
572 1245
1785 1592
1592 2028
2028 775
775 1708
1708 109
109 879
879 429
879 1993
429 1271
1271 227
227 2441
227 1845
2441 1240
2441 88
1240 368
1240 330
368 2428
368 2014
2428 2023
2023 618
618 1595
618 2146
1595 633
633 2254
2254 1135
2254 1035
1135 1112
1135 141
1112 488
1112 63
488 1645
488 1199
1645 1653
1645 2632
1653 384
1653 2524
384 2545
384 1973
2545 1693
1693 1138
1693 2002
1138 1887
1887 2403
2403 631
631 859
859 1405
1405 1988
1988 791
1988 2488
791 312
312 2635
2635 2531
2635 2374
2531 2379
2531 179
2379 1944
1944 1162
1944 1179
1162 1168
1162 2498
1168 1819
1168 2289
1819 1281
1281 832
832 2541
832 1301
2541 936
936 1737
1737 1751
1751 1935
1751 531
1935 1606
1606 1450
1606 980
1450 136
1450 79
136 2702
136 1661
2702 595
595 2262
2262 2700
2700 2621
2700 338
2621 886
886 2400
2400 1885
2400 2231
1885 2661
1885 2168
2661 1771
2661 446
1771 852
852 2181
2181 1625
2181 1428
1625 958
1625 1637
958 2640
2640 897
897 557
557 2184
557 89
2184 1929
2184 2201
1929 1506
1506 2433
2433 611
2433 896
611 866
611 1627
866 574
574 174
174 2054
2054 286
286 1587
1587 1159
1587 2077
1159 1395
1159 2612
1395 2288
2288 1158
2288 157
1158 74
1158 1209
74 819
819 441
441 1215
441 1136
1215 1298
1298 1412
1298 451
1412 1225
1412 735
1225 345
1225 1254
345 1687
345 2437
1687 376
376 1516
376 372
1516 1353
1516 2173
1353 1822
1353 1291
1822 1349
1822 1262
1349 2511
1349 51
2511 2370
2370 1871
2370 2143
1871 143
1871 2164
143 1953
1953 873
873 2363
2363 1727
2363 1519
1727 808
1727 1840
808 1670
1670 583
583 1507
583 1365
1507 1181
1507 1910
1181 660
660 655
655 1044
655 2144
1044 935
1044 1655
935 2161
935 2625
2161 465
2161 2482
465 359
359 1134
1134 504
504 1354
1354 52
52 2393
52 698
2393 1584
2393 1543
1584 2086
2086 575
575 628
628 1469
1469 1403
1469 1619
1403 1962
1403 1698
1962 514
514 545
514 2415
545 193
193 831
831 1659
831 2652
1659 2302
2302 468
468 2543
2543 1664
1664 449
1664 104
449 860
449 786
860 719
860 2569
719 103
719 1776
103 1169
103 1224
1169 1490
1169 1488
1490 907
907 453
907 466
453 80
80 1194
80 2304
1194 2705
1194 2223
2705 2097
2705 2337
2097 2399
2097 959
2399 1505
1505 1832
1505 8
1832 1424
1832 865
1424 743
743 2517
743 1812
2517 1236
2517 1603
1236 1326
1236 1300
1326 853
853 870
870 1560
1560 407
1560 1208
407 321
407 923
321 1525
1525 194
1525 1275
194 1356
1356 2616
1356 2178
2616 771
771 2189
2189 752
2189 1065
752 1414
752 185
1414 805
805 1475
805 1250
1475 444
444 1435
444 723
1435 1986
1986 348
1986 1036
348 1510
1510 2459
2459 1292
1292 397
397 439
439 2483
439 741
2483 1176
1176 1427
1176 239
1427 1382
1382 433
1382 1394
433 1542
1542 3
3 2588
2588 2294
2588 1830
2294 404
404 1992
1992 517
1992 2252
517 2706
517 1656
2706 1385
2706 2001
1385 2476
2476 1210
2476 507
1210 821
1210 1536
821 945
821 1570
945 1122
945 703
1122 2230
2230 1416
1416 2078
1416 1493
2078 2029
2029 1324
1324 953
953 813
813 461
813 2081
461 287
461 1600
287 319
319 201
319 1017
201 835
201 858
835 739
835 1745
739 2478
739 825
2478 1566
1566 748
748 689
748 1186
689 2071
689 1593
2071 2339
2339 2506
2506 290
290 45
290 18
45 1514
45 5
1514 2320
2320 1274
2320 2513
1274 405
405 1173
405 43
1173 2542
1173 1808
2542 606
606 2235
2235 1105
2235 769
1105 2573
1105 26
2573 2391
2573 2130
2391 537
2391 1327
537 699
699 728
699 678
728 569
728 1094
569 2493
569 1483
2493 1304
2493 991
1304 1497
1497 1396
1497 1172
1396 2090
2090 1289
2090 2565
1289 1772
1289 950
1772 1093
1093 296
1093 1107
296 325
325 605
605 1008
1008 1671
1008 1027
1671 135
1671 2070
135 1330
135 1238
1330 2558
1330 1943
2558 2469
2469 1446
1446 828
1446 695
828 625
828 1726
625 729
729 1911
729 963
1911 1121
1121 188
188 916
188 1890
916 948
948 2551
2551 482
2551 2172
482 2568
482 496
2568 608
608 532
608 447
532 85
85 132
85 512
132 1789
132 787
1789 1972
1972 140
1972 2404
140 964
964 1299
1299 501
501 603
501 2085
603 812
603 692
812 2063
812 2203
2063 1452
1452 1647
1452 2574
1647 2449
1647 2066
2449 509
2449 113
509 1564
1564 1270
1564 1315
1270 2338
2338 2214
2214 425
425 2319
425 622
2319 1279
1279 362
362 1650
1650 1149
1650 799
1149 1502
1502 2040
2040 1441
1441 1147
1147 2036
2036 765
2036 713
765 415
415 1779
1779 1814
1814 875
875 724
724 607
607 1554
1554 263
1554 1430
263 1127
1127 1204
1204 204
1204 2196
204 6
204 2116
6 2187
6 1616
2187 1247
2187 119
1247 2507
1247 2597
2507 2699
2507 258
2699 1477
2699 1110
1477 1026
1477 2056
1026 177
1026 722
177 1764
1764 2309
1764 804
2309 1219
1219 515
515 294
294 1188
294 1032
1188 2525
2525 2492
2492 2618
2618 1407
1407 1979
1979 1641
1641 1936
1641 1527
1936 900
900 700
700 2183
2183 344
344 1665
344 671
1665 1451
1451 926
1451 2129
926 1408
1408 1031
1408 352
1031 1392
1031 2510
1392 1278
1278 1732
1278 2431
1732 684
684 1400
1400 1253
1400 1100
1253 450
1253 370
450 1189
450 1626
1189 1472
1189 2641
1472 2593
1472 2089
2593 361
361 2061
361 1045
2061 895
2061 2387
895 624
624 778
778 2042
778 241
2042 1982
1982 1341
1341 2115
1341 2614
2115 2228
2115 1524
2228 2426
2426 2552
2552 1243
2552 2117
1243 2109
1243 2377
2109 1833
2109 2361
1833 591
1833 1806
591 2147
591 2591
2147 1831
1831 2127
1831 952
2127 335
335 1786
1786 1097
1097 386
1097 1836
386 679
386 1967
679 2676
679 1473
2676 2555
2676 59
2555 554
2555 1175
554 976
976 474
474 1174
474 878
1174 421
421 2624
2624 77
2624 2069
77 2414
2414 47
47 1681
47 764
1681 2180
1681 1620
2180 1847
1847 1462
1847 1909
1462 2560
1462 1547
2560 1307
1307 1340
1307 653
1340 619
619 2157
619 75
2157 1838
2157 1556
1838 978
978 901
901 406
406 2584
406 1794
2584 158
2584 1319
158 2540
158 317
2540 1314
2540 592
1314 2119
1314 1677
2119 688
688 371
688 1881
371 2082
2082 905
2082 1963
905 2607
905 565
2607 2006
2006 732
2006 1563
732 481
481 1329
481 2615
1329 1148
1148 1085
1148 803
1085 2099
1085 273
2099 2585
2585 9
9 1214
1214 577
577 2209
577 1227
2209 634
2209 847
634 495
634 2313
495 1082
495 1226
1082 1651
1651 1436
1436 2609
1436 925
2609 2354
2609 247
2354 299
2354 919
299 2275
299 782
2275 293
2275 2557
293 1333
293 1546
1333 1406
1333 2347
1406 2430
2430 1269
2430 2013
1269 1692
1692 1419
1692 1023
1419 281
281 2206
281 521
2206 229
2206 2191
229 2174
229 668
2174 756
756 2398
756 1660
2398 2392
2392 137
137 1338
137 218
1338 654
654 2532
654 1284
2532 1867
2532 546
1867 2175
2175 207
2175 1154
207 1050
207 2692
1050 1628
1628 666
1628 2657
666 2169
2169 1099
1099 956
1099 1083
956 2504
956 251
2504 1485
2504 839
1485 144
144 995
995 1864
1864 2225
1864 284
2225 581
2225 1839
581 1548
1548 195
195 100
100 351
351 1679
351 913
1679 580
580 342
580 871
342 2589
342 2279
2589 2673
2673 2186
2673 176
2186 7
7 1854
1854 893
893 1244
893 519
1244 1468
1244 535
1468 2572
1468 2355
2572 954
954 553
954 2515
553 2051
2051 1717
2051 1009
1717 1011
1011 1856
1011 1883
1856 1736
1856 1843
1736 1706
1736 1938
1706 1857
1857 1260
1260 2380
1260 1815
2380 2394
2394 2458
2394 1783
2458 477
477 127
127 2005
2005 527
2005 1722
527 2215
2215 1635
2215 965
1635 1376
1376 1046
1046 766
1046 246
766 1589
1589 1369
1369 30
1369 1263
30 974
30 1102
974 1325
974 2383
1325 674
674 1012
674 2410
1012 2003
1012 979
2003 627
2003 2701
627 2057
2057 2352
2352 1438
2352 1476
1438 2282
1438 1612
2282 1213
2282 2432
1213 888
1213 687
888 301
301 1900
1900 12
1900 2276
12 412
12 1977
412 2530
412 2644
2530 883
2530 1862
883 1522
883 2500
1522 1998
1522 1685
1998 526
1998 116
526 826
826 1297
1297 399
1297 326
399 1728
1728 1296
1728 46
1296 2605
1296 478
2605 1932
1932 2248
2248 44
44 208
44 2704
208 718
208 601
718 1306
718 2271
1306 1746
1746 1662
1746 857
1662 469
469 645
469 1337
645 2093
2093 1610
2093 1466
1610 1345
1345 2447
2447 1290
1290 1906
1906 1629
1906 1663
1629 1457
1457 1928
1928 2548
1928 906
2548 1562
2548 2464
1562 1941
1562 1251
1941 2251
1941 2480
2251 1145
1145 2468
2468 2075
2075 957
957 2278
957 635
2278 2012
2278 1398
2012 2073
2012 291
2073 657
657 1849
657 173
1849 1164
1849 1038
1164 647
647 435
435 2457
435 1740
2457 944
2457 2694
944 1167
1167 1150
1167 2381
1150 987
1150 2137
987 630
630 1903
1903 1257
1257 1749
1257 369
1749 86
86 1086
86 594
1086 2296
2296 2176
2176 761
761 2194
761 561
2194 1132
2194 648
1132 2496
2496 2316
2496 1182
2316 2257
2316 2677
2257 1644
2257 155
1644 56
56 1898
1898 128
128 2477
128 2601
2477 961
961 996
961 1709
996 1981
1981 1078
1078 2617
2617 2425
2617 2068
2425 205
205 1891
205 2553
1891 1092
1891 190
1092 2368
2368 2311
2368 1104
2311 2561
2311 2303
2561 1553
1553 1897
1897 233
1897 2160
233 2549
2549 2149
2549 1228
2149 231
2149 1429
231 133
133 1077
1077 704
1077 1198
704 1351
704 1742
1351 2026
2026 2412
2412 1802
1802 2327
1802 1478
2327 1453
2327 2205
1453 816
816 237
237 265
237 755
265 2538
2538 1549
2538 2486
1549 2199
2199 1618
2199 2343
1618 1358
1618 220
1358 639
639 1744
639 596
1744 1968
1968 1949
1949 2154
1949 2452
2154 1443
1443 915
915 2358
915 2559
2358 2299
2299 283
2299 1016
283 2417
2417 796
796 235
235 1657
1657 327
327 706
327 2136
706 259
706 200
259 266
266 2229
2229 874
2229 324
874 1577
874 1119
1577 1487
1487 271
271 1586
1586 2528
1586 381
2528 1658
2528 2546
1658 248
1658 2322
248 2582
248 1534
2582 255
2582 2038
255 730
255 562
730 508
730 434
508 1666
508 1216
1666 1087
1666 544
1087 892
892 414
892 115
414 1084
414 1908
1084 533
533 2357
2357 401
2357 226
401 1724
1724 2695
1724 1115
2695 2123
2123 2650
2650 2424
2650 2385
2424 1991
1991 1902
1902 1545
1902 682
1545 1063
1545 2
1063 1285
1063 2408
1285 1002
1285 1919
1002 216
1002 933
216 1518
216 1798
1518 2308
2308 2686
2308 2637
2686 305
2686 1123
305 1528
1528 1287
1528 1286
1287 2158
1287 67
2158 121
2158 426
121 781
781 159
781 1799
159 1879
1879 503
503 180
503 1796
180 379
379 1958
379 1141
1958 2024
1958 745
2024 1061
1061 1884
1884 1713
1884 374
1713 217
1713 390
217 1756
217 336
1756 570
570 23
570 84
23 1433
1433 203
203 2489
2489 2642
2489 757
2642 1348
1348 64
1348 2419
64 927
64 758
927 1389
927 1995
1389 1623
1389 322
1623 2027
1623 1904
2027 2224
2224 711
2224 1160
711 1861
711 2193
1861 1642
1861 2455
1642 260
260 1842
1842 1517
1842 2287
1517 681
1517 1072
681 582
582 614
582 1787
614 1302
1302 240
240 2626
2626 1893
2626 436
1893 1959
1959 2020
1959 432
2020 1834
2020 929
1834 1994
1994 70
70 1178
1178 2049
2049 206
2049 1565
206 223
206 66
223 459
459 2346
2346 1034
1034 1177
1034 1523
1177 1768
1177 73
1768 2272
1768 1725
2272 42
2272 1611
42 213
42 2307
213 2467
213 1738
2467 1561
2467 1613
1561 1551
1551 221
221 28
28 2065
2065 417
2065 1699
417 1707
417 31
1707 39
39 541
541 1860
541 1152
1860 402
402 1899
402 518
1899 1590
1899 40
1590 2436
2436 597
597 659
597 1390
659 211
659 1118
211 1923
1923 120
1923 310
120 1578
1578 658
1578 818
658 2534
658 1024
2534 1095
2534 145
1095 740
1095 520
740 1321
1321 356
356 971
971 408
971 898
408 2446
2446 1558
1558 2687
2687 1770
1770 975
975 313
313 1739
313 2342
1739 250
250 2350
2350 922
922 22
22 1760
1760 1654
1760 428
1654 750
750 222
222 53
53 2407
53 2631
2407 2074
2074 1913
1913 2043
1913 1882
2043 938
938 909
909 2290
909 353
2290 1411
2290 1931
1411 2405
2405 2053
2405 2376
2053 2422
2422 2669
2422 380
2669 1704
1704 2472
1704 253
2472 1851
1851 2681
2681 392
2681 1788
392 1249
392 694
1249 15
1249 1185
15 643
15 1594
643 2495
2495 129
2495 198
129 1166
129 2084
1166 1323
1166 1782
1323 54
1323 2438
54 483
483 1171
1171 955
955 811
955 2245
811 717
717 889
717 2265
889 621
889 69
621 707
707 998
998 1721
1721 298
1721 1509
298 60
298 2249
60 934
934 2490
934 112
2490 2418
2490 1048
2418 1855
1855 1581
1581 2236
2236 602
602 2221
2221 2273
2221 83
2273 2340
2340 2104
2104 315
2104 2435
315 1667
1667 2473
2473 1239
1239 1701
1239 868
1701 2131
2131 2523
2131 347
2523 411
411 486
411 2033
486 833
486 552
833 918
918 637
637 1571
637 1827
1571 14
14 2456
14 2083
2456 1512
1512 999
999 2664
999 277
2664 2132
2664 1230
2132 970
2132 1339
970 2651
2651 1703
1703 130
1703 1268
130 394
394 2283
394 2088
2283 2000
2000 1694
1694 38
38 1892
38 669
1892 1276
1276 463
1276 588
463 2202
463 673
2202 215
215 2386
2386 2217
2217 456
2217 716
456 1409
456 2341
1409 1907
1907 1567
1567 1120
1120 320
320 78
320 753
78 2208
2208 2015
2015 2112
2112 1886
2112 2240
1886 555
1886 1264
555 2324
2324 479
479 105
105 1769
1769 1258
1258 2409
2409 183
2409 686
183 2502
183 1259
2502 1858
1858 111
111 1261
1261 1014
1261 1639
1014 1322
1322 2019
2019 1961
1961 599
599 2443
2443 1139
1139 2048
2048 887
2048 1056
887 1074
887 2274
1074 1020
1074 1360
1020 2668
2668 882
882 1957
1957 510
510 1334
1334 2639
1334 1850
2639 2554
2639 1624
2554 612
2554 238
612 1231
612 1464
1231 1013
1013 2218
1013 1165
2218 908
2218 497
908 1917
1917 1700
1917 124
1700 1386
1700 403
1386 754
754 1926
754 2258
1926 2325
1926 1504
2325 1410
1410 620
620 2629
620 644
2629 1924
1924 1777
1777 1481
1481 1022
1481 850
1022 92
92 2509
2509 1378
1378 232
1378 1569
232 2345
2345 1096
1096 1795
1795 139
1795 615
139 2474
2474 1848
1848 1755
1848 41
1755 1989
1989 2152
1989 1153
2152 2270
2270 1372
1372 2210
2210 2207
2207 1367
1367 1697
1367 1106
1697 1033
1033 932
932 99
99 210
99 1448
210 153
153 395
153 2222
395 2682
395 1117
2682 2526
2682 2192
2526 2356
2526 2298
2356 1758
2356 530
1758 2286
1758 152
2286 610
610 1638
610 2420
1638 1689
1638 2166
1689 1241
1689 1878
1241 712
1241 419
712 801
712 2666
801 1723
801 256
1723 2315
1723 2250
2315 2685
2315 87
2685 261
2685 151
261 1873
261 2366
1873 1643
1873 862
1643 710
1643 2297
710 1520
1520 2041
1520 365
2041 2576
2041 262
2576 2603
2603 2606
2603 1384
2606 1980
2606 328
1980 1648
1980 2106
1648 2484
1648 343
2484 2243
2484 2619
2243 1675
1675 573
573 1439
573 2439
1439 391
1439 548
391 1966
391 1940
1966 2570
2570 2365
2365 2052
2052 1312
2052 848
1312 1051
1051 107
107 199
199 331
199 438
331 529
529 1368
529 1925
1368 1608
1608 150
150 2660
150 1440
2660 2263
2263 1474
1474 2643
1474 1901
2643 542
2643 790
542 1521
542 484
1521 252
1521 282
252 2367
2367 1432
2367 2434
1432 1126
1432 1750
1126 1303
1126 1500
1303 1765
1765 1775
1765 289
1775 268
1775 163
268 1825
268 2505
1825 2527
2527 736
736 1052
1052 1712
1052 122
1712 522
522 357
357 2165
357 72
2165 2039
2165 1649
2039 1503
1503 1829
1829 947
1829 968
947 1870
1870 1678
1870 350
1678 270
1678 82
270 1680
270 1192
1680 1088
1088 2281
1088 2204
2281 2156
2281 2200
2156 1391
2156 367
1391 2133
1391 2021
2133 972
2133 123
972 36
36 2120
36 656
2120 2344
2120 767
2344 815
2344 2537
815 316
316 2195
316 2556
2195 2397
2195 1039
2397 511
2397 1674
511 2103
2103 2628
2103 2656
2628 638
638 1311
1311 97
97 1130
1130 2301
1130 1232
2301 2226
2226 1057
2226 2234
1057 2622
1057 1471
2622 473
2622 1449
473 1064
1064 1294
1294 2401
2401 1716
1716 760
760 1868
1868 1309
1309 498
1309 430
498 2611
2611 1191
1191 2566
2566 209
209 1144
1144 17
1144 2353
17 2100
17 1352
2100 793
2100 1426
793 2613
793 1003
2613 2372
2372 1495
1495 1874
1495 279
1874 1784
1784 2678
1784 2118
2678 2167
2167 1964
2167 2378
1964 2190
1964 2267
2190 398
398 777
777 1757
1757 1710
1757 480
1710 600
600 1552
1552 2035
2035 1580
1580 2277
1580 1062
2277 1948
1948 1058
1948 2402
1058 156
156 1098
156 366
1098 2508
1098 940
2508 881
881 93
881 1000
93 810
93 2351
810 1803
810 29
1803 2216
1803 1684
2216 726
726 697
697 2411
697 48
2411 2583
2411 1800
2583 16
2583 1371
16 2219
16 997
2219 2662
2219 2512
2662 941
941 1719
1719 2305
1719 1841
2305 1470
1470 1202
1202 49
1202 1193
49 2360
2360 949
2360 373
949 2155
2155 2114
2155 2034
2114 1076
1076 738
738 2466
738 2292
2466 184
2466 1415
184 1978
1978 50
1978 2667
50 1157
50 303
1157 1691
1691 523
1691 224
523 2684
523 1824
2684 524
2684 563
524 2596
524 245
2596 385
385 2675
385 785
2675 2535
2535 2348
2535 2170
2348 1187
2348 318
1187 1256
1256 2145
2145 1807
2145 1359
1807 2185
1807 1912
2185 966
966 2423
966 1952
2423 593
2423 1355
593 1422
593 1347
1422 2095
2095 1557
1557 2475
2475 2658
2658 1729
2658 800
1729 1445
1445 1091
1445 169
1091 1533
1091 4
1533 487
1533 2416
487 855
855 714
855 1267
714 1128
714 1344
1128 977
1128 1844
977 358
358 1423
358 2295
1423 1197
1423 1636
1197 1880
1880 1455
1880 1872
1455 1947
1947 2610
1947 1696
2610 680
680 2017
680 1896
2017 1811
1811 1823
1823 2121
1823 1852
2121 1054
2121 340
1054 148
1054 1939
148 921
921 1207
1207 2544
2544 1801
2544 642
1801 2091
1801 2413
2091 2688
2091 499
2688 556
2688 2491
556 2654
2654 827
827 502
502 1233
1233 2285
1233 349
2285 814
2285 1459
814 311
311 1646
311 175
1646 1080
1646 1591
1080 134
134 1634
134 2384
1634 110
110 1486
1486 1877
1486 1559
1877 1196
1196 792
1196 2096
792 1203
1203 1754
1203 1143
1754 2044
2044 2389
2389 2649
2649 715
715 1951
715 1971
1951 981
1951 1190
981 1229
1229 2453
2453 1272
2453 784
1272 236
236 1905
1905 1288
1905 663
1288 55
55 540
55 1975
540 1156
540 911
1156 19
1156 1588
19 10
19 1113
10 2284
10 1205
2284 1541
2284 1293
1541 2018
1541 685
2018 967
2018 721
967 891
967 1828
891 1538
1538 2487
1538 516
2487 937
937 2227
2227 1915
2227 2406
1915 884
1915 2058
884 589
884 1195
589 171
589 1248
171 525
525 1774
525 836
1774 2373
1774 2092
2373 2470
2470 985
2470 861
985 2461
2461 2212
2212 623
623 1218
1218 2638
1218 1217
2638 2577
2577 2647
2647 780
780 731
731 197
731 81
197 1668
197 1984
1668 1434
1668 1888
1434 2111
2111 2608
2111 2025
2608 2264
2608 25
2264 341
2264 1111
341 400
400 2648
400 1053
2648 2256
2256 1125
1125 1252
1252 788
1252 1
788 1492
788 1201
1492 797
797 939
797 1609
939 1295
939 946
1295 1945
1295 2253
1945 877
1945 13
877 454
454 244
454 1116
244 389
244 118
389 295
295 383
383 992
992 662
662 824
662 191
824 2197
824 423
2197 1089
1089 2672
2672 1151
1151 161
1151 1817
161 986
986 2450
2450 1373
1373 567
1373 2247
567 382
567 1702
382 1346
382 160
1346 2148
2148 1137
1137 192
1137 2072
192 2211
192 983
2211 652
2211 844
652 323
652 1918
323 1366
323 2533
1366 475
475 2579
475 842
2579 1068
2579 1494
1068 1633
1633 641
1633 1990
641 931
641 68
931 2064
2064 917
2064 670
917 1350
1350 2213
2213 1511
1511 807
1511 2427
807 1310
807 102
1310 234
234 2462
2462 1079
1079 841
841 2396
2396 1573
1573 2575
2575 942
2575 168
942 396
396 2332
2332 1781
2332 2330
1781 2016
2016 1622
1622 829
829 2460
2460 2134
2134 2448
2134 2655
2448 1028
1028 640
1028 962
640 1579
1579 1762
1762 2590
2590 1539
1539 470
470 2497
2497 2318
2497 779
2318 2636
2318 457
2636 91
2636 1047
91 1109
91 2364
1109 1421
1109 994
1421 587
1421 2697
587 57
57 751
751 2594
2594 2564
2564 2171
2564 2261
2171 2333
2171 1526
2333 2255
2333 1965
2255 2268
2255 1683
2268 1140
2268 308
1140 393
1140 872
393 683
683 1863
1863 2037
2037 2444
2444 1308
1308 300
300 462
462 2080
462 2689
2080 1265
2080 212
1265 2220
2220 1313
1313 142
142 1342
142 437
1342 1970
1970 21
21 1866
1866 1124
1124 1531
1531 1759
1759 1431
1431 539
1431 1223
539 817
817 2004
817 2562
2004 2598
2004 734
2598 242
242 219
219 701
701 646
646 2260
646 95
2260 1029
1029 989
1029 1632
989 742
742 1042
1042 2153
2153 584
584 1273
584 2107
1273 1615
1273 2514
1615 2703
2703 665
2703 1895
665 969
969 661
969 1211
661 2600
661 2520
2600 984
2600 452
984 2293
984 1133
2293 1515
2293 1480
1515 547
547 162
547 2102
162 1630
1630 1183
1630 1059
1183 1574
1183 843
1574 307
1574 2522
307 1876
1876 2670
1876 2011
2670 2691
2670 823
2691 1741
2691 649
1741 2244
2244 101
101 20
20 776
776 1206
1206 387
387 2122
387 2586
2122 2563
2122 460
2563 1381
2563 1793
1381 1804
1381 1956
1804 126
1804 534
126 973
126 131
973 2125
2125 988
988 1889
1889 506
1889 1331
506 71
506 1071
71 2050
2050 856
2050 2108
856 2062
2062 749
749 2359
749 1234
2359 1530
2359 2454
1530 1540
1530 154
1540 1461
1540 1969
1461 2645
2645 1444
2645 560
1444 166
166 1383
166 1387
1383 1401
1383 278
1401 1568
1568 2124
1568 2242
2124 1317
1317 167
167 2375
2375 272
272 2627
272 1479
2627 1778
1778 513
513 2312
513 1976
2312 2696
2696 377
377 1914
377 1859
1914 1073
1914 2529
1073 2680
2680 1792
2680 737
1792 664
664 1927
664 1752
1927 2516
2516 1114
1114 2602
1114 1030
2602 1960
2602 1672
1960 2698
1960 2030
2698 61
61 702
61 1280
702 2007
702 2151
2007 2139
2139 559
2139 2623
559 1596
1596 378
1596 1585
378 1370
378 2105
1370 1037
1370 2336
1037 355
355 982
355 149
982 2326
2326 1501
2326 924
1501 899
1501 2581
899 2321
2321 1404
2321 1607
1404 636
636 709
709 2141
2141 2314
2141 585
2314 1393
2314 590
1393 1714
1714 1920
1920 598
598 845
845 1810
845 869
1810 876
876 834
876 894
834 1605
1605 2046
1605 691
2046 1818
2046 629
1818 339
1818 1081
339 147
147 690
147 1537
690 2663
2663 1933
1933 2665
2665 1974
2665 1773
1974 1282
1974 1425
1282 676
676 431
431 2310
431 1820
2310 1221
2310 890
1221 772
1221 2126
772 409
772 2059
409 2055
2055 1305
2055 172
1305 1791
1791 650
650 830
650 1184
830 2317
2317 2241
2317 1496
2241 1753
2241 863
1753 1021
1021 164
164 1950
1950 202
202 364
202 1220
364 1582
1582 1763
1582 267
1763 1335
1335 1467
1467 1688
1688 1718
1688 494
1718 1508
1508 1246
1508 2306
1246 2022
1246 1604
2022 2653
2022 885
2653 1809
1809 1532
1809 1212
1532 822
1532 2592
822 2031
822 2445
2031 181
2031 1869
181 1555
181 2179
1555 334
1555 1460
334 2266
334 708
2266 1040
1040 1673
1673 2079
2079 2481
2481 1816
2481 375
1816 549
549 864
864 1705
1705 297
297 1170
1170 455
1170 768
455 2620
2620 467
467 2479
2479 471
2479 2674
471 1985
1985 1454
1454 1652
1652 1417
1652 2390
1417 1242
1242 1418
1418 1049
1418 11
1049 1987
1987 2604
1987 292
2604 632
632 536
536 2646
2646 2382
2646 1999
2382 2395
2382 1922
2395 276
276 1735
1735 458
458 609
458 445
609 332
332 1155
332 182
1155 528
528 1161
528 32
1161 485
485 1463
485 854
1463 2693
1463 2465
2693 867
2693 2550
867 990
990 2539
990 795
2539 65
65 1255
1255 490
490 1955
490 551
1955 2440
2440 418
2440 2463
418 2519
2519 346
346 1374
1374 448
1374 249
448 1761
448 1837
1761 2362
1761 2233
2362 1535
2362 1413
1535 773
773 2076
2076 1583
2076 1075
1583 576
576 492
492 288
492 2536
288 98
98 1550
98 329
1550 264
264 951
264 1676
951 2633
951 677
2633 2328
2633 806
2328 333
333 1669
1669 1363
1669 930
1363 2471
2471 1826
2471 76
1826 2501
1826 1499
2501 186
186 1766
1766 2503
1766 1482
2503 538
2503 1894
538 1103
1103 1997
1997 733
733 1447
1447 2429
2429 1067
2429 571
1067 337
1067 696
337 837
837 586
586 727
727 2388
727 1041
2388 1835
1835 960
1835 2163
960 2521
2521 1686
2521 579
1686 1377
1377 1934
1377 1222
1934 1318
1934 108
1318 1682
1682 2135
2135 626
