2 2476 9
2 1
323 1674
1674 763
1674 1931
763 808
808 970
970 496
496 943
943 1875
943 1054
1875 858
1875 24
858 2040
858 529
2040 2358
2358 645
645 194
194 37
37 2012
2012 1086
1086 34
34 2101
34 1144
2101 1183
2101 1488
1183 677
1183 592
677 2074
2074 2154
2074 2467
2154 1509
2154 1351
1509 1810
1810 1986
1986 449
1986 2362
449 1323
1323 209
1323 624
209 2244
209 1717
2244 2422
2244 594
2422 2173
2173 873
873 106
873 1095
106 1540
106 1258
1540 1878
1540 1120
1878 1898
1898 682
682 440
682 810
440 499
499 1539
499 2458
1539 306
306 89
89 169
169 270
270 1850
270 1092
1850 1461
1850 2181
1461 1365
1365 268
268 803
268 2371
803 1476
1476 755
755 2260
755 28
2260 185
185 2234
2234 393
393 1623
1623 1473
1473 1644
1473 1327
1644 115
1644 1174
115 305
305 71
71 820
820 862
862 1157
862 831
1157 1373
1373 2187
1373 823
2187 2061
2061 1103
1103 2062
2062 455
455 2349
455 1524
2349 1424
2349 282
1424 134
134 1753
1753 141
1753 2199
141 506
141 1673
506 1164
1164 1125
1125 595
595 994
595 2339
994 2239
994 1911
2239 964
2239 2178
964 1180
964 843
1180 1189
1180 2036
1189 42
42 706
706 2067
2067 824
2067 1237
824 658
824 644
658 694
658 2207
694 2204
694 2415
2204 2182
2182 406
2182 1343
406 2020
406 2417
2020 359
359 193
359 762
193 1914
193 101
1914 911
1914 647
911 2068
2068 692
2068 884
692 2398
2398 557
557 1515
1515 1410
1410 286
1410 1874
286 1730
286 938
1730 847
847 681
681 556
681 1502
556 1828
556 616
1828 244
244 1109
244 1207
1109 438
1109 663
438 67
67 1442
67 2091
1442 1001
1442 984
1001 1865
1001 2025
1865 1184
1184 168
1184 401
168 1895
168 2394
1895 2220
1895 2227
2220 199
199 265
265 1721
1721 573
573 1583
573 533
1583 1094
1583 1537
1094 1093
1093 461
1093 800
461 1363
461 124
1363 366
366 1523
1523 766
1523 722
766 1684
1684 160
1684 909
160 2129
160 1024
2129 2230
2230 1422
1422 871
871 1869
1869 1608
1608 1899
1608 867
1899 136
136 1341
136 945
1341 814
814 1058
1058 2219
2219 1745
1745 954
954 1482
1482 949
949 2452
2452 679
679 1722
679 1892
1722 2439
1722 2261
2439 1233
2439 2148
1233 1321
1321 2323
1321 103
2323 2393
2323 208
2393 1217
1217 288
1217 1679
288 74
288 1101
74 1243
74 1107
1243 1879
1243 1776
1879 1903
1903 2435
1903 2329
2435 1500
1500 1117
1117 1501
1117 1486
1501 2080
1501 2133
2080 2117
2117 830
2117 1686
830 333
830 2312
333 1632
1632 827
1632 661
827 1656
1656 1559
1656 293
1559 1723
1559 1375
1723 2185
1723 1788
2185 1499
1499 1441
1499 1631
1441 2238
2238 1624
2238 2114
1624 467
1624 1881
467 1204
1204 922
922 1867
922 222
1867 2155
1867 1481
2155 532
532 2475
2475 1913
2475 857
1913 210
210 2354
210 744
2354 2334
2354 431
2334 475
2334 1893
475 2296
475 1555
2296 934
2296 97
934 135
135 1007
135 1081
1007 1023
1023 15
1023 387
15 1005
15 2056
1005 915
1005 1060
915 264
915 895
264 558
558 2072
2072 1245
1245 1572
1572 1853
1572 1963
1853 1701
1853 1641
1701 1595
1595 2078
2078 1929
1929 453
1929 806
453 1657
453 1754
1657 2005
2005 2176
2005 1511
2176 825
2176 535
825 1907
1907 1234
1907 1876
1234 325
1234 2437
325 2255
2255 2024
2255 1089
2024 2313
2313 68
68 548
548 2405
2405 84
2405 1266
84 122
84 2448
122 2391
2391 1857
1857 2217
2217 1930
1930 1487
1930 318
1487 1636
1487 601
1636 786
786 1216
786 540
1216 1380
1380 1415
1415 1798
1798 1044
1044 1830
1830 1812
1830 563
1812 1621
1621 254
1621 1475
254 693
693 216
693 186
216 171
216 1128
171 2134
171 83
2134 2136
2136 1099
2136 345
1099 1593
1593 765
765 498
498 743
743 1531
743 1082
1531 1518
1531 2303
1518 2066
1518 470
2066 576
576 1028
576 813
1028 1142
1142 678
678 2221
678 2363
2221 272
272 1417
1417 1588
1588 203
203 1087
1087 241
1087 2279
241 1668
1668 992
992 1372
1372 1248
1248 1379
1248 703
1379 1124
1379 1111
1124 1707
1707 1821
1707 1307
1821 1466
1821 1311
1466 1468
1466 1711
1468 1462
1462 1413
1462 918
1413 328
328 723
723 2090
2090 936
2090 61
936 1445
1445 249
249 1720
249 1715
1720 159
159 2247
2247 958
2247 852
958 246
246 1131
1131 1642
1131 1599
1642 1485
1642 826
1485 1580
1580 891
1580 308
891 380
891 2466
380 1977
1977 819
1977 225
819 51
819 1484
51 1122
1122 1681
1681 2304
2304 1027
2304 952
1027 1612
1027 2346
1612 1104
1104 917
917 459
917 1767
459 1742
459 2453
1742 1147
1147 326
1147 2203
326 1000
1000 2266
2266 636
2266 546
636 1861
636 861
1861 2289
2289 522
522 2007
522 2476
2007 696
2007 256
696 1665
696 1951
1665 615
1665 674
615 1909
615 673
1909 189
189 2045
189 882
2045 1743
2045 2043
1743 1033
1743 40
1033 2355
2355 81
2355 1236
81 2277
81 206
2277 218
2277 1199
218 1302
218 1080
1302 1774
1774 352
352 2344
2344 484
484 961
484 87
961 761
761 388
761 1848
388 523
388 1430
523 295
523 579
295 1921
1921 2041
1921 725
2041 764
2041 277
764 1444
1444 2223
1444 1412
2223 1252
1252 657
1252 25
657 1269
1269 799
799 625
625 2006
625 1398
2006 671
671 2271
671 1832
2271 1242
1242 86
1242 1590
86 1002
86 1382
1002 769
1002 180
769 633
633 16
633 2200
16 1818
1818 1427
1818 384
1427 1819
1427 1575
1819 1097
1819 251
1097 2361
1097 269
2361 335
335 571
571 988
571 1003
988 844
988 650
844 1604
844 155
1604 390
390 1293
390 1011
1293 2209
1293 1538
2209 941
941 900
941 700
900 2198
900 1980
2198 1232
1232 1076
1076 2014
2014 1279
1279 2121
1279 1870
2121 1077
2121 1729
1077 1497
1077 1550
1497 158
158 274
274 854
274 1421
854 1443
1443 2029
2029 1074
1074 1294
1074 91
1294 1936
1936 817
817 58
58 2440
2440 1336
2440 1724
1336 1469
1336 1800
1469 559
1469 2457
559 2017
2017 888
2017 1987
888 2455
888 975
2455 1149
1149 2272
2272 2387
2272 1018
2387 1300
1300 2341
1300 1806
2341 1978
2341 1510
1978 2338
2338 2374
2374 2190
2190 669
669 1775
1775 2262
2262 1762
1762 939
1762 1755
939 2237
939 1758
2237 796
796 1275
1275 781
1275 1864
781 2306
781 1447
2306 1790
1790 635
1790 753
635 1368
635 1871
1368 2076
2076 1678
2076 258
1678 965
965 518
518 2169
2169 1400
1400 894
1400 1630
894 368
368 125
125 1118
125 610
1118 2151
2151 2307
2307 1389
1389 2402
1389 876
2402 2454
2454 1004
1004 1347
1347 443
443 161
161 652
652 1034
1034 279
279 2401
279 2050
2401 2308
2401 972
2308 118
2308 676
118 883
118 1712
883 2052
883 946
2052 1571
2052 880
1571 899
899 1218
899 688
1218 1683
1683 1480
1683 375
1480 1059
1480 2057
1059 1560
1560 2004
2004 1224
2004 2463
1224 2259
2259 520
2259 1329
520 1894
520 714
1894 1811
1894 1265
1811 349
349 1437
349 362
1437 154
154 2326
2326 818
2326 2300
818 550
550 356
550 1584
356 1912
1912 2150
2150 2364
2364 1528
1528 2053
2053 56
2053 1261
56 1910
56 2246
1910 2251
1910 421
2251 924
2251 1708
924 99
924 1649
99 1396
99 1945
1396 983
983 2434
983 2142
2434 632
2434 2156
632 149
149 2380
149 1287
2380 1451
2380 1056
1451 2449
2449 425
2449 2038
425 1460
1460 1746
1746 931
931 2411
931 1195
2411 1883
1883 754
754 947
754 978
947 525
947 1356
525 2130
2130 885
2130 2158
885 1506
1506 2283
2283 201
2283 1385
201 759
759 2049
2049 2162
2049 399
2162 2008
2008 2149
2149 1836
1836 807
1836 2420
807 2058
807 724
2058 1198
2058 1851
1198 2265
1198 419
2265 944
944 1472
1472 589
1472 9
589 1043
1043 232
1043 2416
232 14
232 2146
14 675
14 2291
675 1210
675 731
1210 1615
1210 1648
1615 1
1615 1305
1 2186
2186 402
2186 93
402 2231
402 1809
2231 1749
2231 469
1749 172
172 2472
2472 720
2472 527
720 726
720 355
726 1617
1617 1666
1666 593
593 2087
2087 1138
2087 127
1138 2172
1138 1073
2172 2410
2410 1169
2410 2189
1169 1908
1169 2399
1908 1440
1908 713
1440 1602
1602 1211
1211 760
1211 893
760 1029
760 599
1029 350
350 1196
1196 66
66 170
66 50
170 1414
170 1342
1414 2166
1414 2373
2166 1757
1757 1495
1757 1317
1495 1355
1495 1434
1355 698
1355 1752
698 667
667 3
3 1272
3 2021
1272 1557
1557 1360
1360 1139
1360 128
1139 1135
1139 471
1135 1676
1676 1250
1250 102
1250 777
102 1454
1454 433
1454 985
433 836
836 687
687 536
536 493
536 875
493 428
428 235
428 411
235 1370
235 907
1370 147
1370 510
147 881
147 1055
881 1322
1322 29
1322 1490
29 1574
1574 2175
1574 2462
2175 483
2175 312
483 1526
483 2001
1526 1582
1582 1817
1817 2322
1817 332
2322 2263
2322 340
2263 1177
1177 157
157 757
157 1313
757 2403
2403 835
835 430
430 1314
430 2406
1314 680
1314 2430
680 1431
680 1796
1431 1332
1431 2059
1332 1349
1349 36
1349 1230
36 196
196 745
745 886
745 997
886 1849
886 1635
1849 1062
1849 156
1062 2441
2441 1429
2441 1260
1429 1605
1429 92
1605 2164
1605 137
2164 10
2164 1825
10 1091
1091 2348
2348 1760
2348 54
1760 513
513 1235
1235 187
1235 1725
187 1592
1592 146
146 2015
2015 1145
1145 1315
1145 872
1315 1891
1315 1741
1891 1549
1549 273
1549 1165
273 446
273 902
446 1966
1966 59
1966 1661
59 488
59 354
488 1928
1928 1688
1928 1291
1688 1158
1688 870
1158 439
1158 1078
439 2333
439 1096
2333 1215
2333 2330
1215 2105
2105 1842
2105 1268
1842 1664
1664 1744
1664 1858
1744 2429
1744 300
2429 1114
1114 528
528 1958
528 1737
1958 1816
1958 2254
1816 1456
1816 1223
1456 1025
1025 2229
1025 1203
2229 783
2229 1328
783 1716
783 5
1716 1319
1716 2248
1319 164
1319 2044
164 1957
1957 70
70 1802
1802 1565
1565 1106
1106 1222
1222 793
793 2042
2042 1031
1031 1090
1031 1316
1090 262
1090 643
262 1238
1238 1354
1354 372
1354 389
372 163
163 1873
163 758
1873 1905
1873 547
1905 1383
1905 96
1383 479
479 379
379 1691
379 553
1691 2144
2144 237
237 214
237 2301
214 1639
1639 140
1639 689
140 2009
2009 2356
2009 2194
2356 1835
1835 2086
1835 619
2086 1397
2086 2280
1397 2443
2443 1170
1170 1689
1689 2225
2225 472
2225 1916
472 2404
472 1428
2404 1507
2404 1378
1507 1885
1885 396
396 2258
396 666
2258 324
2258 1801
324 1586
1586 2022
1586 649
2022 313
313 1780
313 287
1780 1794
1794 747
1794 501
747 1240
1240 1541
1541 2089
2089 1175
1175 1804
1804 1244
1244 1886
1886 392
1886 213
392 2287
2287 1330
1330 259
259 780
259 2316
780 1940
1940 1838
1940 1432
1838 1961
1961 1171
1961 626
1171 1947
1947 1547
1547 1989
1989 811
811 1705
811 966
1705 1564
1564 1620
1564 2343
1620 217
1620 505
217 672
217 2249
672 353
353 537
537 2218
537 2236
2218 1100
2218 1477
1100 316
316 415
316 855
415 1756
1756 906
906 1185
1185 2465
1185 604
2465 1021
1021 1292
1292 1113
1113 77
77 376
77 1663
376 1562
376 2030
1562 1578
1562 1622
1578 1229
1229 2111
2111 27
27 1035
1035 2242
1035 1600
2242 1677
2242 2328
1677 13
13 2099
2099 1779
1779 1212
1212 1953
1212 1474
1953 271
271 32
32 1503
32 1520
1503 896
1503 1738
896 182
896 1249
182 775
775 892
775 2243
892 2153
892 398
2153 2088
2088 343
343 2427
2427 2294
2427 1647
2294 1768
1768 263
1768 1070
263 1283
1283 1116
1283 2073
1116 1944
1116 1546
1944 1603
1603 2288
1603 2302
2288 2139
2288 929
2139 382
382 838
382 1208
838 2353
2353 1039
1039 1464
1039 1783
1464 1200
1200 233
233 1787
233 933
1787 1206
1787 613
1206 2245
1206 17
2245 114
2245 1950
114 2079
2079 1906
2079 2421
1906 2347
1906 1057
2347 120
120 686
120 2097
686 2375
686 148
2375 617
617 492
617 57
492 1789
1789 1695
1789 21
1695 1863
1695 2428
1863 2397
1863 2264
2397 1419
1419 2208
1419 497
2208 1156
1156 260
260 812
260 1141
812 229
229 1643
229 508
1643 1108
1108 1115
1108 2028
1115 1296
1115 1625
1296 732
1296 1904
732 1046
732 1616
1046 2119
2119 2034
2034 717
2034 1536
717 1967
1967 877
877 8
877 752
8 734
734 853
734 267
853 2426
853 151
2426 1960
1960 2386
2386 1467
1467 1449
1449 1702
1449 2459
1702 64
64 1645
1645 1527
1645 534
1527 957
957 1405
1405 417
1405 1846
417 1703
1703 1545
1703 846
1545 129
129 445
445 809
809 1973
1973 297
1973 588
297 1213
297 591
1213 1834
1213 2305
1834 1376
1376 1984
1376 1465
1984 842
842 126
842 2132
126 2352
126 2180
2352 1403
2352 1815
1403 116
116 1990
116 230
1990 1273
1273 1416
1416 1974
1974 1019
1019 1972
1019 1654
1972 253
1972 491
253 1784
253 1069
1784 839
839 418
418 795
795 878
878 1629
878 2408
1629 1289
1289 53
1289 581
53 198
198 1568
198 1310
1568 303
303 631
303 2102
631 2035
631 969
2035 1344
2035 1187
1344 1040
1040 130
1040 901
130 609
609 39
609 2210
39 327
39 584
327 1786
327 2412
1786 1371
1786 792
1371 683
683 2197
683 1840
2197 1576
2197 2413
1576 1854
1854 719
719 728
728 864
864 1309
864 2122
1309 1718
1309 1579
1718 2168
1718 226
2168 2019
2168 466
2019 574
574 458
458 718
458 1567
718 1532
718 72
1532 1640
1532 1241
1640 1650
1640 2359
1650 302
302 1589
1589 1658
1589 1391
1658 1479
1479 414
414 1553
1553 2299
1553 1954
2299 2214
2299 2081
2214 1607
1607 1856
1856 788
788 816
788 1962
816 1845
1845 773
773 2013
773 1088
2013 1740
1740 197
1740 2226
197 1659
197 321
1659 2213
1659 1922
2213 1597
1597 437
1597 329
437 1071
1071 2115
1071 221
2115 637
637 1521
637 701
1521 1558
1558 65
65 1733
65 447
1733 2342
1733 342
2342 646
2342 670
646 192
192 575
192 205
575 331
331 507
331 1813
507 1628
507 1188
1628 521
1628 1795
521 2206
2206 2379
2379 539
539 112
539 1036
112 565
565 605
565 2471
605 63
605 897
63 1470
1470 2268
2268 1627
1627 2444
1627 1985
2444 1570
1570 1919
1919 1932
1919 1458
1932 841
841 1308
841 999
1308 751
751 2011
751 772
2011 432
2011 177
432 1061
1061 1941
1061 1807
1941 105
1941 162
105 429
429 1646
429 982
1646 1981
1646 480
1981 319
319 1965
319 405
1965 552
552 1948
552 495
1948 2372
1948 2447
2372 2096
2372 2418
2096 791
2096 1596
791 1326
1326 1194
1194 1433
1433 1556
1433 1820
1556 1797
1797 1201
1797 971
1201 2138
1201 2098
2138 566
2138 1826
566 628
566 921
628 684
684 296
684 1257
296 69
296 598
69 278
278 1996
278 1290
1996 204
204 987
204 280
987 133
133 1766
1766 998
1766 2235
998 1672
1672 1923
1672 1505
1923 967
967 373
373 1284
373 1015
1284 1751
1751 2396
2396 1032
1032 1267
1267 1927
1927 866
1927 1710
866 1333
1333 923
923 462
923 2470
462 236
236 664
236 1866
664 634
664 1239
634 1983
634 750
1983 248
248 916
916 494
494 145
145 2284
2284 1496
2284 990
1496 1761
1496 1041
1761 531
531 1255
531 464
1255 2100
1255 6
2100 2109
2100 586
2109 2345
2109 2110
2345 2157
2345 1334
2157 956
956 1276
1276 1143
1143 1085
1143 1277
1085 1009
1009 1933
1933 255
255 779
779 281
779 395
281 1585
1585 1943
1943 500
1943 1102
500 423
423 973
423 1179
973 741
973 1282
741 2390
2390 2002
2002 143
143 1153
1153 2064
1153 2171
2064 1471
1471 1822
1471 2161
1822 868
1822 2216
868 712
868 2082
712 555
555 2424
2424 515
2424 307
515 1601
515 44
1601 627
627 183
627 1478
183 357
357 240
357 690
240 33
33 47
33 2137
47 659
47 590
659 1662
1662 776
776 968
968 560
968 1837
560 1843
1843 351
351 485
485 1299
485 602
1299 1926
1299 43
1926 567
567 2094
567 2314
2094 242
2094 1522
242 2473
2473 2046
2473 2201
2046 564
564 639
564 1178
639 1345
1345 95
1345 662
95 785
785 1186
1186 1017
1017 1638
1017 2141
1638 1129
1129 1381
1129 1696
1381 1727
1727 1364
1727 1168
1364 1769
1769 2003
2003 1285
1285 802
802 2000
802 2195
2000 913
913 621
621 109
621 1534
109 441
109 2083
441 2131
441 1303
2131 2318
2131 1264
2318 289
2318 2063
289 427
289 1220
427 1935
427 468
1935 1408
1935 1862
1408 2065
2065 2084
2084 314
314 1304
314 1877
1304 691
691 2241
691 829
2241 1785
1785 2233
1785 1134
2233 1719
1719 2126
1719 403
2126 212
2126 2468
212 434
434 477
477 716
716 1406
1406 2419
1406 381
2419 2070
2070 2205
2205 1855
1855 2392
1855 1764
2392 474
2392 908
474 1747
1747 1829
1829 1016
1016 898
898 2320
2320 1759
1759 1083
1759 721
1083 344
344 787
344 1563
787 2319
2319 782
782 1514
782 1706
1514 953
1514 642
953 360
953 1782
360 1072
1072 577
1072 1833
577 1068
1068 1992
1992 538
538 284
284 285
284 1670
285 487
487 767
487 166
767 2376
767 184
2376 2384
2384 1492
1492 111
111 1577
1577 2324
1577 310
2324 1037
1037 1348
1348 1051
1051 578
578 919
578 490
919 1704
1704 600
600 2106
600 1698
2106 2118
2118 733
733 771
771 442
771 1690
442 865
865 582
865 729
582 715
715 2315
715 463
2315 1281
1281 569
1281 408
569 1667
569 756
1667 2383
2383 1997
1997 1805
1805 950
950 448
448 1859
1859 1008
1008 837
837 874
874 1971
874 144
1971 1934
1934 1030
1030 2060
2060 1339
2060 1713
1339 519
519 1053
1053 2232
2232 2474
2474 2092
2474 2327
2092 2031
2092 409
2031 1543
1543 1197
1543 2077
1197 1335
1197 188
1335 1847
1335 2350
1847 294
294 358
358 2023
2023 925
925 656
925 1516
656 1361
656 420
1361 1994
1361 131
1994 583
1994 2179
583 138
138 1386
1386 955
955 315
315 371
315 1483
371 18
371 167
18 730
730 1340
1340 220
1340 1259
220 1682
220 1920
1682 142
1682 1512
142 1166
142 1889
1166 363
1166 239
363 2311
2311 1159
1159 1777
1777 30
30 668
30 478
668 2069
2069 989
989 618
618 76
76 545
545 903
545 784
903 1297
903 85
1297 2337
2337 685
685 94
685 2400
94 526
94 1295
526 2425
2425 1771
1771 2367
1771 832
2367 1831
1831 346
1831 385
346 1132
346 1227
1132 98
1132 2174
98 1411
98 1938
1411 2116
2116 2075
2075 2321
2075 150
2321 153
153 1402
153 489
1402 979
1402 257
979 2409
979 2125
2409 132
2409 1181
132 1459
1459 55
55 1350
55 1048
1350 1010
1350 848
1010 2377
1010 1395
2377 1359
2377 1655
1359 504
1359 26
504 1993
1993 648
648 1995
648 2451
1995 2285
2285 2103
2285 2351
2103 2431
2103 75
2431 1409
2431 1357
1409 801
1409 1765
801 2298
2298 856
856 1152
1152 1613
1613 481
1613 394
481 367
367 2192
367 1270
2192 62
62 107
107 1900
107 1614
1900 473
473 450
450 247
247 641
641 1982
641 1214
1982 1778
1982 1423
1778 770
770 1274
1274 711
711 336
336 1852
336 119
1852 1404
1852 1438
1404 413
413 165
413 2332
165 1358
1358 1814
1814 1949
1814 1726
1949 1219
1219 948
948 1880
1880 630
1880 1318
630 1452
630 1772
1452 1918
1452 1301
1918 73
1918 928
73 2188
2188 1714
1714 1823
1714 849
1823 370
1823 1773
370 1172
370 219
1172 476
476 2211
2211 2317
2211 1013
2317 1651
1651 400
400 1937
1937 549
549 1202
1202 1554
1202 444
1554 1450
1554 2159
1450 1288
1288 2274
2274 774
774 1254
1254 2240
2240 283
2240 1750
283 457
457 2436
457 1105
2436 1325
1325 2388
2388 543
543 1685
1685 291
1685 833
291 2253
2253 587
587 334
587 364
334 486
486 912
912 738
912 2252
738 1392
738 2270
1392 1591
1392 702
1591 1530
1530 121
121 1493
1493 2202
2202 1286
2202 2212
1286 341
341 981
341 1896
981 1552
1552 1401
1552 2368
1401 1022
1401 1407
1022 572
572 2224
572 1626
2224 822
2224 1436
822 1262
822 740
1262 2464
1262 261
2464 821
821 38
821 2382
38 1970
38 524
1970 1038
1038 845
1038 2113
845 454
454 2071
454 840
2071 1699
2071 1739
1699 708
1699 2360
708 1298
708 597
1298 1112
1112 2128
1112 1123
2128 1964
1964 1968
1964 1353
1968 542
542 416
542 311
416 1660
1660 996
1660 1508
996 2143
2143 1331
1331 1844
1331 959
1844 860
860 337
860 2193
337 1439
1439 1587
1587 482
482 1652
1652 1793
1652 993
1793 2281
2281 1377
1377 2145
1377 2461
2145 460
460 1803
1803 2170
1803 1956
2170 1384
1384 2016
1384 1734
2016 1110
1110 298
298 2184
298 561
2184 1140
1140 995
1140 348
995 737
737 11
11 1731
1731 1271
1271 2054
2054 516
2054 1346
516 2123
516 178
2123 815
2123 2124
815 930
930 1075
1075 974
974 2269
974 1709
2269 962
962 1669
1669 746
1669 266
746 292
746 606
292 1728
292 1190
1728 378
378 223
223 1226
1226 935
935 1079
935 742
1079 2293
2293 117
117 977
977 2177
2177 1455
2177 391
1455 2445
2445 863
863 176
176 1687
176 2469
1687 304
304 88
304 512
88 299
299 986
299 2282
986 710
986 859
710 1841
710 339
1841 2278
1841 1519
2278 1435
1435 175
175 1925
1925 20
20 1173
1173 1137
1173 2108
1137 1146
1146 2460
1146 1387
2460 612
2460 2381
612 727
612 1045
727 2295
2295 276
276 108
276 2165
108 1955
108 1504
1955 709
709 1839
709 386
1839 1975
1975 404
404 252
252 1176
252 530
1176 2256
2256 1278
1278 377
377 1902
1902 1399
1902 338
1399 1901
1901 1251
1901 1148
1251 412
1251 250
412 207
412 2085
207 410
410 2
410 2027
2 1263
1263 2140
1263 1494
2140 1162
1162 1042
1042 49
49 1692
49 1065
1692 1939
1692 927
1939 828
828 620
828 1872
620 1390
620 580
1390 1671
1671 1280
1671 2456
1280 1868
1280 1969
1868 2310
2310 1026
2310 234
1026 798
1026 174
798 309
798 100
309 707
309 660
707 1246
1246 1418
1246 7
1418 451
1418 654
451 1489
1489 1367
1367 1808
1808 2446
1808 2107
2446 1084
1084 1446
1084 2104
1446 1976
1446 2276
1976 228
1976 2292
228 1231
228 1012
1231 1098
1231 48
1098 2297
2297 778
2297 2257
778 45
45 2152
2152 23
2152 347
23 1374
1374 2032
2032 52
52 2163
2163 2423
2163 1959
2423 614
614 1736
1736 1693
1693 749
749 2037
2037 1228
2037 2357
1228 191
1228 1791
191 123
123 2267
2267 622
622 422
622 2215
422 4
422 1609
4 1598
1598 80
1598 834
80 2018
80 739
2018 1675
1675 22
22 2286
2286 1999
1999 2309
2309 2442
2309 2160
2442 940
940 173
173 1860
1860 1824
1860 926
1824 1394
1394 937
1394 1694
937 789
937 1256
789 181
181 2196
2196 920
2196 1167
920 2051
2051 322
2051 511
322 554
554 1917
1917 195
195 2438
195 1420
2438 2147
2438 407
2147 2047
2147 2335
2047 1680
1680 238
238 436
436 544
436 202
544 383
383 1637
383 1979
1637 1457
1457 1799
1799 2228
1799 1991
2228 568
2228 596
568 951
568 365
951 551
551 607
551 960
607 869
869 1050
869 113
1050 1915
1915 914
1915 1014
914 1193
1193 1897
1897 514
1897 1049
514 1338
1338 503
1338 1163
503 2033
503 585
2033 2055
2055 2395
2395 2191
2395 1618
2191 2331
2331 1154
1154 638
1154 1735
638 2370
2370 608
608 1130
608 1573
1130 104
104 12
104 603
12 1066
12 2010
1066 1324
1324 179
179 1548
179 1732
1548 19
19 1884
19 1770
1884 1136
1884 1890
1136 1426
1426 1453
1453 426
1453 361
426 1150
1150 317
317 1542
1542 1205
1542 887
1205 1320
1205 1225
1320 2378
1320 1529
2378 942
2378 320
942 1619
942 1047
1619 2407
2407 2222
2407 1561
2222 1566
2222 1781
1566 2450
2450 41
41 1064
1064 243
1064 2325
243 1126
243 1352
1126 79
1126 1611
79 1312
1312 1221
1312 1448
1221 2340
2340 1463
1463 245
245 1369
1369 509
509 1425
1425 570
570 1882
570 2389
1882 1924
1924 2275
2275 910
910 905
905 1634
905 705
1634 1827
1827 736
1827 1067
736 1581
1581 768
768 1366
1366 1748
1366 1535
1748 1388
1388 1513
1513 82
1513 1306
82 2385
2385 275
2385 804
275 1697
1697 190
1697 1182
190 735
190 904
735 1498
1498 1952
1498 541
1952 139
139 1763
139 200
1763 1533
1533 2365
1533 889
2365 1792
2365 231
1792 1569
1569 665
665 2433
2433 435
435 1133
435 1191
1133 1942
1942 211
211 976
976 1160
976 2093
1160 2336
1160 2135
2336 1610
2336 1988
1610 2369
2369 227
227 1155
227 1700
1155 1888
1888 697
697 1006
697 980
1006 2273
2273 46
46 2366
46 805
2366 1127
1127 1247
1247 517
1247 695
517 1887
1887 850
1887 655
850 640
850 2290
640 2250
640 1020
2250 2167
2250 215
2167 629
2167 794
629 748
748 704
704 1253
1253 452
452 374
374 932
374 963
932 2120
2120 623
2120 2127
623 1998
623 1151
1998 890
1998 502
890 1517
890 1209
1517 60
60 1121
60 2183
1121 31
31 611
611 1119
1119 790
1119 1653
790 562
790 1594
562 465
465 1337
465 1192
1337 78
78 2048
78 224
2048 2095
2095 1362
2095 1633
1362 1946
1362 397
1946 1525
1946 290
1525 330
1525 651
330 699
699 1052
699 851
1052 301
301 1544
1544 2112
1544 879
2112 369
369 2432
2432 991
2432 90
991 2414
2414 2039
2039 653
653 1551
1551 1161
1161 456
456 1606
456 1393
1606 110
110 797
797 152
797 424
152 1063
1063 2026
1063 35
2026 1491
