2 1625 368990670
1 2
194 515
515 473
473 1347
473 1141
1347 838
838 744
744 523
523 1382
523 1435
1382 335
1382 1342
335 392
335 953
392 676
392 1480
676 1564
676 304
1564 296
296 1594
296 12
1594 121
1594 1418
121 1236
1236 503
1236 823
503 971
503 338
971 1070
1070 848
848 350
350 1468
350 1563
1468 181
1468 764
181 742
742 1100
742 684
1100 762
1100 300
762 1094
1094 914
1094 248
914 785
785 231
785 277
231 636
231 1578
636 1612
636 1284
1612 1606
1606 598
598 369
369 1368
369 1001
1368 562
1368 679
562 1620
1620 1153
1620 928
1153 1028
1028 856
1028 1019
856 394
394 407
407 651
407 854
651 1325
1325 536
536 1409
536 375
1409 690
690 735
690 1497
735 855
735 462
855 784
855 328
784 907
907 1590
907 521
1590 789
789 511
789 139
511 1349
1349 1408
1349 807
1408 675
675 186
675 743
186 138
186 613
138 680
680 250
250 1341
250 1157
1341 441
1341 1023
441 1473
441 929
1473 693
1473 950
693 667
667 1350
1350 1333
1333 745
1333 1588
745 1363
745 1298
1363 1485
1485 176
1485 942
176 470
470 247
470 1624
247 771
771 279
771 768
279 348
348 1231
348 1494
1231 936
936 151
151 1332
1332 1216
1332 625
1216 1537
1216 1173
1537 49
49 1051
49 1043
1051 1132
1132 341
1132 782
341 982
341 390
982 1182
1182 864
1182 397
864 1095
1095 347
1095 1225
347 754
347 319
754 493
493 738
493 230
738 896
738 621
896 751
751 56
56 110
56 1519
110 1041
110 1386
1041 1240
1240 1455
1240 1562
1455 88
1455 970
88 1241
88 1329
1241 827
1241 1500
827 1108
1108 44
1108 681
44 520
44 1038
520 1179
520 474
1179 791
791 1570
791 783
1570 4
4 846
846 1334
1334 843
843 910
910 1501
910 587
1501 1526
1526 1560
1526 1167
1560 1571
1560 1305
1571 1373
1373 673
1373 249
673 153
153 69
69 1481
69 672
1481 1534
1481 412
1534 1367
1534 895
1367 207
1367 600
207 485
207 1277
485 1531
1531 659
659 857
857 1130
857 664
1130 342
342 988
988 1288
988 68
1288 701
701 465
465 627
465 641
627 40
40 1436
40 1356
1436 1387
1436 1556
1387 566
566 964
964 1196
964 1226
1196 5
5 281
5 829
281 944
281 246
944 1458
944 682
1458 1471
1471 437
437 1605
1605 671
671 386
386 723
386 832
723 1206
1206 429
1206 505
429 670
429 1479
670 1086
1086 612
612 539
539 409
409 241
241 1042
241 545
1042 33
33 1457
1457 149
1457 269
149 644
149 913
644 1067
1067 862
1067 1550
862 668
668 871
668 202
871 79
871 327
79 1090
79 1506
1090 1049
1049 991
1049 1511
991 1584
991 999
1584 426
426 1122
426 925
1122 1623
1623 466
1623 1495
466 571
466 1262
571 283
571 494
283 810
810 1557
1557 1604
1557 395
1604 144
144 460
460 858
460 1345
858 981
981 1611
1611 496
1611 182
496 393
393 577
577 1377
1377 253
1377 1215
253 1292
1292 63
63 683
63 804
683 461
461 1243
1243 1576
1576 260
260 1101
1101 597
597 912
597 1460
912 373
912 655
373 951
373 163
951 805
805 145
805 801
145 694
145 1452
694 1195
1195 361
1195 463
361 606
361 1414
606 1464
1464 1616
1464 878
1616 382
382 1622
1622 1398
1398 576
1398 1581
576 414
414 1162
414 653
1162 1040
1040 1221
1040 753
1221 1184
1221 329
1184 526
526 172
526 1601
172 557
172 608
557 424
557 293
424 100
424 55
100 781
100 484
781 486
781 510
486 1057
486 960
1057 1033
1057 1315
1033 922
922 42
42 435
42 220
435 339
339 1513
339 128
1513 957
1513 1115
957 1600
957 1054
1600 956
956 1004
1004 737
737 1083
737 814
1083 568
568 1352
1352 86
1352 416
86 630
630 1071
630 1469
1071 901
901 1422
901 1467
1422 54
1422 583
54 1361
1361 1314
1361 502
1314 933
933 1490
1490 267
267 966
267 150
966 177
966 796
177 355
355 533
533 167
167 1525
1525 1265
1265 324
1265 1393
324 773
324 1351
773 480
480 799
799 919
919 876
919 360
876 1186
1186 453
1186 1116
453 1249
453 1177
1249 368
368 483
483 708
708 877
877 10
10 732
10 387
732 51
51 980
980 500
500 648
500 1583
648 1365
1365 1111
1365 272
1111 1446
1111 995
1446 715
715 517
517 830
830 330
330 431
330 836
431 1310
431 1425
1310 1520
1520 1238
1238 487
487 879
487 1020
879 884
879 741
884 132
132 1046
1046 188
1046 1486
188 861
861 839
861 567
839 1417
1417 24
24 29
29 224
29 57
224 1012
224 190
1012 81
81 1331
1331 141
141 389
141 38
389 417
389 28
417 325
325 266
325 1259
266 240
240 1453
1453 357
1453 1483
357 746
357 59
746 45
45 1251
1251 1188
1188 809
809 1270
1270 947
1270 399
947 1037
947 1211
1037 271
271 821
821 1547
1547 934
934 685
934 285
685 724
685 1474
724 624
724 117
624 125
125 206
125 860
206 733
733 415
415 969
969 1348
1348 834
834 1319
834 1061
1319 609
1319 478
609 1532
1532 1092
1532 420
1092 1107
1092 657
1107 311
1107 813
311 1191
311 1413
1191 1309
1309 1093
1093 924
1093 1577
924 722
722 512
722 507
512 225
225 570
570 148
570 217
148 1128
1128 343
343 998
998 547
998 286
547 978
547 1245
978 1034
1034 103
1034 243
103 14
14 1378
1378 102
102 123
123 401
123 872
401 490
401 1607
490 381
490 554
381 1554
1554 1152
1152 1539
1152 124
1539 697
1539 363
697 596
697 1151
596 450
450 647
647 1595
1595 31
31 1175
31 1296
1175 134
134 1428
1428 1463
1463 593
593 161
593 849
161 400
161 1145
400 904
904 1401
1401 867
867 135
867 555
135 1510
1510 841
1510 1484
841 1374
1374 859
859 691
859 902
691 19
691 776
19 1273
19 1476
1273 80
1273 617
80 74
74 553
553 1114
1114 374
374 1295
374 114
1295 364
364 1274
364 1264
1274 640
640 457
640 101
457 1451
1451 89
1451 205
89 915
915 306
915 1219
306 160
160 534
534 96
96 1015
1015 156
1015 831
156 1358
156 531
1358 866
866 1213
1213 581
1213 1127
581 1078
1078 1548
1078 852
1548 458
458 492
458 656
492 127
127 984
127 173
984 660
660 108
660 1371
108 1113
1113 1207
1207 67
67 425
67 439
425 720
720 261
261 192
192 976
976 1514
976 932
1514 1276
1514 920
1276 717
1276 869
717 197
717 1214
197 178
178 1278
178 236
1278 1156
1156 323
1156 1084
323 169
169 1602
1602 638
1602 573
638 447
638 1311
447 196
196 312
196 1154
312 1364
1364 1441
1364 903
1441 184
1441 1155
184 714
714 842
714 637
842 599
599 917
917 837
837 262
837 887
262 868
262 1426
868 959
868 84
959 1121
959 551
1121 1444
1444 822
822 611
611 710
611 1465
710 1544
1544 282
282 891
282 1399
891 1218
891 1498
1218 180
180 1074
1074 706
706 816
706 257
816 556
556 1201
1201 1103
1201 1507
1103 2
2 519
2 569
519 1257
519 1459
1257 1024
1257 405
1024 129
129 588
129 602
588 1316
1316 1294
1294 264
264 1148
1148 802
1148 1440
802 1324
802 287
1324 548
548 674
674 380
674 1375
380 331
331 1008
1008 233
233 130
233 797
130 93
93 384
93 204
384 987
384 295
987 1402
1402 968
968 1171
968 1320
1171 1056
1056 623
623 171
171 757
757 1246
1246 642
1246 237
642 678
642 1210
678 1237
678 1575
1237 275
1237 654
275 989
275 1053
989 1229
989 979
1229 1164
1164 1
1 817
1 646
817 552
817 1392
552 1149
1149 1589
1149 1585
1589 590
590 765
590 1397
765 1120
1120 1280
1120 1376
1280 898
1280 1586
898 27
898 726
27 479
27 72
479 1212
1212 544
544 997
544 972
997 1308
997 1150
1308 256
256 1159
1159 378
378 491
491 218
491 662
218 1266
1266 1359
1359 550
1359 290
550 973
550 297
973 666
666 892
892 91
892 438
91 1394
1394 639
639 702
702 345
702 825
345 1039
1039 432
1039 1336
432 71
71 882
71 528
882 1442
882 1303
1442 618
1442 965
618 1297
618 60
1297 563
563 1307
1307 1223
1307 844
1223 97
1223 711
97 1105
97 239
1105 310
1105 1515
310 1075
310 1475
1075 1187
1075 952
1187 616
1187 937
616 1139
1139 565
565 1205
565 1059
1205 705
1205 445
705 402
705 270
402 396
402 1420
396 1404
1404 62
62 905
62 1261
905 603
905 1434
603 610
610 1603
610 725
1603 713
1603 1561
713 446
713 906
446 1003
446 1313
1003 1189
1003 881
1189 1089
1189 756
1089 254
254 1559
1559 367
1559 1199
367 1579
1579 1202
1202 874
1202 747
874 1478
1478 174
1478 1047
174 699
699 1247
1247 314
314 1044
1044 943
943 946
946 921
921 422
921 18
422 23
422 1558
23 518
23 850
518 604
518 792
604 1027
1027 941
1027 909
941 1291
1291 524
524 1380
1380 1491
1380 1477
1491 1533
1533 543
1533 1010
543 818
543 215
818 885
818 619
885 1026
1026 549
549 488
488 1551
1551 1390
1551 1271
1390 815
815 227
815 1488
227 1304
1304 15
1304 73
15 1427
1427 527
1427 689
527 95
527 358
95 352
95 1339
352 1286
352 1540
1286 274
274 408
408 1014
408 767
1014 1545
1545 1524
1524 704
704 11
11 245
245 351
245 883
351 1161
351 983
1161 1142
1161 888
1142 758
1142 1248
758 1596
758 85
1596 326
326 1096
326 1568
1096 790
1096 104
790 198
790 444
198 794
198 70
794 863
863 346
863 1312
346 46
346 1021
46 582
46 242
582 427
582 263
427 1269
427 1129
1269 1505
1505 700
700 452
452 761
452 76
761 235
761 1502
235 1209
1209 1527
1209 1445
1527 1582
1527 1138
1582 558
558 546
546 561
546 440
561 749
561 1174
749 1431
749 1555
1431 580
580 26
580 1064
26 1234
26 344
1234 1592
1592 787
787 122
787 696
122 1598
122 1018
1598 499
499 159
159 1535
1535 200
1535 897
200 501
501 537
537 870
537 1357
870 146
146 255
255 1025
255 1031
1025 811
811 1384
1384 1290
1384 208
1290 1063
1290 540
1063 1396
1063 1263
1396 948
948 448
448 203
448 1137
203 276
203 1006
276 1338
276 748
1338 538
1338 579
538 1087
1087 1000
1087 410
1000 931
931 1415
931 421
1415 601
1415 1203
601 703
703 1255
703 1593
1255 442
1255 1423
442 607
607 900
900 356
356 50
356 30
50 433
433 1388
433 226
1388 1068
1068 1449
1449 1017
1449 535
1017 529
529 1416
529 985
1416 362
1416 365
362 1625
1625 228
228 760
228 1104
760 775
760 1131
775 1597
775 1190
1597 1256
1256 1346
1256 316
1346 222
1346 1118
222 1282
222 1058
1282 1079
1282 1227
1079 586
1079 223
586 1140
586 1244
1140 614
1140 52
614 133
614 48
133 1124
1124 686
1124 1421
686 162
162 379
162 778
379 118
118 1065
118 1035
1065 740
740 769
740 1529
769 698
769 1503
698 140
140 143
140 1302
143 1081
143 994
1081 195
1081 1181
195 709
709 1493
1493 1069
1493 1260
1069 509
509 383
509 559
383 305
383 688
305 1410
1410 851
851 1355
1355 1403
1355 459
1403 835
1403 1523
835 1166
1166 1085
1166 36
1085 873
1085 1239
873 1197
873 1328
1197 620
620 1362
1362 1097
1097 321
321 1327
1327 1088
1088 731
731 213
731 322
213 294
294 840
840 1389
840 313
1389 1235
1389 736
1235 750
750 974
750 894
974 1543
1543 1183
1543 1489
1183 1385
1385 803
803 406
803 289
406 476
406 1618
476 334
334 90
334 302
90 1565
90 1158
1565 170
170 1609
1609 1322
1609 265
1322 1538
1538 633
633 107
107 158
158 481
158 22
481 1447
1447 930
930 770
770 430
770 763
430 32
32 1135
32 1143
1135 1029
1029 712
712 1610
1610 216
216 1300
1300 935
1300 585
935 475
475 1517
475 1016
1517 234
1517 1172
234 353
234 766
353 986
353 307
986 268
986 372
268 336
336 938
938 853
938 214
853 1022
1022 309
1022 886
309 1180
309 385
1180 1109
1180 1200
1109 147
147 332
332 404
404 1574
404 780
1574 436
1574 1366
436 1147
1147 229
229 1178
229 16
1178 115
1178 20
115 759
759 962
962 591
962 113
591 1072
591 131
1072 719
1072 377
719 1437
719 695
1437 120
120 1165
120 1194
1165 142
142 349
142 82
349 1299
1299 1066
1299 1323
1066 35
1066 793
35 927
927 1530
927 1110
1530 116
116 1542
1542 211
211 1569
211 663
1569 136
1569 1470
136 1369
1369 1391
1369 34
1391 1289
1391 291
1289 1106
1289 739
1106 594
594 1516
1516 1439
1516 1030
1439 865
865 650
865 152
650 467
467 64
467 1487
64 6
6 1419
6 1176
1419 398
398 449
449 845
845 221
845 83
221 1146
221 992
1146 615
1146 13
615 961
615 1163
961 454
961 1185
454 354
454 154
354 975
354 1343
975 958
958 1411
958 25
1411 1204
1204 1192
1204 187
1192 1217
1192 1462
1217 58
1217 17
58 564
58 730
564 777
777 1499
777 164
1499 795
1499 716
795 315
795 53
315 1193
315 954
1193 1091
1193 468
1091 1621
1091 595
1621 788
788 1492
788 1099
1492 98
98 201
201 1267
201 219
1267 1198
1267 1512
1198 1573
1573 1272
1272 1009
1009 1073
1009 39
1073 1098
1098 1552
1552 1233
1552 1522
1233 210
210 1613
1613 8
1613 1160
8 772
8 1407
772 1370
772 963
1370 1354
1370 388
1354 899
1354 1381
899 482
899 298
482 1005
482 649
1005 1438
1438 1405
1405 21
1405 755
21 1318
21 403
1318 251
251 212
212 1566
212 106
1566 1472
1566 575
1472 1360
1472 112
1360 1306
1306 1007
1306 1330
1007 1055
1007 940
1055 340
1055 288
340 183
340 1232
183 1317
1317 1050
1317 658
1050 889
1050 94
889 1136
1136 779
1136 423
779 1275
1275 111
1275 1036
111 578
111 244
578 75
578 1496
75 1614
75 634
1614 1335
1614 1553
1335 418
1335 993
418 1208
1208 908
1208 41
908 1077
1077 1285
1285 317
1285 1395
317 1230
1230 1450
1230 1258
1450 126
1450 1301
126 258
258 259
259 628
628 1287
1287 1013
1287 1424
1013 880
880 1587
880 1222
1587 99
1587 168
99 87
87 1504
87 718
1504 721
721 508
721 574
508 632
508 1379
632 1572
1572 1242
1242 806
806 525
806 513
525 66
525 1430
66 434
434 504
434 560
504 1340
1340 1372
1372 514
1372 77
514 65
514 847
65 1400
1400 677
1400 1344
677 299
299 232
299 916
232 1546
1546 370
370 1326
370 359
1326 820
1326 1541
820 451
451 199
199 413
413 1456
1456 631
1456 786
631 752
752 3
752 105
3 661
661 284
284 833
833 1169
1169 47
1169 1454
47 1123
47 645
1123 472
1123 1144
472 303
303 1076
1076 443
1076 78
443 318
443 1254
318 977
977 923
923 119
119 9
119 584
9 541
541 652
652 497
652 828
497 498
498 7
498 687
7 1528
1528 812
1528 1509
812 875
812 967
875 1032
1032 945
1032 391
945 333
333 1549
1549 1281
1281 669
669 280
669 665
280 774
280 1591
774 819
819 495
495 542
495 996
542 800
542 301
800 428
428 1443
428 635
1443 1134
1443 376
1134 1082
1082 61
61 1432
61 1228
1432 1133
1133 1250
1133 707
1250 1521
1521 530
530 1252
530 592
1252 911
911 1383
1383 1448
1383 371
1448 157
157 1567
1567 109
1567 798
109 629
109 1224
629 1293
629 155
1293 990
990 320
320 189
189 1062
189 1052
1062 464
464 489
489 1466
489 1253
1466 455
1466 337
455 1580
1580 826
1580 1112
826 692
826 522
692 893
893 1353
893 890
1353 1482
1353 411
1482 1045
1045 643
1045 1508
643 728
728 1461
1461 137
1461 1433
137 824
824 193
193 605
193 1011
605 165
165 191
165 572
191 1608
1608 477
477 626
626 1518
626 1406
1518 1080
1080 179
179 589
179 516
589 1119
589 166
1119 1599
1119 918
1599 1619
1619 1126
1126 1337
1337 1060
1337 729
1060 926
926 1048
926 622
1048 1283
1048 92
1283 1429
1283 209
1429 273
1429 808
273 1168
273 175
1168 1125
1125 955
1125 1170
955 532
532 456
532 252
456 1617
456 308
1617 471
471 292
471 185
292 734
734 1321
734 1268
1321 238
1321 1536
238 1412
238 1102
1412 278
278 1615
278 939
1615 1117
1117 37
37 469
469 419
419 1220
1220 43
43 506
506 727
506 949
727 366
727 1279
366 1002
