3 1841 521
1 3
3 2
1780 1364
1364 356
1364 244
356 1653
356 1595
1653 1042
1653 302
1042 1197
1197 950
950 263
950 1772
263 1493
263 1274
1493 930
1493 1436
930 253
930 1512
253 831
831 305
305 1594
1594 1319
1594 837
1319 568
568 1428
568 1758
1428 1190
1190 310
310 1022
1022 1187
1022 1086
1187 881
1187 545
881 735
881 1212
735 453
735 319
453 318
453 106
318 163
318 1250
163 322
163 1336
322 1785
322 467
1785 747
747 252
252 140
140 1050
140 1804
1050 1373
1373 644
644 242
644 641
242 314
242 612
314 1146
314 1749
1146 1788
1146 549
1788 1528
1528 754
1528 873
754 65
754 701
65 57
65 211
57 460
460 149
149 1643
149 171
1643 212
212 1177
212 690
1177 966
966 553
553 1235
1235 173
1235 1437
173 1716
173 410
1716 713
713 1456
713 1134
1456 1158
1158 1587
1587 541
541 1618
541 1179
1618 779
779 1828
779 763
1828 30
1828 1039
30 1240
30 857
1240 1779
1240 1458
1779 1728
1779 1701
1728 341
341 497
497 1835
1835 418
1835 1137
418 406
418 121
406 1761
406 1027
1761 208
208 326
326 1257
326 344
1257 1585
1257 1485
1585 1384
1384 1503
1384 232
1503 1718
1718 528
528 951
951 1420
951 9
1420 351
1420 981
351 871
871 658
658 675
675 1376
1376 99
1376 817
99 1509
99 540
1509 1040
1040 829
1040 1390
829 936
936 444
444 751
751 309
751 86
309 590
590 1323
590 271
1323 1410
1410 1210
1410 826
1210 1106
1210 158
1106 516
516 773
773 199
773 714
199 756
756 663
663 821
663 1812
821 1550
821 1226
1550 651
651 431
651 160
431 205
205 1062
1062 1321
1321 1003
1321 629
1003 870
1003 1251
870 31
870 1275
31 218
31 96
218 1063
1063 600
1063 917
600 1799
1799 1688
1688 1522
1522 73
1522 241
73 88
73 1506
88 861
88 1411
861 393
861 378
393 1771
393 1262
1771 1006
1006 68
68 997
68 1474
997 993
997 1617
993 804
993 1659
804 1707
804 139
1707 408
1707 245
408 838
838 971
838 1169
971 335
971 353
335 39
39 825
39 222
825 1053
1053 14
1053 299
14 819
14 231
819 920
819 513
920 22
22 1223
22 1301
1223 1408
1408 1755
1755 1367
1755 1813
1367 1494
1494 1156
1494 1383
1156 1754
1754 1061
1061 1315
1061 192
1315 1542
1542 1095
1095 1144
1095 1679
1144 758
758 347
347 1675
347 141
1675 1113
1675 165
1113 1801
1801 332
1801 1652
332 727
332 1504
727 1093
727 1127
1093 1340
1340 969
1340 102
969 799
799 793
799 985
793 904
904 674
674 783
674 195
783 687
687 996
687 630
996 1279
996 910
1279 150
150 530
150 330
530 761
530 419
761 180
761 835
180 953
180 449
953 473
953 721
473 53
473 373
53 685
685 349
349 382
382 1481
382 221
1481 1115
1481 1120
1115 1
1115 155
1 785
785 521
521 321
321 193
321 588
193 364
193 483
364 812
364 680
812 477
477 1773
477 1704
1773 1514
1773 531
1514 79
1514 77
79 110
79 1495
110 1792
110 1215
1792 1703
1703 85
1703 973
85 1741
85 494
1741 429
1741 1816
429 538
429 665
538 1590
538 1719
1590 338
338 1717
338 281
1717 720
720 737
720 414
737 725
725 345
345 269
345 175
269 313
269 853
313 1043
313 810
1043 376
1043 1724
376 1656
376 234
1656 1632
1632 28
1632 1032
28 1150
28 342
1150 21
21 1362
21 190
1362 863
1362 200
863 182
182 1272
182 1084
1272 1130
1272 736
1130 847
1130 1616
847 1665
1665 511
1665 254
511 466
466 1434
466 1330
1434 156
156 1712
1712 543
1712 699
543 1309
543 476
1309 1005
1309 390
1005 1666
1005 958
1666 709
1666 1783
709 999
709 469
999 965
965 949
965 903
949 1268
1268 832
1268 482
832 1516
1516 89
1516 979
89 796
89 1227
796 1743
1743 1747
1743 20
1747 992
992 1246
1246 1527
1527 900
1527 1697
900 1009
900 591
1009 60
60 824
60 87
824 681
824 1348
681 1757
681 744
1757 1744
1744 17
17 126
17 1090
126 1482
1482 1207
1207 1243
1243 909
1243 1230
909 1365
909 37
1365 647
647 1769
1769 98
1769 656
98 1289
1289 1566
1289 1660
1566 1510
1510 138
1510 247
138 803
138 929
803 1045
803 420
1045 1256
1045 1669
1256 505
505 573
505 589
573 270
270 942
942 753
753 127
753 855
127 1405
127 1124
1405 1807
1405 1740
1807 1280
1280 1709
1280 682
1709 711
711 939
939 243
939 1066
243 1574
1574 188
1574 1470
188 1798
1798 643
643 635
643 1055
635 5
5 1007
1007 1661
1661 526
526 38
38 741
38 734
741 32
741 1194
32 1735
32 1015
1735 1122
1735 527
1122 189
189 167
167 1168
167 1672
1168 562
1168 498
562 566
562 308
566 1582
1582 1491
1582 1638
1491 434
1491 1300
434 1696
434 1593
1696 447
1696 1121
447 1499
447 445
1499 404
1499 1311
404 294
404 1347
294 421
294 159
421 995
995 1064
995 1057
1064 542
1064 1569
542 1736
1736 989
1736 1111
989 586
989 371
586 1101
1101 1109
1109 1695
1109 385
1695 716
1695 166
716 81
81 1734
81 510
1734 1819
1819 1706
1706 1778
1778 1637
1637 523
523 595
595 443
595 618
443 1324
443 1599
1324 1626
1324 1681
1626 107
107 859
859 1091
1091 580
1091 858
580 571
571 1699
571 686
1699 12
1699 1351
12 968
12 285
968 1261
1261 1777
1261 1355
1777 991
1777 1606
991 1074
1074 906
1074 1224
906 1381
906 1826
1381 1556
1381 1358
1556 1558
1556 684
1558 1721
1558 1031
1721 864
1721 1817
864 1427
864 1714
1427 606
606 1477
1477 1263
1477 1132
1263 1607
1607 1012
1607 1342
1012 689
689 901
901 97
901 1296
97 813
97 430
813 1202
1202 692
692 1815
692 275
1815 1519
1815 1206
1519 1553
1519 762
1553 1478
1553 207
1478 646
1478 1694
646 1327
1327 626
626 1304
626 293
1304 788
788 206
206 1450
1450 1399
1450 1684
1399 1260
1399 743
1260 732
1260 1172
732 478
478 1479
1479 1216
1216 315
1216 572
315 367
367 282
367 882
282 1552
282 1668
1552 1375
1552 1683
1375 1065
1065 7
7 1350
1350 384
1350 1667
384 1662
1662 637
637 1023
637 856
1023 1600
1023 1541
1600 1404
1600 1414
1404 480
480 1170
480 1419
1170 118
1170 1824
118 1049
118 1710
1049 1418
1418 834
834 71
834 69
71 1356
1356 2
2 899
899 1149
1149 177
1149 152
177 913
913 488
488 134
488 583
134 1191
134 1286
1191 1723
1191 479
1723 66
1723 1303
66 239
239 884
239 1203
884 659
884 130
659 927
659 15
927 688
927 534
688 340
340 628
340 911
628 256
628 1692
256 1797
256 660
1797 1302
1302 1385
1385 1344
1385 792
1344 877
877 1059
877 1205
1059 611
1059 186
611 1634
611 1092
1634 879
1634 544
879 504
879 575
504 61
504 1825
61 500
61 764
500 137
500 787
137 1033
137 808
1033 697
1033 1361
697 867
697 104
867 1334
1334 1196
1196 1244
1244 1372
1372 439
439 1143
1143 1535
1143 13
1535 1786
1786 1254
1254 776
1254 452
776 1359
1359 1353
1359 1374
1353 854
854 168
854 472
168 80
168 896
80 1737
1737 1135
1135 1689
1689 132
132 114
114 771
771 1178
1178 120
120 1052
1052 1413
1052 100
1413 320
320 1417
1417 593
593 577
593 329
577 632
632 458
458 1238
458 1673
1238 797
1238 1081
797 503
797 1829
503 258
503 869
258 1228
258 1584
1228 1823
1228 1568
1823 1745
1823 947
1745 1067
1745 1627
1067 407
1067 1075
407 487
407 1176
487 213
213 1690
1690 872
1690 739
872 755
755 1622
755 638
1622 592
1622 1800
592 448
448 1225
1225 822
822 795
822 1725
795 1148
795 1107
1148 274
274 1449
1449 1439
1439 749
749 1613
749 1765
1613 683
1613 1702
683 491
683 1318
491 1575
491 1157
1575 828
1575 815
828 1071
828 1441
1071 1175
1071 558
1175 1008
1008 918
918 306
306 1492
306 581
1492 946
946 508
946 1320
508 1360
508 599
1360 1544
1360 34
1544 1273
1544 1832
1273 1245
1245 427
427 1166
427 1750
1166 760
760 1103
1103 468
1103 362
468 52
468 1388
52 283
283 1153
283 574
1153 172
1153 388
172 289
172 907
289 1447
289 955
1447 765
765 1663
1663 975
975 84
975 1732
84 1011
1011 742
1011 798
742 693
742 224
693 1403
693 1760
1403 280
1403 1809
280 354
280 1119
354 216
354 809
216 288
216 1837
288 818
288 1460
818 1151
1151 1028
1151 509
1028 1488
1488 518
518 1589
518 454
1589 1793
1793 631
631 405
631 594
405 952
952 145
145 943
943 1088
943 1487
1088 90
1088 277
90 1836
1836 1562
1562 1820
1562 555
1820 442
442 933
442 412
933 669
933 616
669 536
536 922
922 842
842 1629
1629 585
585 876
585 1377
876 501
501 878
878 935
935 1073
1073 1752
1073 248
1752 103
1752 1174
103 1540
1540 700
700 1440
1440 1463
1440 994
1463 1581
1463 265
1581 1640
1640 613
613 1152
613 365
1152 1186
1186 374
374 286
286 1762
1762 33
1762 1682
33 1072
1072 705
705 640
705 1214
640 1693
1693 1537
1537 625
1537 1242
625 59
625 1523
59 719
59 670
719 58
58 1461
1461 1271
1271 1236
1271 1382
1236 1392
1392 223
1392 897
223 1451
223 1555
1451 377
1451 1001
377 522
522 1733
1733 1379
1733 1213
1379 506
506 432
506 82
432 1751
432 578
1751 839
1751 1322
839 892
839 486
892 1335
892 924
1335 389
389 1731
389 368
1731 801
1731 1502
801 1560
1560 3
3 932
3 1070
932 843
932 1393
843 1839
843 392
1839 550
1839 415
550 916
916 461
461 236
461 601
236 1685
1685 535
1685 551
535 517
535 886
517 912
517 1104
912 833
833 1565
833 164
1565 774
1565 324
774 381
381 676
676 369
676 726
369 678
678 372
372 1670
1670 627
1670 490
627 1803
627 1291
1803 1498
1498 1538
1498 525
1538 1051
1051 411
411 43
411 266
43 567
43 416
567 316
567 401
316 19
316 587
19 220
19 972
220 1248
1248 849
849 1277
1277 607
1277 666
607 1676
607 1810
1676 533
533 1677
1677 169
1677 790
169 1497
1497 1536
1497 1551
1536 1630
1536 1764
1630 1766
1630 748
1766 1370
1766 961
1370 296
1370 954
296 1646
1646 874
1646 278
874 148
148 1650
148 537
1650 238
1650 1341
238 1188
238 963
1188 645
645 1299
1299 304
304 1083
304 653
1083 514
514 677
677 620
677 1131
620 1220
620 1524
1220 1182
1220 1787
1182 1654
1182 1635
1654 108
1654 1655
108 1140
1140 386
1140 1264
386 957
386 757
957 1128
1128 135
135 136
136 45
45 1464
45 337
1464 260
1464 729
260 1019
1019 1247
1247 597
597 1476
1476 1416
1416 464
1416 1467
464 986
986 569
569 1337
569 1547
1337 1105
1105 1614
1105 111
1614 1529
1614 733
1529 95
1529 292
95 178
95 860
178 786
786 1037
786 671
1037 1759
1759 355
1759 214
355 124
124 375
124 352
375 433
375 1252
433 781
433 1526
781 24
781 336
24 1610
24 978
1610 707
1610 1069
707 226
226 746
746 1789
1789 1438
1789 782
1438 1432
1438 1161
1432 914
914 731
914 752
731 402
731 1571
402 937
402 768
937 915
915 35
35 1198
35 1266
1198 1118
1198 463
1118 887
887 1313
887 745
1313 1013
1013 259
1013 633
259 715
259 450
715 229
229 295
295 1100
1100 905
905 391
905 1572
391 1054
1054 146
146 1141
1141 1628
1628 977
977 1000
977 113
1000 328
328 770
770 48
770 290
48 1412
48 1162
1412 194
194 67
67 1421
67 767
1421 262
1421 1833
262 617
617 370
617 830
370 1588
370 361
1588 1164
1588 1229
1164 1089
1164 202
1089 1592
1592 1525
1592 1781
1525 648
648 546
648 1060
546 1030
1030 662
662 1415
1415 1711
1711 634
1711 143
634 1480
1480 284
1480 366
284 1295
284 850
1295 492
1295 125
492 984
984 642
642 1185
1185 1316
1316 880
1316 291
880 1201
880 16
1201 673
673 1459
1459 76
76 1814
76 1117
1814 704
704 806
806 1136
806 91
1136 1398
1136 1774
1398 1222
1222 359
359 895
895 298
895 1269
298 46
46 1429
1429 1520
1520 1753
1520 921
1753 397
1753 710
397 1038
397 465
1038 883
883 1078
883 1633
1078 227
1078 1278
227 162
162 1430
1430 1102
1430 235
1102 147
147 639
147 602
639 775
775 652
775 778
652 1658
1658 1133
1658 462
1133 1312
1312 1163
1163 1369
1163 1598
1369 122
1369 1580
122 1827
1827 78
1827 596
78 1729
1729 484
1729 116
484 1249
1249 698
1249 925
698 1026
698 1484
1026 1068
1068 1639
1068 1532
1639 1036
1036 805
1036 424
805 383
805 1611
383 174
383 561
174 197
174 1209
197 520
197 1425
520 1087
520 1253
1087 970
970 264
970 1775
264 1077
264 41
1077 83
1077 717
83 1545
83 1294
1545 941
941 619
941 1349
619 1180
1180 1664
1664 712
712 836
712 1402
836 610
610 311
311 475
311 1596
475 844
844 312
844 1687
312 789
312 187
789 1821
1821 1116
1116 1287
1116 225
1287 519
1287 814
519 1691
519 6
1691 1208
1208 598
598 1056
598 1002
1056 1219
1219 609
609 1424
1424 865
865 1044
865 1047
1044 70
70 1338
70 1738
1338 1431
1338 672
1431 1097
1097 1583
1583 1462
1583 1620
1462 1768
1462 866
1768 708
708 1035
708 1139
1035 1642
1035 1490
1642 1270
1642 210
1270 348
1270 1442
348 191
348 1310
191 331
331 1285
1285 1380
1380 827
1380 272
827 820
820 1579
820 144
1579 1609
1579 791
1609 718
718 1698
718 1331
1698 1288
1288 428
428 233
428 1469
233 1530
233 563
1530 1368
1368 759
759 204
759 56
204 1400
1400 1125
1400 722
1125 1184
1125 112
1184 1114
1184 72
1114 1578
1114 1352
1578 1160
1160 495
1160 1517
495 564
495 777
564 1641
564 1237
1641 556
556 956
956 1767
1767 1426
1426 624
1426 614
624 1763
1763 115
1763 1505
115 399
115 1533
399 502
399 153
502 1782
502 694
1782 1486
1782 417
1486 203
1486 1624
203 1267
203 1651
1267 55
55 1649
55 547
1649 325
325 1020
325 579
1020 1265
1020 1239
1265 1756
1756 1822
1756 499
1822 1233
1233 403
403 471
403 724
471 485
485 1129
1129 1831
1129 1722
1831 891
1831 1602
891 848
891 101
848 1518
1518 1165
1165 1559
1165 823
1559 360
360 552
552 327
327 1423
327 1098
1423 1531
1423 1231
1531 1586
1586 1290
1586 582
1290 307
1290 1791
307 1730
1730 1678
1730 1647
1678 740
1678 323
740 441
740 524
441 1096
441 409
1096 1671
1096 343
1671 1802
1671 317
1802 151
151 1549
151 62
1549 1409
1549 1080
1409 1173
1409 435
1173 605
1173 1099
605 1354
1354 1305
1305 1345
1345 661
661 240
240 380
240 455
380 988
380 1840
988 1795
988 1433
1795 198
198 1147
198 1448
1147 507
1147 398
507 1145
507 1058
1145 23
23 1017
23 1543
1017 560
1017 1232
560 170
560 1082
170 983
170 565
983 1834
1834 1387
1834 1435
1387 47
1387 980
47 780
780 94
780 154
94 1357
94 784
1357 691
691 279
691 1391
279 944
279 333
944 74
74 1123
74 1645
1123 1406
1123 1193
1406 695
1406 379
695 974
695 1328
974 1511
1511 1576
1576 230
230 959
959 1563
1563 27
1563 1308
27 1138
1138 539
539 1108
1108 437
437 1805
437 868
1805 395
395 438
438 1443
1443 1339
1339 1025
1339 1603
1025 1507
1025 1195
1507 301
301 196
301 654
196 802
802 894
894 1317
894 1154
1317 888
888 557
557 1796
557 261
1796 157
157 1468
1468 423
1468 1466
423 532
532 1554
532 249
1554 1657
1554 119
1657 1790
1657 1199
1790 1396
1396 1112
1396 816
1112 36
36 363
36 1258
363 1085
363 1680
1085 636
1085 1110
636 1591
1591 908
908 622
908 400
622 1612
622 1746
1612 1841
1841 845
1841 1094
845 184
184 962
184 1079
962 1726
1726 649
649 1608
649 807
1608 1567
1567 1631
1631 923
923 1601
1601 493
493 1739
1739 1014
1014 964
1014 1298
964 426
426 1048
1048 1142
1142 621
621 1811
621 176
1811 1770
1770 987
987 246
246 1452
246 50
1452 875
875 1046
875 451
1046 357
1046 1808
357 161
161 1363
1363 51
51 1126
51 8
1126 1686
1686 128
128 26
26 133
26 300
133 723
723 1395
723 217
1395 772
772 1326
772 1473
1326 1501
1501 1715
1715 893
893 1727
893 1016
1727 93
93 459
93 1557
459 1284
1284 257
1284 1444
257 287
287 738
287 1720
738 1500
738 703
1500 273
273 1564
1564 998
998 548
998 1234
548 794
794 938
794 1259
938 1521
1521 1838
1521 1445
1838 268
268 413
268 1282
413 1346
413 841
1346 668
1346 276
668 529
529 1029
1029 1700
1700 750
750 1283
1283 339
1283 655
339 990
990 1475
1475 1748
1748 201
1748 1314
201 1623
201 515
1623 1515
1623 228
1515 1465
1465 945
945 1573
1573 387
387 1276
1276 1292
1292 18
1292 1457
18 49
49 440
49 1307
440 457
457 1597
1597 1200
1597 25
1200 1784
1784 902
1784 1218
902 1619
1619 1674
1619 1325
1674 1204
1204 1189
1204 1546
1189 1508
1189 237
1508 446
446 1371
1371 603
603 1397
1397 209
209 1293
209 109
1293 1742
1293 1621
1742 1496
1742 1306
1496 251
251 576
251 1489
576 44
44 1192
44 1333
1192 219
1192 1378
219 346
219 919
346 1076
1076 862
862 1401
1401 142
1401 1644
142 926
142 1329
926 1548
1548 1561
1548 4
1561 123
1561 702
123 179
123 1407
179 650
650 1776
650 982
1776 1386
1776 1483
1386 117
117 489
117 54
489 303
303 394
394 422
394 1024
422 131
131 889
889 1332
889 800
1332 559
559 1453
1453 1221
1221 657
1221 1708
657 1255
657 851
1255 584
1255 255
584 75
584 1211
75 40
40 730
40 967
730 1794
1794 852
1794 706
852 570
570 890
570 1570
890 1167
890 1010
1167 1422
1422 898
1422 250
898 183
898 185
183 456
183 215
456 1605
1605 470
1605 350
470 1806
470 766
1806 1389
1389 1366
1366 396
396 436
436 129
129 1159
129 1830
1159 623
623 105
105 1155
105 1041
1155 667
667 1394
1394 664
1394 1183
664 948
948 1018
948 1471
1018 267
1018 1454
267 885
885 1181
1181 615
615 42
42 1636
1636 1004
1004 63
1004 1021
63 512
63 334
512 679
512 940
679 1539
679 934
1539 1513
1513 496
1513 358
496 728
728 1648
728 64
1648 1171
1648 554
1171 1217
1217 960
960 92
960 425
92 474
92 11
474 1577
474 29
1577 1625
1625 840
1625 811
840 1446
840 928
1446 931
931 976
976 608
608 297
297 1818
1818 846
1818 604
846 1604
846 1297
1604 181
181 1534
181 1281
1534 1034
1534 1615
1034 1472
1472 481
481 1241
1241 1713
1241 1705
1713 696
696 1343
696 1455
1343 769
1343 10
