13 440 48162
6 5
5 11
11 2
11 7
2 4
4 8
8 12
12 9
12 3
9 10
9 1
10 13
220 415
220 327
415 168
168 199
168 243
199 330
330 167
330 84
167 382
382 378
378 256
378 210
256 55
55 417
417 315
315 305
315 14
305 113
305 50
113 34
113 16
34 136
136 97
97 21
21 279
279 368
279 307
368 331
368 405
331 95
331 178
95 344
344 80
80 241
241 360
360 379
379 373
373 83
373 111
83 434
83 336
434 223
434 183
223 66
66 247
66 340
247 215
247 213
215 396
396 214
214 388
388 224
224 151
224 227
151 289
151 348
289 3
289 369
3 28
28 194
194 26
194 374
26 276
276 395
395 165
395 398
165 135
135 265
135 61
265 324
324 244
244 345
345 219
219 255
255 356
255 295
356 40
40 129
129 349
349 413
413 266
413 49
266 270
270 37
270 282
37 304
37 370
304 30
30 261
30 418
261 423
261 274
423 41
41 59
41 385
59 267
267 314
314 88
314 85
88 235
235 286
235 126
286 69
69 8
69 25
8 297
8 309
297 292
292 109
292 200
109 306
109 278
306 383
383 45
45 357
45 124
357 393
357 155
393 346
346 350
346 252
350 275
350 421
275 96
275 39
96 222
96 156
222 100
100 258
100 119
258 107
107 231
107 341
231 310
310 298
310 287
298 254
254 257
257 53
257 399
53 65
65 317
65 437
317 4
317 381
4 391
4 20
391 63
63 192
192 234
192 285
234 140
140 318
318 91
91 326
91 9
326 144
326 86
144 225
225 166
166 264
264 319
264 329
319 380
380 190
190 406
190 262
406 416
406 440
416 277
277 337
277 54
337 211
211 371
371 296
296 172
296 196
172 164
172 268
164 352
164 94
352 82
82 414
414 67
414 212
67 153
67 143
153 410
153 375
410 237
410 137
237 125
125 57
125 191
57 72
57 187
72 15
72 104
15 60
15 419
60 162
162 148
162 103
148 12
148 90
12 407
407 351
351 246
246 78
78 47
47 203
203 142
203 420
142 293
293 229
293 117
229 312
312 115
312 10
115 150
150 400
400 13
400 366
13 230
230 427
427 108
108 206
108 77
206 361
206 249
361 180
180 93
93 411
411 118
118 68
68 232
232 134
232 71
134 75
75 431
431 284
284 141
141 116
116 342
116 181
342 412
342 139
412 64
64 332
332 31
31 89
89 334
334 154
154 197
197 195
195 435
435 372
372 36
372 333
36 73
36 202
73 439
439 101
439 216
101 353
101 74
353 321
321 46
46 273
46 2
273 105
273 263
105 35
105 6
35 433
35 189
433 322
322 217
217 56
56 102
102 430
430 120
430 313
120 147
147 106
147 221
106 408
408 132
408 335
132 158
158 259
158 208
259 320
320 242
242 52
52 177
177 43
43 386
386 281
281 233
233 236
236 24
24 123
24 354
123 42
42 207
207 300
300 401
300 248
401 145
145 112
112 114
112 171
114 367
114 245
367 299
299 269
269 174
269 228
174 7
7 99
99 376
99 272
376 260
260 251
251 176
176 182
176 377
182 98
98 146
146 365
146 122
365 303
303 424
303 121
424 184
424 1
184 402
402 359
402 175
359 128
128 283
128 409
283 79
79 209
79 81
209 58
58 394
58 291
394 301
301 186
301 92
186 339
186 18
339 355
339 138
355 397
397 19
19 384
19 173
384 27
384 239
27 127
27 32
127 38
127 390
38 428
428 358
358 131
358 11
131 44
44 62
44 311
62 323
323 226
323 288
226 193
193 325
325 170
325 51
170 362
362 204
362 17
204 5
204 179
5 250
250 363
250 201
363 338
363 426
338 302
338 33
302 422
302 347
422 436
436 271
436 432
271 253
271 403
253 238
253 294
238 280
280 364
364 163
163 240
240 159
159 130
159 133
130 169
169 70
169 185
70 22
70 110
22 328
328 160
328 157
160 87
87 76
87 290
76 438
76 389
438 149
149 29
149 161
29 23
23 425
425 404
425 152
404 308
404 188
308 198
308 48
198 316
316 387
316 392
387 205
205 218
205 343
218 429
