2 1491 78940231
2 1
1197 1402
1197 1401
1402 234
1402 40
234 535
234 780
535 1166
535 57
1166 932
932 984
984 1168
1168 688
688 590
590 342
590 1318
342 955
342 614
955 624
624 1475
624 702
1475 54
54 371
371 1291
371 1421
1291 532
532 1344
532 286
1344 894
1344 947
894 472
894 302
472 59
59 1025
59 438
1025 625
1025 619
625 1477
625 1460
1477 169
1477 75
169 1171
169 458
1171 1179
1179 249
249 866
866 1315
1315 650
650 478
478 130
130 846
846 951
846 238
951 649
951 538
649 826
826 52
826 1172
52 1029
52 1454
1029 503
1029 1352
503 1191
1191 1194
1194 705
1194 1163
705 524
524 854
854 800
800 1311
1311 499
499 88
499 1360
88 421
88 1445
421 105
421 1239
105 552
552 119
119 1101
1101 599
599 611
611 415
611 827
415 993
415 135
993 1115
993 1343
1115 1201
1201 604
604 950
950 584
584 268
584 885
268 616
268 230
616 485
616 785
485 1216
485 91
1216 185
1216 469
185 157
185 117
157 53
53 1060
1060 1221
1060 1374
1221 617
617 793
617 569
793 5
5 1125
1125 48
48 963
963 1270
1270 1116
1270 1256
1116 596
1116 273
596 318
318 739
739 766
739 531
766 903
903 1149
903 541
1149 860
860 1038
860 35
1038 241
1038 330
241 638
638 917
917 621
621 449
449 1082
449 1155
1082 327
1082 444
327 1468
327 287
1468 325
1468 78
325 208
208 1459
208 1272
1459 112
112 899
112 294
899 275
275 1058
275 994
1058 1261
1058 250
1261 120
1261 685
120 1024
1024 245
1024 12
245 244
244 494
494 1394
1394 177
1394 145
177 129
129 1342
129 530
1342 704
704 108
704 848
108 729
729 525
525 310
310 56
56 828
828 892
828 881
892 1181
892 454
1181 95
1181 1050
95 144
95 557
144 786
786 1243
786 1001
1243 987
1243 1453
987 510
987 1026
510 193
193 2
2 1310
2 1361
1310 174
174 34
34 878
34 1186
878 466
878 490
466 829
466 229
829 1119
1119 635
1119 335
635 278
635 722
278 965
278 809
965 1248
1248 1336
1248 143
1336 179
179 9
179 939
9 1052
1052 258
258 376
376 493
493 349
493 213
349 897
897 1151
1151 1157
1151 842
1157 146
146 226
146 264
226 292
292 311
311 1438
311 100
1438 430
430 445
430 1113
445 314
314 1123
1123 299
299 239
299 1231
239 837
837 1470
837 158
1470 388
1470 958
388 778
388 352
778 1325
778 1044
1325 703
1325 674
703 308
703 1257
308 110
308 1338
110 1334
110 1059
1334 893
1334 204
893 1178
893 28
1178 1303
1178 978
1303 661
661 642
661 504
642 27
642 480
27 736
736 1210
1210 228
228 289
289 695
695 1398
1398 194
1398 203
194 404
194 710
404 969
969 1423
969 450
1423 971
971 1380
1380 121
121 319
319 1161
1161 992
1161 750
992 1335
1335 1285
1335 489
1285 137
1285 1150
137 267
267 990
990 962
990 698
962 849
962 81
849 70
849 623
70 523
70 560
523 1313
523 1237
1313 354
354 981
354 1109
981 1381
1381 1027
1381 341
1027 282
282 1066
282 207
1066 691
1066 1411
691 630
691 979
630 1228
1228 716
716 293
716 424
293 399
293 372
399 1040
399 1428
1040 205
1040 697
205 1085
205 276
1085 1326
1085 865
1326 1327
1327 896
1327 912
896 426
896 409
426 667
426 366
667 868
667 735
868 1306
868 589
1306 576
576 568
576 82
568 662
662 1476
662 1407
1476 668
668 1245
1245 518
1245 613
518 1074
1074 235
1074 1254
235 1424
1424 68
68 172
172 446
172 1184
446 218
218 502
502 761
761 389
761 303
389 1484
1484 938
938 29
938 573
29 1046
29 1350
1046 164
1046 831
164 916
164 42
916 665
665 201
201 1364
201 436
1364 50
1364 539
50 1200
50 72
1200 233
233 1217
1217 752
752 976
976 270
270 1489
270 1103
1489 1356
1489 1003
1356 387
1356 1441
387 1442
387 43
1442 556
556 529
529 733
733 663
733 711
663 918
918 1426
1426 309
309 1176
1176 1366
1176 441
1366 1458
1366 461
1458 1132
1458 1048
1132 1399
1132 734
1399 1358
1358 528
1358 1006
528 166
166 257
257 272
257 243
272 595
595 606
595 749
606 1177
606 1314
1177 1416
1177 65
1416 1408
1408 395
1408 170
395 1422
1422 1259
1422 683
1259 265
265 1203
1203 989
989 931
931 1316
1316 134
1316 1252
134 420
420 825
420 224
825 190
825 1337
190 1397
1397 796
1397 254
796 1384
796 820
1384 913
913 452
452 1170
1170 295
1170 1136
295 566
295 1329
566 648
648 813
813 998
998 626
998 527
626 1088
626 422
1088 211
211 363
211 1490
363 1079
363 1298
1079 6
1079 519
6 1169
6 1106
1169 895
1169 60
895 37
37 773
773 591
591 471
471 545
545 647
545 359
647 639
639 18
639 1240
18 553
553 118
553 1491
118 880
880 1180
880 1120
1180 1473
1473 156
1473 407
156 673
156 1189
673 73
673 1386
73 1144
73 755
1144 7
7 1246
7 908
1246 670
670 31
670 1370
31 658
658 643
643 694
694 1414
694 41
1414 1400
1400 540
540 888
540 1392
888 362
888 1289
362 542
362 350
542 1117
1117 84
1117 104
84 227
227 460
460 345
460 1065
345 369
345 280
369 297
297 1436
1436 1444
1444 746
746 676
676 1304
1304 1146
1146 726
1146 1464
726 381
726 1467
381 607
381 222
607 715
715 186
186 744
186 36
744 782
782 740
740 1447
1447 1430
1430 929
929 163
929 1173
163 1255
163 62
1255 1152
1152 347
1152 455
347 513
513 857
857 843
843 434
434 974
434 1481
974 779
974 1193
779 20
779 1114
20 1143
20 391
1143 1324
1143 922
1324 1340
1324 1275
1340 283
1340 1108
283 707
707 1080
707 1087
1080 738
738 49
49 582
49 1367
582 1223
1223 332
332 509
509 457
509 1153
457 597
457 400
597 856
597 357
856 16
16 1225
16 209
1225 863
863 867
863 693
867 1205
867 609
1205 114
114 1368
1368 742
1368 526
742 296
742 476
296 251
251 464
464 333
464 1045
333 1418
1418 187
187 1158
187 1260
1158 972
1158 956
972 900
900 1433
900 339
1433 67
67 1100
1100 240
1100 1372
240 324
240 253
324 659
324 615
659 791
791 721
721 392
392 712
392 1095
712 1282
712 991
1282 1373
1373 496
496 1262
496 1377
1262 762
1262 940
762 1072
1072 632
632 150
632 1020
150 175
150 1056
175 1404
175 579
1404 1317
1317 351
351 954
954 178
178 322
322 1140
1140 872
1140 159
872 500
872 1069
500 706
500 136
706 1104
1104 97
97 985
985 802
985 684
802 1129
802 468
1129 423
423 788
788 807
807 1348
807 926
1348 1131
1348 1090
1131 346
346 743
743 910
743 1032
910 1451
910 1130
1451 1061
1061 593
593 440
593 8
440 1154
440 708
1154 74
74 1465
1465 988
1465 210
988 924
924 1448
1448 792
792 313
313 223
223 1068
223 631
1068 1084
1084 1141
1084 101
1141 1387
1141 497
1387 942
942 331
942 453
331 93
331 907
93 1267
1267 266
266 1406
1406 361
1406 1330
361 627
361 256
627 1182
1182 834
834 1105
834 1053
1105 654
1105 147
654 1195
654 923
1195 772
772 696
696 558
696 1412
558 1332
558 344
1332 212
1332 153
212 58
58 1049
1049 127
1049 760
127 1420
127 850
1420 574
574 879
879 1455
1455 1098
1098 192
1098 271
192 432
192 1480
432 777
777 171
777 561
171 173
173 1413
1413 521
521 1478
521 588
1478 384
384 1284
1284 1147
1147 699
699 980
699 797
980 1249
1249 1206
1249 732
1206 1437
1206 730
1437 960
1437 370
960 1429
960 1427
1429 1063
1063 63
1063 890
63 1466
1466 365
365 1198
365 1244
1198 1457
1198 329
1457 1175
1175 1167
1175 162
1167 1434
1434 1073
1073 133
133 1379
133 1443
1379 413
1379 904
413 1071
1071 125
125 1410
1410 664
664 1287
1287 290
1287 128
290 456
290 291
456 312
312 373
373 961
373 1488
961 181
961 1425
181 348
348 839
839 334
334 252
252 672
252 1362
672 281
281 1346
1346 598
598 1009
1009 660
1009 756
660 927
660 618
927 911
911 506
506 1070
1070 87
87 1142
1142 612
612 410
612 1083
410 431
431 580
431 285
580 364
364 883
364 675
883 26
883 798
26 284
284 1339
284 507
1339 1273
1339 1187
1273 713
1273 353
713 403
403 700
700 1094
700 679
1094 543
1094 447
543 909
909 1415
1415 946
946 1371
1371 380
1371 4
380 851
851 247
247 1121
1121 1086
1086 64
1086 1227
64 764
64 1042
764 377
764 1002
377 666
377 870
666 862
666 115
862 151
151 814
151 161
814 1264
814 340
1264 1378
1378 1308
1308 46
1308 141
46 132
46 463
132 279
279 113
279 51
113 728
113 847
728 85
85 577
85 636
577 39
577 1019
39 1450
1450 379
1450 769
379 148
379 402
148 1277
148 1033
1277 737
1277 220
737 594
594 1474
594 1014
1474 570
570 459
459 1062
459 1271
1062 1309
1309 1207
1309 1266
1207 634
1207 1452
634 562
634 1039
562 1204
1204 149
149 1299
1299 1162
1299 936
1162 474
474 1133
1133 808
1133 1192
808 731
731 1018
1018 833
1018 417
833 587
587 1432
587 1226
1432 517
1432 898
517 1487
1487 889
889 741
889 160
741 343
343 13
343 1286
13 183
13 1355
183 22
22 600
600 406
600 45
406 92
406 1486
92 1354
92 202
1354 367
1354 1347
367 776
776 941
941 1156
941 1274
1156 997
1156 300
997 714
714 1230
1230 840
840 236
236 1174
236 1269
1174 1469
1174 522
1469 646
1469 790
646 727
727 986
986 1485
1485 1135
1485 601
1135 1341
1135 1091
1341 246
1341 1036
246 1183
246 99
1183 874
874 689
689 921
921 656
656 1283
656 167
1283 165
1283 1472
165 1093
1093 810
810 876
810 1439
876 1064
876 1096
1064 841
841 1294
841 563
1294 14
14 1247
14 806
1247 397
397 977
397 55
977 753
977 602
753 641
753 999
641 801
641 96
801 902
902 337
337 491
337 475
491 25
491 102
25 585
25 966
585 1322
1322 1385
1322 1320
1385 277
277 44
277 877
44 217
217 592
592 1389
1389 845
1389 533
845 967
845 495
967 1235
1235 859
859 818
859 1013
818 1224
1224 652
652 1295
652 1232
1295 1081
1295 274
1081 747
747 1010
1010 948
1010 1302
948 378
948 970
378 77
378 433
77 326
326 901
901 298
901 1307
298 416
416 1008
1008 76
1008 844
76 1300
76 1419
1300 214
1300 718
214 320
214 1092
320 1383
320 429
1383 1214
1214 69
69 546
69 804
546 1017
1017 1229
1229 920
1229 578
920 628
920 1137
628 328
328 957
328 610
957 216
216 1293
216 196
1293 83
1293 61
83 1118
83 255
1118 3
1118 1483
3 564
3 189
564 94
94 435
435 1238
435 629
1238 1
1238 427
1 1011
1 1165
1011 269
269 1139
1139 321
1139 139
321 385
385 1075
385 1219
1075 645
645 1435
1435 934
1435 1396
934 784
934 198
784 1263
1263 555
555 21
555 763
21 1202
1202 571
1202 1208
571 123
123 774
774 1449
774 1479
1449 492
1449 745
492 1185
492 180
1185 221
1185 412
221 375
375 140
140 605
140 232
605 1067
1067 1016
1067 719
1016 514
1016 551
514 1138
1138 418
418 1213
418 176
1213 944
944 873
873 1159
1159 717
717 550
717 1363
550 983
550 1215
983 511
983 682
511 935
511 536
935 80
935 260
80 1041
80 1128
1041 1375
1041 677
1375 1446
1375 783
1446 1409
1409 442
442 720
442 1028
720 855
855 1102
855 906
1102 1148
1102 356
1148 1482
1148 103
1482 819
1482 1393
819 757
819 131
757 1145
757 1456
1145 307
307 869
869 1461
1461 1301
1301 479
1301 928
479 891
479 620
891 968
891 301
968 1369
968 1296
1369 263
263 126
126 390
390 758
390 1297
758 853
853 875
875 751
751 1111
751 486
1111 1250
1250 428
1250 79
428 1463
1463 477
477 1305
1305 386
386 1124
386 32
1124 425
1124 483
425 937
425 1403
937 197
197 38
38 1054
38 439
1054 451
451 1278
1278 396
1278 1196
396 1359
396 304
1359 182
1359 111
182 1280
1280 549
1280 653
549 725
549 1440
725 1097
1097 1405
1405 116
1405 919
116 581
581 832
581 651
832 1199
1199 724
1199 603
724 771
771 1004
771 669
1004 952
1004 1331
952 959
959 775
775 821
821 1188
821 678
1188 484
484 188
484 11
188 23
188 86
23 1323
1323 1107
1107 1292
1292 338
338 231
231 861
231 1022
861 383
861 411
383 767
767 765
765 382
765 481
382 1012
1012 701
701 871
701 1220
871 1122
1122 124
124 671
671 1030
671 565
1030 1134
1030 200
1134 1321
1321 915
915 930
930 817
930 306
817 781
817 943
781 681
781 794
681 723
723 465
723 945
465 1241
465 470
1241 637
637 219
637 242
219 1233
1233 19
1233 107
19 482
482 1023
1023 368
1023 225
368 1281
1281 547
1281 1236
547 534
547 905
534 1164
534 1276
1164 1031
1031 1078
1031 89
1078 1099
1078 1112
1099 237
237 1319
237 1268
1319 1043
1043 1076
1043 1462
1076 1365
1365 1388
1365 886
1388 884
1388 680
884 405
884 657
405 398
405 815
398 1395
398 24
1395 414
1395 882
414 1127
1127 393
393 608
608 982
608 33
982 515
982 437
515 1391
515 462
1391 516
516 473
516 98
473 586
586 816
816 835
835 787
835 1288
787 360
360 1312
1312 106
1312 567
106 1209
1209 467
1209 692
467 206
206 1000
206 1021
1000 501
1000 554
501 30
501 401
30 317
317 995
995 914
995 1349
914 1055
1055 1390
1390 505
1390 336
505 261
505 1047
261 1253
261 1077
1253 548
1253 1417
548 184
184 138
138 1357
138 973
1357 394
1357 838
394 191
394 690
191 288
288 799
799 933
933 154
933 1328
154 759
154 90
759 858
759 195
858 953
858 1051
953 622
622 812
622 71
812 949
812 836
949 1218
949 15
1218 823
823 109
823 316
109 1471
1471 640
1471 1279
640 47
47 323
323 262
262 583
583 168
168 248
168 1251
248 709
709 448
709 754
448 142
142 887
887 155
887 488
155 215
155 1037
215 122
215 1035
122 358
358 1160
1160 374
1160 633
374 1034
1034 1126
1126 1057
1126 975
1057 537
1057 1345
537 822
537 925
822 768
768 803
768 559
803 1190
803 687
1190 1265
1190 498
1265 1110
1110 1212
1110 508
1212 852
852 1211
1211 512
512 544
512 830
544 655
544 644
655 686
686 259
686 805
259 1242
259 17
1242 1353
1353 315
315 1258
1258 575
575 789
575 811
789 964
789 355
964 10
10 748
10 520
748 1089
748 1234
1089 1290
1290 408
1290 1376
408 795
408 305
795 1015
795 572
1015 996
996 1222
996 1382
1222 1351
1351 487
1351 1007
487 419
487 1333
419 1431
419 199
1431 824
1431 770
824 443
824 864
443 66
66 1005
66 152
