8 868 32258
5 3
3 1
3 2
1 7
1 4
7 8
8 6
345 164
164 329
329 383
329 498
383 89
89 662
662 481
662 412
481 672
481 291
672 407
407 340
407 477
340 18
340 480
18 450
450 214
214 335
214 746
335 110
110 429
429 627
627 114
627 508
114 358
358 24
24 402
24 576
402 275
275 105
275 276
105 265
265 439
439 712
439 88
712 618
618 706
706 409
409 317
317 77
77 92
92 866
92 661
866 628
628 73
73 305
73 591
305 41
305 853
41 163
163 257
163 348
257 119
257 241
119 515
515 781
781 285
285 520
285 441
520 663
663 465
465 544
465 583
544 100
544 606
100 274
100 827
274 230
274 334
230 680
680 417
417 496
417 556
496 12
12 82
82 420
82 482
420 33
420 107
33 153
33 745
153 256
256 490
256 633
490 574
574 840
840 218
218 751
751 217
751 701
217 284
217 728
284 186
284 534
186 411
411 605
411 823
605 524
605 23
524 841
841 809
841 315
809 708
708 529
708 530
529 354
529 243
354 349
349 546
349 673
546 430
430 868
868 292
292 811
811 76
811 118
76 838
76 485
838 522
838 589
522 799
522 825
799 343
799 759
343 744
744 365
365 245
365 682
245 613
613 592
592 206
206 734
206 834
734 495
734 68
495 361
495 235
361 418
361 658
418 654
418 758
654 500
500 300
300 768
768 667
667 536
536 535
535 406
535 312
406 611
611 585
585 737
585 208
737 767
767 244
767 391
244 423
423 298
298 679
298 367
679 687
687 487
687 493
487 820
820 339
339 331
339 371
331 669
669 37
37 528
37 696
528 422
422 861
422 324
861 44
861 148
44 505
44 821
505 251
505 567
251 676
676 815
676 59
815 713
713 272
272 510
510 776
776 307
776 141
307 278
307 711
278 847
278 49
847 48
48 179
179 323
179 651
323 848
323 260
848 220
220 313
313 403
403 514
514 189
189 801
801 359
359 262
359 568
262 304
262 732
304 471
471 51
51 19
19 748
19 388
748 650
748 104
650 85
85 863
863 137
863 424
137 760
760 42
42 193
193 835
835 674
835 793
674 344
674 743
344 39
39 150
39 80
150 55
150 594
55 551
551 36
551 539
36 723
36 414
723 621
723 777
621 4
621 35
4 338
4 301
338 683
683 741
741 491
491 86
491 389
86 449
449 705
449 656
705 370
705 16
370 196
196 182
182 207
182 854
207 69
207 375
69 327
327 684
684 686
684 703
686 209
686 1
209 506
209 702
506 670
506 616
670 785
670 213
785 598
785 635
598 219
219 738
219 688
738 435
738 177
435 330
330 378
378 580
580 66
580 773
66 769
66 671
769 503
503 816
503 98
816 563
816 128
563 382
563 28
382 665
665 715
665 564
715 557
715 205
557 112
112 764
112 445
764 380
380 133
133 385
133 800
385 504
504 779
504 763
779 541
541 341
341 336
341 431
336 631
336 446
631 532
631 517
532 34
34 428
34 64
428 131
131 849
849 200
200 154
200 766
154 198
198 398
398 720
398 45
720 280
720 142
280 337
280 87
337 839
839 289
289 74
289 96
74 374
374 124
124 381
381 447
447 9
9 722
9 21
722 470
470 451
451 466
451 353
466 623
466 608
623 639
639 168
639 855
168 145
145 269
145 677
269 297
297 221
221 668
221 786
668 704
668 469
704 62
62 322
322 610
322 629
610 310
310 858
310 731
858 681
681 547
681 242
547 319
319 581
319 227
581 761
581 355
761 271
271 643
271 803
643 692
643 222
692 805
692 372
805 787
787 173
787 261
173 342
173 408
342 157
157 819
819 352
352 826
352 516
826 360
826 617
360 135
360 316
135 448
135 775
448 726
448 117
726 3
726 295
3 160
160 228
160 555
228 438
438 851
438 609
851 392
392 499
499 432
499 850
432 223
432 144
223 756
223 573
756 396
756 615
396 226
226 165
226 368
165 492
165 792
492 772
492 54
772 771
771 290
290 15
15 81
81 5
5 212
5 31
212 479
479 559
559 67
559 29
67 727
67 282
727 184
184 813
813 474
813 472
474 824
824 421
824 693
421 314
421 246
314 587
587 641
641 259
641 488
259 247
247 326
247 590
326 78
78 778
778 678
778 211
678 652
652 147
652 644
147 72
147 357
72 253
253 718
253 784
718 572
572 721
721 632
632 239
632 697
239 553
553 201
201 188
188 531
531 603
603 501
501 783
501 475
783 614
783 467
614 419
614 444
419 453
453 364
364 366
366 612
612 50
50 561
50 749
561 162
162 433
162 351
433 762
762 394
762 454
394 601
601 146
146 277
146 549
277 595
595 716
595 843
716 626
626 774
774 596
596 229
596 649
229 6
229 13
6 106
6 646
106 599
599 333
333 17
333 550
17 810
810 129
129 558
558 527
527 685
685 836
685 795
836 178
836 770
178 699
699 318
318 736
318 645
736 400
736 71
400 139
139 347
139 126
347 856
347 458
856 837
856 103
837 664
837 742
664 416
416 436
416 238
436 426
426 224
426 519
224 125
224 240
125 808
808 192
192 478
478 442
442 325
325 725
725 636
725 740
636 379
379 729
379 199
729 61
61 552
552 20
20 757
20 140
757 700
700 620
620 158
620 483
158 818
158 814
818 410
410 719
719 91
719 249
91 79
79 789
79 287
789 328
328 273
273 513
273 817
513 509
513 521
509 832
509 159
832 750
832 462
750 473
750 11
473 121
473 384
121 302
121 26
302 14
302 187
14 58
58 250
58 798
250 653
250 660
653 822
822 53
822 659
53 565
565 460
460 511
460 425
511 43
511 203
43 452
452 293
452 569
293 346
346 755
755 181
755 303
181 115
115 120
115 252
120 231
120 502
231 443
443 625
443 512
625 689
689 308
689 46
308 281
281 299
281 111
299 95
95 523
523 210
210 109
109 8
109 747
8 183
183 373
373 584
373 765
584 194
194 386
194 695
386 296
296 642
642 494
642 321
494 753
494 486
753 399
399 288
399 376
288 149
149 829
829 130
130 833
833 637
637 113
637 638
113 604
604 191
191 30
191 570
30 867
867 648
648 267
267 47
267 461
47 542
542 780
780 236
236 93
93 560
93 525
560 248
560 647
248 60
60 427
60 788
427 266
427 607
266 566
566 790
566 65
790 622
622 468
622 171
468 255
255 116
116 270
116 311
270 362
270 395
362 170
170 180
180 709
709 694
694 675
675 175
175 25
175 7
25 497
497 264
264 844
844 234
234 10
234 84
10 283
10 842
283 2
283 215
2 545
2 476
545 588
545 279
588 796
588 185
796 655
655 802
802 151
151 543
543 533
543 548
533 27
533 586
27 134
27 754
134 782
782 735
782 600
735 707
735 204
707 387
707 156
387 571
387 619
571 176
176 464
176 268
464 57
57 40
40 63
40 237
63 845
845 94
94 155
94 263
155 136
136 554
136 434
554 828
828 167
828 463
167 864
167 233
864 413
864 306
413 537
413 538
537 456
456 597
456 507
597 393
393 862
862 540
862 752
540 22
22 225
22 377
225 258
258 489
258 579
489 52
489 83
52 101
52 172
101 415
101 714
415 152
152 459
459 166
459 216
166 190
166 807
190 831
190 575
831 232
232 143
232 830
143 123
123 846
123 582
846 710
710 56
56 437
56 733
437 369
369 397
369 624
397 286
286 38
38 90
38 717
90 32
90 405
32 102
102 526
526 161
161 174
161 254
174 70
70 390
70 724
390 812
390 309
812 75
75 457
75 634
457 484
484 197
484 138
197 577
197 401
577 518
518 440
440 804
804 797
804 865
797 356
797 294
356 363
363 455
363 698
455 132
132 578
132 350
578 859
859 640
859 860
640 806
640 593
806 202
202 97
97 122
122 602
122 791
602 169
169 320
320 794
320 195
794 852
852 730
852 739
730 666
730 108
666 691
666 657
691 857
857 404
857 690
404 562
562 332
562 99
332 630
332 127
