1 1907 6
15 886
886 56
886 1024
56 479
479 1612
1612 9
1612 91
9 1274
1274 1578
1578 959
1578 467
959 523
959 433
523 1451
1451 1569
1569 574
574 1813
574 227
1813 777
1813 1332
777 1131
1131 6
6 244
244 1252
244 60
1252 711
1252 1373
711 399
711 1635
399 1882
1882 1074
1882 156
1074 1428
1074 439
1428 5
1428 1309
5 139
139 1712
139 1444
1712 958
958 61
61 241
61 501
241 459
241 1101
459 123
459 1803
123 415
123 683
415 1750
1750 1778
1750 485
1778 1498
1498 1144
1498 1831
1144 1027
1144 169
1027 214
1027 229
214 699
699 1047
699 144
1047 1499
1047 1495
1499 638
638 925
925 946
925 1129
946 661
661 863
863 1322
1322 935
935 1126
935 1223
1126 858
1126 423
858 276
276 462
276 469
462 295
462 32
295 408
408 911
911 1260
911 1807
1260 1847
1847 232
1847 146
232 870
232 1700
870 341
341 389
389 1179
389 421
1179 550
1179 55
550 1200
550 1506
1200 1906
1906 1455
1906 342
1455 889
1455 267
889 217
217 1891
217 1278
1891 1409
1891 770
1409 628
628 22
628 1453
22 1253
22 154
1253 537
1253 577
537 1416
1416 38
1416 1080
38 1041
38 1907
1041 456
1041 713
456 1775
1775 779
779 1064
779 529
1064 556
1064 1092
556 107
556 746
107 2
2 380
380 1473
1473 575
1473 1316
575 1028
1028 1806
1806 847
847 72
72 1190
1190 1025
1190 1708
1025 1649
1025 443
1649 1124
1124 1289
1289 348
1289 1219
348 1097
348 526
1097 1381
1097 742
1381 339
339 35
35 627
35 775
627 1567
627 739
1567 1197
1197 932
1197 1602
932 1049
1049 1014
1014 961
1014 1198
961 750
750 1503
1503 407
407 128
407 1533
128 1450
1450 164
164 1873
164 584
1873 1494
1873 1214
1494 1889
1889 1641
1641 1265
1265 193
193 257
193 190
257 719
257 1007
719 171
171 158
158 619
158 843
619 610
610 488
488 1481
1481 667
667 1601
667 1248
1601 1824
1601 1654
1824 1725
1824 436
1725 508
1725 319
508 1836
1836 704
704 1837
704 1692
1837 1822
1822 844
1822 866
844 350
844 668
350 23
23 675
675 151
151 1771
1771 200
200 298
200 522
298 1854
1854 1375
1854 1046
1375 786
786 1583
1583 1435
1435 1844
1844 1639
1844 1429
1639 1402
1402 1766
1402 1663
1766 300
1766 177
300 1400
1400 1826
1826 1051
1826 1551
1051 817
1051 16
817 1496
1496 578
578 1071
1071 831
831 118
831 1552
118 1401
1401 272
1401 644
272 1477
272 1194
1477 285
285 1555
285 555
1555 1275
1275 649
1275 1868
649 923
649 1009
923 1175
1175 1343
1343 864
864 1234
864 676
1234 580
1234 1593
580 311
311 7
7 810
7 1557
810 1590
1590 554
1590 1360
554 1330
1330 851
851 1500
851 1501
1500 1347
1347 435
1347 1311
435 1737
435 991
1737 14
14 460
14 1095
460 1840
460 1752
1840 569
1840 1241
569 1860
569 465
1860 219
1860 245
219 1378
1378 1044
1378 941
1044 729
1044 25
729 1061
729 823
1061 1349
1061 92
1349 266
1349 1842
266 571
266 621
571 393
393 1857
393 400
1857 1299
1857 531
1299 945
945 28
945 1730
28 1665
1665 725
1665 1579
725 602
602 1272
602 372
1272 771
771 827
827 1773
827 626
1773 975
1773 76
975 1812
1812 275
275 987
987 429
429 197
429 1336
197 355
197 255
355 1319
1319 1513
1513 598
1513 1405
598 1139
598 1317
1139 1545
1545 1328
1545 101
1328 457
457 1398
1398 1702
1702 349
1702 373
349 209
209 702
702 527
527 1781
1781 940
1781 1060
940 1215
1215 563
1215 1760
563 1209
1209 677
1209 498
677 1262
1262 1839
1839 1544
1839 1108
1544 309
1544 1026
309 1521
1521 837
1521 613
837 120
120 113
113 418
113 1463
418 658
658 982
658 693
982 1616
982 1537
1616 625
625 1900
625 1792
1900 461
461 1076
1076 912
1076 17
912 1877
1877 1670
1670 27
1670 117
27 1671
27 1030
1671 1597
1671 558
1597 1304
1304 1827
1827 104
104 330
330 1748
1748 1517
1748 50
1517 1818
1818 1805
1818 517
1805 1334
1334 618
1334 1872
618 1207
1207 1863
1207 34
1863 1903
1903 784
784 782
782 306
306 243
243 902
902 1528
1528 277
1528 1709
277 874
277 1894
874 1685
1685 924
924 210
210 738
738 811
738 445
811 1740
811 354
1740 1636
1636 1087
1636 1232
1087 1208
1087 1743
1208 340
340 755
755 432
432 1310
432 1666
1310 1736
1310 1660
1736 39
1736 1164
39 682
39 743
682 651
682 1633
651 1380
651 1295
1380 1673
1380 1688
1673 1057
1057 335
1057 1127
335 1001
1001 1594
1001 1856
1594 287
1594 566
287 1337
1337 1419
1419 1006
1006 31
1006 1082
31 1638
31 1257
1638 1890
1890 553
553 1531
1531 250
250 989
250 1485
989 545
989 279
545 1045
545 235
1045 268
1045 933
268 795
268 234
795 497
795 1609
497 1073
497 1050
1073 539
1073 857
539 1021
1021 1285
1285 274
1285 405
274 903
274 745
903 1201
1201 994
1201 1643
994 1793
1793 81
81 809
809 1325
809 381
1325 327
1325 411
327 631
631 1799
631 477
1799 890
890 1389
1389 80
1389 1128
80 1273
1273 948
948 1529
1529 1088
1088 1256
1256 1505
1505 220
220 678
678 674
674 359
674 547
359 1489
1489 320
320 1250
320 1744
1250 1184
1250 1534
1184 679
679 1514
1514 282
282 1424
282 1800
1424 1561
1424 1415
1561 917
917 86
917 637
86 69
86 472
69 1063
69 1568
1063 968
1063 525
968 1452
1452 271
271 1469
271 1777
1469 796
1469 723
796 893
796 1422
893 1543
893 1173
1543 1093
1093 899
899 766
766 1363
1363 1562
1363 1867
1562 256
256 995
256 1018
995 1724
995 646
1724 1421
1724 1406
1421 1023
1421 1376
1023 390
390 1465
1465 396
396 314
314 681
681 1204
681 1339
1204 1870
1204 732
1870 1136
1136 466
1136 419
466 978
466 568
978 98
978 1541
98 549
549 116
549 873
116 1523
116 611
1523 1484
1484 1811
1811 706
1811 71
706 504
504 1159
1159 780
1159 769
780 1125
1125 1056
1056 482
1056 450
482 718
482 195
718 1486
718 366
1486 278
1486 1795
278 1548
1548 712
712 612
712 1756
612 1809
1809 1031
1809 519
1031 1672
1672 972
972 891
891 74
74 691
74 1143
691 1622
1622 707
707 1368
707 1560
1368 998
998 790
998 885
790 898
790 1476
898 312
898 1246
312 198
312 1016
198 199
199 1851
199 1394
1851 709
709 334
334 1157
334 181
1157 528
1157 1298
528 928
528 1335
928 495
928 944
495 102
495 85
102 1897
1897 964
1897 203
964 374
964 343
374 487
487 1554
1554 727
1554 387
727 1166
1166 768
768 907
907 58
58 728
728 1629
728 1479
1629 43
43 710
710 1845
710 1753
1845 19
1845 828
19 971
971 1263
1263 1904
1904 1449
1449 1137
1137 1036
1036 1816
1036 1828
1816 115
115 1681
115 476
1681 1470
1470 1820
1470 59
1820 586
586 119
119 233
233 1230
233 872
1230 1892
1892 1443
1443 368
368 13
368 44
13 1696
1696 1174
1696 954
1174 875
1174 800
875 402
402 1628
402 1755
1628 1365
1365 46
1365 493
46 500
500 263
500 352
263 1195
1195 1645
1195 884
1645 763
1645 378
763 1358
763 821
1358 1437
1358 264
1437 1163
1437 1624
1163 281
1163 1617
281 262
262 659
659 345
659 132
345 363
345 261
363 1780
1780 552
552 231
231 1364
1364 599
1364 124
599 1905
1905 846
846 919
919 695
695 1497
1497 270
270 1151
1151 664
1151 94
664 797
797 1039
797 1461
1039 1294
1294 1297
1294 930
1297 286
1297 54
286 112
112 804
112 273
804 645
804 170
645 294
645 1731
294 962
294 1864
962 1833
1833 1327
1833 916
1327 1704
1704 1859
1859 1218
1218 1699
1218 793
1699 548
548 1693
1693 49
1693 836
49 1130
49 356
1130 830
1130 1483
830 752
752 896
752 29
896 269
269 562
269 1301
562 1069
562 1468
1069 1111
1111 1161
1111 1426
1161 3
3 663
3 247
663 1379
1379 490
1379 1789
490 758
490 1815
758 1765
1765 1002
1002 1431
1431 518
518 1637
1637 600
600 942
600 1290
942 1519
1519 127
1519 936
127 1226
1226 1346
1226 179
1346 315
315 589
315 88
589 700
700 1608
1608 1222
1222 1478
1222 114
1478 642
1478 182
642 1835
1835 105
105 215
105 449
215 904
904 1091
1091 914
914 77
914 943
77 1399
77 391
1399 1019
1019 1276
1276 957
1276 807
957 1396
957 140
1396 4
1396 735
4 1387
1387 731
1387 1022
731 1539
1539 1300
1300 1532
1532 1467
1532 1841
1467 1879
1879 57
57 799
57 1390
799 536
799 458
536 1849
536 1109
1849 820
1849 1245
820 806
820 1288
806 929
806 1052
929 1482
929 1623
1482 431
1482 1791
431 985
985 324
324 1096
1096 1116
1096 1258
1116 211
1116 254
211 174
211 1509
174 1015
1015 756
756 1711
1711 635
1711 909
635 705
705 1759
705 1774
1759 1066
1066 819
819 1797
819 630
1797 168
168 30
168 765
30 180
180 862
180 1269
862 1632
1632 1475
1475 1013
1475 1710
1013 861
861 849
849 463
849 1691
463 1588
463 1210
1588 567
567 224
224 473
473 1185
473 1786
1185 1117
1185 377
1117 1203
1117 1266
1203 417
1203 1448
417 332
332 1746
332 1829
1746 1902
1746 75
1902 1565
1902 1595
1565 1741
1565 1580
1741 430
1741 510
430 1697
430 1682
1697 1255
1697 1667
1255 1
1255 1472
1 1825
1 317
1825 1776
1825 1581
1776 1065
1065 240
1065 111
240 1404
240 491
1404 1742
1404 185
1742 53
53 939
53 70
939 135
939 1686
135 1284
135 369
1284 99
99 1861
1861 1254
1861 1721
1254 1656
1254 812
1656 1739
1656 881
1739 1705
1739 741
1705 993
1705 1874
993 437
993 1754
437 660
660 1675
660 1083
1675 1871
1871 375
1871 1382
375 1559
375 1526
1559 157
157 239
239 1447
1447 66
1447 1153
66 1249
66 1070
1249 388
388 1107
1107 47
1107 1140
47 1575
1575 1350
1350 587
587 1231
1231 715
715 606
606 1244
1244 767
1244 1706
767 1647
1647 1865
1865 1323
1323 446
1323 1886
446 1239
446 520
1239 322
1239 481
322 1853
322 1059
1853 1410
1410 852
852 1005
1005 686
686 167
167 516
167 680
516 632
516 918
632 1764
1764 1075
1764 832
1075 579
1075 1004
579 1386
1386 543
543 751
543 12
751 1553
1553 1433
1553 1843
1433 1640
1640 1145
1640 1397
1145 20
1145 1225
20 1830
20 291
1830 1186
1186 601
601 969
969 920
969 834
920 1147
920 1351
1147 1259
1147 1372
1259 484
484 82
82 188
188 900
188 1757
900 451
451 152
152 1878
1878 542
542 1858
542 248
1858 689
1858 499
689 980
689 1570
980 288
288 18
288 62
18 714
714 370
714 1149
370 1412
370 511
1412 121
121 1032
121 159
1032 792
1032 302
792 1079
1079 778
778 1189
778 385
1189 1112
1112 583
1112 507
583 813
813 698
813 192
698 878
878 1728
878 1689
1728 1592
1592 1491
1592 854
1491 1183
1183 1627
1627 1735
1735 1796
1796 453
1796 176
453 1790
453 1538
1790 142
1790 701
142 87
87 8
8 1802
8 937
1802 605
1802 1162
605 647
647 509
509 1487
509 774
1487 1850
1850 887
887 150
887 1168
150 591
150 1749
591 671
671 1582
1582 318
1582 313
318 921
318 1661
921 967
967 129
129 880
880 986
880 533
986 1114
986 1340
1114 1655
1114 357
1655 204
1655 593
204 161
204 365
161 1762
1762 1707
1762 1846
1707 672
1707 1885
672 1788
672 603
1788 639
1788 656
639 228
228 1370
228 636
1370 762
762 1003
762 301
1003 134
1003 1510
134 1703
134 788
1703 1148
1703 455
1148 1546
1148 1614
1546 1121
1546 997
1121 1383
1383 293
293 427
293 1536
427 1480
427 106
1480 1113
1480 1099
1113 1525
1113 221
1525 856
856 1133
1133 1657
1657 1436
1657 607
1436 1357
1357 90
1357 1684
90 535
90 1158
535 1471
535 1896
1471 737
737 37
737 398
37 1716
1716 1785
1716 409
1785 1492
1785 629
1492 787
787 1187
787 351
1187 36
1187 1458
36 64
36 643
64 740
64 1017
740 303
303 1367
303 1611
1367 165
165 576
576 126
126 502
502 1413
1413 280
1413 888
280 1445
1445 513
513 1621
513 949
1621 1652
1621 1033
1652 242
242 687
242 110
687 1277
687 1411
1277 1312
1312 344
344 230
344 1887
230 760
230 336
760 927
760 304
927 346
927 901
346 685
346 1238
685 1540
685 1053
1540 326
1540 420
326 910
910 308
910 1393
308 1212
308 634
1212 1634
1212 1620
1634 717
1634 183
717 10
10 596
10 670
596 974
974 216
216 1584
216 1237
1584 1808
1808 1240
1240 515
515 859
859 1292
1292 594
1292 572
594 835
594 1261
835 1607
835 534
1607 145
145 1556
1556 757
757 703
703 845
845 222
845 597
222 1142
222 822
1142 52
52 1423
1423 747
1423 650
747 1439
1439 1888
1439 565
1888 1267
1888 532
1267 259
259 196
259 212
196 202
202 1282
202 1507
1282 1508
1282 447
1508 908
908 1441
1441 1171
1441 24
1171 1726
1171 1596
1726 1314
1726 688
1314 662
662 299
662 1605
299 1042
299 1504
1042 1270
1270 855
855 696
696 1715
1715 1530
1715 1167
1530 1698
1698 1154
1698 617
1154 125
125 265
125 11
265 1271
265 51
1271 108
108 297
108 1687
297 325
325 1512
325 178
1512 876
1512 468
876 379
379 1430
1430 284
284 524
284 977
524 938
938 1293
938 1834
1293 505
1293 1658
505 1866
505 1338
1866 1371
1371 1883
1371 1192
1883 652
652 236
236 1819
1819 471
1819 1012
471 464
464 1613
1613 736
736 781
736 1280
781 841
781 1236
841 999
841 494
999 1100
999 1353
1100 237
237 759
237 1134
759 1374
759 1388
1374 1783
1783 474
1783 1344
474 194
474 45
194 403
403 1138
1138 416
416 840
416 1235
840 1722
840 1683
1722 808
808 1664
1664 63
1664 983
63 1040
1040 67
67 1701
67 1668
1701 1020
1701 1418
1020 1320
1320 1135
1135 1291
1135 882
1291 1305
1291 595
1305 1417
1417 1191
1417 358
1191 1718
1718 697
1718 1626
697 208
208 1642
1642 78
78 1782
1782 1852
1852 1838
1838 842
842 521
842 1089
521 1067
521 1572
1067 1345
1345 1251
1251 1211
1251 290
1211 1352
1211 1522
1352 582
582 1035
582 1456
1035 1307
1307 931
1307 1438
931 83
83 1618
1618 1326
1326 1086
1086 1150
1086 289
1150 1787
1787 307
307 1784
1784 40
40 483
40 1600
483 97
483 109
97 1515
1515 1302
1302 1420
1420 1610
1610 163
163 329
329 401
401 934
934 1181
934 1720
1181 136
1181 1644
136 1054
136 1220
1054 41
1054 1118
41 1810
41 1355
1810 1493
1810 581
1493 1202
1202 665
665 205
665 1094
205 853
853 922
922 331
922 442
331 1619
1619 720
720 551
551 608
608 1524
608 1213
1524 1662
1662 414
414 1227
1227 160
1227 783
160 1576
160 1460
1576 1306
1306 79
1306 1794
79 1719
79 1717
1719 1283
1719 955
1283 753
753 869
869 824
824 984
984 648
648 1105
1105 1072
1072 590
590 825
825 1341
1341 1713
1713 541
541 503
503 186
186 794
794 992
794 1558
992 1408
1408 496
1408 1577
496 1454
1454 1779
1454 1233
1779 956
956 1329
956 950
1329 976
976 772
772 1038
1038 149
149 764
764 906
764 802
906 1110
906 1680
1110 1391
1391 1732
1391 371
1732 1462
1732 915
1462 1898
1462 68
1898 815
815 805
805 850
850 360
850 148
360 1651
360 1674
1651 137
137 839
839 879
839 1264
879 296
296 1296
296 506
1296 979
979 895
979 868
895 1606
895 96
1606 1646
1646 1527
1527 1308
1527 1217
1308 1354
1354 960
1354 829
960 122
122 1549
122 1855
1549 1058
1058 1566
1058 1369
1566 1598
1598 585
585 1615
585 1733
1615 1122
1122 624
624 397
624 883
397 838
838 394
394 708
708 1384
708 191
1384 749
749 1758
1758 310
1758 1362
310 1180
310 1062
1180 1488
1488 573
573 655
573 657
655 1123
655 1120
1123 1177
1177 1077
1077 395
1077 1747
395 803
803 1407
803 814
1407 428
428 1547
1547 328
1547 1571
328 153
153 1098
153 1224
1098 1763
1763 1141
1763 1324
1141 1156
1156 426
1156 1303
426 1286
426 1206
1286 1659
1659 492
492 1676
1676 609
609 1832
1832 789
1832 206
789 258
789 444
258 640
640 1761
1761 865
865 73
73 1216
1216 514
1216 413
514 1427
514 754
1427 1170
1170 561
1170 913
561 1055
1055 1573
1055 622
1573 1884
1884 1085
1884 316
1085 1414
1085 1119
1414 1895
1414 1318
1895 1178
1178 1585
1585 620
620 1502
620 1103
1502 1901
1901 1466
1901 1587
1466 103
103 897
103 95
897 1563
897 1315
1563 1193
1563 480
1193 225
1193 1899
225 1176
225 65
1176 189
1176 347
189 1048
1048 692
1048 155
692 538
538 716
716 1625
1625 1650
1650 1648
1648 1132
1648 337
1132 1723
1132 892
1723 412
1723 470
412 1172
1172 546
1172 1669
546 434
546 1694
434 540
434 1876
540 798
540 1078
798 1152
798 588
1152 666
666 623
666 1432
623 1653
623 1821
1653 1160
1160 1695
1695 48
48 452
452 1631
1631 570
570 1008
570 966
1008 133
133 386
386 871
386 361
871 560
560 1862
560 615
1862 833
1862 21
833 1348
1348 1221
1348 201
1221 1361
1221 1090
1361 1000
1000 486
486 1804
486 1366
1804 1102
1804 84
1102 93
1102 1446
93 489
93 1586
489 1281
1281 1729
1281 1081
1729 1769
1729 1589
1769 1243
1243 1084
1084 1801
1084 392
1801 410
1801 867
410 1591
1591 1011
1011 42
42 965
42 438
965 1768
1768 184
1768 1518
184 141
141 947
141 223
947 138
947 654
138 382
138 673
382 1188
1188 1474
1474 448
1474 818
448 877
448 213
877 1542
1542 422
1542 323
422 367
422 376
367 362
367 1603
362 1459
1459 1068
1068 1199
1199 1182
1182 425
1182 475
425 1442
425 724
1442 424
424 441
424 761
441 1814
441 89
1814 249
1814 1196
249 748
249 1875
748 616
616 162
616 684
162 251
162 791
251 1869
251 1734
1869 952
1869 1333
952 218
952 1321
218 172
172 33
33 951
33 848
951 734
734 1511
1511 321
1511 454
321 130
130 384
384 1457
1457 730
730 1043
1043 1823
1823 773
1823 963
773 690
690 776
690 1331
776 260
260 801
801 440
440 721
440 1010
721 305
721 653
305 364
364 1770
364 1104
1770 353
353 826
353 252
826 1490
1490 592
592 785
785 1745
1745 1434
1434 143
1434 604
143 207
207 166
166 1385
166 1342
1385 1798
1385 970
1798 905
1798 226
905 996
996 1146
996 557
1146 1817
1146 404
1817 669
669 1599
1599 1738
1599 1395
1738 292
1738 860
292 1205
1205 1425
1205 981
1425 147
147 988
988 1268
988 253
1268 512
1268 1678
512 1229
512 1029
1229 175
1229 894
175 1106
1106 187
1106 1767
187 1677
187 1392
1677 1155
1155 990
1155 1535
990 973
973 406
973 816
406 744
406 1520
744 544
744 1165
544 1893
544 1279
1893 530
530 1516
530 1115
1516 1242
1516 1440
1242 1881
1242 1751
1881 1287
1881 1679
1287 333
1287 1247
333 26
26 722
26 1034
722 1727
1727 1564
1727 1313
1564 1037
1037 1848
1037 1356
1848 478
1848 1228
478 641
478 383
641 1403
641 926
1403 1690
1690 173
173 1377
173 246
1377 1359
1359 559
1359 694
559 633
633 283
633 953
283 238
238 564
238 1714
564 131
131 1464
1464 726
1464 1550
726 100
100 338
100 1880
338 1574
1574 1169
1574 614
1169 733
733 1604
1604 1772
1604 1630
