12 2434 468694
10 1
10 8
1 2
1 4
2 7
7 9
9 11
9 12
11 6
11 3
6 5
1210 1624
1624 550
550 828
828 2011
828 1266
2011 1783
2011 320
1783 1063
1063 792
1063 1723
792 2177
2177 994
2177 1489
994 1785
994 1494
1785 1946
1785 1803
1946 1824
1824 77
77 1652
1652 2105
2105 1012
1012 1349
1349 847
1349 612
847 1816
847 39
1816 491
1816 1553
491 1428
1428 268
268 1024
268 1329
1024 2033
1024 1444
2033 277
2033 1791
277 2244
2244 1763
2244 1072
1763 383
1763 2179
383 1858
1858 18
18 1454
1454 1742
1742 440
1742 1616
440 2165
2165 2292
2165 931
2292 40
40 242
242 748
242 1461
748 850
748 1818
850 817
817 2044
817 198
2044 1533
1533 652
652 1141
1141 115
115 296
115 1626
296 1183
296 1172
1183 390
390 1698
390 252
1698 978
1698 2344
978 1667
978 812
1667 231
231 579
579 2291
579 1088
2291 584
584 2308
2308 1545
2308 310
1545 870
870 2224
870 1579
2224 152
152 64
64 1715
1715 1689
1689 1888
1689 959
1888 2399
1888 820
2399 988
988 1789
988 1032
1789 888
888 3
3 1863
1863 1576
1576 1262
1262 2054
2054 1250
1250 284
1250 1471
284 30
30 2347
30 536
2347 1981
2347 2119
1981 2217
2217 1708
1708 2145
2145 1052
1052 80
80 996
996 2019
996 2072
2019 477
477 1083
477 785
1083 750
750 660
750 811
660 1675
1675 751
751 2083
2083 1041
2083 1216
1041 2345
1041 238
2345 1301
1301 2133
1301 2338
2133 1208
1208 619
619 2029
2029 1409
1409 1188
1188 1752
1752 2063
1752 189
2063 1018
2063 629
1018 1848
1848 613
1848 1064
613 1322
613 1232
1322 347
1322 487
347 98
347 867
98 2127
98 1702
2127 881
2127 568
881 855
881 1636
855 1649
855 2256
1649 2162
2162 732
732 666
666 920
666 534
920 1615
920 507
1615 1406
1615 1878
1406 425
1406 2265
425 2190
425 456
2190 915
915 936
936 1290
1290 2337
2337 1905
1905 2270
1905 1081
2270 2413
2413 2409
2413 1211
2409 417
2409 1855
417 623
417 861
623 1305
1305 2026
1305 880
2026 543
2026 1278
543 2263
2263 352
352 281
352 1291
281 337
281 1891
337 1192
337 1774
1192 738
738 2154
2154 97
2154 1629
97 1628
97 418
1628 1149
1628 321
1149 592
592 33
33 791
791 109
109 244
109 1055
244 1053
1053 927
1053 364
927 2030
927 1049
2030 280
280 1943
280 1672
1943 1220
1943 1005
1220 922
922 851
851 689
851 2352
689 120
120 2222
2222 2144
2222 1281
2144 348
348 1379
348 2109
1379 2273
2273 150
2273 799
150 1777
150 857
1777 1983
1983 342
1983 132
342 615
615 775
615 532
775 589
775 1524
589 1850
589 2223
1850 454
1850 451
454 1883
454 2406
1883 1945
1883 2227
1945 2096
2096 2311
2311 2433
2433 1060
2433 2216
1060 1284
1060 862
1284 2361
2361 1745
1745 1678
1678 1876
1876 537
1876 1555
537 52
52 2407
2407 1972
2407 2151
1972 1419
1419 636
636 1508
1508 1244
1244 1568
1568 695
1568 495
695 21
695 1182
21 2021
2021 1181
2021 708
1181 1557
1557 1817
1557 2124
1817 845
845 1561
845 2272
1561 117
117 1663
117 435
1663 1429
1429 1473
1473 2191
2191 1488
1488 1224
1224 1213
1213 556
1213 2374
556 2009
556 2095
2009 518
518 2067
518 858
2067 237
237 879
879 2325
2325 276
2325 752
276 302
276 754
302 1695
1695 2172
1695 2058
2172 1221
2172 1840
1221 2094
2094 249
2094 1666
249 1376
249 1587
1376 63
63 1104
1104 1544
1104 1852
1544 1178
1178 2014
2014 1261
2014 2383
1261 250
250 444
444 907
907 2070
2070 1787
1787 1521
1787 1677
1521 123
1521 1711
123 1237
1237 20
20 1724
1724 1044
1724 1782
1044 1904
1044 1523
1904 155
1904 1806
155 2126
155 948
2126 351
351 463
463 96
96 1828
96 1564
1828 1583
1583 2188
2188 1606
1606 2182
2182 1127
1127 501
1127 2210
501 1638
501 1155
1638 2000
2000 2251
2000 127
2251 834
834 547
834 1093
547 1854
547 1463
1854 1929
1929 2013
2013 1687
2013 923
1687 1654
1687 1339
1654 528
1654 345
528 1592
528 1130
1592 2076
2076 1359
1359 2318
1359 181
2318 1128
1128 2192
1128 1820
2192 616
616 494
616 1873
494 710
710 193
193 445
193 105
445 719
445 1829
719 742
719 1331
742 563
563 567
567 367
367 65
367 1811
65 1366
1366 1133
1366 935
1133 777
777 674
777 258
674 217
217 121
217 1967
121 1881
121 2356
1881 496
496 649
649 1740
649 1954
1740 1112
1740 1765
1112 170
1112 2316
170 1240
170 1452
1240 16
1240 2431
16 1574
1574 1440
1440 1033
1033 2185
1033 1120
2185 893
893 1218
893 113
1218 1839
1218 1383
1839 794
794 646
646 970
970 2173
970 621
2173 326
326 335
335 1398
335 694
1398 511
511 2032
511 1001
2032 2085
2085 2264
2264 1486
2264 1107
1486 686
1486 709
686 2296
2296 585
585 171
585 118
171 1589
171 1846
1589 969
1589 482
969 259
259 497
497 848
848 2062
848 692
2062 549
549 1978
549 358
1978 318
1978 1456
318 1802
1802 838
1802 902
838 1280
1280 1498
1498 780
780 317
780 2249
317 1236
317 829
1236 1833
1236 1630
1833 110
110 172
172 1106
1106 2239
1106 1989
2239 691
691 2213
2213 1040
2213 524
1040 555
555 2313
555 1031
2313 659
2313 1712
659 484
659 986
484 1382
1382 1934
1934 2139
1934 1203
2139 957
2139 70
957 1510
1510 865
865 1540
865 1500
1540 1913
1540 1219
1913 2346
1913 583
2346 1148
2346 565
1148 926
926 2091
2091 591
2091 36
591 1015
591 48
1015 1506
1506 1822
1506 771
1822 573
573 608
608 1758
608 2427
1758 2049
2049 962
2049 2131
962 107
107 2297
107 466
2297 324
2297 1655
324 2359
2359 840
2359 1214
840 787
840 1746
787 1333
1333 756
756 733
756 32
733 1201
1201 2135
1201 1394
2135 1362
1362 1187
1187 1518
1187 1056
1518 956
1518 1645
956 525
956 2293
525 515
515 682
515 413
682 449
682 1380
449 2376
449 1113
2376 527
527 706
527 1274
706 853
706 233
853 2123
2123 1673
2123 60
1673 724
1673 1119
724 1671
1671 338
1671 1410
338 53
53 1122
53 1661
1122 1025
1122 513
1025 882
882 767
767 1572
767 343
1572 1718
1718 2284
1718 210
2284 669
2284 2401
669 1821
1821 705
705 1974
705 411
1974 2321
1974 1420
2321 901
901 353
353 944
353 175
944 789
944 1191
789 228
789 1960
228 1759
228 1430
1759 2034
2034 1621
2034 2299
1621 529
1621 1374
529 392
392 1405
1405 2235
2235 412
412 1115
412 1352
1115 1099
1115 1830
1099 1257
1099 1159
1257 594
1257 954
594 270
594 1286
270 1059
1059 1551
1551 1927
1551 2069
1927 1527
1927 2097
1527 1922
1527 373
1922 2157
2157 2340
2340 1432
2340 1507
1432 1613
1432 375
1613 1388
1613 1396
1388 340
1388 1513
340 1614
340 1762
1614 387
1614 49
387 1504
387 1330
1504 1235
1504 876
1235 548
1235 1612
548 2228
2228 1341
1341 2232
1341 852
2232 1189
2232 571
1189 1117
1117 81
81 1446
1446 2388
2388 1975
2388 1869
1975 2201
2201 2375
2201 2194
2375 1260
2375 2423
1260 506
506 2335
506 546
2335 1812
2335 1618
1812 2300
1812 291
2300 239
239 1893
1893 2204
2204 975
975 225
225 581
581 586
586 414
414 1558
414 2278
1558 1567
1567 1660
1567 1810
1660 2245
1660 2343
2245 930
2245 1536
930 422
422 285
422 898
285 766
285 2180
766 243
243 1679
243 1111
1679 1114
1114 2289
2289 1069
1069 1853
1853 1309
1853 1319
1309 1716
1716 87
87 2257
2257 2064
2064 2355
2064 1495
2355 278
278 304
304 816
816 1898
816 1091
1898 461
461 1417
1417 1422
1422 2266
1422 1851
2266 617
617 1517
617 1522
1517 363
1517 611
363 1004
363 564
1004 1275
1004 993
1275 1287
1275 2129
1287 668
1287 421
668 1447
668 1735
1447 793
793 275
275 314
314 740
740 2101
2101 2110
2101 2411
2110 1912
2110 1901
1912 341
1912 913
341 2248
341 1976
2248 480
2248 1051
480 1186
1186 182
182 734
182 1269
734 906
906 1861
906 2193
1861 151
1861 2027
151 232
232 1761
232 1911
1761 939
939 1973
1973 914
914 1720
1720 1704
1704 2184
1704 1562
2184 1462
2184 1361
1462 990
990 2048
990 2143
2048 1693
2048 704
1693 439
439 2168
439 1047
2168 2322
2168 2317
2322 1860
1860 2080
1860 872
2080 693
2080 2008
693 1744
1744 1215
1215 2153
2153 459
2153 590
459 429
459 1105
429 1842
1842 712
712 519
712 1315
519 2221
2221 1734
2221 864
1734 1637
1637 1348
1637 95
1348 1400
1400 1321
1400 1563
1321 1050
1321 2120
1050 1923
1050 374
1923 1351
1351 1397
1397 937
1397 1599
937 1962
937 1129
1962 966
1962 1619
966 2328
966 1877
2328 711
711 2295
711 1401
2295 1611
2295 2121
1611 257
1611 396
257 601
257 1604
601 685
685 1792
685 119
1792 196
1792 1404
196 722
196 2003
722 1413
722 597
1413 539
1413 391
539 729
729 148
729 493
148 2170
148 1021
2170 204
2170 1167
204 1402
1402 2205
2205 286
286 842
842 841
841 1659
1659 462
462 499
499 226
226 1391
226 644
1391 1228
1228 2280
1228 1886
2280 43
43 973
973 122
122 1890
1890 577
577 713
713 1197
713 2230
1197 2134
1197 825
2134 599
599 2336
599 2271
2336 2416
2416 891
891 384
384 735
384 2125
735 688
688 2417
688 1306
2417 124
124 2319
124 177
2319 1102
2319 1688
1102 327
1102 1089
327 504
327 1162
504 1399
504 385
1399 757
757 1620
1620 769
769 2243
2243 453
453 1445
453 934
1445 1884
1445 431
1884 1094
1884 486
1094 727
727 835
727 1023
835 2141
2141 2255
2255 427
427 2421
2421 814
2421 1795
814 2283
814 553
2283 2023
2283 2234
2023 1799
2023 23
1799 450
450 2363
2363 2053
2053 1819
1819 2403
2403 1590
1590 1003
1590 2236
1003 610
1003 207
610 987
610 161
987 1166
1166 301
1166 1190
301 428
428 2250
428 1773
2250 635
635 932
635 572
932 1549
1549 163
163 403
163 1537
403 2174
2174 333
333 220
220 2045
2045 2056
2056 1845
1845 887
887 1827
887 1955
1827 2310
2310 2016
2310 965
2016 2036
2036 1028
1028 158
1028 945
158 607
607 1847
1847 1317
1847 1966
1317 142
1317 1642
142 696
696 1617
1617 1597
1597 344
1597 247
344 1477
344 783
1477 2260
2260 2015
2015 1899
2015 1778
1899 1825
1825 2229
1825 1002
2229 1255
2229 561
1255 13
1255 1390
13 2052
2052 195
195 1443
1443 478
478 2220
2220 1754
1754 2158
1754 963
2158 1020
2158 2161
1020 1468
1468 1176
1468 977
1176 580
580 1342
580 1165
1342 831
831 1684
1684 388
1684 1026
388 2314
388 1530
2314 647
647 2010
647 889
2010 968
968 600
600 2312
2312 2405
2312 2005
2405 1964
2405 1061
1964 1310
1310 2307
2307 1707
2307 707
1707 1482
1707 1794
1482 1971
1482 815
1971 1007
1007 2412
1007 508
2412 1169
2412 1017
1169 1078
1169 1268
1078 31
1078 1423
31 160
31 2233
160 1147
1147 1046
1147 1204
1046 1598
1046 1403
1598 1859
1859 1484
1859 464
1484 2186
2186 200
200 698
698 1408
698 1439
1408 1433
1408 458
1433 1918
1918 1935
1918 448
1935 2203
2203 781
781 1887
781 1868
1887 1994
1887 288
1994 1699
1699 839
839 797
839 2254
797 895
797 1909
895 1108
895 1721
1108 74
1108 393
74 1584
1584 1920
1584 298
1920 1067
1920 514
1067 800
1067 1206
800 455
800 911
455 206
455 1970
206 4
206 35
4 2209
4 1879
2209 1862
1862 2006
1862 1826
2006 1670
2006 1781
1670 1570
1570 821
821 819
821 631
819 1350
1350 885
1350 159
885 2040
885 868
2040 1336
2040 287
1336 770
1336 2286
770 360
360 235
235 71
71 1378
71 1680
1378 788
1378 1813
788 1418
1418 749
749 1137
749 554
1137 1776
1776 624
1776 2111
624 2261
624 1006
2261 2074
2261 523
2074 1161
1161 2001
1161 2342
2001 1279
1279 214
1279 2304
214 2164
214 762
2164 860
2164 2398
860 79
79 399
79 2404
399 1793
1793 408
1793 61
408 313
313 1916
313 1314
1916 2367
2367 681
2367 941
681 1681
681 2
1681 2382
2382 869
2382 837
869 157
869 1942
157 1511
1511 1282
1282 657
657 1841
657 1253
1841 760
1841 1407
760 605
605 2391
2391 209
2391 1238
209 2081
2081 1823
2081 2169
1823 213
213 362
213 503
362 1295
1295 1951
1295 2351
1951 1882
1882 2163
2163 54
2163 2175
54 2330
2330 469
469 1683
1683 520
520 490
520 2043
490 436
436 485
436 521
485 1373
1373 1519
1373 1144
1519 1332
1519 1276
1332 1171
1171 651
651 2020
2020 215
215 274
274 1503
274 106
1503 2380
1503 582
2380 1483
1483 656
1483 145
656 763
656 1900
763 1743
1743 562
562 415
562 1633
415 1163
415 1071
1163 1749
1163 755
1749 2066
1749 262
2066 1323
1323 2387
2387 1832
1832 1475
1832 1585
1475 1977
1977 1788
1977 442
1788 460
1788 2348
460 1980
460 559
1980 10
10 1921
10 1277
1921 58
1921 202
58 1123
1123 1384
1123 1200
1384 1134
1134 134
134 305
134 971
305 1939
1939 2430
2430 472
2430 22
472 216
472 2189
216 1497
1497 357
1497 699
357 2196
357 377
2196 849
2196 1263
849 1741
1741 1139
1139 802
802 205
802 289
205 1360
1360 1313
1360 813
1313 718
1313 2142
718 2415
2415 1077
2415 2332
1077 474
474 2298
2298 1780
2298 2305
1780 1634
1780 130
1634 753
1634 1895
753 2362
2362 24
24 126
126 386
126 2242
386 805
805 1273
805 76
1273 1512
1273 47
1512 2113
1512 1097
2113 1245
2113 1132
1245 1450
1245 218
1450 1233
1233 1713
1713 1856
1856 2422
1856 2146
2422 44
2422 2088
44 653
44 1300
653 943
943 1669
943 424
1669 1455
1455 655
1455 1874
655 272
272 376
376 1039
1039 368
368 2269
2269 1867
2269 2247
1867 241
1867 382
241 116
241 1070
116 1062
1062 34
1062 1367
34 863
863 2429
2429 2360
2360 569
2360 1554
569 203
569 1011
203 255
203 859
255 1560
255 1466
1560 1605
1605 1076
1605 1528
1076 1347
1347 2237
1347 1772
2237 803
2237 940
803 1126
1126 219
1126 1727
219 1641
1641 1771
1771 1501
1501 2103
2103 183
2103 1393
183 164
164 1844
1844 45
1844 2384
45 897
45 998
897 2199
2199 1729
2199 2039
1729 2198
1729 2051
2198 1156
2198 976
1156 138
1156 62
138 725
725 405
725 1907
405 1470
405 1193
1470 25
1470 1930
25 1328
25 312
1328 1037
1328 2370
1037 2326
1037 1143
2326 1346
2326 1425
1346 1145
1346 2160
1145 997
1145 967
997 1601
997 379
1601 476
1601 638
476 844
476 827
844 909
909 1644
1644 1889
1644 917
1889 1029
1029 675
1029 419
675 2225
2225 437
437 833
833 1906
1906 1451
1451 1987
1451 632
1987 928
928 1926
1926 2118
1926 1650
2118 1565
1565 773
773 1838
1838 401
401 1710
401 1146
1710 1085
1710 516
1085 2400
1085 1441
2400 1095
2400 1356
1095 329
329 991
991 2259
991 2214
2259 1790
1790 522
1790 1709
522 517
517 1173
1173 663
663 2320
663 672
2320 2397
2397 1541
1541 2065
2065 1668
1668 960
960 1337
1337 1334
1337 823
1334 1714
1714 2277
1714 1580
2277 1722
1722 1938
1938 66
66 2176
2176 1627
1627 1520
1520 1692
1520 1082
1692 371
1692 634
371 1582
1582 2339
1582 1258
2339 2089
2089 1251
2089 279
1251 1256
1251 1283
1256 1154
1256 784
1154 989
1154 1801
989 1577
989 664
1577 354
354 1750
354 26
1750 598
1750 1459
598 606
598 530
606 2114
606 726
2114 1368
2114 2414
1368 908
1368 1948
908 1805
908 1733
1805 1
1 294
1 804
294 972
294 1870
972 224
972 356
224 2396
2396 2368
2368 640
640 156
640 2309
156 2420
2420 1573
1573 578
1573 178
578 593
578 89
593 416
416 212
416 248
212 1706
1706 68
68 475
68 673
475 2424
2424 798
2424 1160
798 500
798 625
500 147
500 899
147 1571
147 269
1571 2285
1571 1325
2285 743
2285 531
743 187
743 208
187 9
9 661
661 1910
661 1575
1910 905
905 1426
905 290
1426 1760
1426 1303
1760 2288
1760 457
2288 566
566 1639
566 1593
1639 1737
1639 557
1737 395
395 1682
395 2262
1682 1872
1682 1834
1872 1364
1364 961
961 1919
961 266
1919 355
355 2329
355 125
2329 1460
2329 671
1460 1381
1381 992
992 1101
992 2240
1101 1086
1086 2267
1086 758
2267 1767
2267 407
1767 1691
1767 2018
1691 654
1691 2323
654 832
832 2167
832 2087
2167 14
14 2047
2047 300
2047 1048
300 1196
1196 67
1196 1207
67 873
67 2122
873 542
873 1392
542 715
715 56
56 1411
1411 2282
2282 1377
1377 306
1377 2057
306 42
306 1594
42 1705
1705 540
1705 240
540 1797
540 1731
1797 1529
1529 328
328 1559
1559 1355
1355 1357
1357 807
807 1270
1270 541
1270 94
541 2369
541 1814
2369 1532
2369 1738
1532 1338
1532 369
1338 1566
1566 260
1566 1990
260 1043
1043 830
830 509
509 778
778 2238
778 2418
2238 1467
2238 1096
1467 702
702 133
133 332
133 2197
332 1229
1229 184
184 1766
1766 86
1766 2059
86 1416
86 2208
1416 190
1416 1809
190 153
153 46
46 1054
46 1478
1054 974
1054 251
974 246
246 1815
1815 1308
1308 1016
1308 575
1016 2408
2408 481
2408 1603
481 2025
481 955
2025 1952
2025 2178
1952 253
1952 1925
253 2159
253 1609
2159 402
2159 19
402 510
402 1065
510 2012
510 2252
2012 1194
1194 1209
1194 1635
1209 330
330 432
330 918
432 2106
432 2098
2106 2331
2106 1509
2331 2426
2331 2371
2426 438
2426 1531
438 1796
1796 774
774 1271
774 1756
1271 1525
1271 261
1525 1757
1525 1389
1757 165
1757 836
165 1631
1631 786
1631 717
786 700
786 264
700 2324
2324 2303
2303 221
221 394
394 222
394 1542
222 810
810 1265
810 1022
1265 731
1265 28
731 1686
1686 1068
1686 1892
1068 958
1068 1092
958 192
192 1784
192 730
1784 1717
1717 2385
2385 1697
2385 1427
1697 2148
2148 1493
1493 1665
1493 166
1665 1449
1449 135
135 618
618 103
618 1387
103 670
103 1690
670 420
670 1885
420 1931
420 512
1931 1066
1066 637
1066 1222
637 1982
637 1414
1982 505
1982 2341
505 1292
505 1100
1292 1252
1252 2038
2038 1312
1312 154
1312 2373
154 174
154 1751
174 843
174 570
843 1363
1363 2425
2425 703
703 2035
2035 2079
2035 2290
2079 1358
1358 1234
1234 2102
1234 2090
2102 101
2102 1217
101 1657
1657 526
1657 551
526 1124
1124 51
51 560
560 1578
560 964
1578 2100
2100 1539
1539 1264
1264 8
1264 687
8 676
8 782
676 894
894 776
776 452
452 141
452 875
141 2402
141 1118
2402 114
2402 293
114 1272
114 886
1272 433
433 82
433 904
82 319
82 772
319 1479
319 1150
1479 1246
1246 1647
1246 137
1647 140
140 1084
1084 2050
1084 1472
2050 265
2050 194
265 139
265 1646
139 447
447 1254
447 596
1254 723
1254 167
723 1098
723 2093
1098 985
985 2394
2394 2071
2394 1371
2071 1516
2071 846
1516 1610
1610 1307
1610 1395
1307 1768
1768 1487
1768 1986
1487 1933
1933 2218
1933 925
2218 604
2218 2183
604 1372
1372 299
1372 1676
299 303
299 1755
303 1831
1831 2372
2372 1726
1726 1365
1365 921
1365 639
921 1499
921 2155
1499 1135
1499 2031
1135 404
404 1985
1985 1226
1226 910
910 1199
910 877
1199 1857
1199 866
1857 677
1857 2028
677 331
331 2166
331 1779
2166 808
2166 489
808 2181
808 1294
2181 131
131 17
17 1979
17 1535
1979 467
1979 1807
467 2279
467 1034
2279 201
201 223
223 1239
1239 406
406 2084
406 1412
2084 1753
1753 1648
1648 2379
2379 871
2379 1725
871 1480
1480 919
919 1469
1469 1259
1469 334
1259 1492
1259 1835
1492 2287
1492 642
2287 2128
2128 747
2128 1243
747 1058
1058 315
315 365
365 370
370 1602
370 1242
1602 1158
1158 1588
1588 759
759 2353
2353 949
949 2107
2107 38
38 1996
1996 2206
1996 443
2206 1958
1958 185
185 658
185 488
658 180
180 1075
180 609
1075 197
197 1074
197 2246
1074 1198
1198 1248
1198 854
1248 143
143 1894
143 1212
1894 622
622 983
622 323
983 1140
983 1991
1140 874
1140 2200
874 953
874 1170
953 350
953 2302
350 465
350 1662
465 2253
465 1289
2253 1775
2253 1438
1775 818
818 1304
1304 426
1304 2082
426 933
933 2350
933 2150
2350 2002
2002 483
483 93
93 1010
1010 1386
1010 662
1386 916
916 2395
2395 1370
1370 72
72 1175
72 1622
1175 1344
1344 645
645 1843
645 1643
1843 2004
2004 292
292 1804
1804 6
6 149
6 1546
149 1297
149 1453
1297 745
745 2366
2366 1944
1944 91
1944 1491
91 2147
91 410
2147 1957
1957 739
739 1736
739 2042
1736 400
1736 361
400 952
400 398
952 946
952 1027
946 1435
946 1324
1435 468
468 883
468 779
883 2041
2041 473
2041 308
473 295
473 2241
295 1079
1079 1327
1327 1241
1241 1464
1464 2092
1464 1581
2092 576
576 1320
1320 979
1320 1223
979 929
929 1448
1448 1538
1448 2377
1538 1748
1538 1998
1748 826
1748 144
826 479
826 552
479 1311
479 2078
1311 1249
1311 665
1249 1177
1249 1732
1177 1247
1247 2055
1247 1116
2055 1184
1184 1231
1184 764
1231 389
389 83
389 1080
83 1526
83 614
1526 588
588 1936
1936 684
684 2315
2315 267
2315 1947
267 1953
1953 1502
1502 1607
1607 1205
1205 498
1205 1353
498 2364
498 2274
2364 1703
2364 1908
1703 2138
2138 1019
1019 912
912 1625
912 716
1625 1915
1915 628
628 1864
628 1036
1864 29
1864 1719
29 1798
29 1674
1798 1087
1087 801
1087 1285
801 1008
1008 1993
1008 2046
1993 1696
1993 1865
1696 924
1696 1914
924 1924
924 1296
1924 890
890 11
11 2149
11 283
2149 1547
2149 1000
1547 2390
2390 650
650 535
650 884
535 981
981 822
822 2386
2386 169
2386 168
169 1808
1808 179
1808 2276
179 446
179 701
446 381
446 1299
381 720
720 679
679 627
679 12
627 1928
1928 683
1928 112
683 1836
683 1465
1836 942
942 1800
942 1424
1800 37
37 1600
1600 102
1600 533
102 1739
102 1623
1739 108
108 1164
1164 59
59 2268
2268 1185
2268 2392
1185 2258
1185 1995
2258 1138
1138 1014
1014 2294
2294 630
630 1125
630 1595
1125 7
7 1984
1984 938
1984 1701
938 173
173 2281
2281 1940
2281 1103
1940 574
1940 1932
574 2212
574 1195
2212 245
2212 900
245 545
245 1728
545 1514
1514 1694
1694 1880
1880 146
1880 980
146 1937
146 809
1937 744
1937 1375
744 378
378 50
50 229
50 714
229 409
229 1747
409 162
409 697
162 602
602 2075
602 128
2075 2099
2075 434
2099 90
2099 1045
90 211
90 2112
211 236
236 1035
1035 1490
1490 1110
1490 603
1110 690
1110 2434
690 256
690 2104
256 73
73 2275
73 1700
2275 1298
1298 1950
1950 1168
1168 1586
1168 1896
1586 1550
1586 349
1550 423
1550 1345
423 1121
1121 199
1121 372
199 1316
1316 643
1316 1335
643 78
643 441
78 1871
1871 1515
1871 806
1515 1153
1153 761
1153 322
761 1042
761 795
1042 1057
1042 633
1057 2334
2334 1656
1656 999
999 856
999 1866
856 309
309 2156
309 234
2156 2130
2130 339
2130 2060
339 947
947 2428
2428 2007
2428 2231
2007 359
359 55
55 1640
1640 1474
1640 2410
1474 1136
1136 1457
1136 227
1457 1968
1968 492
1968 2116
492 790
492 2077
790 1552
790 1318
1552 1875
1875 1569
1569 620
1569 1202
620 41
41 2086
41 1534
2086 951
2086 1548
951 2365
2365 1385
2365 1302
1385 1903
1385 297
1903 558
1903 2024
558 1963
558 903
1963 271
271 1180
271 1340
1180 824
824 1764
824 2136
1764 587
1764 2187
587 746
746 1225
746 1770
1225 336
336 2068
2068 765
2068 84
765 111
765 1999
111 538
538 2211
2211 1730
2211 1949
1730 2381
1730 1131
2381 307
307 1849
1849 1505
1505 1496
1496 1786
1786 2333
2333 878
878 1481
878 626
1481 2195
1481 1596
2195 950
2195 2378
950 2117
950 2349
2117 2171
2117 2306
2171 595
595 1354
1354 1442
1354 311
1442 99
99 2132
99 2037
2132 1476
2132 667
1476 75
1476 678
75 2226
2226 2354
2226 741
2354 1436
2354 1434
1436 57
57 5
5 470
5 1009
470 15
15 1179
1179 502
502 176
502 1917
176 316
316 1437
316 325
1437 2017
2017 982
2017 1965
982 1227
982 85
1227 1109
1109 648
1109 2022
648 2327
2327 1956
1956 2140
1956 366
2140 1326
2140 728
1326 1267
1326 1664
1267 1769
1267 796
1769 768
768 1941
768 104
1941 136
1941 254
136 1685
1685 2108
2108 27
2108 1997
27 544
544 1959
544 191
1959 430
1959 1591
430 1288
430 282
1288 2202
1288 1293
2202 1343
2202 2115
1343 129
1343 2357
129 2061
2061 1090
2061 2432
1090 2358
2358 2219
2358 1151
2219 1658
1658 896
896 2301
2301 2215
2215 2419
2419 100
100 2073
2073 1543
2073 1030
1543 380
380 230
230 397
230 1415
397 1152
1152 1992
1152 1421
1992 1961
1992 892
1961 92
92 188
92 1902
188 721
188 88
721 2389
2389 737
2389 273
737 1651
1651 1632
1632 2207
2207 995
995 1608
995 263
1608 1837
1837 680
1837 736
680 2393
680 1142
2393 1013
1013 69
69 1556
1556 1369
1369 2152
1369 2137
2152 346
2152 1485
346 1157
1157 1988
1988 1073
1988 1458
1073 1230
1230 471
471 1174
1174 186
186 641
186 1653
641 984
984 1038
984 1969
1038 1431
1038 1897
