23 1885 4447
11 9
9 4
4 19
4 18
19 5
5 3
3 8
8 17
17 16
16 2
16 1
2 13
13 23
13 22
23 7
7 14
14 12
12 6
12 21
6 10
6 15
10 20
437 980
437 71
980 1661
1661 443
1661 822
443 1677
1677 1819
1677 496
1819 765
765 1806
765 181
1806 1094
1094 390
1094 356
390 512
512 1672
1672 202
202 1183
202 1075
1183 1570
1183 1505
1570 791
1570 262
791 1023
1023 39
1023 1626
39 1747
1747 59
59 1003
1003 1831
1831 602
1831 322
602 394
602 112
394 414
394 741
414 619
619 1005
1005 675
675 942
942 1593
1593 1027
1593 1748
1027 476
476 466
466 699
699 544
699 87
544 645
544 188
645 1595
645 1885
1595 29
29 1755
1755 615
615 10
10 1584
10 966
1584 430
1584 240
430 943
430 1379
943 1276
943 1487
1276 1397
1397 434
434 947
947 646
947 778
646 735
735 307
307 797
797 1592
1592 826
826 541
826 884
541 399
399 105
105 299
299 1136
1136 1409
1136 423
1409 979
1409 873
979 1112
1112 1
1112 1039
1 108
1 795
108 805
108 1104
805 1799
805 465
1799 378
378 1772
378 680
1772 1300
1772 1389
1300 288
1300 1103
288 1275
1275 1470
1275 802
1470 426
1470 1776
426 1099
426 1632
1099 1683
1683 447
1683 1368
447 1179
447 757
1179 1788
1179 477
1788 1837
1837 1695
1837 841
1695 1669
1695 1186
1669 1880
1669 357
1880 1353
1353 583
583 1386
1386 829
1386 9
829 1006
829 1665
1006 1282
1006 1235
1282 1749
1282 610
1749 44
1749 565
44 505
44 95
505 1795
505 197
1795 686
1795 1378
686 730
686 258
730 831
831 827
827 144
144 773
144 1830
773 1500
1500 296
296 508
296 1143
508 1459
508 400
1459 138
138 1134
138 1778
1134 1675
1675 1139
1675 844
1139 1724
1724 1124
1724 1678
1124 693
1124 1132
693 1589
1589 1728
1589 656
1728 1342
1728 1398
1342 1309
1309 501
1309 183
501 821
821 46
46 153
153 1491
1491 75
1491 1110
75 609
609 887
609 1768
887 1426
1426 1499
1426 1884
1499 759
759 924
759 511
924 463
463 1608
1608 458
458 1469
458 451
1469 1173
1173 962
1173 1191
962 1051
962 1372
1051 697
697 755
755 346
755 253
346 560
346 371
560 335
560 1534
335 217
335 708
217 260
217 1253
260 1881
260 1883
1881 1638
1881 1571
1638 1581
1638 659
1581 23
1581 65
23 683
23 672
683 878
878 1579
1579 1414
1414 1341
1341 922
1341 1417
922 946
922 219
946 632
946 176
632 926
926 279
926 145
279 38
279 102
38 291
291 502
502 15
502 1060
15 1054
1054 76
1054 996
76 661
661 1504
1504 1746
1504 999
1746 91
91 1326
91 1299
1326 638
638 876
876 1539
876 401
1539 1312
1312 1203
1203 130
130 1782
1782 159
1782 408
159 1123
159 320
1123 1835
1123 1362
1835 462
1835 976
462 1101
462 327
1101 1549
1101 101
1549 1255
1255 1722
1722 533
533 369
369 543
543 969
543 1723
969 1805
969 134
1805 644
644 1667
644 5
1667 493
1667 236
493 66
493 812
66 104
104 1420
104 163
1420 934
1420 1866
934 1663
934 568
1663 1040
1663 387
1040 1422
1422 579
1422 318
579 315
315 1370
315 804
1370 790
1370 1292
790 336
790 1170
336 204
336 6
204 808
808 1052
808 1863
1052 854
1052 1429
854 1610
1610 416
416 1876
416 553
1876 937
1876 1566
937 616
937 835
616 155
155 1679
1679 167
1679 649
167 1245
1245 1270
1270 294
294 968
294 99
968 1648
1648 575
575 608
608 507
608 1694
507 218
507 1130
218 555
555 907
907 517
907 109
517 1721
517 657
1721 250
250 208
250 126
208 1032
1032 85
85 1614
85 1043
1614 1224
1614 1382
1224 800
800 1387
1387 1769
1387 1210
1769 1538
1538 1240
1240 1390
1240 816
1390 927
927 597
927 1316
597 1068
1068 1622
1068 559
1622 1177
1177 803
1177 1515
803 1529
803 1260
1529 742
1529 1455
742 622
622 1882
622 324
1882 210
1882 607
210 1576
210 705
1576 1071
1576 1781
1071 682
682 117
682 53
117 1337
1337 172
172 1702
172 1111
1702 1813
1702 771
1813 1350
1813 1639
1350 647
647 422
647 287
422 696
696 595
595 1320
595 630
1320 200
1320 444
200 916
916 1628
1628 989
989 1033
1033 564
1033 425
564 469
564 1022
469 531
469 593
531 750
750 534
750 139
534 1474
534 433
1474 306
306 1343
306 1331
1343 384
384 1559
1559 1416
1559 133
1416 419
1416 385
419 151
151 1449
1449 1858
1858 1125
1858 1759
1125 904
1125 295
904 1067
1067 1814
1814 634
634 1310
634 445
1310 89
89 1434
89 1596
1434 1451
1434 1126
1451 903
1451 1871
903 1440
1440 786
786 1176
1176 1228
1176 1868
1228 807
807 156
807 229
156 688
688 1629
688 936
1629 809
809 908
908 1597
908 1053
1597 950
950 483
483 1065
483 1709
1065 671
671 1660
1660 721
721 1621
1621 706
706 1118
706 653
1118 1290
1118 147
1290 1565
1290 1149
1565 165
165 1436
1436 669
669 1425
1425 317
1425 1612
317 1574
1574 17
17 806
806 1412
1412 486
486 1423
486 110
1423 1432
1432 818
1432 768
818 698
698 702
702 319
702 203
319 1034
1034 1550
1550 1790
1550 917
1790 1252
1252 382
382 1878
382 810
1878 1113
1878 1729
1113 1294
1294 467
1294 861
467 591
591 190
591 895
190 1832
190 442
1832 1002
1002 1421
1421 793
1421 1637
793 885
885 1809
1809 170
1809 420
170 1705
170 1817
1705 1673
1673 205
1673 438
205 1521
205 731
1521 782
1521 365
782 1616
782 1767
1616 1710
1616 987
1710 168
168 270
270 1141
1141 337
337 737
337 546
737 478
737 643
478 231
478 113
231 1634
1634 52
1634 1223
52 940
52 1373
940 935
940 1073
935 1548
1548 1336
1336 1627
1627 1482
1627 292
1482 1208
1482 1388
1208 1773
1773 957
1773 1163
957 1323
1323 637
1323 783
637 1743
1743 1030
1743 867
1030 189
189 309
309 720
309 184
720 1836
720 1618
1836 70
70 1363
1363 48
1363 1227
48 475
475 1543
475 743
1543 206
1543 1804
206 1313
1313 1545
1545 1220
1220 1359
1220 550
1359 863
863 235
235 370
370 796
796 1321
796 216
1321 43
1321 1369
43 1823
1823 343
1823 994
343 350
343 1541
350 851
350 373
851 562
851 1026
562 1035
1035 1730
1730 1007
1007 212
1007 704
212 64
64 1201
1201 128
1201 862
128 676
128 614
676 1222
1222 1231
1231 1818
1818 86
86 1477
1477 963
1477 293
963 1258
963 77
1258 762
1258 594
762 1305
762 34
1305 552
1305 605
552 1198
1198 266
1198 1180
266 749
749 1659
749 1617
1659 855
855 1250
855 300
1250 1277
1277 1308
1277 1555
1308 1004
1004 497
497 716
497 865
716 1740
1740 280
280 456
456 691
456 1340
691 955
955 1019
955 1603
1019 1840
1019 911
1840 748
1840 1287
748 1874
748 1236
1874 1527
1527 413
1527 1662
413 879
879 1044
1044 1248
1044 179
1248 1599
1248 1600
1599 651
1599 374
651 1272
1272 1394
1394 1700
1700 207
207 150
207 40
150 1751
150 718
1751 1167
1167 1031
1031 331
331 689
689 1351
1351 178
1351 1761
178 1020
1020 1334
1020 1551
1334 1330
1334 361
1330 11
11 1238
1238 1870
1238 1383
1870 1454
1870 1083
1454 41
41 1798
1798 367
367 347
367 264
347 1140
1140 1338
1140 152
1338 1711
1338 1696
1711 19
1711 1076
19 1479
19 1291
1479 915
1479 407
915 852
915 225
852 1658
1658 1518
1658 617
1518 1091
1091 997
997 1875
997 245
1875 13
1875 974
13 1520
1520 1116
1520 409
1116 405
1116 472
405 14
14 479
14 1169
479 1848
1848 329
329 1542
329 626
1542 1745
1745 1562
1745 760
1562 893
893 79
79 1367
1367 193
1367 545
193 1268
193 1838
1268 1829
1268 303
1829 1047
1829 1262
1047 1513
1513 448
448 1164
1164 788
1164 1443
788 1572
1572 1606
1572 1847
1606 1361
1606 1653
1361 870
870 1488
870 78
1488 780
780 719
719 1249
1249 1217
1249 28
1217 411
1217 938
411 81
411 1452
81 1564
81 1088
1564 1801
1564 1489
1801 211
1801 1057
211 1601
211 1789
1601 932
1601 227
932 939
932 161
939 914
939 1698
914 50
914 981
50 1633
50 429
1633 471
1633 1604
471 1671
471 1575
1671 1225
1225 26
1225 1631
26 1014
26 717
1014 1107
1107 1701
1701 1859
1701 494
1859 403
1859 1045
403 1303
1303 1877
1303 192
1877 1758
1877 111
1758 846
1758 998
846 1114
846 1800
1114 484
1114 1064
484 1115
484 424
1115 725
1115 801
725 1754
725 1853
1754 67
67 358
358 1200
1200 1796
1796 849
849 274
849 724
274 701
701 519
701 1657
519 1478
519 1821
1478 1129
1129 1042
1042 61
61 314
314 1329
314 1787
1329 554
1329 129
554 1293
554 1536
1293 1727
1727 1725
1727 1453
1725 1447
1725 722
1447 729
1447 25
729 1215
1215 586
586 464
586 1510
464 16
16 1234
16 1156
1234 1401
1234 1656
1401 1333
1333 1256
1256 1444
1256 739
1444 772
1444 589
772 63
63 1192
63 164
1192 848
1192 69
848 395
395 1842
395 1242
1842 1636
1842 551
1636 12
1636 1509
12 278
278 1190
278 1259
1190 1202
1202 1580
1580 439
439 1269
439 1719
1269 875
1269 1624
875 1150
1150 1699
1150 391
1699 1650
1699 668
1650 228
1650 1392
228 703
228 1651
703 1739
703 510
1739 982
982 1059
982 886
1059 1655
1059 623
1655 491
1655 1712
491 766
766 173
766 256
173 1734
1734 1852
1852 529
529 1808
529 1410
1808 1736
1736 670
1736 1528
670 103
103 1195
1195 948
948 1703
948 1794
1703 561
561 209
561 230
209 843
209 271
843 754
843 1625
754 728
754 1666
728 107
728 889
107 690
690 1274
690 923
1274 991
1274 673
991 931
991 633
931 882
931 1757
882 590
590 338
338 1685
338 88
1685 1820
1820 1537
1537 182
182 603
182 549
603 1283
1283 1765
1283 257
1765 353
353 1307
1307 1690
1307 1304
1690 1376
1376 310
1376 1153
310 1162
1162 921
1162 1587
921 386
386 328
328 1458
328 972
1458 587
1458 811
587 468
468 880
880 692
880 842
692 450
692 1783
450 1066
1066 954
1066 504
954 1046
954 56
1046 1687
1046 1154
1687 125
125 694
125 711
694 135
694 286
135 1654
135 1357
1654 47
1654 830
47 621
47 60
621 449
621 344
449 1480
449 54
1480 498
498 480
480 566
480 1106
566 1558
1558 171
171 856
171 268
856 635
635 777
635 584
777 194
777 524
194 1286
1286 131
1286 745
131 1607
1607 1466
1466 363
1466 1194
363 1384
1384 815
1384 1356
815 857
857 1433
857 1391
1433 628
1433 1175
628 3
628 1573
3 1280
3 402
1280 1726
1726 964
1726 1498
964 115
115 678
115 1563
678 1750
678 1284
1750 1716
1716 1214
1214 611
611 1209
611 120
1209 1845
1845 251
1845 518
251 713
251 1037
713 1102
1102 912
912 1649
912 272
1649 1097
1097 839
839 896
839 684
896 1010
896 432
1010 1364
1364 330
1364 1197
330 285
330 1862
285 1297
1297 1503
1297 888
1503 1594
1503 515
1594 674
674 913
913 1138
913 539
1138 7
7 1872
1872 1646
1646 1230
1646 1619
1230 122
122 836
836 487
487 1851
487 1311
1851 376
376 1314
1314 1375
1314 1247
1375 114
114 521
521 1582
1582 215
1582 166
215 1849
1849 569
569 1752
1752 620
620 1385
620 22
1385 345
345 570
345 1181
570 1374
570 80
1374 1706
1706 140
1706 340
140 1339
140 537
1339 601
601 761
601 1771
761 1058
761 1588
1058 509
1058 1345
509 49
49 779
49 1846
779 1533
1533 495
495 1233
1233 624
624 453
624 30
453 1865
1865 263
1865 988
263 313
313 372
313 1578
372 72
372 185
72 1620
1620 1241
1241 1494
1494 1137
1137 1682
1137 1029
1682 1522
1682 1086
1522 753
1522 707
753 951
951 1457
951 1512
1457 1025
1025 417
417 1485
1485 1041
1041 1263
1041 1486
1263 1688
1263 1298
1688 488
488 1013
488 687
1013 641
1013 1738
641 1204
641 1271
1204 265
1204 186
265 198
198 1561
1561 995
1561 681
995 333
333 506
333 1396
506 1430
1430 1048
1430 1157
1048 1063
1048 794
1063 781
781 1442
781 1239
1442 1824
1442 961
1824 1189
1824 1546
1189 977
977 536
536 1531
536 983
1531 984
1531 910
984 97
97 658
97 1267
658 868
868 1306
868 1352
1306 828
1306 24
828 1119
828 1437
1119 1213
1119 1812
1213 246
1213 308
246 1254
246 1753
1254 648
648 838
838 819
838 975
819 410
410 1131
1131 1261
1261 305
305 1096
305 770
1096 1630
1096 142
1630 1147
1630 1481
1147 241
1147 123
241 1251
1251 547
1251 51
547 1854
547 1109
1854 68
1854 1468
68 902
68 817
902 1786
902 92
1786 1135
1135 1540
1540 528
528 1811
1811 1591
1591 1095
1591 869
1095 1585
1585 233
1585 1344
233 221
233 364
221 118
118 636
118 1741
636 259
259 470
259 474
470 282
470 18
282 1428
1428 1645
1645 1178
1645 763
1178 585
585 473
585 1742
473 1360
1360 695
1360 1737
695 255
255 1327
1327 21
1327 527
21 1464
1464 960
1464 1188
960 1691
960 1184
1691 540
540 776
540 297
776 302
776 1861
302 1535
302 1456
1535 1206
1206 1055
1055 685
685 136
685 714
136 380
136 1244
380 832
832 813
813 1507
813 582
1507 220
1507 858
220 146
220 1318
146 1664
1664 1763
1664 396
1763 298
1763 121
298 435
298 785
435 973
435 1365
973 558
973 798
558 1438
558 581
1438 143
1438 1089
143 1718
143 393
1718 1185
1185 606
1185 137
606 158
606 1544
158 1090
158 1490
1090 1816
1090 1502
1816 1328
1816 226
1328 201
201 840
840 1807
1807 1523
1807 567
1523 485
485 1784
1784 32
32 1684
1684 1281
1281 1405
1405 1296
1405 1404
1296 1640
1640 787
787 1009
1009 1779
1779 1435
1435 277
1435 1508
277 1354
277 349
1354 971
1354 325
971 850
850 2
850 1681
2 1221
1221 823
1221 42
823 1322
823 457
1322 1777
1777 970
1777 1105
970 1762
970 275
1762 1380
1762 37
1380 290
290 1406
1406 1257
1257 1448
1448 1483
1483 576
1483 1069
576 650
650 276
276 1461
1461 1844
1461 1411
1844 1732
1844 180
1732 578
1732 1098
578 600
578 1713
600 1492
600 1408
1492 1402
1402 1611
1611 1036
1036 1524
1036 234
1524 1668
1524 452
1668 825
825 500
825 342
500 436
500 248
436 157
157 726
157 751
726 967
967 31
967 1792
31 244
244 1232
1232 1424
1424 1127
1424 1012
1127 890
1127 1093
890 222
890 1815
222 1445
1445 354
354 1644
1644 520
520 418
418 1516
418 1693
1516 301
1516 1070
301 1288
301 284
1288 814
814 1450
814 1715
1450 1049
1049 1172
1049 677
1172 1142
1172 784
1142 572
1142 1613
572 1229
1229 732
732 321
321 990
321 1161
990 289
990 1021
289 334
289 1015
334 273
273 538
538 744
744 341
341 1641
341 360
1641 664
1641 859
664 1122
664 377
1122 213
213 618
618 1511
618 74
1511 1462
1511 8
1462 1760
1760 1324
1324 891
1324 83
891 1332
891 1182
1332 736
736 1733
1733 191
191 933
933 660
933 154
660 1557
1557 993
993 239
993 446
239 1273
1273 723
1273 1216
723 833
723 516
833 281
281 1205
281 1348
1205 1496
1205 499
1496 1117
1496 199
1117 1670
1670 1583
1670 1246
1583 397
1583 1756
397 355
397 1473
355 944
355 752
944 187
944 918
187 1506
1506 412
1506 1446
412 905
905 956
905 1642
956 1471
956 398
1471 379
1471 1146
379 1160
379 33
1160 604
1160 316
604 758
758 1319
758 1568
1319 283
283 1393
1393 1833
1393 571
1833 492
1833 214
492 1843
1843 388
388 1285
388 740
1285 489
489 323
323 899
899 312
899 1011
312 1355
1355 1856
1355 243
1856 1495
1856 1857
1495 96
1495 1803
96 490
96 629
490 1720
490 1085
1720 1301
1720 986
1301 1441
1301 1207
1441 738
1441 247
738 195
738 792
195 1714
195 1108
1714 1605
1605 756
1605 930
756 789
756 1770
789 304
304 1791
1791 872
1791 1038
872 1764
872 1266
1764 1532
1764 1692
1532 709
1532 1092
709 366
366 892
892 764
892 929
764 455
455 1079
1079 421
1079 901
421 556
421 574
556 169
556 1077
169 557
169 1530
557 925
925 351
351 1602
1602 514
1602 1061
514 427
427 1078
427 1120
1078 1860
1078 625
1860 1652
1652 733
1652 98
733 1615
733 663
1615 894
1615 1501
894 1000
894 242
1000 431
1000 573
431 35
35 1152
1152 1159
1152 1822
1159 1744
1159 631
1744 1797
1797 769
1797 1128
769 27
27 1475
27 1463
1475 428
428 93
93 1017
1017 727
727 459
727 1407
459 149
459 392
149 148
149 1717
148 1295
148 1193
1295 1165
1295 440
1165 612
1165 542
612 1869
1869 454
1869 1080
454 898
898 1084
1084 945
945 627
945 1676
627 84
627 1519
84 415
415 1439
415 1556
1439 1018
1439 375
1018 62
62 1867
62 1774
1867 1514
1514 1264
1514 959
1264 1199
1264 599
1199 522
1199 1151
522 269
522 383
269 662
269 715
662 1554
1554 1735
1735 1278
1278 871
871 667
871 461
667 985
985 45
45 941
45 1237
941 1810
1810 592
592 1081
592 1793
1081 119
119 978
978 866
866 1377
1377 513
1377 1403
513 1547
513 1243
1547 57
1547 174
57 311
57 1780
311 1577
311 824
1577 1400
1400 523
523 1187
1187 1121
1187 1399
1121 1024
1024 1427
1024 700
1427 877
1427 1226
877 1148
877 1145
1148 526
526 1697
1697 1552
1552 1056
1056 1335
1056 820
1335 339
339 596
596 481
596 1315
481 1825
1825 655
655 1371
1371 1100
1371 1302
1100 20
1100 1467
20 1413
20 1218
1413 1643
1643 1525
1525 1211
1211 799
1211 525
799 261
261 530
530 196
530 1731
196 1827
196 1346
1827 920
920 1166
920 712
1166 124
1166 1158
124 36
36 883
883 359
359 1460
359 958
1460 747
1460 1707
747 4
747 1850
4 1476
1476 1144
1476 1517
1144 1567
1144 642
1567 1008
1567 1686
1008 1635
1008 223
1635 1381
1381 1802
1381 1766
1802 1174
1802 238
1174 775
1174 1553
775 368
775 845
368 613
368 1212
613 639
613 224
639 853
639 654
853 73
73 1358
1358 1526
1526 1050
1050 332
1050 1484
332 563
332 1155
563 953
953 1623
1623 1317
1317 965
1317 1001
965 666
965 1419
666 94
666 1569
94 175
94 441
175 1839
1839 1775
1839 1196
1775 106
106 837
837 900
900 588
588 1465
588 577
1465 1855
1855 232
232 1708
1708 847
847 1674
1674 237
237 1497
1497 949
949 734
734 1219
1219 1598
1598 1841
1598 874
1841 640
1841 406
640 1366
1366 249
1366 1704
249 55
55 116
116 362
116 652
362 100
362 598
100 767
767 746
767 1395
746 1418
746 919
1418 1680
1418 1834
1680 58
58 909
58 1590
909 1133
909 1609
1133 252
1133 1028
252 160
160 860
860 1586
1586 90
1586 992
90 548
548 1864
1864 897
1864 710
897 162
897 503
162 881
881 348
348 928
928 177
928 389
177 1168
177 1171
1168 132
132 1879
132 267
1879 679
679 1087
679 1279
1087 482
482 906
482 952
906 1347
1347 1289
1289 1560
1289 1828
1560 82
1560 1826
82 864
864 381
381 352
352 404
404 774
404 254
774 1265
774 1072
1265 127
127 1431
1431 665
665 1647
1647 1472
1647 1062
1472 834
834 1785
834 141
1785 1325
1785 1415
1325 532
1325 1689
532 580
532 1074
580 1873
1873 1082
1082 535
535 1349
1349 1016
1016 460
460 326
326 1493
