7 2980 9927
1 7
7 6
7 5
6 2
6 3
2 4
1480 2225
1480 1901
2225 500
2225 691
500 2682
500 2036
2682 1788
2682 1193
1788 1641
1788 2142
1641 695
695 1035
1035 771
771 983
771 903
983 83
83 958
83 1576
958 2458
2458 952
952 166
952 1816
166 1583
1583 358
1583 2174
358 2599
358 756
2599 1109
1109 2321
1109 2399
2321 617
2321 1441
617 1170
617 2210
1170 776
776 979
979 576
576 1055
1055 2768
1055 1752
2768 759
2768 2867
759 334
759 2954
334 812
812 2904
812 2290
2904 2683
2683 2975
2975 2222
2222 2745
2222 1907
2745 2078
2078 552
552 1088
552 2434
1088 2056
1088 2846
2056 2974
2974 650
2974 275
650 451
451 2253
451 2252
2253 1749
1749 2876
1749 460
2876 1049
2876 2243
1049 370
1049 1980
370 1873
370 2416
1873 264
264 1439
1439 1249
1249 1694
1249 1995
1694 2941
2941 1915
1915 914
914 1123
914 1513
1123 373
1123 641
373 473
373 2529
473 1230
1230 944
1230 1268
944 425
425 1574
425 1120
1574 1093
1574 1515
1093 26
1093 455
26 317
317 1683
1683 1173
1173 2681
2681 2427
2427 1231
1231 2187
1231 2716
2187 2816
2816 1283
2816 2739
1283 1811
1283 1344
1811 735
1811 2759
735 2750
2750 209
2750 2881
209 2519
209 2100
2519 1490
2519 2126
1490 715
715 855
855 333
333 2068
333 114
2068 331
331 2956
331 1020
2956 611
2956 1998
611 1498
611 1704
1498 1402
1498 618
1402 346
346 1295
1295 999
1295 289
999 1378
999 2171
1378 1187
1378 2854
1187 1996
1187 831
1996 2607
1996 208
2607 247
247 938
247 2451
938 1958
938 2713
1958 710
1958 2707
710 1395
1395 1973
1395 420
1973 2564
2564 874
2564 2666
874 2448
874 463
2448 518
2448 2961
518 1296
518 1531
1296 1715
1715 410
410 2535
410 1232
2535 1885
1885 1462
1885 2659
1462 1312
1312 480
480 3
480 683
3 1218
1218 803
803 2612
803 428
2612 987
2612 2814
987 2317
987 774
2317 1488
2317 2166
1488 200
200 1940
1940 1526
1526 2014
2014 1765
2014 1712
1765 1263
1263 1868
1263 2557
1868 77
77 1603
1603 205
1603 1637
205 982
205 2848
982 1967
1967 1579
1579 168
1579 328
168 339
339 2031
339 2179
2031 2838
2031 1682
2838 1328
2838 1007
1328 2649
2649 260
260 2440
260 2753
2440 558
2440 2959
558 482
482 832
832 2735
832 2775
2735 515
2735 2900
515 433
433 390
390 1697
1697 1129
1129 2677
1129 2889
2677 1563
2677 1723
1563 347
347 2361
347 585
2361 2304
2361 2365
2304 122
2304 1375
122 1179
122 1365
1179 2052
1179 2449
2052 231
231 336
336 33
33 1698
1698 1930
1698 430
1930 97
1930 836
97 2177
2177 1953
1953 1280
1280 1733
1733 1860
1733 1945
1860 563
1860 2554
563 2528
563 1549
2528 2461
2528 400
2461 2495
2461 1299
2495 1470
1470 801
1470 2491
801 1814
801 543
1814 88
1814 1975
88 2737
88 2877
2737 206
206 814
206 226
814 1504
1504 1113
1113 884
884 929
929 2330
2330 815
815 985
985 708
985 2162
708 153
153 418
153 2059
418 1122
1122 649
1122 918
649 2829
2829 1508
2829 458
1508 2099
1508 281
2099 2640
2640 2396
2640 2779
2396 2132
2132 1210
1210 2420
2420 2406
2406 737
737 1391
737 2003
1391 18
1391 424
18 2620
18 823
2620 2910
2910 1404
2910 689
1404 2930
1404 772
2930 1505
2930 1706
1505 947
947 608
608 2769
608 1421
2769 2811
2769 1066
2811 2856
2811 579
2856 734
734 377
734 2692
377 2238
377 2298
2238 655
655 1786
655 2192
1786 1798
1798 1987
1987 173
1987 2054
173 1800
1800 2428
1800 91
2428 2326
2326 2474
2474 991
2474 1220
991 1794
1794 1608
1608 2153
1608 2306
2153 577
2153 1434
577 1060
577 2568
1060 712
712 291
712 2512
291 1219
291 148
1219 2273
2273 1134
2273 1923
1134 96
1134 2543
96 732
96 163
732 1839
732 1584
1839 1872
1872 2908
2908 899
899 1021
899 2747
1021 1338
1021 2110
1338 2884
2884 2524
2524 880
2524 2492
880 193
193 1805
193 81
1805 897
897 2149
897 1400
2149 1621
1621 862
1621 2654
862 2897
2897 1197
2897 1925
1197 1565
1565 442
1565 2738
442 2426
442 1392
2426 834
2426 2431
834 1032
1032 1620
1620 367
1620 1423
367 1801
367 1294
1801 2734
1801 1905
2734 810
2734 1115
810 2237
2237 2044
2237 2766
2044 467
467 2943
2943 310
2943 1848
310 901
310 2782
901 1768
901 619
1768 2895
1768 646
2895 622
2895 1853
622 2617
2617 2788
2617 1497
2788 1339
1339 1373
1373 268
268 2928
268 955
2928 1167
1167 1064
1167 2940
1064 1976
1976 1850
1850 529
1850 2429
529 55
55 749
55 85
749 1464
749 2089
1464 1625
1464 2834
1625 1196
1196 2520
1196 990
2520 2338
2520 2870
2338 174
2338 1537
174 1985
174 1904
1985 2628
2628 2945
2945 935
935 1524
1524 484
484 2213
484 1511
2213 1446
2213 2102
1446 1242
1242 790
790 2674
2674 830
830 2363
2363 936
936 1006
936 2614
1006 421
1006 1795
421 1821
1821 2414
1821 808
2414 2574
2574 919
919 2097
2097 659
2097 1594
659 854
854 1457
854 1689
1457 1397
1457 1279
1397 2013
1397 2412
2013 762
2013 2698
762 2972
762 1094
2972 2215
2215 1256
1256 639
639 2549
2549 269
269 1784
1784 1334
1334 202
202 100
202 2218
100 2689
100 2802
2689 1748
1748 841
1748 2650
841 2693
2693 311
2693 545
311 2313
311 2040
2313 1977
1977 89
89 1548
89 2818
1548 2212
1548 2359
2212 941
2212 1127
941 583
941 1997
583 2950
2950 1737
2950 2669
1737 2657
2657 2208
2657 1282
2208 1044
1044 2963
2963 612
2963 1327
612 357
357 1790
1790 1833
1790 740
1833 2533
2533 1952
1952 849
849 1026
849 764
1026 1149
1026 2117
1149 2550
2550 2764
2764 730
2764 1512
730 1581
1581 1065
1065 1640
1640 2410
2410 1386
1386 2318
2318 145
145 1135
1135 1764
1764 1460
1460 2012
1460 1476
2012 1898
1898 2641
2641 2028
2028 184
2028 2134
184 1438
184 2197
1438 1302
1438 2722
1302 98
98 2459
2459 2733
2733 536
536 1314
1314 2890
2890 1411
1411 779
779 1471
1471 140
140 1003
140 2467
1003 1718
1718 1119
1718 976
1119 41
41 966
41 2023
966 1876
1876 23
23 2136
23 2602
2136 1851
2136 2874
1851 1239
1239 1832
1239 773
1832 341
341 1681
1681 117
117 2122
117 1058
2122 2581
2122 1141
2581 2103
2581 2587
2103 2091
2103 720
2091 1854
1854 526
1854 477
526 758
758 2468
758 2079
2468 544
2468 865
544 2258
544 1887
2258 1773
2258 2643
1773 1968
1773 1642
1968 2118
2118 62
62 1244
1244 2255
1244 1326
2255 2090
2090 954
954 2341
2341 1889
1889 2727
1889 2189
2727 1931
2727 2710
1931 2724
1931 974
2724 408
408 73
73 1424
73 2933
1424 2883
2883 4
2883 1598
4 1775
4 362
1775 105
1775 2765
105 1693
1693 2658
2658 2381
2381 437
437 784
784 1025
1025 2130
1025 829
2130 2792
2130 210
2792 1376
2792 1665
1376 824
824 1367
1367 1595
1595 2609
1595 2799
2609 2296
2609 1844
2296 2017
2017 2204
2204 2424
2204 162
2424 2859
2424 2476
2859 1027
1027 236
1027 1465
236 2505
2505 2686
2505 722
2686 2648
2686 1877
2648 2357
2648 1005
2357 154
154 252
154 1806
252 1883
1883 626
1883 2368
626 138
626 819
138 325
325 2011
2011 29
2011 383
29 1108
29 1145
1108 405
405 1705
405 2009
1705 1360
1360 2364
2364 1636
1636 1688
1688 1570
1688 1319
1570 2228
1570 444
2228 1354
2228 2794
1354 2591
2591 112
2591 1828
112 822
112 2287
822 1777
1777 2955
1777 1372
2955 485
485 1514
1514 1444
1514 2240
1444 238
1444 1427
238 399
238 1852
399 2288
399 2754
2288 1496
2288 2131
1496 2176
2176 1869
1869 2872
1869 554
2872 741
741 633
633 2841
2841 2245
2245 152
2245 557
152 2058
2058 1750
1750 1632
1750 1963
1632 1015
1632 2347
1015 1184
1015 1845
1184 1927
1184 1388
1927 2042
2042 2807
2042 1174
2807 634
634 2672
2672 2653
2653 262
262 38
38 1962
38 580
1962 2373
2373 293
293 394
394 2942
2942 1586
1586 1588
1586 481
1588 2892
2892 447
2892 1443
447 651
447 1726
651 191
191 101
191 1809
101 2699
2699 2366
2366 1888
2366 1287
1888 606
606 2270
606 34
2270 566
566 228
228 587
587 2327
2327 94
94 770
770 2286
2286 2621
2621 581
581 245
581 1240
245 852
245 1144
852 1436
1436 713
713 2340
2340 1357
2340 378
1357 1534
1534 2490
2490 2408
2408 1072
1072 2603
2603 348
2603 1662
348 2862
2862 2320
2320 1866
1866 2552
2552 2588
2552 870
2588 1247
2588 2072
1247 1596
1596 593
1596 1928
593 104
593 1569
104 788
104 1867
788 2415
788 454
2415 2522
2522 1911
1911 369
1911 2447
369 1944
369 510
1944 2096
1944 2919
2096 2299
2096 1482
2299 2087
2299 1879
2087 183
183 1630
183 278
1630 2232
2232 1762
2232 1087
1762 2924
1762 653
2924 1810
2924 1128
1810 461
461 1031
461 160
1031 2922
1031 2616
2922 2504
2504 2920
2504 25
2920 523
2920 1808
523 2772
2772 1783
1783 235
235 2638
235 2914
2638 1787
2638 1692
1787 452
1787 1171
452 2796
452 2046
2796 2194
2796 950
2194 1419
1419 2925
1419 2372
2925 2037
2037 677
2037 1713
677 1050
1050 2496
2496 1619
1619 1335
1335 187
1335 2742
187 2186
2186 2367
2186 2369
2367 2226
2367 1140
2226 1380
2226 1861
1380 2608
2608 2896
2608 2527
2896 844
844 2261
844 1924
2261 1148
2261 1257
1148 1957
1148 2082
1957 509
509 1669
1669 736
1669 738
736 2719
736 1017
2719 561
2719 2139
561 1484
1484 488
1484 167
488 1474
488 2065
1474 2358
2358 2062
2062 1383
1383 1772
1383 2853
1772 136
1772 1627
136 2356
136 2362
2356 2720
2720 2980
2980 1349
1349 2815
1349 267
2815 1095
2815 789
1095 969
1095 604
969 828
969 1450
828 965
965 232
965 2819
232 1667
232 2095
1667 630
630 64
630 2679
64 992
992 1371
1371 493
493 49
493 760
49 1052
1052 893
1052 2907
893 1827
1827 601
601 1731
601 980
1731 1970
1970 427
1970 2076
427 44
427 913
44 2902
44 223
2902 2045
2045 2444
2444 2264
2444 2808
2264 1235
1235 2935
2935 385
385 2271
385 559
2271 522
522 2755
2755 1716
1716 600
1716 2201
600 1840
1840 351
351 1362
1362 2675
2675 1728
1728 2880
1728 1659
2880 794
794 1600
1600 1233
1233 2887
1233 75
2887 1403
2887 1101
1403 215
215 2106
215 643
2106 2324
2106 1130
2324 1847
1847 503
1847 2767
503 1966
503 586
1966 920
1966 1216
920 603
603 721
721 1886
721 656
1886 2559
1886 1389
2559 1656
2559 1224
1656 1040
1656 1012
1040 368
368 960
368 1485
960 1073
960 1575
1073 615
1073 1189
615 47
47 665
665 2348
665 2386
2348 164
2348 110
164 2898
2898 1871
2898 1651
1871 1063
1063 8
8 2401
2401 1205
2401 556
1205 2354
2354 261
2354 487
261 2337
261 1909
2337 2863
2337 1960
2863 1843
2863 531
1843 2938
1843 149
2938 2700
2700 631
2700 16
631 1309
1309 564
564 2236
2236 1401
2236 189
1401 2776
1401 2355
2776 182
182 2906
2906 1160
1160 1590
1160 2316
1590 1292
1590 1779
1292 1778
1778 2268
1778 1555
2268 2398
2398 961
2398 1650
961 1699
1699 51
51 763
51 1118
763 1802
763 2151
1802 1467
1467 1556
1556 1131
1131 2256
1131 1369
2256 896
896 2478
896 251
2478 350
2478 2918
350 1830
1830 2150
2150 1172
2150 1815
1172 1822
1172 196
1822 1645
1645 2486
1645 2600
2486 2353
2353 1307
1307 1721
1307 143
1721 436
1721 1274
436 1236
436 724
1236 692
1236 783
692 1169
1169 2360
1169 246
2360 2435
2435 2211
2435 2007
2211 570
570 42
570 1394
42 1137
1137 95
95 30
30 1001
30 1011
1001 498
1001 2154
498 1529
498 1649
1529 1753
1753 1138
1753 2241
1138 2580
2580 904
2580 747
904 435
904 2518
435 2043
2043 214
2043 1415
214 1361
1361 562
562 953
562 1086
953 355
355 429
429 2312
429 1018
2312 1543
1543 1580
1580 1142
1580 1211
1142 856
856 312
312 768
312 248
768 864
864 827
864 5
827 1147
827 917
1147 816
816 392
392 879
392 1053
879 729
879 1842
729 2947
2947 1767
2947 491
1767 1605
1605 366
366 943
943 1468
943 1824
1468 2706
2706 2422
2422 2272
2422 10
2272 130
2272 1617
130 2315
130 574
2315 739
739 825
739 1628
825 1541
825 2239
1541 1472
1472 381
1472 389
381 1083
1083 2494
2494 2744
2744 391
2744 2850
391 1823
1823 2479
2479 150
2479 1481
150 2127
150 353
2127 2839
2127 2067
2839 2259
2259 1057
2259 1589
1057 1355
1355 1396
1396 2618
1396 2207
2618 542
542 1711
1711 939
939 799
939 50
799 2133
799 1571
2133 2309
2309 2250
2250 290
290 14
14 2656
14 2421
2656 2730
2656 1700
2730 725
725 92
92 2107
2107 1321
1321 787
787 684
787 1153
684 1655
684 2349
1655 699
699 1229
1229 1363
1229 863
1363 993
1363 2282
993 416
993 2198
416 680
680 479
680 54
479 565
479 72
565 657
657 256
256 1374
1374 567
567 2277
2277 2912
2277 1863
2912 2292
2292 2709
2709 2284
2709 1690
2284 2663
2284 2125
2663 2791
2791 2909
2909 970
2909 2229
970 1719
1719 1668
1719 596
1668 753
753 363
363 1917
363 2678
1917 1316
1316 2598
2598 225
225 449
449 1978
1978 1284
1978 1870
1284 1884
1284 2901
1884 1413
1413 1890
1890 1535
1890 2539
1535 1092
1092 514
514 375
375 227
227 2260
2260 1983
1983 2770
2770 2594
2770 1300
2594 2437
2437 2383
2383 19
2383 409
19 1191
1191 84
84 2026
84 2181
2026 6
2026 781
6 1503
6 2086
1503 345
1503 2311
345 2137
345 1545
2137 472
2137 2335
472 2670
472 2481
2670 483
2670 2749
483 1562
1562 2489
2489 723
723 1417
723 285
1417 1097
1417 2463
1097 407
407 128
128 508
508 2563
2563 315
315 2331
315 1792
2331 1566
1566 2847
1566 2969
2847 24
24 525
24 1502
525 662
662 714
662 1420
714 977
714 750
977 1199
977 2882
1199 1780
1199 1366
1780 2513
1780 335
2513 2224
2224 701
701 642
642 833
833 625
833 2085
625 1448
1448 2066
2066 1104
1104 861
861 1289
861 925
1289 994
1289 129
994 1908
994 2858
1908 2507
1908 1643
2507 2878
2507 1261
2878 2200
2200 1399
2200 1278
1399 1322
1399 146
1322 492
492 2680
2680 465
2680 1291
465 501
501 1626
1626 241
241 2915
241 2051
2915 2345
2345 1117
2345 1195
1117 2004
1117 1146
2004 2831
2831 413
2831 1761
413 769
413 212
769 547
769 2547
547 1082
1082 2371
1082 2019
2371 1290
2371 996
1290 2748
2748 1492
2748 414
1492 1536
1492 106
1536 1201
1536 1100
1201 2336
2336 1356
2336 1585
1356 2575
1356 1797
2575 937
2575 272
937 2960
2960 912
2960 1841
912 516
516 320
320 1819
320 401
1819 1834
1834 127
127 2310
2310 1760
2310 623
1760 169
169 1951
1951 222
1951 445
222 490
222 2061
490 2545
490 1525
2545 2605
2545 1647
2605 2293
2605 2064
2293 1252
1252 2018
1252 2968
2018 1613
1613 282
1613 171
282 1190
1190 2973
1190 1739
2973 2606
2973 179
2606 2160
2606 476
2160 144
2160 2392
144 839
839 1165
839 2039
1165 973
1165 2265
973 687
973 2726
687 1071
687 777
1071 2217
2217 2622
2622 1458
2622 792
1458 846
846 2773
846 1639
2773 835
835 1194
1194 2508
1194 2370
2508 2301
2301 2180
2301 2704
2180 2155
2180 2146
2155 975
2155 1225
975 888
975 2005
888 2801
888 811
2801 2785
2801 872
2785 1260
1260 664
1260 2860
664 2483
2483 2869
2869 1758
1758 1002
1002 1281
1002 1774
1281 1285
1285 2439
1285 221
2439 2510
2439 930
2510 2430
2430 2743
2743 2185
2743 284
2185 13
2185 678
13 857
857 2732
857 2521
2732 1068
1068 2531
1068 297
2531 1351
2531 923
1351 2063
1351 1136
2063 2803
2063 997
2803 1346
2803 775
1346 2546
1346 2002
2546 2446
2546 448
2446 1014
1014 322
322 1606
1606 1479
1479 207
1479 2696
207 372
372 1910
1910 1896
1910 2190
1896 165
165 866
866 2385
866 2830
2385 1477
2385 1965
1477 2905
1477 124
2905 374
2905 700
374 327
327 242
327 2227
242 2970
242 1186
2970 2562
2970 1452
2562 2695
2695 2673
2673 486
2673 57
486 1654
1654 1056
1654 1106
1056 1652
1652 532
1652 431
532 2556
2556 396
2556 2978
396 93
93 1936
1936 1657
1657 1192
1657 1013
1192 2233
2233 1483
2233 671
1483 86
86 2183
2183 109
109 2274
2274 2637
2274 1813
2637 2379
2379 302
302 911
911 65
65 1937
65 2343
1937 727
727 1067
1067 2888
1067 2083
2888 1200
1200 2893
1200 2946
2893 1370
1370 609
1370 2763
609 1710
609 126
1710 1734
1710 1102
1734 2660
1734 2697
2660 1084
2660 2247
1084 1567
1084 258
1567 658
658 2842
2842 1234
1234 1494
1494 2798
2798 1425
2798 217
1425 959
1425 2827
959 2583
959 1527
2583 2295
2583 1882
2295 733
733 2074
2074 1558
1558 456
1558 1587
456 2952
2952 2885
2952 2502
2885 56
56 2148
2148 423
423 132
423 1921
132 660
132 60
660 2836
660 1098
2836 1730
2836 578
1730 886
886 2001
2001 1679
1679 28
28 2849
2849 2711
2849 640
2711 1582
2711 67
1582 1428
1428 1139
1428 1572
1139 2861
1139 2323
2861 2454
2454 2592
2592 2279
2592 1759
2279 2541
2541 2199
2199 361
361 1203
361 837
1203 201
1203 670
201 1836
201 2805
1836 2558
1836 2569
2558 1544
1544 1506
1506 582
1506 1864
582 1592
1592 1226
1226 307
1226 2891
307 2771
307 32
2771 575
575 818
575 2923
818 1074
1074 599
1074 1878
599 1304
1304 1110
1110 80
1110 1803
80 2601
80 2128
2601 2684
2684 1407
2684 27
1407 1961
1961 550
550 9
550 2615
9 1337
9 1270
1337 329
329 1046
1046 2376
1046 11
2376 2627
2376 1079
2627 192
192 1701
1701 2223
2223 1308
1308 69
1308 139
69 31
69 274
31 2105
2105 1214
2105 1125
1214 1183
1183 2595
1183 2501
2595 2758
2758 301
2758 2438
301 1979
301 940
1979 2060
2060 2124
2124 782
2124 1912
782 2300
782 1964
2300 1956
2300 356
1956 1313
1313 851
851 2837
851 1254
2837 957
957 1776
1776 1550
1550 2855
2855 1932
1932 850
850 2071
2071 330
2071 2020
330 2084
330 607
2084 1364
1364 1041
1041 1318
1041 2328
1318 685
685 1599
685 2532
1599 1047
1047 2305
1047 2813
2305 1510
1510 457
1510 517
457 2470
457 2655
2470 115
115 2112
115 450
2112 859
859 898
898 1089
1089 1276
1276 1288
1288 12
12 2824
2824 1162
2824 560
1162 2629
1162 2307
2629 349
349 35
35 1791
35 283
1791 1042
1791 1521
1042 1408
1408 1991
1991 2248
2248 1258
2248 1221
1258 296
1258 1729
296 2388
296 1528
2388 2374
2388 1175
2374 1202
1202 2728
2728 1736
2728 1253
1736 2442
2442 1969
2442 883
1969 842
842 243
243 2234
2234 602
602 48
48 2407
2407 1895
1895 1597
1597 1741
1597 1754
1741 1238
1238 716
1238 1352
716 1437
716 2145
1437 2511
1437 1385
2511 1500
2511 299
1500 2138
2138 2687
2687 1771
1771 1259
1771 2242
1259 2783
2783 1227
2783 2484
1227 1671
1227 2721
1671 63
1671 316
63 1789
63 2729
1789 2821
2821 134
2821 2639
134 318
318 1542
1542 2010
1542 1410
2010 946
2010 2662
946 2800
2800 2080
2080 2403
2080 1533
2403 2879
2879 2308
2879 1029
2308 1673
2308 1610
1673 1398
1398 294
294 726
294 161
726 1111
726 2664
1111 754
1111 1051
754 817
754 1539
817 988
817 2016
988 2487
988 1358
2487 1680
2487 1856
1680 2375
1680 1333
2375 2049
2049 548
548 2949
2949 1756
1756 2832
2832 2756
2832 172
2756 2645
2756 1039
2645 1045
1045 2857
2857 1897
2857 253
1897 2289
2289 1714
1714 1899
1899 52
52 1644
52 2951
1644 1418
1644 2460
1418 1653
1418 1989
1653 978
978 1648
978 881
1648 1248
1248 326
326 2979
326 2917
2979 1561
1561 791
791 120
120 2108
2108 313
313 156
156 588
588 70
588 1611
70 2597
2597 2456
2456 591
2456 2701
591 1829
1829 344
344 2165
344 1949
2165 478
2165 1744
478 2936
2936 2214
2214 2651
2651 519
2651 1831
519 2866
519 185
2866 2953
2866 1126
2953 2927
2927 1406
1406 2477
2477 1947
1947 1262
1262 190
1262 1546
190 1310
1310 956
1310 1381
956 402
956 1182
402 266
402 2169
266 2473
2473 298
298 2394
298 15
2394 1612
2394 2246
1612 2404
1612 2625
2404 276
276 2493
2493 2623
2623 1530
1530 652
652 511
652 838
511 1919
1919 1686
1919 1817
1686 216
1686 432
216 1159
216 2516
1159 1918
1918 1838
1918 2057
1838 2053
2053 800
800 1818
1818 1105
1818 2702
1105 785
785 371
785 1796
371 2593
2593 2667
2667 869
2667 494
869 1992
869 2899
1992 1176
1176 1422
1176 2485
1422 1532
1532 403
403 2789
403 393
2789 2008
2789 569
2008 2589
2008 2081
2589 2319
2319 610
610 103
103 1091
1091 2551
2551 1518
1518 507
507 648
648 2167
648 2123
2167 1631
1631 1085
1085 1709
1709 66
1709 767
66 2055
66 1708
2055 686
686 2717
2717 666
2717 616
666 2114
666 780
2114 1269
2114 1043
1269 613
613 927
613 2193
927 1016
927 1463
1016 505
1016 2509
505 218
218 2344
2344 1875
1875 365
365 755
755 573
573 1988
1988 499
499 1493
1493 627
1493 1023
627 224
627 1837
224 1069
224 2544
1069 2570
2570 411
411 1265
411 496
1265 2135
1265 1920
2135 2820
2820 1622
1622 306
306 538
306 2784
538 2503
2503 1881
2503 2565
1881 926
926 342
926 441
342 2903
342 474
2903 757
2903 1350
757 533
757 848
533 2911
533 2572
2911 1770
1770 1553
1770 1340
1553 1903
1553 2526
1903 2465
2465 2116
2465 521
2116 2302
2302 404
2302 998
404 1266
1266 158
158 882
882 1037
882 2668
1037 676
676 512
512 889
512 244
889 2143
2143 654
654 1034
654 761
1034 2576
1034 2652
2576 2173
2173 1473
1473 21
21 1725
21 2144
1725 2514
2514 1948
1948 2411
1948 786
2411 1999
1999 1377
1999 635
1377 1116
1116 1209
1116 853
1209 1618
1618 2957
1618 2760
2957 2761
2761 1934
1934 765
1934 2781
765 466
765 417
466 2635
2635 2715
2635 2948
2715 1166
2715 1461
1166 1215
1215 2278
1215 61
2278 2611
2278 2104
2611 497
2611 1959
497 731
497 2472
731 1081
1081 1315
1315 1984
1315 2971
1984 1745
1984 459
1745 1414
1414 2094
1414 2718
2094 513
513 1459
1459 2170
1459 2530
2170 287
287 891
287 2378
891 553
553 1306
1306 705
705 2445
2445 68
68 931
931 1894
1894 908
908 2787
908 682
2787 2418
2418 2825
2825 177
177 360
177 233
360 2281
2281 629
2281 195
629 540
629 2257
540 2817
2817 2864
2817 1301
2864 1742
2864 2725
1742 1982
1742 305
1982 2604
2604 1629
1629 2391
1629 2871
2391 1325
1325 471
471 804
471 1379
804 2845
804 2006
2845 468
468 1702
468 2249
1702 495
495 752
752 2665
2665 1033
1033 382
1033 119
382 1004
382 2585
1004 1466
1466 131
131 2000
131 967
2000 46
2000 1685
46 813
46 945
813 2582
2582 1859
2582 1672
1859 2161
1859 2390
2161 2873
2873 273
273 475
475 598
598 2219
598 2196
2219 1993
1993 107
107 2806
107 1264
2806 376
2806 2120
376 1614
1614 1678
1614 1857
1678 2029
2029 1099
1099 1793
1793 1972
1972 778
778 1913
1913 2499
2499 2694
2499 1181
2694 1635
1635 1902
1902 1412
1902 2875
1412 948
948 2163
948 2703
2163 2405
2405 1812
1812 1345
1345 1445
1345 1059
1445 1766
1766 902
1766 621
902 690
690 2578
690 2462
2578 1124
1124 594
1124 934
594 1070
1070 868
868 1906
1906 1387
1906 1204
1387 707
707 2634
2634 1198
1198 2886
1198 605
2886 2636
2636 2613
2636 1245
2613 2015
2015 1646
2015 1156
1646 2113
2113 1916
1916 2075
1916 1658
2075 2178
2178 2402
2402 1929
2402 821
1929 2977
1929 2455
2977 250
250 2209
2209 1552
1552 211
211 2822
2822 2967
2967 2610
2610 2030
2610 1663
2030 555
555 632
632 922
922 180
180 277
277 1935
277 380
1935 847
847 1168
1168 1241
1168 1507
1241 1489
1489 702
1489 204
702 694
694 2048
2048 2141
2048 2752
2141 2093
2141 1090
2093 1664
1664 111
1664 1077
111 2793
111 924
2793 2382
2793 2070
2382 2380
2382 798
2380 986
986 572
986 1054
572 871
572 549
871 123
871 1785
123 2939
2939 464
464 2033
464 2795
2033 964
2033 2436
964 921
921 1769
1769 795
795 2567
2567 2646
2567 1449
2646 766
766 1634
1634 118
118 2175
2175 1568
1568 1900
1568 1892
1900 2419
1900 1880
2419 719
719 1604
719 1990
1604 395
1604 354
395 1080
395 2619
1080 1435
1435 1431
1431 1343
1431 589
1343 1024
1343 2202
1024 915
915 981
915 2251
981 1330
1330 2685
1330 240
2685 1158
2685 502
1158 963
963 386
963 2538
386 1342
386 2823
1342 314
314 59
59 2111
59 1520
2111 2275
2111 2590
2275 905
905 2266
2266 1946
2266 255
1946 295
1946 2844
295 1743
295 2457
1743 535
1743 2400
535 1048
1048 1237
1237 340
1237 1243
340 674
340 1347
674 2267
2267 1317
1317 2041
1317 1616
2041 1188
2041 1164
1188 539
539 135
539 2425
135 2705
135 1112
2705 1255
1255 746
1255 2573
746 663
663 2577
2577 698
2577 1440
698 1022
1022 2329
1022 820
2329 797
2329 802
797 1298
1298 1666
1298 858
1666 2835
2835 2157
2157 679
2157 2221
679 2913
679 2409
2913 1825
1825 878
878 1735
878 239
1735 1971
1735 453
1971 58
58 387
58 907
387 2809
2809 2269
2269 2464
2464 1722
2464 2231
1722 932
932 1660
1660 1738
1738 176
1738 1486
176 2626
176 2644
2626 2976
2976 1177
2976 1246
1177 2129
1177 916
2129 1938
1938 1331
1331 2140
1331 743
2140 644
2140 2916
644 1727
644 2314
1727 2642
1727 2714
2642 1501
1501 1624
1501 2833
1624 506
1624 90
506 2443
506 1332
2443 151
2443 2676
151 259
151 584
259 2235
2235 343
343 1763
1763 1409
1409 2101
1409 1695
2101 1323
1323 113
1323 1922
113 1151
1151 1447
1447 1382
1382 2332
1382 672
2332 962
2332 338
962 2751
962 53
2751 1469
2751 2540
1469 2339
1469 2852
2339 438
438 141
438 910
141 2826
2826 2790
2826 647
2790 2109
2790 1114
2109 324
2109 1433
324 2731
2731 894
894 2283
894 1943
2283 793
2283 2926
793 288
288 1009
288 1212
1009 2377
1009 439
2377 2736
2377 2452
2736 2073
2736 2661
2073 2092
2073 102
2092 419
2092 2966
419 876
876 796
796 1491
796 321
1491 2840
1491 397
2840 304
304 22
22 1560
1560 2333
1560 2035
2333 885
2333 20
885 1661
885 1573
1661 1341
1661 116
1341 2050
2050 1509
2050 1478
1509 1804
1509 121
1804 637
637 1329
1329 1746
1746 2034
1746 1826
2034 942
2034 2453
942 2413
2413 2188
2413 2894
2188 2351
2188 1933
2351 2280
2351 2746
2280 2417
2280 1155
2417 2191
2417 1593
2191 1273
2191 398
1273 426
1273 1696
426 2515
2515 2548
2515 2571
2548 45
2548 806
45 2276
45 1008
2276 446
446 675
675 568
568 230
568 2624
230 528
528 2205
528 43
2205 1163
2205 2480
1163 2555
2555 1475
1475 2230
2230 748
748 592
592 2433
592 1223
2433 2069
2069 332
332 624
332 1185
624 1456
1456 1986
1456 1677
1986 1161
1161 76
76 1820
76 1390
1820 2350
1820 1732
2350 638
2350 2561
638 2757
638 2536
2757 1633
1633 1133
1633 1019
1133 1487
1133 541
1487 984
984 807
807 1454
807 1519
1454 133
1454 384
133 1691
1691 1540
1691 2498
1540 440
1540 108
440 667
667 1305
667 359
1305 352
352 877
352 1157
877 928
928 309
309 1030
1030 40
1030 1061
40 2762
2762 37
2762 2024
37 198
37 2389
198 2471
2471 895
895 2553
2553 2450
2553 1275
2450 590
2450 2632
590 1757
590 186
1757 74
1757 900
74 1251
1251 551
551 1547
551 1551
1547 909
1547 2469
909 571
909 470
571 537
537 2932
2932 693
2932 229
693 234
234 843
843 280
280 2475
280 213
2475 1311
1311 71
1311 706
71 645
645 1707
1707 219
219 2021
2021 1554
2021 2964
1554 2156
1554 2352
2156 1426
2156 1623
1426 805
805 2777
805 1862
2777 1893
2777 1000
1893 188
1893 2566
188 2691
2691 1538
1538 78
78 1222
1222 2523
1222 2525
2523 1228
2523 1451
1228 668
1228 2395
668 1442
668 1178
1442 2690
2690 1557
2690 2291
1557 669
1557 2159
669 220
220 1687
220 1076
1687 1
1 155
1 319
155 1874
1874 412
1874 203
412 890
412 628
890 2741
2741 2432
2432 237
237 546
237 1121
546 2647
546 2047
2647 303
303 2216
2216 2958
2216 2115
2958 620
2958 2786
620 323
620 2077
323 1846
1846 2168
1846 181
2168 1523
1523 1994
1994 1674
1994 1150
1674 2184
1674 270
2184 1036
1036 2088
1036 82
2088 2195
2195 1303
2195 1455
1303 2712
2712 469
2712 2560
469 873
873 2497
2497 2152
2497 1855
2152 1277
1277 688
1277 87
688 636
688 709
636 1601
1601 2542
2542 1384
1384 1720
1720 906
1720 434
906 1516
906 751
1516 1675
1675 892
1675 840
892 1981
892 36
1981 2579
1981 79
2579 2393
2579 2944
2393 257
257 1010
257 595
1010 1096
1010 2780
1096 1075
1096 422
1075 1038
1038 1368
1368 170
1368 1955
170 2387
170 1676
2387 704
2387 2723
704 1028
1028 1670
1028 989
1670 809
809 142
142 1615
142 1858
1615 1607
1615 2322
1607 2342
1607 2596
2342 597
597 826
826 147
147 1578
1578 2921
1578 379
2921 1208
1208 1499
1499 286
286 2164
2164 292
292 2929
292 1564
2929 2262
2262 2584
2584 744
2584 933
744 2937
2937 1517
2937 1495
1517 2038
1517 2500
2038 2147
2038 711
2147 949
2147 2297
949 2334
949 2027
2334 2517
2334 2220
2517 2285
2285 388
388 2506
388 520
2506 2633
2633 1950
1950 745
745 17
745 2810
17 1062
1062 2931
1062 860
2931 489
489 443
489 2630
443 2488
2488 39
39 1180
39 2384
1180 2098
1180 1217
2098 887
887 2797
887 1213
2797 867
867 1336
1336 2962
1336 2263
2962 2774
2962 875
2774 1359
2774 199
1359 1103
1359 1724
1103 971
971 2119
2119 1324
2119 1939
1324 1522
1324 1152
1522 462
462 194
462 300
194 2708
2708 1393
2708 530
1393 1591
1591 137
137 2303
2303 673
2303 845
673 1807
1807 2121
1807 1271
2121 1781
1781 2025
2025 2804
2025 2586
2804 534
2804 308
534 2812
534 972
2812 718
2812 2537
718 2294
718 254
2294 1206
1206 1293
1293 415
1293 2172
415 1835
415 271
1835 1747
1835 524
1747 265
1747 1405
265 614
614 2158
614 527
2158 2843
2158 1865
2843 1926
2843 406
1926 1154
1926 2934
1154 1132
1154 1432
1132 968
1132 1891
968 1577
1577 175
175 995
175 2851
995 2
995 1703
2 728
2 2254
728 279
279 703
279 1320
703 1849
703 2022
1849 2671
2671 1430
2671 1717
1430 504
504 681
504 2482
681 1297
681 1559
1297 1782
1782 7
1782 364
7 1609
1609 742
742 2244
742 1799
2244 1143
1143 197
1143 2032
197 1078
197 1740
1078 2397
1078 1954
2397 337
2397 1974
337 1755
1755 263
1755 125
263 1941
263 2868
1941 1429
1429 2346
1429 1416
2346 2182
2182 99
99 1751
1751 2778
1751 951
2778 2688
2778 2441
2688 2965
2965 2206
2206 2631
2206 157
2631 2534
2534 1286
1286 697
1286 2325
697 2740
2740 1207
2740 1638
1207 1267
1267 159
159 1348
1348 2423
2423 2828
2423 2203
2828 178
2828 717
178 1353
1353 696
1353 1250
696 249
696 1272
249 1942
1942 1684
1684 2466
1684 1453
2466 1914
1914 2865
2865 661
2865 1107
661 1602
