21 479 234738
7 16
16 13
16 3
13 14
14 18
14 19
18 1
18 10
1 8
1 5
8 12
8 2
12 9
12 6
9 11
11 20
11 15
20 17
20 4
17 21
296 93
296 161
93 252
252 309
252 278
309 33
33 60
60 381
381 135
381 49
135 235
235 183
235 50
183 51
183 307
51 374
374 292
374 213
292 97
292 395
97 422
422 423
422 469
423 245
423 437
245 244
245 61
244 479
479 149
479 343
149 447
447 409
447 219
409 390
390 52
52 439
439 220
439 210
220 478
220 393
478 134
478 125
134 57
134 103
57 456
456 241
241 1
1 324
1 424
324 231
231 443
231 404
443 151
151 207
207 239
207 287
239 92
92 107
107 4
4 406
406 452
452 138
452 277
138 251
251 189
189 74
189 56
74 360
74 462
360 341
341 418
341 177
418 102
102 218
102 285
218 182
218 34
182 473
473 215
215 66
215 471
66 347
347 154
154 273
273 13
273 42
13 333
13 243
333 270
270 198
270 226
198 238
238 8
8 84
84 185
84 303
185 205
185 413
205 388
205 261
388 412
412 425
412 271
425 350
350 351
351 365
365 247
365 23
247 186
186 201
186 357
201 259
201 432
259 119
259 35
119 71
71 253
253 400
253 73
400 419
419 399
399 477
399 153
477 158
477 327
158 320
320 40
320 123
40 63
63 293
293 146
146 302
302 6
6 167
6 20
167 453
167 236
453 363
453 308
363 269
363 181
269 359
359 69
69 113
69 474
113 415
415 194
194 30
30 290
30 25
290 171
171 112
112 265
112 180
265 118
118 389
389 312
312 174
312 338
174 2
174 143
2 263
2 463
263 45
45 124
124 82
82 332
82 330
332 414
332 329
414 108
414 391
108 141
141 67
67 314
67 376
314 144
144 62
144 345
62 403
62 356
403 267
403 260
267 326
267 89
326 5
326 156
5 318
5 355
318 70
318 122
70 137
137 375
137 39
375 450
375 286
450 165
165 358
358 408
358 100
408 38
38 336
38 133
336 334
334 319
319 96
319 387
96 116
116 427
427 472
472 371
371 291
371 94
291 16
291 224
16 29
16 353
29 449
29 192
449 105
449 325
105 294
294 340
294 31
340 191
191 257
257 160
160 323
160 402
323 130
323 335
130 9
9 148
148 288
288 121
288 420
121 369
369 451
369 188
451 78
451 106
78 114
78 385
114 386
386 111
386 150
111 382
382 222
222 250
222 284
250 279
279 322
322 254
254 316
316 132
316 349
132 176
132 237
176 431
176 81
431 394
431 344
394 331
394 58
331 209
209 370
209 179
370 441
370 193
441 460
441 274
460 129
460 109
129 178
129 348
178 266
178 311
266 64
266 233
64 232
64 86
232 282
282 77
282 48
77 26
26 54
26 339
54 467
54 172
467 22
467 315
22 159
159 80
80 85
85 328
85 90
328 32
32 157
32 10
157 465
157 305
465 342
342 37
342 276
37 275
275 361
275 126
361 104
361 248
104 459
459 202
459 377
202 433
202 173
433 383
433 21
383 79
383 421
79 468
79 398
468 410
468 435
410 426
410 36
426 428
426 295
428 234
428 152
234 88
234 298
88 240
240 7
7 455
7 407
455 454
455 27
454 142
142 17
17 169
17 190
169 83
169 75
83 199
83 55
199 352
352 136
136 195
195 225
195 128
225 214
225 299
214 98
98 11
98 101
11 417
417 206
417 15
206 310
206 354
310 372
310 228
372 475
372 346
475 256
256 212
256 168
212 91
212 110
91 364
91 337
364 200
200 397
200 12
397 411
397 262
411 458
411 76
458 175
175 72
175 18
72 140
140 47
47 283
283 187
187 430
430 438
438 321
321 211
321 145
211 405
211 313
405 300
405 476
300 24
300 429
24 396
396 446
396 162
446 440
446 221
440 163
163 14
163 164
14 197
14 204
197 289
289 366
289 216
366 59
59 281
59 466
281 217
281 208
217 264
217 378
264 379
264 242
379 249
249 470
470 127
470 196
127 317
127 170
317 368
317 461
368 373
373 401
401 68
401 444
68 115
115 229
229 65
65 41
65 120
41 43
43 246
246 272
272 457
457 46
46 304
46 131
304 255
304 203
255 268
268 436
436 367
367 280
280 258
280 380
258 445
258 448
445 155
155 362
155 117
362 230
230 19
19 297
19 392
297 434
434 416
434 147
416 227
227 166
166 223
223 28
28 184
184 442
184 3
442 306
442 87
306 53
53 301
53 139
301 464
301 384
464 44
44 99
44 95
