1 1347 4829
723 135
723 791
135 848
135 248
848 1065
848 680
1065 211
211 657
211 689
657 887
887 1038
887 376
1038 925
925 817
925 698
817 167
167 1078
167 237
1078 659
1078 1153
659 880
659 1109
880 739
739 777
777 668
668 414
414 1146
414 1192
1146 1086
1086 468
1086 839
468 944
944 939
944 1245
939 771
939 1000
771 823
823 1212
1212 801
801 772
772 1296
772 474
1296 1018
1296 906
1018 1019
1018 1084
1019 1094
1019 998
1094 950
950 981
981 504
981 218
504 301
504 520
301 818
818 250
818 1346
250 742
250 912
742 318
318 599
599 678
678 423
423 691
691 550
550 1123
550 1141
1123 610
1123 1092
610 257
610 56
257 963
257 958
963 521
521 381
381 165
381 406
165 447
165 1302
447 94
447 1299
94 677
677 24
24 1037
1037 403
1037 282
403 128
403 199
128 1028
1028 971
971 535
535 1219
535 238
1219 603
1219 1014
603 69
603 810
69 1251
1251 850
1251 1108
850 486
850 778
486 488
486 541
488 115
488 594
115 1134
115 1110
1134 470
1134 473
470 955
955 1165
1165 467
467 386
386 986
386 1186
986 760
986 1242
760 630
630 42
630 831
42 65
65 1101
1101 286
286 1218
1218 1151
1218 180
1151 1032
1151 867
1032 1342
1032 832
1342 645
1342 524
645 1081
1081 1120
1081 508
1120 1304
1304 1124
1124 503
503 568
503 105
568 45
45 1269
1269 688
688 1111
1111 492
492 538
492 642
538 1095
1095 1135
1135 1279
1279 1182
1279 1074
1182 834
834 44
834 805
44 824
824 518
518 231
231 758
231 1137
758 1133
1133 873
1133 1128
873 11
873 72
11 326
11 1160
326 1087
1087 803
803 1080
1080 483
483 1199
1199 141
141 1021
141 377
1021 1338
1021 367
1338 39
39 266
266 314
266 93
314 51
314 1113
51 289
51 841
289 438
438 579
579 1259
1259 1322
1322 1181
1322 641
1181 764
764 67
764 91
67 1154
1154 202
202 545
202 36
545 1129
545 478
1129 307
1129 404
307 1148
1148 711
1148 274
711 897
897 1325
897 1060
1325 837
1325 1267
837 316
837 972
316 455
455 902
902 157
902 562
157 793
157 1012
793 539
539 693
539 1220
693 1222
693 894
1222 685
1222 288
685 126
685 124
126 1217
1217 653
1217 1099
653 71
653 58
71 614
614 461
461 200
200 133
133 1156
133 784
1156 1253
1156 628
1253 1136
1136 317
1136 920
317 355
317 228
355 1340
1340 132
132 354
354 1347
1347 757
757 197
757 172
197 910
910 110
910 745
110 1216
110 143
1216 283
283 98
98 827
827 419
419 1236
1236 7
1236 117
7 454
7 216
454 1233
454 542
1233 89
1233 790
89 1149
1149 712
1149 948
712 50
712 968
50 979
979 1332
979 949
1332 505
505 620
620 315
620 213
315 961
961 556
556 480
556 869
480 103
103 1235
103 715
1235 1306
1235 346
1306 466
466 43
466 575
43 421
421 8
8 187
8 988
187 1243
187 1291
1243 1314
1314 1185
1314 147
1185 714
714 277
277 655
277 945
655 816
816 312
312 284
312 756
284 244
284 580
244 225
244 806
225 1040
225 1061
1040 725
1040 1254
725 1013
725 1024
1013 960
1013 722
960 774
774 59
59 1285
59 252
1285 321
1285 900
321 868
868 877
877 81
81 664
664 1010
664 1118
1010 310
1010 265
310 487
310 708
487 1071
1071 1157
1157 278
278 260
278 178
260 12
260 1229
12 184
12 847
184 917
184 676
917 66
917 1198
66 957
957 761
957 540
761 844
761 40
844 162
162 83
162 70
83 100
83 808
100 661
661 1191
661 1266
1191 1001
1191 1115
1001 258
258 1273
1273 622
1273 809
622 409
622 38
409 1227
1227 1319
1319 928
928 9
928 49
9 280
280 207
207 92
207 160
92 219
92 472
219 1051
1051 674
1051 210
674 164
164 695
164 776
695 205
205 1004
1004 785
1004 1260
785 309
785 953
309 1270
309 729
1270 662
662 743
743 408
743 1034
408 1152
1152 352
352 814
352 1194
814 613
814 1280
613 212
613 203
212 573
573 878
573 1029
878 746
878 276
746 163
163 980
163 273
980 509
980 701
509 426
509 1039
426 697
697 735
735 811
735 506
811 292
292 647
292 1286
647 411
411 232
411 343
232 732
732 388
388 444
388 552
444 993
993 1309
1309 619
619 1121
1121 402
1121 188
402 368
368 1244
1244 13
13 748
748 932
932 417
417 782
417 967
782 866
866 1257
866 962
1257 802
1257 640
802 341
341 229
229 1214
1214 320
1214 694
320 788
788 53
788 427
53 1067
53 1163
1067 323
1067 1326
323 1144
1144 1239
1239 717
717 874
874 881
874 889
881 561
561 987
561 799
987 76
987 401
76 639
639 588
639 916
588 884
588 821
884 328
328 371
371 822
371 734
822 322
322 765
765 1162
765 327
1162 104
104 221
221 122
122 767
122 596
767 800
800 826
800 138
826 649
649 744
744 534
744 624
534 99
534 1183
99 1265
99 933
1265 899
899 217
899 407
217 829
217 1031
829 209
209 422
422 493
422 985
493 577
577 1090
1090 648
1090 1046
648 930
930 5
930 555
5 240
5 586
240 683
683 621
621 849
849 109
109 1271
109 918
1271 176
176 48
48 592
592 566
566 373
566 565
373 1035
1035 819
1035 1048
819 52
52 572
52 108
572 1106
572 342
1106 581
581 22
22 1105
1105 516
516 158
158 863
158 1234
863 1139
1139 643
1139 443
643 584
643 236
584 192
584 459
192 319
319 1315
319 494
1315 80
1315 246
80 570
80 705
570 253
253 781
253 710
781 168
168 251
168 1224
251 1193
251 1007
1193 536
536 189
189 1196
1196 17
1196 261
17 1170
1170 595
595 755
595 1030
755 196
755 394
196 1064
196 1179
1064 1098
1098 1168
1168 37
37 378
37 1344
378 1131
1131 64
1131 898
64 1226
1226 611
1226 61
611 1292
1292 1221
1292 215
1221 589
1221 597
589 1274
1274 471
471 1290
1290 305
1290 860
305 499
499 54
54 893
893 390
390 1237
390 560
1237 700
700 633
700 901
633 23
23 32
32 344
344 999
999 733
733 548
733 324
548 780
548 1164
780 170
780 345
170 946
946 870
946 797
870 571
571 300
571 511
300 995
300 1230
995 1167
995 974
1167 1241
1167 922
1241 904
1241 75
904 1075
1075 951
951 1335
1335 152
152 804
152 463
804 220
804 1197
220 1026
220 1062
1026 259
1026 1255
259 1166
1166 1173
1173 652
1173 1288
652 495
652 1317
495 915
495 1069
915 303
303 1201
303 416
1201 452
452 95
452 842
95 983
983 111
111 14
14 1211
14 469
1211 731
1211 1263
731 1025
1025 302
302 1091
302 193
1091 1122
1091 396
1122 247
247 934
934 740
934 351
740 720
740 853
720 736
720 477
736 130
130 855
130 383
855 629
855 20
629 439
629 528
439 118
439 576
118 182
182 1138
182 429
1138 631
1138 741
631 1284
631 954
1284 1017
1017 481
1017 149
481 644
644 984
984 1207
1207 815
1207 852
815 87
87 385
87 671
385 1316
385 181
1316 533
533 890
533 1247
890 1150
1150 903
903 73
903 299
73 660
660 1232
1232 90
1232 1329
90 1008
90 1125
1008 134
1008 295
134 156
156 1213
1213 1303
1303 515
1303 245
515 405
405 293
405 1189
293 1132
1132 1023
1023 938
1023 675
938 964
938 420
964 86
86 1328
86 1204
1328 762
1328 601
762 6
762 1076
6 526
526 1310
1310 119
119 895
119 1009
895 127
895 952
127 858
127 226
858 612
612 886
886 464
464 338
464 1240
338 397
338 502
397 382
382 876
876 927
927 1089
1089 654
654 1238
654 374
1238 1178
1238 684
1178 458
1178 861
458 585
458 148
585 201
201 1318
1318 602
1318 77
602 617
617 532
532 921
532 500
921 174
174 636
174 875
636 1057
636 1116
1057 395
1057 364
395 490
395 1093
490 1096
490 1262
1096 593
1096 769
593 1027
1027 1005
1027 1169
1005 626
626 465
626 1215
465 47
465 1320
47 1261
47 937
1261 1054
1261 527
1054 372
372 559
372 627
559 442
559 198
442 479
442 1275
479 862
479 1117
862 1056
1056 616
616 525
616 966
525 102
102 287
287 908
908 978
908 1016
978 702
978 679
702 543
543 936
936 448
448 696
696 1155
1155 1022
1155 1043
1022 136
1022 510
136 412
136 530
412 1208
412 976
1208 749
1208 191
749 501
501 591
501 590
591 892
892 1082
1082 941
941 1206
1206 432
432 1343
432 600
1343 751
1343 1
751 1278
1278 977
977 1248
1248 690
690 896
690 763
896 340
896 249
340 692
692 1327
692 430
1327 1252
1327 1195
1252 623
623 1127
1127 587
1127 2
587 297
587 519
297 1282
1282 254
254 1276
1276 441
1276 398
441 843
441 369
843 1272
843 25
1272 1190
1190 476
476 270
270 1264
1264 632
632 19
632 996
19 485
485 446
485 41
446 271
271 707
707 415
415 1256
1256 339
339 567
567 846
846 728
846 1223
728 1015
1015 1308
1015 738
1308 151
1308 263
151 638
151 348
638 513
513 255
255 296
255 224
296 359
296 704
359 1188
1188 1294
1188 159
1294 79
1294 583
79 1102
1102 362
1102 990
362 574
574 606
574 140
606 859
859 924
924 1053
924 658
1053 113
1053 907
113 82
113 1301
82 926
82 139
926 241
926 31
241 1104
241 913
1104 350
350 1070
1070 1159
1070 155
1159 489
489 428
489 650
428 1147
1147 1228
1147 120
1228 1307
1307 161
161 982
161 436
982 1225
982 666
1225 142
142 969
142 891
969 424
424 370
370 154
370 223
154 713
154 1305
713 281
713 235
281 335
335 786
335 146
786 975
786 179
975 812
812 475
475 845
845 294
294 1312
294 770
1312 239
239 883
883 121
121 97
121 107
97 26
97 230
26 431
26 4
431 544
544 651
651 112
112 909
909 357
357 665
665 682
682 716
682 1268
716 285
285 1281
285 997
1281 1321
1321 721
721 537
537 807
537 114
807 608
608 879
608 1158
879 687
879 433
687 865
865 1083
865 190
1083 34
1083 400
34 298
298 68
68 21
21 1079
1079 730
1079 1006
730 598
730 905
598 578
578 646
578 766
646 554
554 234
554 564
234 491
234 330
491 1045
1045 325
1045 882
325 942
942 1287
942 222
1287 1333
1333 838
1333 1161
838 673
838 272
673 449
673 1114
449 830
830 336
336 361
361 798
361 796
798 291
291 1336
1336 30
30 753
753 864
864 435
435 279
279 1205
1205 496
1205 833
496 63
496 35
63 931
931 994
931 173
994 116
116 380
116 1143
380 29
380 792
29 1072
1072 991
1072 183
991 872
991 1345
872 379
379 1130
1130 275
1130 531
275 33
275 871
33 773
773 384
384 547
384 1036
547 123
123 304
304 311
311 1283
1283 1068
1068 171
171 970
171 418
970 145
970 375
145 78
145 450
78 1231
78 719
1231 1049
1231 1175
1049 106
106 634
634 1202
634 55
1202 353
353 783
783 1145
783 1044
1145 1323
1323 347
1323 885
347 1187
1187 74
1187 512
74 1250
1250 358
1250 667
358 914
358 1174
914 669
914 332
669 1140
1140 194
1140 635
194 462
462 1097
462 1324
1097 989
989 965
989 1298
965 1033
1033 795
795 637
637 1313
637 923
1313 214
214 334
334 1176
1176 888
1176 166
888 911
911 813
911 15
813 557
813 175
557 410
410 1059
1059 349
1059 1289
349 935
935 686
935 522
686 457
686 1073
457 391
457 399
391 60
60 484
484 681
681 1334
1334 727
727 243
727 306
243 1331
243 262
1331 706
1331 919
706 775
775 840
775 153
840 656
840 27
656 129
656 46
129 333
129 88
333 582
582 177
582 703
177 1011
1011 973
1011 387
973 752
752 437
437 268
268 269
268 1100
269 227
269 759
227 558
558 482
482 609
482 1002
609 787
609 699
787 1003
787 1119
1003 789
789 718
789 605
718 1077
1077 943
943 507
943 663
507 1180
507 1066
1180 1126
1126 779
1126 615
779 337
779 101
337 1330
337 553
1330 992
1330 233
992 413
413 208
413 313
208 563
563 828
828 820
828 445
820 206
820 28
206 1088
206 451
1088 1085
1088 514
1085 1107
1085 929
1107 267
1107 724
267 625
625 85
625 360
85 425
85 670
425 1341
425 947
1341 1337
1341 256
1337 356
356 1050
356 607
1050 365
365 57
57 754
57 1293
754 84
754 836
84 1112
1112 393
1112 1103
393 1258
393 186
1258 1300
1258 549
1300 1055
1055 747
747 440
440 434
434 569
569 16
16 1052
1052 96
96 392
392 1246
392 737
1246 144
1246 1041
144 169
144 529
169 329
169 1311
329 204
204 857
857 1142
857 1177
1142 523
1142 497
523 290
290 1047
290 1063
1047 856
856 672
672 940
940 1042
1042 62
1042 308
62 389
62 546
389 726
389 794
726 1184
726 1339
1184 453
453 618
453 18
618 825
618 150
825 750
825 1020
750 125
125 456
125 460
456 3
456 264
3 551
3 604
551 1203
1203 366
366 517
366 137
517 959
959 1200
1200 851
1200 131
851 1295
1295 195
1295 956
195 498
498 768
768 1172
768 1297
1172 363
363 185
363 1249
185 1171
185 709
1171 1210
1210 10
10 242
242 1058
1058 331
331 1209
1209 835
1209 854
835 1277
