2 238 165883
1 2
216 60
60 45
60 40
45 115
45 201
115 93
93 76
76 183
76 157
183 75
183 180
75 143
143 193
193 224
224 121
121 199
121 83
199 23
23 235
23 200
235 107
107 42
107 167
42 189
42 220
189 203
203 145
145 53
53 198
53 94
198 170
170 90
170 156
90 110
110 56
56 96
56 175
96 229
96 213
229 74
229 176
74 19
74 14
19 135
19 65
135 35
35 211
211 212
212 196
212 47
196 221
196 109
221 97
97 227
97 126
227 86
227 223
86 162
162 9
9 207
9 163
207 147
207 174
147 102
102 3
102 230
3 79
3 99
79 17
79 38
17 29
17 225
29 234
29 2
234 15
234 49
15 95
95 27
27 68
27 139
68 48
68 55
48 72
72 16
72 103
16 41
16 160
41 165
41 43
165 6
165 5
6 59
59 114
59 208
114 21
21 118
21 206
118 134
134 172
172 73
172 188
73 10
10 31
31 77
77 142
142 130
142 36
130 98
98 182
182 69
182 52
69 104
69 30
104 214
214 195
195 137
137 129
137 85
129 204
129 105
204 202
202 39
39 151
39 127
151 108
108 7
7 173
7 119
173 124
124 192
124 70
192 132
132 25
132 89
25 128
25 120
128 205
205 152
205 117
152 185
152 217
185 150
185 80
150 11
11 71
71 168
168 161
168 37
161 191
161 62
191 181
181 190
181 231
190 123
190 146
123 237
123 20
237 141
237 197
141 125
141 78
125 88
125 149
88 51
88 106
51 13
51 1
13 153
13 26
153 24
24 44
44 158
158 50
50 179
50 82
179 58
58 54
58 238
54 171
171 228
171 63
228 136
228 34
136 154
154 169
169 148
148 113
148 138
113 122
113 33
122 92
92 187
187 186
187 81
186 111
111 133
133 184
184 218
218 28
218 8
28 12
12 166
12 67
166 210
166 215
210 112
112 100
100 226
226 61
226 4
61 194
61 178
194 101
194 236
101 22
22 64
22 18
64 222
64 87
222 32
32 219
32 46
219 131
131 116
131 140
116 57
57 66
66 177
177 155
177 232
155 91
155 233
91 209
91 164
209 144
144 84
84 159
