15 2047 729892
11 12
11 2
12 15
12 7
2 10
2 1
15 4
15 6
7 13
7 3
10 8
10 9
1 5
1 14
1263 318
1263 1749
318 1013
318 297
1749 1514
1749 812
1013 802
1013 453
297 1768
297 165
1514 944
1514 1259
812 1346
812 1420
802 1074
802 565
453 1443
453 921
1768 49
1768 1138
165 1536
165 1970
944 1428
944 1788
1259 87
1259 339
1346 1916
1346 874
1420 361
1420 689
1074 203
1074 543
565 566
565 274
1443 647
1443 1382
921 1866
921 1332
49 732
49 585
1138 1287
1138 1150
1536 1069
1536 430
1970 1695
1970 1702
1428 1910
1428 1555
1788 1204
1788 1348
87 891
87 754
339 603
339 533
1916 65
1916 1776
874 1913
874 1049
361 939
361 1489
689 1462
689 1661
203 1335
203 1792
543 1173
543 909
566 1516
566 1109
274 467
274 1445
647 197
647 1485
1382 1366
1382 719
1866 1070
1866 1567
1332 678
1332 1321
732 2003
732 743
585 1255
585 1619
1287 1206
1287 159
1150 1167
1150 1986
1069 1838
1069 1067
430 835
430 1590
1695 1643
1695 1029
1702 332
1702 774
1910 399
1910 522
1555 61
1555 35
1204 1579
1204 1353
1348 1303
1348 378
891 1181
891 878
754 1812
754 1699
603 920
603 1407
533 2033
533 1149
65 834
65 1311
1776 1227
1776 1965
1913 1033
1913 265
1049 1655
1049 1604
939 1086
939 365
1489 1786
1489 1778
1462 684
1462 1780
1661 194
1661 614
1335 863
1335 1308
1792 408
1792 902
1173 1708
1173 1547
909 1421
909 507
1516 157
1516 276
1109 981
1109 1210
467 1341
467 122
1445 442
1445 1815
197 1731
197 1143
1485 848
1485 1024
1366 1503
1366 2011
719 1368
719 269
1070 1337
1070 1660
1567 1781
1567 629
678 1924
678 825
1321 1688
1321 1785
2003 1212
2003 541
743 918
743 1761
1255 1881
1255 1083
1619 479
1619 1361
1206 1284
1206 1273
159 548
159 1073
1167 505
1167 1260
1986 949
1986 371
1838 1402
1838 1963
1067 1508
1067 1231
835 577
835 850
1590 233
1590 2024
1643 1380
1643 155
1029 1386
1029 787
332 894
332 1214
774 583
774 1704
399 1071
399 247
522 1751
522 1841
61 1144
61 1419
35 1022
35 1845
1579 246
1579 1588
1353 641
1353 1641
1303 1279
1303 24
378 2025
378 1160
1181 567
1181 1657
878 167
878 938
1812 1019
1812 71
1699 667
1699 957
920 1558
920 668
1407 1042
1407 952
2033 1666
2033 1850
1149 739
1149 933
834 1867
834 557
1311 506
1311 1379
1227 1245
1227 741
1965 1317
1965 1652
1033 426
1033 1008
265 762
265 1603
1655 528
1655 1905
1604 1906
1604 1449
1086 451
1086 810
365 1715
365 695
1786 1306
1786 954
1778 281
1778 1216
684 1319
684 1716
1780 1744
1780 420
194 51
194 1011
614 391
614 1018
863 113
863 608
1308 1343
1308 312
408 383
408 1001
902 1671
902 63
1708 468
1708 418
1547 1078
1547 804
1421 1923
1421 1672
507 927
507 1650
157 6
157 76
276 1544
276 1854
981 1373
981 1566
1210 42
1210 2032
1341 1076
1341 1609
122 2026
122 1166
442 1385
442 858
1815 1059
1815 1350
1731 1961
1731 1239
1143 2008
1143 970
848 1289
848 856
1024 1375
1024 1048
1503 1987
1503 1226
2011 70
2011 52
1368 1422
1368 264
269 1829
269 1124
1337 831
1337 1093
1660 321
1660 401
1781 729
1781 1537
629 661
629 1843
1924 688
1924 1644
825 1129
825 1531
1688 1235
1688 1471
1785 1249
1785 494
1212 1741
1212 1799
541 893
541 492
918 1219
918 397
1761 1190
1761 287
1881 268
1881 1753
1083 1357
1083 890
479 1677
479 947
1361 1453
1361 224
1284 897
1284 1614
1273 469
1273 502
548 624
548 324
1073 293
1073 1935
505 568
505 335
1260 470
1260 2020
949 1857
949 1072
371 395
371 751
1402 631
1402 163
1963 114
1963 1178
1508 1737
1508 1507
1231 1822
1231 2044
577 1161
577 723
850 1331
850 1530
233 924
233 904
2024 308
2024 600
1380 1859
1380 645
155 1521
155 131
1386 884
1386 690
787 595
787 1967
894 284
894 830
1214 1852
1214 1517
583 636
583 1993
1704 346
1704 1880
1071 1156
1071 1592
247 1922
247 846
1751 681
1751 1060
1841 623
1841 1997
1144 1414
1144 763
1419 1936
1419 1648
1022 1338
1022 359
1845 1034
1845 58
246 925
246 1893
1588 485
1588 1868
641 555
641 1145
1641 11
1641 1141
1279 687
1279 334
24 726
24 402
2025 1218
2025 82
1160 779
1160 746
567 1765
567 1046
1657 650
1657 535
167 1192
167 1296
938 936
938 340
1019 800
1019 1339
71 1180
71 351
667 317
667 795
957 1215
957 1099
1558 1466
1558 1371
668 1795
668 1698
1042 1477
1042 1787
952 1405
952 1452
1666 607
1666 313
1850 977
1850 1556
739 1456
739 2019
933 1207
933 186
1867 101
1867 518
557 348
557 37
506 213
506 1889
1379 1000
1379 97
1245 432
1245 988
741 123
741 196
1317 706
1317 110
1652 1496
1652 1336
426 236
426 805
1008 1839
1008 1955
762 441
762 1551
1603 74
1603 5
528 786
528 609
1905 888
1905 660
1906 633
1906 2005
1449 1899
1449 669
451 1288
451 1280
810 1693
810 517
1715 537
1715 1825
695 735
695 295
1306 380
1306 1861
954 1933
954 1159
281 1423
281 305
1216 1803
1216 12
1319 152
1319 984
1716 1697
1716 764
1744 620
1744 1476
420 842
420 1267
51 759
51 654
1011 1597
1011 419
391 458
391 962
1018 1662
1018 1442
113 1021
113 1739
608 1108
608 651
1343 879
1343 978
312 258
312 2009
383 180
383 1594
1001 1487
1001 1396
1671 596
1671 1302
63 1700
63 1358
468 220
468 501
418 1463
418 937
1078 1821
1078 1557
804 1009
804 393
1923 665
1923 478
1672 576
1672 139
927 628
927 415
1650 212
1650 1295
6 1921
6 1066
76 1548
76 1114
1544 1898
1544 843
1854 882
1854 448
1373 1325
1373 2018
1566 1754
1566 1627
42 117
42 1647
2032 1153
2032 1199
1076 1691
1076 671
1609 855
1609 1634
2026 1971
2026 656
1166 776
1166 1810
1385 1052
1385 483
858 1522
858 2030
1059 2046
1059 1939
1350 1025
1350 271
1961 1447
1961 1085
1239 146
1239 282
2008 1713
2008 875
970 1549
970 1528
1289 1276
1289 198
856 1570
856 66
1375 653
1375 896
1048 278
1048 1689
1987 1735
1987 260
1226 752
1226 235
70 708
70 1980
52 1329
52 2006
1422 50
1422 30
264 652
264 328
1829 1777
1829 161
1124 513
1124 1790
831 564
831 1645
1093 1232
1093 973
321 134
321 789
401 221
401 1710
729 753
729 1709
1537 857
1537 106
661 1576
661 1642
1843 1327
1843 1941
688 459
688 290
1644 791
1644 243
1129 1826
1129 227
1531 257
1531 181
1235 930
1235 452
1471 379
1471 208
1249 928
1249 1809
494 1384
494 386
1741 392
1741 757
1799 125
1799 1712
893 1651
893 1800
492 1947
492 1511
1219 1918
1219 431
397 1748
397 816
1190 724
1190 326
287 1575
287 1415
268 136
268 1464
1753 1482
1753 1775
1357 1991
1357 1345
890 1121
890 1330
1677 1224
1677 2
947 987
947 979
1453 1563
1453 1063
224 1670
224 189
897 36
897 1983
1614 1404
1614 992
469 956
469 853
502 1202
502 333
624 240
624 219
324 731
324 1621
293 1891
293 1676
1935 864
1935 625
568 677
568 989
335 404
335 964
470 237
470 1701
2020 1364
2020 347
1857 102
1857 1956
1072 409
1072 473
395 1467
395 685
751 1098
751 704
631 1391
631 38
163 1135
163 1223
114 899
114 2034
1178 1367
1178 903
1737 1426
1737 1182
1507 1612
1507 1360
1822 81
1822 53
2044 241
2044 1509
1161 1324
1161 2004
723 1581
723 822
1331 612
1331 717
1530 1673
1530 228
924 1757
924 1472
904 414
904 680
308 845
308 1518
600 43
600 254
1859 849
1859 315
645 1722
645 1734
1521 1254
1521 1416
131 1349
131 497
884 639
884 398
690 259
690 1957
595 963
595 223
1967 103
1967 885
284 590
284 1625
830 725
830 996
1852 1798
1852 1247
1517 1236
1517 1681
636 1703
636 1315
1993 498
1993 218
346 1220
346 272
1880 867
1880 1847
1156 73
1156 226
1592 1882
1592 1151
1922 1960
1922 1270
846 1656
846 1372
681 618
681 1743
1060 1155
1060 493
623 130
623 532
1997 569
1997 55
1414 696
1414 229
763 484
763 466
1936 266
1936 765
1648 445
1648 510
1338 540
1338 782
359 1869
359 1878
1034 1858
1034 1772
58 1981
58 1686
925 742
925 1819
1893 166
1893 1915
485 1814
485 184
1868 1732
1868 1424
555 1856
555 289
1145 847
1145 1478
11 1500
11 490
1141 1266
1141 935
687 974
687 509
334 693
334 1154
726 39
726 1862
402 1887
402 1989
1218 840
1218 1230
82 349
82 1876
779 437
779 1711
746 1411
746 1359
1765 482
1765 59
1046 475
1046 827
650 132
650 1870
535 341
535 323
1192 1163
1192 1533
1296 1608
1296 1433
936 15
936 1170
340 436
340 302
800 1766
800 1999
1339 357
1339 306
1180 531
1180 969
351 1834
351 1113
317 991
317 1281
795 1470
795 384
1215 211
1215 524
1099 1659
1099 1417
1466 1667
1466 316
1371 666
1371 1191
1795 1075
1795 434
1698 1323
1698 95
1477 975
1477 1595
1787 1949
1787 68
1405 280
1405 1061
1452 1756
1452 396
607 691
607 329
313 1310
313 1293
977 1561
977 1938
1556 1990
1556 1763
1456 185
1456 364
2019 2022
2019 319
1207 299
1207 516
186 304
186 579
101 2021
101 1811
518 1840
518 621
348 1951
348 422
37 1865
37 1582
213 385
213 1376
1889 1088
1889 1729
1000 1107
1000 78
97 1493
97 1683
432 286
432 1979
988 2043
988 1399
123 1427
123 153
196 552
196 1680
706 828
706 88
110 41
110 968
1496 1794
1496 1585
1336 1362
1336 1132
236 1257
236 876
805 844
805 1724
1839 1122
1839 1902
1955 1513
1955 1200
441 1636
441 1835
1551 819
1551 589
74 877
74 187
5 1520
5 1943
786 1958
786 124
609 10
609 1117
888 1907
888 183
660 250
660 1028
633 1774
633 1968
2005 1020
2005 45
1899 121
1899 481
669 100
669 980
1288 120
1288 990
1280 427
1280 761
1693 1692
1693 1209
517 1975
517 946
537 201
537 1615
1825 57
1825 1714
735 1607
735 2010
295 865
295 1769
380 1972
380 495
1861 606
1861 561
1933 1253
1933 722
1159 1203
1159 1925
1423 929
1423 1572
305 1796
305 716
1803 1546
1803 582
12 637
12 542
152 999
152 217
984 28
984 1356
1697 19
1697 1164
764 352
764 14
620 449
620 2017
1476 1062
1476 56
842 1560
842 581
1267 1728
1267 446
759 1326
759 13
654 558
654 1294
1597 1742
1597 1948
419 1275
419 270
458 1589
458 1649
962 852
962 1193
1662 1639
1662 214
1442 112
1442 72
1021 1481
1021 1977
1739 813
1739 1355
1108 832
1108 1312
651 1105
651 64
879 907
879 355
978 472
978 997
258 195
258 1077
2009 610
2009 18
180 168
180 697
1594 1976
1594 591
1487 1278
1487 1664
1396 1111
1396 880
596 1646
596 730
1302 1706
1302 411
1700 833
1700 913
1358 1745
1358 1272
220 1616
220 1577
501 818
501 955
1463 721
1463 356
937 1363
937 487
1821 1499
1821 421
1557 961
1557 1631
1009 1094
1009 1730
393 464
393 20
665 191
665 1600
478 160
478 239
576 489
576 1410
139 499
139 982
628 1720
628 718
415 1932
415 649
212 953
212 89
1295 1860
1295 387
1921 1002
1921 244
1066 638
1066 2037
1548 1090
1548 93
1114 85
1114 1268
1898 362
1898 1460
843 770
843 1978
882 1084
882 670
448 605
448 377
1325 604
1325 2016
2018 1543
2018 1877
1754 1208
1754 1274
1627 1044
1627 1412
117 311
117 1828
1647 599
1647 47
1153 44
1153 443
1199 915
1199 256
1691 138
1691 298
671 439
671 1418
855 1307
855 1475
1634 1131
1634 1568
1971 1320
1971 1195
656 985
656 1340
776 1053
776 1425
1810 1912
1810 758
1052 1539
1052 1479
483 1439
483 1264
1522 553
1522 1759
2030 245
2030 2013
2046 1102
2046 1197
1939 1304
1939 1383
1025 1300
1025 353
271 1633
271 1213
1447 679
1447 655
1085 1623
1085 1934
146 821
146 866
282 1497
282 1726
1713 1012
1713 1791
875 1118
875 2029
1549 1333
1549 1179
1528 794
1528 705
1276 1187
1276 1172
198 1091
198 279
1570 869
1570 1601
66 149
66 1026
653 1486
653 192
896 330
896 573
278 747
278 1157
1689 1707
1689 701
1735 2042
1735 1969
260 1081
260 205
752 381
752 1344
235 917
235 1351
708 1262
708 676
1980 1733
1980 1767
1329 658
1329 546
2006 1883
2006 838
50 366
50 1618
30 1552
30 940
652 1896
652 1374
328 632
328 26
1777 454
1777 1446
161 734
161 1694
513 1740
513 21
1790 1243
1790 370
564 1818
564 1134
1645 1687
1645 941
1232 1286
1232 32
973 253
973 1690
134 788
134 826
789 1283
789 1222
221 80
221 1238
1710 814
1710 525
753 1171
753 234
1709 1598
1709 773
857 622
857 435
106 1378
106 83
1576 1058
1576 1632
1642 736
1642 1169
1327 1804
1327 1450
1941 22
1941 792
459 883
459 1569
290 1783
290 79
791 796
791 140
243 1962
243 178
1826 405
1826 900
227 1146
227 906
257 1599
257 1110
181 447
181 1064
930 232
930 643
452 1534
452 570
379 86
379 1406
208 948
208 993
928 2014
928 455
1809 851
1809 1176
1384 699
1384 781
386 720
386 648
392 111
392 584
757 1381
757 829
125 1455
125 1389
1712 273
1712 1298
1651 1512
1651 508
1800 242
1800 1409
1947 881
1947 1586
1511 1186
1511 1342
1918 1015
1918 1246
431 547
431 1771
1748 407
1748 778
816 2000
816 976
724 1820
724 740
326 1158
326 1050
1575 156
1575 772
1415 1506
1415 1347
136 1908
136 135
1464 539
1464 1112
1482 1808
1482 908
1775 1147
1775 147
1991 307
1991 222
1345 372
1345 587
1121 2027
1121 1387
1330 471
1330 1909
1224 1626
1224 200
2 1853
2 519
987 545
987 1746
979 2047
979 998
1563 1624
1563 889
1063 1017
1063 1175
1670 841
1670 207
189 1573
189 1217
36 1211
36 1895
1983 1669
1983 1465
1404 798
1404 775
992 108
992 2045
956 174
956 1128
853 1196
853 251
1202 1398
1202 129
333 1174
333 839
240 1879
240 1440
219 1495
219 193
731 870
731 1802
1621 1469
1621 1848
1891 1770
1891 549
1676 215
1676 1194
864 1723
864 733
625 1184
625 771
677 910
677 1863
989 62
989 554
404 1806
404 1973
964 1225
964 1082
237 206
237 275
1701 1574
1701 126
1364 480
1364 1823
347 1370
347 2007
102 1844
102 1721
1956 1490
1956 707
409 871
409 150
473 1301
473 172
1467 1244
1467 225
685 1
685 1602
1098 1492
1098 675
704 1541
704 872
1391 1065
1391 755
38 766
38 1250
1135 563
1135 158
1223 8
1223 887
899 659
899 255
2034 1554
2034 1974
1367 2002
1367 971
903 403
903 727
1426 1505
1426 611
1182 277
1182 861
1612 1408
1612 343
1360 376
1360 190
81 127
81 1393
53 1668
53 1849
241 1593
241 428
1509 983
1509 296
1324 367
1324 1519
2004 1911
2004 1919
1581 1874
1581 594
822 176
822 263
612 248
612 646
717 1397
717 1622
1673 1037
1673 1354
228 1944
228 457
1757 1526
1757 1444
1472 67
1472 1885
414 1130
414 96
680 862
680 1314
845 182
845 901
1518 1027
1518 942
43 104
43 75
254 23
254 1931
849 2001
849 1529
315 859
315 1369
1722 500
1722 712
1734 410
1734 154
1254 173
1254 951
1416 950
1416 617
1349 1429
1349 683
497 400
497 1553
639 1717
639 692
398 463
398 288
259 2035
259 29
1957 797
1957 750
963 1096
963 544
223 1945
223 1617
103 1752
103 1750
885 148
885 1040
590 1265
590 1784
1625 715
1625 562
725 1123
725 327
996 1985
996 1628
1798 1100
1798 571
1247 350
1247 959
1236 1894
1236 1038
1681 2040
1681 309
1703 344
1703 40
1315 1584
1315 84
498 635
498 1953
218 1682
218 77
1220 1914
1220 9
272 578
272 1431
867 686
867 593
1847 209
1847 1996
73 768
73 1583
226 586
226 145
1882 1313
1882 1047
1151 92
1151 504
1960 1221
1960 1032
1270 1842
1270 1242
1656 1995
1656 1940
1372 1831
1372 674
618 995
618 1562
1743 382
1743 1438
1155 1010
1155 619
493 462
493 2023
130 1966
130 1316
532 1457
532 1538
569 1432
569 460
55 390
55 817
696 572
696 320
229 1542
229 965
484 90
484 657
466 1773
466 1851
266 1832
266 1523
765 171
765 760
445 799
445 749
510 373
510 1886
540 433
540 2012
782 2031
782 105
1869 801
1869 943
1878 1005
1878 931
1858 142
1858 767
1772 491
1772 615
1981 1437
1981 737
1686 1484
1686 360
742 1054
742 1927
1819 1228
1819 529
166 424
166 440
1915 1813
1915 994
1814 99
1814 252
184 793
184 1532
1732 374
1732 1498
1424 1685
1424 406
1856 1888
1856 1127
289 914
289 626
847 640
847 1890
1478 338
1478 1413
1500 310
1500 199
490 1917
490 644
1266 1394
1266 1805
935 703
935 417
974 456
974 1873
509 1525
509 1285
693 1104
693 1605
1154 141
1154 556
39 824
39 1103
1862 1165
1862 1727
1887 25
1887 1041
1989 1629
1989 911
840 1388
840 1984
1230 823
1230 784
349 714
349 204
1876 7
1876 972
437 363
437 119
1711 521
1711 17
1411 1097
1411 785
1359 107
1359 1106
482 394
482 1663
59 1205
59 662
475 1793
475 1140
827 1510
827 514
132 429
132 301
1870 423
1870 115
341 54
341 1988
323 118
323 3
1163 1401
1163 48
1533 1920
1533 1474
1608 1494
1608 527
1433 673
1433 967
15 682
15 314
1170 354
1170 1653
436 1892
436 1930
302 1459
302 1565
1766 1177
1766 1092
1999 2015
1999 1884
357 179
357 630
306 922
306 1952
531 1269
531 738
969 1189
969 598
1834 337
1834 1198
1113 1079
1113 777
991 1824
991 1524
1281 559
1281 128
1470 1390
1470 1959
384 663
384 1120
211 1904
211 1087
524 1014
524 1816
1659 1392
1659 523
1417 837
1417 1480
1667 1864
1667 613
316 1352
316 230
666 1252
666 642
1191 303
1191 1256
1075 1229
1075 1016
434 1095
434 486
1323 1801
1323 1488
95 744
95 1282
975 1126
975 294
1595 809
1595 1897
1949 815
1949 1591
68 416
68 94
280 1760
280 368
1061 345
1061 1023
1756 672
1756 560
396 538
396 1658
691 860
691 169
329 919
329 597
1310 748
1310 1451
1293 520
1293 1674
1561 249
1561 1258
1938 389
1938 1261
1990 602
1990 1006
1763 109
1763 1434
185 886
185 261
364 702
364 1606
2022 1580
2022 511
319 534
319 1758
299 1237
299 2028
516 1468
516 1755
304 1875
304 1678
579 31
579 664
2021 1248
2021 1183
1811 627
1811 836
1840 177
1840 1162
621 238
621 698
1951 1640
1951 694
422 1004
422 1125
1865 1116
1865 1148
1582 905
1582 69
385 438
385 1502
1376 474
1376 1139
1088 1441
1088 210
1729 892
1729 1587
1107 1540
1107 1613
78 807
78 1762
1493 231
1493 16
1683 1836
1683 923
286 1035
286 1461
1979 1830
1979 496
2043 1747
2043 616
1399 2039
1399 1400
1427 285
1427 60
153 960
153 806
552 1719
552 1527
1680 790
1680 1271
828 1684
828 1637
88 1436
88 34
41 601
41 713
968 1133
968 33
1794 580
1794 550
1585 1675
1585 1950
1362 1292
1362 634
1132 1115
1132 1089
1257 1718
1257 700
876 1738
876 412
844 1515
844 1251
1724 1501
1724 1827
1122 1992
1122 358
1902 1039
1902 1003
1513 1901
1513 413
1200 916
1200 1299
1636 1789
1636 292
1835 1779
1835 300
819 325
819 1817
589 1782
589 1807
877 1454
877 1559
187 1168
187 756
1520 1101
1520 170
1943 1152
1943 331
1958 91
1958 27
124 1610
124 1736
10 1318
10 1055
1117 1929
1117 1234
1907 536
1907 133
183 1322
183 144
250 1241
250 1611
1028 1764
1028 1277
1774 503
1774 1596
1968 1056
1968 1136
1020 116
1020 808
45 1571
45 926
121 1240
121 868
481 175
481 162
100 873
100 1942
980 530
980 1045
120 1119
120 1328
990 1630
990 202
427 986
427 4
761 1448
761 164
1692 515
1692 945
1209 1550
1209 1435
1975 1185
1975 1297
946 465
946 1696
201 711
201 267
1615 477
1615 575
57 1982
57 1305
1714 1377
1714 188
1607 1007
1607 1031
2010 336
2010 1578
865 966
865 1504
1769 1620
1769 1290
1972 1188
1972 1068
495 1043
495 137
606 450
606 216
561 1665
561 2038
1253 1928
1253 1964
722 1483
722 780
1203 291
1203 526
1925 912
1925 262
929 1725
929 592
1572 1201
1572 1846
1796 932
1796 574
716 803
716 388
1546 476
1546 1872
582 151
582 1458
637 1635
637 1564
542 783
542 1491
999 1057
999 1334
217 1233
217 1142
28 769
28 425
1356 1545
1356 1430
19 745
19 488
1164 98
1164 1291
352 854
352 1954
14 1137
14 1994
449 1926
449 1900
2017 820
2017 1855
1062 1679
1062 1309
56 1365
56 322
1560 958
1560 1946
581 2036
581 895
1728 551
1728 811
446 1473
446 283
1326 898
1326 1036
13 143
13 710
558 1937
558 1638
1294 1051
1294 934
1742 1654
1742 512
1948 1395
1948 461
1275 444
1275 46
270 709
270 369
1589 1833
1589 1535
1649 1903
1649 1705
852 728
852 1998
1193 1797
1193 375
1639 1080
1639 1837
214 1030
214 588
112 342
112 1871
72 2041
72 1403
