3 2371 388682
3 2
3 1
1342 826
1342 1917
826 2210
826 2160
2210 362
2210 1752
362 873
362 471
873 146
873 1933
146 1275
1275 2188
1275 2300
2188 2324
2188 1841
2324 356
2324 2234
356 510
356 100
510 571
571 962
571 501
962 1145
1145 2251
1145 1366
2251 1862
2251 1764
1862 1882
1882 1909
1882 2215
1909 1055
1055 1920
1055 425
1920 944
1920 552
944 2090
944 603
2090 1581
2090 251
1581 2084
2084 1751
2084 2347
1751 222
1751 1109
222 1527
1527 216
216 1443
216 950
1443 1809
1809 2164
1809 654
2164 479
2164 759
479 556
556 1168
556 2321
1168 1554
1554 338
338 1859
338 2350
1859 1002
1002 15
15 2297
15 779
2297 1750
1750 1369
1750 887
1369 2201
2201 36
36 1636
36 2128
1636 728
728 1650
1650 423
1650 878
423 1007
423 92
1007 1627
1007 2318
1627 385
385 1867
385 1558
1867 2326
1867 204
2326 1853
2326 2222
1853 142
1853 1223
142 689
142 2023
689 1510
689 2267
1510 2183
2183 1496
2183 1220
1496 1289
1289 1446
1446 906
1446 2197
906 57
906 1416
57 630
57 1051
630 2105
2105 1701
2105 1591
1701 298
298 2112
298 762
2112 2198
2198 487
2198 1452
487 1237
1237 661
1237 1990
661 2253
2253 275
2253 1827
275 1333
275 308
1333 1494
1333 180
1494 1450
1494 461
1450 2159
1450 2011
2159 1465
2159 2076
1465 2352
1465 1553
2352 1945
1945 1128
1128 1532
1128 584
1532 1035
1035 1102
1102 273
273 1126
273 141
1126 14
14 1548
14 1930
1548 1881
1881 677
1881 1071
677 1583
677 1431
1583 890
890 537
890 2208
537 1436
537 284
1436 620
1436 1957
620 1167
620 256
1167 419
1167 1977
419 233
419 2009
233 866
866 702
702 1307
1307 1460
1460 302
302 865
302 2294
865 113
865 2224
113 1534
113 2017
1534 845
1534 1022
845 1296
1296 143
1296 732
143 909
909 1674
1674 2364
1674 1018
2364 628
2364 74
628 957
957 770
957 2225
770 304
770 670
304 992
992 1507
1507 98
1507 796
98 258
98 1652
258 1033
1033 441
1033 1665
441 1399
1399 871
871 1226
1226 607
1226 1317
607 549
549 2141
2141 988
988 1540
988 1998
1540 714
1540 2206
714 1282
1282 1863
1863 664
664 1715
664 2092
1715 2101
1715 198
2101 286
286 2285
2285 42
2285 1449
42 1455
1455 857
1455 1725
857 1498
857 1392
1498 727
1498 399
727 440
440 2242
440 2030
2242 668
2242 1720
668 709
668 1504
709 1928
709 604
1928 924
1928 529
924 938
938 2170
938 340
2170 1716
2170 968
1716 655
1716 1313
655 1668
655 2271
1668 2010
1668 671
2010 1625
2010 2079
1625 718
1625 407
718 287
718 1576
287 244
287 1424
244 1621
1621 163
1621 1709
163 699
163 1358
699 662
662 382
382 717
382 2094
717 525
717 89
525 1861
525 1555
1861 1479
1479 900
900 82
82 518
82 335
518 2223
2223 306
306 380
380 998
380 2303
998 527
998 838
527 1031
1031 210
1031 925
210 1065
210 1801
1065 1407
1065 910
1407 787
787 2328
2328 1453
2328 1322
1453 2108
2108 2298
2108 2195
2298 290
2298 541
290 223
290 555
223 482
223 1191
482 2065
2065 2169
2169 2
2169 744
2 1984
2 1982
1984 23
1984 780
23 443
23 1295
443 1643
443 1159
1643 913
913 923
923 1371
923 475
1371 253
1371 24
253 578
253 841
578 1413
578 832
1413 321
321 1919
1919 889
1919 1635
889 1795
1795 1696
1795 856
1696 660
1696 1083
660 1678
660 1442
1678 1589
1589 817
1589 1482
817 879
879 657
879 1315
657 1743
1743 2072
2072 1796
2072 682
1796 2167
2167 1759
1759 2258
1759 564
2258 1580
1580 1663
1663 602
1663 1785
602 1691
1691 647
1691 1608
647 2365
2365 569
569 1017
569 1994
1017 1727
1727 942
942 1420
942 1810
1420 171
171 1224
171 1780
1224 1726
1224 1248
1726 680
1726 1771
680 827
680 1857
827 2186
2186 39
2186 495
39 911
911 345
911 1690
345 2150
345 1804
2150 377
377 1015
377 2263
1015 1150
1150 263
263 1757
1757 696
1757 1360
696 797
696 2228
797 432
797 676
432 1186
1186 813
813 1084
1084 1396
1396 977
1396 1763
977 1267
1267 1316
1267 312
1316 1039
1316 1139
1039 2283
1039 1251
2283 1979
2283 1566
1979 1136
1136 1049
1136 177
1049 1069
1049 558
1069 1524
1524 1593
1524 1523
1593 217
1593 2256
217 1164
1164 358
358 650
358 743
650 187
650 1008
187 252
252 2182
252 409
2182 1879
2182 1702
1879 1408
1879 95
1408 1671
1408 599
1671 137
137 1505
137 1598
1505 12
12 883
883 1962
883 640
1962 1133
1133 439
439 611
611 1973
1973 1394
1394 1341
1341 1803
1341 1257
1803 2204
1803 2078
2204 1808
1808 2214
1808 1179
2214 391
391 1209
1209 1124
1209 162
1124 2055
2055 350
2055 341
350 1768
350 1719
1768 587
587 1187
1187 643
643 1684
1684 597
597 488
488 1356
1356 1520
1520 239
239 927
927 1996
927 509
1996 2049
1996 1271
2049 234
234 2025
2025 737
737 1285
1285 1353
1353 28
1353 18
28 486
486 376
376 1559
376 1956
1559 1685
1559 1958
1685 1110
1110 1032
1110 310
1032 226
1032 132
226 1654
1654 2144
1654 1367
2144 693
2144 199
693 613
693 1823
613 121
121 1818
1818 590
1818 1339
590 1899
1899 618
618 348
348 1475
348 9
1475 1975
1475 372
1975 726
1975 330
726 90
90 1569
90 617
1569 2362
2362 1887
2362 224
1887 980
980 820
980 918
820 986
820 897
986 1100
986 1241
1100 1147
1100 1774
1147 1140
1147 401
1140 1003
1140 941
1003 240
240 1677
240 1092
1677 1086
1677 138
1086 384
384 373
384 429
373 1518
1518 1091
1518 1946
1091 1604
1604 119
119 1723
1723 984
984 1733
984 1428
1733 271
271 478
271 1543
478 591
591 2100
591 1938
2100 861
2100 293
861 504
504 116
116 172
172 1761
172 355
1761 2227
1761 1160
2227 1217
1217 2343
1217 1781
2343 2013
2343 1468
2013 1618
1618 165
1618 1918
165 1508
1508 2296
2296 1647
1647 1303
1303 1620
1303 2012
1620 776
1620 459
776 54
54 2071
54 1537
2071 148
148 1203
148 188
1203 346
346 666
346 2322
666 445
666 1009
445 2181
2181 421
421 1615
1615 782
1615 1089
782 547
782 908
547 1906
1906 326
326 1286
326 738
1286 2261
1286 1499
2261 2366
2366 750
750 1683
1683 2041
1683 1344
2041 903
2041 2230
903 1706
903 814
1706 995
995 612
612 2348
612 2073
2348 1192
2348 1772
1192 1323
1192 1596
1323 575
1323 562
575 723
575 2278
723 1393
723 1680
1393 704
1393 257
704 688
688 1045
688 1997
1045 1968
1045 1579
1968 1391
1391 1509
1391 1724
1509 1811
1509 2001
1811 1395
1395 534
1395 516
534 1619
534 1544
1619 1806
1806 1108
1108 815
815 993
815 1148
993 1792
993 757
1792 189
189 1515
189 1375
1515 1995
1995 447
447 1592
1592 895
895 1195
1195 178
178 1889
178 2083
1889 1486
1889 47
1486 473
473 1304
473 1514
1304 1406
1304 772
1406 247
247 1600
247 2330
1600 1338
1338 695
1338 438
695 181
181 807
181 72
807 1673
1673 2220
1673 1934
2220 1166
1166 837
837 2003
2003 1644
2003 2244
1644 2034
1644 1188
2034 1626
2034 17
1626 1631
1626 19
1631 413
413 436
436 1705
436 1935
1705 1440
1440 1061
1440 565
1061 2050
2050 2241
2050 2268
2241 2202
2202 1735
2202 683
1735 1734
1735 1432
1734 1943
1734 959
1943 2173
1943 420
2173 1447
2173 1676
1447 159
159 1096
1096 1836
1096 41
1836 2138
1836 1365
2138 2024
2138 1597
2024 1218
2024 1547
1218 553
553 775
553 936
775 1839
1839 145
145 1197
1197 66
1197 2229
66 2368
66 2119
2368 1927
2368 1992
1927 129
1927 195
129 277
129 2340
277 353
277 2179
353 1821
353 206
1821 1739
1821 875
1739 1829
1739 500
1829 819
1829 1493
819 2135
819 1843
2135 1732
1732 635
635 2292
635 858
2292 561
561 644
644 270
644 1749
270 1967
1967 1557
1967 1760
1557 7
7 169
7 107
169 2153
2153 309
2153 1471
309 2301
309 320
2301 1571
2301 35
1571 712
712 1211
712 1800
1211 1783
1211 935
1783 370
370 1833
1833 754
1833 930
754 829
754 755
829 658
658 868
658 947
868 4
868 1513
4 1122
1122 964
1122 1048
964 1269
964 1813
1269 2277
1269 846
2277 201
201 801
801 164
801 1533
164 474
474 1359
1359 685
685 190
190 761
761 2140
761 2289
2140 579
2140 1421
579 1260
579 862
1260 576
576 1258
576 840
1258 2284
2284 2363
2284 884
2363 1612
1612 1451
1451 1484
1451 956
1484 989
989 33
33 317
33 594
317 1374
317 1972
1374 598
1374 1713
598 1590
598 532
1590 1974
1974 1704
1974 2209
1704 2118
1704 535
2118 1825
2118 1703
1825 2357
2357 833
2357 1688
833 52
52 1893
1893 1072
1893 246
1072 1753
1072 1292
1753 1766
1766 103
1766 1328
103 1500
103 1865
1500 2349
2349 86
2349 2176
86 192
192 746
746 2005
2005 2088
2088 1462
2088 1850
1462 2320
2320 1388
1388 1427
1388 1869
1427 921
1427 818
921 1854
921 1487
1854 1370
1854 1901
1370 1363
1370 2287
1363 1068
1068 978
978 379
978 828
379 1603
379 2077
1603 2147
1603 1985
2147 2058
2147 291
2058 1805
1805 520
520 550
520 1234
550 255
550 1180
255 397
397 812
397 967
812 2031
2031 140
2031 1656
140 2272
140 1791
2272 1875
2272 1649
1875 1939
1875 1021
1939 1623
1623 477
477 79
477 1736
79 1172
1172 713
713 1793
1793 213
213 1390
1390 364
1390 791
364 2226
2226 1832
1832 205
205 242
242 1063
1063 2194
2194 1687
1687 1729
1729 1577
1729 1373
1577 1993
1993 972
972 442
972 774
442 1754
442 56
1754 1270
1270 1606
1606 899
899 1038
1038 2279
2279 1737
1737 232
232 799
799 1670
1670 945
945 1568
1568 2316
2316 1302
1302 2212
2212 405
2212 1693
405 2043
405 1929
2043 1214
1214 922
1214 2095
922 1141
922 2175
1141 337
1141 1334
337 2190
2190 2099
2190 2126
2099 2120
2120 741
741 1602
741 2020
1602 933
1602 303
933 1004
1004 1030
1030 27
1030 2338
27 1756
1756 2367
1756 150
2367 2047
2047 229
229 973
229 1306
973 729
729 1053
729 1903
1053 1064
1064 939
1064 1435
939 120
120 1789
120 2029
1789 2243
2243 720
2243 1601
720 745
745 1107
1107 1411
1107 940
1411 2269
2269 182
182 1255
182 1120
1255 2121
2121 1477
1477 1294
1294 2067
2067 454
454 1658
1658 1556
1556 1085
1556 1538
1085 1355
1355 526
1355 422
526 1708
1708 484
484 965
484 1058
965 1525
1525 1112
1112 1261
1261 626
626 1883
626 48
1883 1346
1346 1916
1916 122
1916 1506
122 2332
2332 1831
1831 2235
2235 2308
2235 1467
2308 173
2308 106
173 1212
173 404
1212 53
1212 1184
53 1293
1293 1965
1965 1516
1516 1215
1215 1784
1784 1614
1614 453
453 375
453 1886
375 1629
375 174
1629 721
721 1397
1397 2351
2351 249
2351 2231
249 932
932 153
153 2257
2257 2053
2053 387
2053 11
387 2033
387 893
2033 360
360 1541
360 1931
1541 961
1541 2166
961 400
961 966
400 615
400 408
615 1178
1178 1335
1178 267
1335 197
197 928
197 1253
928 648
928 264
648 179
179 1954
179 322
1954 1144
1144 803
1144 2335
803 1117
803 1586
1117 1418
1117 979
1418 1980
1418 1941
1980 580
580 2333
2333 196
196 517
196 55
517 608
608 2089
2089 1439
1439 1345
1345 1521
1345 2193
1521 1911
1911 1200
1911 1495
1200 778
1200 2046
778 183
183 543
543 207
543 816
207 2004
2004 691
2004 2036
691 1459
1459 128
128 1501
128 32
1501 730
1501 1714
730 793
730 1422
793 1782
1782 1154
1782 629
1154 1503
1503 1361
1361 1905
1905 747
747 1963
1963 1204
1204 2060
1204 1382
2060 715
2060 1426
715 1950
1950 1470
1470 1138
1138 1151
1151 2133
2133 1844
2133 1595
1844 1152
1844 1526
1152 1632
1632 1902
1902 1582
1582 1278
1582 1379
1278 1698
1278 363
1698 835
835 2028
835 1343
2028 2143
2143 1044
2143 21
1044 2280
1044 1288
2280 585
585 1531
1531 1770
1531 1669
1770 792
1770 554
792 735
792 245
735 2096
735 1730
2096 1012
1012 811
811 1034
1034 2336
1034 1786
2336 636
636 1640
636 592
1640 2007
2007 971
2007 1000
971 433
433 1528
433 1976
1528 1149
1528 1949
1149 109
109 228
228 366
228 991
366 215
215 465
215 1885
465 1230
1230 1828
1230 313
1828 1616
1616 1456
1616 1161
1456 1398
1398 1314
1398 707
1314 955
1314 1895
955 1814
1814 2299
2299 339
2299 934
339 1851
339 1551
1851 331
1851 1024
331 610
610 2125
2125 1646
2125 1287
1646 294
1646 481
294 697
697 492
492 1834
492 864
1834 2045
2045 804
804 2245
804 2252
2245 318
2245 2276
318 2157
2157 1483
1483 1364
1364 194
194 1775
194 2074
1775 974
974 1952
974 1176
1952 8
8 1822
8 651
1822 1380
1822 2151
1380 369
369 1765
1765 1057
1057 458
1057 292
458 969
458 1679
969 1536
969 891
1536 406
1536 1530
406 667
667 589
667 1490
589 512
512 480
512 1988
480 1855
1855 2149
2149 1106
1106 265
1106 874
265 2200
265 809
2200 2155
2200 127
2155 1430
2155 2109
1430 905
905 434
434 343
434 2178
343 2122
343 524
2122 1718
1718 468
1718 327
468 1348
468 2314
1348 2146
2146 2080
2080 1036
2080 1675
1036 1617
1036 701
1617 843
843 10
10 920
10 2311
920 2355
2355 885
2355 2075
885 672
885 1232
672 2207
2207 1320
2207 1519
1320 765
1320 1779
765 2106
765 2216
2106 268
268 1849
1849 2199
2199 1926
1926 1163
1926 530
1163 60
60 1942
1942 810
1942 1987
810 1093
810 781
1093 1474
1093 1326
1474 705
705 2337
2337 2282
2337 389
2282 26
2282 467
26 2070
26 1043
2070 1130
2070 62
1130 917
1130 1162
917 2295
2295 191
2295 1137
191 1125
191 2111
1125 403
403 1497
403 1005
1497 111
111 1311
1311 975
975 790
975 830
790 1888
1888 1006
1888 748
1006 982
982 300
300 446
300 1485
446 1549
446 1298
1549 997
997 583
583 266
266 88
88 872
88 999
872 2312
872 489
2312 725
725 886
886 1463
1463 1297
1297 760
1297 1324
760 49
760 916
49 236
49 1788
236 299
236 1156
299 825
825 528
825 2066
528 2006
2006 960
960 2270
960 1868
2270 931
931 1560
1560 563
1560 1277
563 681
563 1746
681 1196
681 855
1196 1158
1158 1921
1921 2192
1921 788
2192 278
278 2134
278 315
2134 1798
2134 1630
1798 1262
1262 958
1262 937
958 694
694 1013
1013 1860
1860 368
368 1915
368 1634
1915 1259
1915 646
1259 1924
1259 994
1924 175
175 20
20 1594
20 609
1594 1742
1594 2187
1742 31
31 1852
1852 1464
1852 1845
1464 63
63 77
77 1686
1686 892
1686 1400
892 65
892 248
65 1216
1216 842
1216 2104
842 1027
842 802
1027 1321
1321 2302
2302 449
449 455
455 470
455 1190
470 1352
470 1384
1352 1246
1246 2172
1246 1491
2172 2239
2239 996
2239 1235
996 336
336 692
692 1101
1101 1637
1637 1838
1838 1689
1689 946
1689 948
946 102
946 1423
102 398
102 2035
398 214
214 1074
1074 1401
1074 97
1401 101
1401 742
101 1747
1747 85
85 2191
85 1229
2191 34
2191 848
34 383
383 1846
383 987
1846 371
371 70
70 428
70 1721
428 418
428 1522
418 2052
2052 285
2052 136
285 1461
1461 1299
1461 2087
1299 1266
1299 76
1266 1300
1300 1113
1300 1219
1113 1947
1947 1871
1871 1417
1871 567
1417 305
305 2015
2015 736
736 2260
736 1183
2260 1047
2260 1221
1047 280
280 151
280 1574
151 777
151 2018
777 2037
2037 1840
2037 711
1840 1873
1873 250
250 1891
1891 1233
1233 619
619 427
427 1319
427 2114
1319 1955
1955 2000
1955 1330
2000 1331
1331 1143
1143 402
1143 2331
402 1011
1011 2136
2136 1263
2136 1134
1263 381
1263 1415
381 114
114 533
533 639
533 1070
639 2132
2132 523
523 29
29 1310
1310 1202
1202 1692
1692 1923
1692 1318
1923 877
877 2325
2325 551
2325 822
551 218
218 84
84 392
392 656
656 1119
656 616
1119 1312
1119 869
1312 1066
1312 154
1066 733
733 2304
2304 184
2304 457
184 570
184 1991
570 1094
1094 80
1094 493
80 1728
1728 333
333 1010
333 2290
1010 513
1010 751
513 2250
513 193
2250 463
2250 1622
463 716
463 1707
716 1610
716 572
1610 976
1610 508
976 1243
976 67
1243 61
61 614
614 1588
614 2344
1588 324
324 1059
1059 1118
1118 1256
1118 2156
1256 1208
1208 1910
1208 94
1910 515
515 152
515 115
152 1824
1824 836
1824 2286
836 756
836 1878
756 2048
2048 2233
2233 498
2233 104
498 1281
1281 1660
1281 2240
1660 155
1660 1940
155 983
983 359
983 753
359 167
359 1121
167 45
167 2274
45 2154
2154 1657
2154 357
1657 1776
1776 1877
1877 1773
1773 314
314 1651
1651 1174
1651 2184
1174 2116
1174 1206
2116 1953
2116 963
1953 690
1953 1026
690 361
361 1362
1362 202
202 108
202 1329
108 58
58 279
58 1403
279 687
687 850
687 593
850 110
850 1376
110 43
43 1054
1054 158
1054 2309
158 645
645 2180
645 2305
2180 1744
2180 262
1744 2115
2115 176
2115 451
176 282
176 118
282 739
282 1132
739 71
739 1529
71 1273
71 212
1273 254
254 1123
254 5
1123 808
1123 773
808 1816
808 1570
1816 566
566 2152
566 839
2152 1797
1797 1389
1797 1641
1389 1672
1389 1458
1672 665
1672 351
665 652
665 1802
652 581
581 2236
581 2275
2236 907
2236 2130
907 1767
1767 396
1767 1563
396 6
6 1381
6 1489
1381 2062
1381 1876
2062 659
659 1207
1207 880
1207 1970
880 230
880 2334
230 1964
1964 2248
1964 1249
2248 1609
2248 1372
1609 466
1609 673
466 431
431 1385
1385 1067
1067 806
1067 914
806 1173
806 1250
1173 823
1173 1769
823 1898
823 674
1898 1611
1898 1090
1611 243
243 1419
1419 2319
1419 123
2319 2057
2319 2139
2057 631
631 2097
631 1567
2097 2137
2097 2342
2137 2370
2370 281
281 1565
281 632
1565 1552
1552 51
1552 882
51 731
731 740
731 542
740 560
740 1165
560 503
503 30
30 1710
30 332
1710 1175
1175 896
896 1247
1247 800
800 1762
800 1717
1762 1914
1914 40
1914 1662
40 669
40 2014
669 586
669 147
586 2254
586 1127
2254 1989
1989 582
1989 1572
582 2142
2142 2085
2142 2082
2085 3
3 393
3 1986
393 1755
393 415
1755 1079
1079 2281
1079 390
2281 559
2281 1340
559 50
50 1301
1301 1587
1301 1169
1587 1457
1457 2158
1457 1731
2158 1268
1268 1046
1046 1830
1046 38
1830 789
789 1711
789 786
1711 511
511 637
637 2113
2113 208
208 1240
1240 1638
1240 160
1638 1368
1368 1922
1922 297
297 1884
297 706
1884 1105
1884 821
1105 1564
1105 2323
1564 329
1564 2093
329 334
329 134
334 1932
334 783
1932 2361
2361 876
2361 1517
876 1578
1578 1745
1745 1758
1758 2291
1758 1252
2291 1201
1201 1225
1201 289
1225 59
1225 1309
59 238
238 514
514 634
514 1434
634 1075
634 1182
1075 870
1075 577
870 734
734 1037
734 1404
1037 1639
1037 2189
1639 1284
1284 1433
1433 1189
1433 1476
1189 1812
1189 44
1812 235
1812 1870
235 221
235 157
221 1336
1336 1056
1056 1633
1633 22
22 1961
22 1016
1961 1561
1561 1228
1561 2327
1228 2249
2249 684
2249 319
684 1847
1847 1349
1847 1478
1349 437
1349 352
437 1357
437 2259
1357 2265
2265 1539
2265 1912
1539 1584
1584 1052
1052 1664
1664 953
953 344
344 2022
2022 2221
2022 1412
2221 1550
1550 83
1550 601
83 764
764 1351
1351 2264
1351 902
2264 1469
2264 161
1469 328
328 2044
2044 1347
1347 1894
1894 1983
1983 1095
1983 663
1095 168
168 494
168 1777
494 1700
494 752
1700 653
1700 853
653 499
499 1951
1951 1473
1951 25
1473 1019
1019 1642
1642 531
1642 131
531 1104
531 1041
1104 2339
1104 544
2339 795
795 1535
795 1194
1535 1244
1535 573
1244 522
1244 854
522 981
981 426
981 2346
426 1077
1077 126
126 519
519 64
64 540
64 633
540 1325
540 1856
1325 1193
1193 424
1193 622
424 99
424 260
99 1354
99 568
1354 1410
1354 1820
1410 951
1410 851
951 2039
951 625
2039 679
2039 1937
679 497
497 283
497 1472
283 1605
1605 450
1605 241
450 1697
450 130
1697 1545
1545 954
954 2353
2353 1897
1897 1480
1897 595
1480 1185
1480 2081
1185 2238
1185 75
2238 888
2238 1444
888 2293
888 929
2293 1585
2293 87
1585 2117
2117 1648
1648 2019
1648 276
2019 536
2019 507
536 1146
1146 311
1146 538
311 1722
311 1429
1722 2237
1722 2148
2237 2086
2086 1655
2086 133
1655 1414
1655 388
1414 1694
1694 1177
1177 231
1177 2307
231 1402
1402 2161
1402 1546
2161 435
435 2219
2219 1327
1327 2203
1327 2131
2203 763
763 68
763 1199
68 2021
2021 73
73 521
521 2247
521 546
2247 2217
2217 1378
1378 2098
1378 456
2098 2341
2098 623
2341 1103
1103 91
91 1712
91 1153
1712 81
81 2246
2246 1645
1645 2061
1645 374
2061 502
2061 990
502 2315
2315 1666
1666 1819
1666 2163
1819 2069
2069 1231
1231 269
1231 1274
269 2218
269 365
2218 2059
2059 78
2059 144
78 1799
78 784
1799 708
708 149
708 627
149 2032
149 1029
2032 430
430 395
430 844
395 1198
1198 2369
1198 898
2369 476
2369 621
476 1787
1787 758
758 1573
1573 462
462 719
719 1078
1078 1880
1078 1959
1880 203
1880 13
203 1502
1502 378
378 624
624 1242
1242 2107
1242 638
2107 970
2107 1014
970 156
156 96
96 2185
96 1907
2185 237
237 1111
1111 469
1111 2313
469 316
316 1892
1892 1826
1826 200
200 2232
200 1981
2232 414
414 288
414 124
288 785
785 1129
1129 1908
1908 749
1908 1794
749 1864
1864 2205
1864 771
2205 1695
2205 605
1695 166
1695 1305
166 2168
166 805
2168 105
2168 1960
105 1280
1280 185
185 847
847 261
261 2356
261 901
2356 649
2356 112
649 1448
649 1409
1448 2177
2177 2317
2317 798
2317 831
798 1896
1896 1511
1511 1778
1778 1628
1778 411
1628 1925
1925 410
1925 600
410 859
859 1082
1082 2127
2127 1155
2127 323
1155 867
1155 1653
867 642
642 1667
642 949
1667 1042
1667 1001
1042 1236
1042 417
1236 505
1236 1492
505 1308
1308 1350
1308 724
1350 483
483 342
483 698
342 1969
1969 700
700 834
834 1157
1157 227
1157 1205
227 1842
227 2358
1842 722
1842 2288
722 69
69 349
349 1222
349 1437
1222 1171
1171 2026
1171 1858
2026 943
943 852
852 1377
1377 1290
1377 2123
1290 1181
1181 1607
1181 1624
1607 1020
1020 444
1020 1512
444 93
93 2213
93 1210
2213 1466
1466 1383
1466 2063
1383 2064
1383 448
2064 490
490 703
703 1272
1272 596
1272 588
596 1131
596 394
1131 1386
1131 824
1386 1835
1835 1659
1659 1279
1659 1142
1279 2255
2255 37
2255 2306
37 766
766 2038
766 686
2038 985
2038 1088
985 1227
985 2042
1227 952
952 1613
952 641
1613 2051
1613 1073
2051 915
2051 2102
915 2211
2211 1332
1332 1848
1848 678
1848 1913
678 1081
1081 2145
1081 1936
2145 2310
2145 186
2310 1135
1135 2068
1135 416
2068 1971
2068 1661
1971 1080
1971 894
1080 301
1080 1944
301 1098
301 849
1098 1815
1098 506
1815 1291
1815 1170
1291 295
295 539
295 1062
539 2103
2103 2056
2103 225
2056 1239
2056 496
1239 117
1239 1599
117 1890
1890 209
1890 2360
209 2124
2124 767
767 2002
767 1076
2002 125
2002 272
125 1681
125 259
1681 1405
1405 557
557 2371
2371 1904
1904 606
1904 1978
606 860
860 2165
860 274
2165 710
710 2345
710 919
2345 2016
2345 1337
2016 1264
1264 1087
1264 1807
1087 2273
1087 170
2273 1050
2273 2262
1050 2162
1050 464
2162 412
2162 16
412 1575
1575 472
472 1699
1699 1114
1114 1817
1817 1438
1817 211
1438 1060
1060 1213
1060 325
1213 386
386 1874
1874 1454
1874 769
1454 912
1454 1238
912 545
912 2040
545 1387
1387 1837
1837 354
1837 1562
354 904
354 1441
904 1481
1481 1115
1481 1
1115 1116
1116 1866
1866 452
452 135
135 2110
2110 347
347 1099
347 2008
1099 548
548 46
46 1245
46 863
1245 2027
2027 2196
2196 1025
1025 367
1025 460
367 794
794 1254
794 307
1254 926
1254 1738
926 1682
926 139
1682 2174
2174 2129
2129 1741
1741 1542
1741 881
1542 1900
1900 2054
1900 1740
2054 1040
2054 2266
1040 219
219 1790
1790 768
1790 1445
768 2091
768 1283
2091 1023
2091 1425
1023 220
220 1872
1872 2329
2329 1999
1999 296
296 574
296 1097
574 675
675 2171
2171 2354
2354 1488
1488 2359
1488 491
2359 1748
2359 1265
1748 1966
1966 485
1966 1948
485 1028
485 1276
