9 2366 332662
2 1
1 3
3 9
9 6
6 8
6 5
8 7
7 4
1324 850
850 909
909 1730
909 1751
1730 129
129 469
469 1447
469 258
1447 987
987 327
327 1735
1735 1756
1735 1007
1756 133
1756 1417
133 964
133 2087
964 571
571 1892
571 1158
1892 600
1892 383
600 709
709 1805
709 515
1805 1098
1805 1863
1098 1310
1310 1350
1310 1306
1350 2187
1350 624
2187 1429
1429 2232
2232 2099
2099 100
100 1422
100 212
1422 1152
1422 1243
1152 2176
1152 335
2176 168
168 664
168 529
664 1927
1927 355
355 613
355 72
613 1941
1941 574
1941 1296
574 1699
1699 2225
1699 1808
2225 228
228 822
822 696
696 134
696 137
134 843
843 360
360 1518
360 328
1518 924
924 1095
924 75
1095 1728
1728 1700
1728 500
1700 1847
1847 2264
1847 381
2264 2290
2264 1502
2290 2295
2295 358
2295 60
358 2361
2361 555
2361 2009
555 1980
1980 2040
1980 1067
2040 285
285 2125
2125 1953
1953 725
1953 929
725 475
475 1138
1138 931
931 290
290 1077
290 969
1077 771
1077 1579
771 1857
1857 820
820 1026
820 646
1026 973
1026 1402
973 236
973 488
236 337
337 932
932 2226
932 856
2226 435
435 1323
1323 1258
1258 2177
2177 1304
1304 1488
1304 2033
1488 765
765 1727
1727 2333
1727 533
2333 351
2333 1339
351 1640
351 1312
1640 1990
1640 545
1990 2122
1990 26
2122 917
917 452
452 1933
1933 1779
1779 1872
1872 215
1872 947
215 639
215 2346
639 1593
639 1638
1593 2011
2011 1097
1097 44
44 506
44 2118
506 248
248 2195
248 1964
2195 859
2195 1261
859 1129
1129 2342
2342 1163
2342 2131
1163 304
1163 1831
304 2296
304 750
2296 2148
2148 1521
1521 792
792 2132
2132 2005
2005 1363
1363 1465
1363 158
1465 520
520 774
774 369
369 688
688 884
884 123
884 599
123 226
123 336
226 29
226 1140
29 2217
2217 684
2217 1002
684 540
540 2233
2233 747
747 257
747 396
257 705
257 1181
705 1221
1221 1742
1742 1479
1479 904
904 2084
904 1012
2084 2276
2084 1084
2276 1708
1708 319
1708 1149
319 1023
319 357
1023 546
546 1395
1395 812
1395 990
812 1916
1916 2252
2252 1645
2252 1698
1645 1042
1042 350
1042 223
350 2343
350 1160
2343 1516
2343 2287
1516 1784
1784 1921
1921 339
1921 494
339 245
245 398
245 233
398 1904
1904 1000
1904 1230
1000 82
82 786
82 1707
786 1836
786 138
1836 1246
1836 218
1246 1448
1448 1835
1835 1166
1835 1714
1166 2142
2142 1582
2142 986
1582 1983
1983 560
560 169
169 785
169 154
785 1775
785 1650
1775 203
203 1887
1887 2184
2184 467
467 1922
467 680
1922 1190
1922 1731
1190 1932
1190 614
1932 2070
1932 1945
2070 151
2070 1659
151 1227
151 1877
1227 2036
1227 922
2036 1551
1551 1729
1551 895
1729 697
1729 538
697 1988
1988 630
1988 1142
630 300
630 1147
300 1123
300 272
1123 1926
1123 443
1926 1993
1926 2171
1993 1519
1993 2266
1519 708
1519 1061
708 2180
2180 348
2180 179
348 1069
1069 1376
1376 184
1376 852
184 31
31 1405
1405 514
1405 1483
514 1772
1772 1143
1143 253
1143 194
253 2231
2231 1627
1627 176
176 1216
176 1225
1216 1520
1216 1412
1520 2105
2105 548
548 732
548 2029
732 1262
1262 59
1262 1559
59 1442
1442 197
197 1234
1234 1792
1234 1790
1792 1720
1720 1366
1366 2308
2308 2202
2308 220
2202 1034
1034 127
1034 702
127 2357
127 1427
2357 2320
2320 1810
1810 1773
1773 1063
1063 2240
1063 1860
2240 1940
1940 1440
1940 1525
1440 727
1440 165
727 1828
1828 1834
1834 284
1834 993
284 2263
284 1087
2263 752
752 1346
1346 187
1346 985
187 130
130 255
130 2127
255 1469
1469 2115
2115 1252
2115 1368
1252 1621
1621 1951
1951 1896
1896 1187
1896 773
1187 1475
1187 256
1475 502
1475 1201
502 219
219 800
800 1031
1031 91
1031 241
91 815
91 191
815 1608
815 517
1608 2251
2251 1025
1025 601
601 273
273 799
273 1762
799 1044
1044 829
829 896
829 1213
896 1231
896 673
1231 441
441 1274
441 1806
1274 650
650 965
650 1702
965 481
481 308
308 1600
308 1035
1600 1471
1471 1074
1074 141
1074 731
141 1613
1613 1739
1739 1572
1739 1920
1572 439
439 1430
439 1226
1430 334
334 1653
1653 254
1653 1088
254 682
254 454
682 2008
682 359
2008 638
2008 249
638 608
638 2221
608 1282
608 1170
1282 2174
2174 1841
1841 1669
1669 373
373 1223
1223 1538
1538 377
1538 653
377 2366
2366 1611
1611 1444
1444 1657
1444 445
1657 1715
1715 1675
1675 432
1675 2188
432 1672
1672 827
1672 615
827 1603
827 416
1603 839
839 1222
839 730
1222 1244
1244 2205
1244 2065
2205 2112
2205 448
2112 232
232 142
232 873
142 39
142 665
39 2247
39 1418
2247 1168
2247 1781
1168 1162
1162 1854
1162 90
1854 1452
1854 763
1452 28
28 1846
1846 2049
1846 1566
2049 2313
2313 1297
1297 455
1297 2219
455 286
455 173
286 1207
1207 1542
1542 525
525 174
174 96
174 2326
96 760
96 1937
760 210
760 992
210 164
164 1238
164 1635
1238 651
1238 1800
651 54
54 2173
54 2102
2173 534
534 1330
1330 1248
1330 1232
1248 1094
1094 1157
1157 2254
1157 937
2254 1199
2254 1670
1199 629
629 906
906 2316
906 437
2316 149
149 287
287 1348
1348 784
1348 1353
784 178
178 1660
178 588
1660 803
803 2016
803 2222
2016 1794
2016 761
1794 1111
1794 1059
1111 1108
1111 1130
1108 2123
1108 2241
2123 237
237 1264
1264 1347
1347 18
1347 1177
18 122
18 920
122 719
122 1289
719 1935
1935 386
386 1956
1956 783
1956 1574
783 1401
783 662
1401 880
1401 1595
880 1799
880 480
1799 1586
1799 1308
1586 1506
1506 2208
2208 1372
1372 1878
1372 2
1878 1733
1878 1396
1733 1876
1733 1040
1876 94
94 2073
94 1648
2073 1030
1030 198
198 365
365 1862
1862 1563
1563 393
1563 291
393 991
991 382
382 235
235 1474
235 894
1474 118
1474 511
118 1570
1570 1515
1570 1093
1515 1491
1491 1343
1491 413
1343 342
342 1359
1359 2004
2004 1865
1865 1461
1461 1884
1884 2245
2245 387
387 832
832 1269
1269 1326
1269 1721
1326 1091
1326 793
1091 915
1091 654
915 2129
915 47
2129 590
590 1624
590 2147
1624 575
575 1016
575 2220
1016 505
505 855
505 356
855 185
185 33
33 199
199 644
644 2227
644 755
2227 2349
2349 317
2349 903
317 914
914 205
205 1798
205 2156
1798 268
1798 1666
268 1859
268 421
1859 1481
1859 1788
1481 866
1481 2350
866 586
866 1268
586 2330
2330 274
2330 542
274 2356
2356 1975
1975 1871
1975 2283
1871 331
331 1153
331 491
1153 2019
2019 655
655 1641
655 2175
1641 2306
1641 1633
2306 2236
2236 1688
1688 1467
1688 1496
1467 471
1467 1456
471 842
471 2362
842 767
767 131
131 140
140 1021
140 1141
1021 949
949 1116
1116 440
1116 2080
440 553
440 372
553 2135
553 278
2135 900
900 720
720 1850
720 1385
1850 1755
1755 1822
1755 1690
1822 649
649 1480
1480 1923
1923 86
1923 1888
86 1459
86 667
1459 190
1459 102
190 150
150 2348
2348 860
2348 42
860 927
860 1270
927 1357
927 1599
1357 849
1357 269
849 2043
2043 450
2043 1378
450 1550
1550 869
869 61
61 121
61 1705
121 2051
121 1522
2051 955
2051 1125
955 1206
955 797
1206 736
736 2365
2365 1075
2365 24
1075 656
656 391
391 1058
1058 204
1058 1913
204 1524
1524 2165
2165 556
556 2146
556 40
2146 589
589 1358
589 1072
1358 1499
1499 851
1499 6
851 362
362 1360
1360 721
1360 513
721 769
769 2279
2279 367
367 1188
367 260
1188 1070
1188 565
1070 318
1070 167
318 2109
318 1257
2109 641
641 722
641 2272
722 202
722 536
202 1237
202 1679
1237 307
1237 1489
307 1911
1911 591
1911 912
591 2246
591 1573
2246 1071
2246 2113
1071 1498
1071 172
1498 1692
1498 1068
1692 2164
2164 341
2164 874
341 385
341 1671
385 541
385 56
541 617
541 279
617 701
701 2057
2057 189
189 35
35 289
35 1351
289 2056
289 292
2056 2363
2363 977
2363 1373
977 1361
1361 1165
1165 1062
1062 1273
1273 1795
1795 1952
1795 1205
1952 65
65 2023
2023 1713
1713 1285
1285 239
1285 966
239 1946
1946 251
1946 364
251 779
779 195
779 863
195 836
195 2190
836 764
764 1852
1852 1398
1852 1651
1398 476
476 1485
476 77
1485 302
302 1126
302 1156
1126 1120
1126 1271
1120 998
998 2163
998 723
2163 1685
1685 1380
1380 1186
1380 581
1186 417
1186 528
417 1387
1387 661
661 316
316 2196
316 1812
2196 266
2196 2340
266 1842
1842 1249
1249 610
610 262
262 1637
262 2030
1637 1609
1609 1100
1609 1080
1100 1629
1629 420
420 1934
1934 1439
1439 1333
1333 1750
1333 489
1750 2235
2235 1558
1558 2325
1558 865
2325 1424
2325 1802
1424 1529
1529 374
374 2336
2336 1400
1400 516
1400 1204
516 20
20 447
447 1957
447 397
1957 2086
1957 689
2086 1925
1925 162
162 1978
162 648
1978 781
781 1893
781 521
1893 1691
1893 463
1691 1929
1691 796
1929 1575
1575 216
1575 885
216 1379
216 976
1379 1253
1253 1626
1626 1618
1618 1229
1618 1015
1229 612
612 1281
1281 1612
1612 1658
1612 2026
1658 1407
1658 267
1407 498
498 1694
1694 1584
1584 1813
1813 1907
1907 1365
1907 1797
1365 473
1365 433
473 1973
473 1968
1973 1419
1973 1383
1419 1765
1419 126
1765 1505
1765 2206
1505 674
1505 1045
674 637
637 109
637 1276
109 1816
109 595
1816 1589
1816 619
1589 868
868 811
868 27
811 1349
1349 87
1349 1472
87 1494
87 715
1494 1438
1438 978
978 288
288 293
288 2017
293 806
293 1602
806 1057
1057 743
1057 1096
743 280
280 1301
280 1681
1301 1986
1301 1065
1986 790
790 1905
1905 1938
1938 1028
1028 1910
1910 1960
1960 916
916 861
916 724
861 1555
1555 1490
1490 1161
1161 2304
2304 92
92 1338
92 1981
1338 1478
1478 106
1478 1664
106 2358
106 907
2358 628
628 995
995 181
181 1534
1534 734
1534 685
734 1821
1821 2046
2046 695
2046 1263
695 177
177 1189
1189 2097
2097 1089
1089 69
1089 1823
69 2354
69 934
2354 1591
1591 2317
2317 404
2317 11
404 1066
1066 1537
1537 1426
1537 1018
1426 1305
1305 2128
2128 2167
2128 622
2167 1309
2167 559
1309 2178
2178 840
2178 1154
840 758
840 2213
758 1930
1930 1815
1930 751
1815 188
188 677
677 1966
677 2267
1966 390
390 1086
390 5
1086 1820
1086 1265
1820 1970
1820 2160
1970 311
311 928
311 1891
928 1127
928 146
1127 864
1127 692
864 759
759 1164
759 698
1164 499
499 1844
1844 989
989 2250
2250 687
687 1674
687 1536
1674 62
62 2037
2037 2239
2239 2111
2239 434
2111 2025
2025 1497
2025 821
1497 1288
1497 714
1288 2200
1288 717
2200 1619
1619 1766
1619 1532
1766 1965
1965 1718
1965 668
1718 275
275 1507
1507 2060
2060 207
2060 1115
207 1880
207 960
1880 833
833 570
833 1344
570 1233
570 902
1233 2331
2331 264
264 2335
264 370
2335 1508
1508 1535
1508 1709
1535 2038
2038 1183
1183 968
1183 1335
968 994
968 482
994 706
994 1209
706 1148
1148 2258
1148 153
2258 1389
1389 112
112 1331
112 762
1331 211
211 1585
1585 713
1585 690
713 1949
713 1240
1949 1245
1245 930
1245 1668
930 366
366 2292
366 497
2292 1251
1251 101
101 940
101 858
940 618
618 596
618 1195
596 1302
1302 23
23 2072
23 1783
2072 1906
2072 314
1906 305
1906 2101
305 1194
1194 2047
1194 306
2047 1388
2047 669
1388 844
844 926
844 1858
926 2293
926 52
2293 1384
1384 623
1384 66
623 1539
623 805
1539 1569
1539 2066
1569 1601
1601 281
281 1048
1048 1961
1048 2085
1961 798
1961 1437
798 593
593 694
694 1996
1996 1984
1996 2061
1984 145
1984 1843
145 282
145 19
282 2020
2020 557
2020 737
557 180
557 2007
180 807
180 1530
807 238
238 2058
238 1809
2058 363
363 1758
363 1381
1758 1752
1758 1114
1752 1272
1272 460
1272 854
460 354
354 831
354 2301
831 114
831 1903
114 2149
114 1492
2149 1652
2149 777
1652 2327
1652 1174
2327 1605
1605 908
1605 2321
908 837
837 1533
1533 825
1533 1642
825 1528
1528 658
658 1989
1989 1370
1370 2243
1370 504
2243 2198
2243 244
2198 1334
2198 1410
1334 1944
1334 170
1944 2261
1944 2299
2261 748
748 710
748 147
710 1583
1583 1413
1413 1132
1132 2022
2022 1318
2022 1208
1318 1082
1318 2209
1082 444
1082 1144
444 875
875 1697
875 1113
1697 63
1697 1103
63 845
845 2096
2096 2052
2052 465
465 818
818 2216
2216 678
2216 43
678 2344
678 918
2344 2262
2262 1107
1107 958
958 1803
1803 605
1803 975
605 2297
2297 749
2297 182
749 867
749 1112
867 1316
867 2002
1316 1408
1408 2119
2119 1106
1106 814
814 959
814 1954
959 1056
1056 333
1056 950
333 594
594 2134
2134 2159
2134 13
2159 621
2159 1747
621 883
883 1362
883 4
1362 76
76 2069
2069 671
671 1004
671 135
1004 2341
1004 2274
2341 745
2341 429
745 2289
2289 315
2289 352
315 163
315 1250
163 456
163 79
456 225
225 742
225 1117
742 1139
1139 234
234 1336
1336 329
329 1501
329 1738
1501 492
1501 603
492 93
492 1793
93 971
971 2054
2054 1855
2054 1191
1855 1294
1294 890
1294 1182
890 2339
890 1590
2339 1291
2339 554
1291 718
1291 675
718 2140
718 1200
2140 449
449 933
933 2179
2179 1293
2179 1759
1293 2068
1293 1656
2068 1546
2068 1124
1546 103
103 1889
103 2242
1889 468
468 1356
468 2044
1356 776
776 1280
776 1340
1280 948
1280 911
948 1866
948 704
1866 1236
1236 643
1236 1710
643 2053
643 946
2053 2124
2124 1256
1256 2182
1256 716
2182 1576
1576 2282
2282 953
953 1853
953 1744
1853 332
1853 2204
332 1391
1391 1131
1131 414
414 1673
1673 582
1673 1180
582 1150
582 2154
1150 379
379 1159
1159 1749
1749 1460
1460 921
1460 681
921 982
982 1193
982 2300
1193 1769
1193 110
1769 1290
1290 1746
1746 1295
1295 2212
1295 1628
2212 1682
1682 979
979 1743
979 1146
1743 119
119 1955
1955 1136
1955 2117
1136 1881
1136 312
1881 1104
1104 620
620 789
789 1517
789 625
1517 1740
1517 430
1740 607
1740 1869
607 340
340 578
578 2183
578 728
2183 1055
2183 125
1055 9
1055 983
9 347
347 1979
1979 963
963 1179
963 34
1179 2095
1179 1695
2095 1615
1615 1450
1450 1037
1450 97
1037 148
148 104
148 1039
104 2294
104 1317
2294 936
2294 1319
936 2248
2248 1947
1947 699
1947 1807
699 1024
699 561
1024 532
532 2328
2328 1092
2328 107
1092 683
683 2126
683 2329
2126 1890
1890 1693
1890 1610
1693 1969
1693 2141
1969 2145
1969 323
2145 1571
2145 1631
1571 2249
1571 1526
2249 531
531 116
531 573
116 627
627 1540
627 1409
1540 543
543 368
543 2157
368 1047
1047 85
85 32
32 325
325 1636
325 2284
1636 901
1636 2138
901 1
1 609
609 997
997 78
997 1119
78 981
981 2218
2218 2136
2218 2121
2136 412
412 2152
412 1917
2152 231
2152 1425
231 213
213 1011
213 1298
1011 297
297 1185
297 1861
1185 1017
1017 2260
1017 1220
2260 296
2260 1833
296 410
296 2286
410 1307
1307 1218
1307 2194
1218 1991
1218 567
1991 453
1991 1830
453 2322
2322 1703
1703 321
1703 967
321 299
321 636
299 1504
299 95
1504 265
1504 1219
265 794
265 2079
794 1796
794 1939
1796 1433
1433 1354
1433 1598
1354 2364
1354 479
2364 1565
2364 1646
1565 1463
1565 1632
1463 2014
1463 1128
2014 522
522 1321
1321 2238
1321 974
2238 642
642 160
642 1043
160 208
208 2269
208 1564
2269 700
2269 1332
700 395
395 1464
395 897
1464 2032
1464 691
2032 2062
2062 951
2062 809
951 1639
951 753
1639 1654
1654 310
1654 1791
310 1135
1135 972
1135 1414
972 462
462 1178
462 1212
1178 2201
1178 2298
2201 2203
2203 1242
2203 2275
1242 1352
1352 252
252 271
271 631
631 1998
1998 2181
2181 1874
1874 712
1874 830
712 2324
2324 1228
1228 1137
1228 1768
1137 2083
2083 585
2083 222
585 1963
585 835
1963 888
888 38
38 1064
1064 240
1064 1393
240 659
240 1545
659 1839
1839 817
1839 1912
817 1197
817 1992
1197 113
1197 604
113 1649
113 458
1649 1588
1649 834
1588 1468
1588 1404
1468 1033
1033 1303
1303 584
1303 2063
584 8
8 166
166 1432
1432 754
754 1829
754 2291
1829 1101
1101 2050
2050 539
539 2161
539 144
2161 1706
1706 1748
1748 962
1748 735
962 519
962 1078
519 1994
1994 2309
2309 919
919 899
899 1329
899 1073
1329 1801
1801 74
1801 2234
74 1757
74 2192
1757 214
1757 1918
214 1514
1514 1643
1643 824
1643 2155
824 726
824 1036
726 527
726 1777
527 611
611 409
409 1173
1173 1462
1462 221
221 1320
221 108
1320 2323
1320 1322
2323 2021
2021 477
477 1581
1581 192
192 2137
2137 51
2137 2191
51 1328
51 424
1328 2041
2041 1175
2041 2193
1175 2223
1175 1726
2223 891
2223 1277
891 1325
1325 1895
1325 402
1895 1327
1895 1486
1327 1604
1604 161
1604 2166
161 132
132 1851
1851 1215
1215 782
1215 2207
782 1053
782 330
1053 1902
1902 1377
1377 422
422 1561
1561 1771
1561 988
1771 1689
1771 1840
1689 1247
1247 111
1247 1687
111 791
111 25
791 2088
2088 707
2088 1997
707 577
707 1196
577 1999
577 1676
1999 652
652 143
652 326
143 549
143 68
549 2013
2013 2332
2013 1782
2332 1868
2332 1421
1868 2104
1868 1557
2104 2278
2278 826
826 405
405 572
405 1278
572 1592
572 2027
1592 768
768 569
768 957
569 2314
569 1375
2314 2228
2314 1856
2228 1260
1260 881
881 886
881 2108
886 1737
1737 801
1737 703
801 2355
2355 2360
2355 486
2360 1885
2360 2172
1885 524
1885 635
524 2090
2090 1623
2090 772
1623 246
1623 1355
246 2076
2076 956
956 67
956 1837
67 729
729 1832
1832 606
1832 1883
606 1909
606 175
1909 36
1909 1151
36 403
36 446
403 1684
1684 428
1684 152
428 1811
1811 952
952 711
711 1512
1512 587
587 224
224 1454
224 1283
1454 1399
1454 1013
1399 1971
1399 1826
1971 1616
1971 7
1616 375
1616 1342
375 478
375 1543
478 1394
1394 2107
1394 616
2107 1764
1764 1647
1647 124
124 1716
124 780
1716 1133
1133 828
828 58
828 1736
58 2352
2352 2162
2352 2288
2162 1780
1780 862
1780 343
862 1110
1110 1436
1436 22
1436 564
22 939
22 744
939 322
939 1985
322 602
322 1476
602 1562
602 535
1562 2302
1562 1503
2302 1867
1867 186
186 878
186 17
878 1819
878 1594
1819 81
81 686
81 1217
686 83
686 1774
83 808
808 1814
808 739
1814 2229
1814 544
2229 2211
2229 2255
2211 1171
1171 733
733 1279
1279 438
1279 1121
438 1390
438 1554
1390 1882
1390 1655
1882 1683
1683 1052
1052 1622
1052 2285
1622 592
592 1027
592 1431
1027 2273
2273 105
2273 2347
105 261
105 676
261 117
261 1987
117 1275
1275 2089
1275 2110
2089 2001
2001 230
230 136
136 338
136 431
338 663
338 1224
663 1054
1054 626
626 1556
1556 503
503 2197
503 313
2197 2224
2197 493
2224 1719
1719 847
1719 2012
847 552
847 496
552 1967
552 876
1967 1008
1008 816
816 645
816 1696
645 139
645 2034
139 1510
1510 15
1510 451
15 1972
1972 670
1972 2186
670 157
670 1607
157 1723
1723 1083
1083 518
518 1311
1311 1513
1311 672
1513 1423
1513 2114
1423 2150
1423 1704
2150 1484
1484 1192
1484 996
1192 1010
1010 155
1010 1919
155 423
423 2337
423 2045
2337 1434
2337 526
1434 436
436 1745
1745 320
1745 788
320 853
320 757
853 647
853 510
647 1019
1019 1924
1019 418
1924 2133
2133 879
879 1785
1785 2074
2074 848
2074 459
848 1511
848 277
1511 1060
1511 1482
1060 3
1060 242
3 1001
3 2018
1001 1032
1032 2093
2093 1724
2093 1167
1724 910
1724 270
910 841
910 1415
841 2307
2307 2042
2042 1473
2042 579
1473 1403
1473 1523
1403 1006
1403 2244
1006 1614
1614 1974
1974 1184
1974 566
1184 73
73 1287
73 1547
1287 389
1287 1241
389 1597
389 2139
1597 1817
1817 99
1817 1870
99 1420
1420 1680
1680 1284
1284 1500
1284 984
1500 1435
1435 1051
1435 892
1051 795
1051 1734
795 871
795 483
871 838
871 2185
838 738
838 2319
738 530
530 361
361 1105
1105 1848
1848 1977
1848 2067
1977 2280
2280 1267
2280 1118
1267 427
427 16
16 243
243 247
247 1662
1662 1914
1662 209
1914 2006
1914 872
2006 464
2006 1665
464 419
419 925
419 1982
925 1732
925 55
1732 1644
1732 1548
1644 156
1644 426
156 1580
156 1677
1580 1711
1580 756
1711 634
634 171
171 2303
2303 485
2303 2151
485 2312
2312 1090
1090 2215
2215 887
2215 970
887 857
857 1406
1406 406
1406 1397
406 746
406 2103
746 349
349 21
21 2265
21 1022
2265 1527
2265 128
1527 1767
1767 1568
1568 1630
1568 200
1630 2345
1630 1943
2345 1948
2345 64
1948 1722
1722 1255
1722 1901
1255 353
1255 283
353 411
411 1667
1667 2106
1667 583
2106 802
802 2064
802 1382
2064 1661
2064 12
1661 1411
1411 159
159 474
474 1958
474 2334
1958 507
507 217
217 558
558 2039
2039 2230
2230 1079
1079 1900
1900 14
14 344
344 1466
344 1235
1466 1445
1466 1041
1445 679
679 10
10 1313
10 1254
1313 1214
1313 2338
1214 408
1214 889
408 913
913 893
893 57
893 1457
57 250
57 229
250 41
250 399
41 1314
41 1789
1314 804
804 80
804 2094
80 943
80 2130
943 1446
1446 50
50 1211
1211 1936
1211 400
1936 2268
1936 1577
2268 388
2268 1760
388 2028
388 1495
2028 53
2028 1299
53 45
45 1134
1134 2351
2351 2256
2256 1804
2256 2281
1804 48
1804 1049
48 1663
48 88
1663 1176
1663 324
1176 1009
1176 741
1009 2169
2169 1787
2169 2120
1787 1686
1686 1441
1686 201
1441 740
740 1266
740 30
1266 2091
1266 2015
2091 1416
2091 2031
1416 2270
2270 1717
1717 1838
1838 1341
1341 1827
1827 1899
1827 1509
1899 1544
1544 345
345 298
298 501
298 523
501 70
501 870
70 2311
2311 470
2311 227
470 466
470 2359
466 1825
1825 1541
1541 2237
2237 401
401 1606
1606 1458
1458 846
846 2189
846 551
2189 1634
1634 1725
1725 37
1725 484
37 1239
1239 490
490 2214
2214 1487
2214 1915
1487 576
1487 206
576 1531
1531 1443
1531 2318
1443 1879
1443 1875
1879 693
693 1470
693 597
1470 295
295 49
49 1210
49 472
1210 1950
1210 1873
1950 415
1950 1818
415 384
415 263
384 1081
1081 1786
1081 941
1786 1477
1477 1428
1428 562
1428 787
562 2199
2199 1567
2199 2078
1567 938
1567 1038
938 371
371 775
371 1578
775 1046
1046 1371
1371 487
487 1845
1845 2144
2144 1451
1451 666
666 2098
666 89
2098 633
2098 632
633 1754
633 961
1754 1364
1754 1020
1364 2259
1364 2210
2259 1014
1014 2092
2092 2075
2092 309
2075 2081
2075 84
2081 2003
2003 770
770 2000
770 120
2000 301
2000 1549
301 2170
2170 598
598 1778
1778 1102
1778 380
1102 457
457 1824
457 1678
1824 115
115 2353
115 882
2353 942
942 1908
942 1976
1908 303
303 1712
303 2116
1712 376
376 1552
1552 1776
1776 71
1776 898
71 183
71 1617
183 98
183 1005
98 935
935 461
461 1741
1741 1453
1453 294
294 1897
1897 378
378 1202
1202 813
1202 2100
813 46
813 1172
46 980
980 508
980 1050
508 193
193 1155
1155 1292
1155 823
1292 923
923 1959
1959 276
276 1286
1286 2257
1286 819
2257 1962
2257 1753
1962 512
1962 2077
512 1849
512 2055
1849 1337
1849 954
1337 1898
1337 1894
1898 905
1898 877
905 999
905 1145
999 2310
2310 1169
1169 1386
1386 1620
1386 1085
1620 657
1620 2253
657 1259
1259 2153
2153 563
2153 1076
563 1367
1367 1761
1761 1770
1761 550
1770 1560
1770 1763
1560 1864
1560 810
1864 1553
1553 1198
1553 442
1198 2271
1198 1122
2271 1099
1099 1003
1099 1701
1003 2277
1003 1449
2277 2143
2277 2048
2143 568
568 640
640 1203
1203 2059
2059 1596
2059 1029
1596 2305
2305 1369
1369 580
1369 537
580 425
425 547
425 2082
547 392
392 1587
1587 1625
1587 1109
1625 2010
1625 1931
2010 1493
1493 1345
1345 945
945 2158
945 1300
2158 2071
2071 660
2071 766
660 1315
660 407
1315 394
1315 2035
394 495
394 1374
495 1886
495 1942
1886 778
1886 1928
778 2315
778 1455
2315 509
2315 346
509 1995
509 1392
1995 2168
2168 944
2168 259
944 2024
2024 196
