1 2024 70
1013 1460
1460 743
743 966
966 1357
966 27
1357 273
1357 300
273 1474
1474 1058
1474 441
1058 1353
1353 135
135 425
425 1426
1426 661
1426 553
661 1503
661 1016
1503 814
814 1908
814 1791
1908 1869
1908 1718
1869 1953
1869 1146
1953 1102
1953 569
1102 1795
1795 253
253 1985
253 216
1985 719
719 1653
719 1926
1653 1372
1372 1235
1372 1472
1235 1430
1235 89
1430 986
986 784
986 1469
784 426
426 693
693 1867
693 961
1867 1938
1867 897
1938 1853
1938 131
1853 1034
1853 1660
1034 785
1034 651
785 1366
785 778
1366 1008
1366 214
1008 477
1008 3
477 1600
1600 747
1600 771
747 768
768 1191
768 953
1191 138
1191 1645
138 155
138 1418
155 1345
155 1246
1345 505
1345 1410
505 839
839 1447
1447 1846
1846 1673
1673 985
1673 1099
985 389
985 1392
389 1489
389 1440
1489 672
1489 850
672 1229
672 988
1229 753
1229 1647
753 427
427 623
623 1788
1788 1060
1788 127
1060 1918
1918 1656
1918 1143
1656 1898
1898 510
510 1032
1032 504
504 336
504 1107
336 674
336 930
674 1112
1112 217
1112 1852
217 152
152 545
152 1086
545 1435
545 611
1435 913
913 1933
1933 582
1933 1526
582 1989
1989 408
408 892
892 225
892 1712
225 469
225 1682
469 85
85 808
85 1618
808 1359
808 550
1359 883
883 1549
1549 1339
1549 741
1339 896
1339 1769
896 1951
896 609
1951 1068
1068 1892
1068 755
1892 258
258 1904
258 1039
1904 1726
1726 1007
1726 593
1007 181
1007 1580
181 1894
181 727
1894 1258
1894 1085
1258 835
1258 42
835 1672
1672 314
1672 1197
314 1487
314 1983
1487 1079
1079 876
1079 71
876 1331
1331 1272
1272 740
1272 1614
740 1727
1727 555
555 1855
1855 972
1855 692
972 109
972 654
109 722
722 1367
1367 1593
1367 1773
1593 262
262 701
262 502
701 1999
701 201
1999 1080
1080 1574
1080 1148
1574 1670
1670 2016
1670 334
2016 1700
1700 1393
1700 617
1393 366
1393 356
366 33
366 298
33 136
33 1252
136 1307
136 995
1307 1095
1095 967
1095 407
967 282
967 634
282 1516
282 595
1516 1230
1230 1884
1230 115
1884 99
1884 1289
99 1706
1706 277
1706 1355
277 31
277 1241
31 1483
31 87
1483 1863
1483 1333
1863 1859
1859 761
761 942
761 1150
942 322
322 588
588 1369
588 534
1369 954
1369 1025
954 186
954 1233
186 1885
186 344
1885 1588
1885 1723
1588 948
948 1477
948 1337
1477 1465
1465 1722
1465 1591
1722 725
725 1356
725 1760
1356 1982
1356 257
1982 511
511 1294
511 1198
1294 1156
1294 820
1156 100
100 1848
1848 134
134 552
134 763
552 1104
552 526
1104 507
507 24
507 603
24 605
605 1445
1445 691
1445 1394
691 1382
691 321
1382 376
376 1157
376 1342
1157 1166
1166 310
310 647
310 104
647 721
647 1416
721 1956
721 102
1956 970
970 306
306 419
306 97
419 1422
419 1975
1422 1659
1422 1880
1659 1871
1871 1468
1871 291
1468 340
1468 1506
340 1446
340 1428
1446 1206
1446 1236
1206 478
1206 1132
478 508
508 1377
508 516
1377 687
687 1541
1541 1326
1541 465
1326 489
489 885
489 1971
885 1441
885 1173
1441 1754
1754 1476
1754 311
1476 337
337 1244
1244 1056
1056 666
666 977
977 833
833 1485
833 1507
1485 1683
1485 1299
1683 1245
1683 1167
1245 1118
1245 335
1118 1211
1211 973
1211 858
973 946
973 67
946 1778
946 587
1778 1539
1539 1564
1564 783
783 1875
783 1159
1875 1782
1875 1023
1782 1271
1782 73
1271 1145
1271 912
1145 1789
1145 851
1789 589
1789 2011
589 1756
589 685
1756 591
591 442
442 1698
1698 119
1698 377
119 1285
1285 1738
1285 304
1738 1158
1158 1992
1992 1714
1992 1473
1714 902
902 1164
1164 114
114 547
114 1808
547 887
547 539
887 1911
1911 1862
1862 221
221 1205
1205 112
1205 2001
112 921
921 13
13 1178
1178 2003
2003 500
500 1371
500 637
1371 1139
1371 1602
1139 148
1139 156
148 1365
1365 1963
1365 978
1963 556
1963 1577
556 1626
556 1749
1626 1604
1604 454
1604 971
454 728
454 1268
728 1283
728 1562
1283 1255
1255 581
581 362
362 983
362 1316
983 302
983 1661
302 1787
302 1551
1787 1163
1163 59
1163 979
59 92
59 1807
92 1183
1183 982
1183 1494
982 1883
982 1131
1883 1222
1883 974
1222 1343
1343 1830
1343 1203
1830 1124
1830 847
1124 845
1124 708
845 410
410 836
410 202
836 472
472 1213
1213 628
628 802
802 677
677 641
677 924
641 537
641 297
537 803
803 1486
1486 1388
1388 1189
1388 759
1189 602
1189 908
602 368
602 713
368 365
368 1232
365 1401
365 1286
1401 506
1401 657
506 1190
1190 1734
1734 1204
1734 868
1204 1544
1204 895
1544 1533
1533 875
1533 910
875 1108
875 1461
1108 782
1108 1335
782 1408
1408 1282
1282 1404
1282 1014
1404 338
1404 1693
338 107
338 730
107 649
107 1866
649 239
239 1739
1739 615
615 1752
1752 962
1752 1870
962 679
962 491
679 1043
1043 1419
1419 1242
1242 831
1242 775
831 667
831 245
667 1998
1998 1179
1998 1888
1179 1450
1179 242
1450 354
354 316
316 1967
316 704
1967 331
331 234
234 1251
234 1814
1251 1475
1251 1913
1475 1627
1475 1710
1627 840
1627 400
840 2004
2004 1990
1990 392
392 1891
392 417
1891 2002
1891 1705
2002 1630
2002 1914
1630 317
317 1187
317 932
1187 37
1187 1893
37 1063
37 916
1063 1033
1063 185
1033 77
1033 290
77 1267
77 676
1267 793
793 690
690 169
169 514
169 1517
514 1759
1759 397
1759 301
397 1628
397 1202
1628 729
729 1138
729 575
1138 278
278 219
278 1354
219 624
219 521
624 1798
1798 1349
1798 590
1349 1310
1310 1815
1310 540
1815 1334
1334 600
600 1057
600 261
1057 1512
1512 652
1512 1226
652 1590
652 619
1590 433
1590 369
433 1858
1858 554
1858 2013
554 1816
554 451
1816 463
1816 1812
463 1037
1037 1962
1962 735
735 458
735 683
458 1144
1144 1713
1144 1592
1713 1315
1315 1036
1315 1184
1036 561
1036 1175
561 1772
561 950
1772 1362
1362 355
355 110
355 1261
110 686
686 1383
686 1217
1383 964
1383 830
964 1250
1250 543
1250 578
543 1968
1968 1227
1227 906
1227 1375
906 1168
906 1803
1168 98
98 125
98 993
125 2005
125 1529
2005 712
712 1552
1552 207
207 532
532 1668
532 1363
1668 1777
1777 1293
1293 79
1293 1352
79 1018
79 1917
1018 1311
1311 1332
1332 1596
1332 1088
1596 789
789 404
789 1707
404 1297
404 391
1297 1026
1026 1360
1360 1527
1527 1309
1309 879
1309 363
879 1809
1809 1973
1809 1578
1973 394
1973 1675
394 1100
394 121
1100 7
7 1019
7 1821
1019 1542
1019 1482
1542 596
1542 287
596 1977
1977 1945
1977 1442
1945 1879
1879 1797
1879 800
1797 64
1797 804
64 522
522 183
183 118
118 645
645 1689
645 480
1689 1201
1689 1395
1201 154
1201 471
154 1514
1514 882
1514 1125
882 1612
1612 132
1612 1061
132 189
132 565
189 430
430 488
488 1910
488 252
1910 1548
1548 959
1548 1464
959 877
959 405
877 1976
1976 1861
1976 413
1861 2019
2019 1456
2019 1364
1456 1623
1456 1611
1623 228
1623 269
228 495
228 1972
495 1540
495 815
1540 398
1540 695
398 91
91 638
638 1696
638 75
1696 570
570 182
570 29
182 420
420 198
198 1084
1084 324
1084 476
324 1865
324 1069
1865 1495
1865 1500
1495 1937
1937 1407
1937 1195
1407 1004
1004 60
1004 61
60 853
60 1834
853 745
745 1966
1966 865
1966 716
865 923
865 1775
923 703
703 14
703 846
14 562
562 754
562 1559
754 726
754 1044
726 926
726 1070
926 332
926 662
332 65
65 571
65 93
571 998
571 1412
998 390
998 305
390 1491
390 1872
1491 1942
1491 592
1942 940
1942 1581
940 1729
940 1284
1729 360
1729 1046
360 95
95 173
173 1083
1083 1553
1553 415
1553 274
415 717
415 1220
717 47
717 280
47 402
47 1280
402 1274
402 746
1274 583
1274 166
583 1881
583 963
1881 512
1881 1561
512 544
544 1330
544 1115
1330 1556
1330 35
1556 296
296 1928
1928 1185
1928 1745
1185 1692
1185 8
1692 929
929 1680
929 1987
1680 32
1680 170
32 990
32 50
990 370
370 1031
1031 612
612 1467
612 1986
1467 608
1467 1006
608 625
608 2022
625 1640
1640 1840
1640 1703
1840 1172
1172 1566
1566 200
200 790
790 1584
1584 129
1584 1697
129 359
359 786
359 1444
786 1389
1389 1988
1389 1463
1988 1443
1988 128
1443 1385
1385 1573
1385 147
1573 2014
2014 1735
2014 1221
1735 1909
1909 143
143 25
143 1794
25 1453
1453 372
1453 434
372 1857
372 1047
1857 1575
1575 630
1575 2017
630 574
630 1776
574 1642
1642 918
918 723
723 1715
1715 886
1715 1154
886 1681
1681 231
231 529
529 272
529 1417
272 1165
1165 1045
1165 1636
1045 1320
1320 1901
1320 88
1901 579
579 1117
579 292
1117 1768
1768 1813
1813 1957
1957 673
1957 48
673 756
673 1409
756 1538
756 1256
1538 525
1538 671
525 1513
525 1174
1513 236
236 1306
236 1341
1306 1225
1225 945
945 381
381 1000
381 424
1000 330
330 816
816 566
566 41
566 1717
41 162
41 1792
162 996
162 1042
996 675
996 991
675 1582
1582 1638
1638 1595
1638 341
1595 798
1595 1819
798 1378
1378 116
1378 1524
116 632
632 1076
632 284
1076 584
1076 772
584 470
470 1767
470 74
1767 1224
1767 1946
1224 249
249 55
55 1216
1216 1160
1216 1346
1160 1317
1317 1448
1317 1567
1448 1405
1405 659
1405 801
659 1122
1122 267
1122 952
267 1212
267 517
1212 880
1212 1784
880 1457
1457 1935
1935 776
776 1725
1725 49
49 1130
1130 1615
1130 1092
1615 1103
1615 1763
1103 353
1103 527
353 255
255 975
255 938
975 951
975 1594
951 367
367 1521
1521 1062
1521 1677
1062 462
1062 1679
462 1155
462 167
1155 1194
1194 981
1194 1831
981 191
981 616
191 1147
1147 1608
1608 345
345 1290
345 1348
1290 84
84 1264
1264 320
1264 1709
320 479
320 1534
479 374
374 1912
374 888
1912 384
1912 246
384 1340
1340 1657
1657 1996
1657 254
1996 62
62 1980
62 403
1980 283
283 1633
283 83
1633 1425
1425 1650
1650 213
1650 1358
213 1040
213 1231
1040 1128
1040 742
1128 211
1128 2012
211 598
211 732
598 1823
598 1621
1823 440
440 1328
1328 1188
1328 818
1188 1415
1415 244
244 1740
244 644
1740 57
1740 1275
57 431
431 1049
1049 1829
1829 871
871 1522
1522 453
453 1755
1755 1632
1632 21
1632 1400
21 1671
21 56
1671 1934
1671 1510
1934 1089
1089 409
409 1886
1886 852
1886 874
852 1531
852 809
1531 1711
1711 82
1711 1810
82 1492
1492 1140
1140 174
1140 382
174 240
174 1955
240 72
72 774
774 241
774 1071
241 1462
241 866
1462 636
636 1961
1961 467
467 1370
467 1644
1370 928
1370 1845
928 1836
928 1970
1836 150
150 1695
1695 1864
1695 1200
1864 837
837 960
837 1839
960 1924
960 230
1924 1571
1571 126
126 158
158 1051
1051 493
493 66
493 204
66 237
237 1811
1811 108
108 737
108 1101
737 452
452 563
563 428
428 519
519 1605
1605 1240
1240 2021
1240 1451
2021 233
233 1218
1218 1947
1947 901
901 1090
901 834
1090 1847
1847 1402
1402 992
1402 1149
992 541
541 573
573 1568
573 1838
1568 468
1568 1751
468 120
468 268
120 1223
1223 1291
1223 1279
1291 1379
1291 1452
1379 682
682 620
682 43
620 328
328 446
446 777
446 1238
777 1828
1828 1091
1828 1260
1091 1411
1091 194
1411 350
1411 1243
350 309
309 308
309 633
308 1207
1207 1273
1273 1498
1498 1504
1498 531
1504 1002
1504 1842
1002 1658
1002 1399
1658 1391
1658 38
1391 1403
1403 1753
1753 176
1753 655
176 788
176 339
788 1624
788 1724
1624 909
909 1073
1073 2
1073 1501
2 643
643 2018
643 94
2018 572
572 1804
1804 779
1804 1702
779 1265
1265 1674
1674 1691
1691 238
1691 613
238 193
193 208
208 551
208 1824
551 285
551 1785
285 1054
1054 1854
1854 1515
1854 1228
1515 1127
1515 223
1127 810
810 1438
1438 1665
1665 823
823 1350
1350 1386
1350 139
1386 490
1386 1318
490 1439
1439 825
825 766
766 406
766 1528
406 1278
406 149
1278 642
642 326
642 380
326 461
326 1833
461 549
549 1625
1625 1952
1952 1152
1152 171
171 364
364 1719
1719 758
1719 172
758 881
881 1480
1480 235
1480 299
235 869
235 1390
869 870
870 905
870 1214
905 361
361 248
248 1151
1151 379
1151 53
379 464
464 849
464 187
849 18
18 568
568 286
286 1550
286 1322
1550 111
1550 1141
111 1466
1466 1
1466 1925
1 705
705 1631
705 1093
1631 1993
1631 418
1993 898
1993 215
898 1338
898 1126
1338 1003
1338 937
1003 733
733 122
122 748
748 1219
1219 227
227 105
227 347
105 438
438 1397
1397 1237
1237 1666
1237 1927
1666 838
838 795
795 146
146 1035
1035 665
1035 812
665 1239
1239 715
1239 159
715 220
715 1620
220 760
220 538
760 1543
1543 1074
1074 822
822 484
822 1732
484 1136
484 1761
1136 1589
1589 1744
1589 1497
1744 1170
1744 1921
1170 184
1170 1649
184 559
559 1162
559 1688
1162 1458
1162 1622
1458 1969
1458 1780
1969 678
678 1110
1110 660
660 1374
1374 1585
1585 265
1585 1532
265 1609
1609 900
1609 1109
900 1387
900 1096
1387 980
980 206
206 192
206 205
192 1981
1981 1508
1508 987
1508 1530
987 614
987 911
614 546
546 113
113 922
113 264
922 1662
922 492
1662 103
103 639
103 1052
639 2007
639 485
2007 530
2007 1678
530 1502
1502 1381
1381 1634
1634 958
958 483
483 1748
483 680
1748 1997
1748 54
1997 1269
1997 1368
1269 1641
1269 447
1641 1075
1641 1433
1075 927
927 878
878 1991
1991 867
1991 1176
867 718
867 917
718 821
718 1519
821 295
821 969
295 1923
295 627
1923 984
1923 1301
984 1943
984 178
1943 524
524 681
681 714
681 699
714 824
714 1805
824 585
824 1701
585 1287
585 697
1287 1082
1287 1820
1082 279
1082 599
279 416
416 1177
1177 34
34 1851
1851 2006
2006 1028
2006 1065
1028 1488
1488 1413
1413 1215
1215 899
899 648
899 1414
648 1129
1129 76
76 459
76 1493
459 275
275 1277
275 494
1277 1209
1209 1758
1209 794
1758 1484
1484 1610
1610 832
1610 806
832 799
799 1288
1288 1312
1288 1067
1312 1844
1312 931
1844 422
422 1599
1599 1558
1558 39
39 1579
39 694
1579 577
1579 188
577 1648
1648 19
1648 474
19 856
19 1779
856 515
515 1247
1247 731
731 1281
1281 1896
1281 432
1896 1750
1896 1694
1750 1557
1750 243
1557 844
1557 1546
844 1298
1298 1793
1298 1029
1793 751
751 1038
751 933
1038 445
445 263
263 142
263 1882
142 1436
142 1736
1436 1747
1747 80
1747 421
80 1113
1113 1120
1120 1704
1704 1135
1135 536
536 586
586 1765
1765 1431
1765 564
1431 396
1431 1950
396 1721
1721 1437
1437 168
168 86
168 1667
86 936
86 1523
936 473
936 157
473 1941
1941 1565
1565 1607
1565 548
1607 813
1607 386
813 383
813 513
383 1856
1856 1010
1010 658
1010 1889
658 1505
658 1906
1505 1690
1690 1570
1690 1537
1570 36
1570 1730
36 1081
36 1826
1081 11
11 749
11 889
749 1915
749 706
1915 1119
1119 210
210 1994
1994 323
1994 689
323 151
323 1629
151 1849
151 2023
1849 1304
1304 218
1304 1895
218 2015
2015 1547
1547 949
949 1919
949 1587
1919 601
601 557
557 137
557 1121
137 1511
1511 456
456 770
770 509
770 1347
509 222
509 423
222 1920
1920 542
542 670
670 1907
1907 1876
1876 989
1876 720
989 293
293 734
293 765
734 4
734 935
4 1262
1262 828
828 349
828 412
349 260
260 1686
1686 1954
1686 792
1954 957
1954 486
957 375
375 1429
1429 256
1429 1770
256 1161
256 829
1161 1518
1161 688
1518 827
827 289
289 999
289 1344
999 1613
1613 196
1613 1800
196 915
196 1616
915 1899
915 325
1899 941
1899 1965
941 313
313 859
313 1123
859 842
842 1329
1329 259
1329 1009
259 266
259 153
266 2009
266 1930
2009 1001
1001 750
1001 1598
750 968
750 1733
968 294
294 1699
1699 861
1699 1995
861 580
580 395
580 710
395 558
395 1182
558 180
180 1902
180 1270
1902 443
443 45
45 635
635 873
873 329
873 1050
329 1741
1741 1137
1741 1555
1137 533
533 1766
533 307
1766 140
1766 250
140 487
487 1048
1048 854
1048 475
854 1535
1535 535
535 411
535 1072
411 1563
1563 342
1563 1652
342 1199
342 22
1199 1651
1199 40
1651 920
1651 1635
920 947
947 669
947 629
669 1011
1011 133
133 388
133 1746
388 1249
1249 1470
1470 352
1470 1903
352 1958
352 1877
1958 1171
1171 68
68 1817
68 44
1817 1731
1731 1929
1929 16
1929 1234
16 1576
1576 1066
1066 1669
1066 1319
1669 1087
1669 1196
1087 144
144 466
144 1055
466 956
466 1841
956 346
956 96
346 1646
346 857
1646 1890
1646 1361
1890 914
1890 893
914 1796
914 401
1796 1314
1314 1572
1572 1321
1321 738
1321 371
738 567
738 197
567 1421
567 724
1421 1790
1790 780
780 1427
780 315
1427 684
684 1432
684 1979
1432 965
965 1964
965 385
1964 2024
2024 864
864 1802
864 1449
1802 436
436 826
826 1181
826 1022
1181 622
622 1027
622 224
1027 444
444 1720
444 51
1720 1762
1762 1655
1655 1940
1940 1771
1771 503
503 6
6 1305
6 817
1305 175
175 226
226 631
631 1643
1643 855
855 664
664 52
664 124
52 1936
52 769
1936 807
1936 1931
807 190
807 348
190 1302
1302 841
841 373
373 640
640 1948
640 606
1948 270
1948 1105
270 890
890 1676
1676 1064
1676 805
1064 1822
1064 1774
1822 457
1822 1471
457 1619
457 387
1619 1396
1619 439
1396 232
232 1479
1479 271
271 497
271 1786
497 709
497 163
709 576
709 1012
576 1454
1454 1192
1454 1818
1192 894
1192 1325
894 69
69 1376
1376 399
1376 20
399 1020
1020 450
1020 1017
450 1248
1248 618
1248 1716
618 903
618 934
903 1743
1743 303
1743 1536
303 1850
303 1053
1850 626
626 327
626 1380
327 1878
327 393
1878 2010
1878 1601
2010 862
2010 1111
862 9
9 378
378 1545
1545 1586
1545 919
1586 646
646 1005
1005 90
1005 1939
90 1142
90 288
1142 1932
1142 523
1932 1757
1932 1490
1757 501
501 449
449 1603
1603 860
1603 1015
860 319
860 1300
319 843
843 863
843 607
863 1835
863 1887
1835 1617
1835 1806
1617 435
1617 1276
435 610
610 1905
1905 481
1905 199
481 26
481 1373
26 1509
26 499
1509 1478
1478 212
1478 1949
212 251
212 1292
251 5
5 46
46 437
46 1874
437 1496
1496 229
1496 1837
229 1303
1303 312
1303 179
312 123
312 1684
123 1308
123 1916
1308 597
597 1259
597 739
1259 1801
1259 496
1801 17
17 1254
17 757
1254 1664
1664 955
1664 1323
955 1295
1295 797
797 1434
797 1687
1434 81
1434 414
81 106
81 1984
106 1263
1263 117
1263 1296
117 1169
1169 333
1169 1960
333 520
333 1459
520 23
520 787
23 164
23 943
164 1499
1499 1313
1313 1253
1253 1868
1868 482
1868 698
482 1424
1424 165
165 1097
1097 160
160 358
160 1959
358 848
358 1210
848 460
460 177
177 702
177 1257
702 796
796 904
904 528
904 1180
528 781
528 1832
781 15
781 1327
15 1030
1030 1351
1030 560
1351 1799
1351 1873
1799 653
653 711
711 668
711 1208
668 1324
1324 773
773 1654
773 767
1654 764
1654 1186
764 944
764 1860
944 939
944 604
939 891
939 1420
891 429
429 736
429 1900
736 1481
736 707
1481 1742
1481 58
1742 1455
1455 1094
1094 656
1094 1114
656 1843
656 1827
1843 101
101 696
101 621
696 351
351 30
351 1922
30 1637
30 1606
1637 28
1637 1978
28 1398
28 1708
1398 1525
1525 1134
1134 1554
1554 1423
1423 141
1423 1059
141 281
141 357
281 752
752 1193
1193 1560
1193 1663
1560 1583
1583 1116
1583 811
1116 448
448 762
448 650
762 12
12 1685
1685 1974
1974 130
130 455
130 145
455 1384
1384 1106
1384 518
1106 994
994 791
994 884
791 663
663 1825
1825 1764
1825 203
1764 1597
1597 872
1597 10
872 925
925 1737
925 1336
1737 70
1737 1639
70 1078
70 63
1078 1897
1897 1944
1897 1728
1944 700
700 161
161 1783
161 1569
1783 78
1783 2020
78 209
209 1266
1266 819
819 195
819 343
195 594
195 318
594 2000
594 1077
2000 997
2000 1021
997 1781
1781 1406
1406 247
1406 1153
247 498
247 2008
498 1098
498 976
1098 1024
1024 1133
1133 907
907 744
907 276
744 1520
744 1041
