18 2736 97
11 9
11 18
9 3
3 1
3 16
1 13
1 5
13 2
13 17
2 14
2 15
14 8
14 10
8 6
6 4
6 12
4 7
368 1972
368 1849
1972 2079
1972 1891
2079 395
395 352
395 69
352 1253
1253 1289
1289 1192
1192 1624
1624 246
1624 1194
246 814
814 1384
814 794
1384 189
189 1485
189 1052
1485 1315
1485 174
1315 2106
2106 978
978 1241
978 831
1241 2496
2496 962
2496 470
962 1916
1916 1863
1916 2089
1863 111
1863 1242
111 2677
111 2055
2677 2098
2098 778
778 1607
1607 857
1607 729
857 2136
857 739
2136 2231
2231 475
475 357
475 699
357 2700
2700 1566
2700 2451
1566 1745
1566 299
1745 2289
1745 604
2289 2589
2289 306
2589 551
551 57
551 1452
57 181
181 2150
2150 1301
2150 1767
1301 690
1301 462
690 1015
1015 206
1015 1598
206 1838
1838 2130
2130 2364
2364 2076
2364 2049
2076 79
2076 752
79 650
79 2207
650 2073
2073 1967
1967 888
888 607
888 1759
607 1197
1197 2250
1197 1065
2250 2211
2211 1632
2211 581
1632 1533
1533 636
1533 1457
636 712
712 2021
712 396
2021 1815
1815 1820
1815 951
1820 1539
1820 2594
1539 317
317 2031
317 1257
2031 2118
2118 1066
1066 2554
1066 1404
2554 593
593 489
593 203
489 2093
489 2604
2093 1622
2093 1402
1622 1567
1622 1725
1567 721
1567 236
721 2432
2432 520
2432 2366
520 2321
2321 2149
2149 808
808 223
223 126
223 587
126 353
126 994
353 542
542 1322
542 580
1322 2097
2097 30
30 2238
2238 2158
2158 2375
2375 818
2375 1092
818 1069
818 110
1069 1027
1069 263
1027 1843
1027 20
1843 248
248 252
252 1665
252 10
1665 2029
2029 1325
2029 1691
1325 1554
1325 1466
1554 1424
1554 2276
1424 2388
2388 2102
2102 548
548 1180
548 416
1180 1502
1502 760
760 2427
2427 2636
2636 1603
2636 1534
1603 1824
1824 1583
1824 300
1583 566
1583 2114
566 704
566 1278
704 2113
704 435
2113 976
976 2185
2185 678
678 434
434 319
434 2221
319 2378
319 679
2378 452
2378 384
452 1754
452 2333
1754 953
1754 1060
953 817
953 154
817 2421
2421 1858
1858 1196
1858 2291
1196 2160
2160 2203
2203 1937
1937 1738
1738 393
1738 210
393 786
393 2036
786 2085
786 2157
2085 1612
1612 2162
2162 1558
1558 1635
1558 2692
1635 367
1635 286
367 1718
1718 1678
1678 2674
2674 2442
2442 1803
1803 2448
2448 1263
2448 1553
1263 1141
1141 1670
1670 1794
1794 1504
1794 84
1504 841
841 180
180 1252
1252 1945
1945 2725
2725 2259
2259 1097
1097 166
166 2348
2348 507
507 2032
2032 1355
1355 1480
1480 2489
2489 196
2489 972
196 1652
1652 1585
1652 1482
1585 1359
1359 683
683 961
683 1881
961 1649
1649 1856
1649 1477
1856 1135
1135 1098
1135 2417
1098 2565
1098 1845
2565 1519
2565 992
1519 2482
2482 250
2482 2683
250 1417
1417 1488
1417 2551
1488 539
539 429
429 983
983 2319
983 776
2319 234
234 480
480 591
480 816
591 2679
2679 582
582 2444
582 428
2444 241
241 1272
1272 919
1272 1235
919 1634
919 893
1634 1019
1634 2239
1019 1071
1071 44
1071 214
44 541
44 2051
541 839
541 2070
839 2628
2628 314
2628 1291
314 745
745 1826
1826 2244
1826 501
2244 2016
2244 2571
2016 2208
2016 445
2208 328
328 2288
328 320
2288 415
2288 2084
415 1962
1962 8
8 503
8 1538
503 2607
2607 847
847 1490
1490 1220
1490 2255
1220 2439
2439 2721
2721 1736
1736 1773
1736 327
1773 777
777 2670
2670 998
998 92
998 2524
92 1400
92 2696
1400 2534
2534 1805
2534 1249
1805 2295
2295 1073
2295 614
1073 1296
1296 504
1296 1186
504 1318
1318 2082
2082 1958
1958 612
1958 833
612 1547
1547 2485
2485 1453
1453 1297
1297 1934
1297 238
1934 838
838 906
838 446
906 1785
1785 243
243 117
243 1205
117 1961
1961 459
459 245
245 1911
245 1870
1911 2048
1911 2110
2048 1788
1788 766
766 674
766 449
674 2226
674 1580
2226 1511
1511 2660
2660 611
2660 308
611 651
651 1305
651 2109
1305 1814
1814 1714
1814 2310
1714 1108
1108 584
584 2282
584 1833
2282 850
850 606
606 50
606 1614
50 1442
50 1234
1442 1839
1442 2530
1839 2694
2694 2656
2694 1228
2656 256
256 129
256 2649
129 715
715 2249
715 2245
2249 1107
1107 936
1107 1922
936 2330
2330 1748
1748 609
609 1671
1671 741
741 83
83 989
83 419
989 1527
1527 339
339 822
339 2290
822 1478
822 568
1478 1334
1334 913
1334 560
913 1496
913 469
1496 2054
1496 2405
2054 2502
2054 1530
2502 965
2502 409
965 2010
2010 2671
2671 32
32 90
90 76
76 2227
2227 7
7 1925
1925 1894
1925 2312
1894 35
1894 1226
35 866
35 338
866 2300
2300 2488
2300 191
2488 1828
1828 2020
1828 1152
2020 2350
2020 1215
2350 1973
1973 773
773 1555
1555 344
1555 2650
344 2000
2000 1601
1601 1300
1601 2389
1300 1416
1300 939
1416 948
1416 2736
948 2662
2662 1641
1641 1756
1756 1627
1756 950
1627 874
1627 242
874 1387
874 2318
1387 1800
1387 1371
1800 1327
1327 790
790 432
432 2026
432 1609
2026 1882
2026 1917
1882 789
789 1183
1183 2431
2431 2156
2431 880
2156 1885
1885 926
926 545
545 1594
1594 1299
1299 1002
1299 973
1002 2669
2669 373
2669 1923
373 324
324 852
852 2621
852 882
2621 1382
1382 1854
1382 737
1854 1782
1854 1865
1782 884
1782 2722
884 828
884 1275
828 1571
828 15
1571 1709
1709 378
378 280
378 497
280 1047
280 1279
1047 2247
2247 968
968 1285
1285 861
861 986
861 908
986 1933
1933 1421
1933 872
1421 2180
1421 867
2180 1559
1559 2018
2018 2030
2018 1884
2030 122
122 2062
2062 1544
1544 1143
1143 1712
1143 1802
1712 532
532 1799
532 406
1799 2033
1799 2647
2033 944
944 40
40 1267
40 1753
1267 2363
2363 1710
2363 1677
1710 966
966 1247
1247 1772
1247 303
1772 2325
1772 2698
2325 133
133 2353
133 597
2353 49
49 733
733 1379
733 101
1379 524
1379 1287
524 1115
1115 2710
2710 454
454 2469
454 2096
2469 1211
2469 1932
1211 1284
1211 426
1284 1344
1344 1896
1344 1231
1896 2006
1896 1770
2006 1374
1374 642
642 2494
2494 2
2 2627
2 1179
2627 227
227 102
227 42
102 2657
102 905
2657 2024
2024 2233
2233 1153
1153 1156
1156 478
1156 1450
478 60
60 1029
1029 1804
1804 1775
1775 6
1775 1584
6 1837
1837 2416
2416 2187
2416 2559
2187 441
441 2171
2171 1162
2171 1513
1162 1658
1658 2601
2601 184
184 331
331 1613
331 2053
1613 716
1613 1095
716 2410
716 2480
2410 1597
1597 909
1597 1339
909 1358
909 1688
1358 2473
2473 2349
2473 1914
2349 136
136 528
528 1818
1818 1711
1711 1361
1711 1724
1361 787
1361 2475
787 1370
787 2435
1370 2659
1370 1031
2659 1994
2659 619
1994 1825
1825 603
1825 579
603 216
603 145
216 1889
1889 1810
1889 1791
1810 2153
1810 1089
2153 1719
2153 901
1719 1787
1787 1662
1662 633
633 718
633 887
718 1105
718 2493
1105 1039
1039 2236
1039 28
2236 869
2236 757
869 2192
869 1312
2192 2134
2134 1246
2134 268
1246 1732
1732 1552
1732 2173
1552 1403
1403 1608
1608 1696
1696 2593
1696 171
2593 2305
2593 177
2305 2512
2305 2292
2512 1765
2512 1081
1765 385
1765 1829
385 1445
385 355
1445 63
1445 47
63 1763
63 2458
1763 2177
2177 1755
1755 622
622 954
622 756
954 2653
2653 2081
2653 1701
2081 1395
2081 159
1395 799
1395 912
799 1855
799 2407
1855 1233
1233 2718
1233 155
2718 1330
2718 2175
1330 412
1330 995
412 1750
1750 1980
1750 1237
1980 1007
1007 1636
1007 670
1636 2216
1636 1842
2216 1407
2216 442
1407 2190
2190 217
2190 270
217 2492
2492 1984
1984 727
727 848
727 2092
848 103
103 1570
103 31
1570 2195
1570 163
2195 2527
2527 125
2527 1240
125 2608
125 116
2608 1789
2608 2232
1789 358
1789 479
358 2425
358 577
2425 2034
2425 509
2034 2520
2034 1744
2520 1864
1864 269
1864 194
269 2094
2094 182
2094 1274
182 1057
182 1600
1057 1131
1057 2043
1131 946
946 2370
2370 590
2370 2587
590 219
219 1075
1075 800
1075 904
800 80
800 2201
80 1900
1900 2495
2495 1309
2495 2523
1309 747
747 1399
1399 438
1399 1532
438 1074
1074 1656
1074 2434
1656 665
665 671
665 2095
671 1960
1960 555
555 1899
1899 16
1899 1120
16 2142
16 688
2142 1020
2142 2626
1020 2575
2575 2536
2536 2212
2536 1212
2212 2368
2212 1475
2368 140
140 854
854 1944
1944 575
575 2539
575 723
2539 1086
1086 1290
1290 130
1290 188
130 987
987 1497
1497 2107
2107 2563
2563 322
2563 613
322 2170
2170 576
576 1087
576 2511
1087 1464
1087 2723
1464 1045
1464 1072
1045 914
914 451
451 1734
451 305
1734 2311
2311 156
156 544
544 1016
544 1102
1016 2701
1016 1157
2701 12
12 251
251 1741
251 2172
1741 735
735 1543
1543 1151
1151 686
1151 422
686 1821
686 221
1821 2498
2498 1465
2498 830
1465 695
695 383
695 398
383 2443
383 2013
2443 1792
2443 2579
1792 537
537 233
233 558
558 2415
558 2225
2415 764
2415 2124
764 1444
764 2612
1444 2533
1444 706
2533 1433
1433 2428
1433 2343
2428 2689
2689 2365
2365 1777
1777 2035
1777 2403
2035 1408
1408 1995
1408 1615
1995 348
348 960
960 1164
1164 2513
2513 487
487 137
137 1254
1254 82
82 625
625 2386
625 2047
2386 547
547 369
369 1951
369 2381
1951 1189
1189 1901
1189 2702
1901 610
1901 947
610 676
610 2037
676 254
676 337
254 2063
2063 1563
2063 1518
1563 1648
1563 891
1648 1266
1648 382
1266 2580
1266 2351
2580 1599
1599 2420
2420 1441
2420 2422
1441 278
1441 824
278 2733
278 2144
2733 1209
1209 556
556 2229
2229 45
45 1966
1966 2394
1966 868
2394 1749
2394 456
1749 1760
1749 1503
1760 924
924 199
199 608
199 751
608 1764
608 413
1764 2398
2398 2704
2704 450
450 1512
1512 812
1512 783
812 2374
2374 1993
1993 525
1993 2263
525 2284
2284 1940
2284 521
1940 376
376 1729
1729 2541
2541 1383
2541 2246
1383 559
1383 1319
559 2304
559 571
2304 2623
2304 2316
2623 617
617 2260
2260 632
632 722
722 2453
722 1255
2453 873
2453 1811
873 2396
873 499
2396 1082
1082 2222
1082 1394
2222 1602
2222 173
1602 1014
1602 1084
1014 68
1014 1260
68 2471
68 1061
2471 2464
2471 859
2464 2501
2464 890
2501 91
91 2327
91 1193
2327 2068
2327 2468
2068 2023
2068 285
2023 675
2023 2243
675 2400
675 1610
2400 1273
1273 1703
1273 802
1703 920
920 1391
920 152
1391 2002
1391 1425
2002 2272
2272 1133
2272 1793
1133 1698
1133 1230
1698 2220
2220 2210
2210 803
803 969
969 543
969 1836
543 2474
543 1188
2474 2017
2474 431
2017 2505
2017 1758
2505 1354
2505 2133
1354 2200
1354 54
2200 380
2200 1147
380 2661
380 2631
2661 2648
2661 1451
2648 2472
2472 894
894 350
894 2326
350 2007
2007 1438
2007 1895
1438 1939
1939 1467
1467 1640
1467 767
1640 1348
1640 477
1348 2115
2115 2620
2115 1423
2620 1676
2620 552
1676 1509
1676 845
1509 2198
2198 2510
2198 1621
2510 1761
1761 523
1761 1786
523 708
523 1998
708 1560
1560 160
160 811
160 1689
811 719
811 2509
719 2167
2167 1292
2167 663
1292 553
553 2570
553 222
2570 1674
2570 9
1674 1413
1674 1096
1413 717
717 1175
1175 1317
1175 2617
1317 754
1317 749
754 2629
2629 1590
1590 2732
2732 2108
2108 967
967 88
967 2213
88 821
88 2393
821 2137
2137 1130
2137 2143
1130 1684
1684 2277
2277 660
2277 1949
660 2521
2521 253
253 343
343 2184
343 2138
2184 2061
2061 1138
2061 2729
1138 2711
1138 835
2711 342
342 846
342 1910
846 53
53 1202
1202 437
437 2412
2412 247
247 2583
2583 175
175 2618
2618 1088
2618 2285
1088 1893
1088 1720
1893 115
115 1030
1030 232
232 1053
1053 2197
1053 585
2197 408
408 2281
408 1625
2281 2188
2188 864
864 389
389 531
389 1046
531 1853
531 573
1853 1195
1853 2111
1195 2265
2265 1340
1340 77
77 930
77 1270
930 307
307 274
307 2371
274 2324
274 2552
2324 702
2324 1460
702 530
530 1700
530 1406
1700 1268
1268 346
346 1564
1564 662
1564 2080
662 464
464 190
464 172
190 486
486 1256
1256 2341
2341 750
2341 1462
750 315
750 2529
315 1562
1562 1126
1126 2555
2555 1630
2555 2004
1630 2129
2129 518
2129 511
518 2582
2582 1448
1448 1830
1448 895
1830 753
753 1574
753 2719
1574 349
349 1042
349 1419
1042 728
1042 938
728 2088
728 427
2088 2204
2204 260
2204 2625
260 264
260 2452
264 1009
1009 1
1009 782
1 283
283 774
774 2012
774 2279
2012 1645
1645 1368
1368 255
1368 1921
255 2294
2294 1919
2294 1638
1919 2391
1919 2634
2391 74
2391 1051
74 1929
1929 1867
1929 96
1867 2697
1867 923
2697 1857
1857 2695
1857 2614
2695 2411
2695 1617
2411 1588
1588 2141
2141 272
2141 48
272 2297
2297 2632
2297 36
2632 64
64 2100
64 765
2100 2377
2377 2708
2377 957
2708 2242
2242 1483
1483 467
467 837
837 1356
1356 1093
1093 2603
2603 743
2603 120
743 928
928 1112
928 918
1112 2335
1112 363
2335 2174
2335 1491
2174 420
2174 2712
420 2219
2219 1717
2219 1752
1717 2678
2678 565
2678 2385
565 2237
565 2633
2237 1479
2237 701
1479 2546
2546 397
397 2654
397 379
2654 341
341 823
341 1398
823 1487
1487 881
1487 1078
881 510
881 1085
510 1217
1217 334
1217 2083
334 2586
2586 1686
2586 1313
1686 600
600 780
780 85
780 2342
85 1573
1573 1550
1573 550
1550 770
770 2069
2069 2465
2069 1875
2465 39
39 2715
39 853
2715 458
458 24
24 596
596 1766
596 457
1766 332
332 178
178 763
178 2430
763 141
763 1283
141 2457
2457 1774
1774 1832
1774 2078
1832 98
1832 1903
98 2456
98 512
2456 959
959 2566
2566 1531
2566 1851
1531 1321
1531 748
1321 2446
2446 2261
2261 1008
1008 1644
1008 979
1644 1472
1644 364
1472 1898
1898 1915
1898 118
1915 1942
1942 134
134 128
128 325
128 1165
325 736
736 1028
736 1977
1028 707
707 535
535 267
267 1892
1892 819
1892 2380
819 1956
819 2642
1956 1623
1956 19
1623 279
279 2652
279 1888
2652 779
2652 2022
779 2214
2214 554
2214 654
554 1159
554 1331
1159 2438
2438 1779
1779 2003
1779 1620
2003 326
326 404
326 448
404 1952
1952 2684
1952 1303
2684 907
2684 1221
907 2584
2584 1328
1328 311
311 212
311 18
212 2308
212 2717
2308 1277
2308 1928
1277 570
1277 1908
570 798
570 2687
798 1795
798 1311
1795 1223
1795 526
1223 2147
1223 1722
2147 759
2147 1056
759 1304
759 423
1304 37
1304 875
37 1469
37 858
1469 192
1469 1941
192 1128
192 897
1128 418
418 2682
418 2182
2682 599
2682 1706
599 2176
2176 2123
2176 1508
2123 1161
2123 1342
1161 1025
1025 742
742 1841
1841 113
1841 1185
113 761
113 1784
761 2595
2595 2624
2624 2283
2283 2516
2283 1664
2516 356
356 1401
1401 2699
2699 1528
1528 1778
1778 1616
1778 1912
1616 1017
1017 574
1017 1955
574 2573
574 149
2573 916
916 500
916 1762
500 2099
2099 2685
2099 258
2685 218
2685 1064
218 2681
218 275
2681 1499
2681 1357
1499 2691
2691 2576
2691 1822
2576 758
2576 2556
758 99
758 626
99 849
849 2450
2450 1389
1389 601
601 2120
601 167
2120 2387
2120 1498
2387 710
710 810
810 549
810 1282
549 1405
1405 795
795 2676
795 2131
2676 711
2676 142
711 644
711 1111
644 1985
1985 2460
2460 685
2460 150
685 692
692 681
681 725
681 73
725 2163
725 231
2163 1302
2163 1396
1302 1728
1302 1997
1728 1347
1728 689
1347 108
108 1781
1781 1376
1376 2384
1376 630
2384 2293
2293 624
624 2577
624 1378
2577 1149
1149 2383
1149 2258
2383 1449
1449 1591
1591 2433
1591 2039
2433 940
940 1333
940 2508
1333 664
664 2557
664 465
2557 230
230 2568
230 1727
2568 1381
1381 843
843 490
843 377
490 1529
490 1808
1529 755
1529 870
755 2205
755 2194
2205 1360
2205 1426
1360 1723
1360 239
1723 586
1723 1500
586 447
447 1890
1890 374
1890 1122
374 198
374 1062
198 2273
198 466
2273 1463
1463 1176
1463 2630
1176 476
1176 2025
476 1935
476 1819
1935 2266
2266 2125
2125 693
2125 1430
693 1695
1695 635
1695 536
635 1996
635 1578
1996 1174
1174 1946
1174 2052
1946 1943
1943 2307
1943 1606
2307 2286
2307 1123
2286 46
46 249
46 1314
249 1011
249 673
1011 809
809 2224
2224 592
592 1190
1190 2315
1190 2306
2315 104
2315 1187
104 1388
104 955
1388 1537
1388 2126
1537 1661
1661 153
153 2491
153 2487
2491 347
347 877
347 1298
877 886
877 1335
886 1871
886 1286
1871 1129
1129 578
578 365
578 1902
365 2680
365 2500
2680 1091
2680 1510
1091 2356
2356 2392
2392 1119
2392 2122
1119 1733
1119 1827
1733 1173
1173 1003
1003 1199
1003 935
1199 336
336 638
336 405
638 1924
638 1768
1924 1868
1924 2274
1868 2619
2619 488
488 2713
488 2071
2713 169
2713 1809
169 696
696 1643
1643 309
309 1167
309 229
1167 793
1167 1653
793 2705
793 1048
2705 1037
2705 1022
1037 1493
1493 595
595 652
595 588
652 1207
1207 1024
1207 2165
1024 997
1024 1702
997 296
296 615
615 1776
615 1341
1776 1145
1776 1337
1145 1592
1592 2395
1592 1377
2395 1294
1294 288
288 801
801 2602
801 2264
2602 179
179 589
589 207
589 491
207 2332
207 1191
2332 2481
2481 519
519 2268
519 2518
2268 2046
2268 345
2046 629
629 2355
2355 301
301 1124
1124 2336
1124 505
2336 2419
2419 1708
1708 1757
1757 211
1757 202
211 2005
211 634
2005 62
2005 2690
62 2189
62 1685
2189 2390
2189 205
2390 1515
1515 277
277 1879
277 2367
1879 2613
1879 2666
2613 2622
2613 616
2622 922
2622 143
922 1694
1694 2665
2665 1831
1831 2217
2217 225
2217 372
225 1251
1251 621
1251 1873
621 144
144 265
144 639
265 2550
2550 557
2550 1106
557 797
557 494
797 929
797 276
929 1076
929 988
1076 471
471 1746
471 1920
1746 1731
1731 945
945 2132
945 1238
2132 1323
2132 1507
1323 2087
2087 72
72 726
72 1033
726 694
694 1618
1618 2008
2008 1229
2008 400
1229 769
769 1372
1372 417
1372 1505
417 1364
1364 1576
1364 2256
1576 66
66 2547
66 1605
2547 2303
2547 2590
2303 1520
2303 2449
1520 17
17 2028
17 805
2028 2299
2028 1906
2299 1679
2299 911
1679 1672
1672 2484
1672 2728
2484 508
508 1965
1965 2548
2548 1848
2548 1974
1848 661
661 1468
1468 138
138 2401
2401 2027
2027 1117
1117 1850
1117 495
1850 2103
2103 533
533 259
259 195
259 1545
195 871
871 1668
871 1295
1668 1338
1338 2477
1338 1409
2477 971
2477 1633
971 25
971 2287
25 2206
2206 187
187 2045
187 666
2045 1021
2045 2445
1021 2597
1021 1459
2597 287
2597 1626
287 2155
2155 354
354 302
302 2235
302 162
2235 2406
2406 2727
2406 266
2727 1743
2727 1611
1743 51
51 700
700 1683
700 925
1683 1878
1878 1245
1878 1913
1245 1817
1245 1083
1817 100
100 1210
1210 2058
2058 731
731 1681
1681 401
401 351
401 1146
351 127
127 157
127 2135
157 2240
2240 1040
2240 2525
1040 1880
1040 1006
1880 2161
2161 1525
2161 646
1525 1726
1726 1262
1262 952
1262 2340
952 2466
2466 2479
2479 1657
1657 515
515 1385
515 2616
1385 304
304 1705
1705 1320
1320 1265
1265 1905
1265 403
1905 2357
1905 310
2357 1121
1121 1659
1659 1288
1288 295
295 443
295 2562
443 910
910 340
910 2075
340 461
340 1976
461 1978
1978 889
1978 813
889 540
540 2693
2693 1926
1926 135
135 1248
1248 52
1248 2301
52 1596
1596 667
667 1148
1148 1271
1148 1232
1271 569
1271 2251
569 29
29 146
29 1660
146 2675
146 498
2675 2462
2675 1204
2462 298
2462 2166
298 1807
1807 949
1807 463
949 1877
949 329
1877 2253
1877 2655
2253 97
97 2483
97 2248
2483 720
720 1557
720 1110
1557 2734
2734 1514
2734 2057
1514 2600
1514 687
2600 1953
2600 1032
1953 1492
1492 1345
1345 2531
2531 1846
2531 237
1846 534
1846 1876
534 862
534 1542
862 2186
862 1137
2186 158
158 371
158 2408
371 2610
371 23
2610 648
2610 1118
648 732
648 1063
732 2105
732 1471
2105 2591
2591 1595
1595 38
38 1227
38 21
1227 1004
1004 1481
1004 2269
1481 148
1481 1307
148 1428
1428 1366
1366 1236
1366 2553
1236 2382
1236 1522
2382 147
2382 240
147 424
424 1990
424 453
1990 1989
1990 333
1989 1869
1869 1572
1572 318
318 1281
318 360
1281 659
659 1859
659 2564
1859 2581
2581 645
645 1050
645 1628
1050 1116
1116 381
381 899
899 2346
899 2615
2346 1023
2346 2077
1023 974
1023 941
974 1988
974 1458
1988 1526
1526 1506
1506 1835
1835 1957
1835 2447
1957 975
1957 1663
975 460
460 2146
460 235
2146 455
455 1470
455 2418
1470 2372
2372 1332
2372 131
1332 982
1332 2558
982 1352
982 892
1352 22
22 1090
22 1363
1090 1680
1680 2651
2651 1968
1968 2101
1968 1310
2101 628
628 1936
628 2440
1936 281
1936 123
281 514
514 1104
1104 1100
1104 705
1100 392
1100 436
392 1067
392 193
1067 109
1067 2455
109 2354
2354 1642
1642 1963
1642 1418
1963 1140
1140 2331
2331 2056
2056 1474
2056 842
1474 168
168 2011
168 2127
2011 883
883 563
883 631
563 1565
1565 2454
2454 473
2454 970
473 785
785 1959
785 1639
1959 2526
2526 1134
1134 903
1134 915
903 2507
903 999
2507 2517
2517 768
2517 1654
768 1516
1516 2117
1516 208
2117 2572
2572 1970
2572 1647
1970 1569
1970 656
1569 879
1569 1575
879 361
879 185
361 1224
361 836
1224 1883
1883 1269
1883 658
1269 1054
1054 2639
2639 863
863 1222
1222 1904
1222 1412
1904 1094
1904 1353
1094 2275
2275 1306
1306 1582
1582 2074
1582 2397
2074 1540
2074 1790
1540 605
1540 2686
605 1168
1168 1375
1375 78
78 2519
2519 119
2519 834
119 943
119 1280
943 1669
943 2598
1669 2140
2140 1181
1181 762
762 2128
762 1501
2128 2019
2019 366
366 2065
2065 522
522 2323
522 981
2323 2267
2267 2688
2267 2309
2688 1549
2688 1796
1549 2196
2196 1872
1872 991
1872 825
991 1362
1362 2441
2441 2724
2724 2169
2724 1646
2169 1737
2169 1392
1737 2730
1737 1918
2730 1999
1999 2376
1999 1261
2376 1113
2376 855
1113 1043
1043 95
1043 516
95 878
878 2461
2461 2638
2461 257
2638 1144
2638 2328
1144 826
826 1365
1365 282
1365 1987
282 2116
282 898
2116 1264
1264 2640
2640 1132
1132 1693
1132 1213
1693 2270
2270 1847
2270 1058
1847 2544
1847 1158
2544 618
2544 740
618 262
618 2532
262 927
262 2560
927 529
927 1637
529 1699
1699 1587
1699 2504
1587 832
832 485
832 1948
485 827
485 772
827 1182
1182 87
87 1476
87 124
1476 775
1476 2645
775 176
775 1139
176 1739
1739 2716
2716 89
2716 1783
89 1546
89 2215
1546 316
1546 964
316 430
430 1059
1059 2476
1059 1216
2476 2463
2476 2567
2463 1013
1013 2596
1013 865
2596 820
2596 215
820 1484
1484 1336
1336 1983
1336 1343
1983 2271
2271 2707
2707 67
2707 1938
67 561
561 1155
1155 2168
2168 885
885 2041
2041 1866
2041 1536
1866 738
1866 2066
738 2252
2252 410
410 2606
410 1208
2606 312
312 1203
1203 1244
1244 1975
1244 1812
1975 81
81 14
14 2379
14 86
2379 598
598 1099
1099 2199
2199 1198
2199 3
1198 1834
1198 1434
1834 562
562 796
796 1420
796 2322
1420 2429
2429 2673
2673 2664
2664 1446
2664 1740
1446 655
655 1931
655 1369
1931 932
932 2228
2228 2497
2228 1079
2497 1386
1386 1041
1041 937
1041 1101
937 2437
2437 2578
2578 93
2578 1716
93 2320
2320 2436
2320 2112
2436 1721
1721 1432
1432 170
1432 931
170 1439
1439 572
1439 1393
572 2459
2459 2230
2459 984
2230 226
226 1170
1170 2399
2399 2338
2338 220
2338 620
220 2413
2413 643
643 13
13 1486
1486 1579
1579 1142
1579 1561
1142 1954
1142 359
1954 1909
1954 1160
1909 2352
1909 637
2352 1103
2352 1619
1103 2280
2280 414
2280 771
414 2038
414 1521
2038 583
583 2373
583 2223
2373 1329
2373 244
1329 291
291 746
746 506
746 386
506 201
201 321
201 680
321 2015
321 2164
2015 2506
2506 2574
2506 1769
2574 273
2574 2298
273 394
273 1629
394 1927
394 980
1927 411
1927 4
411 1154
1154 1947
1947 1650
1650 472
472 2515
472 1586
2515 2044
2044 2706
2706 958
958 387
958 1055
387 2709
2709 1077
1077 399
1077 1673
399 2296
2296 132
2296 1751
132 682
132 1308
682 2009
682 2426
2009 2072
2072 1136
1136 2148
1136 724
2148 1259
1259 2609
2609 917
2609 1184
917 1038
917 1982
1038 1350
1350 1806
1350 2499
1806 1324
1324 2344
2344 2611
2344 2241
2611 2644
2611 1840
2644 2467
2467 781
2467 2001
781 483
781 1177
483 567
567 1861
567 2086
1861 261
261 1172
261 856
1172 900
1172 1440
900 1675
900 271
1675 2209
1675 714
2209 1494
2209 1473
1494 1018
1494 70
1018 433
433 2735
433 55
2735 734
734 684
684 1930
684 1447
1930 2538
2538 2667
2538 2503
2667 602
2667 56
602 161
602 1169
161 709
161 2731
709 65
709 2064
65 1655
1655 1535
1655 2369
1535 640
1535 2314
640 1214
640 2042
1214 1801
1214 1971
1801 1666
1666 402
402 1200
1200 2592
2592 2423
2423 1969
2423 502
1969 1109
1109 1414
1109 990
1414 2278
1414 1049
2278 284
2278 698
284 2703
2703 293
293 2646
2646 474
2646 647
474 2668
2668 1239
2668 27
1239 2090
1239 1593
2090 165
2090 2257
165 1276
165 627
1276 806
1276 2329
806 481
806 2059
481 2714
2714 2313
2714 703
2313 538
538 546
546 1243
546 197
1243 1127
1243 956
1127 2152
1127 1735
2152 513
2152 2347
513 2514
2514 164
164 697
164 1150
697 2537
697 224
2537 362
362 1373
362 2218
1373 1218
1218 2528
2528 1415
1415 1349
1349 977
1349 2191
977 1780
977 468
1780 1316
1316 1667
1667 791
1667 2179
791 1437
1437 2404
2404 2588
2588 844
844 2359
2359 107
107 815
107 5
815 2643
2643 492
2643 1495
492 2522
492 784
2522 1862
2522 804
1862 2358
2358 517
2358 807
517 2486
517 323
2486 1771
2486 1250
1771 1070
1771 934
1070 2585
2585 1541
1541 996
996 1631
996 1860
1631 2549
1631 2234
2549 1456
1456 2060
1456 564
2060 2014
2014 1887
1887 672
1887 1986
672 1981
672 2193
1981 151
151 1556
1556 1964
1964 1797
1964 1651
1797 1163
1163 744
744 2635
744 2362
2635 484
2635 1730
484 1687
1687 292
1687 1852
292 788
788 1604
788 669
1604 94
94 1427
94 1844
1427 840
840 2050
840 993
2050 594
2050 1548
594 2262
594 1874
2262 1682
2262 677
1682 1436
1436 1411
1411 1589
1411 1886
1589 527
527 2360
527 1461
2360 375
2360 1704
375 1454
375 730
1454 1171
1171 1443
1443 33
1443 2637
33 1346
33 439
1346 1044
1346 2317
1044 2478
1044 1166
2478 1551
2478 2091
1551 330
330 121
121 2424
121 2067
2424 653
2424 1410
653 106
653 1798
106 313
313 1517
313 1816
1517 2726
1517 335
2726 289
289 2535
289 649
2535 2202
2202 933
933 1979
933 2154
1979 1813
1813 391
1813 11
391 496
496 421
421 2672
2672 1351
2672 493
1351 1713
1713 482
482 985
482 388
985 2345
985 2542
2345 290
2345 204
290 2361
2361 370
2361 1380
370 1367
1367 297
297 623
623 1697
1697 43
1697 425
43 209
43 75
209 691
209 1178
691 71
71 2337
2337 829
2337 2040
829 1523
1523 1080
1080 1431
1080 1068
1431 2720
1431 1823
2720 2663
2720 2599
2663 1293
1293 2569
2569 1524
1524 902
1524 713
902 942
942 26
942 1201
26 2414
2414 390
390 58
58 213
213 1206
213 1692
1206 1577
1577 896
1577 2159
896 183
183 1707
183 2540
1707 1114
1114 1897
1114 1036
1897 2402
1897 2543
2402 2334
2334 1125
1125 657
657 2145
657 2181
2145 1034
2145 200
1034 294
294 407
407 105
407 641
105 2302
2302 851
2302 1742
851 2119
851 2178
2119 2409
2409 2183
2183 444
444 1026
444 59
1026 1715
1026 963
1715 860
860 1397
860 139
1397 1435
1435 61
1435 668
61 2254
2254 1258
2254 2151
1258 41
41 1422
41 2490
1422 2561
2561 1000
1000 440
1000 2339
440 1991
1991 1950
1991 1992
1950 792
792 1012
1012 1747
1012 921
1747 1005
1005 34
34 186
186 1219
186 2658
1219 1001
1001 114
114 2605
114 1690
2605 1489
1489 1429
1429 2104
1429 1907
2104 1581
2104 2641
1581 112
1581 1326
112 1455
1455 1225
1225 1035
1225 1390
1035 2121
2121 2545
2121 228
2545 1568
1568 2470
1568 876
2470 2139
2470 1010
