6 708 3
1 4
4 2
4 6
2 5
5 3
532 521
532 662
521 157
157 251
157 562
251 697
251 450
697 677
677 457
457 279
279 706
279 632
706 618
706 245
618 152
152 351
152 121
351 19
351 207
19 93
93 541
93 13
541 321
541 439
321 682
682 88
682 545
88 602
88 538
602 483
602 447
483 498
498 477
477 454
454 508
454 6
508 124
508 524
124 434
124 555
434 328
434 381
328 94
94 453
94 354
453 10
453 181
10 353
353 708
353 634
708 685
708 430
685 593
685 624
593 686
686 490
490 274
274 110
274 45
110 237
110 339
237 319
237 676
319 31
31 552
31 275
552 190
552 327
190 186
190 436
186 707
186 418
707 472
707 160
472 64
64 359
359 491
359 48
491 528
491 53
528 443
528 407
443 433
433 523
523 49
523 224
49 338
338 564
338 249
564 657
657 256
256 428
256 493
428 320
428 654
320 175
320 695
175 272
272 104
104 604
604 108
108 18
18 306
306 386
386 419
386 379
419 600
419 382
600 666
600 33
666 142
666 99
142 621
142 540
621 628
628 688
688 392
392 516
516 456
516 38
456 54
54 596
596 575
596 586
575 401
575 179
401 614
401 317
614 402
614 547
402 199
199 164
164 246
246 1
246 7
1 288
288 244
244 167
167 699
167 462
699 349
349 499
499 368
499 316
368 159
368 360
159 517
517 458
517 116
458 17
17 572
572 271
271 324
324 261
261 341
261 414
341 225
225 429
429 239
239 585
239 611
585 488
585 37
488 297
488 307
297 487
487 41
487 347
41 362
41 187
362 169
169 233
169 673
233 451
451 597
597 299
597 577
299 422
299 171
422 661
661 238
238 378
238 448
378 380
380 343
380 665
343 627
343 345
627 480
480 594
480 553
594 166
594 543
166 539
539 91
539 558
91 149
149 426
149 168
426 258
258 475
475 302
302 109
109 74
74 250
74 513
250 603
250 533
603 68
603 97
68 221
68 211
221 609
609 76
76 34
76 305
34 352
34 355
352 188
352 81
188 656
188 658
656 567
567 356
567 599
356 468
468 702
468 315
702 276
702 622
276 678
276 591
678 28
28 376
376 705
376 531
705 675
675 440
675 144
440 551
440 568
551 641
551 617
641 500
500 62
62 544
544 441
544 455
441 529
441 412
529 526
529 46
526 98
98 497
98 511
497 525
525 693
693 193
693 481
193 478
478 177
478 122
177 119
119 311
311 229
311 301
229 363
229 506
363 281
363 117
281 192
281 247
192 546
192 174
546 554
546 283
554 507
554 180
507 606
606 27
606 127
27 313
27 57
313 194
194 659
194 461
659 556
556 494
494 112
494 185
112 463
112 84
463 236
236 15
236 408
15 580
580 12
12 264
12 370
264 154
154 218
154 310
218 590
218 420
590 5
590 280
5 60
60 384
60 139
384 83
384 248
83 681
83 369
681 145
145 631
631 615
615 295
615 252
295 132
295 671
132 703
132 87
703 389
703 161
389 11
389 137
11 219
219 255
219 465
255 52
255 254
52 652
652 43
43 182
182 605
605 366
605 242
366 140
140 285
285 679
679 470
470 560
470 267
560 535
560 569
535 92
92 691
691 165
165 100
100 669
669 404
404 131
131 626
131 464
626 270
626 550
270 82
270 395
82 364
364 325
325 314
325 334
314 633
314 680
633 344
344 459
344 55
459 692
459 35
692 601
692 113
601 66
601 335
66 501
66 398
501 484
501 406
484 78
484 584
78 479
479 694
479 39
694 8
8 136
136 202
202 241
202 226
241 240
241 649
240 411
411 146
411 668
146 587
587 342
342 651
651 534
651 318
534 571
534 107
571 201
201 102
102 421
421 227
227 650
650 635
650 130
635 138
635 640
138 80
80 106
106 198
198 704
704 663
663 135
135 203
135 61
203 607
607 173
607 504
173 150
150 576
150 294
576 125
576 502
125 512
512 642
512 660
642 573
573 262
573 548
262 527
262 195
527 684
527 191
684 579
684 522
579 269
269 566
566 129
129 286
129 690
286 120
286 293
120 496
496 549
496 358
549 613
549 466
613 210
210 322
322 467
467 578
578 220
578 582
220 25
25 71
71 373
71 183
373 385
373 50
385 394
394 672
672 243
672 44
243 4
4 103
103 581
103 474
581 128
581 273
128 698
698 126
698 510
126 530
530 520
520 509
509 557
557 32
32 235
235 536
536 282
282 674
674 348
674 570
348 409
348 655
409 444
409 312
444 289
289 492
492 114
114 415
415 630
630 367
367 105
367 333
105 147
105 291
147 20
147 277
20 329
20 51
329 204
329 400
204 189
189 563
189 123
563 259
563 417
259 619
259 636
619 196
619 387
196 410
196 375
410 263
263 643
263 24
643 304
304 383
304 298
383 425
383 184
425 29
425 222
29 303
303 648
303 290
648 446
446 390
446 77
390 86
86 701
86 449
701 156
701 2
156 79
79 178
79 670
178 350
178 357
350 234
350 268
234 134
134 393
134 396
393 610
610 361
361 59
59 213
213 63
213 23
63 608
63 346
608 598
608 438
598 155
155 309
155 616
309 644
644 330
644 519
330 14
330 69
14 495
14 371
495 629
495 460
629 3
3 56
56 340
56 292
340 16
16 452
452 85
452 197
85 115
85 623
115 416
115 216
416 214
416 143
214 58
214 215
58 95
58 442
95 515
95 205
515 223
223 423
423 326
423 22
326 683
326 592
683 700
683 514
700 625
625 365
365 90
90 151
151 399
399 432
432 231
231 141
231 89
141 133
133 308
133 9
308 639
639 257
257 209
257 431
209 101
101 230
101 40
230 518
230 65
518 158
158 647
647 296
647 583
296 336
296 26
336 228
228 574
228 172
574 36
36 260
36 653
260 427
260 217
427 331
331 111
111 405
111 332
405 72
405 503
72 266
72 374
266 278
266 505
278 561
278 469
561 47
561 21
47 482
47 70
482 388
388 646
646 424
646 638
424 75
424 232
75 397
75 206
397 287
287 30
287 476
30 96
96 300
300 637
300 589
637 176
176 391
176 696
391 323
323 612
612 485
612 473
485 170
170 73
170 413
73 200
200 486
200 284
486 372
486 489
372 148
148 595
595 471
471 559
471 153
559 265
559 403
265 437
437 377
377 253
377 445
253 620
253 565
620 42
42 118
118 435
435 163
163 689
163 337
689 162
162 667
162 537
667 588
588 67
67 645
67 212
645 664
645 687
664 542
664 208
