29 975 70
12 23
23 5
23 1
5 22
5 24
22 2
2 15
15 26
26 21
26 3
21 25
25 7
25 14
7 11
11 17
17 29
29 6
6 8
6 19
8 27
8 18
27 16
16 9
9 10
10 28
28 4
4 13
4 20
637 464
464 788
464 805
788 182
182 391
391 577
577 881
577 85
881 855
881 850
855 885
885 407
407 720
407 44
720 781
781 822
822 797
822 571
797 276
797 452
276 959
959 721
721 21
21 880
21 939
880 211
211 373
211 628
373 587
587 19
587 667
19 362
19 652
362 687
687 656
656 741
656 792
741 865
741 313
865 529
529 664
529 968
664 708
664 261
708 830
830 555
555 228
555 750
228 184
184 634
184 157
634 512
634 101
512 142
512 127
142 265
142 848
265 77
265 545
77 114
114 530
114 971
530 351
530 812
351 931
931 271
931 481
271 704
704 63
704 727
63 151
151 498
151 378
498 322
498 520
322 854
854 957
854 345
957 208
208 890
208 914
890 243
890 175
243 514
514 963
514 618
963 164
963 255
164 298
298 236
298 371
236 280
236 847
280 786
786 569
569 342
569 663
342 410
410 794
794 67
794 768
67 766
67 71
766 732
732 222
732 402
222 200
200 635
200 834
635 755
635 414
755 810
755 252
810 344
810 647
344 319
344 365
319 703
703 629
629 730
629 75
730 525
525 841
841 159
841 234
159 843
159 904
843 478
478 510
478 662
510 532
532 216
216 112
112 829
112 504
829 722
722 144
722 583
144 603
144 90
603 769
769 235
235 726
235 424
726 546
726 780
546 889
889 412
412 83
83 54
83 623
54 484
54 134
484 807
807 445
807 387
445 453
445 59
453 654
654 955
955 226
955 643
226 945
226 913
945 6
945 588
6 178
178 308
308 293
293 775
775 533
533 632
632 275
632 518
275 745
275 614
745 43
745 705
43 799
43 737
799 954
799 145
954 495
954 116
495 859
859 106
859 347
106 858
106 386
858 600
858 60
600 790
790 382
790 942
382 421
421 249
249 511
249 229
511 404
404 758
404 961
758 152
152 393
152 919
393 469
393 949
469 137
469 565
137 864
137 744
864 241
864 47
241 179
179 840
840 111
111 557
557 420
557 574
420 645
420 259
645 912
912 277
912 717
277 206
277 113
206 751
751 831
751 263
831 668
668 861
668 879
861 735
735 475
735 70
475 676
475 492
676 547
547 5
547 430
5 691
691 513
691 813
513 724
724 314
314 130
130 324
324 915
324 168
915 679
915 659
679 105
679 409
105 213
105 81
213 568
568 348
568 78
348 539
539 702
702 245
702 39
245 358
245 104
358 223
358 857
223 609
223 491
609 956
956 814
814 476
476 759
759 212
212 808
808 53
53 310
53 515
310 202
310 655
202 825
825 227
825 844
227 657
657 888
657 731
888 57
888 874
57 694
57 153
694 666
694 305
666 669
666 3
669 291
669 950
291 454
291 541
454 33
454 743
33 648
33 343
648 230
230 589
589 852
589 872
852 68
68 353
353 326
326 119
119 69
119 803
69 824
824 108
108 432
432 650
432 733
650 82
82 487
82 266
487 677
487 411
677 161
161 832
161 74
832 909
909 311
909 964
311 575
575 860
860 932
860 329
932 543
543 736
543 754
736 974
736 923
974 300
974 302
300 494
494 970
970 146
146 922
146 390
922 902
922 219
902 279
902 383
279 415
279 331
415 894
415 64
894 232
232 590
232 258
590 439
590 653
439 540
439 819
540 815
540 366
815 651
815 367
651 536
651 356
536 297
297 244
244 585
585 793
793 456
456 189
189 785
189 376
785 605
785 287
605 796
605 340
796 187
187 806
187 354
806 497
806 748
497 698
497 930
698 558
558 76
76 802
802 561
561 522
522 746
522 798
746 503
746 467
503 521
503 811
521 203
521 552
203 905
905 99
905 818
99 853
853 24
853 416
24 946
24 132
946 771
946 413
771 607
771 591
607 933
933 471
933 965
471 929
471 633
929 169
169 338
338 697
697 225
697 320
225 908
225 270
908 363
363 170
363 256
170 560
170 51
560 273
560 254
273 31
273 486
31 686
31 777
686 10
686 470
10 148
148 712
712 34
712 437
34 93
93 239
93 372
239 199
199 52
52 550
550 920
550 143
920 197
920 233
197 627
627 289
627 501
289 460
289 209
460 56
56 194
56 661
194 154
194 884
154 620
154 448
620 670
620 910
670 875
875 838
875 752
838 285
285 242
242 328
242 870
328 172
172 551
172 883
551 250
551 608
250 927
250 757
927 220
927 899
220 303
220 349
303 102
102 960
960 715
715 109
109 221
221 886
221 592
886 80
80 368
80 918
368 162
368 87
162 602
162 269
602 673
602 288
673 706
673 45
706 140
140 821
140 710
821 96
821 867
96 610
96 389
610 91
610 48
91 597
597 684
597 554
684 341
341 878
878 570
878 660
570 719
719 309
309 784
309 262
784 315
784 599
315 392
315 434
392 22
392 440
22 975
975 801
801 962
962 121
121 701
121 680
701 921
701 688
921 617
921 594
617 502
617 631
502 455
455 185
185 683
683 238
238 862
862 86
86 606
606 425
606 553
425 896
425 16
896 542
896 463
542 50
50 612
50 958
612 649
612 474
649 399
649 900
399 490
399 936
490 339
490 23
339 658
339 323
658 110
658 937
110 526
526 9
9 947
947 32
32 636
32 973
636 951
951 397
951 160
397 506
506 401
401 823
823 290
290 125
125 548
125 468
548 837
548 809
837 681
681 400
681 509
400 278
400 375
278 882
882 485
485 408
485 928
408 158
408 682
158 286
286 444
444 938
444 281
938 916
916 98
916 845
98 191
191 924
191 969
924 917
924 718
917 95
917 62
95 248
248 292
248 11
292 451
292 742
451 141
451 616
141 925
141 359
925 747
925 782
747 88
88 891
88 419
891 581
891 770
581 215
581 615
215 374
374 761
374 28
761 700
700 579
579 952
952 641
952 283
641 163
163 435
163 800
435 174
435 753
174 186
174 462
186 871
186 613
871 483
483 816
816 675
675 646
646 524
646 447
524 418
524 713
418 624
624 935
935 934
935 835
934 940
940 839
940 580
839 479
479 493
493 489
489 49
489 147
49 396
396 549
396 582
549 214
214 118
214 621
118 622
118 739
622 449
622 207
449 360
360 65
65 566
566 428
428 394
428 7
394 251
394 563
251 427
251 46
427 355
355 523
355 538
523 423
423 171
423 672
171 40
40 458
40 334
458 826
826 384
384 284
384 640
284 316
284 224
316 473
316 596
473 465
473 639
465 18
18 196
196 625
196 567
625 321
321 1
321 459
1 282
282 72
72 876
72 749
876 38
876 369
38 450
38 764
450 204
204 507
507 442
442 274
442 642
274 441
274 139
441 519
441 180
519 559
559 689
559 181
689 738
738 499
738 516
499 333
333 296
333 128
296 15
15 630
630 438
630 477
438 403
403 124
124 380
124 388
380 534
534 728
534 827
728 120
728 150
120 578
120 598
578 895
578 696
895 301
895 842
301 247
247 149
149 692
149 395
692 480
692 472
480 433
480 36
433 508
508 611
508 237
611 626
611 531
626 897
626 218
897 595
595 306
306 4
306 762
4 183
183 417
417 898
898 564
898 537
564 505
564 685
505 911
505 97
911 267
267 856
267 327
856 330
856 926
330 756
756 117
756 58
117 42
42 868
42 763
868 107
107 346
346 2
346 690
2 126
126 37
37 317
37 264
317 192
317 155
192 17
192 190
17 716
716 8
716 257
8 562
562 873
873 318
873 535
318 136
136 765
765 723
765 972
723 268
268 304
304 907
907 27
27 20
27 619
20 61
61 576
61 593
576 457
576 572
457 779
457 901
779 517
517 851
517 217
851 877
877 820
820 892
892 665
892 893
665 776
665 443
776 312
776 29
312 671
312 115
671 364
671 131
364 604
604 711
604 205
711 350
350 791
791 804
804 156
156 385
156 129
385 426
385 294
426 586
426 863
586 644
644 25
25 406
406 584
584 828
828 953
828 176
953 436
436 361
436 73
361 138
138 210
210 135
210 846
135 379
379 941
941 357
357 943
357 188
943 729
729 601
601 35
35 123
123 887
887 906
887 772
906 966
906 165
966 122
122 195
122 773
195 573
573 231
573 496
231 767
767 201
767 103
201 774
774 466
466 100
466 299
100 431
100 556
431 789
431 500
789 836
789 967
836 133
836 92
133 795
133 335
795 381
381 817
381 488
817 173
817 253
173 79
173 778
79 55
79 193
55 944
944 89
944 336
89 527
89 866
527 714
527 295
714 725
725 528
528 240
528 709
240 544
544 167
167 833
167 337
833 903
833 429
903 787
903 41
787 13
787 198
13 948
948 260
260 707
260 177
707 14
707 461
14 695
695 446
446 325
446 26
325 352
352 332
352 693
332 869
332 370
869 377
377 30
30 94
30 849
94 699
699 422
699 84
422 740
422 66
740 246
740 12
246 272
246 760
272 674
272 405
674 638
674 398
638 482
638 307
482 678
678 734
678 783
734 166
