25 2494 84
20 2
20 4
2 23
2 24
23 1
1 6
6 13
6 9
13 25
25 17
25 19
17 10
10 5
5 21
21 18
18 22
18 11
22 8
22 3
8 7
8 15
7 14
14 12
14 16
1410 2187
2187 2289
2187 288
2289 573
2289 2009
573 1301
573 538
1301 1544
1301 1182
1544 1244
1244 915
1244 1370
915 1093
915 264
1093 2175
1093 1060
2175 1790
1790 2219
1790 638
2219 690
690 1901
690 1179
1901 408
1901 618
408 1906
408 799
1906 276
276 2402
276 806
2402 543
2402 2083
543 1583
543 1690
1583 1031
1031 1289
1289 486
486 1578
486 743
1578 518
518 2112
2112 932
2112 830
932 1554
932 742
1554 1498
1554 291
1498 2451
1498 1564
2451 1113
1113 2351
1113 2285
2351 1295
1295 1213
1295 28
1213 1764
1213 1752
1764 625
1764 923
625 673
625 880
673 284
284 919
919 1044
919 721
1044 2329
2329 1814
1814 835
835 1744
835 2007
1744 2023
1744 1574
2023 203
2023 321
203 2434
203 973
2434 1528
1528 2012
2012 1839
1839 1205
1205 905
905 1405
1405 939
939 1711
939 599
1711 2376
2376 823
2376 2291
823 353
353 2016
2016 292
2016 1673
292 875
875 1156
1156 2153
1156 2251
2153 2277
2277 1400
1400 2246
2246 1633
2246 2182
1633 1347
1347 977
1347 1510
977 1393
1393 1090
1090 2306
1090 397
2306 2269
2306 1094
2269 911
911 1046
911 2140
1046 1188
1046 1984
1188 1714
1188 2278
1714 179
179 1864
1864 102
102 153
153 1845
1845 220
1845 768
220 193
193 694
193 1361
694 1640
694 1414
1640 2471
1640 1795
2471 1666
2471 2486
1666 1446
1666 1428
1446 1395
1395 305
1395 1732
305 1181
305 154
1181 1727
1727 1210
1210 1879
1210 2221
1879 2264
2264 111
111 1560
1560 2138
2138 628
2138 1381
628 1853
628 165
1853 1086
1086 287
1086 990
287 693
693 1196
1196 1126
1126 762
762 1508
1508 204
204 561
204 341
561 751
751 985
751 2316
985 962
962 2238
2238 788
788 95
95 369
369 820
369 2292
820 650
820 497
650 909
650 1134
909 2074
909 333
2074 503
503 870
870 1048
1048 242
242 1789
242 1873
1789 1197
1789 931
1197 2460
2460 1917
2460 2223
1917 1729
1729 1499
1729 958
1499 1041
1041 1204
1204 1695
1204 1299
1695 1357
1357 706
1357 1881
706 578
578 524
578 2286
524 1836
524 2194
1836 388
1836 1662
388 1556
1556 77
77 366
77 1868
366 2276
2276 1484
1484 2097
1484 285
2097 884
2097 861
884 104
104 48
48 2301
2301 2458
2301 1892
2458 1734
1734 1141
1734 2130
1141 1222
1222 2231
2231 1018
2231 1781
1018 1530
1530 136
136 1525
1525 252
1525 1425
252 1063
252 777
1063 665
665 853
665 1720
853 427
853 698
427 2317
427 581
2317 2313
2317 1377
2313 1464
1464 1821
1821 1493
1493 2222
2222 1242
2222 176
1242 2428
1242 1229
2428 1894
2428 1753
1894 1961
1961 1119
1119 2212
1119 395
2212 841
841 1604
1604 511
511 584
511 1867
584 1595
584 2241
1595 1042
1042 1237
1042 2453
1237 2416
1237 1328
2416 1066
2416 925
1066 1766
1766 787
1766 2101
787 1761
787 813
1761 1661
1761 147
1661 1353
1353 2032
2032 1383
1383 2145
2145 2164
2164 1166
1166 2202
2202 2061
2202 548
2061 1721
1721 1986
1721 1623
1986 1573
1986 826
1573 466
1573 616
466 1852
1852 714
1852 2162
714 2091
2091 1067
1067 873
873 611
873 348
611 1170
1170 352
1170 1351
352 1235
1235 1809
1809 652
1809 319
652 1893
1893 2336
2336 2090
2336 727
2090 1312
1312 1767
1312 802
1767 576
576 1846
1846 829
829 1547
829 2300
1547 1133
1547 88
1133 1226
1133 2359
1226 150
1226 1458
150 1293
1293 944
1293 1710
944 765
944 2399
765 2334
765 670
2334 1705
2334 1015
1705 1362
1362 5
5 811
5 530
811 1442
811 2249
1442 1250
1442 981
1250 1421
1421 57
1421 1801
57 1938
1938 1075
1938 405
1075 456
1075 1829
456 1198
1198 1007
1198 556
1007 215
1007 2448
215 1105
1105 1651
1105 2015
1651 754
754 231
231 1495
231 562
1495 2225
1495 113
2225 2396
2225 947
2396 1778
1778 569
569 916
569 11
916 356
356 1546
1546 1663
1663 2217
1663 2181
2217 2349
2349 2125
2349 2305
2125 2143
2125 607
2143 2000
2000 980
2000 887
980 1722
980 1199
1722 2141
2141 1804
1804 1173
1173 948
948 1286
948 430
1286 1175
1175 1655
1655 1107
1107 1308
1107 1596
1308 385
1308 553
385 1580
1580 437
1580 47
437 402
402 1983
1983 1915
1983 1389
1915 44
1915 1607
44 2218
2218 833
833 865
865 124
865 112
124 1724
124 766
1724 2042
1724 2160
2042 1621
2042 708
1621 1387
1621 991
1387 1319
1387 1284
1319 1011
1011 1685
1685 1399
1685 702
1399 237
1399 792
237 2155
2155 475
2155 365
475 640
640 840
840 1317
840 1324
1317 1401
1317 299
1401 1847
1847 1725
1847 1185
1725 107
107 2224
107 1379
2224 679
679 1180
1180 1128
1128 1949
1128 2484
1949 951
951 1002
1002 1209
1002 1017
1209 930
1209 316
930 2275
2275 477
2275 1228
477 25
25 502
502 1703
502 335
1703 648
648 422
422 961
422 126
961 2049
2049 2065
2049 245
2065 1738
1738 2133
2133 987
2133 574
987 2178
2178 776
2178 1463
776 9
776 544
9 2020
9 993
2020 1251
1251 1110
1251 1071
1110 1290
1290 1504
1290 254
1504 2255
2255 38
38 211
211 1049
211 278
1049 1139
1049 12
1139 767
1139 1419
767 994
767 2037
994 2424
994 2388
2424 1474
2424 2449
1474 1877
1877 1010
1010 1505
1010 1571
1505 2157
2157 1691
1691 1694
1691 534
1694 794
794 2483
794 2271
2483 900
2483 2063
900 250
900 943
250 1161
1161 116
116 605
116 729
605 1298
1298 382
1298 453
382 704
704 41
704 955
41 301
41 225
301 488
488 2158
488 659
2158 1840
2158 1427
1840 2100
1840 2345
2100 2226
2100 976
2226 314
314 214
314 1195
214 235
214 1334
235 1870
235 1697
1870 223
1870 890
223 1372
1372 1825
1372 1733
1825 1956
1956 526
526 1239
1239 1533
1533 1050
1533 168
1050 1981
1050 2445
1981 1106
1106 1331
1106 707
1331 342
1331 2071
342 2019
2019 217
217 867
867 208
867 1681
208 1517
208 858
1517 2422
1517 602
2422 1490
1490 1713
1490 1005
1713 2137
1713 1038
2137 797
797 1225
1225 210
1225 189
210 295
295 2268
2268 590
2268 1345
590 2394
2394 2262
2262 2310
2262 1449
2310 1114
2310 1660
1114 1154
1114 2070
1154 2022
2022 1454
2022 1518
1454 1843
1843 1485
1843 603
1485 432
432 842
842 494
494 155
494 338
155 942
155 1812
942 1095
942 1441
1095 957
957 1385
1385 2043
2043 2405
2043 554
2405 1561
1561 1784
1561 1457
1784 926
926 1486
926 2216
1486 1
1486 253
1 2439
1 2176
2439 717
2439 2374
717 244
717 1434
244 1952
244 2214
1952 1227
1952 1730
1227 1396
1227 1439
1396 1817
1396 1719
1817 339
339 1834
1834 2148
1834 281
2148 1302
1302 508
508 75
75 386
386 32
32 1837
1837 384
1837 2257
384 803
803 728
803 1717
728 669
669 845
845 872
845 1087
872 2021
2021 1363
1363 1819
1819 375
1819 852
375 2323
2323 489
489 1609
1609 1136
1136 271
271 1350
1350 937
1350 2184
937 536
937 1786
536 1959
536 1341
1959 1020
1959 744
1020 692
692 1542
692 1887
1542 593
593 2080
2080 2459
2459 1975
2459 626
1975 1584
1584 1818
1818 646
1818 1068
646 1575
1575 2215
1575 1150
2215 1629
2215 1465
1629 404
1629 2247
404 2415
2415 145
2415 1978
145 406
145 1527
406 2142
2142 2028
2028 1833
1833 85
1833 725
85 2312
85 1700
2312 1667
1667 1940
1940 969
969 464
969 2064
464 1176
464 1003
1176 74
1176 263
74 600
74 1153
600 49
49 1376
49 2185
1376 2307
2307 703
2307 681
703 1402
703 2114
1402 1316
1316 33
33 53
33 1440
53 1765
53 2059
1765 483
1765 2342
483 2472
483 120
2472 1177
1177 1619
1619 1772
1772 2258
1772 500
2258 2373
2373 1438
2373 748
1438 2303
1438 525
2303 1431
1431 2230
2230 2256
2256 597
2256 91
597 1437
597 2111
1437 941
941 228
228 2383
228 200
2383 979
979 1502
979 804
1502 2198
2198 1627
1627 1059
1059 1407
1407 1118
1118 1555
1118 752
1555 364
364 999
364 856
999 882
999 1052
882 304
882 997
304 23
23 1506
1506 2144
1506 1151
2144 188
2144 1404
188 247
188 2046
247 1280
1280 832
832 2270
832 2242
2270 260
2270 1131
260 2377
260 16
2377 54
2377 608
54 2368
54 1977
2368 2461
2368 377
2461 137
2461 363
137 1688
1688 1320
1320 864
864 119
119 1323
119 749
1323 1509
1323 194
1509 710
1509 177
710 2040
2040 877
877 1240
877 1297
1240 664
1240 2131
664 233
664 1488
233 1712
1712 2384
2384 2200
2384 1532
2200 1965
1965 1238
1965 2190
1238 863
863 654
863 2126
654 72
72 1348
1348 1033
1348 1098
1033 519
519 667
667 2283
667 996
2283 719
719 2033
719 2385
2033 1482
2033 1599
1482 82
82 1006
82 587
1006 934
1006 921
934 2152
934 1841
2152 1159
1159 372
372 118
372 1988
118 423
118 58
423 636
423 2252
636 2333
636 1647
2333 1754
2333 373
1754 2311
1754 1130
2311 914
914 1707
914 1390
1707 644
644 1339
644 831
1339 1359
1359 2462
1359 2489
2462 2206
2206 2210
2206 2107
2210 455
455 1234
455 1539
1234 70
1234 1206
70 1891
70 733
1891 2414
1891 989
2414 2118
2118 2163
2163 325
325 827
827 2324
827 1912
2324 310
2324 2235
310 782
310 1844
782 1200
1200 1742
1742 520
1742 2173
520 1534
1534 2186
1534 1394
2186 396
2186 764
396 1610
1610 79
79 2062
79 438
2062 1278
2062 1756
1278 1779
1278 596
1779 1443
1443 1914
1443 1755
1914 1309
1914 2367
1309 1436
1436 1679
1679 452
1679 2072
452 148
452 1089
148 609
148 1462
609 2427
2427 2236
2236 1514
1514 1356
1356 1748
1748 419
419 434
419 1355
434 1433
1433 2102
2102 686
2102 2240
686 1354
1354 413
413 2179
413 633
2179 651
2179 182
651 196
196 1568
1568 1649
1568 807
1649 1480
1480 2340
1480 481
2340 2203
2340 1945
2203 2245
2203 1460
2245 1512
2245 30
1512 1948
1512 170
1948 94
1948 2293
94 2315
94 2169
2315 429
2315 379
429 2326
2326 1726
1726 913
1726 1635
913 1996
1996 2391
2391 1642
1642 1417
1417 1916
1417 2381
1916 1608
1916 143
1608 1941
1941 2127
2127 101
2127 1706
101 1969
1969 424
1969 2295
424 1897
424 2407
1897 1082
1897 2263
1082 2174
1082 2067
2174 414
414 2467
414 1397
2467 1109
1109 888
888 383
383 874
383 134
874 326
326 1903
1903 286
1903 619
286 514
514 568
568 2008
2008 289
289 197
197 2298
197 2429
2298 723
723 816
723 398
816 2281
816 1746
2281 1775
2281 2122
1775 393
1775 2002
393 1096
393 2341
1096 1101
1096 614
1101 1997
1997 454
1997 479
454 572
454 1855
572 2465
572 1224
2465 442
2465 1680
442 2447
2447 1382
1382 138
138 2339
2339 2410
2410 1152
1152 2273
1152 2365
2273 2189
2273 96
2189 2318
2189 140
2318 1880
2318 1241
1880 178
1880 1822
178 1424
178 760
1424 80
1424 1664
80 903
903 169
169 227
169 1974
227 259
259 1835
259 821
1835 705
1835 1792
705 1964
1964 332
1964 1461
332 956
332 1553
956 935
935 2398
2398 1889
2398 1904
1889 347
347 1135
347 1577
1135 756
1135 1040
756 1791
756 1043
1791 532
532 539
539 1281
539 1672
1281 1264
1264 258
1264 378
258 1024
258 1989
1024 1291
1291 1507
1507 2025
1507 255
2025 2075
2075 555
555 2120
555 1740
2120 1615
2120 575
1615 2455
1615 1747
2455 1939
1939 810
1939 1702
810 1352
1352 1077
1077 293
1077 1622
293 157
157 2089
157 2237
2089 516
516 1921
516 1426
1921 2417
1921 1878
2417 425
2417 1735
425 1803
425 2404
1803 1233
1803 1246
1233 1255
1255 1470
1255 2051
1470 1435
1470 1597
1435 2253
1435 531
2253 1201
1201 2473
2473 1026
1026 1576
1576 1194
1194 2267
2267 2438
2267 14
2438 2073
2438 1268
2073 1423
1423 2103
2103 1928
1928 1869
1928 2478
1869 1588
1588 2136
2136 666
666 105
105 2328
105 1269
2328 1668
2328 1793
1668 697
697 839
839 854
839 655
854 1590
854 1605
1590 173
1590 2011
173 2005
173 938
2005 2304
2304 272
2304 1262
272 76
76 354
354 1279
1279 897
1279 1886
897 216
897 344
216 1266
216 517
1266 2457
2457 878
878 781
878 1972
781 1739
781 910
1739 1115
1115 39
39 1091
1091 1922
1091 2487
1922 381
1922 1923
381 747
747 431
431 1212
1212 1009
1212 1807
1009 988
1009 10
988 1643
988 1987
1643 1896
1643 1540
1896 471
1896 1802
471 1678
1678 1798
1678 428
1798 1472
1798 1064
1472 1541
1541 1628
1628 1378
1628 1453
1378 2150
1378 2470
2150 2284
2150 490
2284 1522
2284 2387
1522 672
672 480
480 1259
1259 1124
1259 2352
1124 975
975 1593
1593 1388
1388 476
1388 1346
476 230
476 1537
230 1659
230 515
1659 1274
1274 674
1274 459
674 198
674 1579
198 709
709 2172
709 904
2172 1496
2172 415
1496 1999
1496 2124
1999 945
1999 623
945 1693
1693 1459
1693 1061
1459 1192
1459 1516
1192 2302
1192 1856
2302 1160
2302 1960
1160 1963
1160 879
1963 918
1963 1202
918 355
355 322
322 1282
322 1687
1282 2004
1282 2170
2004 685
2004 1718
685 474
474 163
163 2358
163 1594
2358 1167
2358 343
1167 660
1167 411
660 106
660 389
106 770
770 1589
770 1944
1589 1144
1589 1777
1144 43
1144 2343
43 7
43 83
7 345
345 1913
1913 828
1913 22
828 98
828 1223
98 2371
2371 795
2371 657
795 2036
2036 435
435 1092
1092 559
559 1143
1143 2191
2191 1340
1340 1315
1315 380
1315 109
380 1168
380 1321
1168 522
1168 1774
522 2296
2296 891
2296 2123
891 1012
1012 159
1012 954
159 1132
159 1036
1132 893
1132 2327
893 1704
893 523
1704 984
984 1806
1806 317
317 592
317 1148
592 238
592 1076
238 320
320 1162
320 234
1162 595
595 1823
595 1310
1823 528
528 450
450 1337
1337 1172
1172 1216
1172 60
1216 968
1216 2332
968 1759
1759 482
482 1683
482 1787
1683 1104
1104 20
1104 1220
20 1606
1606 902
1606 1682
902 1412
1412 551
1412 883
551 1155
1155 537
1155 631
537 718
718 1014
1014 1570
1570 683
1570 1055
683 2039
2039 156
156 1406
156 2356
1406 1072
1406 1520
1072 164
164 2425
2425 491
491 1947
1947 367
1947 1471
367 1191
367 158
1191 2031
1191 2014
2031 1254
1254 274
274 90
90 1797
1797 1531
1531 732
732 726
732 13
726 135
726 1214
135 2309
2309 71
2309 1954
71 1342
1342 1391
1342 1585
1391 440
440 2408
2408 822
2408 1757
822 610
610 1481
1481 1638
1481 565
1638 687
687 2452
2452 421
2452 1515
421 2280
421 1303
2280 1970
2280 784
1970 277
1970 661
277 78
277 1325
78 730
78 1776
730 2030
730 738
2030 15
15 2108
2108 1785
1785 1652
1652 2147
1652 1365
2147 712
2147 542
712 89
712 1121
89 2151
2151 746
746 1513
1513 266
1513 212
266 1413
1413 467
467 1420
467 509
1420 695
1420 1008
695 800
800 1565
1565 881
881 2446
881 37
2446 439
2446 1770
439 510
439 1962
510 1884
1884 1973
1884 1708
1973 1874
1874 1261
1261 1828
1828 529
529 1013
529 1538
1013 1998
1998 1219
1998 1478
1219 2197
1219 1469
2197 557
2197 56
557 443
443 1645
1645 505
1645 1171
505 1322
505 1287
1322 1335
1335 2069
1335 949
2069 992
992 2227
992 114
2227 340
2227 183
340 1080
340 2106
1080 191
191 967
191 1021
967 1572
967 1430
1572 65
1572 478
65 560
560 36
36 1788
36 1140
1788 2357
1788 290
2357 901
2357 122
901 2375
901 662
2375 1349
1349 908
1349 866
908 1760
908 711
1760 1270
1760 1743
1270 2129
2129 261
261 1032
1032 2082
2082 149
2082 791
149 1815
149 2463
1815 798
1815 2314
798 2331
798 461
2331 1187
1187 1218
1187 1980
1218 117
1218 1543
117 642
642 192
192 2266
192 463
2266 1142
1142 645
1142 2290
645 1369
645 472
1369 2183
2183 598
2183 591
598 1211
598 701
1211 162
162 1451
162 1263
1451 1601
1451 1138
1601 1648
1601 68
1648 1536
1648 1479
1536 303
1536 42
303 1122
303 1097
1122 1598
1122 209
1598 1524
1598 837
1524 1070
1070 629
1070 239
629 1108
629 1616
1108 950
1108 2052
950 493
950 1027
493 1991
493 362
1991 296
296 123
123 1859
123 205
1859 1741
1859 1936
1741 1368
1368 843
1368 1483
843 1951
843 403
1951 594
1951 1826
594 656
594 81
656 139
656 1600
139 2205
2205 758
758 1656
758 2068
1656 580
580 1526
580 805
1526 1100
1100 2086
1100 27
2086 1810
2086 920
1810 1926
1926 2477
2477 713
2477 2017
713 1271
1271 624
1271 1523
624 1773
624 1967
1773 1769
1769 361
1769 1646
361 1699
1699 1558
1699 533
1558 2053
2053 1634
2053 2244
1634 734
1634 1245
734 1217
734 1022
1217 1698
1217 1243
1698 907
1698 309
907 1265
907 496
1265 809
809 546
809 2076
546 2029
546 2395
2029 1304
1304 1360
1304 175
1360 2364
2364 757
757 323
757 307
323 1456
323 2378
1456 1492
1456 846
1492 1545
1545 2436
1545 1665
2436 465
465 1058
465 1908
1058 1084
1084 1311
1084 2165
1311 2430
2430 1332
1332 1276
1276 1374
1374 110
110 103
110 2099
103 2050
2050 400
400 2058
2058 206
206 144
144 541
541 972
541 808
972 963
963 55
55 473
473 1992
1992 940
1992 280
940 270
270 2320
2320 1885
2320 1398
1885 2362
2362 2081
2081 190
190 1654
190 8
1654 1037
1654 370
1037 360
360 2431
2431 1820
2431 1415
1820 952
1820 928
952 1985
1985 2389
2389 1473
2389 1957
1473 4
4 1670
4 2093
1670 1149
1149 1137
1149 1625
1137 1749
1137 627
1749 785
1749 886
785 1800
785 26
1800 2433
2433 1639
1639 641
641 789
641 862
789 1358
789 1696
1358 1147
1358 29
1147 224
224 2325
224 696
2325 318
318 2379
318 780
2379 1796
2379 1535
1796 1799
1796 1758
1799 1971
1799 1632
1971 1521
1521 69
69 671
671 1871
1871 487
1871 1157
487 793
487 265
793 2474
2474 855
2474 1876
855 17
17 2491
2491 2299
2491 2330
2299 132
132 2288
2288 1300
2288 2196
1300 737
737 2386
2386 552
552 2442
2442 2110
2110 249
2110 313
249 741
249 589
741 801
801 484
801 1900
484 63
63 1955
63 2380
1955 2400
1955 658
2400 460
2400 1519
460 302
302 2369
302 1805
2369 960
960 315
960 1927
315 447
447 577
577 545
577 2146
545 174
545 675
174 1296
1296 66
1296 180
66 2087
66 1231
2087 185
185 246
185 50
246 778
246 2135
778 1862
778 964
1862 1257
1862 73
1257 1728
1728 1592
1592 2084
2084 983
983 1838
1838 1865
1838 2077
1865 1057
1057 549
549 2239
2239 2024
2024 2468
2468 273
273 2485
2485 684
684 457
684 2233
457 1273
1273 1475
1475 236
236 783
236 1934
783 1277
783 1614
1277 2207
2207 1935
2207 2232
1935 1088
1935 160
1088 635
635 1169
1169 2167
2167 2119
2119 31
31 2161
2161 998
2161 2322
998 1692
1692 35
1692 2260
35 1146
1146 1025
1146 125
1025 368
1025 1313
368 2421
368 127
2421 1911
2421 1120
1911 1221
1221 392
392 506
392 1418
506 582
506 1850
582 2047
582 1275
2047 974
974 186
974 1709
186 1858
1858 327
1858 1631
327 1562
327 1563
1562 540
1562 894
540 84
84 2265
84 1487
2265 311
2265 1373
311 512
512 330
330 269
269 1103
1103 763
763 933
933 1816
933 34
1816 818
818 1467
1467 2092
2092 895
895 699
895 796
699 946
699 1288
946 1976
1976 1447
1976 1468
1447 1883
1883 1842
1883 868
1842 2412
2412 786
786 1326
1326 275
275 1827
275 350
1827 2104
1827 1866
2104 2
2104 1411
2 1875
1875 1256
1875 1587
1256 1910
1256 1745
1910 1933
1933 1079
1079 2354
1079 1899
2354 97
97 2423
2423 570
2423 1051
570 1292
570 1657
1292 294
1292 547
294 1848
1848 617
617 715
715 1030
715 2490
1030 1375
1375 1416
1375 240
1416 1737
1416 834
1737 498
1737 688
498 2078
498 1116
2078 1267
2078 1794
1267 847
847 222
222 187
222 262
187 1314
187 1851
1314 2060
1314 2403
2060 218
218 279
218 1129
279 2406
279 1272
2406 1549
2406 1019
1549 1083
1083 1364
1083 2393
1364 1102
1102 1307
1102 966
1307 226
1307 2353
226 2056
226 1164
2056 2360
2360 2088
2088 1236
2088 2188
1236 1898
1236 492
1898 2397
1898 241
2397 1366
1366 426
426 1860
426 2094
1860 2475
1860 161
2475 1500
1500 571
571 93
571 451
93 1386
1386 2079
1386 929
2079 1333
1333 982
982 1863
982 586
1863 2204
2204 773
2204 449
773 1190
1190 2209
1190 1230
2209 774
774 844
844 300
844 906
300 790
300 6
790 819
790 1489
819 649
649 1081
1081 1327
1081 1636
1327 513
513 676
513 689
676 45
45 219
45 1611
219 409
409 2297
409 1247
2297 1854
2297 1186
1854 1145
1854 1403
1145 2420
1145 1550
2420 1924
2420 1731
1924 2409
2409 436
2409 40
436 1047
1047 1056
1056 1958
1958 2413
2413 62
62 2035
62 857
2035 2287
2287 1125
1125 761
761 351
761 1861
351 151
151 2261
2261 2211
2211 390
390 995
995 1552
1552 1497
1552 1305
1497 1117
1497 418
1117 2382
1117 1716
2382 1919
2382 298
1919 2121
2121 1979
2121 61
1979 2166
2166 1808
2166 817
1808 128
128 860
128 1336
860 1455
1455 2195
2195 1548
1548 358
358 2171
358 851
2171 1380
2171 1207
1380 959
959 653
959 2476
653 1016
1016 812
812 716
716 1612
1612 1203
1612 869
1203 2026
1203 268
2026 2432
2432 1591
1591 1023
1591 2048
1023 1613
1023 2085
1613 507
1613 67
507 1902
1902 965
965 257
965 283
257 722
257 92
722 1686
1686 1371
1686 359
1371 1689
1371 1701
1689 1624
1689 462
1624 1637
1624 501
1637 680
680 558
558 663
663 2098
2098 1330
1330 1950
1950 691
691 371
371 2001
2001 267
2001 2134
267 2274
267 1723
2274 2055
2055 485
485 51
51 410
410 142
142 121
121 229
121 1783
229 1557
1557 1392
1392 2027
1392 495
2027 2440
2440 2054
2054 1937
1937 52
52 2192
52 2250
2192 1888
1888 1920
1920 898
1920 1511
898 199
898 634
199 2038
199 1582
2038 1763
1763 1932
1932 1907
1907 815
1907 172
815 401
815 1215
401 374
401 922
374 1318
1318 885
1318 2208
885 1158
885 2355
1158 601
1158 1294
601 1768
1768 1193
1193 131
1193 152
131 1780
131 1813
1780 504
504 970
504 566
970 849
849 824
824 2010
824 2272
2010 336
2010 1004
336 1811
1811 924
924 643
643 2193
2193 1641
2193 2479
1641 248
1641 448
248 1943
248 1751
1943 441
441 1715
441 953
1715 871
1715 2494
871 892
892 2443
892 232
2443 387
387 1452
1452 2435
2435 2066
2066 86
2066 2006
86 563
86 1559
563 632
632 2321
632 1208
2321 331
2321 2013
331 24
24 115
115 256
256 2279
256 1000
2279 899
899 1529
899 412
1529 1586
1529 564
1586 2057
2057 2493
2493 1581
2493 825
1581 2337
1581 1306
2337 1039
1039 1074
1039 639
1074 2154
1074 621
2154 2156
2156 417
2156 1028
417 2363
417 129
2363 1029
1029 2370
1029 2418
2370 917
2370 1085
917 677
917 1367
677 1831
1831 2282
2282 637
2282 133
637 2411
637 59
2411 1252
1252 585
1252 1677
585 1466
585 896
1466 1408
1466 2390
1408 647
1408 2308
647 1184
1184 2347
1184 2259
2347 1045
2347 2437
1045 446
446 1658
1658 1409
1658 755
1409 1249
1409 927
1249 622
622 2469
622 2344
2469 1618
1618 759
1618 1890
759 195
759 2096
195 859
195 166
859 1653
859 745
1653 207
207 1258
207 2372
1258 2199
1258 2350
2199 1329
1329 2213
2213 2045
2213 1994
2045 2348
2348 1432
2348 579
1432 838
1432 328
838 771
771 731
731 2201
2201 2034
2034 2180
2180 1626
1626 2254
1626 1260
2254 1062
1062 243
1062 2234
243 1603
1603 606
1603 753
606 1782
1782 1248
1782 21
1248 850
850 521
521 1675
1675 1344
1675 1630
1344 399
1344 2095
399 1909
1909 433
433 912
912 682
682 1953
1953 202
202 1343
1343 18
1343 1676
18 1034
1034 1771
1771 282
282 469
282 750
469 2168
469 2128
2168 108
108 470
470 1905
470 1671
1905 1054
1905 297
1054 1444
1444 329
329 468
468 87
87 306
306 1830
306 201
1830 213
1830 3
213 1112
213 1620
1112 1993
1112 1942
1993 444
444 668
444 1163
668 1069
1069 2159
2159 1930
1930 2444
2444 130
2444 535
130 567
567 407
567 1429
407 1567
407 2419
1567 2481
1567 1035
2481 740
740 1832
1832 1178
1832 2338
1178 720
720 615
720 735
615 1283
615 612
1283 416
1283 1602
416 141
141 836
836 1736
1736 550
550 1982
1982 2109
1982 1183
2109 184
2109 1750
184 2346
2346 2115
2346 700
2115 1503
1503 64
1503 357
64 146
64 2105
146 99
99 324
99 588
324 2464
324 736
2464 1918
2464 2294
1918 1422
1918 889
1422 876
876 458
458 1165
1165 604
1165 1450
604 1491
604 772
1491 1824
1491 1857
1824 2041
1824 2426
2041 2466
2466 527
527 1551
527 2482
1551 2117
1551 1445
2117 2220
2117 2319
2220 2149
2220 19
2149 312
2149 1946
312 445
445 167
167 630
630 1494
630 1073
1494 1001
1001 613
613 1174
1174 1285
1174 678
1285 1872
1285 1966
1872 848
848 2018
2018 1995
2018 1099
1995 2366
2366 46
2366 779
46 1684
46 1338
1684 1078
1684 251
1078 171
171 1644
1644 1882
1882 334
334 2454
2454 2243
2243 1065
2243 391
1065 1232
1065 620
1232 814
1232 1669
814 978
978 2441
978 1476
2441 499
499 1762
1762 2361
2361 1127
1127 2044
2044 583
583 2480
583 1569
2480 1253
2480 1566
1253 2450
1253 1968
2450 2401
2401 1448
1448 2488
2488 1925
1925 724
724 1674
1674 1895
1895 739
739 1929
739 2003
1929 971
1929 420
971 769
971 349
769 2229
769 1849
2229 2456
2456 1111
2456 394
1111 2492
2492 2139
2492 2248
2139 100
100 775
100 2228
775 221
775 1931
221 337
337 1384
337 1617
1384 2116
1384 2132
2116 1501
2116 2177
1501 308
1501 1990
308 181
308 2113
181 936
936 1053
1053 2335
1053 2392
2335 1123
1123 986
986 1477
1477 1189
1477 346
1189 1650
1189 376
