2 2549 7
2 1
31 12
31 1386
12 2179
2179 2049
2049 1007
2049 1219
1007 537
537 2528
2528 2441
2441 703
2441 2396
703 202
703 1169
202 415
415 1449
415 1677
1449 304
1449 1652
304 1094
304 1936
1094 2114
2114 163
163 464
163 908
464 683
464 416
683 1087
683 1046
1087 1985
1087 178
1985 1495
1985 2104
1495 1502
1502 781
781 1395
1395 1884
1395 73
1884 2399
1884 1972
2399 2144
2399 1297
2144 1657
1657 1934
1934 1526
1526 593
593 946
946 964
946 2082
964 810
964 164
810 1113
810 40
1113 1905
1113 2288
1905 2043
2043 188
2043 488
188 713
188 283
713 1446
1446 2520
2520 723
723 2219
2219 867
867 2304
2304 1803
2304 1156
1803 550
550 1057
1057 2325
1057 439
2325 574
574 1071
1071 1488
1488 801
1488 982
801 1031
1031 707
707 1025
1025 1194
1025 37
1194 2338
1194 2188
2338 2452
2338 1676
2452 2035
2035 1639
2035 984
1639 293
293 1093
1093 1277
1277 443
443 734
734 607
607 627
607 1618
627 1378
627 2446
1378 1572
1572 992
992 462
992 1678
462 889
462 1578
889 408
889 473
408 1516
1516 586
1516 1442
586 606
586 905
606 874
606 1239
874 1775
874 144
1775 371
371 2084
371 931
2084 165
2084 687
165 1102
1102 626
626 1322
1322 2196
2196 1833
1833 374
374 2443
2443 1784
2443 2215
1784 2088
1784 1114
2088 237
2088 1228
237 1533
237 1180
1533 184
184 2211
184 2127
2211 888
2211 540
888 2089
888 1019
2089 725
2089 985
725 854
725 340
854 234
854 658
234 508
508 1522
1522 987
1522 1027
987 1962
1962 138
138 947
947 118
947 1292
118 1659
1659 2055
2055 1927
1927 677
1927 747
677 612
612 595
612 761
595 808
808 1372
1372 229
229 531
531 2478
531 2199
2478 1115
2478 1538
1115 1619
1619 1473
1473 2445
1473 719
2445 2224
2224 105
2224 1191
105 700
700 2173
2173 1947
1947 1630
1630 1317
1317 1501
1317 2522
1501 1453
1453 1291
1453 2003
1291 2444
2444 986
986 1305
986 2098
1305 613
1305 1261
613 836
613 887
836 1359
1359 297
1359 1086
297 2065
2065 1461
1461 479
479 2341
479 2526
2341 1307
2341 1412
1307 1234
1234 1872
1872 1404
1872 841
1404 1863
1863 161
161 221
221 1610
1610 2437
2437 1155
2437 1576
1155 2005
1155 1805
2005 233
2005 437
233 2029
233 932
2029 2371
2029 169
2371 875
875 1188
875 119
1188 1108
1108 1918
1918 1192
1918 2166
1192 785
785 991
785 19
991 1829
1829 2132
1829 1183
2132 2234
2132 1496
2234 1992
2234 47
1992 358
1992 1523
358 1211
1211 27
1211 2000
27 728
27 2020
728 961
961 2379
2379 1721
2379 2143
1721 1852
1852 938
938 422
938 1562
422 1144
1144 265
1144 98
265 1910
265 756
1910 1164
1164 2332
1164 1355
2332 1140
1140 1440
1440 2078
1440 899
2078 145
2078 1245
145 1313
145 816
1313 1293
1293 2032
1293 449
2032 2136
2032 2009
2136 288
2136 2282
288 1236
288 2021
1236 1900
1236 322
1900 1017
1900 1932
1017 2343
1017 432
2343 2242
2242 2237
2237 1541
1541 402
402 1105
1105 1460
1105 2539
1460 418
1460 1003
418 1719
418 1481
1719 1614
1719 2326
1614 1483
1483 585
1483 769
585 308
585 609
308 2298
308 1029
2298 177
177 2316
177 1762
2316 1206
2316 2259
1206 1593
1593 2111
2111 194
194 996
194 2376
996 1385
996 2496
1385 1300
1300 1250
1300 216
1250 1299
1250 1418
1299 2500
1299 1365
2500 9
9 935
935 1278
935 1838
1278 8
8 1750
8 817
1750 2342
1750 2146
2342 2092
2342 1267
2092 1634
2092 384
1634 1816
1816 379
379 294
379 523
294 1902
1902 1387
1902 222
1387 5
1387 2178
5 1376
5 784
1376 1435
1376 316
1435 2120
1435 633
2120 1429
2120 153
1429 36
1429 716
36 1500
36 775
1500 2451
1500 1366
2451 2410
2451 1050
2410 570
2410 1331
570 2431
570 109
2431 1524
2431 76
1524 2494
1524 587
2494 1054
2494 48
1054 912
1054 2388
912 1532
912 616
1532 1143
1532 559
1143 346
346 2495
2495 2362
2362 2448
2362 1828
2448 2463
2448 1129
2463 1282
1282 695
1282 2383
695 1141
1141 1036
1141 354
1036 1397
1036 807
1397 318
318 23
23 1489
23 2507
1489 1665
1489 83
1665 512
512 2073
512 325
2073 676
676 2240
676 1817
2240 2387
2387 349
349 525
525 2210
525 1133
2210 1534
1534 1793
1534 1466
1793 2502
2502 53
53 143
143 2408
2408 1621
1621 2091
1621 79
2091 1848
1848 2177
2177 1263
1263 39
1263 1147
39 1650
1650 2183
2183 2075
2183 1474
2075 952
2075 1240
952 275
952 361
275 743
743 1407
743 1605
1407 2401
2401 844
844 337
844 2140
337 213
213 669
669 2374
2374 753
753 217
753 391
217 1405
217 1552
1405 1283
1405 1497
1283 82
1283 672
82 554
82 1252
554 230
554 1840
230 601
601 214
601 940
214 2427
2427 302
302 1112
1112 485
1112 1220
485 1779
1779 814
1779 2473
814 2392
814 1679
2392 2365
2365 956
2365 802
956 1148
956 238
1148 1660
1660 1862
1660 394
1862 724
1862 376
724 1818
1818 1921
1818 1531
1921 650
1921 7
650 805
805 715
715 2505
2505 2062
2505 174
2062 782
2062 331
782 853
853 2404
853 1422
2404 549
2404 1835
549 132
132 1602
132 29
1602 1708
1708 1221
1221 1751
1751 1798
1798 2499
1798 1822
2499 2202
2499 2283
2202 1842
2202 2191
1842 551
551 1431
551 2360
1431 261
261 151
261 1316
151 1190
1190 248
1190 567
248 247
248 1077
247 760
760 1020
760 1592
1020 665
665 1450
1450 1409
1450 1406
1409 656
656 772
772 1777
772 1566
1777 843
843 2377
843 2335
2377 1685
2377 2535
1685 1028
1028 1341
1341 1324
1324 2059
1324 2456
2059 1301
1301 1695
1301 1465
1695 2292
1695 1470
2292 190
190 123
190 2187
123 2514
123 1943
2514 919
2514 2389
919 2279
2279 1035
2279 1026
1035 1110
1110 1130
1110 929
1130 2480
2480 1925
1925 793
793 1774
1774 1527
1774 2303
1527 2261
1527 949
2261 573
573 1509
573 1013
1509 1928
1928 341
1928 71
341 2329
2329 1768
2329 532
1768 768
1768 2277
768 1563
1563 2105
1563 2221
2105 1237
1237 1615
1615 892
892 596
892 2068
596 2154
2154 740
740 1837
1837 75
1837 2276
75 91
91 86
91 1611
86 615
615 1642
1642 1274
1642 2293
1274 1347
1347 1247
1347 2545
1247 1655
1655 2537
1655 1457
2537 393
2537 2106
393 936
393 2076
936 2229
936 2406
2229 2250
2250 893
2250 1737
893 115
893 1074
115 1123
115 1104
1123 1456
1456 2257
2257 94
2257 1667
94 1930
94 759
1930 828
1930 624
828 1998
828 2430
1998 34
1998 865
34 1001
34 2364
1001 2296
2296 1070
1070 2116
1070 1770
2116 2370
2370 1926
2370 933
1926 2461
2461 127
127 1389
1389 1323
1389 861
1323 744
1323 453
744 1432
744 970
1432 894
894 599
599 1885
599 1890
1885 2013
1885 1613
2013 1425
1425 156
156 2402
156 154
2402 2253
2253 2305
2305 1213
1213 155
1213 1455
155 264
155 102
264 2034
264 2031
2034 1916
2034 2164
1916 452
452 324
452 1697
324 1333
324 487
1333 2081
2081 1954
2081 1669
1954 2142
2142 2107
2107 975
2107 1060
975 2128
2128 1276
2128 2314
1276 1480
1480 2291
1480 2435
2291 1666
1666 1540
1666 2072
1540 2063
1540 2018
2063 353
353 1701
353 1981
1701 2169
2169 542
542 149
542 181
149 1662
1662 838
838 1938
1938 646
1938 818
646 21
21 2085
21 377
2085 2281
2085 1997
2281 1913
1913 2359
1913 2195
2359 682
2359 401
682 2071
2071 653
653 823
653 1280
823 1379
1379 366
366 804
366 1612
804 2048
2048 837
837 1987
837 1924
1987 1940
1987 1207
1940 142
142 530
530 1414
1414 1034
1414 2241
1034 2189
2189 1542
1542 1371
1371 972
1371 1974
972 1674
1674 2308
2308 205
205 1964
205 1360
1964 226
226 56
56 507
507 207
507 1472
207 1198
207 1876
1198 879
1198 1686
879 1177
1177 1651
1177 360
1651 1915
1915 690
690 49
49 1753
1753 620
620 623
623 1681
1681 2067
2067 1646
2067 1514
1646 2546
2546 640
2546 1256
640 1073
1073 2290
1073 2175
2290 2289
2290 1358
2289 1315
1315 77
1315 891
77 2163
77 1200
2163 1752
2163 877
1752 2080
2080 504
504 369
504 78
369 563
369 1005
563 2407
2407 2416
2416 1990
1990 1901
1901 2540
2540 2040
2040 2300
2040 1776
2300 1917
1917 1767
1917 2022
1767 648
648 218
218 103
218 1311
103 254
103 1352
254 2395
254 1401
2395 652
2395 2385
652 502
502 2340
2340 2182
2340 503
2182 1897
1897 568
1897 829
568 2129
2129 1588
2129 1649
1588 851
851 1971
851 1165
1971 751
751 92
751 1772
92 878
92 1518
878 1980
878 520
1980 2504
2504 950
2504 290
950 425
425 937
937 727
727 948
727 1242
948 2249
2249 1759
2249 1069
1759 1427
1759 1361
1427 560
1427 693
560 980
980 392
392 1780
1780 183
183 1728
183 1949
1728 2212
2212 1581
1581 2423
2423 1601
2423 731
1601 2295
2295 243
2295 2053
243 1260
243 287
1260 259
1260 2373
259 2403
259 1871
2403 2380
2380 414
2380 450
414 1075
1075 1922
1922 1984
1984 17
1984 417
17 1484
1484 2117
2117 1706
1706 1111
1706 1223
1111 1010
1111 16
1010 2223
1010 2158
2223 291
291 2137
291 1950
2137 2015
2015 1269
2015 998
1269 345
345 2336
345 468
2336 228
2336 1663
228 1711
1711 388
388 2442
2442 513
2442 1530
513 1945
513 44
1945 1844
1844 1939
1939 990
1939 2218
990 903
990 1121
903 2153
903 967
2153 2313
2313 1734
1734 1464
1464 591
1464 2542
591 2033
2033 2472
2472 2200
2200 2476
2200 2299
2476 1486
1486 783
783 10
783 2483
10 2460
10 1290
2460 1230
1230 1447
1230 1585
1447 2060
1447 1092
2060 172
2060 2339
172 2168
172 1539
2168 578
578 1749
578 649
1749 1895
1895 883
883 126
883 708
126 2207
2207 1084
2207 2148
1084 1009
1084 993
1009 1320
1320 278
1320 2344
278 185
278 2097
185 1736
1736 279
279 276
276 2058
2058 246
2058 1116
246 1288
1288 1547
1547 274
274 795
795 1909
1909 1841
1909 538
1841 680
1841 1399
680 2331
2331 90
2331 1369
90 65
90 2248
65 362
65 6
362 1367
362 1053
1367 137
1367 306
137 1743
1743 1342
1743 774
1342 2194
1342 2017
2194 1988
1988 1382
1382 343
343 858
858 675
858 1403
675 1635
1635 1080
1635 1056
1080 1632
1632 133
1632 2311
133 2103
2103 632
632 419
632 1955
419 2493
419 1259
2493 1273
1273 809
809 981
809 1229
981 85
85 1790
85 256
1790 2375
1790 1975
2375 1218
2375 625
1218 333
1218 445
333 1058
333 521
1058 1941
1941 284
1941 1018
284 1419
1419 608
608 2498
2498 187
2498 466
187 1868
187 1824
1868 1338
1338 110
110 1248
1248 988
1248 1507
988 1919
1919 1693
1693 833
1693 694
833 461
461 2131
461 2156
2131 1271
2131 45
1271 1289
1289 1698
1698 1931
1698 390
1931 1857
1931 569
1857 2501
2501 1582
2501 1882
1582 347
1582 1370
347 1004
1004 1136
1136 58
1136 96
58 1085
1085 1603
1085 2459
1603 18
1603 3
18 2180
2180 1335
2180 2213
1335 1811
1335 1476
1811 561
1811 1859
561 1718
1718 1696
1718 1967
1696 636
636 455
455 130
455 2286
130 1806
130 1231
1806 1891
1806 136
1891 1065
1891 771
1065 1506
1065 1384
1506 1591
1506 235
1591 2465
1591 116
2465 2193
2465 1846
2193 2012
2193 1528
2012 2046
2012 1197
2046 2398
2398 1802
2398 2122
1802 589
1802 748
589 1754
589 1745
1754 1883
1883 750
1883 1808
750 1709
750 1398
1709 736
736 1139
1139 357
357 2297
357 791
2297 1703
2297 1109
1703 199
199 285
285 821
285 2310
821 1594
1594 895
895 2486
2486 2086
2486 1684
2086 270
2086 2069
270 662
270 1131
662 870
870 1329
870 1580
1329 69
69 364
364 1491
364 692
1491 757
757 1487
1487 526
526 1441
526 1586
1441 1819
1819 647
647 2330
2330 1626
1626 1205
1626 372
1205 706
1205 436
706 901
901 2006
2006 1430
1430 2244
1430 539
2244 1978
1978 951
1978 1574
951 2238
951 1911
2238 1504
2238 498
1504 1349
1504 2549
1349 253
253 2036
2036 2518
2036 1559
2518 1033
1033 2016
1033 1999
2016 1845
2016 635
1845 803
803 2309
2309 1929
1929 614
614 469
469 2323
469 1492
2323 517
517 1393
517 792
1393 2205
2205 1994
2205 2247
1994 397
397 705
705 511
705 1707
511 2524
511 1969
2524 2074
2074 70
70 2216
2216 555
2216 754
555 1125
555 2150
1125 486
486 885
486 896
885 2275
885 2268
2275 2530
2275 657
2530 2547
2530 994
2547 124
124 1976
1976 1458
1976 1503
1458 1867
1867 476
476 1993
1993 99
1993 433
99 1499
99 1513
1499 1561
1561 1573
1573 524
524 269
269 777
777 1866
777 965
1866 2265
2265 191
191 1279
191 848
1279 2051
1279 1091
2051 1823
2051 112
1823 2052
2052 834
2052 664
834 934
934 2474
2474 2471
2471 2186
2471 1381
2186 592
2186 292
592 1647
1647 1095
1095 444
444 1042
1042 1512
1512 1076
1512 1804
1076 764
764 571
571 928
571 1264
928 943
928 1814
943 383
383 1946
1946 2440
2440 1785
2440 1951
1785 319
1785 579
319 152
319 1163
152 1327
152 1520
1327 989
989 108
989 2464
108 1106
108 1345
1106 2087
1106 1598
2087 1704
1704 671
671 830
830 352
830 227
352 2333
2333 330
330 1037
330 1064
1037 2027
2027 1055
1055 356
356 140
356 2209
140 438
438 307
307 2492
307 2
2492 1748
1748 484
1748 565
484 1296
484 1878
1296 289
1296 2352
289 244
244 2099
244 566
2099 2162
2099 1268
2162 1049
2162 1740
1049 1645
1645 1726
1645 1222
1726 746
746 2102
2102 1334
1334 46
1334 1952
46 1212
46 1000
1212 1336
1212 367
1336 2267
2267 2358
2267 1445
2358 955
2358 1214
955 2172
2172 698
2172 396
698 1723
1723 1066
1066 2453
2453 2532
2453 258
2532 2302
2532 2280
2302 2413
2413 186
2413 2019
186 1462
1462 2467
1462 1295
2467 519
2467 212
519 370
519 628
370 515
515 122
515 983
122 629
122 220
629 1870
1870 778
1870 930
778 451
778 210
451 2541
451 310
2541 1792
1792 1689
1792 2439
1689 2047
1689 480
2047 2353
2353 1889
2353 2214
1889 68
68 471
68 681
471 426
471 2525
426 1858
1858 1216
1858 1570
1216 1459
1216 1154
1459 1694
1459 1673
1694 1039
1039 1511
1039 1122
1511 273
273 847
847 1654
1654 2272
2272 1644
2272 148
1644 2278
2278 1898
2278 1517
1898 1325
1898 794
1325 673
673 859
673 752
859 1510
859 2042
1510 1557
1510 1184
1557 1362
1557 2266
1362 557
1362 766
557 14
14 1436
14 2026
1436 1023
1023 1022
1023 2061
1022 2345
2345 1126
2345 125
1126 2236
1126 1982
2236 1394
2236 223
1394 923
923 765
923 373
765 712
765 1298
712 1225
712 1628
1225 359
1225 387
359 1157
359 157
1157 2356
2356 1181
1181 1193
1193 2113
2113 173
173 1887
1887 505
1887 239
505 1173
505 1117
1173 2350
2350 348
2350 2517
348 1937
1937 1350
1350 1942
1350 2543
1942 546
1942 1400
546 1244
546 1849
1244 811
1244 2260
811 2057
2057 1099
1099 2513
2513 1243
1243 209
209 1423
1423 890
1423 52
890 2134
890 1356
2134 2264
2134 2155
2264 1199
1199 1170
1170 412
1170 997
412 897
897 54
897 1032
54 588
588 66
66 344
66 1671
344 1855
344 1690
1855 1128
1128 718
718 171
718 868
171 1373
1373 1428
1428 1408
1428 440
1408 1424
1424 1543
1424 661
1543 448
448 2167
2167 1640
1640 121
121 242
121 1596
242 208
208 50
208 420
50 1700
1700 535
1700 1024
535 159
159 2001
159 852
2001 474
2001 1321
474 1643
474 637
1643 1417
1643 1439
1417 558
1417 499
558 1796
558 1864
1796 639
1796 909
639 876
639 1550
876 87
87 1727
1727 255
255 64
64 510
64 1722
510 2479
2479 1098
2479 196
1098 880
1098 786
880 789
789 2138
2138 2354
2354 976
2354 139
976 564
564 1171
564 2412
1171 704
704 1730
704 1284
1730 1888
1888 2449
2449 327
327 958
327 2509
958 971
958 72
971 2484
2484 309
2484 2126
309 1877
1877 271
271 400
271 660
400 1959
400 2227
1959 1314
1959 35
1314 1258
1314 1758
1258 1688
1688 456
456 431
431 963
963 862
862 2254
862 528
2254 2477
2254 382
2477 2382
2382 257
257 534
534 338
338 1082
338 2230
1082 581
1082 1062
581 1525
1525 2384
2384 2231
2231 1825
2231 1996
1825 1088
1088 321
321 1746
1746 180
1746 267
180 107
180 2438
107 850
107 89
850 501
501 2455
501 206
2455 2366
2455 962
2366 822
822 1485
1485 1607
1607 2245
2245 1262
1262 1196
1262 375
1196 1680
1680 81
81 582
81 1145
582 1908
1908 334
1908 2475
334 2533
2533 314
314 170
170 1861
1861 600
600 458
600 2243
458 824
458 1587
824 732
824 1675
732 722
722 2206
722 562
2206 2369
2206 1873
2369 910
2369 2270
910 2050
910 2488
2050 1189
1189 1720
1189 1306
1720 1158
1720 168
1158 1090
1090 2010
2010 74
2010 446
74 2255
2255 2411
2255 1182
2411 2397
2397 709
2397 2482
709 1797
1797 477
477 1167
1167 1150
1150 598
598 1195
598 2450
1195 1742
1742 182
1742 1729
182 1731
1731 2417
2417 835
835 842
835 1354
842 1304
842 2235
1304 2110
2110 2372
2372 1904
1904 1494
1494 1159
1494 1226
1159 1209
1209 2503
2503 1567
1567 363
363 2269
2269 1880
2269 266
1880 721
721 1413
721 1101
1413 1892
1413 26
1892 2123
1892 195
2123 33
33 1623
1623 1968
1623 1765
1968 1081
1968 1201
1081 381
381 1579
1579 642
1579 1977
642 482
642 787
482 1633
1633 1475
1633 1100
1475 1068
1068 1149
1149 1426
1149 1348
1426 378
1426 911
378 1467
378 545
1467 1682
1682 1986
1986 944
944 328
328 2228
2228 1575
1575 2357
2357 1757
1757 1989
1989 1416
1416 1874
1874 1332
1874 281
1332 659
659 702
702 1002
1002 299
299 2469
299 1388
2469 541
2469 320
541 1966
1966 921
1966 572
921 326
921 926
326 839
326 2515
839 1186
1186 1979
1186 1789
1979 763
763 1041
763 263
1041 2045
2045 1763
1763 2538
1763 2312
2538 618
618 2095
2095 1668
2095 305
1668 1555
1555 1328
1555 141
1328 496
496 2544
2544 463
463 742
742 597
742 2258
597 1807
1807 2466
1807 2090
2466 2481
2466 979
2481 691
691 240
691 1257
240 317
240 150
317 158
158 869
158 1692
869 1963
869 924
1963 1699
1699 685
685 1448
1448 2470
2470 2315
2315 350
350 527
350 617
527 2529
527 1903
2529 2393
2393 2318
2318 435
435 1622
1622 1826
1622 697
1826 655
1826 1045
655 1609
655 1656
1609 1616
1616 489
1616 1303
489 434
489 780
434 2161
2161 2197
2161 2256
2197 1800
1800 67
67 1490
1490 1146
1146 4
1146 404
4 953
953 200
953 410
200 1548
1548 2159
2159 1820
2159 2548
1820 494
1820 1326
494 2414
2414 1896
1896 84
1896 576
84 2322
2322 1063
1063 1168
1063 644
1168 583
583 1390
583 978
1390 11
1390 2141
11 788
788 13
788 884
13 1215
1215 429
429 1953
429 2025
1953 413
1953 2510
413 2252
2252 1702
2252 873
1702 1253
1702 670
1253 1204
1253 339
1204 1052
1204 1787
1052 2429
2429 913
2429 942
913 1687
1687 2284
1687 1812
2284 2121
2284 1568
2121 1203
1203 957
957 2428
2428 2506
2506 1761
2506 2433
1761 1771
1771 332
332 2181
2181 2516
2516 1227
1227 2458
1227 668
2458 2454
2458 219
2454 506
2454 1782
506 1383
506 2521
1383 755
755 1391
755 2246
1391 767
1391 201
767 1535
1535 1712
1712 1948
1712 619
1948 2160
2160 634
634 1683
634 2317
1683 1
1683 846
1 147
147 1569
147 60
1569 282
1569 1254
282 2044
2044 160
2044 745
160 1178
1178 864
1178 1839
864 2519
2519 1138
2519 605
1138 2054
2054 1343
1343 1451
1451 162
162 2239
2239 430
430 2070
430 1545
2070 117
117 2024
117 398
2024 590
590 773
590 999
773 689
773 104
689 63
63 1374
1374 441
1374 1794
441 225
225 2198
225 1799
2198 1670
2198 631
1670 1551
1670 2157
1551 1040
1040 1059
1040 1477
1059 95
95 1935
95 2185
1935 421
1935 2149
421 1294
421 806
1294 28
1294 968
28 114
114 939
114 2320
939 2233
939 2077
2233 886
886 825
886 2094
825 311
825 146
311 1970
1970 1079
1079 941
1079 906
941 2391
2391 1463
2391 1030
1463 882
1463 1553
882 193
193 1471
193 2203
1471 1482
1482 1270
1270 1411
1270 1783
1411 2490
1411 2201
2490 710
2490 1641
710 1738
1738 922
1738 2527
922 1377
922 2390
1377 2037
1377 729
2037 1210
2037 15
1210 1014
1014 630
1014 215
630 1493
630 100
1493 20
20 280
280 42
280 1038
42 1351
1351 22
22 701
22 1879
701 696
696 1834
1834 1791
1834 2232
1791 770
770 1741
1741 1309
1309 688
688 301
301 973
973 1478
973 236
1478 113
113 1830
113 2355
1830 176
176 454
176 1869
454 134
134 2523
134 2226
2523 2100
2523 1714
2100 1865
2100 1174
1865 1956
1956 2319
1956 131
2319 2007
2319 1433
2007 1831
1831 1604
1831 1249
1604 30
30 2066
30 1713
2066 1809
2066 663
1809 552
1809 1346
552 2420
552 720
2420 845
845 2307
845 977
2307 167
2307 1560
167 272
272 1185
272 2124
1185 2093
1185 460
2093 575
2093 1272
575 604
604 336
336 1850
336 495
1850 2285
2285 2039
2039 2217
2217 1608
2217 796
1608 1854
1608 1246
1854 556
1854 1072
556 2251
556 711
2251 584
2251 1815
584 1061
1061 667
1061 826
667 1715
667 1235
1715 1153
1153 641
641 1312
641 954
1312 1810
1810 1537
1810 819
1537 872
872 2145
872 2508
2145 1067
1067 427
1067 399
427 135
135 516
516 2468
516 518
2468 1340
1340 2118
1340 1638
2118 1773
2118 684
1773 1756
1773 1396
1756 1353
1353 1202
1353 602
1202 25
25 1856
25 1973
1856 674
1856 1521
674 1468
674 2101
1468 1732
1732 2415
2415 245
245 1152
1152 380
380 1724
380 251
1724 1176
1176 260
260 231
231 1103
231 2174
1103 2008
1103 1886
2008 2222
2222 277
2222 1238
277 1015
1015 300
300 1691
1691 1627
1691 645
1627 2147
1627 55
2147 2378
2378 2432
2432 797
2432 1420
797 1498
1498 2028
2028 1778
1778 313
313 467
313 385
467 2011
2011 1275
2011 2176
1275 686
686 1629
1629 798
1629 995
798 1599
798 24
1599 2041
1599 1747
2041 323
2041 2139
323 1251
323 252
1251 548
548 726
726 241
241 832
832 295
295 945
295 1357
945 857
857 1083
857 1584
1083 907
907 1137
907 2334
1137 1735
1137 101
1735 2361
1735 749
2361 1415
2361 1344
1415 424
1415 960
424 409
409 406
409 2436
406 1894
406 1664
1894 1725
1894 2271
1725 2489
2489 1266
1266 481
481 580
580 2079
2079 2363
2079 925
2363 1437
1437 920
920 2418
2418 1224
2418 533
1224 1914
1224 1187
1914 1991
1991 1179
1991 898
1179 813
1179 249
813 1469
1469 1519
1469 80
1519 2422
2422 1006
2422 1906
1006 224
224 2030
2030 544
2030 547
544 61
544 1135
61 2190
61 529
2190 2346
2346 1241
1241 1836
1836 856
1836 2424
856 2130
2130 738
2130 2368
738 1766
738 2208
1766 403
1766 863
403 111
403 1166
111 423
423 2119
2119 2421
2119 2056
2421 2220
2421 2135
2220 2023
2023 1801
2023 1160
1801 2171
2171 1554
2171 679
1554 1847
1847 1515
1847 1392
1515 2002
2002 1960
1960 1923
1923 1549
1549 1961
1549 2381
1961 1302
1961 2394
1302 799
799 966
799 2512
966 442
966 902
442 2112
442 1410
2112 2294
2294 472
472 1208
472 1944
1208 2531
2531 1583
1583 2536
2536 478
478 298
478 969
298 1620
298 2511
1620 1443
1620 776
1443 43
43 457
43 2263
457 2125
457 1781
2125 1606
1606 2225
1606 1421
2225 1764
1764 916
1764 1232
916 1546
1546 268
268 1508
268 717
1508 38
1508 2348
38 2274
2274 2170
2170 459
459 1589
459 57
1589 2419
2419 666
2419 1813
666 2497
2497 594
594 2349
594 1653
2349 643
2349 915
643 2262
2262 927
927 1744
1744 881
881 553
553 974
974 1755
1755 189
1755 2083
189 1151
1151 1118
1151 1705
1118 1364
1118 1710
1364 1096
1364 2327
1096 1047
1047 2306
1047 1339
2306 365
2306 1853
365 621
365 1120
621 405
405 1318
1318 1957
1318 543
1957 2108
2108 491
491 735
491 1310
735 638
735 1851
638 1375
1375 2014
1375 128
2014 2457
2457 97
97 447
97 2351
447 2115
2115 959
959 2064
2064 262
2064 1631
262 1832
262 2324
1832 2152
1832 1043
2152 855
2152 296
855 1636
1636 1907
1907 1078
1078 871
871 1161
871 1600
1161 2409
2409 514
2409 1899
514 678
514 866
678 790
678 175
790 1011
1011 389
1011 827
389 129
389 2096
129 1769
129 470
1769 904
904 483
483 1021
483 2038
1021 286
1021 490
286 1233
286 758
1233 812
812 2321
812 198
2321 88
88 192
192 1434
192 179
1434 1965
1434 1571
1965 1012
1965 2462
1012 62
1012 1617
62 203
62 2425
203 2405
203 1717
2405 1595
1595 1124
1595 1597
1124 2347
1124 1287
2347 475
2347 232
475 59
59 1920
59 1893
1920 1912
1912 1097
1097 1672
1672 611
1672 1285
611 1337
611 840
1337 1330
1330 1008
1330 1648
1008 2133
2133 2328
2133 120
2328 106
106 1089
106 497
1089 2337
1089 654
2337 329
2337 1363
329 1119
329 2386
1119 603
1119 1044
603 2367
603 1590
2367 351
351 2004
351 407
2004 651
2004 730
651 335
651 1048
335 860
860 1658
860 1983
1658 1760
1658 41
1760 1132
1132 1162
1132 1319
1162 831
831 1881
1881 1827
1881 1565
1827 741
741 622
741 737
622 1286
1286 1175
1175 779
1175 2204
779 800
800 2184
2184 204
204 1454
1454 1505
1454 1308
1505 1402
1505 1564
1402 1786
1402 2487
1786 714
714 1529
1529 1558
1558 1536
1558 1281
1536 2434
1536 1380
2434 93
93 1368
93 577
1368 1544
1544 1172
1544 820
1172 411
1172 914
411 918
918 1739
1739 2273
1739 1716
2273 493
2273 1661
493 2447
493 849
2447 1444
2447 1255
1444 762
1444 1995
762 900
900 166
166 1624
1624 368
1624 492
368 2192
368 315
2192 1142
1142 815
815 2165
815 2534
2165 1843
1843 2426
2426 386
2426 1134
386 1127
386 1107
1127 211
1127 32
211 1637
1637 428
428 1016
1016 1933
1933 2287
2287 1265
1265 2301
1265 1958
2301 2151
2151 1625
2151 500
1625 1051
1625 1556
1051 522
522 51
51 1577
1577 536
1577 395
536 1438
536 303
1438 1452
1452 1733
1452 2485
1733 739
739 2109
2109 197
2109 2491
197 1795
1795 1788
1795 917
1788 465
1788 250
465 610
610 1860
1860 342
342 1875
1875 312
1875 509
312 733
312 2400
733 1821
733 1217
1821 699
699 1479
699 355
