2 2246 6258926
1 2
699 1193
699 785
1193 139
1193 1262
139 1560
139 565
1560 1106
1560 21
1106 905
905 154
154 1503
1503 254
1503 1192
254 20
254 519
20 1386
1386 1141
1386 157
1141 1597
1597 1754
1597 2052
1754 634
634 818
818 1904
818 1930
1904 2199
1904 1823
2199 2003
2199 1826
2003 593
2003 1740
593 477
593 506
477 1417
477 1236
1417 365
1417 1921
365 1726
365 1661
1726 558
558 121
121 247
121 688
247 1633
247 1786
1633 1677
1677 1087
1087 739
739 969
739 1735
969 1888
969 1994
1888 1108
1888 1008
1108 1349
1349 832
1349 1611
832 1870
1870 757
757 590
590 1083
590 1092
1083 317
317 1636
1636 1505
1636 575
1505 1514
1514 1408
1514 1627
1408 548
548 524
524 916
524 1079
916 845
845 968
845 1238
968 976
976 1068
976 1081
1068 1567
1567 2028
2028 2189
2189 337
337 1313
1313 1197
1313 1186
1197 462
462 525
525 491
525 720
491 501
491 574
501 698
501 677
698 568
568 1273
1273 1934
1934 1041
1041 376
376 713
376 1014
713 448
713 1007
448 915
448 84
915 1727
1727 122
1727 1988
122 776
122 1830
776 2240
2240 1060
1060 1787
1787 1188
1787 2150
1188 1376
1188 428
1376 1032
1032 761
1032 1840
761 1162
761 800
1162 471
1162 56
471 359
359 1955
1955 11
1955 723
11 1961
11 554
1961 657
657 1233
1233 1260
1260 1949
1949 88
1949 950
88 1495
88 33
1495 2105
1495 1942
2105 1618
1618 2010
1618 875
2010 611
611 70
611 1074
70 740
70 360
740 1300
740 812
1300 2235
1300 358
2235 846
2235 470
846 728
846 1516
728 1016
728 1570
1016 1796
1016 816
1796 1667
1796 945
1667 194
194 1199
194 176
1199 2070
1199 1893
2070 1936
1936 2011
1936 1324
2011 1524
2011 2016
1524 96
96 1972
1972 896
896 788
788 117
788 511
117 1705
117 2129
1705 1139
1139 1360
1139 86
1360 1897
1360 445
1897 2050
2050 427
2050 549
427 2183
2183 1526
1526 1544
1544 175
1544 2121
175 197
197 746
746 181
746 1887
181 215
215 112
112 2041
2041 1608
1608 289
289 1182
289 2209
1182 2098
1182 2192
2098 1416
2098 1983
1416 1338
1338 1946
1946 617
617 1297
1297 1884
1884 943
1884 765
943 665
665 961
961 1565
1565 988
988 1436
988 201
1436 780
1436 227
780 1219
780 537
1219 1335
1335 1354
1354 1426
1354 1917
1426 1000
1426 591
1000 722
1000 291
722 1770
1770 532
1770 1525
532 1561
1561 2093
2093 1045
2093 424
1045 174
174 2126
2126 68
2126 505
68 30
68 1434
30 170
30 7
170 1231
1231 654
1231 1956
654 824
824 730
730 2111
2111 1708
2111 934
1708 1489
1708 621
1489 1497
1489 1221
1497 1275
1497 854
1275 901
901 637
901 129
637 1829
637 1595
1829 164
164 2060
164 686
2060 1303
2060 2039
1303 602
1303 823
602 1443
1443 1059
1059 2227
1059 1506
2227 461
461 77
461 288
77 1214
77 151
1214 1042
1042 1637
1637 674
1637 1969
674 790
674 864
790 1598
790 417
1598 1728
1728 855
855 1944
855 645
1944 369
1944 1997
369 1392
369 543
1392 28
1392 792
28 31
31 1132
1132 1945
1945 578
1945 315
578 709
578 1973
709 447
709 1379
447 759
759 1261
759 454
1261 2138
2138 1646
1646 1908
1646 604
1908 1773
1773 676
1773 2221
676 465
676 1654
465 1869
465 831
1869 2029
2029 1316
1316 280
1316 1294
280 999
999 1435
999 263
1435 672
1435 1894
672 370
370 190
370 2030
190 2000
2000 2044
2044 982
982 663
982 2128
663 1852
663 1185
1852 1112
1112 775
775 1583
775 520
1583 1669
1583 1076
1669 59
1669 894
59 986
59 1029
986 1107
986 306
1107 1120
1107 248
1120 1205
1205 1253
1253 2174
2174 1220
2174 2232
1220 1404
1404 2045
1404 1588
2045 2130
2045 918
2130 2140
2140 1591
1591 1885
1885 2018
1885 1634
2018 1534
1534 1270
1534 101
1270 2226
1270 1131
2226 1756
1756 1175
1175 1217
1175 682
1217 671
1217 204
671 625
671 1518
625 9
9 2184
9 466
2184 1723
2184 270
1723 1631
1723 1736
1631 704
1631 347
704 1938
1938 2207
1938 576
2207 272
2207 2046
272 1933
1933 1899
1933 538
1899 1660
1660 1643
1660 341
1643 1804
1804 1931
1931 541
1931 594
541 40
40 1152
1152 2043
1152 2157
2043 755
755 1239
1239 941
941 1978
941 1716
1978 913
913 1265
913 336
1265 99
99 1543
1543 1696
1696 1509
1696 1234
1509 91
91 1761
1761 2021
2021 178
2021 2078
178 1951
1951 1877
1951 2220
1877 1522
1877 536
1522 480
1522 400
480 1687
480 1610
1687 1110
1687 1821
1110 1742
1742 1102
1102 1457
1102 14
1457 235
235 778
778 2208
2208 2080
2080 1620
2080 49
1620 437
1620 977
437 623
623 849
623 47
849 53
53 1502
1502 349
349 225
225 35
35 2124
2124 784
2124 406
784 140
784 1140
140 426
426 166
426 475
166 1170
1170 991
991 1759
991 1055
1759 2135
2135 1230
1230 453
1230 687
453 1314
1314 1810
1810 1839
1839 92
92 1301
1301 211
211 2042
2042 1151
2042 719
1151 1312
1312 1600
1600 1747
1747 1734
1734 994
994 2031
2031 1695
2031 2202
1695 1259
1259 275
1259 503
275 264
275 547
264 610
610 743
743 1803
743 1954
1803 1204
1204 1814
1814 1784
1784 345
1784 1547
345 927
927 1038
927 390
1038 2146
2146 1334
1334 410
1334 669
410 1743
1743 563
563 1477
563 826
1477 385
385 1491
1491 284
1491 1960
284 1982
1982 1981
1981 838
1981 1010
838 2222
838 1441
2222 1344
1344 1249
1344 1979
1249 1658
1658 485
485 1724
1724 296
1724 137
296 1704
1704 1628
1704 1062
1628 108
108 212
212 1892
1892 97
97 1013
97 2238
1013 1662
1013 577
1662 1078
1662 1173
1078 1541
1078 1406
1541 748
1541 2133
748 1012
1012 695
695 303
695 683
303 658
658 179
658 126
179 957
179 2231
957 1258
957 892
1258 714
1258 606
714 1086
714 1184
1086 2116
2116 333
333 171
333 210
171 94
171 1453
94 1802
94 1363
1802 1407
1407 1475
1475 1128
1128 1187
1187 964
964 750
750 2061
2061 1479
1479 850
1479 589
850 630
630 975
630 985
975 1864
1864 2006
2006 811
811 487
811 1183
487 2233
2233 1212
1212 1624
1624 1817
1817 202
1817 1856
202 952
952 2198
952 2168
2198 1375
1375 229
229 1832
1832 762
1832 388
762 1668
762 1263
1668 1018
1668 1792
1018 603
1018 2040
603 2151
2151 1423
2151 1533
1423 2194
2194 1901
1901 1642
1642 464
464 1474
1474 609
1474 161
609 796
609 773
796 1488
796 1827
1488 963
1488 627
963 1216
1216 1465
1465 1905
1905 1019
1905 339
1019 1965
1965 866
866 277
277 36
36 321
36 1394
321 387
321 635
387 1295
387 172
1295 245
245 1462
245 260
1462 569
1462 446
569 667
569 34
667 1227
1227 182
182 189
189 1825
189 1129
1825 1846
1846 752
752 551
752 1269
551 185
185 974
974 62
62 1546
1546 2007
1546 1498
2007 1084
2007 13
1084 1287
1287 1702
1702 64
64 1663
64 1530
1663 1963
1663 1551
1963 1781
1781 1299
1299 1094
1094 2077
2077 1605
1605 1222
1222 2108
1222 1609
2108 1906
1906 407
407 843
843 1284
1284 1327
1284 527
1327 441
441 1788
1788 1715
1715 2110
1715 1413
2110 1412
2110 1400
1412 629
629 1638
629 142
1638 870
1638 557
870 482
482 1673
482 1791
1673 1585
1673 255
1585 45
1585 299
45 1218
45 1947
1218 1321
1218 1645
1321 825
1321 332
825 2088
825 582
2088 1381
2088 668
1381 1480
1381 1578
1480 1651
1480 38
1651 770
1651 2113
770 1410
770 1328
1410 1937
1937 701
1937 123
701 1924
701 803
1924 1854
1924 1248
1854 1133
1133 2075
1133 1819
2075 469
2075 921
469 1385
469 1225
1385 2081
2081 1794
2081 1049
1794 1549
1549 497
497 196
196 1002
1002 1142
1002 1980
1142 909
909 412
412 1853
1853 873
873 281
281 509
509 2104
509 274
2104 1501
1501 1154
1501 1569
1154 1589
1589 820
1589 450
820 488
820 841
488 51
488 2112
51 1900
1900 1483
1900 1020
1483 955
1483 1252
955 496
955 1860
496 1011
1011 885
885 114
885 1451
114 751
114 1445
751 1824
751 1995
1824 42
42 330
42 1026
330 599
599 276
276 127
276 1683
127 2020
2020 545
2020 78
545 233
233 74
233 580
74 540
540 242
540 180
242 452
242 989
452 24
24 566
566 1210
1210 221
1210 1472
221 837
221 1783
837 1343
1343 550
550 1850
1850 2136
1850 1623
2136 1625
2136 579
1625 613
613 1369
613 651
1369 1121
1121 1795
1121 192
1795 939
939 25
25 867
867 1281
1281 618
1281 305
618 32
32 2062
32 463
2062 391
391 54
391 2218
54 356
356 489
489 2154
2154 434
2154 283
434 1672
434 802
1672 1876
1876 907
1876 2051
907 2224
2224 1729
1729 350
1729 1039
350 2206
2206 309
2206 57
309 1879
1879 1115
1115 787
1115 1377
787 1499
787 1953
1499 533
1499 1326
533 1670
1670 526
526 2125
526 2036
2125 1798
2125 835
1798 1849
1849 1751
1849 992
1751 2079
2079 1805
1805 213
1805 997
213 592
213 1738
592 2100
592 539
2100 1619
2100 1688
1619 2123
1619 586
2123 684
2123 607
684 1664
1664 1382
1664 1355
1382 1681
1681 840
840 965
840 880
965 1118
1118 1713
1118 1911
1713 307
1713 1494
307 2022
2022 1842
1842 1082
1082 1563
1082 1834
1563 1737
1737 1939
1737 455
1939 692
1939 438
692 817
817 1732
817 1731
1732 457
457 1053
1053 1306
1053 2145
1306 1717
1717 863
1717 1467
863 1122
863 1148
1122 1764
1764 1987
1987 1366
1987 1780
1366 1340
1340 431
431 1500
1500 2047
2047 1970
2047 125
1970 1345
1970 76
1345 1432
1432 1725
1725 842
1725 766
842 2099
842 2180
2099 1323
2099 2144
1323 1629
1629 1361
1629 756
1361 857
857 222
222 2175
2175 1507
1507 1601
1601 1640
1601 908
1640 82
82 546
82 279
546 1540
546 1069
1540 1126
1126 914
1126 1292
914 79
79 249
249 1671
1671 1279
1279 87
1279 294
87 847
847 556
556 717
717 128
717 601
128 310
310 2141
2141 1286
2141 1822
1286 2035
1286 587
2035 521
2035 266
521 200
200 2082
2082 1213
2082 1511
1213 1044
1044 903
903 1912
903 1941
1912 1584
1584 2173
2173 2019
2019 58
58 1208
1208 1676
1676 917
917 1750
1750 1868
1868 628
628 1247
628 1923
1247 26
26 1964
1964 1741
1741 2015
1741 1296
2015 2191
2015 946
2191 1568
1568 302
302 1347
302 588
1347 366
366 2159
2159 1833
2159 736
1833 996
996 690
996 925
690 793
793 1701
793 814
1701 2122
2122 984
2122 285
984 1424
984 655
1424 2182
2182 1251
2182 1838
1251 1940
1940 694
1940 148
694 397
397 504
397 1143
504 1587
1587 1689
1587 346
1689 1871
1689 1665
1871 1675
1675 1446
1675 483
1446 1891
1446 1003
1891 1464
1464 380
1464 1797
380 395
380 293
395 983
395 1452
983 269
983 177
269 1554
1554 203
203 116
203 774
116 1496
116 1577
1496 1958
1496 69
1958 334
1958 522
334 953
334 1666
953 1298
1298 344
344 1396
1396 132
1396 1594
132 459
132 1537
459 652
459 1730
652 1389
1389 444
444 675
444 1031
675 2012
675 2131
2012 1448
2012 237
1448 561
561 1639
561 813
1639 1207
1639 2066
1207 1984
1207 1311
1984 747
747 1881
747 1388
1881 419
419 1682
419 1557
1682 1177
1682 158
1177 1459
1459 829
829 1706
1706 396
1706 1144
396 2163
2163 1437
1437 353
353 2071
353 2004
2071 273
273 1271
273 789
1271 1962
1962 1957
1962 493
1957 439
439 1397
1397 644
1397 518
644 648
648 1975
1975 1753
1975 2074
1753 1801
1801 1147
1147 622
622 1697
622 435
1697 733
733 1268
733 1907
1268 659
659 1429
659 1515
1429 1331
1429 724
1331 124
1331 460
124 1337
1337 2101
2101 162
162 1165
162 10
1165 670
670 236
236 1799
1799 936
936 1352
936 1859
1352 729
1352 948
729 1528
729 1167
1528 5
5 1573
5 2161
1573 150
1573 1707
150 1390
150 1831
1390 1095
1390 1035
1095 1224
1095 797
1224 693
1224 1536
693 869
693 188
869 93
869 721
93 646
646 956
956 570
956 394
570 895
895 106
895 6
106 1245
1245 700
1245 741
700 265
700 942
265 967
967 1309
967 2114
1309 1813
1813 1116
1813 1043
1116 2132
2132 1606
1606 886
886 1622
886 508
1622 1700
1700 1512
1512 72
72 363
72 1004
363 1866
363 12
1866 1542
1542 1478
1542 951
1478 2244
1478 1198
2244 742
742 418
418 331
418 160
331 2225
2225 1288
2225 2149
1288 1089
1089 1023
1023 612
612 173
612 430
173 262
173 2092
262 660
262 1539
660 476
660 1449
476 1752
1752 2176
1752 865
2176 1579
1579 145
1579 705
145 17
145 1052
17 1051
17 1635
1051 937
1051 738
937 152
152 1061
1061 1242
1242 902
902 641
902 1276
641 888
888 436
888 1872
436 149
436 2038
149 1153
1153 1782
1153 1330
1782 2069
2069 853
2069 1159
853 1127
853 2120
1127 1615
1615 734
1615 1993
734 193
734 1521
193 1240
1240 2158
1240 1762
2158 1040
1040 1419
1040 2090
1419 325
325 1873
325 1977
1873 207
1873 1841
207 1915
207 1603
1915 2196
2196 2002
2196 998
2002 1125
1125 1586
1125 2054
1586 389
1586 1291
389 1114
1114 399
1114 1520
399 1593
1593 2
2 1902
1902 1576
1902 2139
1576 382
1576 1178
382 2053
2053 1117
2053 597
1117 708
708 1371
708 745
1371 1428
1428 1806
1806 324
1806 292
324 993
324 443
993 1409
993 1626
1409 1755
1409 1612
1755 1486
1486 1966
1486 1890
1966 1809
1966 379
1809 252
252 186
252 1119
186 1733
1733 1333
1333 1421
1421 600
600 1209
600 2242
1209 421
1209 323
421 1414
421 1200
1414 706
1414 1174
706 919
706 214
919 39
39 340
340 1778
340 2205
1778 301
1778 666
301 1057
1057 1226
1057 1272
1226 1991
1226 633
1991 191
191 673
191 1771
673 640
640 1138
1138 871
871 1986
1986 95
1986 712
95 392
392 1527
392 1745
1527 1758
1758 1920
1920 1305
1920 542
1305 134
1305 2008
134 1458
134 809
1458 1246
1458 2213
1246 1739
1246 697
1739 935
1739 1710
935 1580
935 1024
1580 198
1580 329
198 492
198 530
492 1099
1099 259
1099 1422
259 355
259 798
355 240
240 1974
240 312
1974 484
484 474
474 1411
474 1420
1411 619
619 111
111 98
111 2195
98 1863
1863 351
351 364
364 1712
364 451
1712 243
1712 239
243 2127
2127 298
2127 1358
298 1889
1889 691
691 286
286 1935
286 1952
1935 409
1935 1325
409 899
899 2186
2186 135
2186 836
135 1711
1711 891
1711 1098
891 881
891 1274
881 2033
2033 2095
2095 1202
2095 1189
1202 795
1202 290
795 928
795 163
928 159
928 1181
159 830
830 1865
1865 1679
1865 1844
1679 442
1679 1490
442 2097
442 1005
2097 1433
2097 314
1433 1919
1919 1372
1919 696
1372 1130
1372 256
1130 851
851 893
851 2178
893 1774
893 783
1774 970
1774 167
970 2210
970 791
2210 959
2210 1678
959 1466
959 510
1466 1564
1564 2148
1564 523
2148 512
512 1572
1572 1493
1493 420
420 978
978 552
978 2152
552 972
972 2027
2027 335
2027 1113
335 685
335 767
685 689
685 1703
689 411
411 1492
411 1487
1492 1329
1329 1843
1329 1080
1843 1028
1843 1241
1028 1134
1134 777
1134 1157
777 1550
777 1649
1550 616
616 782
616 1442
782 877
782 65
877 940
940 799
940 2037
799 1058
799 1077
1058 308
308 1250
308 2165
1250 715
1250 297
715 973
715 1401
973 52
52 1532
1532 1064
1064 386
1064 643
386 1463
386 403
1463 1456
1463 479
1456 241
1456 642
241 2169
241 636
2169 498
498 1341
498 1837
1341 1910
1341 2185
1910 653
653 502
653 44
502 109
109 1163
1163 727
727 980
980 119
980 1749
119 2064
2064 932
932 1021
1021 1030
1030 1714
1714 872
872 868
872 737
868 615
615 596
615 680
596 300
596 2059
300 1775
1775 2001
2001 1468
1468 467
1468 1155
467 2188
467 649
2188 910
910 1264
910 544
1264 1075
1075 1592
1075 647
1592 2109
2109 381
2109 1006
381 1596
1596 1105
1105 278
1105 2119
278 1692
278 1402
1692 1036
1036 890
890 1370
1370 153
1370 1243
153 2160
2160 1909
2160 763
1909 1914
1909 226
1914 897
1914 404
897 1101
897 1461
1101 1545
1545 1027
1027 898
898 608
608 779
779 1574
779 1304
1574 367
1574 37
367 105
105 2162
2162 2023
2162 1613
2023 1858
1858 1471
1471 1655
1471 73
1655 1172
1172 631
631 716
631 1607
716 707
707 1896
707 1776
1896 754
754 2106
754 253
2106 1785
2106 2201
1785 218
218 107
107 769
107 760
769 1283
1283 1109
1109 1254
1109 1790
1254 2102
2102 1621
2102 1772
1621 771
1621 2048
771 718
771 133
718 1851
718 926
1851 1342
1851 1439
1342 1255
1342 1293
1255 995
1255 1033
995 2241
2241 1100
1100 1280
1280 1535
1280 1380
1535 2147
1535 1430
2147 2137
2147 2063
2137 1146
1146 2216
2216 1438
2216 1699
1438 1384
1384 2200
1384 413
2200 113
113 2167
113 2067
2167 933
2167 2170
933 1415
933 169
1415 1848
1848 2156
1848 1063
2156 859
2156 1050
859 1815
859 650
1815 2187
2187 1399
2187 494
1399 828
828 1857
1857 1720
1720 678
678 320
678 1548
320 2230
320 267
2230 1418
1418 415
415 1065
1065 55
1065 1319
55 1875
55 2142
1875 856
1875 1698
856 43
856 313
43 1194
43 1559
1194 102
102 100
102 2089
100 1302
1302 1828
1302 1748
1828 1290
1828 1336
1290 1836
1290 138
1836 1285
1285 1135
1285 808
1135 1093
1135 1373
1093 1348
1093 1818
1348 2166
1348 326
2166 1015
1015 373
373 282
282 839
839 1195
1195 726
1195 208
726 1244
726 481
1244 81
81 2091
81 1510
2091 316
316 1190
1190 1215
1215 534
1215 744
534 251
534 1034
251 67
67 572
572 559
572 183
559 1171
559 1368
1171 930
930 144
144 1073
144 884
1073 1812
1073 571
1812 1932
1932 1562
1562 50
50 1685
1685 110
110 342
342 1356
1356 1090
1090 368
368 764
368 1179
764 295
295 922
922 768
768 1320
768 656
1320 507
507 1513
1513 146
146 27
146 362
27 2087
27 1037
2087 199
2087 1405
199 2223
2223 2181
2223 41
2181 1201
1201 2049
1201 529
2049 1277
2049 2245
1277 1847
1277 1552
1847 16
16 1617
16 1066
1617 1641
1617 1047
1641 555
555 585
585 1229
1229 906
906 1990
1990 1998
1990 1820
1998 1398
1398 1145
1145 486
486 1308
486 882
1308 60
1308 1996
60 2155
60 821
2155 136
2155 1237
136 514
136 2056
514 583
583 904
583 433
904 2179
2179 1391
2179 920
1391 2085
1391 1317
2085 2190
2190 115
2190 794
115 232
232 2164
2164 1444
2164 230
1444 1943
1444 2086
1943 1883
1943 703
1883 1339
1883 924
1339 662
1339 2118
662 979
979 2171
2171 1632
1632 1123
1632 834
1123 1886
1886 1757
1757 638
1757 1160
638 1599
1599 1191
1191 2103
1191 1322
2103 2014
2014 478
2014 1067
478 143
143 85
85 1807
85 1985
1807 223
1807 1553
223 1504
1504 1922
1922 103
1922 1766
103 3
103 2034
3 632
632 1767
1767 2219
2219 1874
1874 1395
1395 1916
1395 1025
1916 377
1916 322
377 862
377 710
862 338
338 1454
338 1769
1454 1282
1282 217
1282 1017
217 858
858 1508
1508 440
1508 61
440 912
440 2237
912 2115
912 883
2115 1878
1878 352
352 2065
2065 1455
2065 1531
1455 2117
1455 1482
2117 1256
1256 560
560 1164
560 1469
1164 595
595 938
595 2084
938 1235
938 257
1235 216
1235 1203
216 861
861 371
371 220
220 187
220 1976
187 209
209 620
209 753
620 758
758 468
468 1450
1450 1779
1779 401
401 246
246 2229
2229 384
384 564
384 66
564 1898
1898 408
1898 348
408 805
805 827
827 1558
1558 1895
1558 2058
1895 1056
1056 195
195 375
195 2107
375 1085
1085 1072
1072 393
393 860
393 1763
860 1581
1581 1845
1581 1150
1845 1929
1929 22
1929 258
22 1440
22 876
1440 1652
1440 1351
1652 801
1652 1289
801 804
801 1096
804 287
804 1653
287 2068
2068 889
2068 1693
889 1928
1928 75
1928 1427
75 681
75 318
681 573
573 261
573 495
261 2211
261 1176
2211 971
971 887
971 772
887 626
626 1315
1315 2177
1315 1690
2177 1362
1362 664
664 2212
2212 2204
2212 1556
2204 711
2204 1517
711 1903
711 304
1903 1097
1903 1353
1097 931
1097 1124
931 328
328 1656
328 423
1656 874
874 2234
874 130
2234 1359
2234 1913
1359 1657
1657 1168
1657 458
1168 1310
1168 184
1310 219
219 1967
219 1604
1967 962
962 327
962 372
327 374
327 581
374 1659
1659 1485
1485 624
1485 1918
624 1365
624 735
1365 1989
1365 2083
1989 1927
1989 2076
1927 80
80 1529
80 833
1529 416
1529 639
416 83
83 515
83 1054
515 165
515 2215
165 1650
165 1048
1650 1223
1650 1950
1223 1648
1648 1808
1648 238
1808 456
456 500
500 19
500 1257
19 1768
19 1968
1768 449
449 118
118 1009
118 1149
1009 228
1009 1538
228 1460
1460 29
1460 923
29 1166
29 1855
1166 702
702 402
402 398
402 1948
398 48
398 553
48 1867
48 1582
1867 90
1867 1156
90 156
156 1718
1718 2153
2153 1793
2153 1484
1793 4
4 361
361 1523
361 1161
1523 806
806 1136
806 844
1136 987
1136 966
987 1684
1684 786
1684 147
786 2094
2094 1566
2094 810
1566 425
425 2243
425 2017
2243 1206
1206 929
1206 531
929 584
929 1694
584 1719
1719 1571
1719 944
1571 231
231 725
725 1861
1861 1691
1861 1374
1691 949
949 1425
949 2025
1425 567
567 1644
567 911
1644 18
18 422
18 852
422 141
141 1630
1630 732
732 528
528 1481
1481 2193
1481 1709
2193 1091
1091 1686
1091 2172
1686 383
383 1925
383 1169
1925 679
679 513
679 244
513 405
405 268
405 473
268 1721
1721 1431
1431 990
990 960
960 1403
960 1992
1403 1647
1647 731
731 2143
731 1232
2143 1746
1746 981
1746 271
981 1835
1835 15
15 319
15 1789
319 357
319 432
357 1278
1278 1519
1278 1882
1519 1473
1473 1022
1022 879
1022 1470
879 516
516 2057
516 2026
2057 1346
2057 1765
1346 46
1346 1137
46 958
46 490
958 1071
958 1103
1071 1104
1071 1383
1104 1959
1104 1674
1959 224
224 954
224 2073
954 472
472 1614
472 1180
1614 1880
1880 2217
1880 1111
2217 1196
1196 378
1196 1
378 168
378 947
168 1267
168 2239
1267 131
131 2214
2214 2009
2214 1307
2009 1555
1555 1357
1555 1744
1357 2096
1357 2024
2096 781
781 2005
781 1926
2005 71
71 2134
2134 206
206 104
104 2228
2228 614
614 1318
614 1590
1318 598
1318 499
598 205
205 1046
205 1211
1046 848
1046 819
848 1070
1070 2246
1070 535
2246 1602
2246 1800
1602 120
1602 900
120 1001
1001 1332
1001 1476
1332 749
749 562
562 517
562 661
517 155
155 89
89 605
605 1088
605 2032
1088 815
815 1999
1999 1387
1387 1364
1387 2013
1364 250
1364 1266
250 1760
250 2197
1760 1862
1760 1811
1862 1158
1862 807
1158 1777
1777 311
311 429
429 1680
429 1350
1680 822
822 2055
822 2236
2055 1447
1447 2203
1447 2072
2203 1367
2203 1971
1367 1722
1367 1378
1722 1616
1722 354
1616 878
1616 414
878 23
878 8
23 234
23 1575
234 1393
234 63
1393 1816
1393 343
1816 1228
