26 361 6837142
2 16
16 19
16 13
19 21
19 4
21 18
21 15
18 25
18 12
25 26
26 7
7 8
8 20
20 1
20 24
1 14
1 17
14 9
14 23
9 10
9 11
10 22
22 6
6 5
6 3
263 118
118 202
118 1
202 80
202 236
80 306
306 122
306 44
122 179
122 225
179 215
215 355
355 58
58 108
108 7
7 283
283 357
283 345
357 183
357 293
183 170
183 165
170 43
43 96
96 276
96 28
276 206
276 219
206 230
206 286
230 46
46 205
46 188
205 272
205 175
272 133
272 268
133 278
133 242
278 329
329 11
11 169
169 152
169 274
152 312
152 177
312 302
302 103
103 13
13 257
257 144
257 87
144 269
144 266
269 231
231 281
281 104
281 139
104 94
104 350
94 97
97 24
24 155
155 63
155 260
63 307
307 313
313 227
313 200
227 352
352 126
352 19
126 69
126 315
69 220
220 189
220 298
189 98
189 36
98 93
93 95
93 6
95 127
127 64
127 254
64 21
64 45
21 132
21 116
132 143
143 348
143 320
348 290
290 245
290 262
245 316
316 167
316 299
167 77
167 3
77 264
264 35
35 89
89 247
89 31
247 303
303 137
303 37
137 308
137 199
308 72
308 15
72 232
232 153
232 311
153 347
347 120
120 310
120 234
310 217
310 123
217 115
115 294
115 319
294 74
74 208
208 325
325 195
195 280
195 209
280 92
92 62
92 142
62 52
52 39
52 300
39 326
326 341
341 253
341 159
253 317
253 56
317 124
124 30
30 297
297 101
101 243
101 288
243 151
243 239
151 110
110 186
186 301
301 305
301 86
305 351
305 224
351 125
125 27
125 172
27 191
27 211
191 334
191 279
334 54
54 38
54 114
38 207
207 270
207 154
270 135
270 289
135 343
343 113
343 180
113 271
113 332
271 197
197 50
50 107
107 327
327 121
327 296
121 42
42 359
42 33
359 194
194 346
346 66
66 117
117 255
255 256
255 99
256 196
256 138
196 79
196 60
79 333
79 187
333 158
333 105
158 100
158 145
100 147
147 213
213 128
213 216
128 324
324 190
324 344
190 174
174 282
174 162
282 210
282 82
210 330
330 267
267 16
16 71
16 182
71 336
71 91
336 252
336 119
252 322
252 83
322 185
322 23
185 246
185 12
246 212
246 129
212 78
212 229
78 73
78 342
73 228
228 2
228 4
2 204
204 41
204 112
41 292
292 233
233 55
233 148
55 163
55 102
163 340
340 57
340 337
57 146
57 173
146 164
146 218
164 49
49 149
49 84
149 61
61 291
291 353
291 221
353 304
304 161
161 141
141 70
70 339
70 321
339 18
18 323
18 150
323 250
323 335
250 25
25 10
10 244
244 309
309 5
5 75
5 156
75 111
75 361
111 338
338 166
166 273
166 136
273 237
273 284
237 241
237 76
241 14
241 29
14 53
14 203
53 40
40 331
40 176
331 223
223 249
249 65
65 198
65 261
198 178
178 277
178 59
277 181
277 68
181 157
157 47
47 248
248 171
171 314
314 90
90 251
90 222
251 295
295 235
295 131
235 85
85 238
238 134
134 32
32 201
32 193
201 20
20 240
20 358
240 328
328 88
88 51
51 81
81 26
26 265
26 67
265 192
265 48
192 275
275 287
275 285
287 360
360 168
360 258
168 130
130 34
34 17
34 140
17 349
349 106
106 214
214 356
214 8
356 109
356 354
109 9
109 22
9 226
9 184
226 160
160 259
259 318
