1 630 89032
579 520
579 128
520 360
520 193
360 242
360 607
242 593
242 595
593 468
468 33
468 52
33 451
451 77
77 433
433 385
433 143
385 521
521 152
152 466
152 484
466 91
466 11
91 291
291 165
165 198
165 626
198 238
198 264
238 315
315 526
315 289
526 492
526 257
492 122
492 543
122 174
122 361
174 452
174 273
452 449
449 252
449 277
252 124
252 16
124 338
124 350
338 426
338 324
426 134
426 502
134 344
344 32
344 263
32 35
32 397
35 379
379 404
404 211
211 231
231 570
231 518
570 201
201 8
201 266
8 541
8 312
541 153
153 236
153 568
236 354
236 183
354 331
331 237
331 576
237 440
440 267
267 390
267 460
390 358
358 288
358 243
288 170
170 555
170 447
555 486
486 226
226 302
226 372
302 180
180 411
411 293
293 399
293 516
399 478
478 597
597 600
597 203
600 250
250 179
179 3
3 160
3 271
160 321
321 424
321 467
424 184
424 330
184 396
396 553
396 262
553 21
21 474
21 575
474 547
547 245
547 481
245 313
313 430
313 472
430 471
471 556
556 150
556 79
150 110
150 549
110 489
110 15
489 557
489 282
557 311
311 534
311 149
534 511
511 177
511 332
177 36
177 381
36 287
287 348
287 111
348 141
141 251
251 101
251 527
101 513
101 169
513 583
513 613
583 494
583 485
494 167
167 519
167 34
519 192
192 216
192 349
216 50
216 260
50 565
50 187
565 429
565 97
429 510
429 26
510 599
510 280
599 437
437 46
437 625
46 212
212 533
212 364
533 473
533 256
473 629
473 375
629 39
629 359
39 383
39 69
383 220
383 278
220 609
220 178
609 181
609 189
181 391
391 548
391 443
548 12
12 490
490 566
566 307
566 284
307 89
89 200
89 536
200 368
368 279
279 369
369 84
84 337
337 27
27 621
621 190
190 416
190 394
416 87
416 403
87 173
173 439
439 81
81 9
81 573
9 296
296 400
400 624
400 550
624 482
624 176
482 294
482 512
294 304
294 409
304 342
342 604
604 310
604 414
310 59
59 371
371 90
90 115
90 408
115 48
115 562
48 219
219 107
107 413
413 577
577 458
577 446
458 83
83 72
72 373
373 495
495 281
495 617
281 116
116 14
116 41
14 68
68 270
68 269
270 223
270 74
223 554
223 522
554 25
554 78
25 70
70 4
4 253
4 76
253 132
253 376
132 295
132 392
295 241
295 370
241 275
241 172
275 93
275 401
93 450
93 61
450 146
146 22
22 265
265 588
588 592
592 590
590 479
590 572
479 351
351 417
417 268
417 158
268 558
558 503
558 415
503 507
503 272
507 303
303 323
303 175
323 163
323 509
163 380
163 92
380 345
345 24
24 102
24 506
102 504
504 53
53 38
38 423
423 20
20 1
1 538
1 249
538 239
538 432
239 137
137 628
137 42
628 104
628 434
104 561
104 23
561 255
255 188
188 537
188 453
537 156
156 140
156 456
140 559
140 356
559 88
88 47
47 94
47 127
94 247
247 594
594 51
594 420
51 283
283 422
283 362
422 623
623 300
300 445
445 222
222 606
222 6
606 589
589 73
589 286
73 49
73 95
49 274
49 608
274 412
412 336
336 584
336 197
584 605
584 501
605 195
195 66
66 29
29 611
29 499
611 204
611 130
204 228
204 30
228 347
347 154
154 118
154 19
118 106
106 581
106 365
581 367
367 65
367 517
65 28
65 161
28 366
28 334
366 560
560 298
298 235
235 209
235 335
209 207
209 57
207 418
418 202
418 498
202 31
31 464
464 448
464 138
448 10
10 205
205 131
131 505
505 105
105 525
105 393
525 343
343 82
82 406
82 539
406 194
406 229
194 224
194 602
224 120
224 17
120 292
120 601
292 125
292 135
125 459
459 142
142 199
199 186
186 386
186 259
386 610
386 100
610 254
610 227
254 346
346 261
261 540
261 363
540 56
540 309
56 410
410 405
410 542
405 427
427 395
427 55
395 384
384 148
148 480
480 319
480 214
319 58
319 60
58 470
58 44
470 476
476 564
564 585
564 620
585 436
585 514
436 85
436 488
85 465
465 353
353 276
353 119
276 314
276 210
314 571
571 246
246 483
246 329
483 419
483 387
419 326
326 71
326 421
71 457
457 528
457 582
528 306
528 325
306 166
306 407
166 357
166 18
357 157
157 477
157 630
477 524
524 508
524 62
508 545
508 341
545 63
545 461
63 67
67 196
196 378
378 523
378 123
523 316
523 80
316 398
316 215
398 98
398 377
98 402
402 619
619 185
185 299
299 455
455 13
455 491
13 240
13 438
240 2
240 99
2 40
2 496
40 147
147 580
147 162
580 117
580 463
117 136
117 164
136 352
352 425
352 96
425 64
64 615
64 109
615 567
567 535
567 37
535 86
86 206
86 133
206 114
114 586
586 221
586 208
221 318
318 596
596 544
544 126
544 441
126 233
233 591
591 333
333 258
258 487
487 614
487 182
614 108
108 45
45 462
462 500
500 305
500 191
305 112
305 230
112 113
112 475
113 431
113 598
431 248
431 301
248 454
248 382
454 121
454 552
121 54
54 428
54 612
428 244
244 151
244 159
151 435
435 217
217 144
144 103
144 493
103 531
103 340
531 497
531 603
497 5
497 442
5 155
155 75
155 171
75 339
339 469
339 374
469 530
530 328
530 320
328 444
328 129
444 139
139 574
139 218
574 285
285 578
578 622
578 618
622 322
622 43
322 389
322 234
389 515
389 569
515 563
515 213
563 529
529 546
546 145
145 616
145 7
616 587
616 327
587 290
290 232
232 627
232 168
627 297
627 317
297 532
532 388
532 355
388 225
388 308
225 551
