2 2970 5051
1 2
2113 2617
2617 2647
2617 2242
2647 2788
2647 2719
2788 126
126 1404
126 573
1404 1646
1404 2924
1646 2261
1646 2457
2261 2382
2261 2316
2382 976
976 560
560 2
2 541
541 2869
2869 1768
1768 386
386 1644
1644 917
1644 2366
917 1855
1855 1225
1855 694
1225 2872
2872 2596
2872 1106
2596 85
85 2076
2076 2967
2076 134
2967 2679
2679 2810
2679 289
2810 883
883 1451
1451 2310
2310 1461
2310 931
1461 1135
1135 192
192 452
192 1290
452 2411
2411 867
867 2828
2828 2294
2294 1612
2294 175
1612 2774
2774 1212
2774 2042
1212 1664
1212 2797
1664 1537
1664 1348
1537 1882
1537 1318
1882 2732
2732 333
333 162
162 1147
1147 456
456 797
456 1424
797 60
60 1732
1732 2920
1732 1037
2920 1983
1983 942
1983 1650
942 2122
2122 1502
1502 1826
1826 699
699 1129
1129 1388
1388 649
1388 50
649 588
649 2554
588 1710
588 1960
1710 2940
2940 307
307 2897
307 1613
2897 1312
2897 19
1312 1793
1312 910
1793 417
1793 2482
417 2058
417 973
2058 2181
2181 1491
2181 633
1491 310
310 1441
310 771
1441 2317
1441 1168
2317 2522
2317 2588
2522 2496
2496 953
2496 322
953 130
130 615
615 2607
2607 2224
2224 789
789 968
789 1542
968 163
968 1117
163 2614
2614 583
583 2305
2305 1780
1780 1735
1780 597
1735 682
682 606
682 989
606 1114
606 2199
1114 579
579 925
925 1872
925 35
1872 1844
1872 2622
1844 1577
1844 522
1577 2049
2049 2675
2049 492
2675 1303
2675 1592
1303 832
1303 2284
832 1507
1507 772
772 2638
2638 29
2638 2010
29 297
297 44
297 2187
44 336
336 334
336 2493
334 124
334 438
124 357
357 2143
357 814
2143 1902
2143 675
1902 2454
1902 1876
2454 1649
1649 205
1649 845
205 98
205 2550
98 2401
2401 1786
1786 538
538 1392
538 581
1392 9
1392 901
9 411
411 1551
411 616
1551 432
432 1369
432 1964
1369 7
7 2475
7 2009
2475 1057
2475 886
1057 1109
1109 2655
1109 1535
2655 2129
2129 2097
2129 840
2097 285
285 2540
285 385
2540 493
493 2530
493 2132
2530 1387
1387 341
341 1530
341 1228
1530 1909
1530 864
1909 2886
2886 220
220 2392
2392 2438
2392 2038
2438 1252
1252 2512
2512 86
86 1562
1562 2666
1562 195
2666 2557
2666 354
2557 879
2557 531
879 680
879 374
680 2068
680 1853
2068 2320
2320 602
602 189
602 68
189 2436
189 592
2436 2633
2436 267
2633 807
807 2696
2696 481
2696 2916
481 1952
1952 794
794 872
872 111
111 1247
1247 1339
1339 1575
1339 244
1575 2333
2333 2580
2580 561
2580 2062
561 2325
2325 1757
2325 669
1757 1744
1757 2371
1744 1913
1744 1307
1913 1467
1467 2386
2386 1656
2386 419
1656 1748
1748 84
84 1253
1253 2286
2286 2148
2286 295
2148 2548
2148 1323
2548 604
2548 2970
604 199
604 37
199 1060
1060 2694
1060 1260
2694 748
2694 1629
748 2267
748 2321
2267 2202
2202 1148
1148 335
1148 2108
335 1355
1355 1294
1355 1631
1294 2276
1294 2256
2276 506
506 2349
2349 1075
2349 41
1075 940
940 1941
940 2067
1941 2201
1941 2529
2201 71
2201 1765
71 1961
71 2485
1961 2839
2839 1012
1012 1010
1012 1066
1010 2467
1010 2390
2467 317
317 259
317 1200
259 2218
2218 2365
2365 1266
2365 2603
1266 1426
1266 326
1426 1801
1426 2576
1801 1550
1550 2653
1550 2227
2653 1366
2653 2595
1366 2277
1366 562
2277 1103
2277 2717
1103 332
332 1849
332 1054
1849 88
1849 2192
88 2729
88 811
2729 347
347 1932
347 1511
1932 1314
1314 1335
1335 57
1335 1214
57 301
301 952
952 2778
952 468
2778 144
144 1487
1487 1705
1705 12
1705 1500
12 2406
2406 2481
2481 257
2481 1070
257 1858
1858 2672
1858 2592
2672 1280
2672 2534
1280 1431
1280 2102
1431 1023
1023 2180
1023 2151
2180 2876
2876 1923
1923 2510
2510 2456
2510 1803
2456 1043
2456 1145
1043 1493
1493 898
1493 575
898 1007
898 1382
1007 2155
1007 1423
2155 1605
1605 766
1605 1316
766 1614
766 2426
1614 1762
1762 2707
1762 1278
2707 2116
2116 1258
2116 788
1258 2806
2806 889
889 186
889 648
186 2360
186 2567
2360 482
2360 2093
482 2627
482 658
2627 1184
1184 245
245 2257
2257 1760
2257 2443
1760 450
450 566
450 881
566 233
566 1101
233 378
233 1069
378 269
378 517
269 770
770 607
770 500
607 1819
1819 1341
1341 82
1341 1703
82 961
961 2030
2030 1317
2030 23
1317 2777
1317 1346
2777 2890
2777 2961
2890 1942
1942 429
1942 2330
429 2747
2747 2492
2492 1501
2492 736
1501 1209
1501 2966
1209 1741
1209 446
1741 1165
1741 1623
1165 704
704 395
704 1320
395 260
395 2654
260 1588
260 2909
1588 1658
1588 1934
1658 2840
2840 2758
2758 2292
2758 2804
2292 2809
2809 485
485 1146
485 228
1146 2805
1146 292
2805 2702
2702 400
400 294
400 1886
294 571
294 1578
571 689
689 955
689 2880
955 620
620 2303
2303 1958
2303 2154
1958 1479
1958 1850
1479 2105
2105 850
2105 880
850 1313
1313 752
1313 1232
752 2060
2060 806
2060 512
806 869
806 1334
869 2661
869 2370
2661 623
623 2271
2271 2564
2564 2856
2856 2763
2763 1095
2763 2319
1095 2225
2225 1370
2225 1077
1370 1485
1485 1444
1444 2923
1444 1198
2923 2941
2941 356
356 1697
1697 1141
1697 2235
1141 24
24 939
939 499
499 2003
2003 2375
2375 2957
2375 1999
2957 2608
2608 1446
1446 174
1446 352
174 2460
174 2413
2460 412
412 2807
2807 1002
1002 927
927 2519
2519 2843
2843 664
2843 2208
664 1474
1474 534
534 1013
1013 2665
2665 2963
2665 751
2963 1558
2963 2177
1558 1704
1558 2915
1704 225
225 344
344 266
266 1216
1216 2775
1216 2824
2775 549
549 2497
549 513
2497 2699
2699 2863
2863 420
2863 818
420 2012
420 1482
2012 1718
2012 639
1718 1336
1336 2474
1336 2090
2474 1827
1827 1142
1142 2166
2166 2001
2166 507
2001 2161
2001 1866
2161 1657
1657 1580
1580 1354
1580 472
1354 2651
2651 1413
1413 2334
2334 2829
2829 1181
1181 2439
2439 662
662 1628
662 1405
1628 2043
2043 123
123 2928
2928 1959
2928 2144
1959 75
75 2868
75 651
2868 2017
2868 48
2017 1134
1134 778
778 2601
778 2248
2601 1089
1089 1514
1089 2005
1514 2792
1514 878
2792 733
2792 1293
733 2578
2578 1454
1454 1040
1040 2200
2200 430
430 2690
2690 1988
2690 1425
1988 2542
2542 2558
2558 235
2558 1936
235 497
235 1105
497 537
537 903
903 2053
2053 1701
2053 3
1701 2188
1701 2776
2188 1052
1052 1505
1052 2359
1505 1149
1149 1540
1149 1750
1540 1445
1445 2547
2547 895
895 27
27 998
27 1609
998 474
998 2958
474 1476
474 849
1476 2381
2381 2037
2037 1097
2037 1495
1097 1807
1807 816
816 524
524 937
524 505
937 2285
2285 1678
1678 2297
2297 55
2297 2138
55 504
504 2246
504 2309
2246 638
638 1238
1238 1516
1238 1619
1516 265
1516 1800
265 2092
265 2773
2092 2822
2822 1357
2822 2625
1357 2193
2193 146
2193 525
146 2065
2065 2762
2065 2311
2762 1099
2762 487
1099 1439
1439 2499
1439 480
2499 234
234 206
234 2056
206 387
387 1397
1397 1887
1887 1904
1887 2346
1904 8
8 2705
2705 1237
1237 1875
1875 262
1875 2568
262 1824
1824 1396
1396 740
740 1518
740 2125
1518 1000
1000 249
1000 127
249 1390
1390 686
686 188
188 1869
1869 2091
1869 1086
2091 2683
2683 116
2683 1017
116 1371
1371 1742
1742 985
1742 1056
985 299
299 2796
299 2556
2796 1183
2796 2505
1183 823
1183 1564
823 774
823 1570
774 1437
1437 1968
1437 1315
1968 383
1968 1784
383 2081
2081 59
59 948
948 2163
2163 1597
2163 1873
1597 2516
2516 2409
2516 154
2409 397
2409 449
397 1310
397 905
1310 1727
1727 2931
1727 2884
2931 376
2931 663
376 2612
2612 1919
1919 2112
2112 2089
2089 498
2089 1692
498 1269
498 2337
1269 2185
2185 796
2185 593
796 2670
2670 2087
2087 614
2087 463
614 1812
614 1561
1812 1246
1812 757
1246 1611
1246 714
1611 2455
1611 2593
2455 2862
2862 2642
2862 703
2642 2704
2704 4
2704 1206
4 309
4 2289
309 1526
1526 2838
2838 2040
2838 1836
2040 1806
2040 435
1806 1034
1806 828
1034 1916
1916 1724
1724 253
1724 1301
253 950
950 104
104 2841
2841 2114
2841 1688
2114 628
628 1543
628 1347
1543 2900
2900 2513
2900 1908
2513 2215
2513 902
2215 1249
2215 2559
1249 2059
2059 1674
1674 1796
1674 759
1796 1440
1440 2768
2768 1020
2768 511
1020 2731
2731 519
2731 2244
519 2272
2272 1890
1890 2852
1890 1808
2852 1548
2852 2153
1548 1660
1548 1394
1660 2949
1660 1356
2949 1123
1123 1194
1194 94
1194 1376
94 2221
2221 445
445 1781
1781 635
635 2582
635 1632
2582 2019
2019 1111
2019 1606
1111 726
1111 681
726 2055
2055 817
817 1192
1192 2079
1192 1997
2079 2451
2079 1121
2451 529
2451 2817
529 240
240 1901
240 2770
1901 1739
1901 18
1739 1791
1739 957
1791 1399
1399 2463
2463 2930
2463 544
2930 2217
2930 1291
2217 2326
2326 893
893 567
567 2487
2487 1082
2487 2183
1082 81
1082 510
81 1199
81 349
1199 45
1199 1019
45 1771
45 1361
1771 827
827 1363
827 2249
1363 359
359 2287
2287 1944
2287 1851
1944 475
1944 2008
475 1788
1788 1541
1541 963
963 2621
963 1695
2621 856
856 1769
856 518
1769 642
642 972
642 1970
972 1243
1243 782
782 2709
782 256
2709 476
2709 158
476 190
476 802
190 1053
190 2498
1053 2590
2590 2910
2590 2687
2910 909
2910 2251
909 2362
909 351
2362 342
2362 747
342 2676
2676 1110
2676 2274
1110 114
114 1072
114 121
1072 609
1072 399
609 1922
609 1984
1922 613
613 443
613 713
443 2585
2585 370
370 542
370 1859
542 167
167 1419
1419 2164
2164 1297
2164 870
1297 39
39 1544
39 1205
1544 2473
1544 2895
2473 1196
1196 1345
1345 2471
1345 152
2471 2733
2733 1240
2733 1417
1240 1352
1240 1208
1352 1790
1790 2813
1790 1693
2813 168
168 2685
2685 1506
1506 1899
1506 1484
1899 2812
2812 742
2812 1358
742 1976
1976 329
1976 2301
329 2106
2106 1304
2106 2821
1304 601
601 1883
601 281
1883 974
974 2428
2428 2680
2428 2191
2680 1231
1231 2123
2123 2695
2695 191
191 1133
1133 2449
2449 1661
1661 1
1 2364
2364 521
2364 697
521 348
348 661
661 1789
661 924
1789 574
1789 128
574 2947
574 1943
2947 1617
2947 876
1617 1337
1337 1935
1935 1534
1935 2231
1534 2178
1534 1522
2178 1555
2178 2934
1555 791
1555 890
791 2136
2136 2404
2404 2034
2404 2444
2034 2073
2034 1804
2073 1891
1891 437
437 577
437 918
577 92
577 131
92 1173
1173 719
719 1962
719 2268
1962 2425
1962 2427
2425 193
2425 763
193 2269
193 1563
2269 2637
2269 1272
2637 2811
2637 1895
2811 425
425 365
425 2142
365 73
365 1081
73 756
73 2120
756 1531
1531 1039
1039 1306
1039 1566
1306 1616
1616 200
200 698
698 1717
1717 1585
1717 627
1585 232
232 380
380 1255
1255 775
1255 1842
775 1870
775 113
1870 2300
2300 701
701 1152
701 762
1152 2322
2322 584
2322 2345
584 2944
2944 2834
2834 63
63 22
63 815
22 489
22 997
489 587
489 2119
587 1957
1957 143
143 1415
1415 558
1415 2631
558 1930
558 1113
1930 1365
1365 938
1365 153
938 2848
938 2664
2848 1005
1005 1587
1005 67
1587 523
1587 2264
523 401
401 790
790 1813
790 2252
1813 735
735 787
735 1408
787 2283
2283 556
2283 1700
556 2006
556 1967
2006 274
2006 1277
274 1596
274 2232
1596 646
1596 2937
646 107
107 2738
107 1847
2738 2385
2385 2490
2490 2671
2490 2855
2671 2160
2160 2088
2160 1244
2088 516
516 858
516 1416
858 1839
858 1201
1839 1618
1618 2124
1618 2663
2124 2745
2124 2779
2745 2643
2745 1894
2643 1167
1167 1770
1770 149
149 1140
1140 994
1140 1251
994 238
238 1654
1654 2660
2660 78
2660 1048
78 194
78 611
194 1195
1195 2787
2787 2344
2787 1325
2344 467
467 1144
467 1927
1144 899
899 960
960 839
839 776
776 1087
1087 185
1087 1752
185 2859
185 358
2859 754
754 1868
1868 2024
1868 875
2024 13
2024 936
13 1992
13 2594
1992 1448
1992 1118
1448 433
433 316
316 1897
316 1867
1897 1663
1897 904
1663 1458
1458 2727
2727 1829
2727 1433
1829 2789
1829 725
2789 672
2789 1481
672 1024
1024 171
1024 1471
171 1220
1220 391
1220 1391
391 1546
391 1401
1546 2541
1546 692
2541 1981
1981 1035
1035 659
1035 2615
659 2402
659 1782
2402 2888
2402 709
2888 2156
2888 1115
2156 2964
2964 2605
2605 1321
2605 2767
1321 1854
1854 1420
1854 860
1420 25
1420 767
25 1062
1062 367
1062 79
367 2700
2700 1687
2700 2723
1687 76
76 2759
76 530
2759 2798
2759 2624
2798 2751
2751 291
291 745
291 247
745 2735
2735 38
38 2623
2623 786
786 2870
2870 1635
1635 915
1635 426
915 1373
1373 2335
1373 700
2335 2141
2335 2757
2141 2790
2141 2033
2790 833
2790 77
833 2734
833 2925
2734 2423
2734 922
2423 585
2423 212
585 1906
1906 1510
1510 2527
2527 969
969 2419
2419 1965
2419 1264
1965 56
56 632
632 1814
632 882
1814 1377
1377 138
138 586
138 2234
586 2801
586 2253
2801 626
2801 466
626 1161
626 1828
1161 2794
1161 718
2794 991
991 1090
1090 2560
1090 379
2560 2084
2084 478
478 202
202 1498
1498 2430
1498 1707
2430 653
653 2599
2599 1015
2599 272
1015 2100
2100 461
2100 2077
461 678
678 2832
2832 120
120 1233
1233 2206
2206 204
204 2517
204 824
2517 1907
1907 1761
1761 183
1761 1340
183 2328
2328 1667
1667 2072
2072 2737
2072 1014
2737 1569
1569 2265
2265 781
2265 2228
781 108
108 2270
2270 95
95 923
923 2908
923 1610
2908 684
684 2196
684 2299
2196 2323
2323 624
2323 1368
624 42
42 2803
2803 868
2803 885
868 1559
868 721
1559 935
1559 688
935 1996
1996 1951
1951 2013
1951 2539
2013 1601
1601 1063
1601 237
1063 1665
1063 2480
1665 2149
2149 727
2149 784
727 273
727 413
273 1276
1276 2236
1276 2133
2236 1044
2236 848
1044 2477
1044 2673
2477 1712
1712 1218
1218 2543
2543 612
612 52
52 2238
52 1817
2238 1877
1877 637
1877 1647
637 603
637 1622
603 843
843 2461
2461 1343
2461 2711
1343 941
941 139
941 2085
139 1662
139 2169
1662 270
270 2819
270 339
2819 373
373 2784
373 2701
2784 2645
2645 2147
2147 1267
2147 1956
1267 2095
2095 1709
2095 911
1709 884
884 2712
884 2882
2712 734
734 2781
734 2785
2781 1604
1604 2039
1604 744
2039 618
2039 1933
618 2158
2158 1038
2158 1098
1038 851
851 422
851 1298
422 2881
422 2555
2881 1379
1379 1608
1379 2412
1608 1153
1608 166
1153 715
1153 2507
715 1627
715 1211
1627 1759
1759 408
408 2374
2374 231
2374 1755
231 1594
231 874
1594 2026
1594 1223
2026 2433
2433 1515
1515 1331
1515 325
1331 2563
2563 610
2563 2491
610 1991
1991 2441
1991 1499
2441 810
2441 2195
810 1061
810 65
1061 1554
1061 2397
1554 2816
1554 459
2816 1128
2816 2378
1128 2716
2716 1820
2716 2648
1820 2004
1820 1132
2004 2718
2004 2162
2718 448
2718 464
448 873
873 2950
873 1945
2950 2210
2950 1236
2210 1059
2210 1241
1059 421
421 724
421 2871
724 2483
724 2014
2483 80
80 1509
1509 2553
2553 2245
2245 1954
2245 2028
1954 74
74 2536
2536 1353
2536 553
1353 1797
1797 252
252 1860
1860 129
1860 2137
129 1756
129 2414
1756 389
389 26
26 673
26 2878
673 2842
2842 1716
2842 440
1716 830
830 2765
830 1438
2765 215
215 2606
2606 2429
2606 1138
2429 1157
2429 1719
1157 2044
1157 1402
2044 1621
1621 749
749 1980
749 812
1980 578
578 2635
2635 40
2635 501
40 2103
2103 2720
2103 2118
2720 2755
2755 1666
1666 1193
1666 2318
1193 509
1193 730
509 33
509 2943
33 599
33 2740
599 2837
2837 1257
1257 2760
2760 184
2760 1163
184 1385
184 557
1385 2902
1385 2847
2902 470
2902 2836
470 1747
1747 2845
1747 993
2845 1669
2845 428
1669 2600
1669 1096
2600 629
629 855
629 1456
855 844
844 1949
844 2170
1949 1076
1076 2071
2071 1436
2071 1798
1436 608
608 2544
2544 61
2544 1938
61 1532
1532 288
288 1966
1966 384
384 987
384 46
987 1547
987 296
1547 2722
2722 2341
2341 958
2341 2945
958 2583
958 2479
2583 436
436 271
271 1447
271 1359
1447 1668
1447 1102
1668 2057
2057 2459
2057 2086
2459 1171
1171 2241
1171 975
2241 2393
2241 514
2393 2926
2926 1825
2926 717
1825 739
1825 1036
739 660
739 1344
660 1653
1653 360
360 894
360 1572
894 2531
894 2052
2531 900
900 1520
900 2808
1520 2029
2029 6
2029 1740
6 1948
6 2069
1948 2078
1948 1286
2078 829
829 2825
2825 647
2825 1046
647 1802
1802 2045
1802 1455
2045 2725
2045 2793
2725 2476
2476 415
2476 170
415 1684
415 2398
1684 100
100 2954
100 1681
2954 617
617 2354
617 1565
2354 355
2354 1579
355 2677
2677 916
2677 1127
916 1067
1067 1004
1004 1743
1743 2109
2109 10
2109 2912
10 1620
10 2764
1620 2308
1620 2618
2308 1730
1730 2528
1730 1708
2528 1459
2528 1702
1459 2877
1459 99
2877 865
2877 1418
865 622
865 1065
622 1178
1178 966
1178 2630
966 324
324 1924
324 977
1924 2080
1924 2237
2080 760
760 418
760 1375
418 1025
1025 1774
1025 572
1774 1584
1584 2262
2262 2783
2783 552
2783 392
552 2313
2313 1521
1521 1164
1164 804
804 1108
1108 2189
1108 298
2189 765
765 1159
1159 580
580 995
995 1275
995 305
1275 2691
2691 2209
2209 716
716 323
323 1457
323 161
1457 1287
1457 1711
1287 2111
2111 1673
1673 1928
1928 2744
1928 427
2744 798
2744 201
798 932
798 2616
932 1453
932 565
1453 49
1453 1083
49 1929
49 2830
1929 290
1929 670
290 2432
2432 2282
2282 1009
2282 21
1009 142
1009 1810
142 2416
142 2186
2416 210
2416 381
210 314
314 1463
314 1248
1463 1731
1463 2384
1731 1517
1731 2174
1517 1503
1517 533
1503 404
1503 1723
404 1047
404 2724
1047 402
402 2518
2518 1682
1682 1281
1281 165
165 2273
165 2706
2273 1921
2273 2968
1921 2021
2021 508
2021 2395
508 2367
508 732
2367 2710
2367 2609
2710 277
277 321
321 1508
1508 946
1508 1029
946 2222
946 1085
2222 1775
1775 2117
2117 2652
2117 822
2652 1525
2652 984
1525 896
1525 1074
896 2489
2489 853
2489 2212
853 2293
2293 2833
2833 1832
1832 2678
1832 687
2678 1785
2678 1602
1785 2610
2610 2682
2682 2347
2347 2509
2347 1229
2509 454
454 825
454 156
825 1733
1733 93
1733 1925
93 2613
2613 2387
2613 652
2387 2175
2175 1342
1342 2644
1342 2918
2644 2639
2639 1028
2639 1338
1028 1330
1330 1799
1330 2061
1799 1360
1799 434
1360 483
1360 1523
483 2448
483 2523
2448 631
631 1292
1292 1126
1292 1160
1126 768
768 2036
2036 2296
2036 2380
2296 2051
2296 1116
2051 164
164 2468
2468 1888
2468 2152
1888 2135
1888 1549
2135 2383
2135 959
2383 820
820 2176
820 2403
2176 1848
2176 409
1848 2936
1848 1729
2936 761
2936 907
761 835
761 1805
835 2288
835 304
2288 1939
1939 1912
1912 1421
1912 1204
1421 2889
2889 1151
2889 112
1151 346
346 151
151 965
151 986
965 403
403 1753
1753 1816
1816 710
1816 479
710 137
710 2243
137 2388
137 2082
2388 2254
2388 665
2254 251
251 1831
251 101
1831 1643
1831 2551
1643 644
644 954
954 2893
954 2361
2893 1767
2893 2501
1767 2171
1767 1603
2171 1892
1892 2278
2278 451
451 2431
451 2959
2431 109
109 2247
2247 1452
2247 1749
1452 1893
1452 1350
1893 1652
1652 1648
1652 2879
1648 62
62 729
729 1637
1637 2173
2173 2204
2173 912
2204 1084
1084 2032
2032 536
2032 962
536 1671
536 2211
1671 1776
1671 350
1776 1018
1018 847
1018 846
847 178
178 2220
178 2063
2220 2533
2220 1262
2533 696
2533 1885
696 2157
2157 1064
1064 1383
1064 1969
1383 2570
2570 1027
2570 2083
1027 282
282 43
43 218
218 2579
218 486
2579 980
2579 2922
980 2447
2447 1699
1699 11
11 1676
11 1989
1676 1884
1676 1215
1884 2096
2096 702
2096 548
702 690
690 1721
690 91
1721 2332
2332 758
758 453
758 1179
453 2452
453 1207
2452 1830
1830 477
477 1763
477 1326
1763 2753
1763 1694
2753 981
981 1736
981 2524
1736 691
1736 406
691 842
691 362
842 2453
2453 1754
2453 2537
1754 1728
1754 31
1728 528
528 1224
528 1100
1224 819
1224 1217
819 1766
1766 683
1766 1626
683 2223
2223 2486
2486 1486
2486 1279
1486 106
106 145
145 2851
145 2027
2851 676
676 177
177 2074
2074 943
2074 1175
943 176
943 970
176 1049
1049 217
217 484
217 1411
484 2503
2503 1139
2503 2756
1139 1490
1490 97
1490 1395
97 2007
97 555
2007 1305
2007 157
1305 668
1305 2708
668 640
668 1598
640 1567
1567 576
576 857
576 2656
857 2965
857 1137
2965 2703
2703 2047
2047 219
2047 1176
219 1006
1006 2538
1006 2502
2538 424
424 1182
424 2130
1182 1823
1823 1480
1480 250
250 671
671 813
813 1900
1900 863
1900 1210
863 2866
2866 1026
2866 209
1026 2159
2159 594
2159 458
594 2128
594 582
2128 366
366 2791
366 746
2791 1809
1809 1779
1779 1640
1779 293
1640 2098
1640 539
2098 1843
1843 1406
1843 2746
1406 2107
1406 2823
2107 2363
2363 462
462 1685
1685 2280
2280 2572
2572 1973
1973 2713
1973 1092
2713 657
2713 1995
657 871
657 2730
871 207
871 2240
207 410
207 447
410 302
410 388
302 805
805 1219
805 20
1219 2818
1219 1191
2818 2470
2818 1641
2470 2962
2470 589
2962 1974
2962 2377
1974 343
1974 783
343 2874
343 1675
2874 1197
2874 2620
1197 405
405 540
540 444
444 125
125 2891
2891 2867
2867 1328
1328 1051
1328 785
1051 2314
1051 2168
2314 2844
2314 87
2844 999
999 1242
999 598
1242 1489
1242 2484
1489 1818
1489 1651
1818 345
345 1953
1953 634
634 2899
2899 2545
2899 1080
2545 2511
2545 2472
2511 1977
2511 2604
1977 203
203 1430
1430 1407
1407 1265
1407 722
1265 2626
1265 1203
2626 1073
2626 1987
1073 2275
1073 2410
2275 1177
2275 2659
1177 1122
1177 2782
1122 1492
1122 1911
1492 2172
1492 2239
2172 834
834 801
801 945
945 2031
2031 2421
2031 2295
2421 897
897 1001
1001 755
1001 2914
755 800
755 1715
800 600
800 2260
600 54
54 2562
2562 2348
2562 1050
2348 1777
2348 1815
1777 1937
1777 2693
1937 2291
1937 2099
2291 1940
1940 96
1940 14
96 390
390 2927
2927 2368
2927 928
2368 1055
2368 621
1055 1319
1055 2903
1319 2584
1319 1393
2584 16
16 148
148 1234
1234 1435
1435 795
795 70
795 2741
70 36
36 2820
36 2552
2820 1583
1583 677
1583 229
677 2646
677 1758
2646 2306
2306 1864
2306 862
1864 1726
1864 2875
1726 1299
1299 2686
2686 1268
2686 1213
1268 1261
1261 331
1261 221
331 1914
1914 1045
1045 1185
1045 1497
1185 926
1185 496
926 2465
2465 951
2465 1615
951 1822
951 338
1822 1856
1856 2150
2150 58
58 2697
58 1556
2697 286
2697 2279
286 213
286 361
213 2478
2478 2372
2478 2901
2372 1529
1529 988
1529 1169
988 2022
2022 2846
2022 2420
2846 1143
2846 2255
1143 2145
2145 1552
2145 439
1552 469
1552 2389
469 1846
469 2434
1846 2324
1846 2800
2324 546
2324 64
546 261
546 2911
261 1003
1003 1449
1449 2942
1449 1986
2942 2399
2399 933
933 913
913 1367
1367 1582
1582 407
1582 2216
407 2020
407 2826
2020 308
308 2140
308 396
2140 2887
2887 1475
1475 1722
1475 1093
1722 1483
1722 630
1483 136
136 712
712 2591
712 1821
2591 919
2591 2259
919 2353
2353 1136
1136 502
502 2573
2573 1713
1713 1308
1713 2046
1308 1094
1308 1130
1094 1519
1094 2165
1519 1659
1519 1533
1659 2586
1659 515
2586 921
2586 2946
921 2340
2340 2575
2340 906
2575 1680
1680 369
1680 1428
369 1008
369 159
1008 1878
1008 826
1878 2849
1878 1599
2849 934
2849 914
934 1011
934 72
1011 967
1011 1630
967 1472
967 2064
1472 1683
1472 243
1683 1162
1683 526
1162 2035
1162 1068
2035 2343
2035 2015
2343 983
2343 2101
983 1282
1282 711
1282 1915
711 1427
1427 140
140 841
841 2054
2054 187
2054 773
187 2662
187 1589
2662 2715
2715 353
2715 2025
353 1462
1462 979
1462 655
979 656
656 1033
656 1833
1033 743
743 2835
2835 551
2835 1125
551 2000
551 2587
2000 1300
1300 51
1300 1450
51 1655
1655 1088
1088 596
1088 625
596 1120
596 892
1120 246
246 2134
2134 1811
1811 695
695 47
695 2440
47 1792
47 605
1792 2070
2070 2858
2070 859
2858 667
2858 1202
667 2754
2754 1545
2754 2373
1545 103
103 226
103 831
226 2854
226 2422
2854 1734
2854 1187
1734 2667
1734 2104
2667 520
2667 2857
520 908
520 1349
908 473
473 1466
1466 2304
1466 1221
2304 2016
2016 2331
2016 1170
2331 102
102 1595
102 1898
1595 1222
1222 242
1222 1835
242 377
242 920
377 1852
377 2919
1852 2853
2853 2921
2853 2892
2921 2933
2933 1590
1590 547
1590 877
547 1288
547 1285
1288 2883
2883 2351
2883 2405
2351 1625
2351 545
1625 28
1625 1174
28 838
838 1389
838 1686
1389 1112
1112 1464
1464 2400
2400 2352
2400 2569
2352 1982
2352 471
1982 1841
1841 182
182 276
182 1119
276 2281
2281 2953
2953 2494
2953 2391
2494 2602
2494 160
2602 821
821 5
5 2815
5 2669
2815 1845
2815 1442
1845 535
1845 1573
535 2126
2126 2521
2126 1947
2521 1311
2521 2307
1311 53
53 2969
2969 527
2969 2515
527 1494
527 2437
1494 720
1494 2198
720 2369
720 1751
2369 1689
2369 368
1689 978
978 1398
978 1372
1398 1581
1581 460
1581 1513
460 2743
2743 2589
2743 375
2589 1230
1230 2960
1230 1720
2960 1284
2960 2780
1284 181
1284 1104
181 1840
1840 1289
1840 1607
1289 861
1289 1636
861 563
563 1296
563 1180
1296 2508
2508 275
275 1918
275 1993
1918 1432
1432 2336
2336 2766
2766 636
2766 2115
636 337
337 2684
337 2050
2684 1227
2684 1351
1227 2506
2506 2450
2450 248
248 1504
1504 2258
1504 2315
2258 793
2258 2634
793 728
793 929
728 1263
728 2906
1263 169
169 83
83 1188
83 1994
1188 328
1188 227
328 2110
2110 2698
2110 1378
2698 543
2698 1469
543 1283
543 777
1283 2435
2435 2213
2213 982
982 132
132 693
693 2233
2233 2041
2041 284
2041 738
284 371
371 2571
2571 591
591 241
241 1794
241 2752
1794 564
564 503
503 372
372 1274
372 1465
1274 1593
1593 30
1593 1950
30 2748
30 1016
2748 300
300 1571
300 1863
1571 1871
1871 320
1871 15
320 2688
320 1154
2688 2525
2525 133
133 645
133 2445
645 731
645 1403
731 1838
731 2814
1838 2532
1838 2446
2532 1190
2532 1107
1190 2504
1190 2329
2504 2932
2504 2094
2932 1362
2932 2339
1362 706
1362 1473
706 1524
1524 705
705 2948
2948 1698
2948 888
1698 654
1698 1645
654 222
654 283
222 1259
222 1022
1259 2939
1259 1478
2939 2075
2939 836
2075 590
590 949
949 494
949 1488
494 119
494 1409
119 1422
1422 2668
2668 2417
2417 1979
2417 179
1979 2952
2952 1434
1434 1030
1434 1787
1030 172
172 1364
1364 1557
1364 441
1557 239
239 1772
239 1414
1772 2865
1772 1910
2865 2772
2772 2167
2167 1638
1638 2896
2896 554
554 2266
2266 1696
2266 2611
1696 394
1696 2205
394 1677
1677 1691
1677 1865
1691 1971
1971 1946
1971 255
1946 2230
2230 1972
1972 2146
2146 1071
1071 1978
1978 1586
1586 550
1586 1857
550 1329
1329 1714
1714 1679
1679 570
1679 1429
570 340
340 2581
2581 2298
2581 2885
2298 2394
2394 224
224 141
224 1271
141 1931
141 947
1931 173
1931 2229
173 1881
1881 2726
1881 2002
2726 2619
2726 330
2619 2535
2619 964
2535 2263
2263 1903
2263 1975
1903 2750
1903 2904
2750 1834
2750 1998
1834 2121
2121 1156
2121 268
1156 1324
1156 2214
1324 2526
2526 306
306 1874
1874 837
837 1410
1410 1576
1410 32
1576 1235
1576 1773
1235 197
1235 442
197 2424
197 457
2424 1725
1725 318
1725 2179
318 303
303 2598
2598 2342
2342 2182
2342 2184
2182 764
2182 1470
764 2742
764 852
2742 1746
1746 1861
1861 2649
1861 147
2649 2898
2649 2549
2898 1041
2898 2894
1041 2597
2597 312
312 809
809 2714
809 1091
2714 364
2714 1528
364 1309
1309 1634
1309 1380
1634 1783
1783 2802
1783 1527
2802 685
2802 1837
685 279
685 1624
279 313
279 1560
313 327
327 1021
1021 753
1021 1879
753 1639
1639 2442
1639 944
2442 455
2442 1158
455 532
455 619
532 117
117 2190
2190 996
2190 1250
996 2771
2771 2577
2577 769
2577 1031
769 1536
1536 2658
1536 1172
2658 2226
2658 398
2226 854
2226 2396
854 2749
854 568
2749 414
414 2350
2350 287
2350 2546
287 1985
1985 1468
1468 2561
2561 1795
2561 180
1795 2408
2408 315
2408 2640
315 155
315 643
155 1917
155 780
1917 2864
1917 1226
2864 311
311 319
319 2799
2799 1322
1322 2628
1322 1706
2628 264
2628 1600
264 707
264 491
707 2358
707 1239
2358 211
2358 2632
211 1254
211 2873
1254 1672
1254 1256
1672 122
1672 1738
122 2736
122 1512
2736 196
2736 1642
196 2831
196 115
2831 2721
2831 2739
2721 1150
1150 1327
1327 2355
2355 2935
2935 1131
2935 2786
1131 737
1131 1273
737 2917
737 792
2917 1745
1745 2338
2338 2356
2338 1079
2356 236
236 105
105 1302
105 1245
1302 393
1302 2219
393 990
393 1920
990 1124
990 118
1124 2203
1124 1295
2203 2955
2955 1896
2955 750
1896 1690
1896 135
1690 866
866 2761
2761 723
723 2197
723 1078
2197 2466
2466 808
808 1926
1926 2500
2500 679
679 2469
679 1538
2469 1633
2469 2629
1633 2290
2290 258
2290 650
258 69
258 741
69 2574
69 2464
2574 1400
1400 1539
1400 2641
1539 1778
1778 2860
1778 2938
2860 2956
2956 280
2956 2520
280 2048
280 2139
2048 223
223 2929
223 1270
2929 90
90 1332
90 66
1332 416
1332 1553
416 278
278 2681
2681 779
2681 2488
779 2312
779 488
2312 2907
2312 263
2907 1443
1443 799
1443 1058
799 803
799 89
803 1496
803 2376
1496 2827
1496 2250
2827 2565
2827 1374
2565 674
2565 1574
674 1737
1737 666
666 1333
1333 2131
2131 1990
2131 641
1990 891
891 887
887 2462
2462 1042
1042 2127
1042 2850
2127 2066
2127 2418
2066 2023
2023 2913
2023 254
2913 1591
2913 2795
1591 2905
2905 1189
1189 2566
1189 992
2566 1889
1889 2018
2018 2514
2018 971
2514 2495
2514 1384
2495 595
595 2689
2689 1477
2689 2357
1477 2327
1477 930
2327 230
2327 208
230 1764
1764 2692
2692 2657
2657 490
2657 1963
490 2861
490 2379
2861 1032
2861 1412
1032 1905
1905 2407
2407 2458
2407 1862
2458 569
2458 1155
569 1386
1386 2302
1386 1166
2302 1568
2302 1670
1568 423
1568 2674
423 1381
1381 382
382 2194
2194 2636
2194 2207
2636 1955
2636 216
1955 431
1955 110
431 956
431 465
956 150
150 708
708 363
708 1460
363 2728
2728 214
214 2951
2951 2769
2769 198
198 2415
2415 495
495 2650
2650 559
2650 2011
559 17
559 1186
17 1880
17 34
