1 503 903288
167 43
167 274
43 52
52 310
52 226
310 294
294 375
375 399
399 14
14 469
14 208
469 499
499 416
499 502
416 100
416 479
100 34
100 297
34 129
34 233
129 342
129 443
342 217
217 60
217 441
60 126
126 458
126 413
458 425
458 332
425 229
425 356
229 348
229 63
348 136
348 447
136 430
136 349
430 365
430 152
365 18
365 459
18 352
352 450
352 489
450 307
450 392
307 279
307 207
279 23
279 337
23 497
497 215
215 282
215 145
282 354
282 402
354 417
417 104
417 120
104 362
362 263
362 58
263 117
117 123
117 265
123 151
123 281
151 328
151 304
328 369
328 412
369 243
369 364
243 338
243 257
338 29
29 370
370 474
370 313
474 140
474 242
140 80
80 241
80 368
241 163
241 315
163 27
163 302
27 228
27 292
228 76
76 390
390 272
272 15
272 98
15 90
15 434
90 427
427 218
218 231
218 363
231 303
231 384
303 462
303 468
462 322
462 6
322 174
322 464
174 44
174 334
44 377
44 477
377 85
377 209
85 329
329 312
329 38
312 65
312 88
65 449
65 194
449 61
449 381
61 285
61 110
285 245
245 452
245 487
452 345
345 112
112 475
475 379
475 99
379 414
414 466
414 264
466 25
466 184
25 410
25 115
410 284
410 442
284 204
204 500
500 388
500 280
388 53
388 486
53 299
53 175
299 319
319 159
319 385
159 431
431 97
97 160
160 64
160 107
64 496
64 22
496 119
496 323
119 59
119 330
59 150
150 138
138 216
216 261
261 457
261 55
457 393
457 438
393 132
132 432
432 157
157 268
157 5
268 373
268 201
373 252
252 187
252 8
187 371
371 171
171 17
17 31
31 16
31 376
16 382
16 357
382 87
382 238
87 109
109 211
211 153
153 169
169 308
308 259
259 445
445 39
39 437
39 405
437 426
426 476
476 165
165 74
165 41
74 176
176 142
176 173
142 196
196 26
196 237
26 353
26 501
353 135
353 378
135 168
168 262
168 321
262 340
262 249
340 193
340 198
193 367
193 66
367 67
367 482
67 327
327 351
351 78
78 32
78 465
32 122
122 320
122 33
320 325
320 397
325 68
325 154
68 409
68 239
409 494
494 82
82 221
82 124
221 48
221 121
48 498
498 361
498 439
361 192
192 77
77 111
77 314
111 256
111 232
256 254
254 37
254 21
37 57
37 235
57 206
57 440
206 84
84 350
350 331
331 234
331 339
234 286
234 177
286 335
286 105
335 283
283 309
283 125
309 258
258 1
1 305
305 295
295 277
277 149
277 316
149 255
255 158
158 19
19 446
19 11
446 2
446 36
2 4
4 189
4 275
189 182
189 20
182 72
72 503
503 247
247 51
51 114
51 185
114 141
141 199
141 488
199 480
199 359
480 133
480 205
133 12
12 161
12 166
161 483
161 448
483 418
418 406
406 491
406 460
491 317
491 236
317 401
401 244
401 318
244 289
289 391
391 423
423 287
287 421
287 260
421 456
421 10
456 3
3 96
3 224
96 103
96 398
103 311
311 326
311 293
326 212
212 433
433 324
433 495
324 424
424 404
404 344
344 127
344 195
127 164
164 147
164 30
147 246
147 276
246 81
246 210
81 358
358 467
358 62
467 94
467 183
94 71
71 473
473 493
493 407
407 202
202 9
9 191
191 40
191 341
40 492
492 91
492 306
91 70
70 301
70 403
301 116
301 7
116 155
155 300
155 219
300 200
200 106
106 248
248 214
248 451
214 266
266 278
278 298
278 270
298 46
298 179
46 453
453 190
453 95
190 428
428 429
428 134
429 180
180 251
180 102
251 144
144 203
144 213
203 197
197 394
197 113
394 47
394 93
47 415
47 86
415 73
415 389
73 372
73 288
372 42
42 333
42 178
333 360
333 79
360 411
360 24
411 230
230 461
461 108
108 490
490 89
89 28
89 444
28 49
28 436
49 343
343 472
343 291
472 240
240 118
118 143
143 485
485 227
485 269
227 225
227 463
225 54
225 128
54 271
271 139
139 75
139 220
75 420
420 172
420 355
172 290
172 83
290 374
290 148
374 470
470 454
454 170
454 181
170 69
170 35
69 156
156 45
156 50
45 188
188 386
188 130
386 162
386 435
162 380
380 455
380 253
455 484
484 471
484 419
471 400
471 422
400 131
400 383
131 481
131 395
481 347
347 336
336 13
336 56
13 396
13 387
396 478
396 250
478 267
267 296
267 222
296 186
296 92
186 137
137 223
223 273
273 101
273 408
101 366
101 146
366 346
