26 2299 5589898
3 16
3 15
16 18
18 17
17 2
2 26
26 12
26 22
12 23
12 1
23 13
13 4
13 11
4 19
4 5
19 14
14 25
14 20
25 9
25 6
9 7
9 10
7 21
7 24
21 8
1181 187
187 798
187 939
798 1549
1549 297
297 1788
1788 950
950 608
950 2168
608 2163
2163 667
2163 310
667 262
667 1437
262 1584
1584 1873
1584 178
1873 1048
1873 1642
1048 1303
1048 574
1303 2135
1303 2039
2135 543
2135 845
543 1038
1038 1427
1427 1843
1843 1095
1095 975
975 1473
1473 1605
1605 1143
1143 1042
1143 433
1042 1731
1731 2184
1731 1466
2184 795
2184 1422
795 814
814 815
815 1099
1099 1436
1099 1692
1436 1027
1027 922
922 67
67 239
239 579
239 687
579 1453
1453 554
554 1407
554 390
1407 126
1407 185
126 1676
126 186
1676 2057
1676 1967
2057 1230
1230 257
1230 2076
257 1371
257 2114
1371 1015
1371 1444
1015 2058
2058 842
842 1591
842 1540
1591 2091
1591 1916
2091 832
832 337
832 2045
337 2097
2097 505
505 1088
505 1078
1088 889
1088 1891
889 230
889 46
230 1357
1357 245
1357 714
245 2104
2104 1580
1580 1425
1425 1912
1912 469
1912 929
469 1252
469 130
1252 1929
1252 1399
1929 808
808 298
808 1749
298 2149
298 119
2149 2
2149 1019
2 471
2 146
471 655
655 948
948 1559
1559 1552
1552 1694
1694 1417
1694 1733
1417 10
1417 1286
10 1009
10 1104
1009 1061
1061 813
1061 2165
813 1367
813 2205
1367 462
1367 22
462 374
374 1280
374 1034
1280 872
872 1615
872 1136
1615 354
354 1229
354 1396
1229 1971
1971 1997
1971 1618
1997 1148
1148 71
71 1805
1805 1478
1478 2202
1478 1860
2202 1066
1066 1862
1066 953
1862 2261
2261 583
2261 1500
583 2160
583 1057
2160 1161
1161 1291
1291 1355
1355 201
1355 1381
201 558
201 1062
558 1295
558 1370
1295 213
1295 184
213 597
597 2096
597 1727
2096 632
632 293
632 334
293 1948
293 1794
1948 510
1948 115
510 857
510 2113
857 1701
857 1439
1701 372
372 538
538 523
523 1451
1451 836
836 36
36 912
912 191
191 1428
191 268
1428 1877
1877 586
586 2083
2083 606
2083 1525
606 838
838 1441
1441 125
125 1344
1344 1296
1296 2174
1296 167
2174 1644
1644 2019
1644 1259
2019 1329
2019 886
1329 1802
1802 577
1802 2156
577 2175
577 1372
2175 2060
2060 1616
1616 541
1616 1943
541 2279
541 1004
2279 30
2279 1231
30 1429
30 725
1429 1575
1429 1212
1575 1105
1105 788
1105 1502
788 1121
788 1778
1121 431
431 1490
431 1022
1490 1081
1490 1155
1081 2266
2266 161
161 2112
161 2142
2112 1817
1817 776
776 322
322 2223
2223 834
2223 567
834 1056
834 234
1056 1927
1927 1619
1927 66
1619 436
1619 1855
436 476
436 2093
476 1
1 1553
1 1378
1553 377
1553 751
377 1508
377 1103
1508 1335
1508 910
1335 1980
1980 2257
2257 225
2257 1134
225 970
225 899
970 1142
970 811
1142 993
993 658
658 556
658 358
556 474
556 1338
474 967
474 2242
967 2127
967 2115
2127 897
897 81
81 642
81 1226
642 1479
642 1673
1479 14
1479 2260
14 1576
14 1119
1576 1424
1424 665
665 122
665 859
122 1527
122 342
1527 1936
1936 844
1936 2150
844 559
844 1915
559 2087
2087 1173
1173 1263
1173 1655
1263 1861
1861 69
1861 2033
69 95
69 1214
95 704
704 1765
1765 1058
1765 1982
1058 1773
1058 180
1773 2004
1773 335
2004 307
2004 1846
307 1218
1218 708
708 1403
1403 1630
1630 1820
1820 942
942 619
619 1516
619 1047
1516 1166
1516 1328
1166 898
1166 1489
898 155
898 143
155 796
155 53
796 1332
796 604
1332 2120
1332 594
2120 1481
1481 7
7 934
7 1932
934 1570
934 1318
1570 3
3 692
3 401
692 1346
692 761
1346 37
37 2226
2226 415
415 1080
415 1904
1080 775
775 1365
775 1994
1365 282
282 2027
282 1013
2027 729
729 640
729 306
640 1128
1128 375
375 1228
1228 2024
1228 176
2024 2090
2090 168
2090 1036
168 1699
1699 1598
1598 349
1598 57
349 534
534 1561
1561 1581
1561 908
1581 2186
2186 2258
2186 992
2258 769
769 900
769 2003
900 807
807 812
812 2188
2188 28
28 1987
28 2121
1987 794
794 243
794 29
243 713
243 1829
713 351
713 1677
351 1493
1493 935
1493 209
935 954
935 2008
954 563
563 1851
1851 2035
2035 1939
2035 564
1939 995
995 1850
995 870
1850 1377
1377 236
236 1813
236 1074
1813 617
617 1137
617 1578
1137 1914
1914 345
1914 2126
345 1810
1810 1801
1810 1250
1801 883
1801 647
883 1667
883 97
1667 2085
1667 162
2085 1029
1029 52
52 1076
52 2124
1076 499
499 2252
499 773
2252 424
424 2007
2007 1830
1830 1382
1830 1849
1382 318
1382 299
318 1708
318 54
1708 547
547 585
547 1579
585 1637
1637 1196
1196 933
933 383
933 1536
383 1811
1811 1124
1124 2118
1124 170
2118 1573
2118 156
1573 2286
2286 1919
2286 840
1919 2082
2082 1051
1051 2129
1051 644
2129 1964
2129 1144
1964 253
1964 1777
253 2172
2172 1359
1359 2011
2011 1506
1506 2220
2220 1992
1992 1324
1992 1556
1324 592
1324 1120
592 2044
2044 827
827 1804
827 1185
1804 911
1804 1406
911 179
179 1447
179 2092
1447 2075
2075 2181
2181 1115
1115 1643
1115 1046
1643 228
228 2043
228 1763
2043 1426
1426 75
75 231
75 1157
231 405
405 1366
405 123
1366 144
144 2169
2169 1023
1023 192
192 2264
2264 690
2264 1986
690 686
690 1474
686 222
686 255
222 1140
222 801
1140 717
1140 215
717 1269
717 1264
1269 663
1269 197
663 309
663 957
309 1270
1270 1450
1270 2224
1450 1248
1450 1260
1248 1564
1248 2131
1564 1888
1564 1737
1888 487
487 1592
487 968
1592 241
241 542
241 1167
542 1087
542 867
1087 1886
1886 1162
1886 114
1162 1705
1162 519
1705 1240
1240 407
1240 2209
407 1488
1488 595
1488 1609
595 2246
595 49
2246 727
727 1334
1334 1007
1007 683
683 446
683 78
446 1974
1974 766
1974 575
766 139
766 1853
139 2296
139 1696
2296 2287
2287 2103
2103 1290
2103 614
1290 527
527 669
527 380
669 830
830 166
830 1089
166 2179
166 1053
2179 1052
1052 381
381 1072
1072 565
1072 1094
565 1544
1544 548
1544 479
548 1988
548 657
1988 204
1988 1671
204 313
204 124
313 323
313 485
323 1587
1587 2276
1587 675
2276 1648
2276 810
1648 2101
2101 1848
2101 513
1848 1285
1285 1910
1285 1807
1910 223
223 1560
223 1071
1560 670
670 1277
1277 443
443 308
443 269
308 1629
1629 1405
1405 1661
1661 1388
1388 91
91 712
91 816
712 1896
1896 79
79 1106
1106 1108
1106 1955
1108 1728
1728 2268
1728 1984
2268 247
2268 2189
247 2098
2098 2018
2098 1267
2018 893
2018 233
893 1783
893 1951
1783 1628
1628 2070
2070 980
2070 963
980 2253
2253 1702
2253 990
1702 887
887 2281
887 789
2281 824
2281 62
824 399
824 735
399 1398
399 1712
1398 1882
1882 1743
1743 1255
1743 331
1255 194
1255 2185
194 153
153 1113
153 2119
1113 1611
1113 1193
1611 733
733 891
891 392
392 991
392 2105
991 2217
991 790
2217 2031
2217 1039
2031 1620
2031 656
1620 1174
1174 2109
1174 1287
2109 2034
2109 1651
2034 2256
2256 445
445 826
826 871
871 2208
2208 1706
2208 1117
1706 1400
1400 1736
1400 302
1736 841
1736 458
841 1756
841 1043
1756 169
169 1707
169 2200
1707 1834
1707 2229
1834 804
1834 528
804 1735
1735 2145
1735 87
2145 2141
2145 1999
2141 1571
2141 965
1571 732
1571 289
732 701
732 457
701 463
463 18
18 1368
18 1840
1368 1100
1368 1216
1100 1090
1090 1025
1025 1772
1772 1819
1819 1900
1900 1168
1900 2216
1168 1664
1664 1981
1981 1814
1814 1959
1959 1751
1959 1235
1751 442
1751 1906
442 2162
442 1753
2162 2048
2048 851
2048 879
851 2292
851 536
2292 2072
2292 202
2072 500
2072 238
500 1083
1083 1333
1333 1885
1885 1171
1171 1569
1171 216
1569 1922
1922 1496
1922 876
1496 570
1496 1903
570 1116
570 646
1116 593
593 128
128 1718
1718 1322
1322 1211
1322 896
1211 849
1211 1111
849 206
849 2191
206 1476
206 1901
1476 1603
1476 711
1603 1369
1603 1411
1369 695
1369 1933
695 1294
1294 420
420 1341
420 1808
1341 1954
1954 1220
1220 1271
1220 449
1271 1040
1271 435
1040 1203
1040 1662
1203 1020
1203 1299
1020 1198
1198 1597
1198 229
1597 404
1597 1826
404 378
378 1517
1517 64
64 521
64 977
521 1669
521 330
1669 486
1669 762
486 6
486 738
6 576
576 441
441 831
441 1684
831 2176
2176 450
2176 1175
450 659
450 456
659 1867
1867 546
1867 1443
546 1923
546 362
1923 1327
1923 625
1327 928
928 413
413 653
653 1621
1621 488
488 1164
488 1486
1164 780
780 1654
1654 895
895 1180
895 84
1180 1703
1703 2270
2270 98
98 482
98 173
482 1612
482 1170
1612 1613
1613 888
888 1895
1895 1257
1257 1011
1011 2183
2183 1659
1659 141
141 2009
2009 1374
1374 1026
1374 1415
1026 219
219 494
494 1189
494 31
1189 1402
1402 1724
1402 1054
1724 391
1724 1202
391 1484
1484 1145
1145 172
1145 858
172 503
503 2230
2230 1535
2230 1242
1535 1828
1828 1768
1828 2289
1768 1897
1897 1092
1092 697
697 828
828 860
828 473
860 522
522 1818
522 1457
1818 39
39 1515
1515 1364
1515 1084
1364 2099
2099 1942
2099 430
1942 2255
1942 2014
2255 1514
2255 1283
1514 937
1514 634
937 1301
1301 1902
1902 1278
1278 1494
1494 1241
1241 1082
1082 825
1082 1276
825 338
338 1890
1890 1045
1045 511
511 1031
1031 1376
1031 1519
1376 641
1376 460
641 417
417 1868
417 2211
1868 1675
1868 974
1675 1875
1875 768
1875 336
768 1945
1945 16
16 210
210 1033
1033 111
111 584
111 1657
584 251
251 1631
1631 752
1631 1300
752 1281
1281 931
1281 1990
931 398
931 303
398 1224
1224 15
1224 359
15 373
373 2012
2012 1279
1279 1634
1279 403
1634 1337
1634 1223
1337 1065
1337 1633
1065 291
291 1351
291 489
1351 907
1351 1253
907 2228
2228 1769
2228 1153
1769 1594
1769 2074
1594 839
839 1101
1101 779
1101 2117
779 983
983 1717
983 1316
1717 94
1717 2000
94 1247
94 770
1247 260
260 2026
2026 636
2026 1715
636 1521
636 418
1521 1098
1098 671
1098 19
671 520
520 1681
1681 544
544 1320
544 892
1320 630
1320 1924
630 2285
630 1205
2285 2293
2285 267
2293 2177
2293 515
2177 495
2177 1878
495 1012
1012 175
175 1839
175 553
1839 103
1839 952
103 1393
103 645
1393 525
1393 517
525 1297
525 11
1297 1595
1595 163
1595 2213
163 969
163 1554
969 890
890 2299
890 1610
2299 1380
1380 1107
1380 1797
1107 1006
1107 1941
1006 347
347 1623
1623 47
1623 105
47 2147
2147 360
360 1204
360 1323
1204 569
569 1505
1505 412
1505 1832
412 1360
1360 855
855 571
571 791
571 862
791 624
791 1762
624 83
624 1068
83 1420
1420 1306
1420 1159
1306 1533
1306 1097
1533 1495
1533 1548
1495 397
1495 718
397 2052
2052 1001
1001 127
1001 809
127 737
737 1854
737 1160
1854 1719
1719 1152
1152 292
1152 472
292 2225
292 1217
2225 850
850 395
850 1485
395 1383
395 679
1383 1414
1383 189
1414 1593
1414 1178
1593 885
1593 1879
885 2259
2259 973
973 2134
2134 1191
2134 235
1191 1086
1191 1887
1086 477
1086 734
477 118
477 368
118 561
561 50
561 1995
50 1069
1069 332
1069 1430
332 596
596 620
620 285
285 927
285 1151
927 1236
1236 109
1236 48
109 757
109 2236
757 1766
757 955
1766 1234
1766 1245
1234 17
17 1184
1184 468
1184 2079
468 1711
1711 2173
2173 440
2173 2237
440 263
263 919
263 453
919 2250
919 2064
2250 971
2250 689
971 587
587 1761
587 916
1761 2030
2030 1958
1958 2053
2053 317
317 1582
317 2199
1582 2094
1582 1532
2094 767
767 507
507 1585
507 1239
1585 1726
1585 1925
1726 1723
1723 2269
2269 1330
2269 2178
1330 1206
1330 2267
1206 370
370 1907
1907 873
873 1192
1192 865
1192 5
865 51
865 33
51 490
51 1600
490 1251
1251 492
492 1626
1626 1787
1626 1784
1787 314
314 1663
1663 1268
1663 623
1268 590
590 2215
2215 1688
2215 244
1688 1470
1688 2198
1470 110
110 1864
110 622
1864 248
248 1713
248 152
1713 207
207 805
805 432
805 880
432 598
432 1438
598 1265
598 426
1265 2041
1265 2153
2041 2271
2271 21
21 288
288 1641
288 678
1641 866
866 1392
866 1321
1392 1732
1732 1149
1149 674
1149 352
674 643
674 959
643 2016
643 878
2016 1201
2016 1602
1201 1093
1093 1208
1093 1309
1208 2042
1208 2248
2042 341
2042 159
341 70
341 44
70 1018
70 2055
1018 1889
1889 1928
1889 1311
1928 1689
1928 1233
1689 32
32 2203
32 135
2203 481
481 2037
2037 1574
1574 2078
2078 648
648 1531
648 1246
1531 2164
2164 868
868 774
774 363
363 1798
1798 59
59 833
833 497
833 425
497 107
107 1931
1931 1537
1931 1800
1537 1825
1537 2214
1825 1419
1419 1354
1354 1455
1455 1918
1918 1767
1918 409
1767 909
1767 2144
909 627
627 745
627 972
745 340
745 2116
340 1880
340 85
1880 1799
1880 1550
1799 1125
1799 1507
1125 1114
1125 264
1114 545
545 1950
545 2206
1950 821
1950 1965
821 2123
821 181
2123 1953
2123 1757
1953 25
25 1781
1781 1075
1781 1146
1075 2180
2180 2022
2180 1243
2022 428
428 1340
1340 1035
1340 765
1035 1831
1831 1908
1908 739
739 941
739 1509
941 1059
1059 1302
1059 2231
1302 2051
2051 1003
1003 1780
1780 552
552 226
226 65
226 350
65 1310
65 917
1310 2020
2020 444
2020 196
444 516
516 2234
516 419
2234 2244
2234 861
2244 402
2244 1693
402 1010
1010 254
1010 730
254 1408
1408 1440
1408 1567
1440 150
150 755
755 1640
755 551
1640 1776
1776 600
600 410
410 2197
2197 1674
2197 1395
1674 976
976 1182
976 1968
1182 688
688 1456
1456 1940
1456 1566
1940 901
901 936
936 371
936 1342
371 820
820 319
319 386
386 1432
386 1497
1432 1744
1432 1543
1744 2196
2196 1176
2196 875
1176 1126
1176 1292
1126 1698
1126 1583
1698 1141
1698 2021
1141 1691
1691 448
448 478
478 962
962 1477
1477 2265
1477 960
2265 987
987 1522
1522 856
1522 2232
856 2273
2273 818
818 781
818 817
781 1636
1636 949
1636 2148
949 211
949 1656
211 633
211 1319
633 661
633 86
661 1827
661 470
1827 1261
1261 1739
1739 1962
1739 1472
1962 2262
2262 742
2262 726
742 250
742 2065
250 2010
2010 182
2010 2073
182 1227
182 1748
1227 1139
1227 2110
1139 2032
2032 660
2032 822
660 945
660 603
945 1678
945 1511
1678 635
1678 137
635 951
951 1976
951 286
1976 221
1976 24
221 295
295 1460
1460 1883
1460 171
1883 1978
1883 532
1978 1254
1978 1734
1254 214
214 2028
2028 1608
1608 979
1608 272
979 1869
1869 1627
1627 1000
1000 1529
1529 63
1529 772
63 361
361 2066
361 316
2066 1534
2066 1881
1534 986
986 164
986 1668
164 1504
1504 369
1504 96
369 1792
1792 1325
1792 2143
1325 237
1325 925
237 249
249 1102
249 1237
1102 1606
1606 1996
1606 1067
1996 343
343 1557
1557 2006
2006 1833
2006 706
1833 1024
1833 1127
1024 1194
1194 1745
1194 1791
1745 1782
1782 2263
1782 783
2263 348
348 142
348 1893
142 1266
142 1803
1266 1528
1528 1596
1596 1503
1503 266
1503 923
266 1960
1960 414
1960 1262
414 1697
414 1404
1697 786
1697 77
786 2069
786 188
2069 1188
2069 1539
1188 2050
2050 1448
1448 1373
1448 1899
1373 758
758 829
758 2288
829 1649
1649 1961
1649 1590
1961 533
1961 408
533 2280
2280 2132
2132 290
2132 698
290 1016
290 1207
1016 82
1016 877
82 1614
82 1055
1614 455
455 582
455 224
582 884
884 1421
884 637
1421 2077
2077 601
601 1272
601 353
1272 2140
1272 451
2140 2049
2140 1362
2049 1944
2049 41
1944 693
1944 2190
693 1695
693 2071
1695 771
771 1838
771 1742
1838 1434
1434 728
728 42
42 40
42 580
40 920
40 613
920 2017
920 2002
2017 101
101 2081
2081 1947
2081 607
1947 2005
1947 1836
2005 984
2005 1599
984 685
685 1349
1349 427
427 1759
1759 102
102 423
102 2059
423 994
423 1510
994 509
509 1213
509 1786
1213 2235
1213 1177
2235 1163
2235 1221
1163 1002
1163 160
1002 681
1002 1070
681 1666
681 1852
1666 2294
2294 158
158 13
13 1482
1482 276
1482 1110
276 1413
276 589
1413 117
1413 218
117 154
117 136
154 882
154 2222
882 1210
1210 1752
1210 1410
1752 1190
1190 504
504 1796
1796 2167
1796 1209
2167 731
731 165
731 76
165 1770
1770 652
1770 748
652 1842
652 721
1842 649
1842 1538
649 1471
649 1044
1471 1764
1764 475
1764 246
475 1467
1467 612
612 1704
612 2221
1704 1812
1704 998
1812 1307
1812 1884
1307 1112
1112 438
438 2139
438 305
2139 1363
1363 1700
1700 666
1700 654
666 145
145 1063
145 639
1063 1774
1774 999
1774 220
999 80
80 740
740 1343
1343 134
1343 1200
134 357
134 1096
357 792
357 2102
792 1465
1465 301
1465 2038
301 1021
301 132
1021 526
526 961
526 498
961 616
961 382
616 2157
2157 1401
2157 1197
1401 501
501 581
501 379
581 560
581 1741
560 1729
560 514
1729 2154
2154 2278
2154 1275
2278 1935
2278 56
1935 2295
1935 1232
2295 421
2295 1238
421 1520
421 493
1520 294
294 1771
1771 1665
1665 2243
1665 90
2243 121
121 1431
1431 1779
1779 58
58 208
208 1789
1789 454
454 1672
1672 365
365 578
365 1079
578 1480
578 1416
1480 611
1480 746
611 1970
1970 1387
1387 2106
1387 2056
2106 452
452 2247
452 2137
2247 1892
1892 1008
1892 1841
1008 1249
1008 140
1249 496
496 2100
496 1844
2100 2254
2100 2166
2254 261
261 1158
261 966
1158 1821
1821 964
964 1909
1909 1747
1909 837
1747 1462
1462 73
73 753
73 1755
753 1685
753 1622
1685 874
874 461
461 1572
1572 682
682 1871
1871 924
1871 2251
924 1060
1060 835
835 2219
835 183
2219 99
99 1725
99 905
1725 2040
1725 38
2040 2192
2192 1037
1037 2227
1037 364
2227 1730
1730 863
863 1793
1793 1397
1397 1568
1397 1129
1568 312
1568 1547
312 199
312 512
199 200
199 252
200 1790
200 2201
1790 27
1790 1353
27 1991
1991 1331
1331 133
133 1977
133 258
1977 869
869 198
869 2122
198 1446
198 1709
1446 1348
1446 938
1348 1391
1391 1635
1635 1073
1073 1946
1946 1607
1946 1461
1607 1740
1740 664
1740 1305
664 157
157 747
747 1911
747 2195
1911 92
92 754
92 914
754 744
744 190
190 1336
190 1690
1336 921
921 2025
921 1966
2025 2013
2025 287
2013 1133
1133 1498
1133 1077
1498 325
1498 1064
325 1894
1894 638
1894 2062
638 394
638 944
394 1863
1863 722
722 2107
722 1856
2107 1754
2107 1680
1754 2239
2239 1491
2239 2080
1491 591
1491 116
591 531
591 467
531 940
940 283
940 1872
283 1313
283 557
1313 1412
1412 300
1412 1775
300 376
376 930
930 696
696 148
148 100
148 943
100 416
416 1985
416 193
1985 1169
1169 355
1169 539
355 279
355 205
279 72
279 2088
72 1308
72 1274
1308 555
555 2161
2161 1921
2161 2128
1921 93
1921 848
93 422
422 2159
422 673
2159 1195
1195 227
1195 459
227 2204
2204 1526
2204 1555
1526 573
1526 278
573 853
573 997
853 1014
853 1284
1014 846
846 764
764 803
803 240
240 1409
240 904
1409 2068
1409 1445
2068 1837
1837 1639
1639 946
1639 756
946 1920
946 703
1920 1512
1512 777
1512 707
777 1518
777 464
1518 2297
1518 1244
2297 329
329 1686
329 284
1686 2241
2241 1760
1760 1304
1760 1646
1304 396
396 668
396 2111
668 104
668 149
104 610
104 819
610 327
327 296
296 1375
1375 662
662 932
932 720
932 1816
720 232
232 2015
232 1866
2015 195
2015 1952
195 1750
195 680
1750 1714
1714 1050
1050 506
1050 1926
506 277
506 1917
277 1558
277 2298
1558 12
12 918
918 43
918 1326
43 1859
1859 550
1859 1638
550 1565
550 1938
1565 1806
1565 74
1806 599
1806 2054
599 1746
1746 1041
1041 256
1041 2282
256 437
256 1795
437 1530
437 23
1530 1658
1530 1905
1658 989
1658 1312
989 1298
1298 2151
2151 602
602 1215
602 1186
1215 1542
1215 535
1542 35
35 2046
35 203
2046 913
913 1132
1132 1165
1132 2171
1165 1979
1165 2108
1979 2275
2275 793
793 1423
793 684
1423 562
1423 799
562 367
562 650
367 1687
1687 1017
1687 1289
1017 1454
1454 8
1454 113
8 2095
2095 1865
2095 1347
1865 915
1865 2089
915 388
388 138
138 315
315 529
315 120
529 2187
2187 1138
2187 694
1138 9
9 281
281 1435
281 1601
1435 465
465 2133
465 387
2133 1256
2133 906
1256 61
1256 147
61 356
61 802
356 1123
356 447
1123 1390
1123 320
1390 1645
1645 1222
1645 1720
1222 716
1222 956
716 265
716 1989
265 797
265 406
797 1721
1721 26
1721 2274
26 1660
1660 1458
1660 1973
1458 1632
1632 903
1632 2067
903 1913
903 2249
1913 1835
1913 1030
1835 985
985 129
985 1722
129 1499
129 1823
1499 1487
1487 1588
1588 1199
1199 483
1199 2290
483 1385
483 106
1385 112
112 947
112 1738
947 1589
947 741
1589 524
1589 691
524 1624
1624 978
1624 1442
978 847
847 926
847 736
926 743
743 1130
1130 749
1130 1524
749 1824
1824 1350
1824 1315
1350 1384
1384 1154
1384 1934
1154 1317
1154 2036
1317 131
1317 2233
131 1356
1356 1187
1356 280
1187 1131
1131 1464
1464 1394
1394 2170
1394 1858
2170 1758
2170 1379
1758 89
1758 759
89 1546
1546 996
1546 566
996 346
996 1870
346 1710
346 480
1710 2272
2272 605
605 710
710 958
710 1586
958 2210
2210 651
2210 400
651 843
651 1963
843 339
339 1135
1135 2155
1135 1449
2155 304
2155 1545
304 988
304 1005
988 270
270 217
217 672
672 1293
672 174
1293 530
530 1361
1361 324
1361 2146
324 328
328 88
328 326
88 1937
88 1998
1937 1172
1937 491
1172 1389
1172 572
1389 311
1389 2284
311 1652
311 715
1652 705
705 1032
705 1156
1032 1109
1109 2277
1109 568
2277 4
2277 1049
4 981
4 242
981 2086
981 1282
2086 1975
1975 537
537 2194
2194 2152
2152 1314
2152 2207
1314 1949
1314 723
1949 1513
1949 68
1513 618
618 2130
618 177
2130 1670
2130 615
1670 2193
1670 1993
2193 2218
2218 631
2218 1028
631 1650
631 1091
1650 1258
1650 321
1258 1468
1258 1183
1468 1179
1179 1352
1352 271
1352 1972
271 760
271 864
760 785
760 411
785 1541
1541 366
366 55
55 1785
1785 1563
1785 2063
1563 1418
1563 621
1418 1475
1475 2084
1475 1716
2084 434
2084 151
434 782
782 763
763 1469
763 609
1469 2047
1469 2291
2047 275
275 1957
1957 1815
1815 212
212 1876
1876 823
823 719
719 1452
1452 626
626 2125
626 700
2125 2136
2125 389
2136 540
2136 1577
540 800
800 384
800 1625
384 1845
1845 1969
1845 1617
1969 1219
1969 1122
1219 2023
1219 982
2023 1288
2023 1433
1288 508
508 1386
508 1085
1386 502
1386 1562
502 1653
502 699
1653 1983
1983 1463
1463 1483
1463 108
1483 1847
1483 1874
1847 484
1847 2238
484 45
45 1225
45 1492
1225 439
1225 333
439 902
439 787
902 1857
1857 393
393 34
34 2212
34 60
2212 750
750 259
750 429
259 1822
1822 1683
1683 677
677 2061
2061 2240
2240 1930
1930 1147
1930 2158
1147 702
702 628
702 852
628 1551
1551 1339
1551 1679
1339 20
1339 778
20 784
20 1523
784 881
784 629
881 1118
881 588
1118 1501
1118 1647
1501 2182
2182 385
2182 344
385 1604
1604 549
1604 518
549 1150
549 274
1150 854
854 806
806 273
273 709
273 1956
709 894
709 1809
894 2029
2029 1682
2029 2245
1682 724
724 1358
724 1459
1358 466
466 1898
466 676
1898 2283
1898 2138
2283 1273
2283 1345
1273 2001
