7 1487 136641
2 3
3 4
3 5
4 1
1 7
1 6
1294 859
1294 258
859 788
859 1381
788 45
788 1181
45 1048
45 413
1048 471
471 1106
1106 671
671 75
671 1455
75 901
75 1271
901 825
901 1311
825 361
825 190
361 1113
361 238
1113 288
1113 932
288 606
288 914
606 712
606 152
712 1029
712 174
1029 1192
1029 1468
1192 483
1192 1190
483 362
483 981
362 431
362 758
431 1336
1336 597
1336 323
597 834
597 375
834 183
183 422
183 1209
422 1136
422 739
1136 403
403 995
995 191
995 584
191 1120
1120 625
1120 1472
625 1201
1201 210
210 878
210 92
878 486
486 1383
486 495
1383 1099
1099 1226
1099 882
1226 1085
1226 542
1085 980
1085 607
980 1438
1438 972
1438 506
972 268
268 85
85 933
933 724
724 415
724 86
415 401
401 723
723 949
949 697
697 1246
697 1069
1246 703
1246 830
703 831
831 1263
1263 904
1263 1128
904 1292
904 1014
1292 1089
1089 15
15 928
15 1446
928 610
928 1405
610 652
610 1406
652 308
308 26
26 456
26 572
456 32
456 61
32 1457
32 312
1457 1155
1155 895
895 1160
1160 1319
1319 11
11 567
567 1402
567 313
1402 1360
1402 381
1360 199
199 1338
1338 89
1338 384
89 292
89 1044
292 978
292 91
978 1119
1119 1410
1119 1337
1410 1208
1410 479
1208 1431
1208 110
1431 318
1431 939
318 304
304 1284
304 351
1284 284
284 267
284 826
267 632
267 412
632 774
632 785
774 838
774 1032
838 222
222 1177
1177 706
1177 1186
706 1011
706 992
1011 473
473 1324
473 647
1324 476
476 1334
476 467
1334 1003
1003 1307
1003 397
1307 692
692 319
319 1458
319 188
1458 811
811 469
811 561
469 1366
1366 517
1366 1030
517 618
517 1257
618 1153
1153 218
1153 742
218 329
329 157
157 1184
1184 390
390 1450
390 475
1450 760
760 767
767 863
767 359
863 668
668 37
668 20
37 484
37 530
484 7
7 1005
1005 666
666 856
856 160
856 926
160 334
160 1391
334 850
850 582
850 1012
582 765
765 1197
765 1102
1197 426
1197 682
426 711
711 1207
711 891
1207 400
400 428
428 1296
428 1137
1296 1361
1296 853
1361 752
752 257
752 68
257 1397
1397 29
29 829
829 1462
1462 781
781 975
781 1103
975 307
975 310
307 688
688 1132
1132 1477
1477 391
1477 60
391 439
439 1202
1202 158
1202 252
158 930
930 1195
930 755
1195 913
913 810
913 72
810 817
817 524
817 540
524 84
84 716
716 1333
716 1
1333 1437
1437 616
616 589
589 862
589 305
862 1306
862 598
1306 885
885 264
885 1276
264 194
194 1305
194 617
1305 645
645 286
645 373
286 1167
1167 522
522 613
522 58
613 1114
1114 14
14 1062
1062 492
492 300
492 1314
300 227
300 402
227 1176
1176 664
664 574
664 150
574 946
946 937
946 232
937 573
573 1281
573 96
1281 33
33 321
321 611
611 909
909 700
700 1154
1154 43
1154 504
43 747
747 637
637 501
501 1235
1235 1129
1235 41
1129 1473
1473 858
858 673
673 996
996 35
996 768
35 827
35 102
827 13
827 71
13 663
663 1063
663 1299
1063 730
730 866
730 988
866 795
866 241
795 368
795 1318
368 1308
1308 956
1308 148
956 796
796 565
796 159
565 225
565 341
225 575
575 468
575 1080
468 327
468 1273
327 505
327 516
505 814
814 1097
1097 822
822 546
822 1051
546 474
546 1087
474 1082
474 328
1082 447
447 277
447 1436
277 326
326 836
326 551
836 229
836 687
229 417
417 356
417 1049
356 646
356 1432
646 757
646 794
757 414
757 733
414 1323
414 1444
1323 285
285 967
285 443
967 1045
1045 19
19 780
19 209
780 90
780 845
90 1478
1478 1071
1071 115
1071 854
115 1460
115 896
1460 213
1460 59
213 380
213 1047
380 963
380 1370
963 47
47 545
47 1072
545 791
545 1171
791 124
124 465
124 1456
465 337
465 259
337 792
792 543
792 1471
543 1378
543 1421
1378 416
1378 1196
416 179
179 170
179 82
170 1220
1220 1081
1220 1408
1081 382
1081 1312
382 799
799 99
99 1442
1442 633
1442 278
633 920
920 1371
920 1096
1371 1109
1109 1112
1112 1008
1112 1342
1008 1287
1008 36
1287 1148
1287 1377
1148 622
1148 196
622 559
559 1098
559 599
1098 1215
1215 1379
1215 265
1379 591
1379 846
591 503
503 1166
503 1175
1166 168
168 79
79 1165
79 1317
1165 128
1165 908
128 1420
1420 246
246 1189
246 1083
1189 50
50 1262
1262 1282
1282 52
1282 1320
52 586
586 1269
1269 1435
1435 744
1435 881
744 783
783 28
783 1398
28 496
28 537
496 1230
496 689
1230 962
962 226
962 636
226 262
262 1470
1470 452
1470 968
452 1465
1465 662
662 446
662 1223
446 163
163 76
163 1152
76 1234
1234 529
1234 6
529 104
104 1270
104 251
1270 982
1270 39
982 477
982 976
477 566
477 707
566 1304
1304 952
1304 316
952 493
952 702
493 771
771 659
771 1469
659 291
291 957
291 1242
957 491
491 204
491 53
204 917
204 135
917 1441
917 1213
1441 720
1441 369
720 985
720 717
985 198
985 1345
198 502
198 667
502 388
502 211
388 393
388 2
393 1427
1427 536
1427 146
536 1172
536 1159
1172 1355
1172 207
1355 1073
1355 9
1073 1218
1218 111
1218 940
111 1351
1351 1283
1351 571
1283 1205
1205 580
1205 1243
580 1448
580 408
1448 155
155 143
155 309
143 411
143 1387
411 576
576 1354
1354 1200
1354 602
1200 1115
1115 460
460 894
460 54
894 31
894 1424
31 581
31 463
581 186
186 1329
1329 684
684 122
122 1433
122 360
1433 974
974 541
541 1168
541 345
1168 753
1168 871
753 880
880 699
880 1225
699 1384
699 1236
1384 1042
1384 107
1042 376
1042 406
376 127
376 1091
127 214
214 600
600 802
600 130
802 837
802 109
837 570
570 1222
1222 820
820 1484
820 698
1484 394
394 472
472 936
472 354
936 255
936 21
255 331
255 233
331 206
331 710
206 1265
206 1451
1265 1139
1265 807
1139 526
526 306
526 691
306 634
634 1140
634 340
1140 648
648 1430
1430 547
547 106
547 708
106 253
106 142
253 1356
1356 290
1356 1244
290 628
290 950
628 385
628 1017
385 1325
385 263
1325 789
789 423
423 94
423 841
94 295
94 1020
295 3
3 818
3 1454
818 1393
1393 73
1393 918
73 701
701 1331
1331 12
12 165
165 1037
1037 816
816 349
349 1359
1359 897
897 145
897 1065
145 821
821 997
821 601
997 1316
997 272
1316 1191
1316 748
1191 609
1191 1019
609 1163
609 389
1163 865
1163 1046
865 1350
1350 364
1350 1403
364 987
987 237
237 965
965 726
965 219
726 387
387 893
893 583
583 83
583 1023
83 87
83 1341
87 55
87 660
55 1233
1233 366
1233 224
366 683
366 1362
683 322
322 1028
322 1412
1028 1428
1428 1061
1061 1157
1061 955
1157 97
1157 1117
97 404
97 113
404 568
404 220
568 1088
568 1369
1088 419
419 852
852 488
488 1474
1474 835
1474 140
835 347
347 1346
347 1313
1346 642
642 653
653 154
653 1224
154 779
154 593
779 24
24 626
24 869
626 185
185 1459
1459 1052
1052 1418
1418 201
201 1353
1353 898
1353 1090
898 333
333 621
333 886
621 1013
621 1388
1013 832
832 338
832 945
338 1395
1395 763
763 737
737 1266
1266 762
762 16
16 494
16 861
494 977
494 1156
977 244
977 676
244 1194
1194 1022
1194 1041
1022 731
731 1419
1419 1423
1423 112
112 964
964 670
670 62
62 1134
1134 1033
1134 65
1033 164
164 879
164 332
879 339
339 718
718 1144
718 553
1144 864
1144 857
864 793
864 685
793 27
27 1286
1286 1374
1286 1258
1374 480
1374 538
480 1021
480 519
1021 398
398 915
398 1372
915 614
614 126
126 592
592 279
592 749
279 311
279 1293
311 973
973 18
18 372
372 470
470 424
424 590
424 1066
590 1291
590 485
1291 4
4 254
4 751
254 1349
1349 1357
1357 595
595 132
132 105
105 1302
105 46
1302 1147
1302 1322
1147 1453
1453 454
454 1232
1232 1000
1232 1123
1000 500
1000 787
500 5
500 728
5 497
497 98
497 1006
98 240
98 1417
240 1179
1179 1116
1116 1447
1447 434
434 989
989 577
989 1053
577 1239
577 203
1239 902
1239 951
902 508
902 1187
508 40
508 1260
40 1475
40 325
1475 395
1475 721
395 81
81 740
81 448
740 144
740 353
144 425
425 1104
1104 959
959 1210
1210 444
1210 42
444 587
587 941
587 998
941 457
457 1251
457 521
1251 119
119 141
119 1188
141 343
141 549
343 430
430 560
430 735
560 782
560 69
782 1185
1185 672
1185 363
672 1034
1034 346
346 1386
1386 784
784 960
960 679
960 418
679 883
679 320
883 528
883 34
528 790
528 970
790 564
564 294
294 948
294 1390
948 942
942 507
942 1481
507 991
507 1466
991 166
991 732
166 631
631 1121
631 808
1121 627
1121 520
627 655
655 1170
655 770
1170 713
713 889
889 167
889 714
167 999
167 149
999 1483
999 221
1483 1130
1130 270
1130 1407
270 137
270 843
137 1248
137 910
1248 1300
1300 1068
1068 847
847 116
847 1249
116 405
405 870
870 643
870 1217
643 371
643 1227
371 867
371 680
867 1031
1031 139
1031 934
139 236
236 872
236 1295
872 298
872 812
298 1057
298 459
1057 558
1057 557
558 482
482 498
498 1111
498 1169
1111 1229
1229 1254
1229 23
1254 803
803 409
409 994
409 399
994 248
248 1400
1400 1050
1050 1204
1204 510
510 1363
1363 1092
1363 649
1092 151
151 108
151 906
108 588
108 806
588 177
177 550
550 386
386 1274
1274 518
518 1077
518 512
1077 1247
1247 1343
1247 1464
1343 1086
1343 719
1086 1461
1086 1211
1461 249
249 800
249 1278
800 1241
1241 527
1241 1131
527 1183
1183 1009
1183 804
1009 239
239 938
239 235
938 705
938 499
705 396
396 1135
396 25
1135 544
1135 440
544 1060
544 1347
1060 899
899 208
899 1035
208 704
208 1275
704 1348
704 839
1348 421
421 1002
1002 1321
1002 535
1321 1016
1321 675
1016 983
983 287
287 868
868 1024
1024 686
686 579
686 907
579 840
579 776
840 466
840 892
466 1411
1411 624
624 1221
1221 1138
1221 175
1138 772
772 620
772 1259
620 315
620 1250
315 250
315 986
250 335
335 887
887 303
303 1261
303 1078
1261 1279
1279 1055
1055 1149
1055 1445
1149 1193
1149 1110
1193 925
925 873
925 596
873 365
873 905
365 1392
1392 900
900 217
900 123
217 436
217 64
436 171
436 1487
171 552
552 585
585 722
722 1256
722 1108
1256 1358
1256 619
1358 88
88 1025
88 1150
1025 1100
1100 674
1100 644
674 669
674 370
669 1199
1199 658
658 1272
1272 223
1272 299
223 532
532 1375
1375 554
554 63
554 1297
63 678
63 296
678 427
678 1212
427 317
427 884
317 410
410 1480
410 182
1480 490
490 256
256 979
979 200
200 1344
200 215
1344 677
1344 935
677 451
677 1126
451 1253
451 875
1253 1064
1064 392
1064 1396
392 455
455 842
842 736
736 778
778 1015
1015 578
578 458
578 407
458 301
458 1289
301 462
301 1164
462 824
462 1162
824 1422
824 797
1422 665
1422 22
665 1404
1404 189
1404 192
189 944
944 193
944 1001
193 1216
1216 903
1216 355
903 1198
903 916
1198 342
342 1330
1330 844
844 958
844 630
958 929
929 1268
1268 912
912 1288
912 247
1288 604
604 769
604 1482
769 954
954 77
954 756
77 358
77 314
358 1413
1413 556
556 195
556 1040
195 187
195 136
187 1332
187 766
1332 379
1332 48
379 639
639 1105
639 1125
1105 464
1105 745
464 919
464 654
919 661
661 727
727 432
727 876
432 1203
432 741
1203 657
1203 1290
657 8
8 1141
8 1340
1141 283
283 197
283 548
197 777
777 1277
777 923
1277 1394
1394 1267
1394 1095
1267 344
1267 80
344 1214
1214 1434
1214 100
1434 1228
1434 513
1228 1380
1380 129
1380 1368
129 1339
1339 1439
1339 1365
1439 336
1439 746
336 1485
1485 302
302 1067
302 74
1067 178
178 764
764 911
911 971
971 114
114 1385
1385 184
184 798
184 525
798 750
798 1409
750 1285
1285 445
1285 51
445 275
275 1118
1118 489
489 1076
489 1079
1076 990
1076 993
990 1452
990 1093
1452 1416
1452 715
1416 169
169 1364
1364 515
515 261
515 1255
261 17
261 101
17 133
133 1389
133 1382
1389 623
1389 695
623 1264
623 966
1264 481
481 1237
1237 922
922 1004
922 273
1004 487
1004 851
487 1352
487 228
1352 1449
1352 93
1449 216
1449 1026
216 161
216 280
161 1463
161 1142
1463 640
640 1018
640 813
1018 156
156 181
156 1074
181 809
181 1252
809 1038
1038 271
1038 357
271 121
121 1443
121 231
1443 1039
1443 1479
1039 289
1039 352
289 1415
1415 205
205 172
205 66
172 953
172 1107
953 78
78 1280
1280 729
1280 1206
729 943
943 738
738 1146
1146 276
276 1367
1367 555
1367 1476
555 1399
1399 266
266 1238
266 1335
1238 1084
1238 243
1084 1182
1182 10
1182 131
10 1245
1245 709
1245 533
709 693
709 641
693 562
562 523
562 1426
523 1376
523 1309
1376 696
1376 1219
696 1124
696 134
1124 293
293 534
293 173
534 947
534 514
947 1070
1070 1178
1178 260
1178 138
260 924
260 44
924 1240
924 754
1240 1231
1231 694
1231 635
694 245
694 1328
245 120
245 1373
120 429
120 801
429 202
429 230
202 269
269 569
269 442
569 1298
1298 1058
1058 180
1058 1010
180 961
180 651
961 450
450 874
874 49
874 95
49 759
759 147
759 511
147 1401
1401 282
282 212
212 775
775 1145
775 274
1145 374
374 1467
1467 420
420 1326
1326 383
1326 1180
383 56
383 1075
56 1414
56 1133
1414 1327
1327 478
1327 234
478 786
786 1161
786 153
1161 367
367 608
367 1007
608 563
563 823
563 281
823 1301
823 330
1301 1174
1301 638
1174 849
1174 1059
849 921
849 681
921 324
921 615
324 297
324 848
297 242
297 805
242 378
378 828
378 1425
828 1173
1173 437
437 162
162 125
162 1054
125 1303
1303 118
1303 117
118 438
438 1158
1158 815
815 103
815 1043
103 594
594 690
690 1486
690 1027
1486 348
348 531
348 984
531 1056
531 433
1056 761
1056 1101
761 435
435 1310
435 603
1310 1122
1122 57
57 377
57 927
377 1036
377 773
1036 734
734 877
877 539
877 461
539 67
67 1127
67 449
1127 1094
1127 860
1094 743
743 890
743 441
890 656
890 612
656 969
969 30
30 1429
1429 350
350 855
855 38
855 931
38 453
453 819
453 650
819 629
819 1143
629 1440
1440 70
70 888
888 1151
1151 725
725 176
725 1315
176 833
176 605
833 509
