1 2351 51557610
15 1523
1523 293
1523 1793
293 1995
293 748
1995 1592
1592 863
863 719
863 1747
719 1330
719 1299
1330 1445
1330 2086
1445 1289
1445 1427
1289 546
1289 2037
546 161
161 598
161 319
598 2128
2128 1817
1817 1131
1131 1275
1131 1044
1275 1669
1669 393
1669 622
393 1067
393 236
1067 122
122 698
122 1526
698 687
698 1688
687 1950
1950 1265
1265 1394
1265 247
1394 517
517 473
517 1734
473 92
473 1277
92 1018
1018 1769
1018 1902
1769 575
1769 1663
575 150
575 1571
150 1182
1182 151
151 522
522 927
522 2013
927 443
927 1927
443 1345
1345 424
1345 1818
424 1184
1184 58
58 1327
1327 461
461 472
461 708
472 833
833 2187
833 1563
2187 718
2187 2273
718 111
718 955
111 1409
111 717
1409 1424
1424 2109
2109 1806
1806 642
1806 136
642 906
642 1290
906 421
421 762
762 1373
762 1911
1373 1027
1027 2069
1027 1532
2069 1172
1172 882
1172 618
882 30
30 1719
1719 1846
1846 843
843 1763
843 1064
1763 1858
1858 2304
2304 1296
1296 94
1296 311
94 1404
94 1381
1404 646
1404 776
646 1781
646 1028
1781 418
418 903
418 1152
903 1876
903 338
1876 175
175 1196
1196 1702
1196 2087
1702 305
305 1808
1808 2149
1808 516
2149 326
2149 1859
326 397
326 244
397 771
771 1590
771 1672
1590 1143
1590 839
1143 993
1143 152
993 851
993 672
851 40
851 1918
40 909
40 2233
909 552
552 1848
552 2308
1848 926
926 837
926 232
837 1550
1550 977
977 980
980 2129
2129 377
2129 981
377 922
922 1873
1873 1121
1121 706
706 1689
706 1632
1689 1138
1689 46
1138 36
36 471
471 1569
1569 205
205 1412
205 919
1412 967
1412 1868
967 1644
1644 1701
1701 1533
1533 1001
1001 60
60 1910
60 2119
1910 1284
1910 1797
1284 108
108 746
746 314
746 908
314 1170
1170 1705
1170 341
1705 1530
1705 1415
1530 1117
1117 1033
1033 1220
1033 1760
1220 1178
1178 1023
1023 1436
1023 681
1436 702
1436 1045
702 1063
1063 90
1063 514
90 194
90 197
194 690
690 1815
1815 1068
1068 1856
1856 1447
1447 34
1447 369
34 1281
34 2234
1281 1164
1164 172
172 726
172 158
726 877
726 2020
877 1521
1521 1882
1882 1363
1363 2228
1363 2242
2228 1559
1559 1038
1038 2057
1038 1006
2057 2220
2220 417
417 218
417 1502
218 1567
218 623
1567 753
1567 278
753 2318
2318 2140
2140 2110
2140 2219
2110 795
2110 207
795 1513
795 23
1513 1993
1513 1316
1993 329
1993 759
329 1089
1089 1693
1693 1534
1534 535
1534 2133
535 476
535 101
476 2115
2115 1586
2115 54
1586 1351
1351 398
1351 374
398 1564
1564 2125
1564 301
2125 1742
2125 808
1742 589
589 550
550 772
550 2344
772 1122
772 44
1122 275
1122 703
275 2154
275 1812
2154 1675
2154 42
1675 1105
1105 1450
1450 1010
1010 1035
1035 509
509 1638
1638 1176
1176 1599
1599 1073
1599 1926
1073 1197
1197 316
1197 1558
316 1628
1628 1606
1606 333
333 2295
333 2076
2295 1955
2295 2215
1955 2169
2169 2264
2169 1041
2264 1905
1905 2101
1905 2070
2101 756
756 1631
1631 1871
1631 1124
1871 1223
1871 878
1223 1593
1593 1421
1421 606
1421 936
606 331
606 1649
331 2018
2018 1932
2018 2068
1932 1618
1932 178
1618 2094
2094 1982
1982 1758
1982 2322
1758 1913
1758 1318
1913 862
1913 423
862 1022
1022 1755
1022 135
1755 1514
1514 674
1514 864
674 1175
674 912
1175 2024
1175 866
2024 272
272 1999
1999 71
71 2316
71 2315
2316 434
2316 1598
434 485
434 582
485 2336
2336 1285
2336 9
1285 1478
1478 1501
1501 2230
2230 1641
2230 1667
1641 532
532 366
366 372
372 807
807 2272
2272 1799
2272 2131
1799 142
142 584
584 1940
1940 2301
1940 1376
2301 1474
2301 555
1474 264
264 883
264 387
883 2085
883 1198
2085 721
721 1708
1708 1560
1708 1938
1560 1081
1081 1771
1081 1975
1771 1588
1771 128
1588 193
1588 265
193 574
193 2048
574 1990
574 2077
1990 2241
1990 98
2241 1610
1610 1048
1610 479
1048 213
213 1456
1456 1901
1456 1187
1901 724
1901 893
724 506
506 262
262 1185
262 1553
1185 225
225 761
761 677
677 1544
1544 741
1544 1695
741 300
300 63
300 10
63 876
63 715
876 1214
876 1092
1214 812
1214 911
812 241
241 1805
241 2064
1805 1496
1496 2004
1496 1611
2004 2176
2176 1470
1470 673
673 1011
1011 1620
1620 933
1620 1224
933 231
231 1132
231 1245
1132 2335
1132 70
2335 1546
1546 235
235 2226
235 1120
2226 334
334 195
195 770
195 97
770 2334
770 1253
2334 327
327 1824
1824 632
632 794
632 765
794 93
794 12
93 580
580 896
896 189
189 982
189 2075
982 1076
982 1037
1076 596
1076 1094
596 1697
1697 1371
1371 488
488 764
764 347
764 1765
347 1188
1188 1437
1437 498
1437 141
498 1350
1350 164
1350 2000
164 671
164 869
671 1321
1321 1565
1565 1142
1142 913
1142 1287
913 870
913 1726
870 1587
870 1616
1587 1017
1587 2121
1017 1517
1517 343
343 662
662 474
474 1899
1899 154
154 798
798 270
270 594
270 2203
594 1947
1947 1103
1947 2093
1103 240
240 339
240 1736
339 530
530 1024
530 2291
1024 1468
1468 1935
1935 1209
1209 289
1209 2279
289 527
289 750
527 2029
527 26
2029 1811
2029 1400
1811 2276
2276 979
979 2235
2235 1000
1000 846
1000 997
846 566
846 512
566 1420
1420 2317
2317 907
907 1078
1078 1500
1500 1886
1886 222
222 385
385 2324
385 409
2324 788
2324 1435
788 477
477 1775
1775 1155
1775 266
1155 1114
1114 1297
1297 2175
2175 1108
2175 983
1108 2089
2089 127
127 1605
127 760
1605 1670
1670 2206
1670 1951
2206 885
2206 1723
885 2166
2166 76
2166 1727
76 1042
1042 1936
1936 1446
1446 2280
1446 1422
2280 1729
2280 384
1729 1293
1729 2009
1293 548
548 321
548 354
321 33
321 1466
33 1423
33 462
1423 948
1423 190
948 2266
2266 1168
2266 2194
1168 2275
1168 2088
2275 925
2275 1491
925 1650
925 1759
1650 685
685 810
685 2217
810 475
475 1397
475 1583
1397 852
1397 558
852 1629
1629 1292
1292 844
844 1382
1382 526
526 648
526 857
648 1528
1528 140
1528 1944
140 318
318 2188
2188 1706
2188 845
1706 447
1706 2332
447 1082
1082 731
731 217
731 1674
217 198
217 942
198 1789
198 286
1789 1025
1789 696
1025 2305
1025 1696
2305 1937
1937 1102
1102 2130
1102 1679
2130 2311
2311 1757
2311 830
1757 176
1757 999
176 1684
1684 1857
1857 1928
1928 528
528 457
457 630
630 414
630 579
414 1086
1086 467
1086 583
467 868
868 1252
1252 202
1252 2174
202 1841
1841 950
1841 162
950 832
832 1309
1309 59
1309 2056
59 1665
1665 2204
2204 2116
2116 1460
1460 1432
1432 1075
1432 2032
1075 910
910 441
910 389
441 938
441 1844
938 1084
938 143
1084 50
1084 1776
50 51
51 285
285 2186
2186 947
947 554
554 2019
2019 819
819 757
819 946
757 18
757 2072
18 220
220 601
220 785
601 824
601 1743
824 365
824 1654
365 1617
365 402
1617 1360
1617 786
1360 167
1360 937
167 1127
1127 25
25 2313
2313 1140
2313 1479
1140 1158
1158 842
842 716
842 1465
716 789
716 1666
789 742
789 2016
742 77
742 251
77 901
901 2142
901 865
2142 790
2142 969
790 1047
790 1549
1047 1539
1047 1031
1539 1261
1261 619
1261 346
619 1159
1159 1535
1535 24
24 22
24 239
22 1646
1646 1334
1334 427
1334 1054
427 1574
427 725
1574 537
1574 1444
537 201
537 626
201 1190
1190 1349
1349 787
787 1392
1392 2059
2059 1467
2059 831
1467 680
680 1341
1341 1895
1895 2189
1895 1439
2189 612
612 481
612 1621
481 2210
481 2249
2210 1271
2210 186
1271 570
570 2337
570 308
2337 1473
1473 1536
1536 317
317 1753
1753 1875
1753 1091
1875 1096
1096 303
303 631
631 1133
631 836
1133 779
779 494
494 1507
494 499
1507 1480
1507 563
1480 1774
1480 858
1774 1144
1774 2123
1144 425
1144 1652
425 79
425 701
79 1541
1541 747
747 599
747 1735
599 1820
1820 1003
1003 1525
1525 994
994 1123
994 1952
1123 1840
1123 2298
1840 1013
1840 1098
1013 413
1013 313
413 581
581 649
649 1821
1821 891
891 1130
1130 269
269 1237
1237 1764
1764 82
82 57
82 1962
57 1900
1900 531
1900 1336
531 1211
1211 1733
1733 796
1733 1459
796 2098
796 1896
2098 1619
1619 1107
1107 1548
1548 1233
1233 279
1233 156
279 774
279 1049
774 1279
1279 2081
2081 1407
2081 884
1407 1498
1498 2099
1498 2232
2099 1230
2099 1543
1230 874
1230 881
874 763
874 1511
763 1385
1385 67
67 728
67 1378
728 14
14 7
14 2306
7 2132
7 1062
2132 1770
1770 1050
1050 975
1050 1335
975 2202
975 495
2202 1979
1979 953
1979 420
953 931
953 2113
931 1508
1508 1872
1508 119
1872 2312
1872 466
2312 1386
2312 781
1386 965
965 1203
1203 13
1203 1963
13 1300
1300 1904
1300 873
1904 1931
1931 1195
1931 2222
1195 486
486 1887
486 1304
1887 2302
2302 992
2302 573
992 823
823 1694
823 2117
1694 1862
1694 902
1862 1227
1227 850
850 1056
850 312
1056 590
590 1961
1961 1782
1782 1562
1562 1892
1562 1601
1892 691
691 1964
1964 2177
1964 1326
2177 1322
2177 1823
1322 1732
1732 621
621 1648
1648 636
1648 1651
636 2345
2345 399
399 1346
1346 2254
1346 1870
2254 1283
1283 780
780 1660
780 1097
1660 99
99 1366
99 2033
1366 1510
1510 952
1510 27
952 2146
952 2096
2146 2248
2248 998
2248 2270
998 1262
998 2331
1262 1331
1331 1383
1331 1609
1383 727
1383 2158
727 1939
1939 296
296 53
53 2137
2137 1206
1206 1264
1264 1973
1264 2329
1973 1100
1973 5
1100 1739
1100 1555
1739 547
547 422
547 2156
422 1971
422 1568
1971 1877
1877 431
1877 510
431 2049
431 816
2049 686
2049 1949
686 2246
686 2134
2246 2216
2246 985
2216 656
656 1645
656 1419
1645 1210
1645 900
1210 1615
1615 1177
1177 2297
2297 2162
2162 85
85 633
633 1690
633 1602
1690 455
455 411
411 2008
2008 2198
2198 567
567 355
355 610
610 282
282 359
359 1453
359 1434
1453 430
1453 2066
430 2327
430 595
2327 1831
1831 751
1831 1720
751 1552
751 2282
1552 2028
2028 2347
2028 2205
2347 65
65 940
940 1338
940 1981
1338 2201
1338 1977
2201 1968
2201 1740
1968 1861
1861 615
1861 2307
615 416
416 1251
416 2178
1251 478
1251 153
478 1269
478 1250
1269 17
17 645
17 609
645 1585
645 187
1585 200
1585 1055
200 2184
200 2221
2184 56
56 2058
2058 1633
2058 84
1633 2030
1633 1888
2030 2053
2053 1957
2053 2261
1957 1476
1957 814
1476 52
1476 1614
52 1917
52 1942
1917 2050
2050 1308
2050 1302
1308 267
1308 181
267 568
267 106
568 577
568 545
577 1344
577 1111
1344 1192
1344 1849
1192 2031
2031 260
2031 1074
260 1647
260 904
1647 62
1647 1912
62 243
62 565
243 2269
243 1725
2269 2213
2213 64
2213 1282
64 1057
64 783
1057 113
113 2214
2214 1987
2214 392
1987 659
659 920
920 638
920 1464
638 720
638 917
720 835
720 544
835 31
835 2151
31 357
31 1929
357 1577
1577 637
1577 2323
637 817
817 371
371 755
755 196
196 813
813 2296
2296 1854
2296 376
1854 147
147 1879
1879 1493
1879 543
1493 1359
1359 712
1359 1365
712 503
712 951
503 306
503 446
306 1827
306 419
1827 211
211 1118
1118 711
1118 1390
711 1146
711 2122
1146 1051
1146 95
1051 1110
1051 1112
1110 1692
1110 1276
1692 935
1692 1751
935 480
480 1842
1842 1340
1340 1364
1340 1627
1364 793
793 256
793 2159
256 1653
256 1966
1653 160
160 1524
160 192
1524 1589
1589 924
924 2236
2236 322
2236 1399
322 614
322 939
614 1711
1711 309
309 1970
309 174
1970 2321
2321 679
679 856
856 2342
2342 683
683 450
683 69
450 1032
450 1520
1032 1816
1816 1458
1458 491
491 2092
491 254
2092 184
184 692
692 2171
2171 604
2171 185
604 1788
604 984
1788 1380
1380 1779
1779 1180
1779 1488
1180 1356
1356 2071
1356 216
2071 148
2071 114
148 405
148 660
405 208
208 351
208 171
351 963
351 1897
963 2278
963 2274
2278 292
2278 1362
292 2112
2112 233
233 137
137 75
137 2328
75 1015
75 971
1015 1572
1572 1991
1991 224
1991 2263
224 617
224 1207
617 1920
1920 1685
1920 1773
1685 1494
1494 641
641 134
641 525
134 1355
1355 2061
2061 688
688 722
688 1784
722 652
652 655
655 363
655 1426
363 1671
1671 155
155 2181
2181 2168
2168 248
2168 28
248 228
228 1980
1980 1342
1342 298
1342 661
298 1016
1016 959
1016 2127
959 829
959 297
829 1658
1658 2339
1658 627
2339 1438
1438 395
1438 634
395 1215
395 1153
1215 1410
1410 2010
1410 949
2010 1657
1657 362
1657 1791
362 1636
362 203
1636 1036
1636 271
1036 310
1036 1377
310 1151
1151 1721
1151 572
1721 859
1721 2062
859 304
859 302
304 117
117 1814
117 1388
1814 964
964 828
964 1472
828 1922
828 1547
1922 1150
1150 2223
2223 299
2223 972
299 2255
2255 179
179 1561
1561 489
489 827
827 1570
1570 1312
1570 2148
1312 1566
1312 768
1566 1337
1337 1704
1704 689
1704 2084
689 2007
2007 1603
1603 1228
1603 1810
1228 1790
1228 1398
1790 105
1790 805
105 2038
105 1664
2038 666
666 791
791 991
791 1767
991 116
991 782
116 1469
116 32
1469 714
714 1247
1247 219
219 1320
219 854
1320 1737
1737 391
391 966
391 675
966 1234
966 1080
1234 1333
1333 740
740 1959
740 1288
1959 1405
1959 1579
1405 287
1405 932
287 664
664 2341
2341 1640
2341 2326
1640 1072
1640 834
1072 170
1072 1145
170 1634
1634 1741
1634 2026
1741 1833
1833 2253
2253 2126
2126 1998
2126 1401
1998 1832
1998 1305
1832 2078
2078 1509
2078 1540
1509 1655
1509 1379
1655 821
1655 1416
821 2164
2164 1475
1475 2303
1475 1738
2303 647
2303 2281
647 1659
647 1969
1659 2097
1659 1750
2097 1193
1193 1034
1034 734
1034 1219
734 2259
2259 1643
1643 1997
1997 897
897 1428
1428 1798
1798 1408
1408 1531
1408 2290
1531 1630
1531 490
1630 1213
1630 1919
1213 752
1213 1319
752 2260
752 2289
2260 1837
1837 624
1837 1367
624 268
268 2314
2314 86
86 536
536 1357
1357 133
133 889
133 1242
889 1136
889 1
1136 1885
1136 976
1885 1009
1009 569
1009 1125
569 1573
569 1205
1573 667
667 1255
1255 1483
1483 1699
1483 2231
1699 1612
1612 1002
1612 2067
1002 1785
1002 521
1785 1204
1204 1477
1477 493
1477 1686
493 561
493 55
561 2256
2256 246
2256 1691
246 1201
1201 1518
1518 1787
1518 169
1787 974
1787 684
974 1516
1516 456
456 682
682 315
315 1030
315 1656
1030 2080
1030 2035
2080 2257
2257 1258
1258 915
1258 784
915 1499
1499 2271
1499 2179
2271 1156
1156 918
918 328
918 2017
328 2250
328 408
2250 988
988 650
988 1855
650 290
650 968
290 2015
2015 2021
2021 1425
1425 1274
1274 1713
1713 1141
1141 508
508 2108
2108 892
2108 1984
892 368
368 458
368 199
458 100
458 345
100 723
723 1860
723 1162
1860 344
344 1186
344 123
1186 1596
1186 1716
1596 954
954 465
465 849
849 707
849 1370
707 738
707 820
738 1943
738 273
1943 1443
1443 125
125 1622
1622 91
1622 2006
91 1487
91 1722
1487 2191
1487 340
2191 373
2191 1429
373 1109
373 1542
1109 2225
2225 2319
2225 921
2319 110
2319 2325
110 1137
110 2309
1137 1248
1137 1934
1248 1267
1267 410
1267 2239
410 2211
410 507
2211 1889
2211 1537
1889 1135
1889 2258
1135 1682
1135 2150
1682 639
1682 697
639 1898
1898 861
861 1506
861 593
1506 801
801 88
88 1794
88 2043
1794 1527
1794 886
1527 1216
1216 1352
1352 914
1352 2283
914 277
277 1339
277 613
1339 560
1339 2141
560 1662
560 1217
1662 436
436 1372
436 1294
1372 520
1372 252
520 2045
520 1945
2045 2229
2229 2252
2252 2265
2265 923
923 1147
923 608
1147 2245
2245 1323
2245 1361
1323 898
898 990
990 2041
2041 1093
1093 2039
1093 1303
2039 1504
2039 628
1504 838
838 469
838 699
469 1440
1440 1317
1317 2014
1317 1163
2014 1306
2014 1232
1306 1850
1850 916
1850 1545
916 1637
1637 1194
1637 1291
1194 1761
1761 227
1761 576
227 1222
1222 551
551 1557
551 453
1557 406
1557 1167
406 1673
1673 2139
2139 733
2139 1838
733 867
733 2212
867 840
840 492
492 144
492 1839
144 654
144 115
654 1301
654 1834
1301 1134
1301 735
1134 1996
1134 1754
1996 335
1996 2183
335 1687
1687 822
822 2165
822 1461
2165 777
2165 442
777 349
349 1492
1492 460
1492 348
460 818
460 2103
818 2292
818 2218
2292 367
367 1452
1452 1368
1452 1941
1368 556
1368 2238
556 1083
1083 1698
1698 1402
1698 611
1402 592
592 73
592 1683
73 1909
1909 895
895 1199
1199 651
651 1830
1830 1925
1830 1731
1925 1497
1925 2036
1497 1173
1173 871
871 2107
2107 2100
2100 2155
2100 588
2155 96
2155 1712
96 1728
96 1113
1728 1411
1411 1240
1411 1212
1240 1254
1240 2104
1254 709
709 221
221 2343
2343 1718
1718 513
1718 1804
513 1594
1594 504
504 1090
504 2240
1090 961
961 1442
961 1608
1442 259
259 1139
1139 253
1139 1677
253 1179
1179 130
1179 1221
130 1800
130 103
1800 445
1800 324
445 562
562 1021
1021 1503
1503 769
769 1714
769 1014
1714 1584
1584 934
1584 1822
934 1046
1046 739
739 451
451 407
407 597
597 226
597 1786
226 607
607 165
607 382
165 804
165 66
804 1874
1874 658
1874 1985
658 2143
2143 390
2143 1241
390 11
390 899
11 288
11 78
288 112
112 426
112 2023
426 1353
1353 978
1353 35
978 428
428 1581
1581 464
1581 1481
464 353
353 1295
353 1040
1295 107
107 665
107 1157
665 888
665 1538
888 1749
1749 2200
1749 1454
2200 401
401 2138
401 1270
2138 872
872 1462
872 511
1462 1623
1462 1907
1623 905
1623 1393
905 2144
2144 1878
1878 263
1878 995
263 1777
1777 815
1777 629
815 452
815 1853
452 1395
1395 1101
1101 1298
1101 230
1298 1825
1298 214
1825 1315
1825 415
1315 379
379 799
379 336
799 229
799 2293
229 745
745 1148
745 1406
1148 1060
1060 118
118 1007
118 1807
1007 159
1007 1431
159 432
159 38
432 1087
432 1229
1087 1762
1762 1578
1578 1724
1724 2209
2209 370
370 1746
370 68
1746 1635
1635 2244
2244 138
2244 538
138 404
138 1707
404 1171
1171 956
956 2105
956 2330
2105 1243
2105 1624
1243 2267
2267 730
730 1836
730 1451
1836 1403
1836 1661
1403 749
1403 1700
749 1026
1026 957
957 1012
957 1915
1012 1678
1012 754
1678 529
1678 2001
529 1965
1965 767
1965 1956
767 1881
1881 1169
1881 1307
1169 1953
1169 1884
1953 792
1953 4
792 168
168 131
131 1278
1278 1983
1278 693
1983 1989
1983 1921
1989 2351
1989 43
2351 2022
2351 261
2022 1813
2022 1332
1813 1052
1052 250
1052 1441
250 454
454 2167
454 2192
2167 879
879 280
879 587
280 1266
1266 394
394 533
533 2060
533 600
2060 1835
1835 337
337 1020
337 670
1020 1449
1449 234
1449 1053
234 1455
1455 1529
1529 403
1529 332
403 173
403 941
173 149
173 145
149 625
625 1748
1748 894
894 1225
894 29
1225 2340
2340 2082
2082 104
2082 1189
104 2243
2243 20
2243 2065
20 6
20 276
6 1522
6 704
1522 540
1522 2320
540 381
381 2197
381 710
2197 929
2197 2111
929 468
468 438
438 2190
438 1639
2190 375
375 2079
2079 841
841 1551
1551 121
1551 2285
121 1676
121 294
1676 1826
1826 1238
1238 1218
1238 1795
1218 1273
1218 39
1273 1613
1273 1819
1613 255
255 1235
255 1115
1235 2333
2333 2118
2118 1191
1191 16
16 258
16 809
258 2227
2227 1948
1948 2185
1948 1994
2185 1280
2185 758
1280 89
89 182
89 439
182 2287
2287 1029
2287 2047
1029 1239
1029 1978
1239 463
1239 643
463 2268
2268 586
2268 1181
586 1286
586 875
1286 1680
1286 2147
1680 1004
1004 139
139 1104
1104 440
440 2106
2106 1703
2106 396
1703 1236
1703 803
1236 212
1236 245
212 1149
212 1756
1149 1200
1149 132
1200 806
806 2136
806 773
2136 676
676 109
676 2310
109 1174
1174 713
1174 1515
713 1259
1259 1954
1259 1433
1954 1575
1954 1891
1575 1183
1183 1930
1183 386
1930 356
356 8
356 3
8 1058
8 1766
1058 1866
1866 361
1866 388
361 802
361 943
802 1313
802 2003
1313 585
585 1329
585 930
1329 1208
1329 847
1208 1358
1208 603
1358 705
705 1311
705 2294
1311 1958
1311 496
1958 2284
2284 1019
2284 1417
1019 1396
1019 1106
1396 524
524 2208
524 209
2208 487
487 1119
487 539
1119 1974
1974 87
87 1625
1625 124
124 1924
124 1880
1924 1967
1967 1414
1967 1960
1414 2002
2002 1059
2002 1489
1059 1710
1710 2346
2346 2124
2124 342
2124 657
342 811
342 1768
811 1165
811 2011
1165 1976
1976 291
1976 1069
291 2288
2288 736
736 1249
736 1582
1249 72
72 732
72 400
732 853
853 1752
1752 2160
2160 2090
2090 1490
1490 1803
1490 1061
1803 49
1803 484
49 2247
2247 2040
2247 1745
2040 778
778 2195
778 766
2195 191
2195 1780
191 1387
1387 825
1387 2135
825 2044
825 1893
2044 2172
2172 1554
2172 307
1554 1375
1554 797
1375 1482
1482 559
1482 1354
559 775
559 41
775 986
986 678
678 21
21 668
21 1099
668 1128
668 1202
1128 1923
1128 1829
1923 989
1923 146
989 1916
1916 1906
1916 2251
1906 505
505 887
505 2114
887 1430
1430 1512
1430 1256
1512 973
973 1796
1796 987
1796 1116
987 1391
987 2180
1391 1310
1310 620
1310 2153
620 61
620 1166
61 502
502 1992
502 2196
1992 1272
1272 412
1272 743
412 1347
1347 962
962 249
249 433
433 1681
1681 2025
1681 210
2025 284
2025 449
284 1847
1847 1325
1847 1463
1325 129
129 500
129 295
500 1883
500 2237
1883 1384
1384 1576
1384 1986
1576 501
501 1161
1161 1914
1161 848
1914 2286
1914 81
2286 2102
2286 1869
2102 653
2102 74
653 1903
1903 1154
1903 744
1154 1894
1154 1890
1894 2
1894 37
2 578
578 45
45 2152
2152 1556
2152 448
1556 1413
1413 237
1413 2091
237 166
166 860
166 644
860 1933
860 352
1933 157
157 1972
1972 1626
1972 635
1626 48
1626 1851
48 2349
48 1828
2349 1988
2349 2051
1988 2348
2348 1580
1580 605
1580 330
605 1809
1809 1268
1268 188
1268 325
188 206
206 1744
1744 1864
1864 242
242 800
800 571
571 323
571 223
323 1160
1160 519
1160 826
519 1505
519 2193
1505 1226
1226 163
163 1085
163 2083
1085 960
960 515
960 1852
515 2161
515 437
2161 2170
2170 1604
2170 257
1604 564
1604 1485
564 1668
564 928
1668 1077
1668 737
1077 1484
1484 958
958 669
669 890
669 1070
890 204
890 1471
204 1801
1801 2005
1801 523
2005 549
2005 1126
549 1039
549 1071
1039 177
1039 1772
177 350
350 1717
350 19
1717 694
694 1908
694 1008
1908 1043
1043 459
459 944
944 1865
1865 470
470 2120
2120 1607
1607 1389
1607 1778
1389 1257
1389 945
1257 1457
1257 1066
1457 2163
1457 542
2163 602
2163 83
602 274
274 102
274 126
102 429
102 435
429 80
429 283
80 1369
80 1448
1369 180
1369 2052
180 1088
180 1260
1088 970
970 2207
2207 855
2207 1591
855 1244
855 1129
1244 183
183 640
640 729
640 2173
729 1792
1792 378
378 1783
378 2012
1783 238
238 47
47 2224
2224 1324
2224 281
1324 1079
1079 482
482 996
996 557
996 444
557 1005
557 1845
1005 2182
1005 1519
2182 320
2182 1065
320 1374
320 2034
1374 364
1374 518
364 2145
364 1231
2145 1348
1348 2350
2350 1343
2350 534
1343 1730
1730 553
1730 358
553 1600
1600 483
1600 1495
483 380
483 1642
380 700
380 2199
700 1328
1328 1418
1328 2277
1418 2027
2027 2299
2299 1597
2299 2073
1597 695
1597 2055
695 120
120 2300
120 497
2300 1246
1246 2063
1246 2157
2063 1095
2063 1946
1095 1263
1095 1843
1263 2074
2074 1486
1486 1595
1486 1715
1595 2095
2095 2338
2338 215
2338 2042
215 541
541 663
663 1709
1709 880
1709 360
880 591
880 2262
591 2046
591 1863
2046 1867
1867 2054
2054 1802
2054 1314
1802 383
1802 616
