2 2098 9
2 1
283 199
283 1275
199 1125
199 778
1125 35
1125 1004
35 1075
35 385
1075 1047
1075 153
1047 592
1047 776
592 507
592 1629
507 50
50 382
50 1807
382 218
382 643
218 2031
2031 1703
1703 1631
1631 263
263 789
263 446
789 679
789 1894
679 1891
1891 771
771 1912
771 34
1912 1366
1366 750
750 794
794 1756
794 1688
1756 2073
2073 1879
1879 71
71 1472
71 63
1472 1138
1472 1213
1138 191
1138 1475
191 1428
1428 1644
1428 1429
1644 536
1644 674
536 647
647 615
647 575
615 2037
615 223
2037 20
2037 1856
20 1381
20 423
1381 292
1381 1118
292 399
292 753
399 1263
399 242
1263 224
224 1708
1708 1012
1012 447
447 255
255 1215
1215 339
339 1124
1124 1717
1124 1100
1717 1786
1786 633
1786 777
633 1944
1944 113
1944 2044
113 355
113 1978
355 1323
1323 1570
1570 123
1570 824
123 635
123 264
635 1862
635 36
1862 1285
1862 1452
1285 1403
1285 155
1403 1534
1534 732
1534 1715
732 914
732 1602
914 1194
914 1306
1194 665
1194 1228
665 300
300 472
472 670
472 40
670 557
670 1387
557 543
557 829
543 1884
1884 1267
1267 82
82 1291
82 889
1291 167
167 721
721 1515
1515 2021
2021 936
936 922
936 767
922 1845
922 547
1845 607
607 912
912 1079
1079 1392
1392 319
1392 228
319 492
492 1190
1190 758
758 774
774 1986
1986 474
474 826
474 1435
826 923
826 453
923 188
188 2006
2006 769
2006 1283
769 1633
1633 464
1633 599
464 1165
1165 747
747 478
478 1681
1681 973
973 1052
1052 2083
2083 842
2083 380
842 282
842 1729
282 1525
282 1837
1525 944
944 56
944 2098
56 1086
56 609
1086 660
660 884
660 1568
884 1764
884 1899
1764 893
1764 303
893 903
903 1613
903 360
1613 593
1613 542
593 470
470 1287
470 1203
1287 2075
1287 596
2075 55
2075 1726
55 364
364 1085
1085 2042
1085 1340
2042 2058
2058 952
2058 678
952 1076
1076 1624
1076 248
1624 872
1624 520
872 1790
1790 18
1790 1378
18 1014
18 1277
1014 998
998 1895
1895 1722
1895 1820
1722 7
1722 610
7 946
7 182
946 804
946 1483
804 1614
804 1533
1614 661
661 38
38 600
600 2051
2051 386
2051 13
386 1113
386 91
1113 1020
1020 634
1020 1965
634 604
604 564
604 1313
564 269
564 1947
269 667
269 1781
667 1571
1571 920
1571 461
920 1464
920 918
1464 1982
1982 1404
1404 261
1404 1588
261 1929
1929 68
1929 202
68 1324
1324 1915
1915 1659
1659 200
1659 716
200 711
711 626
711 950
626 226
626 1760
226 424
226 57
424 78
78 465
465 1229
1229 1872
1872 1
1872 310
1 225
1 1265
225 1177
225 1017
1177 69
1177 734
69 1801
69 1699
1801 1156
1156 1327
1156 553
1327 971
1327 1409
971 1310
1310 698
698 1730
1730 28
28 1221
1221 1066
1066 239
239 1860
239 2022
1860 1466
1466 622
622 986
622 868
986 1940
1940 401
401 1705
1705 378
378 681
681 1468
1468 904
1468 106
904 1573
1573 490
1573 1272
490 1598
490 1018
1598 739
1598 1469
739 177
739 703
177 1063
177 1995
1063 1064
1063 1371
1064 128
1064 969
128 1231
128 493
1231 1176
1176 1855
1855 1450
1855 1211
1450 497
497 2007
497 77
2007 1418
2007 1026
1418 1707
1707 1038
1707 1364
1038 625
625 655
625 1989
655 870
655 1389
870 1652
870 1852
1652 556
556 85
556 1465
85 47
47 1721
1721 326
1721 1207
326 1035
326 413
1035 357
357 1292
357 308
1292 1932
1932 972
1932 496
972 409
409 1479
1479 1859
1859 277
1859 629
277 1111
1111 142
142 407
142 1938
407 639
639 1510
639 1875
1510 642
1510 306
642 1839
1839 1861
1861 865
1861 173
865 169
865 1984
169 764
764 504
764 608
504 132
504 844
132 1779
1779 1562
1562 558
1562 439
558 773
558 139
773 506
506 883
883 1887
1887 913
913 131
913 102
131 1918
1918 2033
1918 687
2033 1491
2033 1890
1491 1991
1991 1489
1991 1689
1489 1169
1169 1770
1169 566
1770 72
1770 1653
72 1863
72 369
1863 1905
1905 1093
1093 585
1093 4
585 652
652 51
652 468
51 666
51 948
666 1603
1603 958
958 216
216 2071
216 1199
2071 843
2071 1719
843 1422
1422 1182
1422 1538
1182 119
1182 688
119 1849
1849 438
1849 727
438 299
299 827
299 445
827 1434
827 1963
1434 1301
1434 2034
1301 2028
2028 1672
2028 880
1672 161
1672 1785
161 1712
1712 1209
1712 2025
1209 1527
1527 1288
1288 1109
1109 1090
1090 227
1090 710
227 1487
1487 816
1487 505
816 1898
1898 1311
1898 1795
1311 1665
1665 1097
1665 1869
1097 88
1097 802
88 1988
88 1003
1988 1459
1988 1654
1459 805
805 576
805 1505
576 1819
1819 440
1819 801
440 29
29 1582
1582 1694
1694 1612
1612 476
1612 2097
476 1108
1108 1383
1383 1146
1146 1678
1146 1089
1678 1222
1222 391
391 1920
1920 477
477 1742
477 1711
1742 806
1742 403
806 458
806 1787
458 332
332 176
332 1202
176 1971
1971 1021
1021 471
1021 1427
471 571
471 1997
571 1595
1595 420
420 1522
1522 2002
1522 66
2002 2064
2002 241
2064 529
2064 1564
529 1037
1037 1405
1037 1957
1405 1365
1405 1850
1365 736
1365 1502
736 1376
1376 2046
2046 2052
2046 848
2052 1315
2052 699
1315 1904
1315 895
1904 214
214 597
597 879
597 222
879 584
879 302
584 1508
584 441
1508 236
236 1349
1349 1506
1349 1853
1506 1142
1506 991
1142 2041
2041 1344
2041 574
1344 1994
1344 1494
1994 2
1994 1579
2 963
963 1180
1180 1204
1180 415
1204 1762
1204 1420
1762 1397
1762 1511
1397 314
314 1747
1747 811
1747 1923
811 538
538 582
538 917
582 807
582 1934
807 1687
1687 2087
1687 270
2087 1793
1793 1544
1793 749
1544 819
819 1917
819 677
1917 311
1917 1771
311 1693
1693 184
184 375
184 1377
375 1910
1910 691
691 1532
1532 1042
1042 1952
1952 840
1952 366
840 1488
1488 1956
1488 1160
1956 513
513 19
19 2013
2013 1593
2013 1716
1593 795
795 1881
1881 280
1881 539
280 1068
280 1842
1068 1528
1068 406
1528 1546
1546 1128
1128 187
1128 217
187 690
690 723
690 281
723 684
684 1082
684 100
1082 495
495 1412
1412 341
341 1880
341 573
1880 1456
1880 845
1456 1500
1500 1034
1500 780
1034 367
367 1966
1966 359
359 1072
359 1474
1072 1058
1058 1943
1943 1367
1367 1186
1367 462
1186 894
1186 321
894 1930
894 22
1930 1638
1638 192
192 1098
1098 586
1098 2036
586 1335
1335 388
1335 348
388 271
388 354
271 1490
271 1526
1490 1796
1490 860
1796 76
1796 1667
76 1958
1958 841
841 315
841 305
315 1233
1233 433
433 725
433 2062
725 1023
725 731
1023 1486
1023 783
1486 1798
1486 1433
1798 301
301 1651
301 1354
1651 1345
1651 980
1345 1356
1345 417
1356 518
518 410
410 1542
410 886
1542 792
1542 619
792 787
787 831
831 1618
1618 1385
1618 1343
1385 87
87 916
916 60
916 1330
60 32
60 603
32 1120
1120 1145
1120 1339
1145 487
487 1636
1636 1328
1328 640
1328 2061
640 276
276 1517
1517 1778
1517 905
1778 1398
1398 2020
2020 1663
2020 1279
1663 245
245 1834
245 967
1834 706
706 467
706 651
467 1432
467 1230
1432 932
932 1755
932 1040
1755 1250
1250 968
1250 404
968 98
98 185
185 243
185 296
243 696
696 1754
696 1352
1754 144
144 1025
144 254
1025 356
356 1675
356 515
1675 577
1675 1769
577 1974
577 1380
1974 1600
1600 897
1600 1838
897 781
781 959
781 1592
959 1822
959 151
1822 1443
1822 1953
1443 1106
1443 1438
1106 1143
1106 1382
1143 203
203 624
203 523
624 165
165 779
165 1998
779 289
779 1757
289 2084
2084 2001
2001 133
2001 1373
133 491
133 962
491 1478
491 340
1478 990
990 645
645 1083
1083 194
1083 466
194 1139
194 1492
1139 99
1139 253
99 1709
99 793
1709 646
646 1273
646 1585
1273 93
93 930
930 1024
930 1759
1024 1996
1996 755
1996 1992
755 1531
1531 234
234 183
234 798
183 1103
183 145
1103 708
708 2045
708 1359
2045 2049
2049 2019
2049 1281
2019 2068
2019 1780
2068 1185
1185 2063
1185 1919
2063 2043
2063 1441
2043 1950
1950 1865
1950 1218
1865 1682
1865 1107
1682 39
1682 1977
39 2081
2081 1149
1149 702
1149 259
702 312
312 820
820 1514
820 1112
1514 1877
1514 650
1877 875
875 1396
1396 1775
1775 1906
1906 1529
1529 346
346 887
346 630
887 1964
887 871
1964 1041
1041 1249
1249 1225
1249 1649
1225 1166
1166 1274
1166 735
1274 559
559 1739
1739 1167
1739 1303
1167 1499
1499 1777
1777 206
1777 1868
206 1246
1246 1322
1322 372
1322 1661
372 27
27 1955
27 1234
1955 64
64 1841
1841 502
1841 1008
502 863
502 508
863 1700
1700 1379
1379 26
26 1554
26 989
1554 96
1554 484
96 1990
1990 136
1990 338
136 1844
1844 1569
1569 1523
1569 1718
1523 1449
1523 229
1449 2047
1449 1596
2047 994
994 938
938 1386
1386 1051
1051 2090
1051 1714
2090 150
150 2080
2080 1237
2080 1262
1237 389
389 680
680 945
945 1251
945 562
1251 768
768 59
59 790
59 1447
790 2003
790 926
2003 1179
1179 1980
1179 821
1980 246
1980 737
246 288
288 1572
1572 1501
1501 1513
1513 262
262 1882
1882 775
775 1314
775 537
1314 362
362 1607
1607 2060
1607 1676
2060 812
812 170
170 2054
170 220
2054 221
2054 1926
221 425
221 754
425 1425
425 908
1425 297
297 351
297 383
351 149
351 1153
149 949
949 707
707 1195
707 1495
1195 1660
1660 738
1660 1553
738 1361
738 1044
1361 1555
1555 122
122 1333
122 618
1333 397
397 1734
1734 1196
1196 1481
1196 274
1481 368
368 1935
1935 1030
1030 1556
1030 451
1556 1259
1556 796
1259 393
393 392
393 676
392 126
126 1239
1239 1591
1591 1744
1591 455
1744 342
342 10
10 583
10 1828
583 457
457 1217
1217 115
115 5
5 1753
5 588
1753 1302
1753 293
1302 837
1302 1541
837 705
705 1559
1559 1858
1858 1110
1858 1299
1110 1270
1270 1031
1270 853
1031 1574
1574 1127
1574 1641
1127 1257
1257 653
653 902
902 1976
1976 2014
1976 1825
2014 874
2014 252
874 974
974 285
285 954
954 809
954 1683
809 700
809 1256
700 1174
700 1268
1174 741
741 370
741 1192
370 1162
370 1197
1162 92
1162 2035
92 1399
92 1467
1399 1648
1648 23
1648 628
23 1948
23 1154
1948 1727
1727 1439
1439 1584
1584 1878
1584 896
1878 435
435 1141
1141 140
140 294
294 1049
294 1616
1049 955
955 552
552 1864
1864 1946
1864 1419
1946 434
434 1623
434 1016
1623 530
530 541
530 760
541 328
328 1440
328 2030
1440 594
1440 1951
594 1589
1589 616
616 53
53 196
196 977
977 982
982 1006
982 105
1006 437
437 1794
437 1470
1794 108
108 75
108 298
75 1967
1967 1625
1625 120
1625 1768
120 1833
120 1535
1833 836
1833 581
836 2067
836 309
2067 1480
2067 742
1480 637
1480 62
637 979
637 900
979 1545
1545 1774
1545 1799
1774 544
544 2070
544 1325
2070 67
67 1543
1543 353
353 1647
1647 1921
1921 591
591 644
644 1558
1558 1253
1253 1451
1253 590
1451 168
1451 1908
168 2088
2088 1604
1604 1411
1411 2069
1411 1805
2069 488
2069 1583
488 1220
488 1370
1220 422
1220 1009
422 1053
422 1294
1053 117
1053 1911
117 1902
117 1566
1902 268
1902 669
268 402
268 1565
402 864
402 1088
864 174
864 193
174 103
103 313
103 941
313 927
927 469
927 1772
469 361
469 137
361 80
80 928
928 1821
928 533
1821 772
1821 1498
772 1334
1334 159
1334 101
159 330
330 1216
1216 1407
1407 659
659 834
834 1092
834 1931
1092 855
1092 33
855 1969
855 1369
1969 668
668 337
337 208
337 1260
208 612
612 1758
612 1789
1758 1941
1758 2004
1941 1577
1941 1560
1577 693
1577 2089
693 1187
1187 1460
1460 891
1460 1736
891 1424
891 1680
1424 856
1424 942
856 1684
856 1550
1684 1057
1057 1870
1870 598
598 1827
598 992
1827 207
1827 1551
207 1537
207 1007
1537 1873
1537 1444
1873 411
1873 876
411 1816
1816 1069
1816 1972
1069 498
1069 278
498 1181
498 762
1181 839
839 180
180 1914
1914 17
1914 1829
17 238
238 1205
238 1384
1205 817
1205 1050
817 890
817 1172
890 877
890 528
877 1788
877 1520
1788 450
450 114
114 1200
1200 728
728 418
728 1210
418 752
752 1830
1830 110
1830 318
110 551
551 951
951 861
861 1394
861 52
1394 689
689 1244
1244 1733
1733 1015
1733 1512
1015 421
421 1666
1666 408
1666 1297
408 1278
408 1962
1278 931
1278 832
931 1350
931 717
1350 1831
1831 516
1831 143
516 1300
1300 2065
1300 9
2065 1391
1391 1655
1655 632
632 1402
632 1627
1402 1235
1402 109
1235 813
1235 1454
813 534
534 1731
534 1131
1731 517
517 1241
1241 907
907 1521
907 560
1521 1056
1056 672
672 1669
1669 86
86 1150
1150 786
1150 540
786 1198
1198 267
267 329
329 784
784 1401
1401 921
1401 460
921 412
412 1645
412 1408
1645 1548
1548 124
1548 1416
124 475
124 657
475 235
235 915
235 851
915 46
46 1594
1594 201
201 118
201 554
118 1874
1874 1907
1907 1280
1907 627
1280 1423
1423 937
937 1080
1080 1783
1080 849
1783 1309
1309 2012
1309 1658
2012 1437
1437 713
1437 1749
713 797
713 1316
797 1750
797 756
1750 1261
1261 1590
1261 2017
1590 1896
1590 934
1896 1843
1843 1634
1843 8
1634 1171
1634 240
1171 1743
1171 95
1743 1188
1188 888
1188 858
888 1240
888 1105
1240 1575
1575 1925
1575 940
1925 1446
1925 1741
1446 1046
1046 1095
1046 479
1095 1417
1095 1580
1417 1305
1417 1824
1305 924
924 1321
924 1045
1321 1979
1979 892
1979 1885
892 823
892 1206
823 1164
823 179
1164 1691
1164 1847
1691 1723
1691 48
1723 2039
2039 1836
1836 163
163 1484
1484 1193
1484 398
1193 943
1193 1312
943 1123
943 1332
1123 90
90 2096
2096 61
2096 307
61 1133
61 154
1133 548
548 2027
2027 862
2027 448
862 2059
862 2092
2059 1421
1421 2018
2018 175
175 275
175 656
275 1341
1341 1033
1341 1178
1033 1619
1619 815
815 1674
815 1000
1674 1737
1674 1854
1737 995
995 1814
995 1060
1814 2056
2056 814
2056 1336
814 1155
1155 526
1155 1867
526 1223
1223 2053
2053 322
2053 1692
322 1135
322 444
1135 1679
1679 1728
1679 1670
1728 135
1728 2010
135 1968
1968 638
638 1059
638 1497
1059 1005
1005 906
906 387
387 882
882 1889
1889 1883
1889 623
1883 1993
1993 2066
2066 1236
2066 567
1236 41
41 1400
41 260
1400 195
1400 709
195 1159
1159 2000
2000 58
2000 1677
58 909
58 148
909 79
79 1792
1792 617
1792 16
617 757
757 190
190 210
210 1662
1662 2094
2094 44
2094 1698
44 1536
1536 1360
1360 1214
1360 1448
1214 1477
1477 1084
1477 449
1084 1673
1673 744
1673 1959
744 1471
1471 284
1471 985
284 1892
284 1036
1892 525
1892 1871
525 1710
525 1476
1710 1161
1710 1039
1161 1485
1161 83
1485 833
833 1791
1791 112
112 1019
112 2085
1019 1463
1019 2055
1463 1055
1463 675
1055 521
1055 1374
521 81
81 929
929 1713
1713 129
129 1752
129 481
1752 1121
1121 984
1121 1054
984 838
838 2015
2015 97
97 1815
1815 649
649 1074
1074 1942
1074 160
1942 1835
1942 1158
1835 822
1835 535
822 1453
1453 939
939 189
939 1027
189 325
189 509
325 1455
1455 1372
1372 1767
1372 2078
1767 1368
1767 485
1368 1482
1482 1970
1482 233
1970 1650
1650 1462
1462 1637
1637 1219
1637 2048
1219 205
205 1800
205 1414
1800 456
456 2008
2008 857
857 377
857 925
377 1897
377 981
1897 1901
1901 704
1901 1773
704 213
704 1888
213 620
213 1393
620 1163
1163 852
1163 336
852 3
3 1116
1116 416
1116 993
416 1826
1826 999
999 555
555 2079
2079 244
2079 1436
244 549
244 1255
549 1151
1151 141
1151 316
141 911
911 376
376 1346
1346 1617
1346 1840
1617 1657
1617 1148
1657 1184
1184 272
272 835
272 1266
835 2011
2011 828
2011 1071
828 65
65 304
65 1264
304 867
304 572
867 1823
867 701
1823 1073
1073 1319
1073 162
1319 2029
2029 1784
1784 70
70 524
70 1685
524 686
524 1509
686 683
683 317
317 1985
1985 405
405 1611
405 1983
1611 810
1611 374
810 621
810 1191
621 997
997 349
997 1597
349 211
349 988
211 1101
211 111
1101 1226
1101 198
1226 428
428 965
965 745
745 324
324 74
324 550
74 636
636 1032
1032 231
231 1690
1690 746
746 30
30 1388
1388 1357
1388 1702
1357 237
237 570
237 2023
570 1928
1928 854
854 956
854 671
956 503
956 1735
503 1671
503 1442
1671 463
463 1599
1599 1961
1599 1886
1961 1656
1656 751
1656 147
751 251
251 1284
251 1642
1284 770
770 983
983 961
961 800
961 1605
800 722
800 1094
722 996
996 976
996 1668
976 459
976 658
459 1351
459 11
1351 1547
1547 1087
1547 694
1087 850
1087 1924
850 343
850 1704
343 2082
343 15
2082 601
601 1375
601 1140
1375 910
1375 859
910 1810
910 419
1810 1876
1810 527
1876 350
350 648
350 1587
648 1811
648 2026
1811 1115
1811 1395
1115 1493
1493 1578
1578 1081
1081 953
1081 295
953 501
953 1175
501 171
501 1630
171 1317
1317 1152
1317 452
1152 1832
1152 1117
1832 1132
1132 1903
1903 808
808 899
808 443
899 847
847 1806
1806 127
1806 532
127 1609
1609 788
1609 344
788 1949
788 258
1949 480
1949 394
480 966
480 714
966 2086
966 740
2086 1803
1803 1975
1975 729
1975 215
729 1329
1329 748
748 901
901 1893
1893 975
1893 763
975 2076
975 1430
2076 454
2076 511
454 1639
1639 1552
1639 1473
1552 712
712 1601
1601 1732
1732 799
1732 830
799 1048
799 2005
1048 256
256 219
219 1782
219 1987
1782 1308
1782 1813
1308 1318
1318 1137
1137 970
970 1102
1102 1348
1102 724
1348 1913
1913 1252
1913 232
1252 1857
1857 846
846 158
846 1797
158 1748
1748 682
1748 641
682 1973
682 935
1973 1933
1933 104
1933 156
104 565
565 1290
565 1848
1290 291
1290 1183
291 1212
291 1539
1212 782
1212 2038
782 1817
782 1001
1817 1091
1817 519
1091 1242
1091 257
1242 371
371 978
371 1061
978 733
733 522
733 352
522 12
12 1738
12 1751
1738 1002
1002 247
1002 919
247 1686
1686 1065
1686 1410
1065 1134
1065 373
1134 578
1134 595
578 726
726 715
726 933
715 6
715 482
6 1406
1406 1640
1640 1129
1640 1557
1129 1157
1157 273
1157 390
273 2009
2009 2050
2050 1802
2050 1922
1802 14
1802 1243
14 579
14 673
579 1293
1293 825
1293 654
825 1096
1096 400
400 1362
400 692
1362 426
1362 164
426 1358
426 766
1358 2077
1358 1077
2077 1286
1286 1254
1286 1043
1254 331
1254 514
331 1503
1503 249
1503 1307
249 1010
249 379
1010 432
432 1516
432 791
1516 1114
1516 1247
1114 1808
1114 569
1808 1028
1808 1504
1028 1763
1028 1999
1763 664
1763 442
664 1635
1635 568
568 1099
1099 1606
1606 2016
2016 1390
1390 381
1390 1282
381 333
333 1776
1776 327
327 1939
327 1519
1939 563
563 1298
1298 765
1298 1804
765 1866
1866 347
347 1563
347 614
1563 1518
1563 1258
1518 363
363 1320
1320 107
1320 1331
107 395
395 1622
1622 1355
1622 130
1355 1144
1355 286
1144 358
358 964
358 230
964 345
964 602
345 785
785 1338
785 803
1338 1136
1136 2095
2095 531
531 987
531 489
987 1232
987 89
1232 431
1232 1461
431 1632
431 152
1632 743
1632 2074
743 320
743 685
320 43
43 157
157 1147
157 1615
1147 287
1147 1426
287 181
287 1724
181 1013
1013 1761
1013 1201
1761 873
873 427
873 1608
427 2032
2032 84
2032 486
84 37
84 178
37 1765
1765 1954
1954 1960
1960 1363
1960 1576
1363 121
121 1238
121 1224
1238 1458
1238 94
1458 1062
1458 1909
1062 1549
1062 1697
1549 1809
1549 1720
1809 1173
1173 42
42 473
42 869
473 1812
473 561
1812 1540
1812 730
1540 1628
1540 21
1628 2040
2040 881
881 1413
881 1271
1413 545
1413 335
545 1937
1937 1296
1937 116
1296 1168
1296 1945
1168 761
1168 499
761 2093
2093 662
662 1725
1725 606
606 1766
1766 483
483 1620
1620 49
49 1581
49 1342
1581 73
1581 166
73 197
197 947
197 878
947 1011
947 1122
1011 2072
1011 1927
2072 1626
2072 1530
1626 1740
1626 512
1740 1846
1740 1078
1846 45
1846 172
45 414
414 587
414 1170
587 1208
587 695
1208 1936
1208 605
1936 1337
1936 500
1337 1248
1248 31
1248 1029
31 1981
31 1745
1981 290
290 885
290 1431
885 697
697 265
265 1706
1706 54
54 212
212 1269
1269 436
436 1126
1126 1457
1457 186
186 204
186 718
204 138
138 1130
138 334
1130 1304
1304 494
1304 125
494 279
494 719
279 1104
1104 1567
1567 430
1567 1070
430 1245
1245 323
1245 384
323 429
323 1295
429 546
546 1851
1851 1524
1524 1746
1524 1586
1746 510
1746 1916
510 1022
510 25
1022 1347
1347 1701
1701 250
1701 365
250 1276
1276 1445
1276 2057
1445 1496
1445 1119
1496 631
1496 866
631 2091
631 1561
2091 611
2091 1227
611 146
611 759
146 1289
146 1353
1289 1695
1695 818
1695 898
818 613
818 1664
613 24
613 396
24 1643
1643 1900
1643 1646
1900 589
1900 1415
589 1067
589 663
1067 1818
1818 134
134 2024
134 1189
2024 1326
2024 720
1326 1610
1610 1507
1610 580
1507 209
1507 266
209 957
209 1696
957 960
960 1621
