1 2638 28600769
832 1294
1294 1144
1144 2555
2555 333
333 2245
2245 952
2245 2397
952 1071
1071 986
986 1185
986 730
1185 634
1185 325
634 1031
1031 2172
1031 564
2172 927
2172 55
927 2307
927 1800
2307 514
2307 1343
514 32
514 2016
32 1779
1779 1672
1672 2316
1672 550
2316 876
876 656
656 2440
2440 2212
2440 899
2212 1288
2212 697
1288 732
732 1594
732 566
1594 1893
1594 1320
1893 173
1893 1751
173 1725
173 998
1725 99
99 1420
99 1923
1420 443
443 741
443 767
741 1541
741 271
1541 1864
1864 2287
1864 472
2287 1836
1836 1395
1395 2217
2217 1548
2217 1267
1548 1106
1106 964
1106 320
964 1388
1388 2412
1388 1357
2412 1157
2412 1319
1157 1896
1157 178
1896 2167
2167 1287
1287 2351
2351 2346
2346 1603
1603 761
761 807
807 182
807 2313
182 1203
182 1578
1203 299
1203 1242
299 2218
299 2620
2218 409
2218 2115
409 1008
409 731
1008 1435
1008 1575
1435 1255
1435 1848
1255 65
65 2423
65 10
2423 1668
2423 2464
1668 2302
1668 842
2302 8
2302 1252
8 2335
2335 2528
2528 1418
1418 764
1418 1919
764 1375
1375 1669
1375 690
1669 1095
1669 1437
1095 2604
1095 2243
2604 1501
1501 774
774 1732
1732 1921
1921 965
965 2453
2453 863
2453 2214
863 1604
863 1976
1604 276
1604 2516
276 1867
1867 1888
1867 2415
1888 2130
1888 826
2130 1563
1563 997
997 216
997 635
216 581
216 1338
581 1948
1948 1818
1818 206
1818 2560
206 1455
206 1940
1455 1696
1696 895
1696 2255
895 1129
1129 804
804 31
31 839
31 1189
839 1385
1385 2355
1385 1588
2355 2563
2563 2152
2152 1487
1487 196
1487 34
196 2267
2267 168
168 135
135 1994
1994 2374
2374 535
535 882
882 2585
2585 2383
2383 1335
1335 2047
2047 2474
2047 467
2474 1245
2474 1325
1245 1788
1788 1428
1788 1644
1428 2224
2224 1540
2224 1687
1540 2486
1540 1651
2486 358
358 138
358 1221
138 937
138 95
937 2350
937 1970
2350 1702
2350 244
1702 1883
1883 1525
1883 643
1525 91
1525 2051
91 1206
1206 989
1206 1300
989 324
324 2491
324 448
2491 1686
1686 1527
1686 513
1527 1783
1783 2463
1783 1998
2463 1028
1028 2418
1028 2131
2418 187
2418 2179
187 2173
187 1979
2173 2124
2124 1128
1128 179
179 812
179 870
812 1226
1226 1380
1380 373
373 1955
373 2558
1955 2283
1955 1458
2283 1975
1975 869
1975 1670
869 90
90 1500
90 1223
1500 1308
1500 1409
1308 2614
2614 928
2614 13
928 1262
928 908
1262 704
704 2619
704 359
2619 539
2619 1366
539 2314
539 691
2314 2434
2434 1277
2434 788
1277 867
867 460
460 2228
2228 1692
2228 438
1692 1571
1692 2628
1571 2537
2537 1623
1623 652
1623 2128
652 2042
652 820
2042 1539
1539 1617
1539 2110
1617 1873
1617 2616
1873 338
338 642
642 2570
2570 2054
2570 2630
2054 2404
2404 1067
1067 1537
1067 1359
1537 1254
1537 625
1254 1399
1399 1502
1399 1855
1502 2301
2301 1350
1350 1863
1350 2068
1863 2190
1863 1445
2190 665
665 2200
665 1977
2200 1981
2200 1846
1981 1431
1981 315
1431 318
1431 2489
318 185
318 349
185 366
366 2332
366 1724
2332 124
124 1508
1508 1660
1508 1096
1660 2269
2269 1972
1972 709
1972 2203
709 1053
709 1757
1053 2583
1053 1386
2583 1052
2583 1961
1052 1858
1052 613
1858 2074
2074 2242
2074 2240
2242 1529
2242 1480
1529 1510
1510 384
1510 1289
384 346
384 1557
346 2288
2288 2556
2556 1450
1450 455
1450 1802
455 1832
1832 2225
1832 626
2225 2118
2225 2496
2118 370
370 1239
370 37
1239 374
374 2320
374 43
2320 2277
2277 984
2277 1112
984 713
984 552
713 1454
713 683
1454 678
678 1705
1705 1348
1348 1638
1348 2605
1638 2268
1638 2348
2268 1027
1027 518
1027 2055
518 151
151 2323
151 2345
2323 1774
2323 1906
1774 1134
1774 1269
1134 204
204 1081
204 1957
1081 1683
1081 817
1683 2433
1683 597
2433 149
2433 2327
149 2279
2279 102
2279 2503
102 1463
102 1187
1463 573
573 672
573 816
672 1621
1621 286
1621 2557
286 1842
286 1726
1842 2106
2106 1676
2106 481
1676 2520
2520 2258
2520 559
2258 740
2258 11
740 1321
1321 1648
1648 1796
1796 2022
1796 2030
2022 352
2022 2441
352 1340
1340 1803
1340 726
1803 1025
1025 2161
2161 1360
1360 2398
2398 2121
2121 500
2121 197
500 2209
2209 1593
1593 622
622 2451
622 2098
2451 64
64 1315
64 2305
1315 751
751 2062
751 1577
2062 1094
1094 519
1094 1931
519 782
519 1859
782 1875
1875 1444
1444 2442
2442 2158
2158 1722
2158 84
1722 289
289 1755
1755 186
186 2041
2041 743
743 1767
1767 42
1767 2015
42 2532
42 511
2532 2477
2477 1001
1001 1049
1049 2219
1049 1152
2219 2347
2219 1190
2347 1618
1618 177
1618 265
177 1523
1523 745
1523 526
745 729
729 155
155 1304
155 847
1304 2309
2309 970
970 1736
970 2573
1736 261
1736 319
261 1879
261 360
1879 1743
1879 2043
1743 1805
1743 2210
1805 955
955 340
340 808
340 698
808 923
923 364
364 773
364 1910
773 1819
1819 2607
2607 350
2607 198
350 1369
350 2310
1369 2019
1369 1135
2019 2414
2019 2609
2414 1224
1224 471
471 2339
2339 1432
2339 545
1432 2480
1432 875
2480 1387
1387 2633
1387 988
2633 1737
1737 711
711 86
86 1371
86 429
1371 2274
1371 294
2274 1119
2274 1143
1119 1313
1119 449
1313 2003
1313 1884
2003 1449
1449 1801
1801 393
393 1895
393 132
1895 266
266 2164
2164 313
2164 1147
313 1825
313 1646
1825 1249
1249 1159
1159 2146
1159 2040
2146 21
2146 1924
21 728
21 1778
728 1174
728 919
1174 1840
1174 2059
1840 1163
1840 166
1163 775
1163 337
775 1127
775 263
1127 242
242 241
242 414
241 1355
1355 456
1355 547
456 1102
456 12
1102 465
465 1634
465 1009
1634 1121
1121 307
307 1850
1850 2262
2262 1556
1556 2263
1556 1429
2263 674
674 2330
2330 1733
1733 1533
1533 957
1533 1446
957 2534
2534 2360
2360 1852
2360 2579
1852 1898
1898 1116
1116 2281
1116 2083
2281 199
2281 2344
199 630
199 1829
630 897
897 269
269 685
685 2192
2192 1595
1595 935
935 2223
2223 1244
2223 1172
1244 2053
1244 1791
2053 2000
2053 2391
2000 1750
1750 1410
1410 2048
2048 830
2048 2253
830 916
916 2009
2009 2170
2009 1661
2170 1645
1645 680
680 46
680 2182
46 700
46 1070
700 110
700 1286
110 640
640 1204
640 1930
1204 2064
1204 561
2064 1960
1960 2265
2265 1569
1569 1663
1663 2612
2612 497
497 2318
497 1708
2318 1365
1365 88
88 148
148 671
671 1105
1105 1866
1105 1231
1866 1723
1866 2140
1723 1258
1723 796
1258 1066
1066 1926
1926 1406
1406 636
1406 2396
636 2375
2375 966
2375 1963
966 1079
1079 1265
1079 2207
1265 1217
1217 960
1217 77
960 1772
960 1334
1772 2336
1772 936
2336 527
527 885
885 1358
1358 585
585 147
585 1565
147 1536
147 447
1536 1943
1536 2524
1943 454
454 1222
454 827
1222 1391
1391 250
250 1865
250 706
1865 967
1865 1279
967 2337
967 1936
2337 1017
2337 1342
1017 229
1017 972
229 2341
2341 1046
2341 118
1046 1718
1046 1088
1718 724
1718 1441
724 1416
724 48
1416 1298
1416 2467
1298 1937
1298 1497
1937 2553
2553 312
2553 1442
312 303
312 2420
303 2315
2315 2264
2264 2073
2264 123
2073 1882
2073 2508
1882 1642
1882 107
1642 1183
1642 629
1183 738
1183 27
738 1885
738 1177
1885 1711
1885 295
1711 189
1711 2593
189 2539
189 1526
2539 2497
2539 156
2497 579
2497 677
579 72
579 2522
72 2357
72 1430
2357 310
310 1228
1228 293
293 284
293 2257
284 386
284 1006
386 1373
386 2487
1373 2328
2328 348
348 24
348 2020
24 979
24 1985
979 1465
1465 1171
1465 1958
1171 1471
1171 2089
1471 1823
1823 496
496 1047
496 1517
1047 222
1047 2198
222 279
222 2187
279 1489
1489 1625
1489 1562
1625 2024
1625 1899
2024 2538
2024 1246
2538 2143
2143 1891
2143 257
1891 849
849 426
426 1941
426 1488
1941 336
1941 1016
336 1826
336 829
1826 243
1826 2085
243 1965
1965 977
977 843
977 1520
843 217
217 822
822 2384
2384 2399
2399 1363
1363 1784
1363 1034
1784 2544
2544 2058
2058 193
193 2201
2201 856
856 2049
856 29
2049 749
2049 356
749 510
510 2057
2057 2147
2057 139
2147 944
944 2166
2166 848
848 1602
848 255
1602 1024
1024 368
368 2180
368 1186
2180 1946
2180 2060
1946 1114
1946 1307
1114 555
555 2595
2595 1831
1831 1196
1831 433
1196 720
1196 2340
720 2176
720 1560
2176 2372
2372 264
2372 1040
264 2261
264 1876
2261 1032
2261 1272
1032 2561
1032 2366
2561 468
2561 1872
468 836
468 1616
836 1587
836 2449
1587 1158
1158 506
506 866
866 902
902 604
902 1798
604 297
297 632
632 120
632 411
120 2580
2580 441
2580 612
441 417
417 283
417 1608
283 2364
2364 1897
2364 395
1897 1564
1897 2233
1564 2542
2542 512
2542 2523
512 776
512 2038
776 959
776 2010
959 1041
1041 1775
1775 2094
1775 1398
2094 2546
2546 840
2546 221
840 1635
1635 551
1635 256
551 1213
1213 2499
1213 1036
2499 249
249 593
593 644
593 1353
644 1592
1592 1423
1592 2353
1423 2571
1423 1789
2571 2409
2409 498
2409 233
498 1764
498 889
1764 2011
1764 1740
2011 543
543 2625
543 1309
2625 1113
2625 113
1113 915
915 995
995 237
237 1999
237 1485
1999 1218
1999 1225
1218 2157
1218 412
2157 2369
2369 1512
1512 2381
1512 280
2381 598
598 2362
598 961
2362 1913
1913 591
591 2472
591 116
2472 1464
1464 239
239 394
239 1817
394 1909
1909 1479
1479 2443
2443 1568
2443 1035
1568 1362
1568 1601
1362 2575
2575 2591
2591 2594
2594 74
74 1257
74 715
1257 1347
1257 813
1347 628
1347 2368
628 1290
1290 1075
1290 794
1075 2272
2272 480
480 1235
480 991
1235 343
343 2311
343 1247
2311 35
35 934
35 2084
934 430
430 30
430 126
30 2500
2500 381
2500 133
381 1790
1790 227
227 942
227 2564
942 422
942 772
422 1209
422 1069
1209 533
1209 1486
533 2470
2470 2581
2581 888
888 109
888 1237
109 1310
109 2037
1310 329
1310 1843
329 1037
329 828
1037 1944
1944 1515
1515 1240
1240 532
532 397
532 1475
397 181
181 141
181 2388
141 530
530 377
530 2427
377 2215
2215 2408
2215 134
2408 41
2408 344
41 1544
1544 852
852 507
507 1030
507 302
1030 2512
1030 1201
2512 1367
1367 2602
1367 396
2602 2120
2602 755
2120 1414
1414 127
1414 653
127 1448
127 1828
1448 2482
2482 1699
2482 1950
1699 461
461 2103
2103 1020
2103 2400
1020 205
205 1656
205 854
1656 1346
1346 2481
1346 1839
2481 215
2481 2635
215 1813
215 2390
1813 945
1813 2559
945 1072
1072 851
851 400
400 2460
400 1786
2460 2417
2460 1986
2417 592
592 2206
592 2169
2206 2081
2081 1966
2081 805
1966 1468
1468 2545
1468 1270
2545 548
2545 103
548 1263
1263 1980
1980 739
1980 857
739 1978
1978 1691
1691 415
415 994
994 2029
994 901
2029 757
757 335
757 69
335 2285
2285 2322
2322 2299
2299 459
459 1810
1810 655
655 1351
655 701
1351 2515
2515 1742
1742 2541
2541 2116
2541 608
2116 296
296 2208
296 529
2208 2617
2617 188
2617 2252
188 1511
1511 2483
1511 1436
2483 833
2483 2254
833 287
833 627
287 434
287 546
434 406
434 1301
406 800
800 2296
800 2626
2296 1424
1424 765
1424 2506
765 309
765 2078
309 2511
309 2485
2511 2608
2511 128
2608 624
2608 517
624 1184
1184 1078
1184 308
1078 2445
2445 154
2445 2069
154 2444
154 1278
2444 383
2444 809
383 1145
383 1408
1145 1271
1145 2298
1271 1306
1271 2162
1306 1928
1928 2565
1928 1781
2565 405
2565 1513
405 1179
405 1666
1179 25
1179 983
25 638
638 834
834 1404
834 1055
1404 1251
1251 1193
1193 1596
1596 838
1596 2438
838 47
47 2598
2598 1838
2598 1378
1838 2090
2090 823
2090 183
823 282
823 2134
282 1026
1026 2387
1026 1770
2387 2554
2387 3
2554 868
868 2132
2132 2156
2132 1902
2156 859
2156 696
859 1531
859 1806
1531 1553
1553 650
1553 2548
650 2289
2289 326
326 1684
1684 1033
1684 2410
1033 1029
1033 1610
1029 1110
1029 692
1110 2080
1110 1103
2080 2018
2018 1543
1543 864
1543 301
864 2076
2076 1205
1205 710
1205 1887
710 845
710 1717
845 798
845 153
798 425
798 734
425 2046
2046 1716
2046 810
1716 1292
1716 528
1292 2052
1292 584
2052 85
2052 1753
85 1219
85 1567
1219 97
97 1547
1547 362
1547 844
362 341
362 1528
341 1494
341 491
1494 1582
1582 2117
2117 2527
2117 1268
2527 2551
2551 2061
2551 2549
2061 1719
2061 1698
1719 122
1719 1744
122 1085
122 601
1085 862
1085 2395
862 2422
2422 1901
2422 1929
1901 1659
1901 1804
1659 416
1659 435
416 1093
416 1045
1093 575
1093 637
575 119
575 2574
119 1284
119 580
1284 2183
2183 2091
2183 694
2091 1862
2091 1917
1862 1591
1591 1558
1591 71
1558 2021
2021 2519
2021 2421
2519 1439
2519 463
1439 2490
1439 1793
2490 1460
1460 117
1460 376
117 1869
117 1214
1869 1274
1274 2329
1274 2220
2329 2371
2329 2446
2371 1148
1148 795
1148 2004
795 40
40 1892
1892 1261
1892 762
1261 240
1261 1098
240 954
240 2195
954 1959
954 1643
1959 1988
1959 2151
1988 260
1988 658
260 1507
1507 2126
1507 2102
2126 1695
1695 1871
1695 1925
1871 1542
1871 1992
1542 978
978 170
978 163
170 2431
2431 1002
1002 924
924 649
924 1982
649 932
932 943
943 2244
943 874
2244 1374
2244 2107
1374 1964
1374 2517
1964 1198
1198 2367
2367 2429
2367 719
2429 2230
2429 2275
2230 1192
2230 125
1192 1894
1894 1065
1894 2627
1065 218
218 1622
218 492
1622 1671
1622 1680
1671 2465
2465 330
330 610
330 382
610 2284
2284 777
777 2469
777 1954
2469 1728
1728 247
1728 2494
247 2127
2127 2154
2154 445
445 452
445 208
452 850
452 1673
850 2618
850 1215
2618 1881
2618 791
1881 853
853 1051
1051 540
540 975
975 1765
1765 1327
1327 112
112 1126
1126 1474
1126 351
1474 2181
2181 2566
2566 878
878 94
94 1407
94 2290
1407 59
1407 819
59 1889
59 557
1889 1504
1504 2294
2294 645
2294 1585
645 1087
645 1631
1087 1389
1389 681
1389 1155
681 2260
681 1706
2260 759
2260 1260
759 515
515 783
515 2100
783 1820
1820 2237
1820 70
2237 1333
2237 1657
1333 1491
1491 58
58 2638
58 81
2638 2377
2638 1787
2377 1754
2377 1605
1754 534
534 1752
534 1336
1752 661
1752 54
661 1107
1107 1854
1107 668
1854 1833
1833 2271
1833 101
2271 268
2271 2392
268 595
268 785
595 1697
1697 619
1697 2276
619 1652
1652 1827
1652 1447
1827 523
1827 1503
523 973
523 673
973 392
973 953
392 787
392 2165
787 22
787 590
22 946
22 1208
946 226
946 2582
226 1318
1318 1771
1771 746
746 404
404 1815
1815 2363
2363 786
2363 462
786 1730
1730 1182
1182 503
1182 1756
503 2334
503 1989
2334 2379
2379 1477
2379 861
1477 2278
2278 2587
2278 1857
2587 1476
1476 1101
1476 87
1101 106
1101 1153
106 342
342 2300
342 971
2300 277
277 2615
2615 1570
2615 2507
1570 328
328 1305
1305 1381
1381 1841
1381 2204
1841 129
129 2376
129 2439
2376 2139
2376 1934
2139 1874
1874 262
262 922
262 478
922 1194
1194 1967
1967 1461
1967 408
1461 1735
1461 1086
1735 1434
1434 2273
2273 1167
1167 606
1167 275
606 1370
606 904
1370 1233
1233 2266
1233 1352
2266 159
159 427
159 236
427 1665
427 599
1665 1647
1647 457
457 1949
1949 2562
2562 1675
2562 582
1675 2153
1675 2589
2153 1115
1115 1317
1317 2088
2088 1768
2088 693
1768 621
621 1968
1968 818
818 1903
1903 176
1903 1870
176 2416
2416 2099
2416 49
2099 654
654 140
140 130
140 1339
130 2159
2159 860
2159 1364
860 164
164 1607
1607 1379
1607 892
1379 345
1379 1473
345 2361
2361 2026
2026 707
707 347
347 375
375 909
375 2093
909 1076
1076 2478
1076 121
2478 2578
2578 136
136 2637
136 1403
2637 270
2637 1210
270 2211
2211 1721
1721 363
363 1433
363 2622
1433 2236
1433 990
2236 26
26 2306
26 2008
2306 2428
2428 2457
2457 2403
2457 1117
2403 1947
2403 19
1947 703
1947 380
703 956
703 207
956 639
639 2634
639 999
2634 516
2634 1
516 2133
516 2238
2133 2249
2249 2145
2249 1329
2145 1161
1161 1089
1089 252
252 61
61 1015
61 2205
1015 1749
1015 667
1749 811
811 1150
811 2475
1150 686
686 1091
1091 1004
1004 1797
1797 1220
1797 494
1220 2552
2552 2229
2229 930
930 835
930 1490
835 1266
835 2373
1266 2452
1266 2448
2452 1229
2452 1014
1229 855
855 1283
1283 1969
1969 209
1969 2325
209 1175
1175 1178
1178 2586
2586 75
75 2540
75 2331
2540 1814
2540 1296
1814 2150
2150 881
2150 558
881 2071
881 2435
2071 1993
1993 1900
1993 219
1900 2550
2550 1606
2550 2504
1606 2235
2235 2160
2160 1466
1466 1303
1466 1383
1303 334
334 2447
334 1844
2447 1285
2447 2321
1285 1739
1739 2514
2514 2501
2501 896
2501 2365
896 450
450 2466
450 789
2466 666
2466 801
666 436
436 1561
1561 274
1561 1392
274 1624
274 398
1624 28
1624 1005
28 2393
28 1927
2393 191
191 1971
1971 1038
1038 232
232 1938
232 659
1938 2592
2592 1122
2592 663
1122 1747
1747 2394
1747 194
2394 1160
2394 2292
1160 331
1160 5
331 399
331 1662
399 1137
399 2066
1137 220
1137 900
220 1082
1082 893
1082 1042
893 1551
893 2256
1551 607
1551 1099
607 2631
607 423
2631 2186
2186 1207
1207 451
451 2407
451 1745
2407 2405
2405 1655
2405 357
1655 1729
1729 1142
1729 1241
1142 2358
2358 1314
1314 586
1314 1615
586 504
504 1459
504 920
1459 1792
1459 1709
1792 802
802 418
802 2291
418 1688
418 981
1688 2025
1688 224
2025 2459
2025 1197
2459 92
2459 1991
92 571
571 1417
571 2050
1417 1104
1104 2543
1104 815
2543 1773
2543 754
1773 1018
1018 1253
1018 2
1253 2525
1253 150
2525 950
950 1956
1956 171
171 157
171 1845
157 1734
1734 1653
1653 367
1653 1493
367 1990
1990 1256
1990 2082
1256 1440
1440 939
1440 300
939 2597
939 609
2597 464
2597 145
464 1390
1390 332
1390 1316
332 1092
332 203
1092 223
1092 688
223 7
223 1550
7 525
525 1451
1451 114
1451 2148
114 172
172 501
501 1181
1181 490
490 431
431 444
444 574
444 1505
574 2338
574 2027
2338 33
2338 948
33 1199
33 1499
1199 883
883 2588
2588 1738
2588 1234
1738 20
20 152
20 753
152 651
152 603
651 605
651 568
605 1007
1007 2603
2603 1794
2603 499
1794 921
921 2086
921 727
2086 322
322 906
322 2577
906 1714
1714 641
641 872
872 291
291 2584
2584 1443
2584 2144
1443 524
1443 793
524 938
938 2005
2005 541
2005 1023
541 1022
541 45
1022 1766
1022 951
1766 2119
2119 911
911 657
657 1405
1405 1248
1248 2097
1248 1332
2097 1050
1050 747
747 1847
1847 1710
1710 563
1710 1422
563 1748
1748 60
60 2611
60 2526
2611 502
2611 2231
502 1354
502 1633
1354 1452
1452 2624
1452 1227
2624 419
2624 792
419 1776
419 570
1776 1482
1482 602
1482 104
602 1640
602 1100
1640 93
93 2137
93 1682
2137 1627
1627 2227
2227 2031
2031 569
2031 1861
569 96
96 1402
96 589
1402 2359
1402 487
2359 824
2359 531
824 987
987 1632
987 1376
1632 2194
2194 1456
1456 1703
1456 1125
1703 992
1703 1083
992 821
992 23
821 560
821 225
560 1566
560 1611
1566 1044
1566 2135
1044 733
1044 2105
733 1291
1291 2326
2326 288
2326 304
288 2621
288 763
2621 493
2621 439
493 1132
493 1151
1132 365
365 2125
2125 2189
2189 466
2189 410
466 2406
466 1141
2406 111
111 1068
1068 903
903 1394
1394 2590
2590 1111
1111 2070
2070 1232
2070 2613
1232 1530
1530 1425
1530 947
1425 57
57 750
57 1953
750 781
750 1573
781 1637
781 1039
1637 914
1637 1275
914 1166
1166 2193
2193 2202
2202 1419
2202 68
1419 1762
1419 1837
1762 2095
1762 544
2095 482
482 1524
1524 1727
1727 1349
1727 985
1349 235
235 2432
235 631
2432 190
190 2319
2319 1650
1650 1413
1650 1498
1413 2567
2567 2461
2567 144
2461 2163
2163 2221
2163 63
2221 1811
1811 1704
1811 2039
1704 442
1704 2426
442 1180
1180 1149
1180 192
1149 790
1149 1576
790 669
669 736
736 2226
2226 2354
2354 982
982 195
982 305
195 831
831 339
831 1589
339 1782
1782 2356
1782 2568
2356 2104
2104 1282
1282 784
784 453
784 379
453 402
453 175
402 837
402 1133
837 2505
837 1746
2505 1681
1681 446
1681 705
446 1188
446 165
1188 66
1188 474
66 799
66 1073
799 160
160 556
556 1496
556 18
1496 766
1496 2468
766 926
926 949
949 1920
949 1470
1920 267
1920 974
267 1984
1984 1808
1808 228
228 52
52 1807
1807 880
880 664
880 1760
664 648
648 1890
648 298
1890 806
806 2248
2248 2436
2436 2473
2436 1572
2473 1851
1851 2599
2599 2129
2129 2324
2324 1583
1583 1238
1238 1974
1238 2006
1974 2035
2035 925
2035 2213
925 1048
925 79
1048 2216
1048 699
2216 615
615 2241
615 1614
2241 2185
2185 2087
2185 2502
2087 489
2087 2014
489 1191
1191 1911
1191 2295
1911 1835
1835 712
1835 2456
712 440
440 2601
2601 1912
1912 2222
2222 1400
2222 2065
1400 387
387 1368
387 912
1368 1780
1780 89
89 1131
89 1759
1131 577
577 211
577 2529
211 1173
211 1164
1173 614
614 488
614 1280
488 2196
2196 886
886 1139
1139 687
687 2430
687 2092
2430 676
676 2028
676 401
2028 458
458 2479
458 76
2479 2282
2282 78
2282 2007
78 1372
78 1600
1372 1509
1372 1176
1509 891
891 2495
891 1259
2495 1097
2495 2113
1097 1212
1212 1555
1212 1641
1555 108
108 1878
1878 2136
1878 1377
2136 1636
1636 1868
1868 684
684 1411
1411 1674
1674 770
770 2385
2385 2234
2234 1824
1824 1243
1243 2513
1243 996
2513 36
36 522
522 538
522 1012
538 962
962 1010
1010 1058
1010 1062
1058 2576
2576 1586
2576 2246
1586 1397
1586 2493
1397 1549
1397 2142
1549 231
231 2498
2498 1612
2498 2380
1612 2492
1612 2462
2492 542
542 169
542 1136
169 1785
169 2510
1785 2109
1785 620
2109 2317
2317 702
2317 1090
702 2168
2168 2013
2168 2488
2013 238
238 1809
1809 583
583 1457
583 1519
1457 905
1457 2122
905 1554
905 1761
1554 670
1554 1492
670 1302
1302 1690
1302 80
1690 2141
2141 14
2141 372
14 1597
1597 1462
1462 1679
1679 1521
1679 633
1521 1795
1795 2034
2034 1658
2034 594
1658 695
1658 1942
695 1061
1061 44
44 2303
2303 1538
1538 1328
1328 321
1328 1118
321 2424
2424 1689
2424 2251
1689 2149
2149 1382
1382 473
1382 272
473 565
565 1904
1904 2308
2308 323
2308 718
323 327
327 890
327 1677
890 737
890 2531
737 910
910 2536
910 306
2536 470
470 1945
470 1170
1945 1230
1230 2419
2419 1700
2419 1109
1700 2333
1700 797
2333 2191
2333 2342
2191 420
420 1886
420 717
1886 976
1886 993
976 1559
976 2174
1559 2476
2476 509
509 9
509 1951
9 1712
1712 2623
1712 421
2623 290
2623 1853
290 385
385 2044
2044 1322
2044 803
1322 1481
1322 1629
1481 2382
1481 778
2382 137
137 6
6 16
16 1626
1626 1064
1064 248
1064 200
248 980
980 562
980 2032
562 814
562 2178
814 600
814 1043
600 2114
600 245
2114 1080
1080 758
758 486
758 2259
486 1535
1535 477
1535 646
477 2297
477 689
2297 1552
2297 230
1552 475
1552 167
475 2533
2533 1973
2533 1264
1973 907
1973 898
907 273
907 682
273 1914
1914 1822
1822 1769
1822 251
1769 1154
1769 2002
1154 1295
1154 1059
1295 1939
1939 2632
1939 1997
2632 234
234 1707
234 846
1707 2184
2184 752
752 941
941 361
941 2001
361 2177
2177 1678
2177 2349
1678 1932
1678 1250
1932 1995
1995 1628
1995 2199
1628 2188
2188 2530
2530 1396
2530 1057
1396 1720
1396 388
1720 2072
2072 760
760 2079
2079 1323
1323 780
780 1580
780 1330
1580 2101
1580 1599
2101 1812
1812 2572
2572 1202
2572 2629
1202 1478
1478 969
969 1084
969 2304
1084 1356
1084 428
1356 56
1356 1438
56 1685
56 2077
1685 1000
1685 1581
1000 879
879 873
873 314
314 1609
1609 2535
1609 476
2535 484
484 353
353 725
725 1664
1664 212
212 735
735 1331
735 1276
1331 201
1331 769
201 1777
201 1574
1777 1613
1613 1019
1019 722
1019 2247
722 508
722 1799
508 2286
508 679
2286 931
931 1168
931 253
1168 1453
1168 1667
1453 1011
1011 554
1011 214
554 587
587 536
587 73
536 413
536 576
413 1590
1590 1345
1590 2610
1345 1341
1345 1619
1341 1165
1341 1731
1165 1326
1165 1545
1326 2450
2450 567
2450 968
567 2017
567 1952
2017 884
884 2569
2569 1162
1162 391
391 1156
391 1741
1156 1412
1412 1916
1916 505
505 887
505 721
887 662
887 1483
662 1472
1472 933
1472 553
933 1908
1908 1311
1311 520
520 1146
1146 2239
1146 2280
2239 184
184 2155
2155 2056
2155 1063
2056 98
2056 1905
98 929
929 161
929 371
161 485
485 2108
2108 1236
2108 2075
1236 1935
1236 744
1935 317
1935 1639
317 2232
2232 407
407 1297
407 1074
1297 1860
1297 2036
1860 162
1860 142
162 865
865 617
865 2023
617 1337
617 742
1337 254
1337 143
254 1216
254 1120
1216 1401
1401 708
708 1962
1962 213
1962 1273
213 2547
2547 2063
2063 714
2063 1584
714 316
714 1484
316 2521
2521 210
210 1123
1123 2484
2484 479
2484 1108
479 1056
479 1834
1056 1907
1056 259
1907 246
1907 2389
246 2636
246 871
2636 1701
1701 1324
1324 521
521 67
67 1200
1200 2600
2600 894
2600 281
894 390
390 2352
2352 1579
2352 131
1579 647
1579 2112
647 1849
1849 2458
2458 292
2458 174
292 158
292 578
158 1138
1138 4
1138 62
4 1060
1060 469
1060 716
469 1933
469 675
1933 15
1933 2454
15 1393
1393 1630
1393 2413
1630 202
1630 723
202 771
771 2370
771 2033
2370 354
2370 825
354 877
877 278
278 2596
278 1469
2596 549
549 1915
549 1922
1915 285
1915 105
285 572
572 2402
2402 768
768 1427
1427 403
403 1003
403 495
1003 1506
1506 2401
1506 963
2401 958
2401 2175
958 1495
958 2250
1495 748
1495 1821
748 940
940 1514
940 2518
1514 779
1514 2012
779 2067
779 39
2067 660
2067 1281
660 623
623 424
623 1654
424 53
53 1312
1312 389
389 83
389 1758
83 1195
1195 611
1195 1880
611 2471
2471 432
2471 1694
432 1620
432 483
1620 437
437 82
82 618
82 2411
618 1518
1518 841
841 537
537 2343
537 1293
2343 2270
2270 1169
1169 1384
1169 2197
1384 1522
1522 355
1522 1693
355 2171
2171 1426
2171 2045
1426 1816
1426 2096
1816 17
17 1077
1077 369
369 2293
2293 1013
2293 1715
1013 1415
1013 616
1415 1211
1211 258
258 1124
258 2111
1124 1546
1546 1054
1054 1877
1054 1649
1877 2425
1877 1598
2425 1467
1467 2312
1467 1344
2312 1532
1532 50
50 311
50 596
311 1987
311 756
1987 1421
1421 913
1421 1763
913 2455
913 858
2455 2138
2138 917
917 2123
917 1140
2123 51
2123 2437
51 2386
51 115
2386 2606
2386 1299
2606 1534
2606 1021
1534 1130
1534 2378
1130 1830
1830 1996
1996 588
1996 1918
588 100
100 1361
1361 180
1361 918
180 378
180 38
378 146
378 1713
146 1856
146 1516
1856 1983
1856 2509
