1 1773 2762559
489 181
489 125
181 1570
181 1255
1570 1346
1570 519
1346 794
1346 478
794 1170
794 1698
1170 1140
1140 1716
1140 270
1716 635
635 452
452 302
452 821
302 1312
302 886
1312 486
486 1059
486 869
1059 1365
1365 997
997 281
997 1587
281 1302
1302 1220
1220 110
1220 1326
110 840
110 1196
840 777
840 1115
777 1665
777 1634
1665 1508
1508 692
1508 2
692 906
906 740
740 1616
1616 1342
1616 1227
1342 1740
1342 346
1740 309
1740 1733
309 1398
309 213
1398 337
1398 833
337 956
337 409
956 958
956 358
958 15
958 466
15 10
15 1092
10 468
468 625
625 375
375 852
375 645
852 1374
1374 915
1374 1293
915 1567
1567 1102
1102 1270
1270 536
1270 1749
536 1495
536 82
1495 1162
1495 1322
1162 916
916 236
916 554
236 1727
1727 1430
1727 990
1430 976
976 412
976 949
412 1457
1457 700
1457 902
700 543
543 549
549 1383
1383 1373
1373 422
1373 905
422 265
265 507
507 538
538 1645
1645 1756
1645 216
1756 115
115 1325
115 1372
1325 1391
1325 698
1391 448
1391 256
448 564
448 1631
564 430
564 878
430 1219
430 1596
1219 107
107 72
107 1487
72 1583
1583 1484
1484 1351
1351 1163
1351 1085
1163 447
447 1105
447 1412
1105 1418
1105 1013
1418 620
1418 1100
620 221
221 596
221 405
596 498
498 901
498 1681
901 1338
1338 1052
1338 737
1052 386
386 148
386 1320
148 718
148 1298
718 1289
718 1281
1289 446
1289 984
446 1662
1662 46
1662 632
46 541
541 1770
1770 1006
1006 1268
1006 1415
1268 33
1268 798
33 762
33 772
762 492
762 1454
492 1624
1624 1699
1699 1764
1764 547
547 393
393 1671
1671 324
1671 1226
324 839
839 691
839 1615
691 1500
691 585
1500 1437
1500 1438
1437 723
723 20
723 1736
20 975
975 1049
1049 1195
1195 1034
1034 1470
1034 96
1470 974
1470 627
974 771
771 443
443 1070
1070 1164
1070 297
1164 317
1164 1329
317 726
726 1088
1088 797
797 1275
1275 1032
1032 1480
1480 1377
1480 496
1377 1599
1377 1222
1599 662
1599 382
662 1065
1065 1336
1065 766
1336 1441
1336 1211
1441 1003
1441 348
1003 593
1003 495
593 693
593 703
693 1401
1401 426
426 1579
1579 624
624 467
624 1734
467 1663
467 1501
1663 880
1663 1522
880 1242
1242 1448
1242 63
1448 42
42 957
42 1328
957 455
957 378
455 751
455 1257
751 1260
751 1478
1260 680
1260 1230
680 1316
1316 1111
1316 1493
1111 377
377 356
377 736
356 802
356 1565
802 1609
802 517
1609 1525
1525 1143
1525 5
1143 682
1143 1462
682 1444
682 1375
1444 1277
1277 407
1277 347
407 87
87 653
653 268
268 3
268 313
3 1015
1015 1602
1602 1467
1602 1040
1467 67
67 657
657 1118
657 569
1118 275
1118 567
275 595
595 1535
1535 154
1535 1129
154 846
846 444
444 1612
1612 429
429 1732
429 1604
1732 1511
1511 341
1511 987
341 1038
341 1472
1038 890
890 779
779 1528
1528 1380
1380 1055
1380 334
1055 1009
1009 374
1009 1722
374 972
374 1353
972 145
145 12
145 1385
12 677
12 1647
677 791
677 1379
791 1300
791 1182
1300 1166
1300 861
1166 241
241 1753
241 565
1753 730
730 815
730 494
815 1082
1082 1700
1082 262
1700 178
1700 750
178 1526
178 84
1526 810
810 60
810 56
60 613
613 1684
1684 1194
1684 328
1194 887
887 76
887 1747
76 464
464 278
464 998
278 212
212 1697
212 1555
1697 1151
1697 170
1151 23
23 932
23 1429
932 119
119 701
701 383
383 234
383 1041
234 824
824 222
824 1455
222 27
222 1550
27 1488
1488 1333
1488 1746
1333 147
147 516
147 163
516 1051
1051 250
250 294
250 140
294 763
294 1762
763 1582
1582 811
1582 1381
811 848
811 1530
848 120
848 359
120 261
261 1139
1139 1510
1139 51
1510 611
611 109
109 769
769 961
769 228
961 308
961 817
308 743
308 365
743 349
743 1187
349 780
349 1023
780 1261
780 1440
1261 103
103 1198
103 1516
1198 1466
1466 694
694 49
694 1474
49 683
49 1668
683 414
414 1093
1093 1099
1093 364
1099 884
884 781
781 844
781 157
844 1610
844 555
1610 1558
1610 1483
1558 335
1558 1030
335 1203
335 185
1203 1301
1301 1768
1301 1564
1768 434
1768 105
434 342
342 1332
342 1276
1332 1172
1172 1504
1172 1706
1504 1432
1432 610
1432 1177
610 866
610 1184
866 1613
866 1018
1613 1704
1613 1146
1704 191
1704 1022
191 252
252 532
252 274
532 995
532 395
995 1568
1568 714
714 1688
714 205
1688 697
697 48
697 748
48 1046
48 1121
1046 1646
1046 171
1646 665
665 729
729 1581
1581 704
1581 599
704 1685
704 807
1685 1114
1685 616
1114 1559
1114 1256
1559 765
1559 1658
765 1335
765 1649
1335 244
244 1259
244 847
1259 1593
1259 966
1593 553
553 586
586 1561
586 1469
1561 485
1561 1101
485 813
813 643
813 207
643 1416
643 135
1416 1708
1708 1702
1702 805
805 1330
1330 343
343 1299
343 218
1299 1354
1354 184
1354 754
184 574
574 1630
574 1050
1630 1449
1449 491
1449 506
491 1696
491 855
1696 1313
1313 722
722 1661
1661 457
457 1345
1345 1138
1138 659
659 661
659 1479
661 1654
1654 728
1654 582
728 1120
728 1028
1120 1450
1450 1370
1450 539
1370 1178
1178 612
612 199
199 186
199 980
186 1297
186 877
1297 1017
1297 973
1017 1031
1017 318
1031 1130
1130 316
316 1206
1206 835
835 838
835 874
838 209
209 1675
209 951
1675 1453
1675 37
1453 406
1453 1103
406 113
406 146
113 1573
113 864
1573 1229
1229 410
1229 674
410 573
573 699
699 1475
699 54
1475 642
1475 307
642 477
642 1074
477 132
477 1212
132 919
919 774
919 1280
774 1420
1420 1514
1514 490
490 397
397 44
397 1209
44 1745
44 673
1745 851
851 59
851 304
59 1628
59 366
1628 1584
1628 731
1584 1667
1667 831
831 853
831 608
853 1720
853 500
1720 658
658 369
658 1653
369 1228
1228 1061
1061 388
1061 152
388 1036
1036 314
1036 604
314 128
128 351
128 1569
351 1750
1750 1078
1078 225
1078 1366
225 98
98 631
631 392
392 922
392 1689
922 1556
1556 330
330 1627
330 230
1627 528
1627 190
528 1666
1666 1719
1719 1728
1719 1174
1728 1657
1657 1701
1657 991
1701 394
1701 232
394 1106
394 143
1106 18
1106 542
18 362
362 667
667 873
873 427
873 441
427 1623
427 1549
1623 589
589 1543
589 501
1543 436
1543 204
436 367
436 19
367 1200
1200 1011
1200 1562
1011 1221
1011 630
1221 588
1221 1104
588 1192
1192 280
1192 921
280 1619
280 941
1619 895
1619 286
895 162
895 423
162 695
695 1382
695 106
1382 1755
1382 259
1755 487
1755 776
487 934
487 1241
934 419
934 1468
419 1518
419 53
1518 510
1518 1249
510 344
344 652
652 1735
1735 559
559 871
559 1008
871 1397
1397 600
600 993
993 570
570 971
570 1742
971 614
971 1642
614 1128
1128 1123
1128 360
1123 706
1123 1026
706 1436
706 1669
1436 1063
1063 637
1063 237
637 552
637 639
552 458
552 1073
458 215
215 345
345 323
323 1600
1600 433
1600 1585
433 1506
1506 1080
1506 879
1080 166
1080 557
166 715
166 561
715 793
793 1231
793 1718
1231 1509
1231 151
1509 1417
1417 725
725 243
725 1033
243 962
962 303
303 68
68 660
660 238
238 24
238 321
24 578
24 1686
578 856
578 1680
856 57
57 266
57 472
266 907
266 118
907 196
196 108
196 503
108 1577
1577 1403
1577 669
1403 770
770 93
93 1110
93 112
1110 1682
1682 300
1682 738
300 716
716 1159
1159 1210
1210 1606
1210 418
1606 734
734 1679
1679 664
1679 173
664 783
783 1542
1542 1405
1405 420
420 208
420 863
208 29
208 707
29 1010
1010 641
1010 326
641 959
641 1765
959 1109
959 1356
1109 710
710 1185
1185 544
1185 399
544 675
675 1004
1004 1145
1145 1054
1145 69
1054 14
1054 1447
14 223
223 511
223 85
511 475
475 484
475 520
484 1250
1250 1648
1648 401
401 61
401 456
61 1020
61 1045
1020 94
94 1650
1650 1264
1650 820
1264 720
720 168
168 1752
168 845
1752 1739
1752 1741
1739 182
182 1347
1347 1254
1254 1464
1464 636
1464 214
636 1091
636 131
1091 142
142 1485
1485 1492
1485 1062
1492 1087
1087 823
1087 1737
823 1202
823 568
1202 1724
1724 1439
1724 1419
1439 881
881 1712
1712 1127
1712 249
1127 1713
1127 910
1713 327
1713 1521
327 1498
1498 1076
1076 1676
1676 390
1676 509
390 471
471 1396
1396 229
1396 898
229 479
229 1246
479 187
187 875
875 1240
875 175
1240 1189
1189 1144
1144 164
1144 445
164 242
242 1216
1216 1515
1515 440
440 80
440 1754
80 849
80 81
849 1217
1217 825
825 411
411 1410
411 1617
1410 818
818 1473
818 1621
1473 272
1473 834
272 1591
272 1499
1591 1287
1591 733
1287 1659
1659 1651
1651 141
1651 1527
141 1407
1407 315
1407 628
315 413
413 1545
1545 857
1545 206
857 1427
857 859
1427 1618
1427 952
1618 123
1618 1181
123 425
123 9
425 942
942 954
954 1337
954 1446
1337 1395
1395 371
1395 1278
371 785
785 1213
1213 1089
1089 248
1089 1363
248 1126
1126 368
368 1538
1538 1324
1538 79
1324 1152
1324 860
1152 562
1152 583
562 264
562 1424
264 981
981 1477
1477 587
587 28
28 233
28 38
233 755
755 1368
755 104
1368 651
651 753
753 899
899 1414
1414 518
1414 1042
518 514
518 525
514 174
514 1311
174 927
927 1245
927 1029
1245 1305
1305 189
189 950
950 1214
950 969
1214 201
1214 1605
201 1388
1388 1637
1388 1426
1637 101
1637 1079
101 1279
1279 45
45 854
854 1108
854 1563
1108 1529
1108 77
1529 796
1529 1638
796 829
829 488
829 381
488 1348
1348 1513
1513 1012
1513 668
1012 260
260 816
260 602
816 1723
816 948
1723 1133
1723 306
1133 1081
1081 576
576 1601
576 686
1601 1190
1601 442
1190 1176
1176 293
293 1296
1296 36
1296 134
36 1223
36 999
1223 97
97 1014
1014 872
1014 1656
872 580
580 832
580 634
832 1766
832 1204
1766 1664
1766 160
1664 22
1664 1683
22 633
633 622
633 336
622 590
622 1721
590 203
203 1136
203 672
1136 654
1136 965
654 1726
654 923
1726 55
55 1603
55 996
1603 679
1603 124
679 1355
679 83
1355 136
1355 1411
136 883
883 928
883 1207
928 592
928 1043
592 177
177 389
389 4
4 439
439 172
172 579
172 713
579 876
876 58
58 1150
1150 761
1150 1367
761 1161
1161 742
742 387
387 1025
1025 188
1025 1124
188 6
188 1534
6 402
6 461
402 89
89 1390
89 1400
1390 1520
1520 1387
1520 385
1387 1533
1387 739
1533 1044
1533 1058
1044 1536
1044 917
1536 290
1536 73
290 1201
290 1655
1201 357
357 1306
1306 1072
1072 526
1072 1232
526 30
30 994
30 1524
994 296
994 156
296 545
545 1295
1295 1344
1295 1761
1344 1489
1489 515
1489 801
515 1321
515 548
1321 535
535 217
535 1531
217 1576
1576 295
1576 882
295 310
295 960
310 1343
310 117
1343 1307
1307 329
329 1760
1760 502
502 1376
502 31
1376 176
1376 800
176 1369
176 1408
1369 1179
1179 690
690 1349
690 1308
1349 192
1349 1243
192 808
808 1340
1340 1710
1710 305
1710 1592
305 453
305 289
453 1714
453 1553
1714 1486
1486 64
64 603
603 1544
1544 702
702 1169
702 1119
1169 1465
1465 1625
1625 1272
1272 1341
1272 1258
1341 1586
1586 1057
1057 32
1057 235
32 1362
1362 292
292 1069
292 533
1069 1097
1069 1595
1097 1703
1703 903
1703 450
903 1208
1208 656
1208 1112
656 7
7 127
7 1239
127 571
127 432
571 623
623 521
623 617
521 1218
521 1077
1218 1304
1304 1456
1456 437
437 298
437 795
298 1237
1237 1614
1237 540
1614 1288
1614 1496
1288 563
1288 138
563 1717
563 1024
1717 331
331 1361
1361 721
1361 483
721 775
775 799
775 497
799 1053
1053 977
1053 1238
977 88
88 786
786 211
786 322
211 1180
211 1384
1180 1156
1180 288
1156 1641
1641 1433
1641 1068
1433 727
727 66
66 597
66 708
597 126
126 1738
126 319
1738 1056
1056 102
102 638
102 1730
638 756
638 1155
756 591
591 95
591 862
95 1339
1339 1165
1339 1393
1165 180
180 1113
180 350
1113 70
1113 918
70 1016
1016 1608
1016 1327
1608 914
1608 1285
914 646
914 605
646 1294
1294 926
1294 312
926 1423
926 912
1423 671
1423 819
671 474
474 311
474 220
311 1575
1575 606
1575 1331
606 870
606 1047
870 1709
870 161
1709 778
1709 979
778 1265
1265 1422
1265 1267
1422 1292
1422 271
1292 504
504 530
504 183
530 254
530 1460
254 688
254 689
688 760
688 1639
760 26
26 581
26 158
581 607
581 1236
607 741
741 1037
741 1406
1037 666
1037 529
666 1175
1175 285
1175 1303
285 11
285 867
11 1075
1075 1148
1075 827
1148 1537
1148 712
1537 1168
1537 1116
1168 476
1168 195
476 267
476 338
267 1445
1445 91
1445 384
91 850
850 584
850 1
584 1471
1471 1125
1471 1378
1125 1715
1125 1687
1715 1557
1715 40
1557 655
655 939
655 1578
939 930
939 227
930 1519
1519 283
1519 650
283 1233
1233 339
1233 1284
339 1503
339 940
1503 1205
1205 1748
1205 421
1748 62
1748 1707
62 373
62 640
373 1643
373 933
1643 719
719 1551
719 744
1551 947
1551 396
947 577
947 804
577 320
320 523
320 841
523 644
644 1758
1758 953
1758 1358
953 1590
953 814
1590 144
1590 1096
144 1580
1580 1060
1580 970
1060 279
1060 1183
279 1039
279 943
1039 361
361 711
361 696
711 1199
1199 676
1199 938
676 1048
1048 1084
1084 746
746 1554
1554 1019
1019 989
989 253
253 735
253 284
735 1399
1399 454
454 1694
1694 90
90 301
90 889
301 376
301 687
376 1490
1490 1461
1490 896
1461 618
618 558
558 1286
558 1107
1286 621
621 1673
1673 792
792 1731
792 354
1731 992
1731 1193
992 1458
992 41
1458 1512
1512 572
1512 16
572 1350
1350 1539
1350 1431
1539 1494
1539 1386
1494 1035
1494 1173
1035 391
391 282
282 1759
1759 1334
1759 1067
1334 1283
1334 1319
1283 130
1283 767
130 505
505 1693
1693 626
1693 1083
626 749
626 1571
749 619
619 1160
619 601
1160 1502
1160 648
1502 1607
1502 1071
1607 493
1607 239
493 913
493 1323
913 1622
1622 1690
1690 400
400 963
963 34
34 273
273 812
273 1482
812 13
13 71
71 1191
71 1158
1191 1611
1191 1392
1611 1251
1611 133
1251 1252
1252 352
1252 1360
352 1548
1548 408
408 1171
408 920
1171 153
153 1635
153 968
1635 39
1635 843
39 909
909 276
909 894
276 470
276 868
470 788
788 759
759 1691
759 1157
1691 768
1691 137
768 202
202 1435
202 944
1435 892
892 1632
1632 1364
1364 566
1364 1629
566 550
550 1560
1560 1389
1389 522
1389 1066
522 1274
522 353
1274 1434
1274 1633
1434 1402
1402 1310
1310 332
332 438
332 982
438 1131
438 1626
1131 1186
1186 1318
1318 1572
1572 194
194 1670
1670 1266
1670 1090
1266 1141
1266 159
1141 837
1141 111
837 1547
1547 269
269 745
269 1021
745 891
745 1235
891 21
891 1677
21 985
985 1463
1463 25
1463 210
25 978
25 747
978 1695
978 1290
1695 451
1695 1273
451 1064
1064 663
663 1763
1763 380
380 935
935 1122
1122 1137
1137 1269
1269 1451
1269 65
1451 449
449 1729
449 247
1729 967
1729 575
967 333
967 1705
333 465
465 363
363 946
946 473
473 1597
1597 1743
1597 403
1743 1711
1743 428
1711 964
1711 929
964 78
78 198
78 1620
198 1574
1574 911
1574 1309
911 431
911 732
431 462
462 900
900 1086
900 717
1086 52
1086 17
52 355
355 828
355 1425
828 897
828 460
897 257
897 826
257 35
257 47
35 8
8 937
8 556
937 1352
1352 904
1352 724
904 1007
1007 1769
1769 121
1769 931
121 219
219 99
219 263
99 1098
99 1371
1098 893
1098 1523
893 116
893 537
116 224
116 531
224 404
224 534
404 908
908 787
908 1660
787 1744
1744 527
1744 1002
527 1154
527 1767
1154 200
200 1652
1652 1674
1652 629
1674 1291
1674 325
1291 1357
1291 1027
1357 649
1357 459
649 705
649 513
705 398
705 1005
398 287
287 1672
287 1314
1672 379
379 1517
379 169
1517 1443
1443 1452
1452 150
1452 245
150 1598
150 842
1598 1134
1134 481
1134 546
481 988
988 92
988 246
92 670
670 1247
1247 1442
1247 1132
1442 197
197 1594
197 752
1594 1001
1001 165
1001 86
165 598
165 372
598 1476
598 139
1476 1263
1476 255
1263 1505
1505 1282
1282 560
560 681
560 75
681 1262
681 114
1262 1244
1244 424
424 1409
1409 1491
1491 789
789 1640
789 1644
1640 463
463 231
231 370
231 1771
370 1149
1149 149
1149 615
149 925
925 782
925 417
782 1142
782 43
1142 888
1142 924
888 609
888 1394
609 291
291 1532
291 1095
1532 1540
1540 1773
1540 1000
1773 1636
1773 179
1636 240
1636 1197
240 258
258 803
803 1094
1094 100
1094 1248
100 167
100 1153
167 830
167 1552
830 836
836 945
945 784
945 1135
784 757
784 1188
757 482
482 1147
1147 647
647 340
647 129
340 1225
340 1315
1225 1413
1413 1117
1413 885
1117 1589
1589 1725
1725 1253
1725 865
1253 50
50 806
806 758
758 1481
758 1772
1481 1507
1507 226
226 469
226 551
469 773
469 499
773 685
685 74
74 790
74 858
790 480
480 435
480 1271
435 764
435 1757
764 1692
1692 524
524 1459
1459 1317
1459 1751
1317 193
193 1234
193 1541
1234 155
1234 122
155 508
155 822
508 684
684 936
936 415
936 1421
415 594
415 251
594 1404
594 809
1404 1359
1404 986
1359 512
512 416
416 1497
416 1224
1497 1588
1588 1167
1167 1428
1167 678
1428 277
277 709
709 955
709 1678
955 299
955 1215
299 1546
1546 983
1546 1566
