14 640 504071438
8 10
10 9
10 6
9 3
3 14
14 7
7 13
7 12
13 1
1 4
1 11
4 5
5 2
603 261
261 452
261 202
452 563
563 318
563 499
318 531
318 544
531 465
531 9
465 354
354 585
354 149
585 359
359 341
341 192
341 593
192 249
249 628
628 583
628 219
583 41
583 314
41 140
41 166
140 461
140 64
461 561
561 151
151 109
109 607
607 275
275 413
413 478
478 622
622 224
622 174
224 5
5 141
141 442
141 625
442 350
350 40
350 26
40 28
28 227
28 4
227 97
227 525
97 342
97 12
342 500
500 69
500 635
69 435
69 425
435 298
435 522
298 39
39 424
424 30
424 296
30 573
30 560
573 119
573 550
119 214
214 117
214 59
117 470
470 497
470 474
497 228
228 493
493 599
493 519
599 480
480 633
633 165
165 270
270 360
270 600
360 316
360 6
316 123
123 144
144 171
144 200
171 503
503 311
311 244
311 356
244 482
482 52
482 230
52 411
411 623
623 251
623 246
251 222
222 636
222 484
636 542
542 302
302 189
302 37
189 415
189 410
415 8
415 178
8 152
152 414
414 7
414 280
7 551
7 523
551 326
551 167
326 79
326 25
79 62
79 292
62 462
62 496
462 405
405 588
588 106
106 505
505 196
196 559
559 308
559 215
308 84
84 513
513 58
513 150
58 390
390 276
276 207
207 571
571 234
234 463
463 630
630 534
534 423
423 535
535 388
388 615
388 264
615 548
548 186
548 247
186 3
3 295
295 194
194 248
248 501
501 467
467 402
402 584
584 27
584 382
27 627
27 324
627 374
627 87
374 256
374 43
256 241
256 285
241 88
88 378
88 606
378 157
378 90
157 74
74 614
614 552
614 594
552 569
552 640
569 556
556 476
556 82
476 353
353 191
353 616
191 434
191 229
434 1
1 367
367 223
223 134
223 468
134 231
134 218
231 469
231 450
469 309
309 181
309 541
181 279
181 491
279 337
279 143
337 142
337 347
142 48
142 124
48 278
278 95
278 138
95 172
95 564
172 441
441 518
518 277
277 266
266 319
319 577
577 510
510 273
273 243
243 217
217 301
301 587
587 168
168 404
404 398
398 162
398 521
162 617
617 407
617 197
407 16
16 258
258 399
399 254
254 183
254 126
183 129
183 262
129 291
291 11
291 612
11 50
11 263
50 391
50 457
391 570
570 46
570 56
46 489
46 238
489 334
334 610
610 113
113 430
430 42
42 533
42 389
533 111
533 429
111 486
486 163
163 436
163 131
436 524
436 346
524 136
524 65
136 307
136 14
307 13
307 495
13 325
325 188
188 173
173 431
431 10
10 281
10 540
281 634
281 619
634 257
634 60
257 177
177 345
345 403
345 592
403 464
403 107
464 70
70 604
604 456
604 92
456 286
456 358
286 338
286 47
338 420
338 543
420 629
629 549
549 379
549 475
379 536
379 613
536 226
226 304
226 448
304 66
304 17
66 432
432 76
76 288
76 416
288 75
288 284
75 112
75 514
112 179
112 317
179 187
187 153
187 392
153 133
133 300
300 329
300 240
329 158
329 591
158 443
443 310
443 611
310 225
225 269
269 466
269 394
466 433
433 2
2 352
352 488
488 386
488 156
386 312
312 160
160 203
160 51
203 164
203 289
164 237
164 233
237 335
237 527
335 159
335 105
159 125
159 81
125 44
44 306
44 290
306 427
427 127
427 596
127 320
320 271
271 268
268 460
460 328
328 532
532 340
340 426
340 375
426 36
36 145
145 175
145 586
175 184
175 80
184 597
597 371
597 232
371 376
376 471
471 372
471 539
372 512
512 114
512 428
114 135
114 618
135 506
506 362
506 408
362 400
362 94
400 381
400 260
381 211
211 137
137 104
104 170
170 99
170 77
99 422
422 620
422 492
620 89
620 315
89 574
89 479
574 201
574 565
201 396
396 185
185 395
185 22
395 572
395 242
572 409
572 169
409 365
365 21
21 439
21 528
439 458
458 55
55 369
369 252
252 100
252 520
100 313
100 558
313 517
313 437
517 516
517 212
516 490
490 595
595 45
45 507
45 86
507 438
507 182
438 235
235 190
235 355
190 93
190 15
93 294
294 139
294 348
139 305
305 110
305 557
110 208
208 272
272 445
272 122
445 236
445 253
236 582
582 494
582 199
494 421
421 498
421 397
498 205
205 103
205 446
103 418
418 333
333 590
590 102
102 555
102 23
555 530
530 575
530 118
575 578
578 344
344 598
344 351
598 206
598 349
206 282
282 331
282 283
331 515
331 562
515 128
128 38
38 473
38 380
473 116
473 444
116 621
621 239
621 361
239 204
239 180
204 455
455 267
267 132
132 364
364 626
364 538
626 209
209 332
209 322
332 363
332 303
363 419
419 147
419 120
147 631
147 477
631 401
631 321
401 417
401 566
417 602
417 447
602 54
54 19
54 154
19 459
459 579
579 98
579 274
98 366
98 504
366 637
366 511
637 68
68 245
68 454
245 481
245 155
481 20
481 526
20 63
63 35
35 213
213 339
213 49
339 91
91 220
220 221
221 581
221 57
581 115
115 472
115 373
472 567
472 293
567 121
121 161
161 146
161 73
146 61
61 195
195 608
608 130
608 18
130 96
96 148
148 327
148 343
327 368
368 299
299 412
412 297
412 83
297 357
357 31
357 377
31 71
71 554
554 384
384 250
250 33
250 176
33 210
210 24
210 537
24 449
24 393
449 265
265 78
265 609
78 406
78 483
406 605
605 387
605 323
387 632
387 198
632 545
545 383
545 385
383 568
383 216
568 509
509 638
509 29
638 529
638 330
529 576
529 639
576 255
576 508
255 453
255 85
453 451
451 370
370 259
259 72
259 67
72 101
101 487
101 287
487 547
547 502
547 601
502 193
502 580
193 336
193 34
336 589
336 624
589 485
485 53
485 546
53 553
553 440
553 32
440 108
