3 422 5495
1 2
1 3
47 85
85 389
389 209
209 65
209 385
65 64
64 374
64 176
374 392
374 378
392 22
392 306
22 299
299 32
32 92
32 422
92 25
92 188
25 24
25 139
24 390
390 82
82 68
82 416
68 1
68 101
1 142
142 112
142 192
112 277
277 103
103 8
8 270
8 225
270 321
321 341
341 393
393 300
393 174
300 117
117 415
415 284
284 235
235 322
235 361
322 168
322 81
168 30
30 386
386 278
386 417
278 131
131 357
131 113
357 133
357 356
133 34
133 252
34 237
237 18
237 355
18 421
18 125
421 214
214 40
40 407
407 63
407 114
63 396
63 220
396 170
170 418
418 72
418 290
72 121
72 193
121 84
84 353
84 207
353 409
409 331
409 151
331 337
331 156
337 314
337 261
314 221
221 61
221 399
61 276
61 35
276 91
91 169
91 194
169 234
169 73
234 160
234 5
160 45
160 11
45 144
45 377
144 397
397 211
211 334
211 127
334 189
334 171
189 175
175 122
175 231
122 224
224 181
181 307
307 150
150 210
150 116
210 309
210 55
309 152
309 159
152 255
152 123
255 180
255 327
180 246
180 219
246 304
246 394
304 296
304 206
296 109
109 104
109 17
104 342
342 157
342 419
157 370
370 247
247 52
52 120
52 141
120 369
120 2
369 271
369 202
271 408
271 93
408 241
241 335
241 352
335 23
335 302
23 146
146 238
238 311
311 403
311 279
403 250
250 226
226 265
226 59
265 260
265 259
260 223
260 154
223 240
240 274
240 263
274 268
274 383
268 273
268 77
273 293
293 38
38 27
38 254
27 282
282 217
217 105
105 375
105 118
375 44
44 100
100 269
269 298
298 108
298 149
108 190
108 79
190 317
317 316
316 19
19 379
19 232
379 212
379 230
212 196
212 285
196 177
196 365
177 336
177 413
336 218
336 90
218 253
218 208
253 161
253 398
161 88
88 330
88 89
330 294
330 67
294 381
294 97
381 333
381 213
333 266
266 162
162 347
347 172
172 410
172 148
410 264
410 345
264 257
257 39
257 315
39 384
384 358
384 354
358 420
420 201
201 99
99 248
248 46
248 185
46 289
289 283
289 165
283 200
200 348
200 267
348 163
348 412
163 178
163 69
178 197
197 256
256 147
147 204
204 48
204 26
48 138
48 411
138 115
138 305
115 349
115 50
349 258
349 245
258 21
258 199
21 344
344 359
359 132
132 346
132 94
346 49
346 119
49 145
49 87
145 107
107 14
14 242
14 239
242 102
242 360
102 262
102 13
262 74
262 288
74 205
74 366
205 128
205 111
128 182
182 184
182 368
184 173
184 338
173 140
140 51
51 191
51 16
191 203
191 31
203 363
363 130
130 373
130 129
373 33
373 362
33 222
222 166
222 328
166 179
179 323
323 71
323 324
71 312
71 70
312 36
312 291
36 20
36 53
20 382
382 301
382 216
301 400
301 95
400 134
134 233
233 388
388 406
406 29
406 195
29 332
332 6
6 325
6 249
325 310
310 303
303 401
303 313
401 124
124 62
124 244
62 391
391 308
308 155
155 10
10 15
10 229
15 287
287 292
287 137
292 7
7 28
28 404
404 167
404 243
167 275
275 414
275 80
414 4
414 153
4 158
158 371
371 286
286 60
60 78
60 135
78 41
78 183
41 198
198 326
326 83
83 351
351 350
351 367
350 364
350 96
364 343
364 395
343 376
376 227
227 272
227 319
272 42
272 228
42 57
57 215
215 340
340 9
340 387
9 56
56 236
236 187
236 295
187 320
187 76
320 339
339 402
402 380
380 329
380 405
329 186
329 280
186 297
297 281
281 12
281 110
12 3
12 98
3 106
3 43
106 54
106 37
54 164
54 372
164 143
164 251
143 318
318 58
58 136
136 75
75 126
75 86
126 66
