2 1572 444667775
1 2
1441 324
324 1445
324 662
1445 1250
1250 850
1250 1465
850 1144
850 1350
1144 222
1144 71
222 204
222 254
204 450
204 1287
450 857
857 874
874 1352
874 1194
1352 327
327 1119
327 981
1119 1488
1119 488
1488 602
602 955
955 1094
955 1177
1094 569
1094 1163
569 339
339 1443
339 250
1443 5
1443 1139
5 1460
1460 161
161 109
161 432
109 819
819 531
819 1514
531 561
561 1566
561 424
1566 1563
1566 223
1563 461
1563 52
461 870
870 1442
1442 1502
1502 87
1502 89
87 321
87 340
321 1509
321 1501
1509 1400
1400 143
1400 1543
143 1025
1025 830
1025 1462
830 1093
830 270
1093 1393
1393 9
9 1471
1471 1178
1178 1006
1006 1492
1006 1034
1492 603
603 803
603 1500
803 320
803 1184
320 890
320 781
890 1297
890 1522
1297 566
566 166
566 72
166 104
166 1082
104 135
104 1314
135 1470
135 246
1470 1074
1074 1311
1074 764
1311 261
261 1451
261 1205
1451 899
899 664
899 788
664 111
664 114
111 1028
1028 1333
1028 1105
1333 338
1333 1288
338 466
466 234
466 1394
234 741
234 1169
741 811
741 423
811 1173
811 859
1173 1079
1173 359
1079 1016
1079 273
1016 860
860 525
525 459
525 649
459 1121
459 80
1121 938
1121 308
938 433
433 757
757 209
209 1439
1439 910
1439 816
910 969
910 367
969 363
969 1113
363 237
363 1076
237 1035
1035 1248
1248 1126
1248 1128
1126 686
1126 275
686 592
592 576
576 895
576 1476
895 439
895 28
439 1490
1490 173
1490 33
173 1403
173 512
1403 801
1403 596
801 1096
801 151
1096 79
79 1412
79 510
1412 1223
1412 591
1223 452
452 614
452 529
614 988
988 654
988 1052
654 129
129 464
129 1408
464 625
464 1387
625 22
625 1481
22 1330
22 239
1330 953
953 494
953 888
494 610
494 733
610 852
610 266
852 6
6 585
6 278
585 197
585 962
197 1447
1447 946
1447 192
946 1045
1045 1358
1358 1570
1570 259
1570 1520
259 949
949 1565
949 847
1565 427
427 1444
1444 731
1444 588
731 113
731 1027
113 1505
113 1029
1505 945
1505 897
945 165
945 794
165 244
165 118
244 16
16 59
16 1023
59 1534
59 680
1534 623
1534 1054
623 279
279 917
279 373
917 68
917 660
68 302
68 615
302 932
302 175
932 1341
932 1296
1341 497
497 747
747 1527
1527 930
1527 456
930 409
930 100
409 66
66 1344
66 670
1344 217
217 883
217 20
883 1149
1149 301
1149 265
301 1140
1140 982
982 1133
982 845
1133 836
1133 44
836 1090
1090 62
62 918
918 1326
918 395
1326 513
513 401
513 740
401 1207
401 371
1207 56
1207 1073
56 862
56 1547
862 1559
1559 1363
1559 839
1363 1276
1363 491
1276 53
53 1164
1164 518
518 203
203 1365
1365 834
834 1425
834 1480
1425 551
1425 1246
551 381
381 154
381 673
154 1421
1421 1060
1060 1353
1353 471
471 99
99 826
826 268
826 1449
268 765
765 1011
1011 1176
1176 583
1176 1181
583 1303
1303 1369
1369 507
507 977
977 328
328 542
542 964
542 107
964 1473
1473 1174
1174 1160
1160 1270
1270 1554
1270 82
1554 484
484 1234
1234 1036
1036 743
1036 1567
743 1309
743 1390
1309 417
417 1293
1293 477
477 350
477 1272
350 50
350 907
50 587
587 2
587 404
2 333
2 1532
333 96
96 1560
1560 351
351 709
709 511
511 1484
1484 1305
1305 299
299 377
299 1467
377 1141
1141 214
1141 7
214 181
181 226
181 1300
226 560
226 524
560 691
560 876
691 435
691 81
435 1247
1247 1359
1247 736
1359 368
368 17
368 1255
17 867
867 86
86 746
746 800
746 814
800 958
800 914
958 1498
958 1354
1498 579
1498 573
579 480
579 523
480 501
480 1381
501 682
682 1192
1192 543
1192 1516
543 546
546 753
546 849
753 824
753 817
824 469
469 973
973 10
973 1156
10 13
13 396
396 1550
396 1118
1550 1555
1550 329
1555 478
478 1091
1091 582
582 1101
1101 1372
1372 619
1372 1553
619 690
690 665
690 891
665 1450
665 1496
1450 1264
1264 229
229 422
229 631
422 49
422 1396
49 841
49 1103
841 697
841 652
697 88
88 1307
88 36
1307 745
745 1419
745 1507
1419 1361
1361 1461
1461 256
256 1147
1147 993
1147 810
993 195
195 1523
1523 1392
1523 366
1392 1347
1347 311
1347 1053
311 193
193 1299
193 590
1299 620
1299 921
620 128
128 704
128 1125
704 1059
1059 199
199 1530
199 392
1530 1504
1530 3
1504 448
448 210
448 421
210 980
980 646
980 1409
646 194
646 1203
194 813
194 164
813 502
813 227
502 734
734 1319
734 479
1319 809
1319 420
809 1259
809 846
1259 581
581 1281
1281 1529
1529 1206
1529 1112
1206 45
45 701
45 1370
701 517
701 1211
517 1110
1110 1243
1110 520
1243 1102
1102 941
1102 911
941 1208
1208 729
1208 1062
729 668
668 352
668 1317
352 1551
1551 1219
1219 925
925 853
853 1313
1313 1283
1313 667
1283 508
1283 1213
508 376
508 575
376 110
110 683
110 692
683 698
698 1111
1111 272
272 974
272 1258
974 821
974 762
821 608
608 444
608 972
444 568
568 919
568 1448
919 1342
919 1517
1342 1298
1298 8
8 789
8 1429
789 767
789 43
767 565
565 1162
565 548
1162 1217
1162 791
1217 1324
1324 1227
1227 1222
1227 1236
1222 276
276 1373
276 174
1373 137
137 1463
137 27
1463 1067
1067 98
98 1518
1518 1356
1518 1132
1356 775
1356 825
775 489
775 936
489 848
848 916
916 1406
1406 1150
1406 418
1150 1506
1506 125
125 1434
1434 1116
1116 386
1116 1127
386 840
386 904
840 287
287 782
287 211
782 838
782 1020
838 644
838 310
644 915
915 1244
915 37
1244 634
1244 389
634 1424
634 160
1424 419
419 1061
419 216
1061 12
1061 380
12 1325
12 1202
1325 1388
1388 642
1388 453
642 47
47 343
343 730
343 122
730 506
730 55
506 157
157 1209
1209 436
1209 990
436 963
436 1189
963 1232
963 1212
1232 1512
1232 1175
1512 535
535 749
535 1092
749 393
749 1071
393 1085
393 465
1085 169
1085 317
169 1533
169 657
1533 242
242 1009
242 658
1009 483
483 1086
483 1458
1086 119
119 1256
1256 11
1256 1485
11 715
715 1154
715 1220
1154 1457
1457 601
1457 1241
601 240
240 1089
240 372
1089 1482
1089 1524
1482 482
1482 470
482 790
790 1168
1168 1044
1044 345
1044 1039
345 1323
345 1494
1323 1026
1026 1569
1026 908
1569 672
672 1391
1391 168
168 509
168 1418
509 770
509 1435
770 1519
770 1063
1519 1327
1327 1146
1146 641
641 650
650 1182
1182 1428
1182 492
1428 383
1428 1420
383 384
383 1510
384 1068
384 1343
1068 567
1068 1229
567 689
567 322
689 991
689 475
991 1404
991 504
1404 267
1404 1216
267 1030
1030 1454
1454 1389
1454 1041
1389 496
1389 647
496 909
496 721
909 1383
909 144
1383 274
1383 1138
274 127
274 802
127 490
490 1486
490 1152
1486 563
563 224
563 405
224 277
277 1210
277 1233
1210 671
671 1200
1200 1535
1535 723
723 1180
723 103
1180 145
1180 485
145 189
189 1380
1380 230
230 875
230 978
875 1397
1397 331
1397 1528
331 805
805 1018
805 116
1018 1251
1018 786
1251 1130
1130 703
1130 1196
703 406
406 1489
406 556
1489 1493
1493 544
544 1274
1274 77
77 710
710 307
710 822
307 131
131 1513
131 51
1513 901
901 337
337 1459
1459 554
1459 896
554 735
554 989
735 774
735 1280
774 947
774 539
947 1058
947 999
1058 1
1058 1005
1 388
388 19
388 178
19 255
19 183
255 430
430 995
995 146
146 1098
146 313
1098 219
1098 1321
219 238
238 1376
1376 562
562 1561
1561 184
184 235
235 1228
235 599
1228 1097
1097 750
1097 1384
750 1066
1066 922
922 355
355 346
355 595
346 1433
346 1346
1433 872
872 1033
1033 451
1033 463
451 48
451 751
48 776
48 1263
776 820
776 187
820 159
820 206
159 416
159 1260
416 361
361 754
754 413
413 881
881 756
881 300
756 1549
1549 1564
1564 1239
1564 202
1239 797
797 913
797 1508
913 752
913 1230
752 1043
752 1385
1043 935
935 940
935 84
940 1000
940 996
1000 232
232 708
708 353
353 468
468 105
105 1081
105 1286
1081 632
632 1038
1038 155
1038 1269
155 1284
1284 693
1284 150
693 65
65 141
65 252
141 903
141 976
903 40
903 407
40 536
40 1186
536 785
785 1047
785 1318
1047 1515
1515 616
1515 987
616 215
215 1042
1042 744
744 258
744 626
258 906
906 1526
1526 60
60 550
550 1430
550 170
1430 1375
1430 889
1375 1265
1265 1191
1191 358
358 1245
1245 983
1245 312
983 855
855 1571
1571 598
1571 249
598 718
598 1455
718 412
718 332
412 1095
1095 627
627 1221
627 1477
1221 486
486 1282
1282 984
984 120
120 112
120 1137
112 643
112 1426
643 136
643 138
136 678
136 574
678 370
678 651
370 1204
370 67
1204 191
191 63
63 442
63 884
442 1474
442 1261
1474 965
965 538
538 156
156 818
156 294
818 773
818 957
773 1417
773 293
1417 843
1417 748
843 1557
1557 1437
1437 505
1437 23
505 613
613 1134
1134 1340
1134 309
1340 1291
1291 1131
1291 994
1131 1364
1131 1572
1364 929
929 571
571 722
722 902
722 180
902 318
318 759
759 1001
759 944
1001 1088
1001 1158
1088 979
979 1355
979 179
1355 755
755 115
755 1235
115 851
851 1078
1078 15
1078 1080
15 39
39 437
437 487
487 784
784 1539
784 306
1539 102
1539 357
102 1271
1271 198
198 1545
198 629
1545 458
1545 877
458 1558
458 939
1558 446
1558 942
446 604
604 1427
604 684
1427 1374
1374 779
1374 1497
779 94
94 1046
94 29
1046 912
1046 931
912 1423
1423 70
1423 429
70 1295
70 828
1295 1351
1351 1542
1542 1224
1224 1108
1108 1155
1108 1322
1155 547
547 792
547 992
792 537
537 290
290 101
290 457
101 1268
101 1368
1268 25
25 83
83 1360
83 41
1360 1019
1360 117
1019 624
1019 617
624 1411
1411 1040
1411 712
1040 970
970 1483
970 57
1483 1401
1401 286
286 4
286 449
4 1179
1179 344
1179 241
344 253
253 637
637 885
885 148
148 645
148 176
645 1002
645 1099
1002 943
943 14
943 1453
14 611
14 1407
611 390
390 1440
390 271
1440 842
842 783
842 865
783 207
207 716
207 1107
716 739
739 1306
739 34
1306 228
1306 861
228 705
228 182
705 687
705 1032
687 1048
687 967
1048 961
1048 799
961 162
961 69
162 1499
162 584
1499 1201
1499 1328
1201 134
134 1290
134 35
1290 200
200 804
200 727
804 245
804 1386
245 572
245 887
572 854
572 1004
854 1432
1432 1014
1014 815
815 1161
815 1015
1161 75
1161 356
75 467
467 829
467 54
829 606
606 1013
606 600
1013 336
1013 1279
336 1371
336 126
1371 1479
1371 1024
1479 30
1479 205
30 878
30 391
878 545
878 1277
545 1362
545 385
1362 1008
1008 1416
1008 1336
1416 777
1416 898
777 341
341 1262
341 1552
1262 499
499 314
314 1315
314 296
1315 364
1315 1405
364 124
124 1249
124 434
1249 868
1249 1037
868 959
868 400
959 1452
959 1199
1452 1167
1452 659
1167 282
282 1057
282 866
1057 1075
1057 248
1075 621
1075 858
621 171
171 844
844 375
844 1285
375 108
375 1185
108 360
108 319
360 1151
360 1056
1151 702
1151 1198
702 533
533 280
533 362
280 1195
1195 503
503 387
503 130
387 997
387 886
997 1188
1188 1487
1487 1413
1413 454
454 719
719 798
719 1136
798 31
31 1050
31 1242
1050 167
1050 555
167 864
167 725
864 951
951 827
827 975
975 251
251 18
251 247
18 648
18 681
648 73
648 1064
73 526
73 460
526 742
526 570
742 622
622 768
768 326
326 1337
326 1320
1337 335
1337 257
335 920
920 188
188 640
640 394
394 42
394 516
42 425
42 928
425 1070
425 218
1070 1129
1129 1415
1129 1367
1415 1145
1415 1120
1145 1475
1145 713
1475 527
527 1335
527 737
1335 1253
1253 1521
1253 663
1521 694
1521 1231
694 597
597 1123
597 1345
1123 655
655 196
655 76
196 1117
1117 706
706 1468
1468 778
1468 589
778 638
638 185
638 292
185 1021
185 90
1021 97
97 426
426 295
295 952
952 780
780 835
835 1010
835 933
1010 91
91 1214
1214 269
269 807
807 738
738 408
408 717
717 812
717 172
812 263
812 905
263 1414
1414 1022
1022 679
679 618
679 924
618 695
618 303
695 593
695 1338
593 869
593 1540
869 1548
869 1084
1548 1157
1157 771
771 220
220 1538
220 379
1538 1289
1538 639
1289 656
656 580
580 892
892 808
892 190
808 289
808 986
289 348
289 1166
348 522
348 1254
522 1541
522 732
1541 1051
1541 500
1051 985
985 93
93 1122
1122 441
1122 498
441 927
927 926
927 696
926 297
297 1114
1114 1379
1379 1142
1379 283
1142 871
871 334
871 558
334 557
557 1267
557 609
1267 1106
1106 208
1106 763
208 1334
208 201
1334 64
1334 1349
64 720
64 1226
720 714
714 796
796 431
796 233
431 1568
1568 1556
1556 605
605 833
605 163
833 1544
833 225
1544 374
374 1495
374 900
1495 1055
1055 264
264 330
264 1278
330 121
330 231
121 1225
121 1312
1225 1294
1294 147
147 402
147 612
402 699
699 1143
699 212
1143 1446
1143 398
1446 661
661 1395
661 440
1395 1165
1395 1193
1165 1170
1170 707
707 399
399 1331
399 793
1331 316
316 92
92 298
92 653
298 1436
1436 1065
1065 1398
1398 1402
1402 378
1402 677
378 937
937 1302
937 1135
1302 1378
1302 1257
1378 149
1378 1159
149 1069
1069 1124
1124 806
1124 213
806 534
534 1377
1377 1310
1310 607
1310 934
607 1316
1316 140
1316 397
140 837
837 956
837 863
956 1466
1466 549
1466 1332
549 594
594 966
966 633
966 1366
633 281
281 411
411 766
766 1304
766 1491
1304 61
1304 1100
61 132
61 1472
132 923
923 726
726 772
772 1503
772 894
1503 676
676 893
676 243
893 78
78 382
382 481
481 46
46 354
354 1525
1525 428
1525 493
428 1172
1172 1012
1172 325
1012 323
1012 260
323 32
323 403
32 85
32 541
85 1171
85 711
1171 831
1171 879
831 636
636 443
443 1469
443 823
1469 414
414 1431
1431 635
1431 1292
635 1329
635 221
1329 1382
1382 106
1382 1339
106 1422
106 1562
1422 58
58 236
58 630
236 1007
1007 1308
1007 24
1308 1109
1308 1531
1109 447
1109 968
447 1536
1536 315
1536 1072
315 880
315 95
880 559
880 473
559 1187
559 873
1187 832
1187 365
832 950
950 675
950 514
675 74
74 724
724 528
528 438
438 288
438 971
288 530
288 285
530 1399
1399 586
1399 1438
586 177
586 474
177 1031
1031 769
1031 1275
769 415
415 1077
1077 1237
1077 1252
1237 761
761 532
532 688
532 577
688 1190
688 476
1190 284
284 304
304 787
787 342
342 1456
342 455
1456 462
462 158
462 1115
158 669
669 1104
669 666
1104 305
305 1215
1215 1183
1183 1017
1017 519
519 1087
1087 186
1087 1410
186 540
540 495
540 552
495 152
495 21
152 410
410 349
349 954
954 1266
954 760
1266 758
758 123
123 133
133 628
133 578
628 674
674 521
674 856
521 1464
521 1153
1464 1546
1464 291
1546 1273
1273 1478
1478 1357
1478 262
1357 38
1357 1348
38 728
728 472
472 153
153 1003
153 1240
1003 960
960 347
960 1301
347 1083
1083 26
1083 369
26 139
139 1218
139 445
1218 998
1218 1238
998 515
515 1511
515 700
1511 795
795 882
882 1197
882 1537
1197 142
142 948
948 685
685 564
564 1049
564 553
1049 1148
