2 596 40
1 2
162 140
162 374
140 87
140 474
87 62
62 121
121 451
121 210
451 429
429 441
441 328
441 52
328 535
535 443
443 131
443 270
131 424
131 449
424 30
30 447
30 127
447 584
447 46
584 208
584 543
208 407
407 57
407 467
57 277
277 385
277 5
385 232
385 489
232 313
313 195
313 301
195 477
477 383
477 596
383 553
383 507
553 51
51 47
51 517
47 533
533 27
533 481
27 196
27 245
196 498
196 260
498 171
498 471
171 404
404 102
102 502
102 280
502 294
294 592
592 547
592 439
547 452
452 213
452 266
213 6
6 255
6 423
255 93
93 546
546 167
546 54
167 197
197 281
197 99
281 144
144 426
144 539
426 8
426 153
8 61
61 53
53 25
25 229
229 500
500 323
323 462
462 286
286 413
286 98
413 22
413 473
22 161
161 556
161 538
556 567
567 458
567 435
458 397
458 262
397 448
397 548
448 235
448 559
235 356
235 86
356 115
115 278
278 382
278 576
382 157
382 540
157 432
157 289
432 386
386 465
465 593
465 104
593 204
593 514
204 440
204 575
440 276
276 302
302 181
181 257
181 89
257 427
257 373
427 393
427 70
393 288
288 446
288 582
446 248
248 453
248 24
453 572
572 138
138 85
85 336
85 78
336 295
336 484
295 591
295 107
591 194
591 250
194 173
173 48
48 137
137 348
348 221
221 345
221 291
345 370
345 459
370 300
300 405
405 430
405 306
430 23
430 464
23 509
23 246
509 35
509 284
35 2
2 44
44 406
44 478
406 555
406 135
555 590
590 128
590 111
128 362
128 244
362 60
60 216
60 503
216 164
216 561
164 434
164 243
434 55
55 366
55 482
366 71
71 129
129 527
129 327
527 63
63 113
113 460
460 493
460 20
493 184
493 523
184 422
422 72
422 492
72 314
72 100
314 29
314 265
29 395
395 159
395 76
159 147
159 445
147 206
206 200
206 586
200 68
200 166
68 490
68 408
490 240
240 296
240 178
296 150
150 384
150 146
384 190
384 570
190 239
239 399
239 341
399 578
399 163
578 252
578 94
252 536
252 10
536 409
409 495
495 544
495 15
544 550
550 136
136 203
136 476
203 103
103 421
421 420
420 311
311 309
309 41
41 119
41 428
119 189
119 412
189 437
189 269
437 130
437 369
130 542
542 501
501 18
501 316
18 583
18 254
583 438
583 552
438 524
438 330
524 511
511 454
454 565
565 293
293 209
209 224
209 12
224 403
224 145
403 505
505 571
571 468
571 322
468 455
468 589
455 233
455 564
233 58
233 415
58 364
364 310
310 418
310 217
418 324
324 419
324 207
419 333
333 569
569 165
165 152
165 414
152 442
152 228
442 4
442 506
4 236
4 392
236 17
17 308
308 425
425 263
263 117
117 363
117 375
363 486
363 585
486 410
486 231
410 191
410 499
191 175
191 220
175 143
175 43
143 312
312 80
80 188
188 377
188 90
377 258
258 355
258 158
355 525
525 169
525 125
169 319
319 134
319 285
134 133
134 360
133 580
580 557
580 532
557 398
557 116
398 261
261 520
520 77
520 388
77 81
77 141
81 558
558 433
433 321
433 469
321 581
581 444
581 96
444 237
237 307
307 205
307 259
205 185
205 361
185 11
11 66
66 219
219 497
219 187
497 83
497 34
83 142
83 9
142 378
378 479
479 344
479 65
344 211
344 105
211 223
223 508
508 560
560 234
234 40
40 491
491 573
491 174
573 180
180 338
338 354
354 110
354 38
110 522
110 238
522 149
522 179
149 568
568 222
222 574
574 67
67 325
325 357
325 317
357 530
357 16
530 320
530 380
320 3
3 230
3 353
230 334
334 154
334 253
154 347
154 594
347 472
347 381
472 335
472 545
335 331
331 282
282 394
282 33
394 84
84 39
39 431
39 273
431 534
431 329
534 563
534 521
563 92
92 480
480 436
436 463
463 182
182 504
504 332
332 79
79 242
79 251
242 148
242 541
148 488
148 267
488 551
488 283
551 457
551 339
457 177
177 350
350 106
106 376
106 82
376 192
376 346
192 351
192 227
351 139
139 528
139 214
528 595
595 549
549 279
279 112
112 202
202 515
515 212
515 475
212 226
226 358
226 483
358 249
249 126
126 198
126 49
198 298
298 401
401 123
123 172
172 108
172 31
108 513
108 372
513 359
359 487
487 299
299 14
299 450
14 297
14 122
297 402
402 36
402 215
36 176
36 400
176 512
176 156
512 340
512 461
340 485
340 272
485 225
225 587
587 101
587 75
101 371
101 59
371 120
120 91
91 13
13 326
326 518
326 268
518 292
292 466
292 256
466 19
466 290
19 343
343 109
343 389
109 352
109 50
352 417
352 151
417 132
132 411
132 368
411 303
303 155
303 349
155 64
155 390
64 218
64 32
218 199
199 21
199 160
21 170
21 416
170 183
170 88
183 28
28 531
531 168
531 201
168 342
168 37
342 271
342 379
271 74
74 554
74 304
554 579
554 193
579 566
579 526
566 186
186 494
494 577
577 73
73 42
42 241
241 516
241 387
516 367
516 318
367 95
367 315
95 264
264 305
264 274
305 337
305 365
337 275
275 562
562 69
69 124
124 1
124 470
1 396
396 529
396 510
529 26
26 588
588 391
588 118
391 45
45 7
7 519
7 247
519 537
537 114
114 496
114 56
496 287
287 456
456 97
