3 2252 165392703
2 1
1 3
1657 939
939 641
641 106
106 1427
106 1210
1427 819
1427 428
819 1297
1297 1184
1297 418
1184 291
1184 1888
291 90
291 591
90 1527
1527 21
21 1425
1425 560
560 649
560 623
649 195
649 1324
195 1280
1280 247
247 1163
247 388
1163 1009
1009 1064
1064 2030
1064 1415
2030 1314
2030 980
1314 2067
1314 1928
2067 221
221 1246
1246 1864
1246 1913
1864 542
1864 1801
542 1965
1965 1684
1684 1409
1684 660
1409 783
1409 1749
783 1893
1893 324
1893 1702
324 1821
324 1532
1821 222
222 1079
1079 132
132 1224
1224 1477
1477 1367
1477 1961
1367 1396
1367 453
1396 2056
1396 446
2056 703
703 1497
703 2238
1497 841
1497 17
841 1147
841 244
1147 1034
1034 546
546 2245
2245 624
2245 38
624 1819
624 754
1819 2020
1819 1615
2020 496
2020 1768
496 1648
496 2199
1648 1084
1084 2212
2212 873
2212 158
873 1124
1124 12
1124 1563
12 815
815 1487
815 2134
1487 412
1487 1407
412 1942
1942 1624
1624 1641
1624 1327
1641 2250
1641 448
2250 9
9 403
9 540
403 393
393 1949
393 2218
1949 648
648 1950
648 669
1950 833
1950 394
833 472
472 867
472 742
867 551
551 449
551 162
449 1561
1561 1170
1170 1016
1016 1426
1426 2019
2019 670
670 2169
2169 277
2169 2010
277 1869
277 1382
1869 209
1869 724
209 2176
2176 1178
1178 1467
1467 1884
1884 1627
1627 2184
2184 1861
2184 1328
1861 1806
1806 435
1806 2214
435 1168
435 183
1168 1674
1674 1975
1674 1834
1975 1350
1975 92
1350 779
1350 431
779 1054
1054 2073
1054 2187
2073 1932
1932 584
584 2181
2181 1522
2181 1680
1522 1038
1522 1251
1038 1993
1038 835
1993 958
958 1199
1199 837
837 2022
837 2127
2022 103
103 803
103 170
803 671
803 753
671 1173
1173 2167
2167 1284
2167 1868
1284 709
1284 1376
709 1729
1729 597
597 2136
597 1621
2136 1459
1459 345
345 864
345 1008
864 2156
864 506
2156 653
2156 1967
653 1177
653 924
1177 66
1177 1535
66 1365
1365 1774
1365 578
1774 1731
1774 629
1731 988
1731 1543
988 529
529 1710
529 2162
1710 1944
1944 1312
1944 1726
1312 1423
1423 547
547 1791
547 2012
1791 1002
1791 1978
1002 910
910 1900
1900 378
1900 19
378 746
746 8
746 49
8 2117
8 794
2117 79
79 1761
79 575
1761 2112
1761 672
2112 898
2112 1091
898 1688
1688 634
1688 82
634 1259
634 588
1259 1264
1259 889
1264 1144
1144 110
110 113
113 1081
1081 1581
1581 747
747 73
73 527
73 2009
527 1897
1897 1686
1897 1441
1686 1499
1686 1230
1499 1340
1499 906
1340 1990
1990 1344
1344 2204
1344 1317
2204 883
2204 1849
883 1435
1435 45
1435 1575
45 1759
45 312
1759 510
510 303
303 1469
303 1018
1469 525
1469 1490
525 828
525 2236
828 700
828 1442
700 152
700 439
152 2105
152 220
2105 500
2105 2213
500 369
369 1295
369 1361
1295 566
566 942
942 1385
942 1260
1385 155
155 46
46 1118
1118 609
609 1148
1148 273
1148 1672
273 1628
273 1171
1628 1141
1141 1027
1141 424
1027 59
59 1592
1592 1595
1592 2051
1595 844
1595 1601
844 1958
1958 1058
1058 1652
1652 53
53 1630
53 811
1630 200
200 1478
1478 1882
1882 738
738 907
738 119
907 1397
907 1666
1397 1315
1397 204
1315 1389
1389 1082
1389 1214
1082 1851
1082 757
1851 335
335 568
568 2008
568 1278
2008 1924
1924 1460
1924 81
1460 1937
1460 1462
1937 1068
1937 657
1068 537
537 1534
1534 663
663 1560
663 775
1560 271
1560 426
271 476
476 950
950 228
950 1559
228 1221
1221 1286
1286 1523
1523 598
1523 2081
598 16
598 1582
16 1507
1507 897
897 2157
897 423
2157 456
456 1161
1161 50
1161 1326
50 1971
50 269
1971 1550
1550 801
1550 2078
801 1939
801 1510
1939 1047
1939 587
1047 1622
1047 382
1622 380
380 1102
380 2155
1102 1658
1102 1574
1658 265
265 590
265 96
590 785
590 1920
785 363
785 812
363 787
363 210
787 268
268 1037
268 1509
1037 1649
1649 1150
1649 1877
1150 1973
1973 535
1973 240
535 1981
1981 763
763 1419
1419 1011
1419 134
1011 934
934 207
934 2060
207 432
432 1239
1239 1138
1239 470
1138 366
366 789
789 1357
789 807
1357 2053
2053 226
2053 317
226 737
226 1063
737 387
387 1734
387 607
1734 2150
2150 829
2150 569
829 788
788 1722
788 1871
1722 1005
1722 2066
1005 2099
2099 137
137 1948
137 1711
1948 859
859 846
859 263
846 632
846 1931
632 1736
1736 929
929 407
929 602
407 190
190 557
557 429
429 626
626 1481
626 461
1481 1766
1481 280
1766 1343
1343 1143
1143 1450
1143 1180
1450 1872
1872 1437
1437 249
1437 817
249 2021
249 1222
2021 2018
2018 293
293 1189
1189 1006
1006 341
341 861
861 921
861 1072
921 1605
1605 1513
1513 1747
1747 104
104 23
23 1381
23 365
1381 1060
1060 1907
1907 408
408 1904
1904 843
843 11
11 1758
1758 1548
1758 1933
1548 75
1548 751
75 2015
75 1254
2015 343
343 1604
1604 608
608 916
608 1815
916 1670
916 457
1670 78
1670 726
78 469
469 758
469 1139
758 1116
758 1894
1116 579
1116 74
579 1248
1248 1383
1383 1366
1383 866
1366 203
203 1667
1667 2057
1667 586
2057 1556
2057 981
1556 2163
2163 2160
2163 225
2160 583
583 306
306 242
242 1837
242 1966
1837 89
1837 430
89 1446
1446 654
654 1055
1055 1626
1055 330
1626 2
2 98
98 668
668 1255
1255 39
39 1004
1004 2023
1004 2239
2023 1782
1782 1500
1782 1743
1500 1945
1500 1472
1945 760
760 127
760 1541
127 1413
127 714
1413 2111
1413 854
2111 1588
1588 970
970 342
342 166
166 1113
1113 698
698 1974
698 230
1974 1661
1974 1564
1661 398
1661 217
398 444
444 2080
444 718
2080 1094
2080 659
1094 839
839 411
839 2072
411 573
573 163
573 504
163 1912
1912 761
1912 14
761 874
874 1885
1885 1685
1885 1070
1685 2059
2059 298
298 1198
1198 25
1198 2031
25 1753
1753 1980
1980 953
953 1779
1779 381
381 696
381 723
696 360
360 4
4 899
4 2109
899 820
820 160
160 434
160 1485
434 1963
1963 436
436 2166
436 735
2166 1201
2166 1399
1201 1128
1201 1334
1128 1727
1128 1105
1727 2115
1727 931
2115 1647
2115 31
1647 2069
2069 944
2069 752
944 147
944 1723
147 1483
147 2139
1483 1416
1416 1960
1960 101
101 259
259 1285
259 1800
1285 945
945 2101
945 2092
2101 495
2101 1322
495 901
495 1612
901 1193
1193 1265
1193 1429
1265 24
1265 1375
24 182
182 1026
182 386
1026 1529
1026 5
1529 1368
1368 982
982 1866
982 1208
1866 860
1866 1085
860 267
860 1149
267 1114
267 893
1114 933
933 2154
933 1126
2154 2200
2200 2045
2200 1914
2045 1391
2045 420
1391 680
680 1041
1041 895
895 1514
1514 443
443 764
443 2093
764 920
764 212
920 1257
1257 1929
1257 816
1929 1502
1929 1927
1502 2211
2211 1421
1421 674
674 2170
674 266
2170 2108
2170 1461
2108 2118
2108 118
2118 454
2118 184
454 2044
2044 1042
1042 1223
1042 2180
1223 205
205 2029
2029 770
2029 1577
770 2126
2126 1682
2126 483
1682 179
1682 2191
179 2046
179 451
2046 91
91 704
704 1979
704 2225
1979 769
1979 1943
769 701
701 340
701 1811
340 1826
1826 825
1826 1816
825 1857
1857 1715
1715 1777
1777 2221
1777 1730
2221 1578
1578 1551
1551 1848
1551 54
1848 2247
1848 1172
2247 2224
2224 1057
2224 838
1057 1192
1192 346
346 251
346 455
251 1870
1870 1707
1870 356
1707 558
1707 1762
558 1552
558 1166
1552 2158
2158 201
2158 786
201 802
201 593
802 1489
1489 2061
1489 550
2061 1107
2061 1342
1107 1132
1132 234
234 1799
1799 524
1799 1880
524 1526
1526 1238
1526 1540
1238 656
656 1789
656 1203
1789 237
237 300
237 1262
300 372
300 297
372 29
372 165
29 1078
1078 1964
1078 936
1964 185
1964 957
185 911
911 100
100 67
67 2246
67 1915
2246 503
2246 1241
503 459
503 865
459 508
459 1833
508 1959
1959 338
1959 1810
338 605
605 2049
2049 2052
2049 875
2052 1733
1733 799
799 1339
1339 36
36 822
822 1028
1028 2110
2110 255
2110 762
255 367
255 1019
367 1528
367 1796
1528 1145
1145 1217
1217 2005
2005 332
2005 1098
332 482
482 1298
482 1229
1298 507
1298 1303
507 2130
507 1835
2130 252
2130 296
252 673
673 1681
673 536
1681 1329
1329 519
1329 485
519 1827
1827 1154
1154 1639
1639 1455
1455 41
41 2071
41 276
2071 311
311 468
311 1101
468 2096
468 1994
2096 1583
1583 781
1583 1402
781 915
781 1463
915 2120
915 630
2120 1142
2120 88
1142 572
1142 48
572 1677
1677 1921
1677 1917
1921 413
1921 1691
413 1479
1479 279
279 2173
2173 1798
2173 2217
1798 1580
1798 1125
1580 809
809 741
809 613
741 627
627 2237
627 725
2237 1408
1408 55
55 2119
2119 1494
2119 615
1494 1252
1252 824
824 792
792 544
792 1052
544 416
416 559
416 692
559 1130
559 313
1130 270
1130 114
270 129
129 645
645 1803
1803 1299
1299 778
778 868
778 392
868 522
522 1922
522 238
1922 373
373 1183
373 1794
1183 1157
1183 2064
1157 642
642 1235
1235 1807
1235 2251
1807 1185
1807 44
1185 1458
1458 22
22 227
22 1645
227 199
199 1865
199 102
1865 1748
1865 1263
1748 1825
1748 149
1825 352
1825 2132
352 683
683 6
683 767
6 631
631 1476
631 1218
1476 1188
1476 445
1188 1086
1086 2121
2121 1812
2121 397
1812 108
108 774
774 930
774 231
930 695
695 509
695 1828
509 285
509 1181
285 881
285 318
881 548
881 95
548 374
548 1554
374 604
374 250
604 1687
604 354
1687 571
1687 1600
571 1194
571 1359
1194 1846
1194 450
1846 1659
1659 1695
1695 870
1695 1784
870 1678
1678 1549
1678 1089
1549 666
666 1244
1244 336
336 1228
1228 2040
2040 1910
1910 2172
1910 949
2172 1565
2172 1046
1565 1261
1565 232
1261 1486
1261 1316
1486 2171
2171 322
322 1716
322 2084
1716 1048
1048 105
1048 2168
105 1546
105 848
1546 639
1546 1909
639 919
919 720
919 943
720 2230
720 2004
2230 1751
1751 1369
1751 2129
1369 1941
1369 475
1941 2113
2113 1721
2113 1613
1721 622
622 1725
622 2201
1725 40
40 1844
40 1380
1844 1633
1633 2042
2042 2050
2042 1190
2050 886
2050 927
886 1276
886 1268
1276 1451
1451 1814
1814 1493
1814 497
1493 1573
1573 842
842 309
309 780
309 188
780 676
676 1293
1293 520
1293 35
520 2068
2068 1867
2068 1568
1867 1400
1400 107
1400 990
107 2094
107 1227
2094 1544
1544 26
1544 635
26 1829
26 884
1829 647
647 997
997 84
84 549
549 791
549 863
791 1940
791 1617
1940 699
1940 1371
699 395
395 1504
1504 2164
1504 1211
2164 2047
2164 596
2047 140
140 1650
1650 845
845 2209
2209 1077
2209 1642
1077 197
1077 1468
197 1607
197 1452
1607 339
1607 1797
339 1049
339 1097
1049 1225
1225 1664
1225 1646
1664 402
1664 1174
402 153
153 2090
2090 664
664 1247
664 1501
1247 2198
2198 307
2198 1482
307 984
307 565
984 743
743 168
743 1156
168 1275
1275 872
872 532
532 1332
1332 224
1332 576
224 1405
224 1464
1405 2140
1405 1258
2140 888
2140 1420
888 526
526 1351
1351 727
727 1891
1891 2208
2208 928
928 198
198 239
198 606
239 994
994 966
966 1935
1935 87
1935 1444
87 1508
87 479
1508 174
1508 415
174 1589
174 1226
1589 246
246 151
151 60
60 18
60 1266
18 1475
1475 2011
1475 1598
2011 1253
2011 688
1253 739
739 1119
1119 328
1119 215
328 1738
328 1636
1738 86
1738 1096
86 1951
86 1053
1951 1838
1951 975
1838 156
1838 1792
156 1162
1162 2146
2146 1802
2146 947
1802 376
1802 1219
376 34
34 458
34 983
458 1594
458 2147
1594 2128
1594 2114
2128 818
818 599
599 375
375 1021
1021 1287
1287 70
70 1111
1111 216
216 766
216 1103
766 1854
766 1760
1854 383
383 1272
1272 1447
1272 1773
1447 853
1447 1195
853 1152
1152 1308
1308 1790
1790 1093
1790 1109
1093 214
214 1692
214 321
1692 1700
1700 1112
1112 1434
1434 186
1434 2033
186 1187
1187 486
1187 923
486 502
486 1919
502 138
138 661
661 417
661 2192
417 956
417 2179
956 1524
956 1232
1524 1377
1377 694
694 1165
694 128
1165 2177
1165 1333
2177 1521
2177 1795
1521 1480
1521 1599
1480 711
1480 1770
711 2203
711 603
2203 447
2203 1903
447 1679
1679 852
852 144
852 1432
144 1372
144 521
1372 223
1372 1043
223 1378
223 1283
1378 995
1378 241
995 1977
995 1074
1977 972
1977 750
972 1020
1020 1590
1590 1663
1663 905
905 1656
1656 637
1656 1998
637 1562
637 1579
1562 2133
2133 2193
2193 465
465 1516
1516 771
1516 326
771 2070
2070 806
2070 1625
806 262
262 181
181 1841
1841 961
1841 1908
961 1430
961 1108
1430 1597
1597 1392
1597 1031
1392 261
1392 1873
261 1338
261 592
1338 2222
1338 1179
2222 145
145 1878
145 1438
1878 2188
1878 1307
2188 1557
2188 133
1557 1999
1999 1653
1999 305
1653 1892
1892 2143
2143 1025
1025 851
851 935
935 922
935 1587
922 2151
2151 2025
2025 1767
1767 1662
1662 965
1662 391
965 257
257 689
689 333
333 563
333 1755
563 974
563 1301
974 1969
974 1000
1969 353
1969 706
353 643
643 1355
1355 805
805 1414
805 218
1414 20
1414 329
20 1001
1001 1698
1698 748
748 2144
2144 756
756 999
999 1986
1986 1668
1668 484
484 1923
484 2083
1923 1571
1923 2100
1571 1100
1100 1135
1135 143
143 1341
143 1436
1341 1955
1341 902
1955 292
1955 139
292 169
169 1012
1012 112
1012 2058
112 1151
1151 678
678 1632
678 1354
1632 2124
1632 2219
2124 1175
2124 1363
1175 1989
1175 117
1989 1776
1989 1673
1776 187
1776 1793
187 142
142 442
142 677
442 2098
2098 1769
1769 1292
1769 51
1292 1036
1292 543
1036 658
658 2183
2183 1065
1065 1669
1669 1492
1492 996
1492 1512
996 795
996 272
795 545
545 857
857 1115
1115 32
1115 1972
32 554
554 33
554 2103
33 355
355 973
355 577
973 2054
973 1693
2054 1757
2054 1586
1757 287
287 1202
287 1274
1202 834
834 1699
1699 1356
1356 1754
1356 1676
1754 1719
1719 194
1719 406
194 1567
194 1122
1567 1823
1567 610
1823 111
1823 1988
111 1889
111 302
1889 879
1889 1720
879 1905
1905 64
1905 243
64 1347
1347 731
731 1538
731 1957
1538 1570
1538 1140
1570 236
236 862
236 2027
862 708
708 553
708 954
553 2152
2152 1294
1294 552
1294 1638
552 782
782 759
782 1610
759 2233
2233 646
2233 515
646 962
646 518
962 1968
962 1745
1968 1410
1410 172
1410 315
172 992
172 1863
992 904
992 1182
904 370
370 308
308 1934
308 150
1934 582
1934 1302
582 1675
1675 2063
2063 1256
1256 109
109 932
932 716
932 2076
716 685
716 1619
685 713
713 1335
1335 798
1335 1010
798 2131
798 260
2131 918
918 438
438 2116
2116 1158
2116 206
1158 1709
1709 585
1709 331
585 1585
585 2205
1585 1457
1585 2159
1457 1808
1808 1422
1422 1623
1623 1439
1623 1616
1439 823
823 878
878 1386
878 1309
1386 481
1386 1706
481 2223
481 691
2223 1569
1569 777
777 652
652 275
275 2231
2231 1123
1123 235
235 1200
1200 1744
1200 971
1744 1631
1631 2102
1631 989
2102 1995
1995 274
1995 47
274 1817
274 1952
1817 2016
2016 161
2016 1281
161 254
161 611
254 710
254 1406
710 1901
710 687
1901 903
1901 977
903 784
784 594
594 1840
1840 264
1840 2079
264 1918
264 894
1918 1033
1033 1032
1032 938
938 1088
1088 2153
1088 157
2153 1970
1970 1830
1830 513
1830 1062
513 2216
2216 1216
1216 1401
1216 617
1401 1087
1401 1611
1087 1862
1862 1013
1862 858
1013 1640
1013 1470
1640 2190
1640 2202
2190 1936
2190 952
1936 83
83 175
175 1417
1417 2037
2037 1824
1824 979
979 589
979 1353
589 1449
589 1778
1449 1746
1746 1454
1746 644
1454 832
832 1985
832 1898
1985 1712
1712 1660
1660 991
991 1360
991 1433
1360 1555
1360 1855
1555 1288
1555 836
1288 27
27 1136
1136 1300
1136 1728
1300 460
1300 1542
460 1393
460 1926
1393 570
570 650
650 1845
650 148
1845 1466
1845 121
1466 1071
1071 421
1071 813
421 123
421 1395
123 877
877 1637
1637 830
830 940
940 1530
940 827
1530 531
1530 1724
531 358
358 364
364 282
364 301
282 433
433 2062
433 2028
2062 1775
2062 2206
1775 2137
2137 1213
1213 69
1213 325
69 1191
1191 384
1191 1713
384 1689
384 1732
1689 2249
2249 2178
2249 389
2178 1596
1596 68
1596 1243
68 745
68 1545
745 951
951 1273
1273 1856
1856 351
351 1654
1654 849
1654 1
849 1205
1205 1289
1205 1204
1289 516
1289 682
516 1953
516 697
1953 1234
1234 1428
1428 124
1428 327
124 1083
1083 908
1083 808
908 488
488 2087
488 1853
2087 13
13 99
13 800
99 1448
1448 1495
1495 202
1495 1090
202 618
202 1895
618 1519
1519 1606
1606 1250
1606 1067
1250 740
1250 2097
740 1237
1237 2091
1237 1783
2091 876
876 288
288 1584
288 478
1584 679
679 969
679 1576
969 494
969 909
494 2142
2142 131
131 871
871 1023
871 1593
1023 2207
2207 2215
2215 80
2215 1618
80 371
80 1890
371 2197
2197 1471
1471 359
359 765
765 1859
1859 1976
1976 655
1976 164
655 1906
655 467
1906 1491
1906 1764
1491 219
1491 42
219 2125
219 1039
2125 2210
2210 1186
2210 56
1186 1349
1186 464
1349 797
797 523
797 1051
523 310
310 517
517 2182
517 2189
2182 3
2182 976
3 1370
1370 52
1370 2006
52 2065
52 1321
2065 1209
1209 2148
1209 717
2148 320
320 744
744 1270
1270 705
705 856
856 2138
856 1896
2138 1572
1572 1069
1572 1741
1069 814
1069 640
814 1505
814 1131
1505 1411
1411 344
344 967
967 1035
967 1643
1035 233
233 1240
233 2234
1240 1714
1240 1983
1714 85
85 514
85 528
514 2014
2014 404
2014 284
404 887
887 987
987 1750
987 2165
1750 1553
1750 1705
1553 1384
1553 2220
1384 993
1384 1030
993 498
498 810
810 1752
810 1843
1752 396
1752 651
396 1996
1996 93
93 1022
1022 561
561 65
65 1839
1839 796
1839 213
796 917
917 1337
1337 492
1337 43
492 1080
492 1517
1080 1883
1080 1127
1883 1445
1883 772
1445 463
1445 2088
463 1167
463 2048
1167 1520
1520 1296
1520 2196
1296 2043
1296 1387
2043 913
913 869
869 1547
869 462
1547 541
1547 2003
541 1876
1876 116
116 1073
1073 2244
2244 1304
2244 978
1304 1737
1304 1146
1737 1440
1737 1683
1440 115
1440 1938
115 1346
1346 490
1346 440
490 2235
2235 2039
2039 1465
2039 2026
1465 1056
1465 289
1056 2075
1056 361
2075 1735
2075 702
1735 2017
1735 1511
2017 2145
2145 1348
2145 530
1348 941
1348 399
941 665
665 180
665 1245
180 493
180 826
493 489
489 567
567 2243
567 208
2243 1629
1629 1398
1398 401
1398 728
401 405
405 562
405 1291
562 684
562 286
684 882
684 1159
882 512
882 76
512 2041
512 196
2041 2032
2032 1536
2032 1690
1536 1763
1536 295
1763 1911
1911 1233
1911 1473
1233 1703
1233 1066
1703 178
1703 1134
178 15
178 1739
15 1771
1771 1050
1050 1785
1785 377
377 30
30 337
337 2082
2082 612
612 1373
1373 964
964 7
7 1207
7 1987
1207 2036
2036 1330
2036 2240
1330 1236
1330 379
1236 1954
1954 662
662 1220
1220 1982
1982 749
1982 1007
749 2226
2226 189
189 2229
189 146
2229 1215
2229 1099
1215 501
1215 616
501 1358
501 1704
1358 1117
1117 72
72 304
72 2228
304 730
730 600
730 880
600 176
600 159
176 419
176 998
419 283
419 192
283 1331
1331 28
1331 1875
28 1717
28 350
1717 314
1717 538
314 1364
314 2252
1364 1474
1364 357
1474 628
1474 1886
628 154
628 946
154 831
831 804
804 580
580 167
167 2195
2195 1832
1832 193
1832 1992
193 299
193 258
299 2089
299 2107
2089 1609
1609 1525
1609 290
1525 425
425 885
885 891
891 362
891 2122
362 1591
362 1818
1591 890
890 1305
890 141
1305 959
959 955
955 1169
955 2123
1169 1129
1129 1665
1129 1404
1665 505
505 1809
1809 1496
1809 2086
1496 937
937 1311
1311 63
63 1176
1176 2106
2106 776
776 1881
1881 1374
1881 595
1374 37
37 1765
1765 2241
2241 633
2241 1805
633 968
633 847
968 621
621 1319
1319 1045
1319 755
1045 1742
1045 1558
1742 1271
1271 1323
1271 1133
1323 986
986 57
57 1003
1003 1242
1003 347
1242 97
1242 1484
97 1362
97 556
1362 1106
1362 136
1106 2077
2077 1946
2077 1787
1946 1671
1946 1306
1671 173
1671 690
173 2024
2024 2038
2038 1925
2038 985
1925 2149
2149 1196
1196 790
1196 1279
790 1231
1231 1718
1718 1403
1718 471
1403 2035
1403 94
2035 1515
2035 474
1515 1820
1820 466
1820 914
466 278
466 1164
278 1110
1110 732
1110 1916
732 349
349 729
349 1858
729 2186
729 410
2186 1899
2186 316
1899 1277
1899 601
1277 1533
1277 581
1533 1424
1533 1394
1424 686
686 323
323 10
10 1352
10 1786
1352 2034
2034 2161
2161 1852
2161 1956
1852 319
319 1984
1984 693
1984 721
693 1620
1620 1059
1059 614
1059 793
614 1850
614 900
1850 1566
1850 499
1566 1137
1137 1962
1962 925
1962 1310
925 1155
1155 62
1155 1015
62 1269
62 1267
1269 1603
1603 2248
1603 1336
2248 437
437 855
855 1655
855 1887
1655 681
681 473
473 1092
1092 1212
1092 1697
1212 126
1212 348
126 821
821 1388
821 1120
1388 667
667 511
667 1537
511 1044
1044 1836
1044 1602
1836 256
256 1488
256 534
1488 574
574 2174
574 948
2174 768
768 385
385 912
385 1614
912 1860
912 1772
1860 963
963 707
707 1788
707 1708
1788 1095
1095 2000
2000 1531
2000 1076
1531 1701
1531 1313
1701 390
1701 122
390 555
390 1997
555 1813
555 715
1813 1249
1249 926
1249 1282
926 1075
926 191
1075 2095
1075 1498
2095 248
2095 539
248 712
712 2085
712 400
2085 120
2085 620
120 211
211 2141
2141 1197
1197 1756
1197 58
1756 1121
1756 1518
1121 491
491 253
491 1781
253 61
253 245
61 2007
61 533
2007 1325
1325 1024
1325 1842
1024 480
1024 1206
480 427
480 2232
427 2013
427 1104
2013 1318
1318 2074
2074 1804
1804 1017
1017 1947
1947 71
1947 171
71 229
229 1160
1160 2055
2055 1061
2055 2242
1061 1780
1061 636
1780 1696
1780 1740
1696 625
625 409
409 722
722 1847
1847 1379
1379 1879
1379 892
1879 1153
1879 2194
1153 2104
1153 2135
2104 1320
2104 422
1320 564
564 736
564 675
736 2001
2001 281
281 334
334 414
414 850
414 1431
850 1345
1345 960
1345 719
960 1390
1390 1453
1390 896
1453 1608
1608 1991
1608 773
1991 368
368 2002
368 638
2002 1412
1412 477
1412 294
477 1694
1694 1539
1694 1651
1539 1029
1029 77
1029 734
77 2227
77 1456
2227 619
619 1506
619 1831
1506 1443
1506 1644
1443 840
1443 125
840 1874
840 1634
1874 1635
1874 135
1635 1418
1418 1290
1290 733
733 130
130 1902
1902 1014
1014 1930
1930 441
1930 177
441 1822
1822 2175
2175 1040
1040 2185
2185 452
452 1503
1503 487
