13 1549 7726608
8 2
2 4
2 9
4 10
4 5
10 13
13 12
12 6
6 11
11 7
7 3
3 1
407 403
403 937
937 1468
937 626
1468 302
302 932
932 375
375 83
375 394
83 997
997 725
725 967
967 399
399 1009
399 869
1009 1485
1009 1078
1485 231
231 669
231 43
669 374
374 1031
374 982
1031 327
327 1043
1043 1108
1043 674
1108 1306
1108 1185
1306 1366
1306 224
1366 146
146 1156
1156 1436
1436 1189
1436 1136
1189 615
615 1397
1397 817
1397 237
817 1008
817 1255
1008 823
823 815
823 10
815 351
351 398
398 484
484 1309
1309 688
688 461
461 525
461 452
525 1310
525 923
1310 1268
1310 41
1268 37
1268 64
37 852
37 253
852 29
29 1534
29 259
1534 1055
1534 1330
1055 1419
1419 126
1419 1114
126 342
342 478
342 636
478 991
991 1292
1292 1254
1292 1037
1254 178
1254 985
178 1506
1506 1248
1248 1549
1248 107
1549 1359
1549 596
1359 1164
1359 980
1164 836
1164 575
836 1440
836 157
1440 744
744 1205
744 679
1205 471
1205 878
471 1347
471 1263
1347 651
651 1204
651 1214
1204 844
844 965
965 563
563 1383
1383 952
1383 74
952 1535
952 1021
1535 63
1535 7
63 1345
63 701
1345 425
425 777
777 412
412 530
530 1352
1352 114
114 687
687 826
687 888
826 566
566 623
623 68
68 274
68 872
274 228
274 389
228 1269
228 121
1269 1054
1054 637
1054 1015
637 1300
1300 1446
1446 305
1446 1067
305 1244
305 188
1244 55
1244 598
55 1351
55 455
1351 619
619 754
619 1319
754 354
754 1111
354 230
230 167
167 778
167 1492
778 1328
778 257
1328 477
1328 697
477 87
477 429
87 1356
87 1515
1356 607
1356 144
607 1407
1407 270
1407 182
270 516
516 36
516 13
36 1022
1022 1426
1426 828
828 1354
828 1126
1354 719
719 518
719 89
518 1326
1326 999
1326 906
999 260
260 395
395 263
395 1023
263 444
263 1230
444 1450
1450 643
1450 832
643 779
643 631
779 694
694 401
694 740
401 1444
1444 633
1444 1181
633 759
759 949
759 102
949 732
732 742
742 1047
1047 1250
1047 610
1250 657
657 1034
657 328
1034 148
1034 1191
148 1296
1296 1385
1385 1171
1171 662
1171 1382
662 418
418 422
418 60
422 614
422 45
614 640
640 473
473 360
473 1308
360 933
360 1110
933 873
873 511
873 966
511 301
511 883
301 1428
1428 1225
1225 629
1225 1229
629 4
629 1066
4 108
4 1145
108 256
256 864
864 593
593 622
622 472
622 533
472 1115
1115 239
1115 1520
239 488
239 16
488 26
26 1172
1172 728
728 652
728 919
652 691
652 831
691 712
691 884
712 1086
712 848
1086 671
1086 700
671 52
671 1393
52 926
52 448
926 1372
926 1240
1372 1131
1372 1068
1131 379
1131 1173
379 538
538 432
432 1190
432 941
1190 905
1190 549
905 20
905 376
20 1270
20 661
1270 792
792 670
670 483
670 800
483 276
276 297
297 1199
297 1122
1199 91
1199 223
91 348
348 269
348 343
269 350
350 141
141 47
47 685
47 595
685 523
685 1107
523 1239
1239 1016
1016 1109
1109 1451
1109 1184
1451 561
1451 1271
561 1048
561 386
1048 197
197 428
197 1029
428 22
22 891
22 1484
891 973
891 53
973 634
973 774
634 275
275 1130
1130 335
1130 825
335 115
115 23
23 48
48 1216
48 1278
1216 1357
1357 1332
1357 110
1332 1340
1332 42
1340 1365
1340 829
1365 1517
1365 822
1517 393
1517 5
393 77
393 361
77 1100
1100 153
153 1201
1201 788
788 1318
788 404
1318 751
751 353
353 1123
353 539
1123 896
1123 124
896 770
770 813
813 18
813 96
18 1062
1062 81
1062 320
81 840
81 284
840 589
589 334
589 58
334 1460
1460 1124
1460 1012
1124 35
1124 1151
35 729
729 1474
1474 195
195 1421
1421 806
806 604
806 56
604 1405
604 468
1405 363
363 1042
363 686
1042 907
1042 1510
907 646
646 289
289 243
243 1202
1202 467
467 1449
467 1071
1449 166
166 1
166 656
1 1252
1 573
1252 1342
1342 1079
1079 599
599 171
599 660
171 1288
171 1411
1288 784
1288 1533
784 442
784 901
442 1242
1242 736
1242 513
736 653
736 940
653 459
653 131
459 31
459 1102
31 703
31 1260
703 1213
703 500
1213 721
1213 974
721 1504
1504 1127
1504 1416
1127 1379
1379 727
727 88
88 1483
1483 391
391 1386
391 416
1386 996
996 443
443 97
443 1235
97 1104
97 739
1104 221
221 420
221 1367
420 344
344 430
344 1320
430 1548
430 579
1548 818
1548 1049
818 212
212 745
745 408
745 1026
408 654
408 317
654 1241
1241 165
165 217
165 1259
217 82
82 1128
82 1011
1128 246
246 1496
246 349
1496 1143
1143 1355
1355 235
1355 104
235 971
235 158
971 1475
971 181
1475 1453
1475 1010
1453 613
613 460
460 540
460 1162
540 834
540 106
834 388
834 469
388 1013
1013 963
963 1404
963 369
1404 1525
1525 635
635 105
105 191
105 913
191 1231
191 726
1231 507
507 1325
1325 213
213 718
718 738
738 709
709 1137
1137 15
15 1281
15 1409
1281 290
290 1513
1513 1479
1479 427
1479 998
427 1093
1093 588
1093 339
588 776
588 1080
776 1425
776 591
1425 445
445 1280
1280 1247
1247 69
1247 251
69 1061
1061 1293
1061 911
1293 554
1293 174
554 587
587 155
587 730
155 1346
1346 265
1346 44
265 527
265 1175
527 1343
527 552
1343 1223
1343 204
1223 193
193 1180
193 1418
1180 632
632 1408
632 616
1408 288
1408 1050
288 176
288 641
176 1401
1401 100
100 861
100 1243
861 1424
1424 168
168 1138
168 179
1138 992
992 969
969 463
463 524
524 1420
1420 764
764 1374
764 215
1374 411
411 277
277 617
617 1121
617 1188
1121 560
1121 117
560 1182
1182 722
722 333
333 1536
333 1466
1536 236
236 1279
1279 681
1279 714
681 543
681 229
543 1429
1429 19
19 1129
1129 169
1129 1493
169 939
169 116
939 995
939 1153
995 163
163 310
163 225
310 1322
1322 827
827 1394
827 75
1394 438
438 1212
1212 449
1212 976
449 312
449 708
312 1176
312 1224
1176 1313
1313 942
942 987
942 457
987 226
987 948
226 329
329 1096
1096 356
1096 1388
356 1208
1208 1470
1470 62
1470 526
62 1334
1334 94
1334 791
94 870
870 1036
1036 1473
1036 612
1473 601
1473 785
601 32
32 517
32 503
517 85
85 372
85 663
372 293
372 1455
293 562
293 71
562 692
562 1041
692 865
692 406
865 1507
1507 532
1507 103
532 380
532 28
380 1329
380 254
1329 667
667 984
984 1545
1545 850
1545 707
850 514
514 551
551 628
551 248
628 332
628 1069
332 400
332 1376
400 504
400 352
504 793
793 1519
1519 1289
1519 1238
1289 61
1289 172
61 1052
61 1410
1052 922
922 762
762 506
506 794
794 78
78 1262
78 450
1262 749
1262 812
749 1526
749 804
1526 311
311 1305
311 273
1305 200
1305 675
200 1257
200 1316
1257 544
1257 835
544 1134
544 989
1134 505
1134 30
505 292
505 903
292 1141
292 1456
1141 198
198 1500
1500 638
1500 159
638 189
638 433
189 1081
1081 968
1081 690
968 555
555 286
555 716
286 306
286 1040
306 1168
306 689
1168 336
1168 821
336 294
294 397
294 1087
397 287
287 1060
1060 1480
1480 676
676 564
564 1415
564 1417
1415 298
1415 1331
298 875
298 802
875 1498
875 1163
1498 1523
1523 267
267 1197
1197 90
90 1459
1459 1490
1459 1258
1490 1509
1509 8
8 677
677 93
677 1431
93 1544
1544 1051
1051 485
485 1377
485 1406
1377 710
1377 930
710 296
710 767
296 1503
296 216
1503 592
592 1518
592 972
1518 1203
1518 1538
1203 1220
1203 241
1220 1152
1220 1494
1152 994
1152 340
994 210
210 664
210 838
664 702
702 57
702 278
57 417
57 1339
417 1465
417 537
1465 666
666 162
666 493
162 1135
162 929
1135 1058
1135 1097
1058 851
1058 950
851 605
851 1218
605 1101
1101 498
498 960
498 720
960 546
960 904
546 783
783 1160
1160 387
387 782
782 431
431 1207
431 862
1207 568
1207 797
568 1537
568 279
1537 882
882 1000
1000 441
1000 956
441 59
59 958
59 1133
958 578
958 849
578 590
590 315
590 1179
315 1302
1302 879
879 476
879 845
476 1006
1006 1447
1447 190
190 1529
1529 1221
1221 234
234 731
234 1113
731 21
21 1219
21 1317
1219 1333
1333 220
1333 1186
220 1106
220 266
1106 142
1106 1075
142 453
453 368
368 790
790 795
795 373
373 440
373 876
440 1539
1539 833
1539 936
833 581
581 112
112 978
978 773
773 912
773 1392
912 1025
1025 814
814 841
814 981
841 672
841 316
672 711
711 733
711 383
733 1403
1403 161
161 1277
1277 1530
1277 419
1530 307
1530 1059
307 1169
307 111
1169 1065
1169 1396
1065 1543
1543 1505
1543 938
1505 1004
1004 447
1004 750
447 630
447 364
630 1284
630 993
1284 1378
1378 494
494 1350
1350 367
367 1187
1187 232
1187 1452
232 1294
1294 1099
1099 129
1099 491
129 1361
1361 1146
1361 761
1146 946
946 1285
946 308
1285 222
222 1027
1027 603
603 1311
603 285
1311 704
704 421
704 1413
421 602
602 1422
1422 1511
1511 577
577 72
72 1091
1091 1441
1441 1030
1030 769
769 347
347 492
492 318
492 319
318 1076
318 910
1076 501
501 611
501 321
611 1315
611 713
1315 1074
1074 314
314 1070
314 413
1070 698
1070 1399
698 272
272 303
272 1400
303 409
409 134
409 683
134 1390
1390 205
205 899
205 758
899 920
899 1471
920 1282
920 479
1282 695
1282 1542
695 890
695 385
890 1082
1082 6
6 1089
1089 1112
1089 624
1112 291
1112 1297
291 1327
291 1387
1327 658
658 323
323 931
323 1192
931 1307
1307 810
1307 858
810 1434
1434 481
481 807
807 1435
807 330
1435 1256
1435 192
1256 871
871 880
880 436
436 1398
436 470
1398 955
1398 1432
955 1541
1541 1085
1085 184
184 1226
1226 571
1226 233
571 898
898 854
898 66
854 1039
1039 723
723 1161
1161 337
337 322
337 304
322 908
322 970
908 125
125 325
125 892
325 1019
325 885
1019 550
550 486
486 177
177 1348
177 1384
1348 132
1348 1391
132 781
132 326
781 559
559 365
559 1341
365 1521
365 565
1521 1371
1521 1044
1371 735
1371 696
735 1014
735 706
1014 156
1014 295
156 1046
1046 944
1046 988
944 119
944 766
119 748
119 847
748 73
73 542
542 355
355 1157
1157 895
895 510
510 130
130 1140
1140 521
1140 816
521 1454
1454 927
927 495
927 1272
495 953
953 1445
1445 378
378 50
50 570
50 1167
570 99
570 151
99 499
499 34
34 1469
34 331
1469 567
1469 846
567 219
567 384
219 1499
219 959
1499 621
1499 262
621 1001
621 341
1001 986
986 194
194 1045
194 1090
1045 180
180 80
80 187
80 943
187 1299
187 842
1299 760
760 693
693 1024
693 1267
1024 586
586 1206
586 925
1206 1237
1206 1482
1237 1245
1237 456
1245 1395
1395 357
1395 1495
357 211
357 25
211 1364
211 175
1364 803
1364 40
803 809
809 474
809 897
474 1249
474 12
1249 868
1249 1154
868 149
868 338
149 1092
1092 1380
1380 1261
1380 535
1261 673
673 1056
673 914
1056 1088
1056 642
1088 46
46 118
46 1516
118 1117
1117 977
977 1063
1063 113
1063 186
113 975
113 24
975 1512
975 1467
1512 585
585 140
140 1118
1118 1443
1443 536
1443 1463
536 1077
536 145
1077 1389
1077 771
1389 1196
1196 1304
1304 917
917 214
214 789
214 244
789 49
49 451
49 594
451 208
208 1057
208 1236
1057 1540
1540 1103
1103 27
1103 1265
27 580
27 558
580 1481
580 1423
1481 1215
1481 1246
1215 123
123 556
123 1032
556 1508
1508 639
639 1438
639 915
1438 1287
1438 147
1287 207
207 547
547 173
173 54
54 196
54 1487
196 209
209 51
209 1286
51 717
717 1033
1033 853
853 962
853 582
962 264
962 860
264 608
264 1298
608 1266
1266 752
1266 268
752 747
747 1155
747 475
1155 1125
1155 874
1125 1375
1375 805
1375 775
805 921
805 509
921 281
281 519
519 497
519 1003
497 655
497 983
655 1072
1072 9
1072 1458
9 17
9 482
17 109
17 362
109 665
109 371
665 576
665 502
576 734
734 1200
1200 11
1200 787
11 801
801 877
877 1489
1489 1002
1489 1349
1002 824
824 405
405 1314
1314 377
1314 435
377 1321
1321 1177
1177 1291
1177 1274
1291 402
402 252
402 1437
252 1312
1312 1368
1312 1095
1368 382
1368 434
382 1132
382 1370
1132 39
1132 1532
39 798
39 150
798 1275
798 1105
1275 724
724 1363
1363 128
1363 1017
128 135
128 886
135 863
863 1209
1209 164
1209 1273
164 242
242 203
242 424
203 487
203 1144
487 1053
1053 548
1053 466
548 1491
1491 528
1491 76
528 1233
528 1402
1233 743
1233 255
743 1083
743 1234
1083 1159
1083 705
1159 839
1159 201
839 1020
839 780
1020 1038
1038 238
238 541
541 1139
541 1433
1139 856
856 410
856 1335
410 1018
1018 1073
1018 160
1073 359
1073 313
359 1369
359 415
1369 1462
1369 522
1462 1486
1462 1381
1486 715
715 645
715 138
645 508
508 881
508 557
881 489
881 1442
489 649
489 620
649 358
649 894
358 271
271 1084
271 1362
1084 465
465 1358
465 1524
1358 1344
1344 120
1344 33
120 808
120 1178
808 480
808 1158
480 1488
1488 345
345 650
345 668
650 1119
650 916
1119 811
1119 618
811 867
867 299
299 1414
299 462
1414 202
1414 1303
202 951
202 534
951 819
819 1502
1502 553
553 680
680 1150
680 136
1150 261
261 437
437 1501
437 1170
1501 1337
1501 1373
1337 755
1337 659
755 1116
1116 1290
1290 84
1290 92
84 1195
1195 737
737 772
772 38
38 1183
1183 282
1183 1064
282 183
183 1546
183 1147
1546 245
245 185
245 101
185 889
185 1478
889 1497
889 765
1497 414
414 1295
1295 250
1295 1464
250 763
250 1165
763 684
684 1531
684 1253
1531 464
1531 133
464 1120
1120 757
1120 258
757 1149
757 1527
1149 1005
1149 1457
1005 1094
1005 1324
1094 909
1094 240
909 928
928 837
837 572
837 283
572 1430
1430 1035
1035 426
426 1360
1360 280
1360 154
280 143
280 127
143 1301
143 902
1301 65
1301 396
65 935
65 1210
935 947
935 627
947 799
947 199
799 954
954 3
3 934
934 137
137 2
2 392
2 625
392 520
520 152
520 218
152 170
170 381
170 206
381 746
381 496
746 1472
1472 609
1472 1412
609 1283
1283 309
1283 95
309 67
309 227
67 574
67 1439
574 597
597 887
887 796
887 979
796 647
796 1251
647 786
647 531
786 454
454 458
454 1353
458 545
458 682
545 648
648 1148
1148 857
857 893
893 1477
1477 1323
1477 1222
1323 753
753 390
390 583
583 1514
1514 606
606 1338
1338 1461
1461 490
490 446
490 1476
446 79
79 366
366 843
843 1227
843 14
1227 139
1227 1427
139 600
139 855
600 324
600 300
324 70
70 423
70 529
423 990
423 1232
990 945
990 820
945 439
439 644
644 1007
644 569
1007 1028
1007 830
1028 249
249 1098
249 1142
1098 1264
1264 741
741 1528
1528 1276
1276 1194
1194 584
1194 1522
584 961
961 512
961 1228
512 756
512 1166
756 247
247 964
247 370
964 86
86 699
86 1211
699 346
699 1198
346 122
122 1448
1448 1217
1217 1193
1217 900
1193 515
515 1547
1547 98
1547 924
98 1174
1174 1336
1336 859
859 918
859 768
918 957
918 866
957 678
