24 1518 97082795
1 5
5 18
5 22
18 13
18 9
13 6
13 14
6 15
15 17
15 3
17 7
7 12
7 24
12 10
10 16
10 2
16 8
8 19
19 21
21 23
21 4
23 11
11 20
520 1153
520 783
1153 310
1153 810
310 1485
1485 331
331 1256
331 774
1256 181
181 529
529 1185
1185 517
1185 762
517 491
517 1263
491 1362
1362 796
1362 1158
796 462
462 523
462 170
523 1036
1036 187
1036 642
187 904
187 1498
904 1045
1045 965
1045 1012
965 876
876 1102
876 1370
1102 1285
1285 359
1285 1215
359 342
359 1332
342 602
602 949
602 14
949 571
571 753
753 1055
753 1273
1055 1151
1055 473
1151 552
552 1020
1020 710
1020 548
710 1011
710 416
1011 1452
1452 923
923 443
443 105
443 1084
105 1395
105 1343
1395 973
973 1126
973 228
1126 618
1126 940
618 1507
618 633
1507 987
987 101
101 439
101 224
439 173
173 1223
173 1457
1223 1514
1223 609
1514 389
1514 1350
389 787
389 831
787 155
155 1333
1333 825
825 948
948 668
668 1213
1213 592
592 450
450 1456
450 570
1456 638
1456 893
638 433
638 1358
433 1386
433 1436
1386 373
1386 1401
373 641
641 169
169 720
720 5
5 882
882 305
882 1494
305 862
305 1303
862 795
862 84
795 309
795 448
309 998
998 936
936 688
688 351
688 30
351 419
419 1089
1089 829
829 1299
829 803
1299 1009
1009 1197
1197 994
1197 1495
994 721
994 192
721 423
423 1047
1047 543
543 95
95 477
95 64
477 1258
1258 1474
1258 1376
1474 391
1474 698
391 880
880 907
907 438
907 939
438 365
438 1236
365 1375
365 442
1375 362
1375 821
362 52
362 1178
52 586
586 270
586 426
270 840
840 1057
840 256
1057 431
431 1007
1007 1279
1007 597
1279 9
9 1038
1038 792
792 405
792 348
405 1219
405 1125
1219 1245
1245 8
8 1445
1445 111
111 1330
1330 594
594 1398
1398 303
1398 587
303 219
219 1259
219 808
1259 262
262 729
262 24
729 612
612 509
509 537
509 1150
537 420
420 915
915 278
915 1096
278 682
278 791
682 562
682 625
562 1244
562 1237
1244 999
1244 1511
999 777
999 444
777 394
394 912
394 218
912 986
912 1477
986 1276
986 966
1276 985
985 1176
985 980
1176 664
1176 1134
664 697
697 295
697 77
295 515
515 138
138 1424
1424 976
976 706
976 585
706 1079
706 461
1079 289
289 343
343 1493
1493 248
1493 188
248 1165
1165 1503
1165 669
1503 794
1503 600
794 1217
794 879
1217 776
776 1092
1092 1130
1130 261
1130 894
261 589
589 322
589 368
322 285
322 1353
285 809
809 1161
1161 1148
1148 35
35 286
35 573
286 598
286 1139
598 988
988 1224
1224 1169
1224 723
1169 524
1169 525
524 757
757 1043
757 755
1043 136
136 1363
136 557
1363 1063
1363 799
1063 578
1063 614
578 313
313 1121
313 1517
1121 1
1 1264
1264 677
677 716
716 1459
716 756
1459 497
1459 422
497 1301
1301 1021
1301 992
1021 184
1021 1210
184 846
846 911
846 66
911 97
911 403
97 1023
97 733
1023 559
559 837
559 953
837 505
837 1331
505 231
505 603
231 902
902 1466
1466 55
1466 1018
55 1246
55 212
1246 643
643 906
906 651
906 1428
651 890
651 827
890 764
764 1090
764 621
1090 913
1090 1046
913 206
206 541
206 223
541 1034
1034 683
683 943
943 1467
943 748
1467 357
357 229
357 6
229 1421
1421 646
646 455
455 838
455 963
838 779
838 823
779 367
367 408
408 978
978 662
662 440
440 1186
440 820
1186 1344
1344 1149
1344 1133
1149 1075
1075 1272
1075 1262
1272 944
1272 186
944 701
701 816
701 1364
816 1181
816 707
1181 92
1181 478
92 1269
92 379
1269 177
177 152
152 29
152 1202
29 1088
29 569
1088 28
28 156
156 719
719 556
556 870
556 1341
870 790
790 1234
1234 1117
1234 255
1117 454
454 65
454 1513
65 62
62 741
741 453
741 1404
453 1004
1004 1400
1400 854
1400 484
854 749
749 451
451 1378
451 1099
1378 208
1378 984
208 964
208 366
964 813
813 875
813 1447
875 1497
1497 883
1497 275
883 80
80 1241
80 736
1241 90
1241 1453
90 1032
90 760
1032 1441
1032 1240
1441 993
1441 800
993 763
763 768
768 44
44 466
466 1267
466 591
1267 110
1267 1220
110 1314
110 584
1314 864
864 337
864 1093
337 195
337 1137
195 172
195 1291
172 861
172 1322
861 284
284 1211
284 247
1211 1468
1211 1028
1468 860
1468 690
860 605
605 981
981 36
981 1066
36 903
903 1104
903 832
1104 254
254 1454
254 490
1454 738
1454 496
738 695
738 979
695 1242
695 400
1242 242
242 131
131 704
704 1304
1304 711
711 932
932 1499
932 680
1499 1193
1499 481
1193 324
1193 1174
324 1260
324 300
1260 332
332 921
332 1367
921 265
921 1085
265 1179
265 474
1179 132
1179 318
132 85
132 375
85 211
85 49
211 577
211 968
577 166
577 996
166 471
166 867
471 482
471 312
482 1081
1081 1462
1081 759
1462 57
57 361
361 705
361 1163
705 199
199 658
199 1064
658 346
346 514
514 258
258 336
258 1278
336 1317
336 991
1317 1473
1473 485
485 955
955 134
134 1205
134 1124
1205 401
401 1373
401 119
1373 1142
1142 1129
1129 61
61 667
667 492
492 652
652 1235
1235 353
353 301
353 395
301 1100
301 782
1100 802
802 1407
1407 1483
1483 1486
1486 866
866 476
476 1506
476 93
1506 699
1506 868
699 68
699 1391
68 383
68 387
383 1347
1347 1338
1347 1268
1338 877
1338 1190
877 483
483 1402
1402 1177
1402 1394
1177 946
946 1204
1204 1274
1204 266
1274 1471
1471 69
1471 684
69 758
758 1138
1138 693
693 1444
693 1243
1444 428
1444 1349
428 1283
428 1221
1283 102
1283 709
102 1502
1502 869
869 23
869 1414
23 1016
1016 663
663 386
386 645
645 765
765 330
765 328
330 163
330 174
163 78
163 504
78 1345
1345 227
227 1155
1155 681
1155 1010
681 2
681 632
2 1380
1380 644
1380 947
644 1123
1123 1315
1315 608
608 407
407 317
317 977
317 122
977 334
977 925
334 488
488 647
647 276
276 908
276 1192
908 1509
1509 712
1509 844
712 236
712 114
236 1319
1319 167
167 1325
167 744
1325 1003
1003 623
1003 1119
623 1478
623 382
1478 73
1478 34
73 1024
1024 627
1024 659
627 296
296 26
296 891
26 1112
1112 209
209 124
124 100
100 1184
1184 1056
1184 1318
1056 640
1056 175
640 1022
640 321
1022 954
954 1419
1419 146
146 771
146 1320
771 194
771 630
194 1049
194 457
1049 1323
1049 354
1323 103
103 1187
103 50
1187 960
960 1183
960 714
1183 352
1183 1086
352 849
849 833
833 12
833 550
12 634
634 596
596 498
498 176
498 1157
176 75
176 1060
75 446
446 533
533 1334
1334 595
595 71
71 87
87 107
87 385
107 356
107 580
356 522
356 967
522 302
302 260
302 1029
260 1491
260 957
1491 1140
1140 148
148 551
148 560
551 121
551 1231
121 916
916 214
214 1097
214 390
1097 561
1097 378
561 1166
1166 1455
1455 459
1455 323
459 480
480 1251
1251 104
104 510
104 280
510 112
510 1465
112 96
96 436
436 427
436 961
427 582
582 665
582 1159
665 610
610 201
201 1357
201 818
1357 737
737 775
775 700
700 406
406 843
406 539
843 1399
1399 202
202 780
202 747
780 45
780 1449
45 1120
45 615
1120 18
18 685
18 145
685 1255
1255 1073
1255 109
1073 409
1073 1035
409 545
545 1295
545 715
1295 86
1295 1201
86 370
86 479
370 277
277 830
277 269
830 1171
1171 79
1171 691
79 445
79 842
445 1000
1000 653
1000 1107
653 1342
653 1214
1342 536
1342 327
536 234
536 1257
234 502
234 1048
502 1312
1312 901
901 74
901 730
74 1383
1383 1374
1374 493
493 306
493 567
306 307
306 1208
307 38
307 734
38 1058
38 360
1058 1329
1329 535
535 636
535 566
636 1437
636 411
1437 1492
1437 1156
1492 1415
1415 1041
1041 89
89 358
89 673
358 851
358 108
851 1008
1008 661
661 1287
1287 333
333 1420
333 884
1420 72
1420 898
72 424
424 67
67 1189
67 922
1189 123
1189 1199
123 421
421 1128
1128 1109
1128 1307
1109 1476
1109 675
1476 1110
1476 1481
1110 447
1110 171
447 486
447 1482
486 449
449 872
872 91
872 588
91 1326
1326 654
654 910
654 1136
910 885
885 495
495 530
530 372
372 338
338 125
125 415
125 11
415 983
415 282
983 392
392 1389
392 1488
1389 696
1389 464
696 629
696 499
629 1203
1203 465
1203 1168
465 274
274 1015
274 1152
1015 130
130 398
130 622
398 141
398 1230
141 467
467 805
467 1228
805 308
308 10
308 958
10 430
430 487
487 83
487 935
83 1005
1005 40
40 251
40 1425
251 1002
1002 22
1002 1051
22 576
576 905
576 934
905 196
196 671
196 1135
671 27
27 945
27 839
945 178
178 1480
1480 298
298 772
298 798
772 728
728 804
804 128
128 1083
1083 432
1083 1369
432 1321
1321 743
743 746
746 1393
1393 161
161 941
941 606
941 1106
606 232
232 246
246 198
198 769
198 1113
769 1411
769 115
1411 1087
1087 470
1087 116
470 1216
1216 32
32 137
137 1340
137 1013
1340 997
1340 53
997 725
725 1025
1025 21
21 139
139 635
635 531
531 1281
531 637
1281 1392
1281 857
1392 1277
1392 850
1277 320
1277 217
320 1311
1311 59
1311 340
59 650
650 17
17 1118
17 120
1118 926
1118 1385
926 666
666 824
666 1416
824 528
528 619
528 848
619 727
619 1379
727 1518
727 388
1518 1103
1103 13
13 264
264 718
264 189
718 761
718 460
761 1352
761 1071
1352 583
1352 1450
583 817
817 1212
817 1232
1212 7
1212 1082
7 1040
1040 240
1040 1206
240 889
240 822
889 1298
1298 819
819 888
888 1487
1487 1050
1487 1027
1050 1475
1050 563
1475 836
836 1302
836 927
1302 142
142 853
853 127
127 60
60 1072
60 527
1072 1504
1072 70
1504 249
249 1434
249 1198
1434 1360
1360 526
1360 160
526 1438
526 319
1438 168
1438 1227
168 1409
168 726
1409 39
1409 475
39 1247
39 99
1247 106
106 1355
106 789
1355 1464
1464 969
1464 724
969 1337
969 314
1337 159
1337 873
159 1249
1249 410
410 745
745 555
555 513
513 1191
513 381
1191 1141
1141 678
678 648
648 767
767 607
767 694
607 735
607 1463
735 182
182 574
182 16
574 742
742 347
347 1265
347 852
1265 58
1265 1309
58 117
58 995
117 316
316 631
631 970
631 740
970 717
717 37
37 1368
37 1182
1368 25
1368 604
25 1403
1403 950
950 1127
1127 1339
1127 41
1339 1427
1339 1077
1427 244
1427 1366
244 1387
244 766
1387 1039
1387 674
1039 702
702 1094
1094 655
1094 43
655 1091
1091 503
1091 754
503 959
503 355
959 304
959 516
304 506
506 396
396 434
434 508
434 1266
508 924
924 1108
924 538
1108 1448
1448 153
1448 1316
153 326
326 149
326 190
149 1313
149 501
1313 558
1313 886
558 639
639 899
899 1033
899 1280
1033 1271
1271 1238
1271 250
1238 518
1238 1144
518 3
518 1188
3 989
989 881
881 731
881 215
731 975
975 297
297 679
297 929
679 1397
1397 221
1397 613
221 544
544 1429
544 185
1429 1131
1131 1461
1461 404
1461 458
404 781
781 81
81 1226
81 546
1226 1496
1496 235
235 1292
235 63
1292 271
271 1122
1122 257
1122 203
257 1143
1143 1105
1143 687
1105 739
739 858
858 900
900 930
930 815
815 1335
815 1458
1335 920
920 82
82 472
82 713
472 770
472 292
770 418
418 1052
1052 1297
1052 1037
1297 1501
1297 1439
1501 1145
1145 942
942 657
942 1069
657 1200
1200 15
15 417
15 626
417 4
417 847
4 243
243 1175
1175 369
369 1305
1305 413
413 1324
1324 572
1324 1451
572 293
293 814
293 1275
814 402
402 1095
402 649
1095 193
1095 785
193 1288
193 859
1288 931
931 339
339 345
339 1250
345 393
393 1026
393 863
1026 1218
1026 547
1218 210
210 1053
210 144
1053 291
1053 835
291 19
19 1098
19 1484
1098 1388
1388 1361
1361 1222
1222 1390
1390 928
928 828
828 165
828 579
165 914
914 1422
914 620
1422 1300
1422 311
1300 452
1300 956
452 56
56 540
56 399
540 272
272 1162
1162 425
425 1160
1160 98
98 1233
98 575
1233 1254
1254 1076
1254 197
1076 708
1076 806
708 1354
708 784
1354 273
273 1030
273 267
1030 205
1030 1180
205 54
205 94
54 1489
54 1286
1489 1306
1489 384
1306 1116
1306 1248
1116 1440
1440 1505
1505 456
456 581
456 412
581 191
191 1062
1062 801
801 207
207 1396
207 1261
1396 1019
1396 534
1019 507
1019 856
507 288
288 216
216 778
216 568
778 532
532 47
532 865
47 1500
47 703
1500 599
599 1031
599 183
1031 951
951 133
133 1115
133 51
1115 1042
1042 259
1042 1417
259 374
259 1014
374 1065
1065 150
1065 1516
150 1154
150 841
1154 1405
1154 281
1405 1336
1405 624
1336 237
237 892
237 1412
892 1426
1426 1059
1059 263
263 1068
263 88
1068 1328
1068 1346
1328 1413
1413 773
773 1270
1270 230
1270 1423
230 1472
230 364
1472 463
1472 325
463 672
672 1359
672 807
1359 1111
1359 126
1111 349
349 157
349 441
157 512
512 494
512 376
494 919
494 76
919 1348
1348 414
1348 1372
414 500
500 1001
500 1173
1001 42
42 793
42 676
793 200
200 511
200 1282
511 878
878 335
335 180
180 252
180 20
252 162
162 1017
162 689
1017 1435
1017 855
1435 1510
1510 797
797 1377
797 437
1377 660
1377 48
660 290
290 1229
290 887
1229 371
1229 751
371 1146
1146 1408
1146 118
1408 590
1408 553
590 1406
1406 1294
1294 397
397 294
397 670
294 363
363 990
990 933
990 469
933 140
933 686
140 377
140 1194
377 341
341 1351
341 974
1351 909
1351 435
909 1289
1289 752
1289 1433
752 238
238 542
542 1430
1430 245
245 616
616 982
616 1308
982 241
982 871
241 1431
1431 896
1431 283
896 179
896 1284
179 1479
179 656
1479 1410
1479 1327
1410 1207
1207 1239
1207 135
1239 1442
1442 1384
1384 519
519 158
519 564
158 1293
158 279
1293 315
1293 489
315 611
315 299
611 692
692 233
233 113
233 253
113 1147
113 344
1147 268
268 222
268 1446
222 239
239 33
33 788
788 1418
788 31
1418 952
1418 1078
952 164
164 732
732 143
143 845
845 154
845 1164
154 521
154 917
521 1061
1061 811
811 429
429 750
429 826
750 1172
1172 329
1172 628
329 565
565 147
565 1101
147 1512
1512 1132
1132 1365
1132 972
1365 1080
1365 1253
1080 918
1080 1054
918 962
962 834
834 549
549 1432
549 226
1432 1290
1290 812
1290 1070
812 786
786 1225
1225 1170
1170 1381
1381 938
938 225
225 1195
1195 1382
1382 1114
1382 1460
1114 1310
1114 601
1310 213
1310 1044
213 204
204 1252
1252 971
1252 1508
971 46
46 1209
1209 1469
1209 220
1469 617
617 1067
1067 287
287 722
287 1515
722 1074
1074 468
1074 1356
468 1006
1006 1490
1490 1470
1470 1443
1470 895
1443 1167
1443 129
1167 1196
1196 874
1196 350
874 1296
1296 1371
1296 151
1371 593
1371 937
593 897
593 554
897 380
