24 1437 202141267
17 2
2 13
2 1
13 6
13 9
6 18
6 16
18 21
21 23
23 4
23 5
4 10
4 8
10 11
10 12
11 7
7 24
24 19
24 14
19 20
19 22
20 15
15 3
1231 1320
1320 1196
1196 847
847 1040
1040 451
1040 1267
451 292
292 1150
292 330
1150 858
858 671
858 997
671 152
671 93
152 106
106 755
106 679
755 623
755 1214
623 1017
1017 137
1017 185
137 901
901 440
901 1282
440 277
277 717
717 449
717 173
449 253
449 493
253 1192
253 51
1192 845
845 301
301 778
301 536
778 1091
778 282
1091 672
1091 562
672 1221
1221 1201
1221 1020
1201 1188
1201 175
1188 606
1188 150
606 839
606 568
839 1121
1121 770
1121 900
770 379
770 649
379 1333
1333 799
1333 1264
799 275
275 27
275 1250
27 1361
1361 1057
1057 243
243 753
243 1225
753 689
753 368
689 92
689 722
92 1068
1068 86
86 849
86 752
849 1395
1395 1183
1395 887
1183 260
1183 1419
260 1049
260 1000
1049 334
1049 1272
334 1245
334 874
1245 1268
1245 28
1268 802
1268 268
802 191
191 121
121 434
434 532
532 400
532 373
400 360
360 991
991 959
959 1129
959 226
1129 773
1129 1270
773 1437
773 297
1437 439
1437 725
439 1411
1411 1386
1411 1362
1386 941
941 46
46 217
46 14
217 771
217 35
771 805
805 899
899 33
33 873
873 67
873 164
67 70
67 352
70 24
24 584
584 645
645 1305
1305 1238
1305 1335
1238 340
1238 404
340 254
254 344
344 1372
344 734
1372 1391
1372 441
1391 999
1391 1162
999 571
571 1180
571 5
1180 393
393 1262
393 625
1262 1176
1176 860
860 540
860 633
540 903
903 866
903 375
866 270
270 422
270 146
422 124
124 602
124 1135
602 712
712 38
38 588
38 216
588 1275
1275 245
1275 637
245 723
723 426
723 558
426 1310
426 255
1310 709
1310 1116
709 458
709 69
458 159
159 309
309 1216
309 1090
1216 936
936 696
936 1024
696 1392
696 947
1392 489
489 229
489 140
229 54
54 1287
1287 705
1287 750
705 557
557 833
557 1329
833 367
833 600
367 543
543 16
543 1190
16 56
16 455
56 134
56 792
134 250
134 474
250 1311
1311 986
986 354
354 1204
1204 1421
1204 806
1421 336
336 877
336 1144
877 659
877 475
659 1143
659 888
1143 1261
1261 1203
1261 764
1203 265
265 923
923 951
951 1140
951 387
1140 1120
1120 846
1120 1367
846 914
914 1032
1032 822
1032 399
822 147
822 1371
147 762
147 898
762 809
809 181
809 840
181 462
181 238
462 989
989 1433
1433 1412
1433 774
1412 578
1412 1404
578 166
166 883
166 1218
883 136
883 262
136 278
278 1263
1263 386
1263 347
386 391
386 335
391 1025
1025 492
1025 1337
492 884
884 328
884 1028
328 987
987 1123
1123 312
312 996
312 1075
996 674
674 58
674 573
58 261
261 25
261 1379
25 237
237 331
237 273
331 381
381 1252
1252 838
1252 431
838 178
178 1163
1163 1182
1182 917
1182 471
917 149
149 281
149 1243
281 682
281 657
682 316
682 79
316 163
316 1330
163 102
163 406
102 39
102 353
39 1141
1141 1374
1374 15
15 380
15 203
380 1111
1111 1008
1111 394
1008 111
111 498
498 433
498 1409
433 775
775 208
208 167
208 598
167 854
167 818
854 1424
854 1331
1424 325
325 1332
325 636
1332 1029
1332 1398
1029 460
460 48
460 1168
48 935
48 1052
935 437
935 1061
437 153
153 1350
153 1410
1350 526
526 90
90 878
90 1229
878 1378
878 108
1378 891
1378 1157
891 247
891 8
247 1122
1122 1324
1324 267
1324 631
267 412
412 310
412 882
310 414
310 450
414 246
414 577
246 534
246 290
534 1054
534 666
1054 300
300 1093
1093 1242
1242 120
1242 1142
120 832
832 686
686 1420
686 1117
1420 895
1420 333
895 119
119 1230
1230 828
1230 826
828 81
81 1357
81 482
1357 486
486 1364
486 22
1364 1353
1353 630
630 1339
630 172
1339 519
1339 1426
519 1152
519 1197
1152 892
1152 77
892 417
892 228
417 1298
1298 694
694 691
691 231
691 825
231 91
91 990
91 720
990 842
842 549
549 326
326 194
326 524
194 1289
194 452
1289 37
1289 109
37 735
37 364
735 1418
1418 697
1418 612
697 869
869 1301
869 960
1301 1021
1021 188
1021 890
188 880
880 1103
1103 337
337 469
469 652
469 358
652 1066
652 1325
1066 902
1066 909
902 857
857 1
1 488
1 1047
488 88
488 766
88 949
949 529
529 1005
1005 242
242 1220
242 922
1220 465
1220 143
465 1011
465 369
1011 1187
1011 1147
1187 547
547 1365
547 405
1365 1067
1067 523
523 772
523 668
772 1089
772 675
1089 1164
1164 114
114 830
830 1401
1401 1356
1356 468
468 514
514 1124
1124 751
1124 1273
751 1158
751 1100
1158 101
1158 952
101 1072
101 1387
1072 641
641 1336
1336 75
75 1193
1193 701
701 650
701 798
650 1246
650 1186
1246 740
1246 470
740 296
296 932
932 1002
932 695
1002 397
397 580
580 1326
1326 505
505 1108
505 575
1108 934
934 63
63 1236
1236 1004
1236 98
1004 287
287 817
817 808
817 1206
808 1119
1119 662
1119 977
662 1354
662 552
1354 533
533 122
122 1159
1159 145
1159 812
145 1106
145 225
1106 678
1106 96
678 1012
1012 432
1012 1179
432 938
938 589
938 1292
589 1247
1247 1227
1227 1177
1227 239
1177 313
1177 569
313 1042
1042 198
1042 41
198 1396
198 950
1396 1083
1083 1302
1302 530
530 142
530 346
142 724
724 165
165 1431
165 797
1431 958
958 929
958 1156
929 480
480 1114
480 403
1114 490
490 162
490 376
162 756
756 12
12 1165
12 617
1165 1366
1165 1082
1366 1388
1388 1299
1388 180
1299 1309
1299 1368
1309 994
1309 553
994 1352
1352 26
26 911
26 910
911 199
911 82
199 89
89 1413
89 916
1413 421
421 467
467 1076
467 419
1076 1038
1076 841
1038 1385
1385 304
304 1023
304 683
1023 721
721 777
721 601
777 283
283 154
154 3
3 1109
1109 227
227 757
757 184
757 36
184 484
484 50
484 293
50 603
603 760
760 357
760 496
357 610
357 1359
610 135
135 62
62 341
62 127
341 1078
341 1181
1078 104
1078 214
104 706
104 1307
706 743
706 1208
743 1172
1172 1402
1172 221
1402 2
1402 274
2 408
2 190
408 144
408 105
144 1389
1389 264
264 151
264 68
151 876
876 946
946 596
596 1063
1063 591
1063 988
591 871
591 643
871 893
871 1051
893 787
787 501
501 370
501 767
370 171
171 456
456 859
859 1006
1006 881
1006 567
881 698
881 1146
698 727
727 1048
1048 1234
1234 982
1234 476
982 626
626 1342
1342 1009
1342 583
1009 942
942 392
392 158
392 730
158 315
158 73
315 560
560 1069
1069 1219
1069 1107
1219 1084
1219 155
1084 233
233 74
74 1131
74 660
1131 518
518 843
843 1348
843 1092
1348 1360
1360 7
1360 744
7 656
7 928
656 513
513 791
513 745
791 864
864 463
463 64
64 704
704 390
704 259
390 1132
1132 863
863 1019
1019 263
263 500
263 853
500 269
500 579
269 1251
1251 661
1251 1018
661 1098
1098 430
430 1207
1207 1155
1155 1405
1405 979
1405 248
979 497
497 1422
497 862
1422 644
1422 308
644 664
664 110
110 1055
1055 1094
1055 1432
1094 29
29 413
29 139
413 737
413 1095
737 401
737 40
401 658
401 442
658 968
968 1315
968 504
1315 1288
1315 867
1288 627
1288 1044
627 1344
1344 1279
1344 1258
1279 148
148 1136
148 1003
1136 1257
1257 1139
1139 193
1139 65
193 515
515 619
619 11
619 349
11 220
11 17
220 1194
1194 763
763 852
852 1370
1370 585
1370 905
585 707
585 60
707 1295
707 195
1295 785
785 879
785 314
879 298
298 428
298 545
428 587
587 1217
1217 978
978 218
218 1074
1074 1167
1167 907
1167 554
907 739
907 319
739 72
739 628
72 1417
72 1256
1417 933
933 754
754 886
754 615
886 904
904 1058
904 964
1058 1212
1058 710
1212 395
395 160
160 608
160 983
608 339
608 703
339 835
339 279
835 1399
1399 1064
1399 1351
1064 520
520 1053
1053 1035
1035 786
786 506
786 454
506 1313
506 1300
1313 398
398 939
939 783
783 718
783 1138
718 856
856 61
856 574
61 445
61 502
445 1423
1423 944
944 209
209 133
133 232
133 443
232 1428
1428 1284
1428 130
1284 1286
1284 564
1286 321
321 1397
321 776
1397 741
1397 241
741 690
690 965
690 236
965 688
688 115
115 378
378 794
794 972
794 294
972 535
972 1280
535 459
535 416
459 736
459 350
736 629
736 324
629 448
448 731
731 1113
1113 761
1113 528
761 473
761 782
473 1161
1161 1209
1209 18
18 733
733 318
733 1390
318 307
318 4
307 1249
307 1085
1249 206
206 966
206 1290
966 189
189 1191
1191 1382
1191 1045
1382 803
803 586
586 539
539 212
539 112
212 804
212 338
804 47
804 174
47 1205
47 49
1205 1400
1400 906
906 126
906 495
126 597
126 1375
597 1202
597 1347
1202 1394
1394 244
244 1128
1128 955
955 251
955 702
251 87
87 931
87 875
931 302
931 224
302 870
302 789
870 230
230 1086
230 1014
1086 850
1086 971
850 384
850 548
384 477
477 1380
1380 765
765 1373
765 1097
1373 1099
1373 1406
1099 829
1099 559
829 197
197 699
699 796
699 677
796 642
796 303
642 222
642 1327
222 561
222 447
561 343
343 930
930 179
930 732
179 815
179 411
815 1235
815 249
1235 1125
1235 616
1125 758
1125 995
758 362
758 1317
362 266
266 125
125 632
632 322
632 1306
322 1145
322 323
1145 1233
1233 889
1233 94
889 821
889 83
821 415
415 311
415 363
311 793
793 491
793 800
491 1007
1007 599
1007 868
599 1297
599 289
1297 975
1297 186
975 1393
1393 581
1393 976
581 925
581 1070
925 345
345 388
388 1174
388 1178
1174 34
34 604
34 1403
604 286
286 187
187 252
252 1118
252 1036
1118 1213
1213 356
356 507
356 831
507 1343
1343 1425
1343 1278
1425 436
1425 176
436 1427
436 1171
1427 614
1427 651
614 85
85 1056
85 1349
1056 728
1056 719
728 541
728 759
541 681
541 1060
681 291
291 685
291 382
685 531
531 522
531 1281
522 525
525 618
525 1312
618 479
618 20
479 80
479 23
80 52
52 168
168 611
168 366
611 71
71 100
71 407
100 107
100 1271
107 1210
107 223
1210 667
667 919
667 956
919 45
45 537
537 1134
537 320
1134 285
1134 1269
285 138
285 418
138 937
937 1328
1328 961
1328 1033
961 819
819 78
819 1151
78 141
141 1369
1369 123
1369 1323
123 1291
1291 848
1291 1046
848 202
202 654
654 499
499 861
861 66
861 1345
66 943
66 1223
943 670
943 235
670 1137
1137 435
435 1384
1384 383
1384 1013
383 711
383 969
711 1200
1200 684
684 622
684 487
622 348
622 271
348 327
327 19
19 183
183 820
183 993
820 746
746 747
747 128
128 837
128 372
837 97
837 908
97 984
984 43
43 1322
1322 555
555 748
748 1031
748 1241
1031 1173
1173 1112
1112 609
1112 1430
609 359
359 790
359 1073
790 84
84 204
204 42
42 30
42 1407
30 306
306 985
306 461
985 544
985 213
544 374
544 295
374 788
374 646
788 103
103 305
305 257
305 1153
257 1185
257 1015
1185 749
749 572
572 780
780 768
780 784
768 438
438 779
438 284
779 913
779 836
913 693
693 897
897 1253
897 131
1253 182
1253 1260
182 1283
182 1383
1283 1041
1041 885
1041 981
885 1228
885 962
1228 1199
1199 118
1199 1376
118 1293
1293 389
1293 116
389 1148
389 200
1148 729
729 1149
1149 157
1149 1184
157 640
157 954
640 992
640 635
992 1304
992 1316
1304 638
638 396
396 566
566 945
945 851
851 113
851 918
113 466
466 1026
466 716
1026 1276
1276 424
424 177
177 940
177 59
940 1415
940 485
1415 855
855 1001
1001 1255
1255 1314
1255 1239
1314 714
1314 676
714 55
714 570
55 377
377 801
801 639
639 582
639 6
582 1050
1050 1169
1169 31
31 21
31 834
21 1414
21 276
1414 669
1414 517
669 215
215 827
215 494
827 1266
1266 1232
1266 811
1232 1071
1071 973
1071 1195
973 1355
973 13
1355 810
810 1277
1277 272
1277 1363
272 365
272 594
365 655
365 1222
655 769
655 1160
769 371
371 425
425 967
425 444
967 210
210 546
210 453
546 556
556 595
595 1265
1265 700
1265 1105
700 332
700 385
332 1226
1226 10
10 948
948 715
948 472
715 663
715 410
663 1133
1133 1166
1133 1104
1166 457
457 1039
1039 201
201 924
201 521
924 680
680 1248
1248 170
170 1319
170 409
1319 576
576 1346
1346 1189
1346 1080
1189 317
1189 95
317 299
317 713
299 129
129 1030
129 921
1030 865
1030 953
865 1102
865 211
1102 726
1102 481
726 648
726 687
648 1043
1043 1079
1043 1381
1079 503
1079 427
503 624
624 423
624 1101
423 590
590 1259
1259 1334
1334 196
196 527
196 824
527 1062
1062 402
402 1254
402 1308
1254 957
957 607
607 117
607 1294
117 9
9 1088
9 329
1088 1126
1088 512
1126 920
920 708
920 926
708 781
781 1434
781 1130
1434 814
814 692
692 974
692 1341
974 894
894 1110
1110 1016
1016 205
1016 508
205 1198
1198 1010
1198 44
1010 647
647 420
647 1022
420 258
420 823
258 738
738 565
565 53
565 446
53 1340
1340 516
516 351
351 280
351 1377
280 1358
280 844
1358 1077
1358 156
1077 234
234 1224
234 483
1224 219
219 813
219 963
813 542
813 509
542 915
915 1321
915 169
1321 807
807 816
816 256
816 896
256 1303
1303 132
132 563
132 361
563 355
563 621
355 429
429 1027
429 1154
1027 1237
1237 1170
1237 1115
1170 1296
1170 192
1296 1087
1087 538
1087 1318
538 1285
1285 1274
1274 613
613 1215
1215 673
673 1436
673 1240
1436 1037
1037 665
665 1127
665 1059
1127 464
464 795
795 550
550 1065
1065 592
592 99
99 1081
99 1034
1081 872
872 605
605 927
927 653
653 1244
653 593
1244 342
342 998
342 240
998 288
288 1416
1416 1429
1416 207
1429 551
1429 912
551 161
551 1175
161 32
161 980
32 620
32 510
620 1211
1211 1435
1211 970
1435 634
1435 76
634 57
634 511
57 478
478 1408
478 1096
1408 742
742 1338
