2 1452 242634
1 2
1267 416
416 272
416 1163
272 785
272 198
785 943
785 1234
943 1126
1126 353
353 242
242 90
242 600
90 714
90 1307
714 843
714 112
843 970
970 445
970 1180
445 381
381 284
381 882
284 1212
284 1332
1212 1116
1116 1296
1296 872
872 565
872 275
565 670
565 385
670 657
657 282
282 1034
282 133
1034 747
1034 868
747 456
456 951
951 335
951 909
335 199
335 10
199 292
199 1045
292 239
292 1141
239 660
660 497
497 247
497 1047
247 725
725 890
725 1179
890 1398
1398 1209
1209 1005
1005 1293
1293 469
1293 438
469 126
126 393
393 690
690 1429
690 1273
1429 1040
1429 59
1040 634
1040 142
634 442
634 88
442 522
442 1175
522 929
929 572
929 1133
572 754
572 857
754 1428
754 312
1428 249
249 512
512 917
512 18
917 1008
917 1090
1008 128
1008 479
128 170
128 678
170 1044
1044 971
971 1048
1048 66
1048 509
66 1200
66 1415
1200 1173
1200 692
1173 723
1173 1117
723 1153
1153 419
419 1382
1382 564
1382 1232
564 1014
1014 920
1014 1112
920 563
563 1257
1257 1131
1131 999
1131 1063
999 26
26 367
367 1123
367 185
1123 1078
1078 755
1078 601
755 1451
755 612
1451 960
1451 778
960 1433
1433 930
930 963
930 266
963 826
963 79
826 1344
826 1269
1344 1104
1104 148
148 281
148 1361
281 323
281 1166
323 41
41 1021
1021 506
506 1379
1379 517
1379 262
517 750
750 549
549 695
549 1046
695 309
309 722
722 1165
722 1327
1165 263
263 1217
1217 1421
1217 1023
1421 940
1421 1129
940 219
940 70
219 240
240 1246
240 1397
1246 575
1246 1315
575 1403
575 1015
1403 371
371 810
810 1370
810 404
1370 1038
1038 52
52 743
743 853
743 598
853 71
71 1259
1259 990
990 342
990 844
342 1019
1019 1035
1035 132
132 286
286 830
286 878
830 491
830 1374
491 441
441 152
441 1037
152 978
978 1053
978 569
1053 1000
1000 321
321 1395
321 1067
1395 1248
1248 718
718 1193
718 797
1193 307
1193 256
307 1284
1284 1253
1253 200
1253 73
200 610
610 1172
610 1050
1172 515
1172 813
515 388
515 405
388 871
388 590
871 973
871 781
973 1002
1002 1373
1373 28
1373 1431
28 327
28 220
327 1125
327 403
1125 457
1125 297
457 608
457 422
608 1405
608 1157
1405 363
363 1120
1120 1042
1042 501
1042 1030
501 841
501 267
841 224
224 879
224 196
879 874
879 925
874 686
686 423
686 845
423 92
423 167
92 667
92 764
667 89
89 1276
89 1297
1276 837
837 1330
837 595
1330 630
1330 233
630 1182
630 271
1182 1350
1350 452
452 174
452 415
174 534
534 1052
1052 1118
1118 1143
1143 80
1143 1089
80 1426
1426 666
666 729
729 1210
1210 1151
1210 1446
1151 1376
1151 468
1376 1364
1364 231
1364 1022
231 304
231 557
304 228
304 577
228 120
120 236
236 159
236 293
159 1447
159 704
1447 1452
1447 681
1452 355
1452 796
355 379
355 1412
379 340
340 449
340 996
449 1354
1354 876
876 473
473 343
473 333
343 1360
1360 1119
1360 663
1119 125
125 12
125 1029
12 656
12 542
656 913
913 140
140 83
83 1097
83 757
1097 53
1097 1101
53 226
53 111
226 1164
1164 1017
1164 1319
1017 958
1017 783
958 369
369 1068
1068 561
1068 1011
561 1150
561 37
1150 395
395 221
395 158
221 520
520 121
520 269
121 318
318 945
945 235
945 1203
235 974
974 751
751 664
664 650
650 1281
650 655
1281 938
1281 296
938 477
477 524
477 1353
524 906
524 819
906 613
906 141
613 1242
613 607
1242 1255
1255 883
883 870
870 414
414 855
855 467
855 616
467 1310
1310 1247
1310 1260
1247 408
1247 17
408 299
299 91
91 45
91 1004
45 136
136 773
136 991
773 889
889 671
889 130
671 1230
671 1264
1230 359
359 1207
359 1314
1207 322
322 1434
322 733
1434 197
197 531
531 642
642 539
539 619
539 662
619 1186
619 560
1186 1436
1436 34
34 462
34 697
462 784
784 401
784 689
401 1092
1092 966
966 532
532 1098
1098 1220
1220 644
644 1388
644 749
1388 580
580 1339
580 394
1339 672
672 780
780 744
744 758
758 465
758 339
465 40
40 484
484 1326
484 1128
1326 494
1326 1194
494 77
494 702
77 1229
77 1313
1229 886
886 530
886 168
530 1009
1009 202
1009 896
202 682
682 490
682 842
490 138
490 65
138 36
138 989
36 1074
36 1266
1074 1024
1024 851
1024 1387
851 521
521 1340
1340 1085
1085 338
338 1226
338 314
1226 1202
1226 1304
1202 1237
1202 766
1237 1399
1237 953
1399 471
1399 160
471 1301
471 1134
1301 1140
1301 908
1140 1331
1140 1026
1331 518
518 1072
1072 496
1072 887
496 765
496 640
765 434
765 1091
434 833
833 713
833 1233
713 162
713 965
162 1245
162 555
1245 596
596 1268
596 551
1268 171
171 954
171 653
954 916
916 1070
1070 164
164 1135
1135 373
373 617
617 553
553 349
349 802
349 1146
802 1159
802 1406
1159 96
96 1088
96 696
1088 74
74 470
470 316
316 1095
1095 808
1095 389
808 554
554 1317
1317 583
583 618
618 1231
618 1320
1231 654
654 1213
654 1393
1213 1188
1213 942
1188 475
475 1057
1057 169
1057 852
169 1176
1176 93
1176 291
93 1160
93 1410
1160 209
1160 361
209 1359
209 144
1359 934
934 1419
1419 807
807 964
807 789
964 278
964 97
278 48
278 1109
48 1058
1058 633
1058 376
633 3
3 585
3 639
585 122
122 181
181 23
23 1228
1228 238
1228 426
238 772
238 8
772 360
360 261
360 418
261 324
324 912
324 326
912 543
912 946
543 1352
543 982
1352 1204
1204 1156
1204 1271
1156 1409
1409 29
29 790
29 1295
790 1224
790 573
1224 348
348 1215
1215 1256
1256 736
736 447
447 482
482 116
482 629
116 108
108 390
390 188
390 894
188 850
850 175
850 582
175 392
392 370
392 581
370 1076
370 1316
1076 1025
1076 186
1025 927
927 1103
1103 417
1103 786
417 458
458 622
458 319
622 867
622 948
867 223
867 1158
223 425
425 730
425 1249
730 1064
1064 795
795 430
430 567
567 35
567 1236
35 55
35 1345
55 1302
1302 787
1302 711
787 1283
1283 1341
1283 1279
1341 94
1341 1171
94 1407
94 956
1407 454
454 752
454 451
752 898
898 652
898 815
652 1321
1321 1303
1303 1401
1303 4
1401 172
1401 775
172 113
172 67
113 1244
1244 382
1244 20
382 14
14 38
38 541
38 195
541 820
820 668
668 767
767 396
767 225
396 413
396 1438
413 688
413 150
688 1252
688 411
1252 1169
1169 153
1169 806
153 638
153 621
638 719
719 488
488 919
488 1346
919 939
919 800
939 881
881 1185
881 674
1185 397
397 926
926 687
687 1306
687 862
1306 420
1306 998
420 368
420 540
368 276
276 717
717 1274
717 47
1274 709
1274 329
709 726
709 788
726 154
726 366
154 961
961 485
485 1056
1056 166
1056 1450
166 706
166 1199
706 64
706 317
64 1197
1197 1263
1263 300
300 124
300 446
124 570
570 1309
570 1322
1309 1299
1309 816
1299 119
119 129
119 432
129 503
129 993
503 1381
503 721
1381 972
972 732
732 1205
732 450
1205 1440
1205 106
1440 691
691 528
691 270
528 486
528 289
486 173
486 979
173 828
828 192
192 101
101 603
603 184
603 848
184 87
184 103
87 994
87 1167
994 356
994 558
356 1087
1087 645
645 1012
1012 777
777 631
631 265
265 675
675 1238
1238 1408
1408 611
1408 95
611 935
611 525
935 476
935 574
476 207
476 1383
207 1190
207 693
1190 907
907 99
99 131
131 793
793 914
914 1149
1149 1192
1192 135
1192 510
135 1007
1007 641
1007 183
641 274
641 352
274 1396
274 290
1396 179
179 337
337 1162
337 1221
1162 1251
1251 523
1251 1435
523 149
149 566
149 427
566 892
892 204
204 944
944 661
661 584
584 1254
1254 504
1254 305
504 897
504 229
897 694
694 947
694 358
947 406
947 1311
406 115
115 1277
1277 547
547 975
547 118
975 295
975 620
295 109
109 308
308 838
838 924
838 679
924 448
448 899
448 431
899 1378
899 347
1378 635
1378 859
635 180
180 157
180 839
157 1285
157 439
1285 429
1285 1362
429 1375
1375 1168
1168 273
273 858
858 1356
1356 1148
1356 731
1148 1348
1148 190
1348 955
1348 483
955 57
57 13
13 884
884 1069
884 1060
1069 1333
1333 1183
1333 1400
1183 915
1183 189
915 1041
1041 259
1041 39
259 776
776 60
776 1298
60 24
60 264
24 1366
1366 1367
1367 902
902 1051
902 1425
1051 62
62 1189
1189 1262
1262 880
1262 609
880 433
433 493
493 165
165 1178
1178 2
2 182
2 624
182 387
182 537
387 708
387 1139
708 365
708 1443
365 587
365 1155
587 21
587 332
21 1170
1170 544
544 1032
544 161
1032 1227
1032 1282
1227 1418
1227 443
1418 1444
1444 1031
1444 279
1031 873
1031 1003
873 49
49 459
459 933
933 734
734 155
734 320
155 5
155 1161
5 383
5 589
383 257
383 1
257 1368
1368 1337
1368 1323
1337 511
1337 740
511 895
511 58
895 117
117 803
803 597
803 424
597 78
597 1423
78 334
78 218
334 102
334 763
102 145
102 1094
145 903
145 1196
903 253
903 1028
253 1289
1289 1394
1289 1384
1394 1338
1394 1325
1338 529
1338 735
529 1300
1300 244
244 495
244 386
495 421
495 399
421 836
421 864
836 739
739 44
44 1287
1287 1054
1054 187
187 489
489 1288
1288 791
1288 823
791 1127
1127 1371
1371 330
330 134
134 538
538 928
538 1206
928 1305
928 19
1305 1445
1445 1239
1445 669
1239 1214
1239 105
1214 987
1214 931
987 676
676 700
676 151
700 502
700 1439
502 1195
502 42
1195 716
1195 831
716 746
716 43
746 1372
746 665
1372 435
435 1420
435 1145
1420 350
1420 727
350 1414
350 545
1414 341
341 1334
341 636
1334 684
684 472
472 1235
472 505
1235 1377
1377 568
568 986
568 444
986 1243
986 344
1243 705
1243 213
705 75
75 737
737 1336
1336 646
1336 1061
646 1059
1059 474
1059 805
474 904
904 759
759 246
246 1111
246 163
1111 15
1111 453
15 981
981 1223
981 1278
1223 593
593 1130
1130 988
1130 409
988 203
203 248
248 407
407 1036
1036 30
30 922
922 1073
922 251
1073 1084
1084 85
1084 556
85 1275
85 1290
1275 139
139 834
139 1121
834 824
834 649
824 771
771 1187
771 1039
1187 436
436 1142
436 303
1142 384
384 1357
1357 255
1357 1122
255 1020
1020 1062
1062 1077
1062 1308
1077 877
1077 1355
877 391
877 1080
391 9
9 950
950 856
950 832
856 984
984 298
984 222
298 1342
1342 6
1342 614
6 865
865 7
865 33
7 147
147 673
673 1010
673 1437
1010 651
651 410
651 869
410 1240
410 606
1240 941
941 461
941 995
461 63
461 1099
63 997
63 32
997 1191
1191 1280
1280 1152
1280 68
1152 827
1152 499
827 1291
827 579
1291 374
1291 143
374 738
738 698
698 280
698 1430
280 1096
280 1001
1096 1066
1096 1154
1066 863
1066 774
863 508
863 1079
508 1211
1211 514
514 745
745 234
234 822
822 123
822 1294
123 748
748 146
146 952
952 825
952 372
825 648
825 1329
648 31
648 325
31 205
205 804
205 191
804 11
11 1181
1181 1369
1181 313
1369 720
720 294
720 677
294 61
294 480
61 1105
61 357
1105 866
866 1184
1184 1424
1424 659
1424 885
659 647
647 364
647 1198
364 212
364 910
212 1082
1082 1006
1082 1261
1006 1386
1006 302
1386 969
1386 741
969 1132
969 701
1132 699
1132 519
699 937
699 707
937 576
937 712
576 1270
576 1411
1270 500
500 440
500 1250
440 1448
1448 548
1448 756
548 1324
1324 1422
1324 177
1422 602
602 402
602 1241
402 628
402 893
628 586
628 578
586 703
703 728
728 1114
728 1071
1114 761
761 1392
1392 193
1392 1417
193 351
351 516
351 437
516 1349
516 22
1349 481
1349 680
481 288
481 1013
288 623
288 1347
623 46
46 1413
46 1147
1413 632
1413 1432
632 968
632 1093
968 245
245 829
829 1265
1265 254
1265 104
254 1343
1343 715
1343 1225
715 875
875 594
875 1416
594 888
594 217
888 683
888 210
683 206
206 769
206 478
769 959
959 1138
1138 967
967 258
258 1389
1389 792
1389 812
792 1075
1075 1055
1075 1081
1055 241
241 599
241 625
599 507
599 949
507 779
507 1335
779 742
779 854
742 513
742 1033
513 100
513 770
100 923
100 809
923 398
923 250
398 76
398 127
76 1380
1380 710
710 1286
710 69
1286 798
798 230
798 1222
230 637
637 1312
637 1272
1312 992
992 1427
1427 976
1427 592
976 346
346 378
346 811
378 983
378 615
983 1402
983 626
1402 137
137 328
328 891
328 1102
891 375
891 760
375 336
336 1177
336 56
1177 114
114 1016
1016 552
552 315
315 1219
315 605
1219 527
527 331
331 208
331 72
208 287
208 846
287 1318
1318 311
1318 354
311 559
311 753
559 977
977 50
50 918
50 1136
918 936
936 1358
1358 306
306 98
98 1027
1027 1442
1027 627
1442 1086
1442 536
1086 1108
1108 814
814 794
794 1107
794 526
1107 1110
1110 685
1110 1404
685 362
362 412
362 227
412 1115
412 310
1115 84
1115 1144
84 463
84 1441
463 466
463 840
466 533
533 464
533 604
464 1137
464 643
1137 498
1137 1390
498 932
932 455
455 1174
455 546
1174 835
1174 1258
835 260
260 1292
1292 201
1292 216
201 550
550 571
550 1049
571 1391
1391 194
1391 1208
194 81
81 25
25 492
25 211
492 860
492 1113
860 1363
1363 1065
1363 27
1065 82
82 1018
82 801
1018 799
1018 1106
799 1218
1218 54
1218 107
54 535
535 911
535 818
911 821
821 237
821 1201
237 1351
1351 110
1351 215
110 562
110 847
562 243
243 1100
1100 985
985 252
252 377
377 591
377 1216
591 849
591 1328
849 283
849 345
283 900
283 1043
900 658
658 460
658 782
460 901
460 487
901 277
901 962
277 1124
277 588
1124 957
957 861
957 1385
861 214
861 1449
214 232
214 156
232 178
178 921
921 301
301 762
762 176
762 905
176 768
176 980
768 16
16 268
16 1083
268 285
268 724
285 400
285 51
400 380
380 1365
380 86
1365 817
1365 428
