4 2183 520592
3 4
3 2
4 1
1202 1561
1202 1574
1561 1290
1561 1076
1290 1346
1290 1020
1346 271
1346 287
271 2164
2164 1468
2164 1004
1468 822
1468 2064
822 1692
1692 9
1692 232
9 270
9 369
270 380
380 457
457 38
457 1522
38 36
36 2095
2095 85
85 976
976 1934
1934 2023
2023 769
2023 1811
769 710
710 245
245 999
999 1330
1330 1624
1330 2074
1624 1032
1032 795
795 312
312 180
180 611
611 1196
611 1573
1196 667
667 1641
1641 1114
1114 2124
1114 47
2124 974
974 1682
974 1160
1682 215
215 1519
1519 1179
1519 1236
1179 1091
1091 1976
1976 1917
1976 1028
1917 2134
1917 1815
2134 309
309 1812
1812 83
1812 748
83 384
83 1435
384 773
384 2061
773 1700
773 1215
1700 2159
2159 1368
1368 1289
1368 1412
1289 1873
1873 1473
1873 20
1473 900
1473 963
900 500
900 1978
500 1868
500 326
1868 1397
1868 273
1397 181
1397 1823
181 1106
1106 1095
1095 2106
2106 1997
2106 1183
1997 1276
1276 1866
1276 57
1866 1681
1866 176
1681 2158
2158 528
528 2002
528 722
2002 468
2002 1596
468 2129
2129 1575
1575 1361
1575 1390
1361 1606
1361 1990
1606 1599
1606 1302
1599 1861
1861 412
412 1742
412 1968
1742 803
803 1261
1261 742
1261 1821
742 1632
742 1569
1632 1254
1254 626
1254 2092
626 158
626 797
158 947
158 503
947 824
824 156
156 1157
1157 1880
1880 870
1880 572
870 1477
1477 1922
1477 1707
1922 1718
1718 1287
1718 1046
1287 1818
1287 1824
1818 2105
1818 213
2105 1794
1794 668
1794 1732
668 13
668 1041
13 1727
13 1386
1727 1060
1060 163
163 588
588 1751
588 894
1751 2183
2183 739
2183 567
739 135
739 1631
135 721
721 1460
1460 1120
1120 2084
2084 1211
1211 1529
1211 2066
1529 1538
1529 1992
1538 2050
2050 928
2050 1093
928 790
928 505
790 1303
1303 1678
1303 2181
1678 616
616 1452
616 217
1452 2025
2025 2125
2125 61
61 2165
2165 1738
1738 1478
1478 168
1478 2054
168 1310
1310 1885
1885 409
409 1511
1511 1430
1511 443
1430 1103
1103 1138
1103 431
1138 752
752 1056
752 177
1056 1622
1622 2108
1622 2011
2108 374
2108 453
374 1867
1867 1743
1743 838
1743 1115
838 1872
1872 387
1872 1124
387 1858
387 732
1858 2086
2086 405
405 907
405 967
907 124
124 1062
1062 1998
1998 684
1998 450
684 1658
1658 22
22 1787
22 1003
1787 78
78 2174
2174 696
696 2041
696 1186
2041 147
2041 1189
147 1488
147 2138
1488 1383
1488 840
1383 1652
1383 602
1652 1328
1652 1860
1328 622
622 1951
622 182
1951 323
1951 1048
323 2059
323 1226
2059 446
2059 1784
446 589
446 494
589 1207
589 1594
1207 645
1207 1508
645 901
645 1467
901 32
901 1228
32 1807
32 2056
1807 1072
1807 1555
1072 808
1072 836
808 470
808 234
470 297
297 1765
1765 1710
1765 167
1710 1646
1646 1070
1070 642
642 1025
1025 1263
1263 1785
1263 643
1785 1082
1082 741
1082 827
741 550
741 148
550 107
550 1633
107 79
107 2052
79 1055
1055 948
1055 777
948 1808
948 821
1808 1024
1024 382
382 554
382 529
554 1445
554 671
1445 1533
1445 1556
1533 1540
1533 2101
1540 1792
1792 1506
1506 621
621 403
403 2110
2110 1939
1939 538
538 1570
538 71
1570 1116
1570 192
1116 442
1116 1077
442 508
442 2031
508 253
508 1094
253 652
652 1781
1781 2120
1781 284
2120 1827
2120 1991
1827 1134
1827 2099
1134 557
557 2010
557 1197
2010 1974
2010 1417
1974 705
1974 847
705 809
705 227
809 1531
809 1739
1531 1995
1995 2045
1995 794
2045 2006
2006 1250
2006 1017
1250 1662
1250 1557
1662 1987
1662 103
1987 428
1987 1708
428 764
428 1660
764 896
896 1481
896 471
1481 1342
1342 2093
2093 1942
2093 1578
1942 998
998 315
998 1319
315 651
651 1959
651 634
1959 2003
1959 1859
2003 673
2003 1676
673 1630
673 113
1630 902
1630 1659
902 254
902 205
254 1208
254 2151
1208 865
1208 1741
865 1586
865 1422
1586 1554
1586 1898
1554 1309
1309 2118
2118 1833
1833 1416
1833 392
1416 162
1416 1757
162 885
885 117
885 130
117 2130
117 1809
2130 2123
2130 497
2123 639
639 849
639 1667
849 96
96 539
539 792
792 1326
1326 1245
1245 420
1245 1392
420 389
420 1883
389 1816
1816 1993
1816 1774
1993 1666
1666 1161
1161 100
1161 1045
100 723
100 432
723 1847
1847 1671
1671 151
1671 1680
151 689
689 1369
1369 1190
1190 1086
1086 488
488 2121
488 2177
2121 994
2121 1894
994 381
994 585
381 2133
381 521
2133 1949
1949 2135
1949 691
2135 2182
2182 218
218 190
190 1634
1634 1501
1501 1945
1501 1793
1945 718
1945 34
718 1164
718 66
1164 1194
1194 1755
1755 1874
1755 1924
1874 1329
1329 173
1329 537
173 960
960 1400
960 160
1400 1672
1672 51
51 338
338 1214
338 294
1214 609
609 1836
1836 647
647 121
121 905
905 1927
905 1967
1927 1639
1927 292
1639 880
880 669
669 1696
1696 1279
1279 993
993 1210
1210 507
1210 1469
507 1911
507 82
1911 1701
1701 1629
1701 1296
1629 1705
1629 595
1705 695
695 1869
1869 1730
1869 1356
1730 486
486 1640
1640 46
1640 582
46 969
969 640
640 936
640 1463
936 465
936 586
465 1592
1592 977
977 924
977 615
924 690
690 536
690 1318
536 687
687 1953
1953 1133
1133 1966
1966 422
422 1735
1735 1724
1735 2071
1724 1674
1674 632
632 848
632 832
848 463
463 2055
2055 970
970 2145
2145 805
2145 1441
805 146
805 265
146 982
982 250
982 120
250 1984
250 2152
1984 814
1984 1903
814 1764
814 137
1764 1895
1764 1566
1895 1944
1944 340
1944 1212
340 804
340 605
804 530
530 1454
1454 266
266 2048
2048 417
417 2098
2098 1500
2098 1497
1500 1288
1500 1734
1288 207
1288 72
207 933
933 1829
1829 2022
2022 2113
2022 1471
2113 531
2113 487
531 935
935 1581
1581 2047
2047 1376
2047 391
1376 991
991 2042
2042 1803
2042 330
1803 1943
1803 2015
1943 513
513 2051
513 1891
2051 802
2051 367
802 1653
1653 1187
1653 256
1187 584
1187 692
584 2116
584 983
2116 1541
2116 1375
1541 791
1541 456
791 2173
2173 1264
2173 372
1264 449
449 1182
449 1112
1182 1524
1182 2148
1524 1946
1946 242
1946 2100
242 2033
242 1766
2033 445
2033 341
445 2021
2021 934
2021 712
934 681
934 477
681 1996
681 1018
1996 854
1996 815
854 1200
1200 979
1200 1771
979 604
979 321
604 618
618 957
618 623
957 888
888 128
128 329
128 1456
329 1890
1890 911
1890 1125
911 799
911 308
799 1132
799 961
1132 188
1132 1694
188 281
281 1059
281 942
1059 560
560 302
302 594
594 1779
594 33
1779 1800
1800 2137
2137 322
322 398
398 2144
398 1504
2144 1625
2144 353
1625 1679
1625 440
1679 404
404 717
404 2115
717 891
891 482
482 1929
482 884
1929 2085
1929 1577
2085 918
2085 743
918 1457
918 753
1457 1300
1300 68
1300 300
68 433
433 1999
1999 1756
1756 575
1756 2001
575 1657
1657 1009
1009 843
1009 375
843 53
53 565
53 1109
565 179
179 562
562 502
502 1563
1563 1380
1380 874
1380 1232
874 1819
1819 931
931 844
931 1518
844 2162
844 1902
2162 1033
1033 1442
1442 282
282 2062
282 1888
2062 1669
1669 1292
1292 548
548 1079
548 2141
1079 1654
1079 1551
1654 314
314 1146
1146 785
785 1844
785 980
1844 787
1844 491
787 1590
787 1152
1590 373
373 757
373 319
757 1005
1005 716
1005 1580
716 1437
1437 1216
1216 1548
1216 421
1548 1728
1548 1493
1728 707
1728 670
707 1655
707 1382
1655 545
545 295
295 1142
1142 1768
1142 278
1768 1651
1768 1360
1651 1068
1651 1579
1068 1052
1052 951
951 2017
951 858
2017 878
878 978
878 1155
978 2107
978 759
2107 1661
2107 1843
1661 2132
2132 396
396 966
966 941
941 1172
941 426
1172 1797
1172 627
1797 1688
1688 142
1688 499
142 1
1 1937
1937 1240
1240 1394
1394 1907
1907 908
1907 1965
908 429
908 267
429 1163
429 15
1163 2140
1163 1576
2140 1101
2140 14
1101 2117
1101 159
2117 2073
2117 1126
2073 1878
2073 1776
1878 1320
1320 1270
1320 316
1270 1307
1307 857
1307 765
857 2097
857 1490
2097 474
2097 1845
474 1483
1483 1455
1483 261
1455 2146
2146 348
348 332
348 1509
332 439
332 745
439 1649
1649 1975
1975 518
518 1284
1284 1096
1096 1213
1096 744
1213 222
1213 80
222 363
363 1753
1753 861
1753 2069
861 1864
861 65
1864 1627
1627 514
514 368
514 1909
368 1830
1830 1063
1063 1782
1063 2080
1782 1337
1782 2077
1337 1711
1711 99
1711 1136
99 1223
99 831
1223 306
306 872
306 754
872 973
872 853
973 587
587 1198
1198 335
1198 829
335 778
335 1122
778 305
305 1410
305 1281
1410 1439
1410 279
1439 448
448 614
614 93
93 1482
93 1723
1482 955
1482 1773
955 1258
1258 926
1258 48
926 830
926 233
830 489
489 867
867 1372
867 733
1372 1381
1372 1199
1381 1027
1027 720
1027 810
720 906
906 1267
1267 3
3 1453
1453 1855
1453 1837
1855 593
593 1119
1119 541
1119 129
541 801
541 1476
801 1487
1487 150
1487 290
150 1398
1398 397
397 535
397 937
535 1470
535 248
1470 1039
1039 727
1039 711
727 202
202 862
202 914
862 912
912 1104
1104 547
1104 1338
547 481
547 1304
481 76
76 559
559 2028
559 1181
2028 812
2028 70
812 1516
812 2094
1516 339
339 1980
1980 1900
1900 556
1900 1066
556 186
556 1373
186 1618
186 591
1618 1462
1462 172
172 2044
172 25
2044 1941
1941 807
807 1865
1865 1914
1914 1331
1331 1458
1458 1464
1458 1989
1464 427
1464 1042
427 1335
427 2027
1335 1401
1335 272
1401 987
987 2126
987 1534
2126 1758
1758 2088
2088 495
2088 2082
495 737
495 1388
737 1546
1546 1564
1546 209
1564 863
863 2079
2079 962
2079 879
962 2163
962 837
2163 1169
2163 269
1169 1693
1169 680
1693 2038
1693 54
2038 1099
1099 543
543 558
558 84
558 199
84 533
533 2057
533 56
2057 1988
2057 1130
1988 624
1988 1893
624 407
624 1050
407 598
407 1780
598 1643
598 1012
1643 1121
1121 1105
1105 132
132 661
661 1144
661 416
1144 1485
1144 1403
1485 1117
1485 1912
1117 619
619 679
619 1433
679 246
679 39
246 1023
1023 1312
1312 1006
1312 140
1006 2104
1006 91
2104 750
2104 252
750 1314
750 916
1314 196
196 1690
1690 169
169 1796
1796 141
141 544
544 311
311 485
311 1642
485 419
419 1472
1472 399
399 1351
399 1954
1351 257
257 706
257 988
706 87
87 566
87 650
566 570
570 408
570 1583
408 1333
1333 780
780 1317
780 1828
1317 1294
1294 881
1294 139
881 1778
881 919
1778 1685
1685 1675
1675 344
1675 1407
344 561
561 1550
1550 228
1550 509
228 1123
1123 1950
1123 361
1950 2147
1950 2067
2147 1227
1227 734
1227 1535
734 1896
734 1019
1896 1446
1896 1184
1446 1848
1848 1607
1848 1108
1607 1616
1616 2103
1616 134
2103 729
729 10
729 1166
10 1073
10 1332
1073 2000
2000 411
2000 1947
411 1272
1272 236
1272 1465
236 1507
236 435
1507 1127
1127 58
1127 50
58 1881
58 1011
1881 1118
1881 2070
1118 1962
1962 866
866 318
866 154
318 1520
318 898
1520 1193
1193 1940
1940 1857
1857 204
204 1729
1729 923
1729 2008
923 1054
1054 806
1054 1612
806 1159
806 1013
1159 235
1159 1090
235 1593
1593 1283
1283 1273
1283 1348
1273 895
895 1140
1140 959
959 2127
959 2076
2127 1604
1604 1229
1604 1505
1229 1151
1151 1316
1316 1034
1034 1889
1889 1406
1406 939
1406 903
939 758
939 940
758 688
758 347
688 1748
688 525
1748 1061
1061 1740
1061 454
1740 1628
1740 317
1628 2170
2170 1350
2170 1393
1350 1851
1350 1918
1851 2112
2112 1324
2112 1964
1324 436
1324 152
436 346
436 364
346 1936
1936 1434
1936 859
1434 1366
1434 1822
1366 1029
1029 2122
1029 1525
2122 922
2122 875
922 772
772 1421
1421 41
41 851
851 917
851 1001
917 69
69 1926
69 579
1926 633
633 1374
1374 1301
1301 19
19 904
904 77
904 816
77 307
307 1168
1168 1983
1168 67
1983 1036
1983 1243
1036 1795
1036 320
1795 629
1795 1820
629 1558
1558 766
1558 484
766 1235
1235 1733
1235 90
1733 1725
1733 512
1725 1935
1935 7
1935 1414
7 1668
7 678
1668 184
1668 441
184 410
410 1691
1691 1698
1698 520
1698 638
520 1238
520 876
1238 825
825 869
869 94
869 208
94 2034
94 1799
2034 1952
1952 1322
1322 1772
1322 1841
1772 1526
1772 946
1526 910
1526 2090
910 1777
1777 1846
1846 1255
1255 2016
1255 1762
2016 434
434 64
434 469
64 2119
64 648
2119 1614
2119 893
1614 1321
1321 185
185 1175
185 1677
1175 2179
1175 136
2179 1761
1761 366
366 138
138 1644
1644 475
1644 415
475 1588
1588 1955
1955 358
1955 1856
358 655
358 359
655 964
655 1931
964 164
964 760
164 1420
164 1928
1420 1129
1129 641
1129 1436
641 247
247 18
247 1419
18 1854
18 393
1854 126
126 784
784 515
784 1610
515 1271
515 2168
1271 820
1271 783
820 1745
1745 1938
1745 877
1938 259
259 1750
259 109
1750 1384
1384 811
1384 1754
811 1609
1609 731
731 1981
731 1352
1981 1876
1981 768
1876 1971
1876 2019
1971 1479
1971 1014
1479 1908
1908 1139
1139 264
264 1260
1260 350
1260 1963
350 1201
350 892
1201 400
1201 386
400 214
214 197
197 1689
1689 1391
1689 715
1391 473
1391 563
473 1591
1591 665
1591 532
665 1882
1882 1626
1882 1665
1626 552
552 1767
1767 1280
1767 1195
1280 2155
2155 1605
1605 788
788 1418
1418 1265
1418 1257
1265 2178
1265 989
2178 596
2178 1424
596 1589
1589 1030
1030 277
1030 573
277 1704
277 1702
1704 1274
1274 1842
1842 1852
1842 997
1852 600
1852 1171
600 1656
1656 1089
1656 1877
1089 288
1089 174
288 631
631 479
631 1474
479 1340
479 1377
1340 143
1340 1834
143 1870
143 1838
1870 293
1870 1887
293 746
746 1431
1431 1744
1744 1065
1065 2109
1065 1247
2109 1252
2109 1370
1252 1763
1252 1932
1763 2156
2156 1225
1225 165
165 402
165 74
402 106
402 458
106 683
683 2157
2157 310
310 1087
310 2075
1087 2030
2030 1002
2030 1910
1002 211
1002 1684
211 17
211 1230
17 206
17 223
206 1521
206 1385
1521 438
1521 1071
438 1897
438 672
1897 1687
1687 1572
1572 378
378 1237
1237 153
153 1986
1986 929
929 1494
929 230
1494 1399
1494 123
1399 1598
1399 2078
1598 1791
1791 607
1791 1221
607 492
607 510
492 925
492 2013
925 694
694 1069
1069 1552
1069 524
1552 1100
1100 1425
1100 1341
1425 119
119 796
119 385
796 1035
1035 170
1035 1817
170 985
985 1113
1113 569
569 2068
2068 328
328 224
328 1173
224 1364
224 1619
1364 313
313 1277
1277 571
1277 592
571 846
846 1233
846 1428
1233 2128
2128 2012
2128 175
2012 2065
2012 23
2065 2
2 1532
2 839
1532 1128
1532 286
1128 1813
1813 216
216 193
216 1810
193 581
581 921
581 1871
921 1985
1985 345
345 949
949 972
972 303
303 1222
1222 1021
1021 2009
1021 155
2009 630
630 262
630 1286
262 519
262 1153
519 996
996 1747
1747 1513
1513 1285
1513 283
1285 568
1285 219
568 708
708 258
708 747
258 1826
258 555
1826 864
864 1746
1746 2018
1746 656
2018 2083
2083 1432
2083 1165
1432 1923
1432 981
1923 243
1923 952
243 990
990 1259
1259 88
1259 1503
88 1111
88 460
1111 1559
1559 738
738 1948
1948 1737
1948 195
1737 553
1737 522
553 1349
1349 1251
1349 781
1251 1334
1334 1402
1334 1156
1402 527
527 157
527 327
157 493
493 735
735 800
800 226
226 1709
226 523
1709 1495
1709 325
1495 756
756 356
756 1486
356 1449
356 1790
1449 1899
1449 1527
1899 1451
1899 1249
1451 644
644 478
644 649
478 1752
478 1571
1752 5
1752 995
5 1663
5 770
1663 45
45 1904
1904 1670
1670 1185
1185 841
1185 2096
841 1204
841 1241
1204 968
1204 850
968 225
225 603
603 86
603 1371
86 1191
86 834
1191 842
1191 1311
842 1517
1517 1802
1517 956
1802 2081
1802 1098
2081 1343
1343 658
658 21
21 1206
1206 1313
1313 2136
1313 1080
2136 920
2136 868
920 599
920 713
599 299
299 686
686 1224
686 702
1224 1892
1892 1051
1051 2114
1051 1783
2114 1786
1786 1378
1786 1143
1378 625
1378 336
625 2072
625 2102
2072 1044
1044 714
714 1347
1347 437
437 1491
1491 1158
1158 1026
1026 1597
1026 1805
1597 451
451 220
220 1814
220 324
1814 704
704 1234
704 534
1234 793
1234 1664
793 1961
1961 467
1961 114
467 1459
1459 210
210 122
122 666
122 1595
666 115
115 92
115 104
92 709
709 24
24 42
42 1444
42 719
1444 1562
1444 52
1562 1862
1562 110
1862 249
1862 1149
249 2149
2149 29
2149 617
29 8
29 1078
8 63
8 887
63 701
63 1475
701 1849
1849 1344
1849 1362
1344 144
1344 601
144 301
144 944
301 1695
1695 263
263 1514
1514 461
461 1367
461 1979
1367 828
828 740
740 1359
1359 60
1359 1647
60 1600
60 483
1600 1673
1673 1713
1673 298
1713 2111
1713 2032
2111 1960
1960 1549
1960 685
1549 2175
2175 725
725 2180
2180 1645
2180 1788
1645 221
221 889
221 1831
889 1147
1147 2169
1147 1466
2169 6
2169 430
6 2161
6 1875
2161 662
662 813
662 1323
813 2091
2091 1884
2091 1635
1884 466
466 971
971 296
971 856
296 763
296 95
763 1154
763 1492
1154 423
423 377
423 1395
377 447
447 1209
447 762
1209 2014
1209 360
2014 183
183 613
183 1248
613 1415
613 1502
1415 28
28 1801
1801 2160
2160 354
354 833
833 726
833 371
726 390
390 927
390 1278
927 1915
1915 1315
1915 1022
1315 406
406 578
578 1178
578 2029
1178 1219
1219 1358
1219 1719
1358 43
1358 945
43 1081
43 1040
1081 1648
1081 2043
1648 1498
1498 730
1498 1325
730 1621
1621 1523
1621 958
1523 775
1523 1712
775 394
394 2139
394 676
2139 131
131 424
131 133
424 459
459 349
349 1553
349 1282
1553 1404
1553 1448
1404 1145
1145 1217
1145 1957
1217 1686
1686 1102
1102 244
1102 506
244 118
118 1092
118 2049
1092 1389
1092 191
1389 1716
1389 1429
1716 637
1716 628
637 664
637 1769
664 659
659 755
659 975
755 1510
755 1825
1510 1074
1510 986
1074 590
1074 774
590 304
304 899
899 551
551 1547
551 654
1547 516
516 1363
1363 953
1363 1480
953 275
275 1308
275 239
1308 496
496 1047
496 1920
1047 526
526 388
526 1919
388 897
897 1137
897 111
1137 241
241 2040
241 105
2040 1956
1956 1409
1409 342
342 1697
342 1933
1697 606
606 237
606 1297
237 1722
237 1853
1722 2058
2058 984
2058 1650
984 418
984 1905
418 1231
1231 1901
1901 73
73 2172
73 1749
2172 728
728 1167
728 597
1167 646
646 201
646 480
201 1499
201 1379
1499 2053
1499 1601
2053 1775
2053 1192
1775 1339
1339 26
1339 1720
26 1582
1582 268
268 1879
1879 1840
1840 1568
1840 1413
1568 675
675 280
280 260
260 1305
1305 81
81 564
564 938
564 2142
938 1110
1110 1008
1008 1584
1584 577
577 1427
577 1602
1427 612
612 826
612 1714
826 44
826 1345
44 1536
44 1585
1536 682
682 1038
682 291
1038 1188
1038 395
1188 1542
1188 289
1542 1256
1256 580
1256 1835
580 954
580 1253
954 943
954 31
943 2166
943 1275
2166 231
231 37
37 1969
1969 852
1969 198
852 229
229 1440
1440 871
871 677
677 1450
1450 355
355 212
212 1972
212 749
1972 498
1972 574
498 1994
1994 2176
2176 657
2176 472
657 149
149 1067
149 49
1067 251
251 845
845 2036
2036 1396
1396 540
1396 1293
540 1544
1544 376
376 1244
1244 1075
1244 635
1075 1703
1075 1336
1703 27
1703 59
27 1925
27 1798
1925 55
55 1246
1246 127
127 965
127 125
965 1170
1170 1015
1015 583
1015 1408
583 1839
583 362
1839 145
145 161
145 1537
161 1365
161 882
1365 860
860 379
379 1426
1426 1148
1426 1615
1148 1913
1913 331
1913 1565
331 352
352 30
30 1982
30 2035
1982 464
1982 992
464 1484
464 1850
1484 276
276 1721
276 1699
1721 703
703 1806
703 1731
1806 1958
1806 1162
1958 636
636 1327
1327 1405
1405 1832
1832 238
1832 1007
238 1736
1736 490
1736 751
490 1053
490 112
1053 1242
1242 1299
1299 1239
1239 1438
1239 1759
1438 2020
1438 1528
2020 699
2020 501
699 2063
2063 1269
2063 835
1269 1058
1269 89
1058 504
1058 767
504 2037
2037 542
2037 1043
542 337
337 950
950 886
950 200
886 1916
886 909
1916 189
189 108
189 1150
108 761
761 1135
1135 1973
1973 203
1973 171
203 178
178 890
890 724
724 1515
1515 798
798 1218
1218 357
357 2089
2089 1085
1085 1512
1512 1613
1512 1295
1613 1057
1613 1174
1057 1636
1057 2004
1636 1423
1636 855
1423 1726
1423 102
1726 1545
1726 1180
1545 1141
1141 1031
1141 333
1031 1268
1031 1387
1268 194
194 16
16 1717
1717 1176
1717 425
1176 1496
1496 1357
1496 1107
1357 1443
1357 2039
1443 2131
2131 1587
2131 776
1587 1863
1863 1084
1084 1411
1411 2143
2143 476
476 12
12 1016
1016 351
1016 1683
351 1560
1560 817
1560 1804
817 2087
817 370
2087 1543
1543 873
873 1930
873 1608
1930 1623
1930 1298
1623 1083
1083 1620
1620 2060
2060 97
2060 1262
97 101
101 693
693 697
693 549
697 444
444 1638
444 932
1638 2024
2024 1354
1354 2005
1354 818
2005 782
782 1970
1970 11
1970 930
11 1461
1461 365
365 1205
365 1539
1205 546
1205 1770
546 736
546 334
736 2007
736 1617
2007 462
462 166
166 1266
1266 1489
1489 1715
1715 2046
2046 1530
1530 1064
1064 1977
1064 401
1977 1760
1977 1603
1760 75
75 35
35 915
35 653
915 1306
1306 2026
2026 62
2026 576
62 343
343 187
187 1220
187 274
1220 1353
1220 779
1353 1000
1353 1611
1000 660
660 2171
660 674
2171 383
2171 40
383 771
383 517
771 698
698 608
698 1088
608 98
608 240
98 1203
1203 413
1203 1706
413 610
413 819
610 1037
1037 1177
1177 700
700 1886
1886 823
1886 255
823 786
786 883
883 2150
883 285
2150 1097
2150 1567
1097 2167
1097 1355
2167 452
2167 663
452 4
452 511
4 620
620 116
116 1010
116 1447
1010 789
1010 1789
789 2153
2153 455
2153 1131
455 1637
455 1291
1637 2154
2154 1906
2154 1049
1906 414
414 913
913 1921
