20 408 3
19 8
8 14
14 11
14 4
11 16
16 10
16 3
10 17
10 9
17 13
17 7
13 1
13 6
1 2
1 15
2 5
2 12
5 20
20 18
268 182
268 24
182 89
89 194
194 111
194 126
111 45
111 153
45 198
45 71
198 342
342 365
365 400
365 239
400 9
9 7
7 370
7 141
370 131
131 257
257 326
257 91
326 143
326 320
143 48
48 291
48 358
291 368
291 60
368 184
184 109
184 161
109 159
159 29
29 346
29 221
346 189
346 327
189 377
189 289
377 223
223 351
351 361
361 389
361 74
389 403
403 176
176 262
176 16
262 108
262 57
108 251
251 33
251 373
33 4
33 374
4 28
4 61
28 266
266 375
375 202
202 359
202 357
359 214
359 127
214 285
214 367
285 13
285 234
13 23
23 277
23 352
277 96
277 169
96 406
406 232
406 87
232 80
80 110
110 34
110 294
34 376
34 56
376 142
376 338
142 122
122 40
40 236
40 391
236 151
151 116
151 98
116 6
6 69
69 395
69 146
395 44
395 248
44 229
229 404
229 324
404 79
404 1
79 84
84 264
84 278
264 228
228 114
114 402
114 304
402 318
402 27
318 344
318 300
344 339
339 322
322 283
283 190
190 334
334 210
210 77
77 19
77 385
19 68
19 183
68 286
286 17
286 31
17 138
138 196
196 259
259 88
259 59
88 388
388 371
371 405
371 52
405 254
254 72
72 49
49 225
225 204
204 301
204 238
301 42
301 186
42 306
306 123
123 380
123 408
380 54
54 149
149 319
319 372
319 369
372 216
216 50
216 235
50 136
136 231
136 83
231 112
112 37
112 192
37 401
37 36
401 329
401 129
329 195
195 99
195 163
99 356
99 323
356 144
144 362
144 384
362 341
341 355
355 321
355 242
321 81
321 287
81 172
172 185
185 158
185 378
158 245
158 343
245 107
245 58
107 63
107 25
63 8
63 208
8 282
282 253
282 383
253 217
253 205
217 188
217 113
188 224
188 328
224 292
292 179
292 197
179 340
340 267
267 46
267 11
46 226
226 10
10 168
10 164
168 298
168 393
298 51
298 152
51 284
51 211
284 156
156 200
156 394
200 76
200 64
76 104
76 26
104 21
104 170
21 387
387 201
387 396
201 82
201 39
82 103
103 165
165 134
134 218
134 349
218 206
206 117
206 135
117 199
117 203
199 12
199 180
12 128
128 162
162 399
162 101
399 14
399 115
14 261
14 130
261 191
261 22
191 171
171 38
38 333
38 32
333 240
333 53
240 78
240 270
78 366
78 119
366 75
75 145
145 381
381 124
381 260
124 105
105 120
120 360
120 293
360 337
337 290
337 303
290 336
290 154
336 397
336 187
397 220
397 106
220 297
297 85
297 335
85 271
85 90
271 317
317 97
97 274
274 252
252 18
18 20
18 160
20 65
65 157
157 315
157 155
315 62
315 288
62 296
62 5
296 398
398 148
148 386
386 243
386 250
243 150
243 3
150 295
150 66
295 331
295 166
331 281
331 67
281 133
133 181
181 247
181 118
247 325
325 279
325 70
279 100
100 299
299 177
177 332
177 43
332 173
173 379
173 269
379 276
276 121
276 392
121 364
121 2
364 237
364 313
237 102
237 215
102 15
102 307
15 272
15 222
272 241
272 139
241 73
241 227
73 258
73 132
258 256
256 310
256 316
310 137
137 30
30 354
354 275
275 246
275 314
246 55
246 273
55 233
233 345
345 230
230 93
230 212
93 348
348 305
305 244
244 178
178 263
263 140
263 207
140 209
209 312
312 350
312 94
350 175
175 353
353 311
311 265
265 95
265 125
95 167
95 347
167 255
255 363
363 35
363 280
35 193
193 147
147 308
308 213
213 390
213 309
390 219
219 330
330 92
92 47
47 86
86 382
86 302
382 41
382 249
41 407
41 174
