7 127 8856
4 7
4 6
7 5
7 1
6 2
6 3
25 66
25 48
66 89
66 24
48 107
48 21
89 29
89 43
24 126
24 95
107 125
107 23
21 63
21 44
29 27
29 32
43 106
43 26
126 5
126 98
95 65
95 39
125 109
125 123
23 102
23 6
63 112
63 101
44 74
44 72
27 46
27 73
32 17
32 58
106 99
106 118
26 37
26 35
5 91
5 121
98 56
98 69
65 84
65 42
39 3
39 122
109 54
109 15
123 117
123 92
102 64
102 104
6 13
6 45
112 1
112 79
101 97
101 119
74 18
74 68
72 103
72 30
46 110
46 115
73 38
73 111
17 40
17 14
58 59
58 9
99 71
99 2
118 47
118 52
37 116
37 36
35 70
35 19
91 127
91 61
121 114
121 93
56 85
56 96
69 87
69 62
84 33
84 16
42 108
42 10
3 28
3 11
122 55
122 4
54 34
54 76
15 105
15 41
117 57
117 20
92 8
92 82
64 50
64 77
104 80
104 113
13 86
13 100
45 51
45 81
1 60
1 120
79 7
79 53
97 90
97 31
119 78
119 94
18 49
18 88
68 83
68 67
103 75
103 124
30 22
30 12
