10 2515 9114299
8 2
8 9
2 5
2 1
5 10
5 3
10 4
4 6
4 7
1043 318
1043 337
318 2142
2142 475
2142 81
475 2377
2377 381
2377 2253
381 1069
381 549
1069 1133
1133 1396
1133 1804
1396 2450
1396 436
2450 1938
1938 2411
1938 1590
2411 1302
2411 339
1302 483
483 1110
1110 834
1110 312
834 2
834 1858
2 2026
2 1671
2026 792
792 2432
792 2433
2432 521
2432 1151
521 487
521 84
487 2195
487 1414
2195 1806
1806 1098
1806 2189
1098 589
1098 756
589 554
554 1437
554 2035
1437 452
1437 1822
452 733
733 1182
1182 2312
2312 1866
1866 536
536 2076
536 2207
2076 356
356 1399
356 1587
1399 426
1399 2442
426 2407
2407 1245
2407 1030
1245 1270
1270 504
504 2474
2474 1652
2474 2089
1652 561
561 324
561 2296
324 2431
324 2064
2431 1546
1546 590
590 1431
1431 2465
1431 397
2465 1864
2465 1794
1864 2332
2332 1192
1192 75
75 682
75 1930
682 74
74 982
74 1375
982 1807
982 2126
1807 428
428 1434
428 2445
1434 228
1434 1501
228 1920
228 2375
1920 754
1920 2451
754 2080
754 571
2080 1464
2080 261
1464 59
59 1408
59 2162
1408 1559
1559 996
1559 1882
996 252
996 1284
252 628
628 1004
1004 1992
1992 881
1992 2263
881 237
237 2259
237 286
2259 787
787 1553
1553 22
1553 1979
22 1713
22 922
1713 1252
1713 189
1252 253
1252 2292
253 916
253 2384
916 1608
1608 1440
1440 2308
2308 633
633 1712
1712 219
219 1374
1374 1722
1374 1604
1722 197
1722 1601
197 1376
197 2033
1376 924
1376 1613
924 2155
2155 1415
2155 1478
1415 742
1415 2181
742 499
499 398
398 2062
398 1382
2062 1355
2062 2066
1355 1681
1355 429
1681 1194
1681 923
1194 798
798 2496
798 1761
2496 1055
2496 171
1055 743
1055 1341
743 1357
743 2257
1357 1430
1357 423
1430 1551
1430 1063
1551 2436
2436 1536
2436 548
1536 1922
1922 1346
1346 1885
1885 442
1885 1946
442 1862
442 1003
1862 108
108 761
108 939
761 382
382 268
268 596
596 1058
1058 1186
1186 587
1186 239
587 1787
587 2424
1787 2091
2091 474
474 598
474 663
598 729
598 602
729 2365
729 234
2365 593
593 1520
1520 2415
2415 1450
2415 1814
1450 1000
1450 1628
1000 2391
1000 1111
2391 873
2391 1917
873 1815
1815 1723
1815 476
1723 2413
1723 1210
2413 1621
1621 2369
2369 1791
1791 1082
1791 2508
1082 1451
1451 1670
1451 2003
1670 1514
1514 342
342 1368
342 1118
1368 100
100 1257
100 1466
1257 847
1257 1195
847 2039
847 2010
2039 126
2039 1639
126 645
126 1530
645 1544
1544 1054
1544 1781
1054 1945
1945 1637
1945 1614
1637 1708
1708 2286
1708 209
2286 1310
2286 689
1310 375
375 1554
1554 1832
1554 752
1832 242
1832 2333
242 1175
1175 263
263 1528
1528 681
681 1169
681 920
1169 2293
2293 473
2293 1398
473 462
473 940
462 1275
1275 911
911 1467
911 162
1467 532
1467 1392
532 2173
532 1251
2173 1285
1285 629
1285 1143
629 958
629 662
958 612
612 1116
612 460
1116 597
597 1853
1853 2360
2360 371
2360 1183
371 1213
1213 1028
1213 61
1028 2367
2367 389
389 993
993 1471
993 1352
1471 840
1471 2364
840 2177
2177 1250
2177 2005
1250 606
606 142
606 1027
142 1748
1748 2501
1748 1149
2501 1765
1765 1582
1582 486
486 353
486 201
353 1353
353 1411
1353 2019
2019 685
2019 1985
685 365
365 2468
2468 1705
2468 814
1705 1034
1034 2061
2061 794
794 1150
1150 1868
1868 1515
1868 2083
1515 818
1515 1314
818 2395
818 2374
2395 2279
2395 1910
2279 2476
2279 2038
2476 456
456 2196
2196 2485
2196 1372
2485 1363
2485 2503
1363 1638
1363 1901
1638 568
568 1664
1664 1484
1664 2032
1484 2425
1484 1407
2425 1759
1759 79
1759 853
79 265
79 2272
265 2348
2348 1880
2348 748
1880 2036
2036 2001
2036 2069
2001 836
836 1391
836 1435
1391 2108
2108 482
2108 1074
482 1834
1834 1084
1084 745
745 418
745 1642
418 202
418 1426
202 273
202 1937
273 1416
273 2260
1416 1035
1035 1687
1035 1694
1687 2490
1687 1495
2490 1231
1231 131
1231 1538
131 1131
131 2232
1131 2461
2461 1742
1742 99
99 1159
99 168
1159 959
959 1629
1629 467
467 1534
467 1101
1534 705
705 1726
1726 775
1726 926
775 1700
1700 2049
1700 819
2049 227
2049 1444
227 2388
2388 2303
2388 1096
2303 771
771 872
872 875
872 1461
875 2018
2018 1400
2018 530
1400 1441
1441 402
402 1915
402 2164
1915 863
1915 573
863 1207
1207 2237
1207 1486
2237 2355
2237 1735
2355 300
2355 2029
300 2275
300 206
2275 1189
2275 697
1189 1970
1970 438
438 1577
1577 1560
1560 714
1560 17
714 2430
714 941
2430 712
2430 609
712 2505
712 1769
2505 145
2505 358
145 564
564 2024
564 1220
2024 230
230 1173
1173 1760
1173 1851
1760 1634
1760 1654
1634 2139
2139 1067
1067 1337
1337 1295
1337 1089
1295 1704
1295 1178
1704 1496
1496 328
1496 618
328 1002
1002 203
1002 947
203 1225
1225 243
243 421
421 1129
421 1123
1129 604
1129 2079
604 1283
1283 969
969 1349
969 292
1349 450
1349 184
450 950
950 1782
1782 1878
1782 249
1878 181
1878 2251
181 899
899 2136
2136 1764
1764 363
1764 2124
363 233
233 129
129 85
85 991
991 1978
991 534
1978 1228
1978 780
1228 839
839 1117
839 1219
1117 151
1117 1322
151 774
774 1667
1667 62
1667 481
62 2346
2346 2284
2346 34
2284 1209
2284 302
1209 2054
1209 2309
2054 105
2054 2402
105 673
673 469
673 174
469 767
767 1926
1926 690
1926 1448
690 946
690 1439
946 1405
946 631
1405 1105
1105 1842
1842 1594
1594 2135
1594 861
2135 806
806 1636
1636 883
1636 1455
883 117
117 730
117 1056
730 917
730 2464
917 942
942 2441
942 1140
2441 975
975 1994
1994 1962
1994 133
1962 567
567 835
835 1757
1757 364
364 2324
364 2498
2324 1498
1498 1991
1498 1134
1991 1326
1991 1500
1326 890
1326 106
890 810
810 1969
1969 845
845 1823
845 492
1823 1884
1884 1795
1884 2423
1795 1029
1795 2037
1029 680
1029 509
680 1109
680 978
1109 1006
1109 1827
1006 1959
1959 2290
1959 1047
2290 76
2290 755
76 2030
2030 862
2030 2404
862 1087
862 2087
1087 2006
1087 250
2006 908
2006 1388
908 1580
1580 385
385 257
257 2280
257 130
2280 560
560 581
581 2105
581 2381
2105 1586
1586 310
1586 1789
310 683
683 1185
683 1038
1185 1303
1303 1371
1371 2106
2106 2145
2145 2048
2145 262
2048 1406
1406 1377
1406 2469
1377 2414
2414 1906
2414 887
1906 762
1906 2043
762 471
762 1401
471 1684
471 414
1684 2371
1684 1226
2371 688
2371 1171
688 387
387 707
707 1940
1940 656
1940 1833
656 160
160 2271
2271 2336
2271 78
2336 1080
2336 1221
1080 390
1080 659
390 992
992 2118
992 858
2118 2002
2002 1531
1531 321
1531 515
321 1138
321 809
1138 1844
1138 331
1844 823
823 1557
823 83
1557 1731
1731 1350
1350 1522
1350 1200
1522 757
1522 1481
757 1719
1719 215
215 1201
215 1965
1201 1214
1201 869
1214 1950
1214 1413
1950 458
1950 1113
458 2444
458 1266
2444 935
2444 1663
935 1892
935 185
1892 224
1892 1013
224 965
224 537
965 716
716 341
341 2255
2255 158
158 413
413 1693
413 2109
1693 2352
2352 1125
2352 669
1125 1085
1085 784
784 1148
1148 1701
1148 954
1701 36
36 1198
36 2278
1198 1009
1198 898
1009 120
1009 2439
120 1386
120 1566
1386 722
1386 570
722 2163
2163 1019
1019 2315
2315 796
796 1707
1707 1404
1707 1369
1404 1052
1052 2004
2004 1860
1860 259
259 1262
1262 2248
1262 248
2248 2027
2248 710
2027 949
949 2483
2483 2287
2483 1676
2287 1893
1893 2454
2454 621
621 817
621 1191
817 2458
2458 231
231 294
294 465
465 1051
1051 2276
2276 1162
1162 2183
2183 852
2183 1896
852 154
154 2214
154 529
2214 2397
2214 1835
2397 457
2397 1542
457 1147
457 2231
1147 15
15 832
15 484
832 533
533 658
533 2134
658 732
732 1753
1753 2482
2482 411
411 1585
411 1659
1585 335
335 1543
335 708
1543 605
605 1358
1358 283
283 2074
2074 1457
1457 1888
1888 520
1888 1904
520 1343
1343 846
846 287
287 463
287 1891
463 2190
2190 2337
2337 2161
2337 303
2161 974
974 1508
974 1655
1508 2211
2211 156
2211 2137
156 772
156 744
772 1968
772 1583
1968 1187
1968 1703
1187 877
1187 2182
877 2283
877 2200
2283 576
2283 2046
576 812
812 545
812 503
545 357
545 1912
357 1714
357 308
1714 2209
2209 860
860 805
860 216
805 1180
805 1042
1180 2217
1180 1144
2217 1802
1802 2140
1802 894
2140 2053
2140 290
2053 921
2053 378
921 1509
921 208
1509 2421
2421 170
2421 1379
170 879
879 500
500 1446
500 900
1446 693
1446 540
693 1504
693 425
1504 943
943 1011
943 2258
1011 699
699 1783
1783 125
1783 2160
125 1793
1793 562
562 247
247 2096
2096 493
493 1533
1533 824
1533 1211
824 734
734 2198
2198 2252
2198 731
2252 1537
1537 726
726 1115
726 1367
1115 1771
1771 1872
1872 906
1872 918
906 2085
906 2493
2085 1900
1900 623
1900 2327
623 1049
1049 795
1049 857
795 557
795 1686
557 1966
1966 2107
1966 815
2107 1825
1825 1381
1381 269
269 1578
1578 1005
1578 2310
1005 1297
1005 2056
1297 1235
1297 38
1235 2331
2331 1774
2331 1102
1774 1036
1774 274
1036 2115
1036 608
2115 1588
1588 204
204 1141
1141 822
1141 141
822 502
822 1206
502 2277
502 2409
2277 696
696 2269
2269 2151
2151 1154
2151 291
1154 1598
1154 957
1598 323
1598 155
323 586
586 1360
1360 610
1360 497
610 1631
610 2242
1631 2270
2270 937
937 1662
1662 750
1662 1801
750 1317
750 1914
1317 977
1317 2341
977 773
977 2078
773 1093
773 1972
1093 143
143 1977
1977 897
897 1088
1088 2070
2070 1053
1053 2187
1053 790
2187 2178
2187 932
2178 448
448 1696
448 115
1696 437
437 927
927 192
927 140
192 2175
192 2156
2175 1541
1541 1829
1829 1738
1738 415
1738 14
415 785
785 720
785 90
720 1001
1001 770
770 1176
770 1108
1176 2241
1176 1942
2241 315
2241 1354
315 82
315 2166
82 489
489 80
80 443
443 1837
443 2379
1837 196
1837 244
196 1136
196 1163
1136 94
94 2227
94 2170
2227 1425
1425 1232
1425 214
1232 2267
1232 702
2267 715
715 2462
2462 111
111 114
111 1762
114 322
322 1697
1697 1859
1697 299
1859 1897
1859 1351
1897 1156
1156 1505
1156 2434
1505 2326
1505 1348
2326 1240
1240 579
579 1510
1510 439
439 851
851 2350
2350 1050
1050 1521
1521 1960
1521 2448
1960 2239
2239 2499
2239 1790
2499 1763
1763 1290
1290 912
912 1526
912 914
1526 1841
1526 1332
1841 35
1841 936
35 1462
1462 1973
1462 952
1973 333
333 1248
1248 585
585 1623
1623 348
1623 694
348 758
758 1721
1721 419
419 19
419 480
19 121
19 431
121 945
945 1734
1734 2185
2185 583
2185 65
583 1362
1362 1572
1362 2480
1572 736
736 2488
736 555
2488 1296
2488 149
1296 491
1296 885
491 1690
491 2281
1690 2399
2399 1902
2399 1470
1902 2116
2116 495
2116 518
495 1728
1728 153
153 2103
153 1675
2103 1843
2103 1736
1843 2307
2307 1556
2307 865
1556 477
477 39
39 1017
39 1752
1017 1394
1394 1890
1394 1756
1890 2492
1890 446
2492 104
2492 552
104 26
26 2362
26 2340
2362 1861
1861 102
1861 1166
102 169
169 508
169 1646
508 217
217 1939
1939 178
1939 664
178 1824
178 625
1824 1845
1824 550
1845 1981
1981 1012
1981 295
1012 2376
1012 1852
2376 1768
2376 57
1768 67
1768 2460
67 725
725 1234
725 910
1234 1312
1312 2114
1312 40
2114 2316
2114 1139
2316 1516
1516 1809
1809 825
1809 1898
825 1595
825 329
1595 2380
2380 307
307 2358
307 2471
2358 2206
2358 902
2206 2506
2206 1527
2506 779
779 2273
2273 938
2273 2023
938 297
938 955
297 424
297 2250
424 393
393 344
393 674
344 320
344 2133
320 854
320 650
854 1830
1830 1272
1830 1217
1272 1259
1272 2389
1259 1550
1550 721
721 1622
721 637
1622 1909
1622 1040
1909 738
738 222
222 391
391 229
229 267
267 510
267 1943
510 30
30 1876
30 684
1876 2443
1876 984
2443 1409
1409 620
1409 1277
620 53
620 1
53 2470
53 777
2470 931
931 1106
1106 1083
1083 615
1083 93
615 1072
1072 2165
2165 2101
2165 2149
2101 8
2101 1796
8 1581
1581 1468
1581 513
1468 1347
1468 1099
1347 1039
1039 285
285 2314
285 793
2314 498
498 1818
498 2092
1818 668
668 1913
668 200
1913 778
1913 13
778 1453
778 314
1453 578
1453 2511
578 1311
578 1967
1311 2356
2356 137
2356 2100
137 1935
1935 2427
1935 713
2427 925
925 1024
925 485
1024 1325
1325 2034
1325 1785
2034 1046
2034 1215
1046 584
1046 401
584 399
584 1780
399 1754
1754 523
523 999
999 56
56 2456
56 679
2456 494
494 1184
494 1420
1184 275
275 1828
1828 1856
1856 646
1856 1947
646 1692
1692 2222
1692 92
2222 1863
2222 641
1863 507
1863 2406
507 1359
507 2342
1359 1750
1750 1278
1750 1933
1278 1758
1278 2300
1758 2022
1758 2184
2022 1473
1473 614
1473 1204
614 828
828 634
634 1333
634 2311
1333 769
769 1165
769 1911
1165 556
556 1340
556 1849
1340 245
1340 1423
245 1393
245 2494
1393 1875
1875 1689
1875 118
1689 963
963 1603
963 440
1603 89
1603 1008
89 2157
2157 970
970 1318
970 1874
1318 747
1318 2298
747 1953
1953 370
370 97
97 351
97 1497
351 2180
351 2455
2180 1460
2180 2302
1460 2058
1460 709
2058 1258
1258 139
1258 1268
139 1797
1797 657
657 2382
657 607
2382 1256
1256 1499
1499 16
16 2072
2072 1428
1428 2417
2417 2095
2095 1982
2095 2477
1982 2031
2031 2467
2467 193
2467 47
193 1124
1124 46
1124 1167
46 1336
1336 311
311 1811
311 1673
1811 2068
2068 1060
2068 1718
1060 2297
1060 506
2297 2447
2297 1246
2447 2012
2447 1321
2012 2295
2012 888
2295 1390
1390 764
764 901
901 919
901 1344
919 1121
919 112
1121 990
990 1558
990 878
1558 1436
1558 45
1436 640
640 1658
1658 1306
1306 309
1306 2513
309 2013
2013 1412
1412 182
1412 163
182 1850
1850 1919
1850 1903
1919 1076
1076 116
1076 44
116 866
866 2243
2243 1410
2243 2008
1410 933
1410 220
933 223
933 737
223 511
223 1984
511 488
488 2090
488 405
2090 591
2090 395
591 1239
1239 1059
1239 1710
1059 998
1059 1579
998 2159
2159 2088
2159 2383
2088 1271
1271 55
1271 2244
55 2176
2176 1010
1010 400
1010 1800
400 642
642 976
642 2416
976 2512
2512 718
2512 1253
718 2428
718 1177
2428 1923
1923 2479
1923 2179
2479 1507
2479 1733
1507 1014
1014 539
539 1168
1168 146
146 880
146 2141
880 377
377 136
377 380
136 1224
136 288
1224 517
517 760
517 1172
760 251
760 2102
251 2473
2473 1784
1784 599
1784 929
599 451
599 670
451 541
541 2396
2396 660
2396 1331
660 1062
660 2229
1062 813
813 1469
813 2372
1469 1848
1469 842
1848 826
826 2075
826 430
2075 1635
1635 289
289 1741
289 1323
1741 1685
1741 1591
1685 546
546 783
783 1709
783 2052
1709 1472
1709 2339
1472 1356
1356 1540
1540 566
566 2487
2487 1779
2487 407
1779 1751
1779 751
1751 1952
1952 1854
1952 2357
1854 2153
1854 2150
2153 1899
1899 686
1899 282
686 654
686 1119
654 98
98 739
739 1482
1482 1535
1482 305
1535 1881
1881 122
1881 1867
122 2071
122 2143
2071 1740
2071 801
1740 1100
1100 2510
1100 2509
2510 601
2510 1717
601 109
109 103
103 1963
1963 28
28 831
28 1037
831 1045
831 1820
1045 1077
1077 1618
1618 352
1618 1773
352 435
435 1199
435 797
1199 1990
1990 2405
1990 27
2405 2254
2254 1403
2254 1026
1403 165
165 2120
2120 2169
2120 727
2169 180
2169 2202
180 2410
2410 1279
1279 2009
2009 951
2009 830
951 829
829 2174
829 1342
2174 167
167 2117
167 2084
2117 864
2117 1305
864 33
33 1307
33 2288
1307 466
466 88
88 1452
1452 1223
1223 1879
1223 833
1879 2262
1879 1309
2262 1927
1927 2366
2366 519
519 895
519 1997
895 190
190 29
29 624
29 2098
624 1648
1648 31
1648 1924
31 753
753 2349
2349 1607
2349 1672
1607 107
1607 1640
107 406
406 1745
406 1589
1745 2050
2050 1632
1632 1007
1007 235
235 360
360 1242
1242 1651
1651 18
18 1657
1657 2011
1657 284
2011 2446
2011 2199
2446 1485
1485 1289
1485 427
1289 1602
1602 119
119 563
563 198
198 1443
198 1230
1443 179
179 2230
179 2318
2230 1616
2230 1146
1616 334
1616 1644
334 647
334 2387
647 635
647 2449
635 811
811 2028
2028 1669
1669 907
1669 2215
907 1986
907 989
1986 1847
1986 1370
1847 1989
1847 2412
1989 1449
1449 1293
1449 1564
1293 1569
1293 1995
1569 649
649 1487
649 1975
1487 304
1487 746
304 1706
304 1545
1706 1744
1706 1238
1744 741
1744 1549
741 967
741 1286
967 749
967 1503
749 868
749 232
868 2359
2359 528
2359 384
528 1135
1135 434
1135 763
434 1561
434 166
1561 1610
1610 1061
1610 1627
1061 3
1061 1237
3 582
3 2330
582 2094
2094 882
882 12
882 1229
12 271
271 138
138 1698
1698 1334
1334 791
1334 134
791 859
791 1066
859 396
859 1715
396 1389
396 301
1389 213
213 603
603 803
603 1599
803 298
803 1021
298 1650
1650 354
1650 2246
354 1421
1421 1870
1870 132
1870 2322
132 161
161 2401
2401 678
678 728
678 1493
728 953
728 6
953 782
953 420
782 373
782 2131
373 379
379 1474
379 48
1474 461
1474 1419
461 470
461 2268
470 5
5 695
5 2495
695 2320
2320 616
616 2081
616 403
2081 1865
1865 928
928 1179
928 559
1179 2146
1179 1971
2146 1126
2146 1877
1126 1609
1126 1737
1609 2299
1609 42
2299 152
152 453
152 241
453 973
973 1617
1617 1103
1617 91
1103 9
1103 703
9 2017
2017 1584
1584 2265
2265 1086
1086 278
278 1291
278 1492
1291 272
272 2065
2065 316
316 2129
316 2338
2129 525
2129 661
525 1445
1445 1459
1459 1197
1459 1128
1197 1260
1197 766
1260 1418
1418 148
1418 32
148 889
148 768
889 1575
1575 2219
1575 1772
2219 1840
2219 346
1840 1958
1958 478
1958 1656
478 157
478 369
157 1097
157 350
1097 1016
1016 1680
1016 1597
1680 276
1680 127
276 1280
1280 386
1280 2016
386 2212
386 2515
2212 1365
1365 1170
1365 987
1170 1612
1170 1282
1612 837
837 2285
2285 1625
1625 1907
1907 2463
1907 110
2463 1873
2463 2328
1873 2213
1873 359
2213 636
636 676
676 816
816 514
816 544
514 1552
514 296
1552 871
871 542
542 1665
542 2370
1665 1065
1665 1792
1065 1649
1649 1160
1649 2152
1160 2125
2125 417
417 1158
1158 325
325 2484
325 2128
2484 1122
1122 1624
1122 2110
1624 1023
1624 1660
1023 2321
2321 2047
2047 347
347 1212
347 277
1212 1949
1212 966
1949 1529
1529 459
1529 338
459 455
455 1679
1679 2420
2420 51
51 594
594 1647
1647 1068
1068 441
1068 2385
441 2000
441 1547
2000 1725
2000 1364
1725 1477
1477 1987
1987 2325
2325 159
159 884
159 7
884 95
95 1402
95 1142
1402 2429
2429 1999
2429 600
1999 1465
1999 2192
1465 212
1465 808
212 2343
2343 1491
1491 1548
1548 2274
1548 2504
2274 1324
2274 4
1324 1263
1263 21
1263 2282
21 1666
21 1883
1666 1633
1666 1476
1633 740
1633 2235
740 1511
740 101
1511 849
849 2317
849 2398
2317 1682
2317 1668
1682 1366
1682 1993
1366 1641
1366 1298
1641 1596
1596 479
1596 995
479 1961
1961 1716
1716 1432
1432 1855
1855 2051
1855 2119
2051 1033
1033 765
765 667
765 547
667 1895
667 2256
1895 383
1895 1048
383 1931
1931 1777
1777 2113
2113 717
2113 1916
717 2148
717 1702
2148 595
595 1831
595 2304
1831 490
490 1276
1276 2228
2228 870
2228 960
870 1022
1022 1563
1563 1304
1304 1743
1743 1955
1955 194
1955 327
194 538
538 1031
538 1488
1031 1417
1417 444
444 735
444 1015
735 1092
1092 1691
1691 367
1691 698
367 1294
367 1222
1294 2123
2123 70
70 799
70 1767
799 392
392 1338
1338 422
1338 207
422 776
422 971
776 1188
1188 1976
1188 1205
1976 843
1976 2247
843 2055
2055 1799
1799 2205
1799 183
2205 2203
2203 66
2203 2334
66 1727
66 64
1727 516
1727 553
516 2234
2234 2418
2418 2378
2378 2361
2378 2171
2361 1653
1653 416
416 675
675 1249
1249 2392
1249 848
2392 1678
2392 211
1678 1273
1273 527
527 1934
1934 577
577 1838
577 665
1838 412
1838 892
412 2472
2472 1152
2472 638
1152 1517
1152 2478
1517 891
891 501
891 1064
501 2291
501 592
2291 1373
2291 187
1373 1044
1373 2368
1044 256
256 1571
256 73
1571 988
1571 651
988 1383
1383 1078
1383 1288
1078 1463
1463 804
1463 1094
804 409
409 2457
409 2393
2457 177
177 326
177 820
326 622
326 2210
622 2059
622 52
2059 432
2059 1300
432 2459
2459 279
2459 505
279 345
345 2186
345 2130
2186 1018
1018 893
1018 2073
893 903
893 1267
903 2390
2390 2138
2138 626
626 77
626 1813
77 1925
77 1095
1925 1619
1925 1766
1619 979
1619 2060
979 1816
979 270
1816 1606
1606 1821
1821 355
355 2197
355 2021
2197 317
317 1755
1755 994
1755 2245
994 1944
994 2475
1944 1433
1433 1107
1107 2204
2204 701
2204 905
701 1483
1483 930
930 1174
930 2224
1174 1729
1729 2226
1729 856
2226 867
867 1513
867 2500
1513 260
1513 1798
260 1562
1562 961
1562 1805
961 1193
961 1287
1193 281
281 472
281 838
472 330
330 2437
330 1567
2437 2218
2218 343
343 543
343 821
543 172
543 60
172 934
934 2386
2386 2373
2386 886
2373 1161
2373 627
1161 372
372 123
123 50
50 388
50 531
388 124
388 909
124 2015
2015 2502
2502 195
2502 643
195 188
195 1475
188 1573
1573 580
1573 2121
580 1494
1494 445
1494 2266
445 1724
445 1532
1724 1626
1626 2249
2249 449
449 1674
449 54
1674 1555
1555 1908
1555 2014
1908 2354
1908 1592
2354 2057
2354 1661
2057 258
258 1808
258 332
1808 964
1808 1886
964 2347
964 1090
2347 238
238 2154
2154 1839
1839 1079
1079 1395
1395 781
781 255
781 164
255 2220
255 2344
2220 2044
2220 49
2044 652
2044 1265
652 1711
1711 2313
2313 876
2313 1292
876 433
876 672
433 2045
433 1523
2045 2403
2403 2194
2194 1255
2194 2233
1255 1565
1255 2041
1565 1677
1677 1157
1677 1041
1157 1846
1157 2301
1846 2168
1846 1190
2168 23
23 1299
1299 1454
1299 1315
1454 2040
1454 1378
2040 205
2040 1073
205 1786
205 807
1786 850
850 1775
850 1153
1775 1776
1775 1104
1776 611
1776 986
611 1869
611 981
1869 1998
1998 1345
1998 904
1345 1932
1345 1247
1932 1264
1264 1130
1130 719
719 724
719 1518
724 374
374 2408
2408 1155
2408 2104
1155 2158
2158 2188
2188 2306
2188 1330
2306 1819
2306 613
1819 2240
2240 2507
2240 1593
2507 1227
1227 319
1227 2193
319 677
677 454
454 983
454 512
983 948
948 2225
2225 2112
2112 361
361 759
759 1281
759 1539
1281 191
1281 1438
191 135
191 565
135 2082
2082 1951
1951 1361
1951 368
1361 362
362 41
362 496
41 63
41 71
63 1983
1983 218
218 2440
2440 221
2440 1747
221 336
336 1070
336 2353
1070 266
266 1620
266 1243
1620 11
1620 569
11 150
11 349
150 2191
2191 10
10 1458
1458 1605
1458 1020
1605 1643
1643 2020
1643 574
2020 1683
2020 985
1683 706
706 1936
1936 2497
1936 535
2497 1203
1203 1335
1335 1254
1254 2216
1254 2223
2216 2491
2216 1574
2491 2063
2063 1974
2063 827
1974 1812
1974 2172
1812 1241
1241 855
1241 1269
855 1057
855 619
1057 1836
1057 1164
1836 176
1836 2025
176 58
58 2481
2481 2466
2466 968
2466 173
968 43
968 2514
43 1918
43 2167
1918 1308
1918 2419
1308 236
1308 1301
236 1479
1479 2363
2363 1397
2363 96
1397 1749
1749 788
788 1137
1137 404
1137 1803
404 648
648 1980
648 575
1980 1316
1980 394
1316 447
1316 2489
447 2111
447 896
2111 655
655 86
655 802
86 240
240 2127
2127 522
522 1274
1274 72
72 1568
1568 2099
1568 2486
2099 1319
2099 2345
1319 1941
1941 2329
1941 2438
2329 1948
2329 639
1948 558
558 944
944 1921
944 175
1921 68
1921 1233
68 2453
2453 2097
2453 632
2097 199
199 841
199 313
841 2067
841 1236
2067 2422
2422 1127
1127 1424
1424 306
306 1114
306 1385
1114 1244
1114 980
1244 2319
2319 69
69 1889
1889 1929
1889 1928
1929 147
147 1387
1387 1894
1894 1524
1524 551
551 2122
551 186
2122 2289
2122 1778
2289 915
2289 913
915 246
915 113
246 1075
1075 1456
1075 1720
1456 1132
1456 962
1132 128
128 2086
2086 666
666 1502
666 1699
1502 2335
2335 293
2335 1261
293 340
293 1216
340 87
87 1490
87 1320
1490 1380
1380 24
1380 1442
24 2147
2147 1327
1327 2042
2042 874
874 2264
874 264
2264 376
376 1120
1120 997
997 1957
997 1695
1957 2261
1957 1905
2261 691
2261 464
691 1996
1996 789
789 1746
789 1826
1746 1032
1032 2236
1032 2452
2236 1857
1857 524
524 1770
1770 1519
1770 700
1519 408
1519 1630
408 1489
408 617
1489 1576
1576 144
1576 1480
144 2077
2077 972
972 1817
972 366
1817 1218
1817 1384
1218 1954
1954 800
1954 644
800 2208
2208 280
2208 1429
280 1871
1871 2400
2400 2238
2238 1887
2238 1145
1887 687
687 2394
2394 2201
2201 2426
2426 1732
1732 2132
2132 1645
2132 1988
1645 1202
1645 1810
1202 1730
1202 1688
1730 1208
1730 572
1208 956
956 653
956 786
653 468
653 1512
468 25
468 1506
25 226
25 723
226 2221
226 1600
2221 1525
2221 2323
1525 1422
1525 225
1422 2351
2351 692
692 1739
1739 1091
1091 1328
1328 1570
1328 2007
1570 630
630 2144
2144 20
2144 1196
20 1611
1611 1447
1611 704
1447 671
671 210
210 1071
1071 2435
1071 410
2435 2093
2435 1427
2093 526
526 588
588 254
254 1112
1112 1339
1112 844
1339 2294
1339 1181
2294 1956
1956 2305
1956 1615
2305 1025
1025 1788
1788 1313
1788 1081
1313 711
1313 1964
711 37
711 1329
