3 2501 97
2 1
2 3
1974 66
66 1856
1856 623
623 2039
623 2137
2039 666
666 1906
1906 1429
1906 2213
1429 1409
1429 1938
1409 1666
1666 288
1666 2334
288 442
288 2230
442 2247
442 1356
2247 744
2247 1680
744 1814
744 1097
1814 1119
1119 1952
1119 993
1952 664
1952 2044
664 1626
1626 1735
1626 393
1735 1243
1243 1937
1243 938
1937 186
1937 1732
186 317
186 911
317 336
317 57
336 784
336 1001
784 964
784 940
964 689
689 685
685 1802
685 237
1802 748
748 2336
748 172
2336 1288
1288 1472
1472 955
955 1413
1413 1393
1393 2160
2160 105
105 1332
1332 1392
1392 1236
1236 2196
2196 1969
1969 1261
1261 462
1261 1146
462 151
151 2217
151 589
2217 1682
2217 268
1682 1407
1407 1920
1407 1926
1920 1855
1855 1268
1268 1891
1891 2355
2355 1136
1136 208
1136 1076
208 1895
208 1411
1895 1634
1895 907
1634 941
1634 1564
941 2403
941 2361
2403 867
2403 2185
867 1110
1110 23
1110 609
23 1880
1880 2085
2085 1655
2085 324
1655 454
454 1050
1050 1553
1553 1690
1553 1585
1690 2411
1690 405
2411 1023
2411 1284
1023 2488
2488 2374
2374 2379
2374 112
2379 735
735 1720
1720 1438
1720 2385
1438 1234
1438 893
1234 422
422 604
604 1389
1389 928
928 553
553 869
553 1186
869 1480
1480 413
1480 1164
413 2227
413 2079
2227 1670
1670 435
435 18
18 230
18 72
230 1792
1792 2173
1792 1769
2173 1366
2173 2093
1366 2420
2420 2277
2420 703
2277 2081
2081 2086
2086 973
973 1544
973 673
1544 872
1544 1180
872 1085
872 245
1085 961
1085 1116
961 1010
1010 2082
1010 2133
2082 1973
2082 2407
1973 2369
2369 171
171 1436
1436 465
1436 1321
465 1421
465 366
1421 2197
1421 1840
2197 2435
2435 1457
1457 1823
1457 1652
1823 1114
1114 2499
2499 1575
2499 1704
1575 2275
1575 794
2275 1477
1477 2114
1477 783
2114 262
262 1280
1280 1555
1280 1062
1555 235
1555 861
235 1883
1883 120
120 2342
2342 2000
2000 14
14 1218
1218 200
1218 676
200 2118
200 131
2118 1130
1130 1303
1303 833
833 64
64 541
64 1026
541 2075
2075 1705
1705 1794
1794 60
60 478
478 1772
1772 272
1772 1379
272 98
272 667
98 1460
98 1852
1460 547
1460 1410
547 1051
547 114
1051 1849
1849 820
820 132
820 1488
132 2337
132 1423
2337 880
2337 2311
880 173
173 2451
2451 1102
1102 1710
1710 359
359 1065
1065 1579
1579 471
1579 1012
471 2243
471 1282
2243 102
2243 647
102 265
265 1485
1485 2080
2080 1665
1665 980
980 1350
980 1199
1350 1848
1848 707
707 1435
707 2186
1435 2208
1435 2430
2208 205
205 2010
205 1174
2010 583
583 648
583 832
648 1058
1058 261
261 2362
2362 193
193 1109
1109 42
42 2316
2316 1530
2316 1677
1530 1915
1915 1845
1915 720
1845 520
520 1668
1668 397
397 552
552 154
154 868
868 1789
868 1046
1789 800
1789 909
800 174
174 1192
1192 1185
1192 1780
1185 2128
2128 1072
2128 449
1072 2218
1072 381
2218 981
2218 1949
981 329
329 1694
329 2087
1694 2120
1694 2192
2120 239
2120 2270
239 2100
2100 1391
1391 56
56 1111
1111 725
725 2027
725 970
2027 1606
1606 1317
1606 803
1317 1124
1124 2299
2299 711
2299 2265
711 2006
711 1209
2006 1283
2006 17
1283 2365
1283 530
2365 227
227 1351
227 947
1351 1955
1955 2414
1955 1306
2414 1609
2414 1334
1609 816
1609 694
816 791
816 713
791 216
216 1296
216 601
1296 1118
1296 233
1118 1846
1118 1828
1846 1266
1266 232
232 2453
2453 999
999 1184
1184 242
1184 2293
242 1536
1536 915
915 815
915 612
815 1607
1607 52
52 1168
52 992
1168 679
1168 730
679 1889
679 376
1889 311
1889 724
311 759
759 407
759 1971
407 945
945 1931
945 568
1931 749
749 326
749 2381
326 1572
1572 804
804 565
804 683
565 1730
1730 1335
1730 1405
1335 82
1335 1337
82 529
82 796
529 2156
529 2387
2156 1464
1464 1577
1464 1898
1577 1227
1577 43
1227 1122
1122 1367
1367 1048
1367 2069
1048 309
1048 2033
309 2127
2127 1627
2127 321
1627 1659
1659 2350
2350 403
403 2089
403 918
2089 2250
2250 555
555 1044
555 1160
1044 2300
1044 53
2300 1402
2300 1150
1402 292
1402 1020
292 608
292 1540
608 281
608 2313
281 392
281 1976
392 723
392 877
723 270
723 2231
270 644
270 1995
644 1203
1203 2341
2341 629
629 1333
1333 1497
1333 141
1497 756
756 357
357 2424
357 1865
2424 2001
2001 2232
2001 47
2232 1645
2232 702
1645 150
1645 1459
150 1088
150 1290
1088 2255
1088 234
2255 380
2255 840
380 436
380 2143
436 741
436 2111
741 1222
1222 1324
1222 1265
1324 318
318 125
318 1669
125 1505
125 1484
1505 1455
1505 795
1455 1722
1455 2418
1722 1298
1722 1270
1298 2222
2222 115
2222 1084
115 63
63 1154
63 1090
1154 2285
2285 300
300 219
219 881
881 1982
881 2132
1982 498
498 544
498 7
544 168
168 525
168 2454
525 2237
525 1495
2237 420
2237 714
420 882
420 2383
882 1950
1950 363
363 475
475 1805
1805 1361
1361 855
855 246
855 2062
246 1981
1981 863
863 777
863 1980
777 1754
777 425
1754 531
531 1002
531 546
1002 1104
1002 2431
1104 1734
1104 920
1734 900
900 1651
1651 1578
1651 1992
1578 1182
1182 959
1182 1414
959 414
414 2258
2258 1344
2258 563
1344 613
613 2113
613 2267
2113 459
459 1341
459 1614
1341 1217
1217 476
476 1152
476 2076
1152 2289
1152 499
2289 843
2289 1447
843 199
843 160
199 2251
2251 1103
1103 543
543 377
377 696
377 382
696 328
328 1264
328 1053
1264 773
1264 2026
773 2314
773 1509
2314 1112
1112 1903
1112 2455
1903 1216
1216 1610
1216 206
1610 597
597 856
856 1628
856 2234
1628 545
545 1674
1674 830
830 421
830 2017
421 1179
421 1171
1179 1592
1179 1420
1592 1489
1592 1416
1489 2059
1489 672
2059 995
2059 624
995 298
995 2049
298 1135
1135 296
296 362
362 587
362 661
587 562
587 1942
562 2083
2083 266
2083 2131
266 1067
266 2105
1067 1354
1067 1273
1354 290
1354 652
290 1642
1642 2175
1642 1571
2175 1340
2175 1133
1340 2015
1340 884
2015 1011
1011 1187
1011 241
1187 2462
1187 2119
2462 2139
2139 894
2139 103
894 1624
894 1117
1624 2229
1624 2375
2229 1353
2229 879
1353 2308
2308 1144
1144 897
1144 1867
897 1744
897 788
1744 2290
1744 704
2290 1198
1198 238
238 1482
238 1279
1482 1721
1721 1213
1721 1417
1213 2330
1213 571
2330 83
2330 385
83 1762
1762 582
582 1035
1035 289
1035 226
289 323
289 423
323 1812
323 1784
1812 1376
1376 515
1376 1902
515 284
284 1195
1195 2363
2363 444
2363 1510
444 307
307 162
307 1226
162 25
162 1106
25 771
771 430
430 1603
1603 2429
1603 2471
2429 419
2429 1562
419 1957
1957 550
550 353
550 1586
353 972
972 175
175 948
948 1401
1401 2037
1401 1175
2037 2406
2037 496
2406 1159
1159 688
1159 2415
688 1807
688 1896
1807 1197
1807 1796
1197 1193
1193 1235
1193 1319
1235 279
1235 2497
279 2004
279 48
2004 395
395 2450
395 966
2450 358
358 280
280 919
280 124
919 1378
919 2372
1378 944
944 1765
1765 2500
2500 1935
1935 1693
1935 2356
1693 2136
1693 2209
2136 119
2136 340
119 2493
119 2422
2493 1309
2493 889
1309 1210
1309 482
1210 1169
1210 473
1169 178
1169 411
178 1753
1753 1751
1753 2179
1751 1537
1751 1703
1537 2134
2134 1827
1827 838
1827 969
838 1177
838 460
1177 1718
1718 2288
1718 1427
2288 1325
1325 1745
1745 2110
1745 89
2110 464
2110 1717
464 1892
464 519
1892 2107
2107 1272
2107 1017
1272 569
1272 2200
569 1999
569 1347
1999 758
1999 923
758 118
118 2468
118 2495
2468 365
2468 776
365 1526
365 507
1526 2490
1526 1431
2490 1045
2490 1278
1045 249
1045 1813
249 1795
1795 2442
2442 2108
2442 642
2108 1531
2108 350
1531 78
1531 807
78 1425
1425 2294
1425 522
2294 1370
2294 2078
1370 1941
1941 431
431 2404
431 953
2404 2393
2404 602
2393 985
985 1439
985 2354
1439 136
136 183
183 1857
1857 716
1857 734
716 1140
716 1731
1140 996
996 1145
1145 1287
1145 1724
1287 1368
1368 130
1368 1712
130 896
896 2047
896 1818
2047 1134
2047 1458
1134 1444
1444 343
1444 968
343 1837
1837 799
799 1355
1355 637
1355 1522
637 2318
2318 177
177 2321
177 2071
2321 2124
2321 1408
2124 1951
1951 383
383 1095
383 1785
1095 2417
1095 2491
2417 675
675 2474
2474 655
2474 2326
655 203
655 2409
203 2138
2138 1190
2138 2030
1190 1360
1190 878
1360 505
505 965
505 1158
965 1839
1839 170
1839 2278
170 698
170 453
698 2072
698 1381
2072 516
516 2266
516 1394
2266 164
2266 987
164 440
164 263
440 781
781 2070
781 229
2070 1908
1908 1448
1908 123
1448 1662
1662 1843
1843 1137
1137 1275
1275 1884
1275 2212
1884 549
549 2382
549 111
2382 2061
2382 2169
2061 30
2061 1672
30 372
372 344
372 15
344 1629
344 2489
1629 1375
1629 79
1375 859
1375 584
859 1450
859 1691
1450 2305
2305 2020
2305 277
2020 2135
2135 1453
1453 982
982 2484
982 1927
2484 2260
2484 2003
2260 540
2260 976
540 2147
540 1584
2147 1369
1369 1223
1223 1142
1223 2159
1142 1304
1142 1301
1304 1894
1894 1263
1894 88
1263 2145
1263 2448
2145 333
2145 2419
333 59
59 2238
2238 31
31 1181
1181 1224
1181 1511
1224 2252
1224 1713
2252 1295
1295 1166
1295 1749
1166 1699
1166 1294
1699 212
212 181
212 1149
181 1841
1841 1349
1349 1842
1349 967
1842 912
912 1738
1738 1030
1030 1756
1756 1683
1683 1028
1683 1320
1028 1215
1028 1343
1215 946
1215 184
946 1576
946 1801
1576 751
751 319
319 1032
1032 1618
1618 677
677 914
677 267
914 101
101 310
310 271
271 2216
271 2181
2216 1285
2216 2398
1285 2301
1285 1782
2301 94
2301 379
94 2063
2063 1966
2063 1554
1966 1230
1966 557
1230 1649
1230 2153
1649 927
1649 2048
927 69
927 805
69 1242
1242 780
780 1500
780 1034
1500 818
818 1711
818 801
1711 1881
1711 1492
1881 1644
1644 426
1644 1359
426 578
578 892
578 1759
892 668
668 579
579 28
28 2199
28 2249
2199 978
2199 1596
978 785
978 903
785 408
785 1228
408 1206
408 1385
1206 986
986 2412
2412 148
148 2338
148 211
2338 1854
2338 1695
1854 360
1854 504
360 335
360 620
335 1015
335 27
1015 2264
2264 1743
2264 1775
1743 958
1743 470
958 2098
2098 447
2098 2032
447 659
659 769
659 260
769 1591
769 1636
1591 537
537 179
537 1003
179 2191
2191 2219
2219 2158
2219 1039
2158 1617
2158 248
1617 13
13 1055
1055 2053
2053 1959
2053 1901
1959 11
1959 367
11 1934
1934 1940
1934 347
1940 1013
1940 312
1013 1944
1944 1274
1944 621
1274 282
1274 2016
282 61
61 207
207 1148
1148 1293
1148 84
1293 1162
1162 2319
2319 491
491 1563
1563 1170
1563 630
1170 1364
1170 252
1364 631
631 26
631 6
26 814
26 2183
814 628
814 433
628 1688
628 514
1688 1262
1688 826
1262 1583
1583 2456
2456 489
2456 1016
489 635
635 1503
635 400
1503 2386
2386 1897
1897 539
539 1502
1502 1747
1747 428
428 2480
2480 1456
2480 1755
1456 104
1456 2099
104 1514
104 1904
1514 1687
1687 58
1687 2331
58 143
58 888
143 834
143 1398
834 2286
2286 325
2286 842
325 871
871 712
871 2261
712 1155
1155 641
1155 1330
641 2102
2102 1804
1804 2269
2269 2477
2477 585
2477 2279
585 2074
2074 1811
2074 603
1811 1679
1811 2226
1679 910
910 305
910 2324
305 354
305 2357
354 1893
354 1258
1893 1598
1893 332
1598 250
250 2245
250 1529
2245 1714
2245 2427
1714 2390
1714 2002
2390 1291
1291 10
1291 1612
10 1328
1328 669
1328 76
669 2161
2161 2024
2024 497
2024 1430
497 210
210 144
210 1465
144 472
472 1060
472 1027
1060 1138
1060 746
1138 21
21 960
960 790
960 817
790 2328
790 860
2328 398
398 926
926 185
926 1641
185 1454
185 1081
1454 622
1454 1986
622 1595
622 297
1595 375
375 1289
1289 949
1289 2233
949 2193
949 1702
2193 2457
2457 304
304 2031
2031 1590
1590 1664
1590 351
1664 1956
1956 1176
1956 1918
1176 2168
2168 1639
1639 554
1639 1776
554 2396
2396 1715
1715 1888
1715 862
1888 399
1888 1822
399 240
240 1740
240 663
1740 445
445 1593
1593 979
979 275
275 458
275 575
458 2349
2349 1568
2349 1870
1568 1661
1568 2097
1661 1125
1125 509
509 852
509 127
852 334
852 1817
334 2391
2391 2446
2391 1126
2446 2466
2466 330
2466 1858
330 1727
1727 1009
1727 1083
1009 1905
1905 1092
1092 1466
1092 302
1466 1615
1466 1516
1615 1156
1156 2472
2472 690
2472 247
690 2028
2028 747
2028 1799
747 1925
1925 1527
1925 726
1527 1736
1527 2112
1736 1004
1004 1201
1004 2177
1201 258
1201 2009
258 2117
258 2359
2117 469
2117 1587
469 770
469 2262
770 1194
770 1836
1194 774
774 1068
1068 1608
1068 1249
1608 2447
2447 765
765 1250
1250 348
1250 1064
348 8
8 1491
8 1462
1491 2287
1491 337
2287 1342
2287 1819
1342 2400
1342 1929
2400 1706
1706 1269
1269 474
474 1588
1588 1473
1588 1191
1473 2092
2092 1565
1565 2046
1565 187
2046 153
153 1121
153 934
1121 371
371 2050
2050 2215
2050 1863
2215 243
2215 1204
243 1377
1377 1322
1322 2221
2221 671
2221 299
671 342
671 34
342 301
301 616
301 625
616 352
352 2088
2088 2353
2088 2091
2353 640
2353 2494
640 1093
1093 1725
1093 1647
1725 574
574 1396
574 1446
1396 1115
1396 22
1115 733
733 886
886 2340
2340 1037
2340 866
1037 1737
1037 1875
1737 662
662 2485
2485 415
2485 2444
415 708
708 1054
1054 670
1054 368
670 1567
670 2064
1567 1939
1567 739
1939 481
481 2426
2426 1943
1943 1292
1943 1965
1292 898
898 1483
898 523
1483 303
1483 4
303 2055
303 109
2055 962
2055 645
962 591
591 1211
591 1388
1211 1726
1211 2467
1726 502
502 1434
502 2475
1434 1316
1434 224
1316 1346
1346 576
576 191
576 1286
191 939
939 446
939 2428
446 1656
1656 793
793 1372
793 1451
1372 255
1372 1640
255 610
610 2057
610 1550
2057 256
256 1382
1382 2140
2140 1024
1024 1948
1948 2207
2207 1229
2207 572
1229 1383
1229 657
1383 2486
2486 2101
2486 1538
2101 1052
2101 684
1052 1539
1539 1667
1539 1861
1667 1433
1667 904
1433 1380
1380 213
1380 2492
213 2228
2228 2239
2239 737
2239 632
737 1014
1014 1202
1014 848
1202 1602
1602 1128
1128 1178
1178 1025
1178 588
1025 2123
1025 1005
2123 1207
2123 1790
1207 933
1207 438
933 1832
1832 2022
2022 849
849 113
849 740
113 70
113 1793
70 1663
70 2297
1663 2025
2025 1786
2025 2060
1786 2498
2498 450
450 1073
450 876
1073 1225
1225 195
195 592
592 1323
1323 287
1323 370
287 1547
1547 1362
1547 434
1362 678
1362 2115
678 727
727 695
695 870
695 1989
870 1082
1082 538
538 844
844 1582
844 2104
1582 92
1582 2174
92 819
819 2298
819 2274
2298 1219
2298 2167
1219 532
532 1007
532 1773
1007 778
1007 654
778 1962
778 1978
1962 2121
1962 394
2121 1523
1523 1728
1523 2241
1728 1684
1684 2066
1684 2389
2066 913
913 401
913 1374
401 2440
2440 649
649 2272
2272 1442
1442 67
67 291
291 581
291 253
581 283
581 29
283 45
45 1685
45 1525
1685 2399
2399 2202
2202 389
389 1631
389 1469
1631 218
1631 62
218 2469
218 839
2469 2195
2469 812
2195 2141
2141 1597
1597 825
825 925
925 2146
925 2325
2146 1930
2146 2225
1930 2188
1930 1638
2188 135
2188 963
135 908
135 2154
908 2041
908 455
2041 74
2041 1220
74 480
480 269
480 2280
269 2021
269 223
2021 1988
2021 169
1988 1968
1988 2144
1968 2106
2106 728
2106 1313
728 2394
2394 1542
1542 190
1542 1767
190 2310
190 1574
2310 406
406 658
658 755
755 1232
755 2413
1232 1752
1232 1913
1752 2463
2463 1061
1061 90
1061 1829
90 1561
1561 274
274 33
33 1556
1556 2042
2042 753
2042 387
753 828
753 77
828 943
943 1437
1437 156
156 313
313 2150
313 1022
2150 1387
2150 595
1387 837
837 1633
837 1917
1633 1047
1047 2253
1047 931
2253 2333
2253 1967
2333 2205
2205 142
2205 1331
142 1157
142 2364
1157 2029
2029 1172
1172 87
1172 954
87 2295
2295 2302
2302 1984
2302 404
1984 901
1984 2367
901 1165
901 754
1165 2335
2335 259
259 1498
1498 1912
1912 706
706 278
706 883
278 1569
278 786
1569 1245
1569 988
1245 2476
2476 1604
2476 157
1604 1057
1057 2184
2184 2425
2425 590
590 1589
1589 138
1589 1961
138 1770
1770 1601
1770 2344
1601 254
1601 957
254 1830
254 2358
1830 680
1830 797
680 2014
680 1494
2014 386
2014 764
386 767
767 1798
767 1985
1798 717
1798 145
717 1129
1129 806
806 1658
806 598
1658 2421
1658 1557
2421 824
824 1580
824 1231
1580 361
361 997
997 1443
1443 167
1443 2125
167 1548
167 639
1548 107
107 2323
2323 117
2323 1907
117 295
117 895
295 1244
1244 1757
1244 762
1757 1478
1757 2257
1478 1787
1478 1654
1787 528
1787 1882
528 152
152 490
490 1208
490 488
1208 2122
2122 1019
1019 2013
1019 1783
2013 1779
1779 527
1779 85
527 1314
527 294
1314 1512
1512 1504
1512 1404
1504 202
1504 2155
202 721
202 2094
721 627
721 1520
627 1777
1777 626
1777 2384
626 2194
2194 743
743 701
743 46
701 166
701 1519
166 1259
166 2067
1259 1214
1214 2441
1214 2116
2441 1890
1890 2481
1890 1487
2481 1648
2481 121
1648 452
1648 1281
452 65
452 977
65 1868
65 2023
1868 811
1868 1063
811 858
811 188
858 320
858 1432
320 1559
1559 2045
1559 494
2045 682
682 501
682 577
501 1474
501 772
1474 402
402 692
692 2408
692 835
2408 1424
2408 1373
1424 2203
1424 2281
2203 1267
2203 990
1267 327
327 1113
1113 176
176 1825
176 1739
1825 782
782 2443
782 1086
2443 1546
1546 2322
1546 369
2322 418
2322 2240
418 355
418 524
355 798
355 917
798 110
110 1256
1256 1707
1256 1348
1707 510
1707 2214
510 467
510 905
467 2056
2056 1851
1851 192
192 129
192 134
129 760
129 1625
760 2436
2436 1475
1475 932
1475 1748
932 1105
1105 2483
2483 503
2483 2051
503 1403
1403 1300
1300 864
864 1558
1558 1384
1384 1468
1384 975
1468 1422
1468 257
1422 1621
1422 2206
1621 1327
1327 994
994 1499
1499 1778
1778 1006
1006 1979
1006 2189
1979 2345
2345 338
2345 951
338 983
338 2065
983 485
983 1797
485 2388
2388 699
699 1919
699 1524
1919 1719
1719 1678
1719 1993
1678 789
789 424
424 457
457 1247
1247 1033
1033 1788
1033 2176
1788 86
86 1496
1496 536
1496 2401
536 2008
536 163
2008 391
391 991
391 1077
991 55
991 429
55 1042
1042 1922
1922 1637
1637 1996
1996 2038
1996 1972
2038 484
2038 2052
484 1139
484 1859
1139 1517
1517 215
215 1080
215 1412
1080 1418
1080 32
1418 2327
2327 468
2327 364
468 417
468 1075
417 1698
1698 2180
2180 1237
2180 942
1237 1850
1850 2329
2329 1826
2329 2478
1826 779
779 1923
1923 1277
1277 1481
1481 1240
1481 1838
1240 809
809 715
809 1994
715 2438
715 2395
2438 1650
2438 1440
1650 149
1650 1463
149 1173
1173 1038
1038 1864
1864 757
757 1977
1977 2410
2410 1153
2410 1551
1153 2306
1153 1821
2306 1399
1399 197
197 2439
197 512
2439 1312
2439 273
1312 2405
1312 137
2405 2019
2019 1953
1953 71
1953 122
71 1101
1101 1874
1101 1311
1874 36
1874 636
36 221
221 1532
221 1800
1532 1108
1532 656
1108 517
517 1079
1079 2163
2163 650
650 2152
650 1534
2152 116
2152 38
116 451
451 2368
2368 873
873 1860
1860 2309
1860 1921
2309 885
885 1987
1987 1975
1987 2315
1975 2352
2352 952
952 106
952 1643
106 718
718 1632
718 1449
1632 2312
2312 1686
1686 1991
1686 487
1991 738
738 81
81 1255
1255 1518
1255 466
1518 2187
1518 2496
2187 463
2187 24
463 12
12 845
845 971
845 349
971 1339
1339 853
853 653
653 180
653 787
180 566
180 1089
566 1954
566 1885
1954 293
293 2284
293 2437
2284 2011
2284 1167
2011 432
2011 1302
432 1928
1928 935
1928 1947
935 49
49 2211
2211 836
836 1914
836 1566
1914 1336
1914 847
1336 1998
1998 2470
1998 1945
2470 140
140 1521
1521 1605
1605 2043
1605 1886
2043 1307
2043 646
1307 2224
2224 600
600 2273
2273 2073
2273 665
2073 231
231 558
231 1326
558 2201
2201 486
486 1696
1696 1552
1696 437
1552 2332
1552 1069
2332 19
2332 189
19 1100
19 161
1100 314
1100 40
314 1758
314 2291
1758 2095
1758 1853
2095 1141
2095 1120
1141 1221
1141 1397
1221 950
950 2459
950 37
2459 556
2459 1619
556 339
339 345
345 331
345 264
331 73
331 1879
73 165
73 1774
165 691
691 1008
691 378
1008 890
1008 1241
890 1043
1043 2452
2452 1390
2452 1490
1390 356
356 1916
1916 1099
1916 1623
1099 2271
1099 396
2271 1246
2271 936
1246 2416
1246 1871
2416 1386
2416 1127
1386 761
1386 1581
761 1847
761 2
1847 1098
1098 1729
1098 1018
1729 155
1729 146
155 41
41 567
41 1833
567 1533
1533 1824
1533 1476
1824 1212
1212 1560
1560 461
461 686
686 2292
2292 2244
2244 2126
2244 618
2126 1543
1543 1742
1543 126
1742 1671
1671 693
693 2373
693 1990
2373 611
611 495
611 1600
495 2433
2433 924
2433 1877
924 1911
1911 1161
1911 2276
1161 448
1161 1831
448 851
448 1653
851 534
851 1041
534 2263
534 1506
2263 745
2263 2376
745 899
899 1441
1441 813
813 1501
813 1
1501 39
1501 865
39 660
39 3
660 561
660 956
561 674
674 100
674 1143
100 2296
2296 477
2296 1000
477 1357
477 1471
1357 412
1357 1887
412 51
51 1151
1151 2445
1151 1029
2445 182
2445 341
182 2109
2109 2304
2109 2005
2304 1513
1513 1771
1513 1189
1771 1066
1066 1700
1066 1613
1700 493
493 1400
1400 1594
1594 306
306 1932
1932 2242
2242 2434
2434 2402
2402 1132
2402 570
1132 615
615 1251
1251 705
1251 850
705 500
500 1764
500 214
1764 2142
1764 2371
2142 93
93 1365
93 1816
1365 1630
1365 1692
1630 1205
1205 373
1205 2151
373 594
594 9
9 1419
9 1876
1419 1660
1419 308
1660 198
1660 1310
198 2018
2018 823
823 2282
2282 2204
2204 410
2204 736
410 681
681 768
681 573
768 96
768 2162
96 1909
1909 158
158 2103
2103 1371
2103 559
1371 808
808 1528
1528 2068
1528 1657
2068 634
634 1253
634 998
1253 1701
1253 742
1701 2172
1701 508
2172 1834
2172 1056
1834 533
533 1958
1958 1426
1958 427
1426 236
236 564
236 1318
564 108
564 1358
108 2378
2378 1415
1415 222
1415 441
222 1021
222 1844
1021 854
854 483
854 1983
483 1766
1766 984
1766 220
984 68
984 1297
68 2458
2458 700
2458 201
700 2473
2473 551
551 1196
1196 750
750 1763
1763 1107
1107 1238
1107 1573
1238 2377
2377 1345
1345 251
1345 1163
251 752
752 2339
2339 2397
2397 697
2397 1997
697 1924
697 1036
1924 1815
1815 1363
1363 2170
2170 1040
2170 147
1040 535
535 2035
2035 580
2035 128
580 5
5 542
5 1074
542 1960
1960 1899
1899 2320
1899 2303
2320 887
887 722
722 1933
722 1507
1933 822
1933 2248
822 731
822 1260
731 1428
731 1299
1428 1910
1428 1276
1910 322
322 526
526 1791
526 596
1791 95
95 1445
1445 1486
1486 2036
2036 16
2036 1963
16 1873
1873 1091
1091 518
1091 560
518 831
831 1096
831 2054
1096 374
374 1248
374 1733
1248 1352
1248 1452
1352 614
1352 99
614 2283
614 1493
2283 75
75 2460
2460 194
194 1599
1599 2449
1599 2259
2449 1869
2449 775
1869 1808
1869 1508
1808 766
766 2346
766 2178
2346 1723
2346 1545
1723 217
1723 1746
217 2461
2461 1515
2461 1646
1515 2370
2370 2096
2096 209
2096 1681
209 1059
1059 2165
1059 937
2165 922
2165 633
922 710
710 2307
710 732
2307 50
50 875
875 1878
875 388
1878 416
416 1461
416 346
1461 315
315 1147
315 2190
1147 1697
1147 2130
1697 651
651 1200
1200 916
1200 719
916 2077
2077 974
974 2464
2464 1635
1635 1338
1338 829
829 2254
2254 1810
2254 605
1810 2148
2148 1305
2148 2129
1305 390
390 456
456 44
44 139
44 2149
139 133
133 1616
133 2465
1616 2347
2347 2007
2007 1257
1257 607
607 846
607 2423
846 1271
846 1071
1271 1131
1271 1611
1131 2235
1131 619
2235 2317
2235 1252
2317 827
2317 687
827 35
35 2164
2164 1078
1078 2360
1078 443
2360 802
802 1031
802 276
1031 1622
1622 643
1622 763
643 1835
643 606
1835 1862
1862 1946
1946 617
1946 2171
617 921
921 228
921 204
228 1239
1239 91
1239 1087
91 196
196 548
548 384
384 1970
384 1123
1970 891
891 2487
2487 902
2487 492
902 586
902 54
586 1254
1254 159
1254 2351
159 2210
159 2058
2210 2223
2210 439
2223 2380
2223 1675
2380 930
2380 1395
930 1689
930 2040
1689 1479
1479 599
599 1750
599 1716
1750 874
874 2348
874 1467
2348 1964
2348 1049
1964 80
80 792
80 2090
792 2479
2479 989
2479 1188
989 506
989 513
506 1535
506 929
1535 2268
2268 709
2268 2198
709 593
709 2012
593 1406
593 225
1406 1233
1406 2246
1233 1741
1233 2432
1741 285
1741 2084
285 286
285 2501
286 1470
286 2157
1470 1708
1708 638
1708 1549
638 2256
2256 821
821 1315
821 1709
1315 841
1315 1872
841 1866
1866 729
729 1329
729 1094
1329 1936
1936 906
1936 1760
906 409
409 1541
409 1570
1541 2166
2166 97
2166 1900
97 810
97 244
810 1308
810 521
1308 1070
1070 1803
1070 2392
1803 1761
1761 1781
1761 2482
1781 2220
1781 1809
2220 1768
1768 1820
1820 2366
1820 2236
2366 20
20 511
511 1183
1183 2182
1183 1673
2182 1620
2182 479
1620 2034
1620 316
2034 857
2034 1676
857 1806
1806 2343
