9 1390 85659
6 7
6 2
7 8
7 5
8 3
8 4
3 9
3 1
1077 1050
1050 812
812 630
630 1096
630 800
1096 1059
1059 1134
1059 96
1134 832
1134 1203
832 1261
832 681
1261 134
1261 45
134 1248
134 646
1248 1385
1385 85
85 1349
1349 926
1349 763
926 943
926 31
943 917
943 748
917 1376
1376 415
415 387
415 906
387 338
387 411
338 949
949 579
949 1381
579 1279
1279 1353
1353 951
1353 1368
951 174
951 1040
174 848
848 1070
848 1082
1070 1117
1117 1237
1237 69
1237 15
69 891
891 1201
891 1253
1201 849
1201 1347
849 301
301 413
301 434
413 1287
1287 1236
1236 118
118 212
212 92
92 1167
92 1127
1167 1181
1167 612
1181 1079
1079 416
1079 1324
416 76
416 1180
76 494
494 686
686 649
649 684
684 997
684 576
997 275
275 902
275 683
902 1111
902 142
1111 193
1111 831
193 443
193 465
443 1345
1345 1149
1149 872
872 128
128 933
128 72
933 871
933 809
871 976
976 671
976 317
671 747
671 445
747 492
747 485
492 994
994 842
994 381
842 723
842 366
723 433
433 360
433 1322
360 1332
360 357
1332 1172
1332 606
1172 899
1172 799
899 523
899 235
523 738
523 1048
738 715
715 1087
715 998
1087 786
1087 853
786 476
476 372
476 418
372 380
380 563
380 227
563 561
563 388
561 644
561 1323
644 1384
644 264
1384 16
1384 303
16 1198
16 1213
1198 435
1198 277
435 522
435 1290
522 327
327 982
327 675
982 850
982 410
850 596
850 835
596 1067
596 412
1067 62
1067 811
62 685
62 1294
685 1137
1137 947
947 1183
947 838
1183 308
1183 1365
308 135
308 262
135 93
135 1319
93 693
693 660
660 798
798 30
30 1390
1390 628
1390 154
628 276
628 565
276 1108
1108 7
1108 520
7 1014
7 954
1014 1030
1014 29
1030 489
489 183
183 865
865 461
461 361
461 546
361 176
176 669
176 687
669 1196
669 554
1196 97
97 100
97 1330
100 1230
1230 1154
1154 124
1154 784
124 714
714 202
714 1175
202 1085
202 236
1085 1298
1085 1142
1298 84
1298 363
84 873
84 246
873 1292
1292 1200
1292 978
1200 752
752 822
752 688
822 467
822 171
467 864
467 775
864 436
436 47
47 1382
47 699
1382 439
439 921
439 555
921 828
828 506
506 198
506 488
198 609
198 977
609 682
609 1371
682 146
682 508
146 152
152 1174
152 451
1174 34
34 1206
1206 702
1206 622
702 1305
1305 874
1305 1379
874 343
343 785
785 802
802 455
802 1228
455 204
455 1283
204 673
204 127
673 95
95 1221
95 574
1221 73
73 1060
1060 854
1060 1195
854 753
854 53
753 498
498 903
903 395
395 330
395 1202
330 63
330 966
63 782
63 10
782 1193
782 217
1193 789
789 403
789 593
403 157
403 920
157 895
157 454
895 350
350 923
923 1259
1259 1084
1084 1342
1084 1104
1342 901
901 1159
1159 588
588 442
588 286
442 1106
1106 1210
1106 230
1210 1338
1338 1186
1186 107
1186 1215
107 963
963 251
251 299
251 743
299 1028
299 1151
1028 1051
1051 701
701 269
269 111
111 855
111 857
855 346
346 8
346 1083
8 98
98 260
98 1078
260 1278
260 1199
1278 602
602 900
602 1147
900 1116
900 1000
1116 160
160 878
160 438
878 1339
878 549
1339 311
1339 698
311 1317
1317 1311
1311 925
925 473
925 1004
473 544
544 404
544 631
404 300
404 369
300 1145
1145 81
81 796
796 965
796 1331
965 9
965 950
9 559
559 170
559 794
170 77
170 25
77 1163
1163 780
780 744
780 601
744 1224
1224 624
1224 820
624 1164
1164 1216
1164 1257
1216 27
27 368
27 166
368 1369
368 339
1369 883
1369 852
883 1092
1092 1329
1329 722
1329 35
722 325
325 578
325 22
578 406
406 1038
1038 145
145 1249
145 521
1249 1165
1249 1071
1165 304
1165 1019
304 665
665 806
806 32
806 216
32 1375
32 741
1375 393
393 310
393 1178
310 282
310 477
282 1126
282 263
1126 797
1126 205
797 626
797 214
626 348
626 870
348 1013
1013 1304
1013 379
1304 827
827 534
827 792
534 1310
534 697
1310 213
1310 613
213 1377
1377 469
469 1205
469 1072
1205 1037
1037 761
761 1044
761 61
1044 758
758 777
758 620
777 717
777 109
717 710
717 1020
710 23
23 893
893 1088
893 636
1088 156
156 172
172 958
172 59
958 137
958 307
137 54
137 575
54 173
54 603
173 1387
173 1334
1387 548
1387 927
548 825
548 105
825 1166
825 762
1166 1080
1166 1289
1080 175
175 680
680 915
680 1234
915 265
265 385
385 1299
385 1308
1299 999
1299 64
999 971
971 1285
971 224
1285 12
1285 1226
12 422
12 556
422 861
422 196
861 1150
1150 493
1150 703
493 344
344 525
525 1123
1123 126
1123 151
126 918
126 594
918 1148
918 967
1148 1266
1148 759
1266 552
1266 352
552 1053
552 569
1053 1315
1315 185
185 836
185 163
836 740
740 337
337 1042
1042 731
731 1191
1191 567
1191 1146
567 148
148 1306
1306 1208
1208 928
1208 20
928 877
877 992
992 1012
1012 1361
1012 384
1361 627
1361 1250
627 718
718 58
58 41
41 427
427 639
639 518
639 745
518 617
518 449
617 914
914 881
914 421
881 641
881 905
641 916
641 280
916 668
916 847
668 305
668 389
305 840
305 383
840 1328
1328 648
648 1274
1274 1158
1274 245
1158 837
837 364
837 754
364 1168
1168 750
1168 910
750 652
652 44
652 755
44 582
582 292
292 478
292 1047
478 48
48 1350
1350 267
267 1190
267 968
1190 739
1190 1160
739 1110
739 1132
1110 676
676 1358
1358 347
1358 985
347 1372
1372 678
1372 88
678 46
678 376
46 941
941 89
89 161
161 408
408 1222
1222 886
886 90
886 1130
90 1075
1075 562
1075 1217
562 425
425 355
425 1386
355 1293
1293 733
1293 817
733 1354
1354 573
1354 913
573 342
573 244
342 677
677 1352
1352 378
1352 690
378 414
378 487
414 720
720 705
705 283
705 815
283 284
283 647
284 672
284 375
672 17
17 884
884 536
536 1086
536 516
1086 1325
1325 973
1325 115
973 351
351 220
351 801
220 1316
220 990
1316 232
232 996
996 502
996 547
502 239
502 1238
239 399
239 231
399 233
233 1101
233 430
1101 1152
1101 1241
1152 824
1152 1105
824 486
486 781
486 819
781 268
268 83
268 846
83 728
83 278
728 1263
728 957
1263 1062
1263 1265
1062 1049
1062 122
1049 423
1049 528
423 215
215 479
215 50
479 1121
479 1256
1121 1074
1074 1389
1389 1090
1090 335
1090 935
335 769
769 764
764 879
879 633
879 946
633 629
629 407
629 511
407 1247
407 333
1247 1103
1247 113
1103 625
1103 974
625 396
625 238
396 65
396 101
65 1045
65 201
1045 1025
1045 530
1025 1068
1025 1314
1068 550
550 707
707 271
271 1260
1260 258
258 839
839 1373
1373 447
1373 1307
447 1
1 1129
1129 177
1129 931
177 586
586 1124
1124 340
340 150
340 1177
150 779
779 475
475 1351
475 1359
1351 623
623 11
623 167
11 1157
11 405
1157 725
1157 1153
725 658
658 757
658 632
757 354
354 866
866 1046
1046 1184
1046 431
1184 1139
1184 370
1139 1033
1033 756
756 4
756 377
4 390
4 162
390 1231
1231 517
517 1066
1066 1118
1066 791
1118 1188
1188 1313
1313 584
584 572
584 1094
572 39
572 911
39 1091
39 1388
1091 598
598 611
598 452
611 444
611 1054
444 1280
1280 1135
1135 440
440 130
130 653
653 1065
1065 571
571 1093
571 112
1093 254
254 599
254 742
599 1069
1069 1309
1069 735
1309 1318
1309 500
1318 944
1318 1144
944 1055
1055 1022
1022 771
1022 294
771 1225
771 490
1225 279
1225 365
279 1005
1005 535
1005 510
535 1378
535 955
1378 470
1378 810
470 129
129 138
129 1001
138 1052
138 57
1052 94
94 71
71 316
71 1057
316 558
558 845
558 711
845 696
696 60
696 581
60 241
60 302
241 600
600 892
892 353
353 983
353 1095
983 1235
1235 1246
1235 772
1246 181
1246 1128
181 970
970 86
970 356
86 526
86 108
526 859
526 787
859 543
543 862
862 1064
862 253
1064 813
1064 1021
813 281
281 513
281 615
513 953
953 189
953 898
189 841
189 938
841 783
841 285
783 689
783 737
689 1300
1300 708
708 803
803 692
692 816
692 557
816 880
880 1003
880 788
1003 480
1003 1258
480 209
480 904
209 429
429 1029
1029 457
457 1272
457 1286
1272 767
1272 149
767 1370
1370 553
553 458
553 448
458 700
700 604
604 21
21 948
21 1109
948 184
184 814
184 318
814 322
322 139
139 159
139 1176
159 1006
1006 614
614 1023
1023 456
1023 1171
456 882
882 289
289 206
289 1143
206 1027
206 577
1027 1218
1027 808
1218 243
243 940
940 721
940 1133
721 595
721 1035
595 1194
1194 934
934 889
934 664
889 484
889 863
484 14
14 766
766 1189
1189 1239
1189 1125
1239 1284
1239 1282
1284 144
144 1131
1131 133
133 1288
133 1281
1288 99
1288 972
99 531
99 975
531 192
531 249
192 736
192 313
736 663
736 868
663 1302
663 962
1302 222
1302 1036
222 524
524 261
524 143
261 38
261 1018
38 1211
1211 591
1211 568
591 1141
1141 320
1141 1182
320 1089
1089 1207
1207 1380
1380 345
345 211
211 295
211 287
295 1185
1185 1273
1273 180
180 514
180 66
514 1169
1169 1115
1115 55
1115 888
55 856
856 993
856 662
993 466
466 541
541 592
541 597
592 1276
592 1321
1276 334
334 329
334 988
329 560
329 540
560 691
691 504
504 589
589 463
589 1291
463 68
463 651
68 328
328 1212
1212 1031
1212 834
1031 823
823 394
394 140
394 165
140 1136
1136 288
1136 818
288 228
228 306
306 51
51 36
51 1312
36 833
833 290
290 634
290 657
634 428
428 986
428 666
986 509
986 432
509 298
509 468
298 826
826 1122
1122 1383
1383 367
1383 28
367 713
713 319
319 471
471 341
341 537
341 1297
537 459
537 804
459 640
640 924
640 875
924 472
924 564
472 1254
1254 5
1254 607
5 125
5 495
125 79
79 312
79 732
312 1162
312 1357
1162 420
420 1209
420 580
1209 1098
1209 618
1098 91
1098 3
91 770
770 37
37 776
37 1076
776 515
776 545
515 679
515 1344
679 1252
679 397
1252 103
103 987
987 1243
1243 989
1243 909
989 605
989 131
605 532
532 937
532 441
937 291
937 242
291 266
291 807
266 529
529 1073
1073 1269
1269 491
491 252
252 585
585 1099
585 141
1099 621
1099 805
621 453
453 1058
1058 642
1058 1275
642 712
642 956
712 1214
712 203
1214 19
1214 1251
19 1336
1336 608
1336 1063
608 1155
1155 1233
1233 897
1233 1363
897 52
897 730
52 1333
52 1364
1333 273
1333 371
273 1320
273 1113
1320 1220
1220 1303
1303 507
507 326
326 247
326 1255
247 1348
1348 1341
1348 257
1341 1335
1341 1326
1335 274
1335 460
274 821
821 104
104 751
751 765
751 87
765 887
765 1277
887 952
952 147
147 1267
1267 155
1267 315
155 200
200 960
960 773
773 542
542 1192
1192 566
1192 659
566 670
670 78
78 349
78 56
349 610
610 860
860 296
860 1343
296 768
768 719
768 716
719 119
119 106
106 1034
1034 374
1034 164
374 551
374 324
551 359
359 197
359 386
197 539
197 207
539 829
539 272
829 136
136 505
505 1138
505 1301
1138 519
519 908
908 182
908 270
182 729
729 936
936 1366
936 869
1366 1008
1366 979
1008 1229
1229 645
645 1296
645 964
1296 373
1296 1223
373 1327
1327 331
331 199
199 1367
1367 297
297 419
419 795
795 843
843 749
843 709
749 587
587 194
587 153
194 398
398 70
70 1240
70 1244
1240 734
734 1015
734 42
1015 667
667 1119
667 1271
1119 1245
1119 932
1245 218
1245 512
218 1242
218 391
1242 1032
1032 132
132 120
132 24
120 704
704 256
256 417
417 969
969 250
250 102
102 1041
1041 1337
1337 643
643 939
643 482
939 590
590 426
426 321
321 538
321 503
538 221
538 82
221 1120
221 858
1120 1011
1120 1002
1011 945
1011 483
945 446
945 75
446 6
6 1374
6 1161
1374 226
226 726
226 570
726 1179
1179 1156
1156 178
1156 1061
178 501
501 191
191 1187
191 984
1187 1262
1187 533
1262 1009
1262 793
1009 1268
1009 80
1268 114
1268 961
114 1102
114 894
1102 2
2 583
583 790
790 18
790 619
18 930
18 186
930 179
930 912
179 400
179 922
400 1112
1112 851
851 225
851 1026
225 1340
225 1114
1340 362
362 187
187 437
437 1173
437 248
1173 638
638 774
774 991
774 919
991 169
991 49
169 1219
169 481
1219 1360
1219 499
1360 650
1360 981
650 616
616 959
959 158
959 635
158 706
706 409
409 655
655 1056
1056 885
1056 1140
885 1039
885 474
1039 168
168 1097
168 26
1097 1270
1270 255
1270 674
255 323
255 1081
323 637
323 1295
637 695
695 358
695 1227
358 332
358 450
332 1010
1010 694
694 654
694 890
654 907
907 527
907 1346
527 830
830 1362
830 1043
1362 13
1362 995
13 896
896 229
229 1016
1016 876
876 496
876 43
496 1355
496 259
1355 1017
1355 237
1017 116
116 1264
1264 778
1264 497
778 929
929 234
234 464
464 314
464 67
314 309
314 1170
309 727
727 661
727 1197
661 942
942 190
942 121
190 382
190 110
382 40
382 210
40 462
462 392
462 123
392 402
402 219
402 293
219 208
219 1107
208 724
724 424
724 240
424 195
195 336
195 401
336 117
117 656
656 1007
656 980
1007 1204
1007 1356
1204 223
1204 867
223 74
74 760
760 1100
760 33
1100 844
844 188
844 1024
188 746
188 1232
