6 1873 3054
6 5
5 1
1 2
1 4
2 3
184 1797
1797 625
1797 927
625 144
625 1401
144 699
699 1747
699 708
1747 1639
1747 551
1639 252
1639 924
252 1096
252 341
1096 760
1096 446
760 105
760 486
105 273
105 1179
273 427
427 1855
1855 1873
1873 52
1873 271
52 1095
1095 195
195 1452
195 317
1452 191
1452 1474
191 1628
1628 18
1628 1218
18 1852
18 208
1852 1477
1852 538
1477 1102
1102 774
1102 1429
774 26
774 1802
26 1014
1014 706
706 755
706 1427
755 1215
1215 304
1215 1017
304 843
304 1065
843 1197
1197 9
1197 415
9 68
9 1060
68 1458
1458 718
1458 1523
718 1620
1620 1783
1783 669
1783 1031
669 1431
669 1397
1431 1120
1120 1773
1773 1471
1471 1563
1563 1725
1725 185
185 710
185 1198
710 6
710 1502
6 25
6 1000
25 1040
1040 187
1040 1472
187 1697
1697 1815
1815 868
868 137
137 1250
137 1008
1250 1480
1480 1844
1844 315
315 872
872 670
872 1538
670 1085
670 1144
1085 451
1085 1776
451 211
211 272
272 852
272 740
852 778
852 48
778 1030
1030 1840
1840 841
841 1818
1818 1174
1818 301
1174 1239
1174 441
1239 732
732 651
651 1338
651 994
1338 1395
1338 1027
1395 622
622 367
622 1625
367 1806
1806 949
1806 380
949 866
949 1426
866 1750
866 170
1750 243
1750 914
243 576
243 859
576 166
166 1009
1009 1613
1009 838
1613 736
1613 642
736 1629
1629 1116
1629 264
1116 865
865 354
354 239
239 717
239 1076
717 90
717 390
90 990
90 1536
990 1279
990 1018
1279 393
393 186
186 1838
186 387
1838 777
1838 1450
777 58
58 294
58 828
294 928
294 504
928 860
860 1532
1532 324
324 524
524 680
524 826
680 958
958 1469
958 1851
1469 1554
1554 1642
1554 440
1642 574
1642 1819
574 1068
574 618
1068 1394
1394 862
862 834
834 1400
1400 494
1400 951
494 1581
494 1648
1581 278
1581 1676
278 200
278 99
200 55
200 295
55 1288
55 1169
1288 966
1288 693
966 1272
1272 167
1272 1772
167 413
413 1449
413 1302
1449 1671
1671 1804
1804 611
611 232
611 824
232 1136
232 537
1136 375
1136 1054
375 656
656 429
656 814
429 14
14 1739
14 635
1739 1598
1598 511
511 616
511 1626
616 702
616 276
702 1110
1110 115
1110 1414
115 238
238 1557
238 795
1557 1566
1557 1036
1566 198
198 1281
1281 370
1281 1741
370 850
850 1688
850 1630
1688 764
764 1032
764 28
1032 1775
1032 478
1775 1836
1836 1274
1274 918
918 1634
1634 78
78 1247
78 945
1247 1822
1247 1207
1822 894
1822 1514
894 1737
1737 467
1737 1330
467 1551
467 1831
1551 1807
1551 1192
1807 800
800 1781
1781 1151
1781 418
1151 1051
1151 666
1051 219
1051 1505
219 1368
219 1678
1368 684
684 617
684 956
617 665
617 142
665 1643
1643 688
1643 286
688 237
237 248
237 373
248 1872
248 792
1872 407
1872 1229
407 1473
407 62
1473 829
829 1657
829 1517
1657 1709
1657 1139
1709 643
1709 923
643 1618
1618 996
996 1092
1092 1428
1092 1790
1428 810
810 372
372 369
369 1391
369 1291
1391 177
177 279
177 501
279 861
279 559
861 130
130 1148
130 1140
1148 348
348 1616
1616 91
91 840
91 1596
840 582
840 780
582 1681
1681 775
1681 1485
775 1841
1841 1805
1841 546
1805 867
867 426
426 1208
1208 1084
1084 189
189 544
189 1758
544 145
544 371
145 274
145 630
274 1181
274 402
1181 600
1181 69
600 197
197 1254
1254 987
1254 1868
987 27
987 556
27 430
27 1586
430 1561
430 1728
1561 1097
1561 1237
1097 1438
1097 1271
1438 1516
1438 1175
1516 683
683 242
242 340
340 352
340 1339
352 581
352 1262
581 493
581 61
493 205
493 514
205 575
575 1600
575 1235
1600 1496
1600 1436
1496 1611
1611 165
165 296
296 1398
296 1609
1398 16
16 785
16 1369
785 88
785 939
88 1038
1038 920
920 805
805 1210
1210 645
645 808
645 578
808 530
808 664
530 1364
1364 1158
1158 1791
1158 1759
1791 657
657 1603
657 1203
1603 431
431 1342
1342 1660
1660 74
1660 1261
74 1075
74 1446
1075 1744
1075 1569
1744 139
1744 1735
139 585
139 1686
585 287
585 986
287 180
287 1001
180 342
342 550
342 1026
550 1811
550 1614
1811 831
831 102
831 1843
102 992
102 1454
992 1576
992 7
1576 703
703 46
46 1052
1052 1488
1488 1137
1488 835
1137 1195
1195 560
560 904
560 1112
904 1403
904 1232
1403 1814
1403 973
1814 725
1814 1827
725 607
725 1664
607 784
784 34
784 179
34 1162
1162 1127
1162 1787
1127 127
127 997
997 875
997 676
875 417
417 1699
417 42
1699 1194
1699 907
1194 1524
1524 1742
1524 639
1742 846
1742 1679
846 473
473 51
473 825
51 1459
51 787
1459 160
160 394
394 566
394 1023
566 1042
1042 136
136 268
268 811
811 627
811 1161
627 1870
1870 727
1870 1666
727 1372
1372 870
1372 802
870 171
171 1684
1684 1216
1684 1098
1216 1661
1216 853
1661 543
543 749
749 1294
749 263
1294 255
1294 979
255 1689
1689 1520
1689 704
1520 1188
1188 771
771 462
771 1055
462 458
462 768
458 603
603 1165
1165 621
621 1242
1242 1041
1041 1552
1041 1077
1552 1122
1122 712
1122 1713
712 282
282 1652
1652 1798
1652 821
1798 1812
1812 506
1812 299
506 1495
506 1433
1495 1269
1269 1356
1356 356
1356 1057
356 1374
1374 463
1374 803
463 1808
1808 833
1808 1447
833 1387
833 1333
1387 376
376 1081
1081 1864
1081 1511
1864 20
1864 1099
20 128
20 497
128 1724
128 1813
1724 215
1724 646
215 1534
1534 641
1534 1266
641 150
641 1221
150 1794
150 116
1794 85
85 1705
1705 675
675 697
675 1577
697 135
135 379
135 1276
379 1582
379 796
1582 1580
1580 1354
1354 1550
1354 1745
1550 1046
1046 1103
1103 554
554 1631
554 1286
1631 306
306 1413
1413 206
1413 1296
206 325
206 1749
325 674
325 318
674 562
674 4
562 1736
562 1595
1736 1583
1736 902
1583 1672
1672 1146
1672 1184
1146 101
1146 480
101 1223
1223 650
650 848
848 1230
1230 288
288 491
288 1284
491 1754
491 555
1754 1692
1692 1013
1013 726
726 121
121 1669
1669 1135
1669 856
1135 434
1135 254
434 1402
1402 346
346 502
502 602
502 1298
602 457
457 1423
457 1211
1423 1355
1423 207
1355 1610
1610 819
1610 1645
819 1069
819 595
1069 1863
1069 1050
1863 1037
1037 382
1037 806
382 109
109 1187
109 1621
1187 1353
1353 705
705 284
284 601
284 1287
601 283
601 162
283 381
283 472
381 1170
1170 1589
1170 435
1589 626
626 436
436 31
31 1466
1466 1297
1297 196
196 531
196 1746
531 1468
531 633
1468 1166
1166 1803
1166 438
1803 984
1803 1659
984 889
889 1508
1508 73
73 40
73 518
40 590
590 414
590 769
414 267
414 779
267 1769
1769 510
510 631
510 1410
631 1255
1255 568
568 724
724 900
724 816
900 1649
900 224
1649 1028
1649 1357
1028 571
1028 1093
571 739
571 509
739 477
739 917
477 337
477 1337
337 873
873 1440
873 1114
1440 754
754 291
291 251
251 782
782 13
782 533
13 847
847 148
847 541
148 788
788 229
229 1820
1820 79
79 1253
79 173
1253 519
1253 1259
519 1579
1579 1293
1579 421
1293 452
1293 1792
452 126
452 1347
126 1830
126 587
1830 1675
1675 1130
1130 350
1130 516
350 357
350 106
357 1701
1701 977
1701 933
977 1335
1335 954
1335 147
954 597
954 1704
597 363
597 366
363 1138
363 1555
1138 396
1138 547
396 912
912 347
347 786
347 1063
786 444
444 1470
1470 1507
1507 351
1507 1544
351 11
11 488
488 385
488 1217
385 815
385 475
815 1396
1396 388
388 406
406 50
50 880
50 141
880 720
880 1317
720 1275
1275 981
981 520
520 1615
520 863
1615 549
1615 1434
549 290
290 2
2 698
2 1638
698 1128
698 932
1128 22
1128 1323
22 1481
22 1049
1481 1490
1490 672
1490 1793
672 43
672 368
43 1727
1727 659
659 1061
659 33
1061 1816
1061 721
1816 1861
1861 119
119 1024
119 528
1024 1463
1024 1080
1463 1047
1463 714
1047 573
1047 442
573 640
640 1553
640 361
1553 1560
1560 747
1560 1236
747 172
747 1389
172 512
172 269
512 355
512 615
355 913
913 466
913 1371
466 1370
1370 696
696 522
696 1732
522 129
522 164
129 1854
129 1593
1854 1784
1854 1540
1784 465
1784 1143
465 1782
1782 23
23 203
23 734
203 1847
1847 822
1847 926
822 154
154 765
154 412
765 1399
1399 1363
1399 940
1363 790
790 481
481 1070
1070 249
249 1134
249 1424
1134 1734
1134 1246
1734 1079
1734 999
1079 686
1079 1509
686 81
686 695
81 1668
1668 1710
1668 508
1710 1257
1257 776
1257 1444
776 1464
776 1602
1464 124
1464 1635
124 532
124 1104
532 1500
1500 1019
1500 484
1019 517
1019 1564
517 104
104 360
104 636
360 449
360 1393
449 799
799 448
799 793
448 1817
448 1129
1817 1627
1627 733
1627 1334
733 983
733 1493
983 479
983 975
479 1131
479 1292
1131 1034
1034 1417
1034 921
1417 298
298 39
39 950
950 1405
1405 297
1405 877
297 86
86 1714
1714 1476
1476 1846
1846 54
1846 1677
54 1264
1264 1190
1264 1421
1190 1492
1492 216
1492 353
216 1150
1150 459
1150 1506
459 964
964 1404
964 935
1404 201
201 302
201 468
302 1698
302 1304
1698 1513
1513 1535
1535 1865
1535 748
1865 233
233 922
922 1083
1083 1004
1083 662
1004 262
262 1016
1016 1118
1016 1365
1118 963
963 1766
1766 47
47 214
214 809
214 228
809 1267
809 321
1267 410
1267 1651
410 1415
1415 256
1415 362
256 1199
1199 1541
1199 745
1541 226
1541 588
226 1299
1299 1537
1299 1141
1537 1761
1761 1556
1556 535
535 898
898 1719
1719 728
1719 364
728 98
728 1228
98 218
218 955
955 8
8 1849
1849 613
1849 1358
613 1558
1558 266
1558 1729
266 823
266 1748
823 1779
823 1757
1779 1176
1779 783
1176 1329
1176 1058
1329 974
1329 1132
974 722
722 476
476 1029
1029 569
1029 893
569 153
153 490
490 1320
1320 813
1320 1200
813 222
813 1489
222 1425
1425 1226
1425 94
1226 944
1226 80
944 158
944 1089
158 471
158 1726
471 292
471 648
292 744
744 307
744 858
307 156
307 972
156 1608
156 655
1608 770
1608 1619
770 1547
1547 213
1547 1105
213 416
213 1064
416 1209
416 682
1209 1795
1209 1656
1795 489
1795 1504
489 1106
1106 687
687 1213
687 1044
1213 794
1213 1525
794 960
794 1381
960 534
960 49
534 93
534 1183
93 1265
1265 422
1265 1530
422 1839
422 929
1839 1003
1003 909
1003 1277
909 500
500 1310
500 309
1310 326
326 886
326 1604
886 1045
1045 1753
1753 1533
1533 663
1533 1715
663 908
908 741
741 461
741 995
461 202
202 1108
1108 948
1108 1340
948 1435
948 679
1435 56
56 1408
56 916
1408 887
1408 270
887 553
553 1109
553 762
1109 536
1109 1245
536 1113
536 391
1113 915
1113 1180
915 1588
1588 1308
1588 71
1308 92
92 168
92 1607
168 1035
1035 122
1035 1352
122 1322
1322 1273
1322 1392
1273 204
204 320
320 864
320 1153
864 10
864 1597
10 1542
1542 649
1542 1422
649 118
649 839
118 628
628 460
460 1039
1039 305
1039 1528
305 312
312 1366
312 1740
1366 1067
1067 564
564 70
564 227
70 1799
70 332
1799 1869
1799 117
1869 1853
1869 1545
1853 21
1853 1622
21 1498
1498 1168
1168 507
1168 1022
507 1539
1539 1256
1539 1191
1256 632
1256 338
632 1155
632 1685
1155 1501
1155 67
1501 1439
1501 1503
1439 545
1439 303
545 1680
1680 1159
1159 176
1159 365
176 499
176 44
499 423
423 225
423 1834
225 1280
225 1543
1280 1167
1167 891
891 1295
1295 1835
1295 1575
1835 1078
1835 1270
1078 1087
1087 1367
1087 700
1367 1687
1367 470
1687 738
738 1494
1494 1522
1522 1227
1227 345
1227 1327
345 1258
345 174
1258 289
289 844
289 1177
844 1663
844 1243
1663 456
456 138
138 60
138 335
60 1718
1718 193
193 183
193 1111
183 310
310 1074
310 1043
1074 539
539 327
539 1309
327 1653
1653 1082
1653 1768
1082 570
570 876
876 1859
1859 962
962 1456
962 285
1456 1377
1456 175
1377 637
1377 1731
637 1623
637 19
1623 818
1623 594
818 1107
818 1240
1107 658
1107 1632
658 1350
658 209
1350 1053
1053 965
965 737
965 1378
737 1497
737 1214
1497 1871
1497 1326
1871 681
1871 1300
681 447
681 1695
447 1348
1348 1094
1094 757
1094 742
757 349
757 1764
349 1777
349 182
1777 1568
1568 1529
1529 1867
1529 485
1867 936
1867 1475
936 1707
936 1204
1707 715
715 871
715 952
871 746
871 971
746 1011
746 993
1011 482
482 577
482 330
577 389
577 1591
389 1548
389 244
1548 1559
1548 374
1559 1823
1823 998
1823 1430
998 1778
1778 1650
1650 1585
1585 1461
1461 820
1461 246
820 1716
1716 619
619 801
801 83
801 623
83 572
83 1712
572 1800
572 333
1800 753
753 1721
1721 910
1721 1483
910 1193
1193 261
261 1453
1453 896
1453 919
896 1722
1722 1465
1722 593
1465 1321
1321 584
584 1756
1756 761
1756 38
761 1101
761 1383
1101 65
1101 647
65 1349
1349 505
1349 668
505 1328
505 614
1328 1829
1328 1248
1829 123
1829 1571
123 1801
123 694
1801 957
957 392
392 236
236 1306
236 107
1306 76
76 250
76 1788
250 1360
1360 1341
1360 503
1341 610
610 1351
1351 1318
1351 1442
1318 1662
1662 1484
1484 411
1484 525
411 1416
1416 1549
1549 181
181 1711
181 961
1711 869
1711 424
869 1345
1345 1419
1345 1572
1419 1637
1419 1206
1637 1285
1637 723
1285 937
937 245
937 1738
245 1562
245 314
1562 804
804 1178
804 1048
1178 455
1178 143
455 1743
1743 586
586 1173
1173 1091
1091 188
188 428
428 308
308 897
308 691
897 1694
897 133
1694 17
1694 713
17 328
17 409
328 1457
328 881
1457 1636
1636 1252
1636 947
1252 1185
1252 767
1185 437
1185 1244
437 888
888 1646
888 15
1646 41
1646 731
41 1467
41 108
1467 217
217 515
217 1241
515 400
400 397
397 1164
1164 832
1164 1762
832 942
942 1432
942 1858
1432 1386
1386 1633
1633 1149
1633 991
1149 199
199 689
689 1251
1251 66
66 159
66 386
159 1033
1033 548
1033 210
548 35
548 1385
35 377
377 30
377 751
30 890
890 425
425 1316
1316 807
1316 1021
807 300
300 692
692 1412
692 1390
1412 1546
1546 235
1546 1376
235 313
313 1156
313 344
1156 401
1156 1478
401 331
401 223
331 766
766 32
32 589
32 851
589 1574
1574 253
1574 316
253 1780
253 1690
1780 653
1780 874
653 220
220 1696
1696 557
557 1005
1005 1324
1005 82
1324 483
483 178
178 857
857 1674
1674 1856
1856 1667
1856 161
1667 1821
1821 885
1821 1315
885 1824
1824 526
526 359
359 752
359 605
752 1088
1088 1460
1088 194
1460 231
1460 378
231 1487
231 1770
1487 892
1487 1172
892 781
781 149
781 883
149 1278
1278 1234
1234 1373
1373 319
1373 403
319 1154
319 1010
1154 938
938 836
836 260
260 134
134 1182
1182 1007
1007 599
599 45
45 1647
1647 1231
1647 1655
1231 190
1231 1673
190 95
95 1133
1133 1025
1133 132
1025 750
1025 735
750 1866
1866 1238
1866 1825
1238 652
652 1002
1002 1526
1002 257
1526 1290
1526 592
1290 1196
1290 1409
1196 673
1196 1115
673 1592
1592 567
1592 756
567 1314
1314 1142
1314 281
1142 527
1142 1702
527 730
730 759
730 1066
759 1833
759 1693
1833 845
845 36
845 911
36 830
36 1640
830 1126
1126 443
1126 638
443 1499
1499 1720
1499 1260
1720 711
711 265
711 1145
265 163
265 1594
163 1282
1282 1706
1706 1437
1706 970
1437 565
1437 661
565 878
878 542
878 906
542 1567
1567 1388
1388 580
580 925
580 1263
925 1219
925 953
1219 1289
1289 1305
1289 453
1305 1573
1573 241
1573 899
241 1202
1202 1751
1202 837
1751 685
1751 77
685 97
97 1331
97 280
1331 1857
1331 5
1857 1006
1006 690
690 53
53 336
53 157
336 1519
1519 329
1519 311
329 1755
1755 498
498 552
498 967
552 943
943 1056
1056 1682
1682 1451
1682 879
1451 96
96 1406
96 1071
1406 1411
1406 29
1411 1624
1411 1848
1624 789
1624 1189
789 1301
1301 763
763 140
763 169
140 678
140 1760
678 1810
1810 606
606 1201
1201 230
1201 930
230 358
358 842
842 1641
1641 976
976 221
221 1515
221 1147
1515 432
432 1362
432 667
1362 612
1362 240
612 1785
1785 1512
1785 1723
1512 1157
1512 1418
1157 323
323 1325
323 1015
1325 563
563 849
563 1700
849 1837
1837 339
339 1717
1717 1486
1486 827
1486 464
827 384
384 772
384 1441
772 1850
1850 131
131 398
398 583
583 540
583 1708
540 1020
540 343
1020 1584
1584 1670
1584 192
1670 982
982 1599
982 1826
1599 111
111 941
941 1763
1763 146
1763 1617
146 1361
1361 1683
1683 1319
1683 812
1319 1375
1319 660
1375 1455
1455 487
487 1072
1072 1587
1072 1570
1587 1665
1665 433
433 37
37 277
37 450
277 709
709 103
709 1590
103 1482
103 1828
1482 1691
1482 474
1691 1767
1691 1186
1767 579
579 1225
579 884
1225 334
334 1510
1510 1307
1510 247
1307 1125
1125 1382
1125 985
1382 1842
1842 1303
1842 1090
1303 1521
1521 1222
1222 1445
1445 64
1445 1518
64 258
258 59
258 212
59 644
644 1796
644 1479
1796 978
1796 155
978 1212
1212 895
895 1771
895 454
1771 701
1771 743
701 1086
1086 1205
1086 259
1205 152
1205 113
152 529
529 1612
1612 419
419 1249
419 1527
1249 523
523 1601
523 120
1601 959
1601 707
959 24
959 729
24 598
24 1312
598 1531
1531 817
1531 1160
817 1733
1733 1117
1733 1121
1117 1343
1117 383
1343 609
609 1359
609 797
1359 404
404 125
404 980
125 234
234 989
234 1443
989 654
989 608
654 1380
1380 405
1380 1311
405 100
100 3
3 1786
1786 1809
1786 1752
1809 946
1809 1644
946 110
946 89
110 293
293 63
293 854
63 1578
1578 395
1578 1654
395 558
395 855
558 1606
558 1171
1606 469
1606 1407
469 1605
1605 1462
1605 1152
1462 1
1 1268
1 114
1268 1233
1268 495
1233 1062
1233 561
1062 901
901 408
408 604
604 445
604 1336
445 716
445 1332
716 934
934 1119
934 591
1119 1658
1658 1379
1379 882
882 988
988 1224
1224 969
969 903
969 1703
903 1491
903 492
1491 596
1491 1073
596 322
322 1344
322 1832
1344 275
1344 1124
275 791
275 1565
791 629
791 758
629 1384
629 1100
1384 1774
1774 1862
1774 1313
1862 1765
1862 1163
1765 420
1765 1860
420 1012
420 719
1012 968
1012 1845
968 496
968 773
496 931
931 624
624 1789
624 677
1789 1730
1730 84
84 151
151 1420
1420 1346
1420 1059
1346 1220
1346 620
1220 905
1220 798
905 75
75 72
72 1283
72 87
1283 671
1283 1448
671 1123
1123 439
439 513
513 399
513 12
399 57
57 521
521 634
634 112
