2 1328 619439663
2 1
1126 138
138 107
138 679
107 689
689 686
686 858
686 702
858 152
858 212
152 1304
152 320
1304 967
1304 815
967 50
50 48
48 902
902 51
902 779
51 1137
1137 19
1137 407
19 460
460 842
842 1296
842 981
1296 523
523 1225
1225 216
1225 1013
216 1232
216 593
1232 1197
1197 1177
1177 882
882 92
92 206
206 201
206 716
201 636
636 971
636 929
971 1215
1215 918
1215 149
918 29
29 541
541 642
642 385
642 769
385 1084
385 710
1084 748
748 83
83 1125
1125 1093
1125 76
1093 744
1093 592
744 631
631 1196
1196 387
1196 36
387 964
964 358
358 62
62 520
520 832
832 564
832 615
564 924
924 37
924 186
37 375
37 474
375 103
375 1029
103 970
970 65
65 742
65 145
742 653
653 1167
1167 1027
1167 1144
1027 429
429 1157
429 719
1157 333
1157 390
333 847
333 388
847 482
847 1162
482 426
482 296
426 168
426 808
168 121
168 44
121 543
121 800
543 98
543 1092
98 911
911 986
911 267
986 344
986 950
344 1160
1160 909
1160 993
909 848
909 415
848 1014
848 189
1014 162
162 683
683 1155
683 984
1155 432
432 217
432 207
217 337
337 551
337 1024
551 1313
551 945
1313 221
221 1063
221 1116
1063 756
1063 192
756 1124
1124 461
461 133
461 6
133 418
418 659
659 1208
659 220
1208 290
290 165
165 374
374 906
374 1061
906 317
317 908
317 587
908 329
329 751
751 203
751 459
203 306
203 885
306 157
157 1246
157 597
1246 886
886 655
655 560
655 323
560 582
582 608
608 1117
608 1049
1117 1129
1129 1067
1129 938
1067 1009
1009 1245
1245 450
450 946
450 347
946 113
113 404
404 1007
1007 284
1007 40
284 819
819 1105
1105 864
864 288
288 907
907 1171
1171 1096
1171 989
1096 733
733 382
382 599
599 1165
1165 579
579 662
579 1091
662 677
677 822
822 532
532 777
777 1111
777 439
1111 378
378 131
131 352
352 493
352 809
493 440
493 318
440 901
901 1179
1179 1001
1179 487
1001 427
427 757
757 302
757 264
302 1180
302 1311
1180 675
1180 314
675 142
142 1190
142 234
1190 199
1190 486
199 528
528 1150
528 205
1150 114
114 1078
114 372
1078 33
33 481
33 1200
481 1145
1145 321
1145 976
321 594
594 539
594 526
539 1176
539 1265
1176 456
1176 726
456 874
456 891
874 268
874 478
268 172
172 699
172 585
699 693
699 1242
693 1159
1159 1031
1159 968
1031 894
894 451
894 1319
451 5
5 1203
1203 1143
1143 244
1143 1077
244 647
244 211
647 1034
1034 513
1034 644
513 420
513 648
420 548
548 238
548 1079
238 120
120 409
120 1250
409 775
775 436
436 1064
1064 998
998 361
361 1073
1073 239
239 428
239 1097
428 559
559 759
759 400
759 837
400 1295
1295 38
1295 951
38 869
38 349
869 1183
1183 780
780 880
780 565
880 3
3 1263
1263 753
753 170
753 1148
170 70
70 1310
1310 73
1310 1288
73 272
73 573
272 1219
272 119
1219 604
604 431
431 353
431 30
353 356
356 1227
356 1243
1227 995
1227 285
995 155
995 937
155 1106
1106 919
919 1
1 193
1 1248
193 364
193 60
364 159
364 589
159 97
97 430
430 680
430 857
680 480
680 156
480 1051
1051 58
1051 1045
58 1267
58 1195
1267 136
136 330
330 849
330 1030
849 182
849 1151
182 583
583 1153
583 580
1153 246
246 130
130 147
130 1141
147 1138
1138 1036
1138 118
1036 171
1036 357
171 71
171 713
71 116
71 161
116 1000
1000 72
1000 515
72 974
974 917
917 401
401 1042
401 101
1042 1298
1042 1120
1298 1175
1175 1122
1175 248
1122 1041
1122 1173
1041 367
1041 852
367 417
417 872
417 991
872 377
377 1103
377 277
1103 1068
1103 1247
1068 816
1068 425
816 912
816 214
912 876
912 601
876 549
876 1065
549 1074
549 670
1074 1087
1074 441
1087 261
1087 723
261 1249
1249 1088
1088 1241
1241 1286
1241 1085
1286 735
1286 870
735 1142
1142 619
1142 997
619 868
868 657
868 736
657 554
657 343
554 307
307 1026
307 898
1026 1199
1199 860
1199 291
860 194
860 1210
194 758
194 1309
758 351
758 1188
351 1101
1101 319
1101 1005
319 897
897 334
897 362
334 905
334 652
905 59
59 932
59 1018
932 770
932 421
770 839
770 1290
839 443
443 458
443 749
458 801
801 453
453 324
324 477
477 241
477 64
241 878
878 127
127 535
535 498
535 805
498 1147
1147 518
518 63
63 556
556 661
661 557
661 1302
557 1268
557 1075
1268 933
1268 517
933 665
933 514
665 1193
665 132
1193 86
1193 1202
86 747
86 537
747 867
747 525
867 581
581 773
773 612
612 225
612 656
225 235
225 1186
235 1270
235 794
1270 381
1270 396
381 572
381 505
572 256
572 1229
256 1130
1130 492
492 215
215 1294
215 309
1294 1035
1035 195
195 2
2 1178
1178 181
1178 672
181 1098
181 639
1098 678
1098 1278
678 251
678 1058
251 1004
1004 1256
1256 1220
1220 96
1220 881
96 768
96 568
768 621
621 39
621 1102
39 850
39 1262
850 762
850 1308
762 1284
1284 90
90 814
90 1128
814 752
814 1276
752 499
752 1266
499 325
325 1251
1251 419
1251 299
419 934
419 1089
934 31
934 11
31 160
31 510
160 1131
1131 154
154 1094
1094 143
1094 300
143 732
143 45
732 1231
732 312
1231 1285
1231 1135
1285 28
28 1275
28 464
1275 703
1275 504
703 980
703 1166
980 376
980 1187
376 922
376 158
922 328
922 295
328 958
328 269
958 618
618 394
394 1303
394 232
1303 1206
1206 34
1206 1033
34 1240
34 987
1240 1152
1152 755
755 627
627 978
627 1218
978 1164
1164 626
626 265
265 354
265 920
354 99
354 1293
99 1055
99 279
1055 844
1055 153
844 402
844 1083
402 941
402 255
941 698
941 200
698 106
698 1221
106 566
566 297
566 263
297 237
237 1322
1322 467
467 939
467 764
939 490
939 1192
490 346
490 397
346 553
553 1301
1301 173
173 718
173 21
718 694
694 1113
694 875
1113 67
67 666
67 1133
666 242
242 734
734 470
734 1023
470 380
470 43
380 1314
380 804
1314 57
57 1222
57 69
1222 366
366 853
366 240
853 824
824 798
824 95
798 637
637 649
637 669
649 1174
1174 243
243 231
243 696
231 552
231 1209
552 1025
552 148
1025 542
542 574
574 1080
574 651
1080 851
1080 1086
851 1226
1226 1230
1226 20
1230 13
1230 391
13 720
720 673
673 1325
673 1156
1325 709
1325 838
709 576
576 411
576 414
411 1312
411 281
1312 1255
1255 435
1255 1272
435 1127
1127 983
983 276
983 793
276 227
227 507
507 10
10 663
10 790
663 866
663 962
866 643
866 137
643 778
778 305
778 1244
305 485
305 424
485 1306
485 893
1306 310
310 471
310 491
471 873
873 1170
1170 198
1170 569
198 1279
198 308
1279 275
275 979
275 384
979 730
730 52
52 88
88 1282
1282 725
1282 286
725 1136
725 810
1136 714
1136 123
714 1154
1154 772
1154 336
772 1121
772 887
1121 341
341 122
341 448
122 1158
1158 728
728 530
728 884
530 1054
1054 175
1054 1140
175 715
715 640
715 877
640 843
843 1032
843 827
1032 813
813 108
108 1172
1172 4
4 990
4 457
990 910
990 1095
910 622
622 46
622 707
46 634
46 8
634 254
254 185
254 54
185 1046
185 257
1046 196
196 944
196 521
944 398
944 957
398 738
738 326
738 49
326 1317
326 468
1317 280
1317 270
280 527
280 586
527 855
527 831
855 940
940 584
940 1217
584 802
802 42
802 741
42 1258
1258 529
529 410
529 315
410 1291
410 454
1291 1099
1291 304
1099 405
1099 638
405 1264
1264 1223
1264 952
1223 1237
1223 78
1237 117
117 287
287 538
538 999
999 959
999 1112
959 947
959 785
947 449
947 1011
449 861
861 729
729 1069
1069 825
825 360
360 278
278 1259
1259 188
1259 218
188 392
188 139
392 975
392 740
975 369
975 446
369 781
781 1010
781 497
1010 184
1010 233
184 754
184 721
754 463
463 503
503 1216
503 700
1216 788
788 1318
788 230
1318 930
930 169
169 259
259 691
259 623
691 829
829 311
829 830
311 667
311 355
667 359
359 1185
359 704
1185 727
1185 796
727 422
727 590
422 668
422 24
668 17
668 519
17 826
17 1169
826 697
697 1053
1053 466
1053 1123
466 1056
466 345
1056 603
603 476
603 927
476 654
476 111
654 1015
1015 16
1015 658
16 607
16 389
607 125
125 273
273 1297
273 109
1297 646
646 931
931 942
931 68
942 80
942 1307
80 561
80 900
561 856
561 395
856 871
856 1212
871 190
190 635
190 331
635 633
635 913
633 1299
633 271
1299 134
1299 511
134 1182
1182 379
1182 1107
379 737
737 348
737 1287
348 771
348 56
771 602
602 828
828 1003
1003 812
812 1205
812 841
1205 859
1205 252
859 386
386 717
717 301
301 921
301 282
921 722
722 1118
722 555
1118 496
496 688
496 1070
688 150
150 533
150 262
533 1050
533 916
1050 1161
1161 27
27 383
27 591
383 146
383 508
146 500
500 575
500 743
575 682
682 1211
682 610
1211 1016
1016 292
1016 684
292 222
222 465
465 447
447 701
447 973
701 289
701 540
289 55
289 928
55 943
943 1327
1327 1214
1214 1110
1110 191
191 963
963 322
322 473
322 616
473 455
455 1198
1198 904
1198 681
904 1207
904 862
1207 1277
1207 18
1277 966
966 1066
966 115
1066 969
1066 1260
969 879
969 445
879 840
879 1204
840 368
368 1082
1082 629
1082 298
629 1028
629 26
1028 213
1028 179
213 177
213 625
177 509
509 600
509 833
600 144
600 61
144 761
144 512
761 524
524 544
544 197
197 274
274 224
274 25
224 1271
1271 1168
1168 605
1168 914
605 835
835 250
250 1235
250 765
1235 948
948 1252
1252 865
865 442
442 176
442 462
176 79
79 316
316 645
316 985
645 787
787 1239
1239 12
12 1022
1022 1315
1315 899
899 516
899 408
516 595
595 795
795 416
416 1184
1184 1072
1072 834
834 534
834 1238
534 695
534 253
695 784
784 365
784 75
365 53
365 303
53 926
926 47
47 7
7 1321
1321 888
1321 664
888 85
888 988
85 399
85 412
399 223
399 570
223 609
223 494
609 705
705 650
705 219
650 89
89 100
89 501
100 1008
1008 854
854 536
854 767
536 413
536 596
413 687
413 23
687 433
687 676
433 550
433 128
550 786
786 335
786 1194
335 202
202 774
774 104
774 803
104 226
104 1254
226 1300
226 9
1300 563
1300 955
563 807
807 183
807 567
183 475
183 1109
475 522
475 690
522 140
140 789
140 1181
789 208
208 1274
208 620
1274 1134
1134 94
1134 81
94 1081
1081 996
1081 66
996 342
996 836
342 1114
1114 1283
1114 1108
1283 739
1283 1280
739 406
739 236
406 15
15 1146
1146 247
1146 293
247 776
776 806
776 1234
806 614
806 1281
614 708
614 93
708 977
977 469
977 1320
469 84
469 178
84 141
84 1057
141 1261
141 209
1261 495
495 624
495 546
624 126
126 890
890 1189
1189 82
82 671
82 483
671 820
820 338
820 1139
338 1071
338 258
1071 1233
1233 124
124 1002
1002 174
1002 660
174 32
174 782
32 1040
32 954
1040 350
350 1316
1316 14
1316 1020
14 327
327 294
294 685
294 164
685 102
685 1201
102 578
102 266
578 1021
578 791
1021 1253
1021 811
1253 630
1253 746
630 135
135 961
135 1269
961 339
339 965
339 1228
965 628
965 896
628 1163
628 1224
1163 438
1163 41
438 180
438 792
180 484
484 817
817 617
817 1044
617 783
617 923
783 1115
783 1273
1115 1006
1006 674
1006 1047
674 167
167 889
167 641
889 692
889 1236
692 403
692 1039
403 1043
403 1060
1043 883
883 340
883 972
340 151
151 1213
1213 1119
1119 1038
1038 1100
1038 1324
1100 1289
1289 531
1289 598
531 750
750 547
750 818
547 1326
1326 613
613 982
613 1292
982 992
992 925
925 87
87 706
706 332
706 228
332 1090
332 204
1090 452
1090 479
452 472
472 502
472 892
502 994
502 611
994 953
953 423
953 936
423 210
210 562
562 1012
1012 760
760 799
760 1017
799 1305
1305 313
313 434
313 1048
434 935
935 845
845 863
845 77
863 444
863 895
444 846
846 22
22 245
245 489
489 763
489 960
763 1323
763 606
1323 1191
1323 1257
1191 1052
1191 1059
1052 229
1052 949
229 632
632 915
632 437
915 766
766 797
766 129
797 745
745 363
363 371
371 260
371 1076
260 370
260 283
370 823
823 712
712 163
163 724
163 393
724 577
724 1037
577 1062
577 91
1062 488
488 105
105 1104
1104 571
571 110
571 35
110 74
110 1149
74 112
112 249
112 1328
249 166
166 1132
1132 821
821 558
821 1019
558 373
558 506
373 588
588 731
731 711
731 187
711 903
903 956
956 545
