3 1147 206724
2 3
3 1
305 433
433 1041
1041 1051
1051 558
558 702
558 222
702 698
702 876
698 307
307 65
65 810
810 88
810 884
88 945
88 718
945 861
861 972
972 363
972 816
363 420
420 979
420 326
979 898
898 514
898 667
514 459
459 496
459 835
496 670
496 341
670 256
256 170
256 1107
170 462
462 531
462 1112
531 409
409 159
159 306
306 666
666 904
666 506
904 862
862 260
862 376
260 735
260 467
735 1132
1132 1115
1115 797
797 443
797 477
443 603
603 316
603 672
316 138
138 889
889 633
889 4
633 1099
1099 1116
1099 612
1116 760
1116 527
760 243
243 830
243 194
830 759
830 530
759 380
759 398
380 199
199 269
269 605
269 113
605 16
16 302
16 312
302 112
112 270
112 710
270 292
270 841
292 513
513 948
513 822
948 83
948 1060
83 415
83 224
415 999
415 344
999 416
999 89
416 350
350 2
350 129
2 141
141 546
141 276
546 503
546 408
503 1111
503 642
1111 768
768 1040
768 763
1040 803
803 248
248 229
248 372
229 132
132 694
132 525
694 1017
1017 598
598 419
419 69
69 1080
69 455
1080 1101
1101 36
36 601
36 646
601 566
566 624
566 57
624 7
624 14
7 342
7 304
342 949
949 263
263 45
45 982
982 545
545 1075
545 1147
1075 943
943 1026
943 381
1026 281
281 606
281 206
606 649
649 858
649 288
858 651
858 142
651 402
651 734
402 809
402 472
809 259
259 211
211 262
211 489
262 693
693 280
693 990
280 1057
280 401
1057 63
63 551
551 56
56 54
56 645
54 1106
1106 1081
1081 688
688 124
688 385
124 96
124 187
96 285
96 940
285 516
285 475
516 587
516 255
587 86
587 909
86 866
86 873
866 450
866 275
450 427
450 1007
427 37
427 800
37 445
37 912
445 114
114 967
967 1069
1069 570
1069 854
570 314
570 565
314 625
625 988
988 231
231 592
231 355
592 911
911 522
522 897
897 888
888 952
952 561
952 893
561 507
507 573
573 535
573 258
535 813
813 820
820 623
820 286
623 602
602 921
602 1082
921 548
921 193
548 386
548 310
386 463
463 708
708 958
958 308
308 562
308 778
562 956
562 517
956 705
705 736
705 761
736 885
736 722
885 1135
885 479
1135 110
1135 916
110 68
68 966
68 296
966 628
966 655
628 959
628 241
959 325
959 784
325 886
886 214
214 384
214 924
384 627
384 421
627 1119
1119 493
1119 1087
493 1063
1063 529
529 1120
529 929
1120 487
487 91
91 150
150 504
150 242
504 847
504 1133
847 41
41 739
739 106
106 796
796 597
796 39
597 173
173 957
173 1019
957 390
957 236
390 618
618 560
618 577
560 777
560 61
777 183
777 817
183 621
183 648
621 486
486 1028
1028 1078
1078 278
1078 24
278 922
278 1095
922 591
591 996
591 212
996 1129
996 1123
1129 997
1129 216
997 991
991 66
991 336
66 1067
66 716
1067 1141
1141 726
726 343
726 208
343 754
754 230
230 123
230 707
123 673
673 720
720 327
327 108
327 658
108 356
356 755
356 697
755 482
755 1124
482 352
482 1104
352 43
43 1048
1048 772
772 322
772 611
322 365
365 295
295 77
295 103
77 207
77 32
207 607
607 404
404 1027
404 910
1027 92
1027 53
92 430
92 594
430 210
430 499
210 261
261 806
806 80
80 629
80 1102
629 492
629 567
492 257
492 337
257 724
257 1036
724 1077
724 329
1077 947
1077 1044
947 915
947 247
915 331
331 555
555 902
555 146
902 732
902 899
732 745
745 549
549 1025
1025 154
1025 1062
154 1085
1085 1033
1033 970
970 521
521 805
521 856
805 871
805 497
871 422
422 197
197 749
197 234
749 266
266 228
228 190
190 137
137 832
137 47
832 6
6 357
6 205
357 1092
357 122
1092 925
925 787
925 793
787 877
877 27
27 942
27 620
942 165
165 935
165 992
935 411
935 1013
411 250
250 1125
250 604
1125 836
836 782
836 393
782 580
580 661
661 239
239 30
30 845
845 347
347 626
347 406
626 387
626 319
387 1094
387 737
1094 362
1094 665
362 73
73 311
73 1144
311 240
311 951
240 1083
1083 174
174 554
554 87
87 641
641 317
641 120
317 309
317 706
309 798
798 775
798 379
775 790
775 437
790 485
485 717
717 145
717 26
145 117
117 274
117 10
274 454
274 93
454 987
454 453
987 172
987 828
172 518
172 608
518 429
429 985
985 971
985 202
971 526
526 1021
1021 539
539 1037
539 883
1037 908
908 1138
908 315
1138 439
439 1143
1143 232
1143 1038
232 859
232 927
859 818
818 875
875 878
878 358
358 160
160 151
160 907
151 28
151 1126
28 375
28 833
375 458
458 62
62 67
62 826
67 852
852 104
104 1072
1072 79
79 955
79 519
955 1020
955 590
1020 213
1020 1090
213 639
639 100
639 196
100 328
328 738
328 1131
738 8
738 396
8 520
520 382
520 807
382 1130
1130 808
1130 512
808 324
324 963
324 939
963 1042
963 72
1042 313
313 1118
313 460
1118 368
368 1012
368 133
1012 1136
1136 1146
1136 303
1146 819
819 78
78 690
690 960
690 1145
960 657
657 1137
657 1011
1137 153
153 946
946 121
946 568
121 40
121 251
40 848
848 683
683 90
90 686
90 50
686 12
686 926
12 879
879 338
879 917
338 932
338 703
932 1018
1018 874
874 744
744 815
815 928
928 980
928 360
980 192
980 505
192 656
192 596
656 1043
1043 33
33 451
33 1086
451 589
451 1047
589 371
589 954
371 846
846 713
846 855
713 389
389 1105
389 464
1105 533
1105 523
533 812
533 158
812 786
786 674
786 839
674 1142
1142 1073
1142 553
1073 981
981 872
872 109
872 182
109 559
109 1113
559 483
483 166
483 680
166 544
166 938
544 880
880 669
880 74
669 298
298 265
298 823
265 1100
265 609
1100 198
1100 1127
198 814
198 126
814 373
373 676
373 448
676 993
993 692
993 868
692 1031
692 743
1031 480
1031 995
480 579
579 681
681 850
850 434
434 245
245 349
245 495
349 272
272 175
175 1117
175 685
1117 914
1117 869
914 442
914 750
442 18
18 253
18 500
253 452
452 780
780 164
164 616
164 181
616 438
438 867
438 913
867 719
867 834
719 564
719 186
564 407
407 19
407 221
19 332
19 723
332 417
417 84
417 366
84 238
238 969
238 811
969 774
969 659
774 1010
774 1006
1010 418
1010 345
418 369
418 353
369 1140
1140 354
354 139
354 162
139 277
139 1009
277 637
277 44
637 476
476 111
111 1108
111 209
1108 59
59 405
405 572
405 134
572 923
572 961
923 135
135 163
135 143
163 751
163 663
751 689
751 152
689 753
689 849
753 968
753 677
968 22
968 64
22 599
22 473
599 249
599 219
249 1071
1071 268
1071 335
268 788
788 510
788 101
510 13
510 273
13 1058
1058 695
1058 397
695 1096
1096 699
699 894
699 765
894 825
825 827
825 675
827 1004
827 370
1004 887
1004 200
887 983
887 119
983 1039
1039 1097
1097 900
1097 588
900 581
581 640
581 729
640 374
374 528
374 300
528 474
528 801
474 71
474 388
71 712
712 340
340 188
340 547
188 461
188 748
461 282
282 864
282 937
864 1050
1050 346
1050 779
346 11
346 978
11 267
11 965
267 157
157 167
167 631
631 630
631 1030
630 169
169 766
169 494
766 432
432 297
297 725
725 1052
725 989
1052 918
1052 576
918 179
918 1065
179 752
179 891
752 5
5 842
5 730
842 55
842 585
55 1122
55 1
1122 1066
1066 933
933 696
933 1068
696 1070
696 490
1070 931
931 42
42 294
294 31
294 446
31 38
31 691
38 795
795 994
994 1005
1005 727
1005 1098
727 287
727 75
287 882
882 333
333 1139
1139 634
1139 1084
634 557
557 853
853 542
853 843
542 177
177 1032
1032 184
184 721
184 125
721 431
431 413
413 857
857 284
284 3
3 583
3 771
583 643
583 155
643 444
643 465
444 457
457 930
930 378
930 180
378 225
225 511
511 647
647 136
647 17
136 235
235 595
235 660
595 1055
595 441
1055 652
652 204
652 81
204 440
204 215
440 540
440 975
540 1088
1088 831
1088 741
831 233
831 469
233 1061
233 586
1061 731
731 890
890 237
237 283
283 881
881 1000
881 94
1000 425
1000 919
425 764
764 34
34 536
34 678
536 829
829 1024
1024 892
1024 537
892 582
892 1008
582 578
578 246
246 863
863 391
863 301
391 279
391 709
279 395
395 1054
395 792
1054 824
1054 264
824 189
824 964
189 1110
189 339
1110 131
1110 802
131 1121
131 593
1121 1109
1109 986
986 394
986 1046
394 351
394 60
351 226
226 25
25 700
25 321
700 1093
700 508
1093 178
1093 844
178 127
178 901
127 29
127 191
29 1034
29 776
1034 524
524 714
714 289
289 632
289 449
632 290
632 728
290 838
290 58
838 161
838 1128
161 1023
161 82
1023 46
1023 299
46 484
484 76
76 742
742 622
622 715
715 252
715 99
252 682
252 538
682 447
447 217
447 1059
217 1016
217 220
1016 773
773 1053
1053 118
1053 488
118 144
118 747
144 974
974 617
617 903
903 701
903 502
701 400
400 140
140 515
515 1014
1014 359
359 48
359 435
48 383
383 227
227 130
227 679
130 804
130 361
804 973
804 733
973 543
543 501
543 704
501 635
635 412
412 320
320 1049
320 481
1049 271
1049 468
271 550
550 102
550 600
102 423
102 650
423 1015
423 1076
1015 185
1015 756
185 552
185 1114
552 116
116 1134
1134 767
767 532
767 575
532 509
532 223
509 664
664 201
201 615
615 367
615 491
367 470
367 770
470 574
470 218
574 254
254 936
936 584
936 619
584 1079
584 1029
1079 541
1079 95
541 785
785 97
97 671
97 984
671 1002
1002 1091
1091 906
1091 821
906 52
906 662
52 49
52 98
49 330
330 318
318 762
318 758
762 950
762 414
950 789
789 654
789 905
654 870
870 171
870 128
171 392
171 176
392 105
105 783
105 424
783 115
115 644
644 668
668 941
941 638
638 9
9 837
9 571
837 920
837 348
920 746
920 23
746 107
107 711
107 293
711 35
711 613
35 323
323 851
851 962
851 478
962 865
962 794
865 896
865 149
896 1035
1035 556
1035 364
556 614
614 757
614 569
757 471
757 203
471 51
51 1045
1045 1056
1056 21
21 428
428 20
20 653
653 534
534 1103
534 156
1103 85
1103 860
85 334
334 799
799 410
799 1074
410 148
410 436
148 147
148 291
147 195
195 976
195 610
976 769
769 70
70 791
70 944
791 15
15 895
895 684
684 953
684 563
953 456
953 1089
456 687
687 998
687 781
998 1064
1064 377
377 636
636 1001
1001 403
403 977
403 840
977 426
977 168
426 1003
426 934
1003 1022
1022 498
1022 244
498 399
399 466
466 740
