3 427 620845489
3 2
3 1
328 87
87 410
87 406
410 4
410 348
4 278
278 367
278 147
367 342
342 60
60 265
265 235
235 138
235 202
138 414
138 252
414 122
122 307
122 134
307 230
230 421
230 91
421 299
299 346
346 412
412 100
412 151
100 400
400 338
338 386
386 405
405 96
96 194
96 251
194 302
302 68
302 33
68 85
68 53
85 149
85 7
149 321
149 250
321 402
402 140
140 72
72 40
72 301
40 353
40 320
353 118
118 144
118 174
144 310
310 272
310 221
272 372
372 86
372 1
86 32
86 139
32 65
65 290
65 181
290 263
290 172
263 213
263 205
213 115
213 137
115 366
115 127
366 333
366 300
333 193
333 362
193 369
369 332
369 55
332 20
20 103
103 243
103 427
243 42
42 141
42 236
141 350
141 270
350 304
350 413
304 379
304 203
379 104
379 404
104 25
104 143
25 119
119 126
119 335
126 22
126 69
22 217
217 330
330 131
330 308
131 408
131 114
408 23
23 106
106 176
106 77
176 349
176 337
349 277
277 370
277 399
370 142
142 209
209 180
180 199
199 373
199 361
373 403
403 269
269 58
58 109
109 38
109 262
38 247
38 105
247 392
392 381
392 192
381 30
381 293
30 241
30 325
241 242
241 284
242 215
215 303
215 398
303 56
56 220
56 259
220 378
220 267
378 50
378 66
50 388
388 15
388 288
15 156
15 347
156 34
34 246
246 420
246 383
420 190
190 75
75 397
75 135
397 136
397 133
136 232
136 268
232 128
128 28
28 376
28 210
376 208
376 204
208 395
208 382
395 363
363 99
363 297
99 35
99 387
35 276
276 415
276 312
415 152
415 206
152 148
148 39
39 314
39 329
314 113
113 368
368 257
368 154
257 334
334 261
334 17
261 228
228 331
331 352
331 6
352 287
352 318
287 282
282 225
282 44
225 102
102 45
45 389
45 123
389 16
389 216
16 36
16 359
36 319
36 153
319 18
18 94
18 73
94 391
94 309
391 132
391 283
132 229
132 341
229 48
48 264
264 197
264 374
197 47
197 237
47 80
80 98
98 120
98 256
120 422
422 187
422 70
187 27
187 84
27 234
234 157
234 222
157 275
275 162
162 271
271 266
266 83
266 322
83 163
163 9
9 356
356 155
155 101
155 41
101 49
101 183
49 196
49 5
196 79
196 296
79 364
79 336
364 226
226 425
425 82
425 295
82 273
273 212
273 285
212 292
292 191
191 218
218 2
218 396
2 354
2 317
354 11
11 411
411 112
112 108
112 37
108 360
108 62
360 357
357 97
357 158
97 339
339 3
3 344
344 249
249 76
249 43
76 385
76 8
385 305
385 423
305 384
305 170
384 186
186 159
186 12
159 244
244 417
244 111
417 286
417 160
286 258
286 169
258 168
168 345
168 343
345 81
345 198
81 239
239 255
255 223
223 238
238 145
238 110
145 424
145 289
424 19
19 185
185 24
185 224
24 327
24 90
327 358
358 29
29 274
29 426
274 121
121 324
121 188
324 89
89 10
89 280
10 214
10 323
214 231
231 54
231 326
54 298
54 117
298 59
298 227
59 125
125 63
125 189
63 130
63 200
130 21
21 409
409 315
409 281
315 419
419 291
419 375
291 78
291 355
78 88
88 313
313 294
294 171
294 92
171 306
306 161
306 233
161 279
279 14
14 64
14 52
64 146
146 177
177 407
407 377
377 416
377 195
416 67
67 380
67 173
380 219
380 13
219 179
219 178
179 93
179 167
93 390
390 365
390 253
365 248
365 311
248 393
393 240
240 182
182 401
182 175
401 245
245 116
116 46
46 57
57 71
71 129
71 164
129 211
129 207
211 31
31 124
31 418
124 201
124 184
201 61
201 107
61 371
61 95
371 260
371 150
260 26
26 340
26 316
340 351
340 394
351 165
165 254
165 74
254 166
166 51
