2 2610 209
1 2
2163 836
836 211
211 1727
211 597
1727 1491
1727 284
1491 2533
1491 2199
2533 1654
1654 243
243 2436
2436 340
340 11
340 1689
11 729
11 817
729 2021
2021 1926
1926 2117
2117 2365
2365 781
2365 1133
781 350
350 1086
1086 124
1086 2059
124 2334
124 1893
2334 617
2334 2333
617 2341
617 121
2341 1322
2341 1036
1322 1466
1322 602
1466 331
331 106
106 1257
106 697
1257 557
557 1033
557 1240
1033 2442
1033 378
2442 156
156 1395
1395 1418
1395 2412
1418 1700
1700 476
1700 366
476 1556
476 383
1556 1204
1204 2292
1204 1050
2292 1330
1330 2532
1330 2372
2532 565
565 1157
565 2061
1157 2400
1157 1290
2400 2403
2400 516
2403 148
2403 2609
148 359
148 2374
359 254
359 1093
254 593
254 61
593 783
593 2134
783 15
15 549
549 42
549 531
42 625
625 578
625 1384
578 2006
578 2466
2006 2308
2006 758
2308 1531
1531 1668
1531 400
1668 2173
2173 1757
2173 183
1757 656
1757 242
656 2267
2267 1979
1979 1137
1979 604
1137 618
1137 354
618 1685
1685 1719
1719 956
1719 386
956 2368
956 1940
2368 1745
1745 2401
2401 455
455 1579
1579 155
1579 200
155 1835
1835 276
276 1180
276 906
1180 844
844 2214
2214 415
2214 136
415 534
534 1221
1221 412
412 2044
412 657
2044 624
624 1029
1029 1988
1029 1018
1988 333
333 401
401 959
959 1956
959 703
1956 1173
1173 230
1173 112
230 491
491 1662
491 2304
1662 2306
1662 54
2306 1447
2306 1533
1447 2140
1447 2162
2140 2034
2034 49
2034 2336
49 2450
49 1649
2450 1913
2450 622
1913 152
152 640
640 2538
2538 1199
2538 1856
1199 852
1199 1400
852 1807
1807 129
129 71
71 2370
71 891
2370 689
689 1776
689 425
1776 632
632 715
715 980
715 540
980 247
247 1577
1577 580
1577 620
580 1427
1427 1551
1427 626
1551 1593
1593 1490
1593 1507
1490 2200
2200 1798
1798 1693
1798 835
1693 1325
1693 888
1325 397
1325 1972
397 761
761 459
459 1208
1208 1696
1208 2606
1696 608
608 2204
608 821
2204 2317
2317 382
2317 1575
382 1391
382 279
1391 413
1391 2428
413 1183
413 1892
1183 2588
2588 2443
2588 1292
2443 585
2443 2415
585 674
585 1493
674 1357
1357 1915
1357 804
1915 1448
1915 319
1448 2081
1448 2596
2081 2020
2020 1800
2020 1300
1800 1298
1298 2165
2165 7
2165 1806
7 1321
7 1433
1321 1233
1321 2459
1233 1261
1261 1369
1261 450
1369 1834
1369 883
1834 2251
1834 1156
2251 1545
1545 709
709 1332
709 470
1332 2030
2030 1744
1744 1222
1222 2284
2284 244
2284 2320
244 409
409 1116
1116 1981
1981 1121
1981 222
1121 419
419 2283
419 2256
2283 1417
2283 912
1417 1449
1417 1250
1449 586
586 1682
1682 1934
1934 2335
2335 1159
2335 1302
1159 1590
1159 399
1590 2071
1590 1125
2071 1751
1751 140
140 1903
140 544
1903 605
1903 2011
605 484
605 743
484 807
484 1647
807 1724
807 1028
1724 1049
1724 1052
1049 1190
1049 260
1190 2043
2043 2087
2043 1405
2087 518
518 997
997 2608
997 1722
2608 1043
1043 630
630 861
630 2398
861 404
404 2561
2561 1877
1877 1463
1463 2540
2540 33
33 1987
33 48
1987 2557
2557 2586
2557 2259
2586 2109
2586 2210
2109 635
2109 1803
635 1928
1928 348
1928 566
348 2598
348 1218
2598 83
2598 583
83 1331
83 919
1331 1481
1331 2520
1481 132
132 1812
132 1371
1812 680
680 1716
1716 289
1716 188
289 536
289 1538
536 296
536 2039
296 932
932 1752
932 1437
1752 1630
1752 57
1630 2132
2132 1552
2132 69
1552 2555
1552 745
2555 1914
2555 390
1914 528
528 2252
528 2503
2252 2122
2122 695
695 438
438 379
379 562
379 992
562 2226
562 973
2226 2053
2226 94
2053 166
166 2470
2470 1870
2470 1720
1870 1761
1761 1370
1370 13
1370 220
13 2583
2583 1317
2583 2276
1317 2360
1317 610
2360 2009
2009 1242
2009 403
1242 752
1242 877
752 1282
752 1096
1282 1580
1282 1422
1580 519
1580 587
519 373
519 552
373 843
373 1350
843 43
43 1266
1266 1705
1266 1827
1705 1354
1705 576
1354 496
1354 2422
496 1607
1607 2022
2022 1933
2022 1948
1933 439
439 1430
439 607
1430 2076
2076 619
619 961
961 385
961 1694
385 2393
2393 2405
2405 2342
2405 1429
2342 1686
1686 787
1686 1367
787 2189
787 1064
2189 1576
1576 93
93 38
93 67
38 2194
38 2177
2194 2260
2194 192
2260 232
2260 675
232 2179
2179 2513
2513 146
146 2065
2065 1874
2065 838
1874 1037
1037 1166
1037 37
1166 278
1166 2082
278 60
60 1320
1320 407
1320 1015
407 1123
1123 1148
1123 1477
1148 907
1148 249
907 2143
907 2429
2143 482
482 1402
482 1698
1402 2389
2389 570
570 2018
2018 435
435 995
995 1283
995 982
1283 2302
2302 1616
1616 513
513 2572
513 1359
2572 414
2572 2161
414 1419
1419 1098
1419 1097
1098 1470
1470 1777
1777 742
742 1823
1823 2501
1823 139
2501 650
650 2567
650 87
2567 2431
2567 1878
2431 878
878 1909
1909 338
1909 1113
338 1730
1730 2537
2537 1515
2537 1524
1515 2587
2587 1537
2587 2116
1537 931
931 1760
1760 216
1760 2050
216 72
216 2266
72 521
72 2255
521 2037
521 62
2037 1462
1462 1109
1462 2101
1109 1077
1109 2452
1077 2471
1077 1182
2471 2421
2471 955
2421 957
957 511
511 229
229 1349
1349 270
270 2535
2535 1862
1862 436
436 349
349 408
349 494
408 1863
1863 221
1863 2376
221 1016
1016 726
726 737
737 1660
1660 637
1660 1044
637 380
637 1767
380 298
298 1993
298 1707
1993 2386
2386 1396
2386 647
1396 2542
2542 473
473 92
92 706
92 1651
706 2268
706 1852
2268 86
86 248
248 777
248 1425
777 2014
2014 2254
2254 1214
1214 722
1214 764
722 477
722 2526
477 255
255 1023
1023 292
292 475
292 1424
475 2107
2107 1306
2107 2479
1306 2277
2277 803
2277 524
803 327
327 1161
327 1379
1161 1683
1161 685
1683 692
1683 1951
692 1645
692 2261
1645 1108
1108 116
116 1871
1871 2413
1871 1130
2413 191
2413 897
191 655
655 2502
2502 1454
1454 1546
1546 1931
1931 1398
1931 2500
1398 2272
2272 275
275 1916
275 273
1916 1011
1011 2507
1011 134
2507 2552
2552 1729
2552 2245
1729 1570
1570 2164
2164 2328
2328 2119
2119 2127
2127 682
2127 870
682 168
682 2257
168 1740
168 2516
1740 2033
2033 506
2033 1808
506 1228
506 1138
1228 934
1228 127
934 1866
1866 537
537 979
979 769
979 978
769 47
47 1598
1598 1171
1171 2576
1171 2299
2576 2324
2576 1112
2324 869
2324 970
869 2416
2416 294
294 2205
294 1563
2205 84
2205 539
84 1215
84 598
1215 2157
1215 6
2157 398
398 1854
1854 1888
1888 643
1888 918
643 2156
643 1596
2156 184
184 417
417 307
417 1255
307 2183
307 53
2183 2344
2344 1211
2344 2599
1211 842
842 1492
1492 1219
1492 815
1219 2273
1219 1003
2273 816
2273 1335
816 2361
2361 303
303 258
258 2410
2410 2319
2319 1982
2319 1158
1982 1169
1169 2581
2581 2381
2581 175
2381 788
788 1810
1810 665
1810 2564
665 1386
665 1393
1386 2582
1386 1901
2582 198
2582 1241
198 1100
1100 1508
1100 1074
1508 581
1508 1034
581 542
542 1483
1483 309
1483 1196
309 678
678 442
442 2475
442 1111
2475 1755
2475 1057
1755 2424
2424 209
209 1289
209 1181
1289 594
1289 2060
594 2474
2474 818
2474 1772
818 666
666 2016
2016 1846
2016 592
1846 177
1846 1445
177 2562
177 16
2562 1312
1312 661
1312 1605
661 228
228 1885
228 2518
1885 860
1885 2523
860 283
283 2190
2190 1958
1958 1209
1958 299
1209 600
600 362
600 2455
362 679
679 1763
1763 795
1763 321
795 642
795 946
642 1431
1431 2088
2088 1908
2088 1091
1908 358
1908 1236
358 2115
358 1603
2115 2373
2115 463
2373 546
546 252
252 2146
2146 149
149 2227
149 1986
2227 451
2227 195
451 1399
451 208
1399 77
77 2604
77 285
2604 1234
2604 2330
1234 1244
1234 1600
1244 828
828 5
5 460
460 337
460 187
337 670
337 1536
670 533
670 732
533 1581
533 865
1581 1198
1198 1688
1198 1905
1688 2055
2055 2313
2313 1811
2313 582
1811 346
346 1205
346 705
1205 1142
1205 1153
1142 935
1142 1739
935 2367
2367 1625
1625 2300
1625 1614
2300 1333
1333 2529
2529 103
103 864
864 2275
2275 1627
1627 1378
1627 1571
1378 801
1378 427
801 301
801 1489
301 2396
301 1042
2396 1977
1977 1406
1977 120
1406 529
1406 1413
529 688
529 2331
688 1217
1217 2287
1217 701
2287 1254
2287 1412
1254 1295
1254 936
1295 520
1295 1039
520 1527
520 733
1527 2091
1527 2041
2091 2340
2091 569
2340 2090
2340 1459
2090 1324
2090 2345
1324 1520
1520 504
504 372
372 555
372 1340
555 88
88 1237
88 2067
1237 251
1237 2506
251 991
251 1069
991 831
991 1032
831 111
111 32
111 1816
32 588
588 1562
1562 2285
1562 478
2285 1197
2285 1960
1197 2303
1197 983
2303 1553
2303 1802
1553 447
447 268
447 2486
268 799
799 508
508 968
508 2462
968 287
287 767
287 1360
767 2451
767 553
2451 1210
1210 369
369 1725
1725 833
833 2213
2213 443
2213 1045
443 1650
1650 2430
2430 2017
2430 1921
2017 1925
2017 2427
1925 1525
1525 1338
1338 915
915 2186
915 2366
2186 1809
1809 1973
1809 1847
1973 2352
2352 1714
1714 786
786 2002
2002 868
868 1572
1572 564
1572 917
564 1898
1898 1471
1898 2212
1471 1414
1414 573
1414 1664
573 694
573 1085
694 1708
1708 2198
1708 2024
2198 502
502 428
502 159
428 638
428 2448
638 12
12 1323
1323 2490
1323 2536
2490 1006
1006 1542
1542 2224
2224 1522
1522 902
902 2541
2541 503
2541 1110
503 2593
503 551
2593 1773
2593 2440
1773 572
572 2545
572 905
2545 1632
2545 1392
1632 1488
1488 628
628 1083
1083 1602
1602 256
1602 332
256 493
493 851
851 1188
851 2123
1188 334
334 2120
2120 1770
2120 1245
1770 751
751 740
751 34
740 863
740 2048
863 1670
1670 2278
2278 1549
1549 793
793 1833
1833 2497
1833 1702
2497 2113
2113 1249
2113 1296
1249 826
826 267
267 167
267 1918
167 1167
1167 356
356 2084
2084 2353
2353 2238
2238 1136
2238 800
1136 1017
1017 2591
1017 81
2591 1440
1440 2310
2310 1529
1529 2433
2433 702
702 75
702 310
75 556
556 1246
1246 29
29 568
568 1131
568 921
1131 2206
2206 2390
2390 1868
1868 1027
1868 300
1027 1435
1027 908
1435 1927
1435 2225
1927 1038
1038 1838
1838 941
1838 410
941 1385
941 759
1385 810
1385 35
810 1638
810 1118
1638 862
1638 1742
862 108
108 1403
108 421
1403 1990
1403 2056
1990 1584
1584 741
1584 1509
741 2169
741 1496
2169 317
2169 1587
317 206
317 1606
206 1615
206 1020
1615 554
554 1436
554 1174
1436 2191
1436 1922
2191 202
202 535
535 1372
535 1191
1372 2402
1372 1938
2402 985
985 2138
985 975
2138 662
662 210
210 814
814 2316
2316 976
2316 584
976 2125
976 1941
2125 2496
2125 416
2496 1984
2496 17
1984 1795
1984 290
1795 445
445 1280
445 2239
1280 8
8 2508
2508 686
686 2580
2580 295
2580 644
295 466
295 2407
466 1046
466 2569
1046 700
700 2129
2129 274
274 2411
274 671
2411 1964
1964 1995
1995 1394
1394 1801
1801 1230
1801 898
1230 930
1230 2348
930 884
884 958
884 2543
958 1099
958 2377
1099 2435
1099 1784
2435 323
2435 1238
323 2270
2270 1820
2270 2349
1820 621
621 1446
621 514
1446 1621
1621 498
1621 27
498 2446
498 1345
2446 812
2446 199
812 367
367 1815
367 1643
1815 1544
1544 579
1544 1734
579 1498
1498 1048
1048 1054
1048 262
1054 433
433 2350
433 2493
2350 853
853 486
853 2170
486 639
639 2094
2094 2464
2094 1713
2464 1376
1376 151
151 1547
151 1675
1547 402
1547 2600
402 1132
402 2480
1132 10
1132 1179
10 1641
10 1849
1641 1251
1641 1265
1251 841
841 236
236 1193
1193 735
1193 1031
735 523
523 595
523 2240
595 44
44 1428
44 1269
1428 320
1428 1891
320 1997
320 782
1997 762
762 1375
1375 1186
1186 559
1186 1041
559 1826
1826 1381
1826 2025
1381 1397
1397 1460
1460 207
207 687
687 1619
687 302
1619 2155
1619 771
2155 1539
2155 648
1539 858
1539 736
858 2354
2354 105
105 1699
105 1912
1699 2180
2180 1135
2180 1989
1135 456
1135 606
456 1343
1343 2408
1343 28
2408 1066
1066 1071
1066 1684
1071 881
881 2184
881 1796
2184 2530
2184 1663
2530 384
384 1293
1293 66
1293 171
66 26
66 2114
26 1407
26 943
1407 1787
1407 2072
1787 1944
1787 186
1944 1595
1944 1911
1595 2168
2168 1226
2168 1692
1226 1953
1953 1229
1953 1976
1229 1504
1504 1906
1906 2602
2602 1998
2602 1902
1998 1455
1998 2128
1455 1706
1706 2356
1706 315
2356 1821
1821 1262
1262 2223
2223 1223
1223 2495
2495 848
2495 406
848 1961
848 1328
1961 1661
1961 808
1661 2293
2293 2301
2293 1534
2301 2559
2301 2217
2559 1819
1819 2573
2573 411
411 2181
411 1783
2181 2193
2193 960
960 339
960 1573
339 1599
339 2131
1599 145
1599 1499
145 21
145 1307
21 1715
21 2315
1715 2385
1715 2419
2385 1900
1900 2439
2439 2218
2218 1674
1674 1943
1943 1410
1943 452
1410 2499
2499 2420
2499 322
2420 999
999 1140
999 1263
1140 1836
1836 2461
1836 730
2461 1814
1814 1056
1814 490
1056 1082
1082 2295
2295 1864
2295 1620
1864 2296
2296 1929
2296 1264
1929 712
712 1352
1352 1804
1352 1301
1804 2558
2558 880
880 2236
880 1548
2236 2040
2040 2000
2000 1144
2000 2509
1144 1613
1613 1786
1786 2453
1786 1501
2453 2280
2280 2058
2280 1411
2058 1952
2058 2517
1952 962
1952 56
962 1040
962 1703
1040 388
388 74
388 872
74 1609
1609 253
253 1519
1519 2590
1519 2096
2590 2525
2525 2343
2343 2463
2343 1485
2463 1712
1712 1876
1876 2326
1876 1423
2326 1843
1843 467
1843 2147
467 1346
1346 954
1346 23
954 318
318 204
204 2253
2253 352
352 673
673 1869
673 2207
1869 281
281 2574
2574 1971
1971 2241
1971 634
2241 2528
2241 1024
2528 4
2528 1704
4 2229
2229 1530
2229 717
1530 440
440 527
527 393
393 1329
393 739
1329 1252
1329 2052
1252 1058
1058 2482
1058 548
2482 1557
2482 468
1557 1554
1557 36
1554 2100
2100 1189
1189 1127
1127 41
41 1845
41 950
1845 765
765 603
765 2357
603 1558
603 214
1558 1701
1701 2070
2070 1001
1001 1890
1890 2383
2383 2032
2383 22
2032 945
2032 1506
945 2394
945 754
2394 392
2394 1213
392 197
392 1597
197 575
197 1656
575 1671
1671 2534
1671 1500
2534 1364
2534 1510
1364 2133
1364 2124
2133 1753
1753 2026
2026 1192
2026 223
1192 1175
1192 2172
1175 3
1175 118
3 182
182 1313
1313 929
1313 791
929 233
233 774
774 522
774 2570
522 1711
522 2038
1711 238
1711 1421
238 1789
238 2234
1789 217
1789 746
217 1051
217 832
1051 492
1051 394
492 789
789 1239
1239 2258
2258 2327
2258 1473
2327 353
2327 720
353 73
73 481
481 1469
1469 1342
1469 2108
1342 2554
2554 305
2554 734
305 1569
1569 1738
1738 2121
1738 1657
2121 1850
1850 2311
1850 1822
2311 2137
2311 1202
2137 526
2137 963
526 1626
526 458
1626 2187
2187 1735
2187 922
1735 1589
1735 1733
1589 1
1 846
846 2384
2384 1126
1126 693
693 541
541 2579
2579 896
2579 2112
896 1932
896 738
1932 1380
1380 2375
1380 1480
2375 2046
2375 1766
2046 1076
2046 1409
1076 1258
1258 986
1258 1285
986 1824
986 1007
1824 1078
1078 2281
1078 1574
2281 690
690 1154
690 1334
1154 2248
2248 1768
2248 596
1768 775
775 652
775 1746
652 1401
1401 1356
1356 2531
1356 2242
2531 1559
1559 1959
1559 2047
1959 2110
2110 2231
2110 1102
2231 1311
1311 1858
1311 2380
1858 2235
1858 1622
2235 2409
2409 264
264 489
264 1361
489 1939
1939 2575
2575 916
916 1848
1848 172
1848 1541
172 2362
2362 1461
2362 2078
1461 1859
1461 614
1859 2307
1859 1420
2307 927
927 370
927 847
370 2085
370 2549
2085 713
713 873
713 59
873 1472
873 1748
1472 1225
1472 181
1225 1464
1464 2202
2202 1002
1002 967
1002 1970
967 24
24 543
543 1152
1152 2346
2346 681
681 1561
1561 796
796 1930
1930 1954
1954 2023
2023 1120
1120 1149
1120 1526
1149 389
389 2135
2135 1382
1382 768
768 2397
2397 1717
2397 641
1717 704
1717 1518
704 829
829 462
462 2391
2391 2560
2560 196
2560 876
196 591
591 1172
591 1923
1172 1788
1172 615
1788 1837
1837 138
138 1792
138 1860
1792 823
823 142
823 601
142 1009
142 2289
1009 913
913 1235
1235 924
1235 2478
924 613
924 1026
613 2197
2197 517
517 1468
1468 162
162 2388
2388 218
218 1270
1270 40
40 2355
40 1134
2355 530
2355 1068
530 1765
1765 2029
1765 1676
2029 827
827 2035
2035 313
313 672
672 1476
672 45
1476 1287
1287 1791
1791 1260
1791 887
1260 890
1260 2594
890 2544
2544 2456
2456 19
2456 1185
19 2057
19 937
2057 813
2057 1978
813 432
813 1267
432 1368
1368 811
1368 2323
811 728
728 288
288 357
288 1268
357 1128
357 1303
1128 809
809 150
809 2417
150 2325
150 101
2325 461
2325 1304
461 839
839 747
839 856
747 70
70 239
70 1764
239 1965
1965 1019
1965 2003
1019 2476
2476 185
185 2118
2118 892
2118 966
892 1747
892 163
1747 1339
1747 651
1339 616
1339 2351
616 14
616 1667
14 2250
2250 2233
2233 1348
2233 509
1348 1980
1980 52
52 2406
52 2221
2406 205
2406 2209
205 1309
205 117
1309 2054
1309 1774
2054 942
942 1794
942 2142
1794 1731
1731 2595
2595 1511
2595 434
1511 1495
1495 2290
1495 1842
2290 714
2290 1256
714 510
714 178
510 571
510 1690
571 170
170 2458
2458 988
988 668
668 1084
668 1010
1084 1759
1084 2232
1759 2565
2565 1637
2565 2297
1637 719
1637 104
719 1855
719 649
1855 792
792 1695
792 102
1695 1105
1105 2291
2291 1314
2291 1723
1314 1000
1314 2027
1000 698
698 1025
1025 849
849 2527
2527 1535
1535 1771
1771 949
949 1165
949 1975
1165 193
1165 1681
193 2577
2577 1907
1907 1453
1907 161
1453 806
806 1669
806 1450
1669 1936
1669 2095
1936 1844
1936 2423
1844 1344
1844 1117
1344 1853
1853 2364
2364 471
471 1247
1247 623
1247 2607
623 840
840 1756
840 141
1756 1207
1756 1227
1207 965
1207 1005
965 2178
2178 446
2178 174
446 659
659 599
659 1452
599 2511
599 123
2511 227
2511 1187
227 234
234 1404
234 589
1404 1259
1259 1387
1259 114
1387 2097
1387 1276
2097 2216
2097 612
2216 2457
2216 1273
2457 977
2457 2228
977 2437
977 989
2437 304
304 1327
1327 355
1327 658
355 1737
1737 1277
1277 1478
1277 845
1478 2467
2467 2062
2062 219
219 1150
1150 1818
1818 1494
1494 2418
1494 441
2418 368
2418 261
368 420
368 684
420 2447
2447 1060
2447 1886
1060 707
1060 343
707 708
708 1341
708 1122
1341 2019
1341 89
2019 1232
2019 1679
1232 834
834 1318
1318 1248
1248 2484
1248 119
2484 1963
1963 364
364 231
364 2505
231 1594
1594 820
820 2126
2126 889
889 2215
2215 1145
1145 574
1145 773
574 1565
574 993
1565 667
667 909
909 2489
2489 2449
2449 2219
2449 2524
2219 2075
2219 245
2075 1063
1063 311
1063 1089
311 1444
1444 749
1444 2454
749 794
794 55
55 1106
55 2514
1106 1813
1106 2404
1813 2551
1813 894
2551 1456
2551 611
1456 1968
1968 866
1968 1081
866 2151
2151 2438
2151 1286
2438 577
2438 1151
577 1503
577 1543
1503 994
1503 2182
994 2176
2176 1458
1458 2332
2332 1790
1790 1750
1750 2322
1750 1521
2322 9
9 753
753 1103
753 1743
1103 2487
2487 895
895 1075
1075 2286
2286 365
365 257
365 20
257 1601
257 2063
1601 381
381 2309
2309 1512
2309 79
1512 2445
1512 224
2445 2485
2485 1502
2485 314
1502 291
1502 785
291 2294
291 2279
2294 65
65 1780
65 173
1780 1336
1336 1101
1336 2174
1101 1642
1101 160
1642 78
78 938
78 1079
938 964
964 1308
964 1373
1308 99
99 2601
2601 871
871 1047
871 1160
1047 387
1047 110
387 590
387 525
590 1655
1655 1586
1655 1779
1586 699
1586 2498
699 854
699 465
854 2568
2568 1829
2568 1618
1829 2605
1829 449
2605 1832
2605 2379
1832 1162
1162 1861
1861 911
1861 485
911 371
911 137
371 2338
2338 716
2338 910
716 1634
716 560
1634 1732
1634 563
1732 780
780 180
780 1467
180 157
180 928
157 1176
157 113
1176 1104
1176 1272
1104 422
422 2441
422 240
2441 1840
1840 1967
1967 280
280 1875
1875 269
1875 122
269 1957
1957 1564
1564 2521
1564 1567
2521 2318
2318 2105
2105 1678
1678 1022
1678 2015
1022 265
1022 1566
265 512
512 1279
512 2089
1279 1640
1640 547
1640 351
547 18
18 1592
18 1513
1592 2001
1592 798
2001 1899
2001 2589
1899 153
1899 2469
153 1718
1718 2159
2159 1644
2159 2160
1644 1146
1146 1365
1146 2068
1365 2092
2092 545
545 1319
545 696
1319 469
469 328
328 2064
328 1721
2064 951
2064 1709
951 1514
951 802
1514 948
948 971
971 1432
1432 1741
1432 944
1741 1782
1782 987
1782 286
987 2444
2444 335
2444 497
335 609
609 1141
1141 363
1141 2298
363 1434
363 1315
1434 453
453 1224
1224 194
1224 2414
194 784
784 2145
784 293
2145 2610
2610 2371
2371 750
2371 1991
750 677
750 1021
677 984
677 1736
984 1726
1726 63
63 68
63 1904
68 2488
2488 629
2488 1937
629 1588
1588 1831
1831 2049
1831 1168
2049 1383
2049 2237
1383 1728
1383 2099
1728 1867
1728 2483
1867 1896
1896 727
727 1646
1646 430
1646 990
430 1623
430 1604
1623 2585
1623 1532
2585 1177
1177 1758
1758 653
653 312
653 272
312 2492
312 2249
2492 2007
2007 631
2007 636
631 2584
631 561
2584 2321
2321 2329
2321 1828
2329 1857
2329 1883
1857 1672
1857 660
1672 981
981 135
981 1994
135 1012
135 1946
1012 2546
1012 1216
2546 437
437 505
437 837
505 822
505 479
822 361
361 1206
361 405
1206 1389
1389 330
1389 711
330 2347
2347 1426
1426 169
1426 2208
169 189
189 1337
189 1288
1337 515
1337 2188
515 797
515 1416
797 501
501 755
755 2494
755 1274
2494 2079
2079 324
2079 1880
324 97
324 454
97 215
215 444
444 1949
1949 2603
2603 2314
2314 464
2314 2243
464 212
464 1652
212 1635
212 1299
1635 2369
2369 39
39 1297
1297 2269
2269 448
448 1388
448 2093
1388 2158
2158 2080
2080 1484
2080 100
1484 2010
1484 1073
2010 325
325 2074
325 1195
2074 431
431 1070
1070 1612
1612 1487
1487 2363
1487 1008
2363 82
82 1441
1441 2312
2312 1889
1889 2171
1889 80
2171 1582
1582 790
1582 176
790 2139
790 91
2139 483
483 1316
483 1088
1316 920
920 1999
1999 2203
2203 2477
2203 2556
2477 297
297 1408
297 998
1408 1955
1408 879
1955 757
757 115
115 201
201 646
201 855
646 2578
646 2539
2578 2382
2578 1107
2382 2175
2175 2154
2154 1055
1055 2387
2387 2083
2387 241
2083 308
308 2425
2425 926
2425 495
926 669
669 377
669 1030
377 2031
377 1631
2031 1884
1884 550
1884 2077
550 1799
550 532
1799 2005
2005 683
683 1648
1648 76
1648 1059
76 1061
76 1442
1061 418
1061 424
418 627
418 1457
627 179
179 1013
179 1591
1013 480
1013 760
480 1611
480 882
1611 499
499 2288
499 1887
2288 474
2288 1451
474 1220
1220 1139
1220 2152
1139 1585
1139 98
1585 2399
1585 316
2399 763
763 2305
2305 1947
1947 914
914 2571
914 1817
2571 776
2571 2036
776 1129
1129 2104
2104 2264
2104 131
2264 2148
2148 1568
2148 2166
1568 731
731 859
859 974
859 1697
974 1143
974 2481
1143 567
567 423
423 2358
423 426
2358 1983
2358 1762
1983 1769
1769 1377
1377 1919
1919 1851
1919 1881
1851 874
1851 1560
874 1617
1617 1950
1617 125
1950 850
1950 1095
850 725
850 2051
725 1094
1094 1475
1475 500
1475 1284
500 376
376 30
376 2069
30 779
779 2504
779 2244
2504 96
2504 2392
96 130
96 2491
130 952
952 259
259 1966
259 2220
1966 1962
1966 190
1962 1362
1962 1479
1362 2150
1362 2211
2150 721
2150 487
721 1517
1517 147
1517 2136
147 2008
2008 1275
2008 271
1275 676
676 1114
1114 2547
2547 1253
1253 2153
2153 2222
2222 1231
1231 2086
1231 744
2086 1839
1839 391
1839 2130
391 805
391 893
805 235
805 824
235 395
395 1014
1014 1639
1014 1119
1639 2432
2432 2515
2515 663
663 1505
1505 1710
1710 1841
1710 645
1841 2098
2098 886
2098 633
886 718
886 472
718 1555
1555 969
969 947
969 2028
947 1781
1781 1053
1781 748
1053 1486
1486 724
724 1935
1935 2282
1935 1200
2282 237
237 1865
237 2395
1865 766
766 203
766 342
203 2103
203 756
2103 875
875 1583
1583 1347
1347 2510
1347 899
2510 2465
2510 1164
2465 2522
2522 1201
1201 1523
1523 429
429 1775
1775 2426
1775 1985
2426 277
2426 1897
277 903
903 1147
1147 1658
1658 1170
1658 329
1170 2246
1170 107
2246 1882
2246 2
1882 374
1882 1797
374 1281
374 507
1281 1203
1281 2230
1203 2548
1203 95
2548 1879
2548 109
1879 1636
1879 1115
1636 1917
1917 344
1917 2073
344 923
344 1212
923 1439
923 457
1439 2274
2274 1326
1326 1294
1294 830
1294 1351
830 1474
1474 1355
1355 1035
1355 1305
1035 347
347 306
306 1873
1873 2339
1873 2378
2339 1291
1291 154
1291 867
154 857
154 2265
857 900
900 336
900 904
336 2597
2597 1677
1677 1163
1163 46
46 2004
46 691
2004 1673
1673 1608
1673 1278
1608 1920
1608 1271
1920 488
1920 901
488 1942
488 2566
1942 1680
1942 1894
1680 2519
1680 165
2519 341
2519 1087
341 1805
341 1793
1805 1366
1805 1785
1366 128
1366 2247
128 940
940 143
143 772
772 2066
772 375
2066 1497
1497 1004
1004 2149
1004 538
2149 1687
2149 1067
1687 396
1687 1624
396 158
396 1629
158 1969
158 1610
1969 2592
1969 1092
2592 1974
2592 2106
1974 50
1974 1578
50 558
558 1550
1550 164
164 2563
164 819
2563 2045
2045 2550
2045 2271
2550 2434
2434 1353
1353 710
1353 723
710 64
710 326
64 2337
64 2460
2337 1065
2337 1243
1065 770
770 1666
1666 654
1666 1945
654 1178
1178 225
1178 213
225 2196
225 664
2196 1992
2196 1830
1992 25
1992 2013
25 1438
1438 1465
1438 2359
1465 282
1465 1062
282 1872
1872 1310
1872 1374
1310 1482
1310 1194
1482 1363
1482 1080
1363 1540
1363 1778
1540 1516
1540 1633
1516 2201
1516 925
2201 1910
2201 885
1910 144
1910 1749
144 2192
144 2111
2192 1825
1825 2512
2512 2102
2102 1628
2102 2042
1628 1184
1184 778
778 2263
778 133
2263 2473
2473 825
2473 31
825 266
266 1415
266 2472
1415 2185
1415 1754
2185 2167
2185 1895
2167 996
996 953
953 1653
1653 1659
1653 1155
1659 58
1659 2012
58 1124
58 1443
1124 1924
1124 126
1924 2468
2468 2141
2468 972
2141 1691
2141 2262
1691 1665
1665 250
1665 2553
250 1390
250 263
1390 2144
1390 939
2144 85
2144 1090
85 1358
85 345
1358 933
933 2195
2195 1528
1528 51
51 1996
1996 246
1996 1072
246 226
226 90
90 360
