9 1519 71395
6 8
6 2
8 4
4 1
4 7
1 9
9 5
9 3
530 926
926 785
785 1028
785 781
1028 1467
1467 71
1467 80
71 1186
1186 504
1186 1450
504 1404
1404 847
847 49
847 337
49 1180
49 433
1180 1218
1218 1504
1218 245
1504 1331
1331 1506
1331 479
1506 613
1506 674
613 388
613 916
388 1367
1367 475
475 603
603 764
764 1103
1103 31
1103 829
31 620
31 1304
620 442
620 1400
442 1327
1327 689
1327 1374
689 602
689 822
602 719
719 1430
719 778
1430 917
1430 492
917 621
917 1259
621 448
448 1457
448 977
1457 858
1457 1480
858 7
7 88
7 1108
88 30
30 541
30 1096
541 19
541 754
19 1164
1164 909
909 1338
1338 976
976 86
976 51
86 1131
1131 763
1131 184
763 537
537 329
537 26
329 40
329 1478
40 722
722 1239
1239 114
1239 303
114 1512
1512 808
1512 725
808 394
394 272
394 966
272 572
272 548
572 826
572 820
826 661
826 216
661 1053
661 333
1053 257
1053 400
257 228
228 1077
1077 1320
1320 779
779 1376
779 507
1376 1123
1123 1142
1123 579
1142 1031
1142 166
1031 726
726 409
409 424
409 108
424 607
424 1472
607 665
607 806
665 1226
1226 553
1226 74
553 1030
553 696
1030 1441
1441 869
869 491
869 1385
491 296
296 640
296 1136
640 577
640 144
577 675
577 1357
675 249
249 360
360 1172
1172 300
1172 584
300 252
300 129
252 571
252 568
571 417
417 1238
417 524
1238 642
1238 928
642 349
642 886
349 1465
1465 549
549 1449
549 1318
1449 1085
1449 1155
1085 327
327 1135
327 1170
1135 930
930 1174
930 1334
1174 1011
1011 1006
1011 255
1006 174
174 16
16 356
356 832
356 386
832 534
534 1372
1372 1272
1272 862
1272 1490
862 1355
862 637
1355 852
1355 616
852 1005
1005 923
923 876
876 1193
876 518
1193 949
1193 241
949 1230
949 358
1230 302
1230 597
302 1195
302 1368
1195 730
730 1365
1365 24
24 1060
24 845
1060 1040
1060 914
1040 399
399 1257
1257 648
648 1120
648 527
1120 667
1120 38
667 1233
1233 96
1233 77
96 178
178 315
178 1032
315 1288
315 35
1288 156
156 1301
1301 351
1301 389
351 15
15 1325
15 1033
1325 376
376 1127
1127 1315
1315 782
782 340
782 702
340 1295
1295 1358
1295 350
1358 777
1358 1178
777 1403
777 486
1403 743
743 270
270 154
270 121
154 554
554 63
63 37
63 13
37 262
262 1065
1065 823
823 332
823 1364
332 1138
332 1107
1138 47
1138 673
47 1252
1252 1303
1252 897
1303 168
168 1342
168 1066
1342 100
100 439
100 1018
439 165
439 468
165 703
703 1514
703 1319
1514 656
1514 73
656 1203
1203 341
1203 776
341 149
341 231
149 1267
1267 68
68 151
68 1294
151 396
396 662
396 724
662 403
403 688
403 204
688 309
688 761
309 422
422 1156
1156 710
1156 811
710 1137
1137 771
1137 1451
771 1350
771 395
1350 57
1350 498
57 259
57 426
259 816
259 709
816 542
542 78
78 698
698 1176
698 995
1176 1406
1406 814
1406 1452
814 1433
1433 853
853 465
465 1210
465 701
1210 222
222 1207
1207 1204
1204 540
540 1434
1434 590
590 1495
1495 320
320 1348
320 961
1348 963
963 1245
1245 1269
1269 1099
1099 582
1099 1122
582 566
582 1244
566 1246
566 1013
1246 1391
1246 988
1391 1427
1391 693
1427 287
1427 408
287 796
796 124
124 848
848 33
848 1235
33 420
420 1237
420 279
1237 854
854 1282
854 684
1282 652
652 375
375 1105
375 324
1105 147
147 459
459 440
459 1285
440 1143
1143 1428
1143 1232
1428 1070
1428 1047
1070 235
1070 1181
235 246
235 932
246 981
246 849
981 345
981 466
345 1497
345 516
1497 467
1497 567
467 1417
467 543
1417 680
1417 810
680 1302
1302 274
1302 136
274 404
404 601
404 46
601 202
601 1073
202 957
957 1173
957 896
1173 1377
1377 58
58 191
58 1001
191 1353
1353 1088
1088 461
461 753
461 1004
753 1307
753 106
1307 502
502 23
502 318
23 242
23 544
242 1213
242 598
1213 874
874 476
476 193
476 153
193 1494
1494 839
839 12
839 397
12 354
354 560
560 239
239 807
807 1519
1519 997
997 1341
997 1098
1341 1369
1341 1227
1369 421
1369 335
421 943
421 910
943 952
943 1439
952 109
952 1010
109 510
109 998
510 996
996 1082
996 1064
1082 645
645 487
645 800
487 523
487 991
523 760
760 1072
1072 248
248 1036
1036 1281
1036 1224
1281 1188
1281 671
1188 955
955 162
955 1296
162 256
256 288
288 72
288 387
72 700
72 485
700 163
700 619
163 192
192 937
937 1187
937 406
1187 1234
1187 265
1234 1289
1234 20
1289 1354
1289 1046
1354 729
1354 893
729 558
729 1051
558 1466
558 169
1466 1510
1466 1185
1510 145
1510 138
145 183
183 1373
183 902
1373 1349
1349 4
4 1440
1440 1171
1171 1016
1171 809
1016 837
837 1378
837 276
1378 1094
1378 526
1094 1061
1061 525
1061 463
525 1505
525 1211
1505 1346
1505 958
1346 1043
1346 922
1043 392
392 1414
1414 1148
1148 919
919 628
628 1499
1499 60
60 1117
60 1162
1117 221
221 273
273 1261
273 1351
1261 1274
1261 410
1274 1038
1038 374
374 107
107 881
881 111
881 1177
111 496
496 1485
1485 36
36 175
36 962
175 940
175 294
940 1473
1473 39
1473 733
39 137
39 370
137 116
137 267
116 565
116 1163
565 672
565 28
672 1314
1314 305
305 695
695 539
539 714
539 768
714 444
714 576
444 1416
444 1039
1416 1182
1416 437
1182 1134
1182 343
1134 427
427 727
427 519
727 316
316 889
889 348
348 271
348 414
271 1161
271 1329
1161 1371
1161 762
1371 1418
1371 66
1418 1370
1370 834
1370 1128
834 91
91 1264
1264 90
1264 295
90 1393
90 1146
1393 668
1393 277
668 1202
668 1190
1202 686
686 1381
1381 203
203 830
830 557
557 508
508 3
3 1453
3 281
1453 1392
1453 131
1392 646
1392 791
646 716
646 965
716 1000
716 97
1000 770
1000 29
770 564
770 369
564 1124
564 1366
1124 1503
1124 1268
1503 113
113 992
113 612
992 630
992 936
630 1389
1389 1435
1435 968
968 368
968 1270
368 1056
1056 1410
1410 1209
1209 1110
1110 805
1110 535
805 951
805 878
951 650
650 438
438 1513
1513 1223
1223 1401
1223 784
1401 735
735 973
735 1413
973 647
973 587
647 559
559 44
44 901
44 1448
901 1255
901 1154
1255 336
1255 804
336 1492
336 275
1492 325
1492 1084
325 818
325 328
818 432
432 412
432 285
412 443
443 855
855 331
331 1488
331 824
1488 948
1488 1141
948 338
948 1260
338 132
338 827
132 653
132 813
653 1306
653 45
1306 954
1306 382
954 1090
1090 720
720 1276
1276 846
1276 985
846 1471
1471 195
1471 1200
195 458
195 1474
458 1463
458 1447
1463 1217
1217 1493
1493 884
884 622
884 1333
622 950
950 1313
950 237
1313 798
1313 887
798 264
264 65
65 1086
65 681
1086 258
258 971
258 1025
971 744
971 717
744 1113
744 742
1113 501
501 268
268 787
268 514
787 605
605 904
904 651
651 1438
1438 588
588 1014
1014 618
1014 1115
618 591
591 765
591 244
765 411
765 1356
411 1112
411 1130
1112 1502
1112 297
1502 1484
1502 380
1484 687
1484 362
687 1470
1470 1254
1470 1308
1254 975
975 89
89 929
89 236
929 308
929 867
308 1219
308 903
1219 282
1219 402
282 831
282 1339
831 974
831 1080
974 738
738 407
738 529
407 1050
407 158
1050 1411
1411 478
478 212
478 1280
212 1310
1310 126
1310 506
126 882
126 385
882 740
740 93
93 9
93 1415
9 732
732 596
596 1236
596 513
1236 1201
1201 1498
1498 446
1498 634
446 978
446 490
978 1509
1509 635
1509 201
635 1042
635 1491
1042 405
405 18
405 128
18 870
18 801
870 1459
870 931
1459 1150
1150 503
503 339
339 1456
339 866
1456 190
190 885
885 319
319 944
944 934
944 94
934 969
969 470
470 1380
1380 1475
1475 1501
1501 1109
1501 792
1109 920
920 260
260 1183
1183 1387
1387 495
495 1194
1194 864
1194 1460
864 112
864 868
112 821
821 1116
1116 578
578 1145
1145 286
286 654
286 321
654 1323
1323 263
1323 872
263 1424
1424 1279
1279 197
1279 699
197 21
21 1398
21 1429
1398 428
428 238
428 1175
238 110
238 1102
110 956
110 960
956 225
225 393
393 1144
393 594
1144 664
664 182
182 474
474 639
639 152
639 721
152 669
669 788
669 1074
788 1256
1256 185
1256 483
185 860
185 1317
860 115
115 825
825 939
939 1071
1071 1496
1071 935
1496 1335
1335 979
979 793
793 1081
793 179
1081 786
1081 431
786 1419
786 983
1419 551
551 423
551 1487
423 946
423 532
946 1247
946 745
1247 614
1247 589
614 1262
614 694
1262 209
1262 118
209 739
209 34
739 583
739 1477
583 322
583 357
322 1093
1093 1359
1093 450
1359 659
1359 1045
659 626
659 899
626 500
626 1041
500 167
500 757
167 817
817 313
313 682
313 990
682 207
682 683
207 1461
1461 1266
1266 1019
1266 366
1019 1360
1360 842
842 494
494 610
494 856
610 644
610 734
644 1241
1241 1343
1343 381
1343 261
381 99
381 1212
99 691
99 1291
691 456
691 766
456 361
361 894
361 210
894 1104
894 55
1104 1192
1104 1059
1192 1008
1008 964
964 627
627 861
861 1253
1253 615
615 1021
615 608
1021 330
330 1024
1024 384
1024 391
384 1515
1515 737
737 1199
1199 1489
1489 1055
1489 1454
1055 844
844 1517
1517 1003
1003 759
1003 879
759 367
367 905
367 1347
905 1029
1029 213
213 243
243 1168
1168 677
1168 993
677 105
105 1034
1034 606
1034 938
606 85
606 921
85 101
85 925
101 482
101 123
482 911
911 670
670 1423
670 353
1423 365
1423 196
365 1069
1069 217
217 649
217 1297
649 359
649 1283
359 102
359 1383
102 1479
1479 98
1479 1049
98 843
843 306
843 1111
306 851
306 1300
851 531
851 1132
531 1273
1273 1432
1432 189
1432 1379
189 1420
1420 1165
1165 1012
1165 883
1012 912
912 561
561 52
52 1158
52 678
1158 511
511 1179
1179 416
416 888
888 455
455 1384
1384 918
918 42
42 1258
1258 472
472 1248
472 181
1248 942
1248 1409
942 927
927 1508
1508 636
1508 449
636 497
497 1464
497 536
1464 120
1464 1299
120 139
120 838
139 383
383 160
383 289
160 301
301 206
301 1455
206 1228
1228 119
1228 711
119 1205
1205 352
352 1345
352 186
1345 434
434 1079
1079 1482
1482 592
1482 972
592 747
592 1462
747 1129
1129 585
585 32
32 1421
1421 1133
1133 304
1133 484
304 994
994 1284
994 833
1284 1337
1284 334
1337 87
87 82
87 538
82 454
454 95
454 488
95 1516
95 1476
1516 1242
1516 447
1242 841
1242 1169
841 989
989 750
989 84
750 891
891 117
891 62
117 291
117 278
291 933
291 840
933 1426
933 17
1426 1196
1426 1121
1196 460
1196 756
460 772
460 666
772 499
499 611
499 1097
611 81
611 515
81 1330
81 915
1330 1321
1321 570
1321 326
570 767
570 233
767 752
752 1092
752 1048
1092 941
941 769
769 143
769 1126
143 562
562 512
512 103
512 755
103 624
624 1265
624 355
1265 1436
1265 953
1436 1397
1397 451
451 982
451 1511
982 528
528 177
528 1091
177 1444
177 11
1444 155
1444 346
155 377
155 1468
377 1399
377 430
1399 959
1399 1361
959 43
959 676
43 251
43 413
251 586
586 229
586 751
229 521
521 633
633 79
79 311
311 563
311 704
563 1396
563 27
1396 1147
1147 280
280 1153
1153 595
1153 266
595 1119
595 59
1119 1
1119 462
1 1157
1157 198
198 254
254 230
254 401
230 625
625 794
625 48
794 1106
794 142
1106 469
1106 1386
469 1159
1159 1382
1382 214
1382 64
214 125
125 898
898 1481
1481 53
53 135
135 599
135 522
599 312
312 1231
312 984
1231 194
1231 180
194 75
194 1189
75 1052
75 150
1052 1054
1052 658
1054 1002
1002 556
1002 758
556 980
556 1101
980 1225
1225 871
871 1160
871 122
1160 1431
1431 1286
1431 70
1286 211
1286 1251
211 623
623 574
574 533
533 679
533 323
679 638
638 50
50 1290
50 1362
1290 875
875 546
546 913
546 284
913 1063
913 1037
1063 1518
1063 1305
1518 464
1518 1336
464 604
604 1149
604 1277
1149 706
706 836
836 398
398 812
398 641
812 436
812 555
436 200
436 1057
200 232
232 56
56 1408
56 575
1408 471
471 712
471 140
712 1100
712 1443
1100 643
643 1118
643 1287
1118 1026
1026 269
269 728
269 1422
728 900
728 1027
900 865
900 1388
865 415
865 240
415 857
415 1507
857 723
857 819
723 795
723 208
795 1394
795 773
1394 161
1394 1344
161 999
999 581
581 593
581 92
593 1249
593 718
1249 1445
1445 713
1445 130
713 342
713 708
342 1483
1483 1446
1446 799
799 657
657 314
657 1151
314 1095
314 127
1095 1243
1095 1058
1243 173
1243 435
173 692
692 227
227 452
452 146
146 310
146 663
310 1007
1007 1322
1007 1198
1322 828
828 1152
1152 1298
1152 224
1298 176
1298 517
176 371
371 1214
371 780
1214 986
1214 293
986 631
986 1221
631 1089
631 54
1089 629
629 736
736 298
736 967
298 199
199 632
632 1311
632 493
1311 481
1311 1140
481 1206
1206 159
159 164
159 655
164 1078
164 746
1078 1469
1469 453
453 283
283 1395
1395 741
741 1402
741 379
1402 707
707 425
425 1340
1340 520
520 1044
520 1271
1044 41
41 1412
41 1458
1412 1076
1076 609
1076 429
609 863
609 307
863 569
569 789
569 6
789 457
789 697
457 157
457 290
157 1035
1035 705
1035 1125
705 1500
1500 906
1500 880
906 1216
1216 25
25 172
172 970
970 83
970 220
83 580
580 418
580 344
418 1023
1023 1215
1023 76
1215 10
1215 373
10 924
10 775
924 317
317 69
69 895
69 5
895 1375
1375 419
419 1015
1015 477
477 1390
1390 1229
1229 1363
1363 945
1363 552
945 890
890 545
545 803
803 774
803 1425
774 573
774 141
573 1275
1275 1222
1222 67
67 188
188 133
188 947
133 1278
1278 61
1278 441
61 2
2 748
748 299
748 873
299 802
299 372
802 14
802 1486
14 685
14 378
685 480
685 1022
480 1017
480 1191
1017 1184
1184 1332
1184 850
1332 250
1332 226
250 1405
250 1326
1405 509
509 1309
509 1087
1309 1437
1309 660
1437 8
8 1324
1324 1250
1324 617
1250 1220
1250 908
1220 1166
1220 218
1166 690
1166 790
690 505
505 715
715 1068
715 187
1068 1075
1075 22
1075 1292
22 600
600 547
547 1114
547 473
1114 489
489 550
550 1067
550 445
1067 1352
1067 134
1352 815
815 1263
815 171
1263 835
835 1293
1293 347
1293 219
347 1009
1009 148
148 223
223 1208
1208 205
205 1442
205 1316
1442 797
797 215
797 247
215 1328
215 1139
1328 859
1328 1062
859 1197
1197 170
1197 1312
170 104
170 1407
104 253
104 783
253 363
363 1020
363 731
1020 1167
1167 892
1167 390
892 907
907 364
907 749
364 1083
364 877
1083 987
1083 1240
987 292
292 234
