6 2337 7
1 2
1 5
2 4
2 6
4 3
302 283
283 215
283 1255
215 1575
215 1918
1575 1152
1575 1727
1152 1531
1152 668
1531 226
1531 1492
226 2002
2002 73
2002 1260
73 1706
1706 669
1706 2208
669 1482
669 649
1482 2033
1482 1375
2033 1538
1538 1074
1074 600
1074 1566
600 785
600 1593
785 2207
785 824
2207 518
2207 1930
518 1388
1388 983
1388 359
983 19
983 1063
19 759
19 168
759 1228
759 2159
1228 1393
1228 2072
1393 2160
2160 1668
1668 1990
1668 2064
1990 433
433 1469
433 1962
1469 1370
1469 151
1370 995
1370 1156
995 990
990 1670
990 1690
1670 2197
1670 1917
2197 1705
2197 1226
1705 827
827 2276
827 1518
2276 1522
2276 830
1522 1594
1594 281
1594 2140
281 502
281 1752
502 1281
1281 1304
1304 1100
1100 1926
1926 846
846 1998
1998 558
1998 152
558 654
654 487
654 560
487 813
813 2271
813 1646
2271 1919
2271 1726
1919 1932
1919 1060
1932 1254
1254 2310
2310 1407
1407 2269
1407 761
2269 2001
2001 2189
2189 950
2189 1159
950 2043
950 1084
2043 1992
2043 2252
1992 1185
1992 2031
1185 170
1185 1808
170 597
170 1989
597 1105
597 2229
1105 541
1105 1068
541 1583
541 583
1583 994
994 2067
2067 2055
2055 713
713 131
131 2256
2256 1172
1172 563
1172 939
563 492
563 293
492 2166
492 370
2166 885
2166 392
885 1723
885 43
1723 2103
1723 834
2103 1858
2103 852
1858 208
1858 1124
208 918
208 1387
918 202
202 2281
2281 1310
2281 1796
1310 1545
1545 103
1545 699
103 1109
1109 1885
1885 947
1885 2065
947 1562
947 858
1562 49
1562 621
49 497
49 2302
497 2319
2319 800
800 1318
800 2152
1318 2168
2168 1361
2168 1568
1361 2217
2217 180
2217 1330
180 479
180 54
479 314
314 427
427 2056
427 1822
2056 2267
2267 2287
2267 2082
2287 1904
2287 592
1904 2289
1904 1834
2289 240
2289 1148
240 926
240 1076
926 1762
926 32
1762 333
1762 2005
333 968
968 137
968 506
137 1096
1096 2181
2181 1986
2181 2077
1986 1384
1384 438
438 1213
438 799
1213 1793
1793 1733
1793 499
1733 338
338 1205
1205 1256
1205 659
1256 604
1256 1936
604 1709
1709 53
53 458
458 2272
2272 1860
1860 664
1860 334
664 101
664 1846
101 1319
1319 191
191 1442
1442 313
1442 646
313 1890
313 329
1890 757
757 254
757 100
254 2172
254 1045
2172 1554
2172 553
1554 862
1554 1938
862 1149
1149 25
25 1523
1523 856
856 1553
856 707
1553 440
440 740
440 725
740 2083
2083 465
465 431
431 207
207 2068
2068 1481
1481 1016
1016 1676
1676 1957
1676 1837
1957 1953
1957 1196
1953 350
350 1755
350 1603
1755 1307
1307 1500
1500 589
1500 1849
589 1784
1784 1666
1784 1541
1666 1069
1666 1872
1069 1612
1612 2245
1612 13
2245 1423
2245 1658
1423 140
140 1346
1346 1524
1346 941
1524 2141
1524 63
2141 1829
2141 187
1829 864
864 878
878 1376
1376 1519
1376 889
1519 2336
2336 2210
2210 1675
1675 700
1675 2205
700 1171
700 1929
1171 7
7 957
957 1038
1038 1297
1038 1395
1297 1347
1297 1301
1347 1383
1347 701
1383 635
635 2327
2327 723
2327 1051
723 666
723 636
666 938
666 811
938 960
960 859
960 1521
859 1680
1680 760
1680 1617
760 356
356 1080
1080 444
444 961
961 1044
1044 124
124 1700
1700 2146
2146 628
628 771
628 793
771 429
429 1065
1065 848
848 2021
848 115
2021 2188
2021 88
2188 232
2188 2108
232 2184
2184 1585
1585 295
1585 404
295 789
789 304
789 2295
304 884
884 539
884 277
539 2047
539 467
2047 2099
2047 2157
2099 1198
2099 867
1198 717
1198 535
717 1367
1367 417
1367 249
417 1665
1665 1647
1647 1804
1804 89
1804 2180
89 1980
89 42
1980 2131
1980 1322
2131 1638
1638 1948
1948 188
188 948
948 464
948 612
464 270
270 915
915 1059
915 1614
1059 1745
1745 1868
1868 708
1868 626
708 617
708 2132
617 455
455 689
689 825
689 218
825 1740
1740 609
609 1452
609 75
1452 1841
1452 705
1841 2282
2282 1166
1166 1494
1166 1609
1494 1412
1494 1608
1412 579
1412 1571
579 376
579 1923
376 1338
1338 420
420 2101
420 607
2101 181
2101 251
181 1771
1771 412
1771 1104
412 1599
1599 1448
1599 1548
1448 953
953 816
816 795
816 1974
795 1950
1950 1107
1950 1921
1107 1934
1107 1600
1934 1911
1911 361
361 704
704 196
704 1169
196 1788
196 1883
1788 1590
1788 2320
1590 2028
2028 1602
1602 68
68 1424
68 142
1424 1527
1424 989
1527 1020
1527 639
1020 366
366 1323
366 2330
1323 476
1323 1027
476 981
981 750
750 1316
1316 1409
1409 2130
1409 1401
2130 1782
2130 533
1782 113
1782 1116
113 2312
2312 714
2312 1413
714 1864
1864 1257
1257 1047
1047 1317
1317 146
146 2177
2177 703
703 1353
1353 551
551 691
551 1283
691 2137
691 730
2137 868
868 462
868 34
462 517
517 2335
517 1546
2335 1443
1443 741
1443 814
741 822
822 1836
822 2221
1836 2107
1836 285
2107 1865
1865 958
958 1403
958 184
1403 1202
1403 1321
1202 340
1202 1510
340 1300
340 2165
1300 1888
1888 261
261 2257
261 2042
2257 1231
1231 1459
1231 1163
1459 454
1459 1862
454 159
159 1225
159 2191
1225 1601
1601 1968
1601 603
1968 324
324 637
324 1871
637 18
18 1358
18 1379
1358 2236
2236 1178
2236 1725
1178 569
1178 357
569 1222
1222 3
3 810
810 40
810 463
40 2057
40 1653
2057 219
2057 1652
219 1128
1128 1674
1674 807
807 564
807 1049
564 742
564 2248
742 102
102 1525
102 1299
1525 474
474 1961
474 632
1961 1681
1681 2035
2035 1120
2035 1359
1120 1996
1120 347
1996 1765
1765 640
640 903
903 1378
1378 1563
1378 993
1563 198
1563 1634
198 383
198 2
383 189
189 2270
189 2084
2270 514
514 1964
514 204
1964 909
1964 1331
909 537
537 1399
537 615
1399 1729
1729 1220
1729 937
1220 886
886 1023
886 1286
1023 1555
1555 817
1555 1397
817 1516
1516 1498
1516 2154
1498 192
1498 1691
192 414
192 1280
414 496
414 1354
496 1206
1206 114
114 542
542 1061
542 141
1061 244
1061 419
244 969
244 1327
969 1218
969 1815
1218 657
1218 774
657 1748
1748 1371
1371 1454
1454 2190
2190 1235
1235 2199
1235 2264
2199 47
2199 2143
47 1066
47 2111
1066 1122
1066 2139
1122 2227
1122 1925
2227 1983
2227 891
1983 38
1983 405
38 1685
1685 1549
1685 161
1549 805
805 1605
1605 149
1605 1877
149 1083
1083 921
921 309
921 1977
309 1893
1893 1150
1150 1698
1698 2323
1698 2148
2323 1329
2323 125
1329 1057
1329 1620
1057 690
1057 841
690 1342
690 1686
1342 1579
1342 1400
1579 477
477 1861
477 1199
1861 547
547 1204
1204 1774
1204 2063
1774 1952
1774 562
1952 966
966 1139
966 1091
1139 271
271 1242
271 28
1242 1892
1892 1642
1892 39
1642 1209
1209 861
1209 984
861 92
92 674
674 375
375 753
375 565
753 872
872 1012
872 1812
1012 1267
1012 1279
1267 472
472 1924
1924 1385
1385 1736
1385 1015
1736 286
286 962
962 1611
962 1933
1611 1835
1611 837
1835 1649
1649 14
1649 1031
14 1306
1306 1077
1306 1776
1077 2306
2306 1798
2306 1241
1798 1004
1798 121
1004 731
731 712
731 1364
712 352
352 233
233 369
369 928
369 1097
928 1210
928 91
1210 2167
2167 619
619 410
410 580
580 797
580 1162
797 221
797 1030
221 1058
221 1270
1058 1512
1058 1328
1512 1629
1629 917
917 2212
917 1140
2212 826
2212 65
826 1223
826 1621
1223 850
850 252
252 86
86 237
237 1103
1103 415
1103 854
415 1795
1795 1946
1946 1190
1946 35
1190 2231
2231 2016
2016 2125
2125 1010
1010 571
1010 2216
571 1344
571 1033
1344 37
1344 2284
37 259
37 1017
259 1833
1833 933
933 29
933 952
29 2013
2013 920
920 1295
1295 360
360 2333
360 58
2333 660
2333 1035
660 780
780 12
780 2098
12 906
12 1352
906 675
906 223
675 90
90 1293
1293 951
1293 676
951 52
951 394
52 1130
52 2298
1130 519
1130 2071
519 913
519 1981
913 1505
1505 2126
1505 835
2126 645
645 1607
1607 402
1607 987
402 1839
402 260
1839 105
1839 1217
105 1632
105 203
1632 411
1632 1184
411 1212
411 396
1212 31
31 1660
31 1258
1660 1157
1157 882
1157 437
882 1667
882 1118
1667 1005
1005 1253
1253 98
1253 150
98 1390
98 605
1390 1869
1390 2170
1869 447
1869 2044
447 2123
2123 768
768 614
614 2303
2303 99
99 2049
99 616
2049 109
109 69
109 1416
69 1146
69 1271
1146 224
1146 942
224 1243
1243 829
1243 601
829 94
829 2045
94 1633
1633 1591
1591 1927
1927 1192
1927 2100
1192 776
1192 77
776 1082
1082 2305
1082 2164
2305 949
949 2291
949 2003
2291 648
648 2250
2250 434
434 627
627 1296
627 1801
1296 1246
1296 1592
1246 945
945 979
979 1637
1637 1043
1637 1194
1043 1619
1619 1263
1263 2147
1263 935
2147 336
336 2268
336 1584
2268 1018
2268 1547
1018 2329
1018 2073
2329 2260
2260 1850
1850 2232
2232 2322
2232 1965
2322 1447
2322 1779
1447 485
1447 2247
485 566
566 1474
566 1504
1474 1341
1474 1372
1341 876
1341 2334
876 1613
1613 1335
1613 2158
1335 1570
1570 1886
1570 1514
1886 956
1886 292
956 1221
956 1473
1221 770
770 1517
770 678
1517 1233
1517 494
1233 692
692 1991
692 9
1991 796
796 2251
2251 1188
2251 871
1188 1842
1842 2297
2297 1692
2297 480
1692 634
634 108
634 276
108 303
108 456
303 1898
303 2069
1898 545
1898 1791
545 567
567 2066
2066 916
916 711
916 373
711 578
578 2178
2178 1491
1491 1189
1189 1814
1814 2214
1814 41
2214 802
802 183
183 310
183 51
310 684
310 855
684 2337
684 238
2337 2299
2299 1847
2299 1486
1847 488
488 179
488 1071
179 290
179 399
290 2090
290 888
2090 2096
2096 955
2096 368
955 2009
955 2116
2009 1155
2009 36
1155 2183
1155 863
2183 1843
1843 1308
1843 2244
1308 763
763 256
763 624
256 1761
1761 1534
1761 779
1534 165
1534 1826
165 23
23 557
557 1025
1025 1466
1466 2129
2129 1382
1382 155
155 2169
155 243
2169 1290
1290 1478
1478 2198
2198 1090
1090 629
1090 2228
629 1252
629 1806
1252 1897
1897 173
173 552
173 315
552 482
482 227
227 1428
1428 1432
1428 561
1432 1186
1186 132
1186 1245
132 2326
2326 1715
1715 213
1715 210
213 178
213 1374
178 2120
178 316
2120 216
2120 10
216 1154
216 2175
1154 2237
2237 2321
2237 599
2321 1682
2321 932
1682 2246
2246 48
2246 1398
48 1581
48 2163
1581 381
381 556
556 1435
1435 1262
1435 1298
1262 1320
1262 1654
1320 466
466 716
716 922
716 2203
922 1701
1701 1526
1526 1355
1355 1380
1355 279
1380 2235
2235 515
515 543
543 1089
543 934
1089 1916
1089 158
1916 1855
1916 2317
1855 130
130 163
163 1402
163 896
1402 1456
1402 765
1456 1606
1456 1767
1606 1797
1797 1114
1797 965
1114 697
1114 1389
697 1628
697 391
1628 720
1628 247
720 1640
1640 2145
1640 136
2145 110
110 1513
1513 346
1513 1577
346 1183
346 1434
1183 1357
1357 325
1357 2122
325 481
481 2223
481 2024
2223 1912
1912 446
446 1560
446 1757
1560 568
1560 1678
568 1032
1032 1683
1683 263
263 59
263 1851
59 1772
1772 17
17 258
17 1987
258 758
258 1785
758 2233
2233 870
2233 478
870 1995
870 2204
1995 225
1995 1470
225 1266
1266 2240
2240 1635
1635 623
1635 2313
623 1151
623 107
1151 1325
1325 1985
1985 1108
1108 1661
1661 653
653 679
679 2328
2328 71
71 1959
1959 2239
1959 33
2239 341
2239 595
341 2286
2286 1264
1264 296
1264 2097
296 1645
1645 1655
1645 1467
1655 1087
1087 363
1087 1410
363 735
735 1582
735 416
1582 1098
1582 2285
1098 2195
1098 1711
2195 145
2195 1495
145 1110
145 452
1110 1831
1831 2079
2079 473
2079 171
473 658
473 591
658 2050
658 1805
2050 2121
2050 2004
2121 93
93 1866
93 1778
1866 1677
1866 484
1677 1085
1085 1138
1085 1854
1138 1539
1539 2259
1539 1014
2259 677
2259 1142
677 2171
2171 2209
2209 893
2209 1200
893 2290
893 1540
2290 2218
2218 1856
1856 182
1856 133
182 1867
1867 1783
1867 2115
1783 1853
1783 1971
1853 839
839 550
550 211
211 390
211 1520
390 643
390 510
643 873
873 755
755 377
377 1840
377 587
1840 1490
1840 1472
1490 1041
1041 505
1041 190
505 1790
1790 1040
1040 1224
1040 1702
1224 2085
1224 1780
2085 1970
1970 1704
1970 1411
1704 2182
2182 840
840 1153
1153 1902
1153 2309
1902 1201
1902 1009
1201 1993
1993 298
298 1845
1845 1008
1845 1487
1008 1910
1910 1960
1910 559
1960 245
1960 269
245 1269
245 1340
1269 236
236 2262
236 273
2262 118
118 127
127 119
119 1896
119 1450
1896 530
530 2304
2304 1623
1623 1117
1117 1239
1117 2032
1239 1595
1239 923
1595 268
1595 2265
268 845
268 1006
845 1075
845 169
1075 929
929 388
388 1493
388 1029
1493 280
1493 1627
280 1580
1580 695
695 764
695 1695
764 1532
764 1838
1532 1237
1237 1887
1237 940
1887 401
401 890
890 1054
890 1042
1054 1158
1054 1915
1158 486
486 330
486 1499
330 239
330 2117
239 1037
239 1803
1037 60
1037 2153
60 1093
1093 2156
1093 1125
2156 1937
2156 2020
1937 501
1937 5
501 1884
1884 2052
1884 2119
2052 385
385 808
385 1671
808 986
808 919
986 1662
1662 2078
2078 1857
1857 581
1857 1422
581 715
715 1895
1895 1615
1615 732
732 1272
732 1749
1272 174
174 1211
174 1800
1211 728
728 1343
1343 748
748 523
748 534
523 1679
1679 1427
1427 2176
2176 185
185 936
936 1703
1703 1011
1011 1693
1011 1844
1693 351
1693 2010
351 1931
351 201
1931 2279
1931 1024
2279 22
22 265
22 667
265 963
963 507
963 773
507 1261
1261 2230
2230 1195
2230 2150
1195 1464
1464 1792
1792 1143
1792 2007
1143 630
630 1731
630 1028
1731 491
1731 1659
491 308
491 1744
308 2238
2238 756
2238 430
756 1345
1345 631
631 911
911 153
911 2194
153 2318
2318 1955
1955 1203
1203 1684
1203 27
1684 2300
1684 371
2300 1530
2300 1636
1530 943
1530 423
943 15
943 1465
15 1988
15 287
1988 2266
2266 328
2266 744
328 1123
1123 2041
1123 160
2041 2135
2135 593
593 2234
593 193
2234 2292
2292 70
2292 1477
70 327
70 1503
327 832
832 186
832 449
186 2314
2314 1050
1050 512
512 1132
1132 644
1132 2036
644 1126
1126 1197
1197 2022
1197 461
2022 148
2022 439
148 397
397 1828
1828 1558
1558 685
1558 1127
685 584
584 1533
584 2258
1533 1742
1742 606
606 241
241 1597
241 2023
1597 1770
1597 278
1770 212
212 788
788 746
746 1046
1046 469
1046 408
469 450
469 262
450 2114
2114 1508
1508 1265
1265 144
144 1429
144 766
1429 1161
1429 231
1161 1820
1820 2201
2201 24
24 1392
24 1907
1392 1053
1392 980
1053 2200
1053 1460
2200 120
2200 1238
120 2015
120 618
2015 214
2015 2242
214 128
214 1664
128 2308
2308 2074
2074 782
782 117
117 217
217 902
217 175
902 50
902 1639
50 1535
50 781
1535 1362
1362 838
1362 1303
838 2054
2054 1769
2054 166
1769 1176
1769 154
1176 291
1176 791
291 164
291 790
164 1830
164 6
1830 1650
1830 2243
1650 1230
1650 2162
1230 2134
2134 2008
2134 2255
2008 1879
2008 284
1879 1976
1976 1928
1976 342
1928 1760
1760 2186
1760 2000
2186 1565
1565 2241
1565 1333
2241 2311
2311 682
682 1386
682 344
1386 555
1386 2110
555 1827
555 1802
1827 1622
1827 1111
1622 625
625 1285
1285 1000
1285 1764
1000 1275
1000 1775
1275 1901
1901 1484
1484 1240
1240 1794
1794 312
312 737
312 596
737 1215
737 806
1215 2075
1215 1092
2075 2196
2075 199
2196 206
206 45
45 442
45 2142
442 1288
1288 1181
1181 2278
2278 1088
1088 1234
1088 311
1234 1502
1502 1878
1878 300
1878 1022
300 1816
1816 2331
1816 1337
2331 76
76 139
76 1334
139 1781
139 1311
1781 1251
1781 904
1251 2219
2219 345
2219 1351
345 650
345 326
650 11
650 1630
11 96
11 1026
96 222
222 332
222 1906
332 895
895 544
895 195
544 2294
2294 1497
1497 386
386 1019
386 1943
1019 681
681 1366
1366 1174
1174 1064
1064 1787
1787 418
1787 977
418 230
230 436
436 460
460 1673
460 20
1673 1586
1673 662
1586 489
489 608
489 1034
608 2019
608 1165
2019 2206
2206 172
172 1002
1002 1616
1002 1349
1616 831
1616 784
831 1738
1738 2277
1738 1417
2277 1294
1294 1951
1951 353
1951 1641
353 493
353 842
493 1708
493 944
1708 1287
1708 64
1287 235
1287 1408
235 2151
2151 1894
2151 305
1894 1461
1894 1433
1461 508
1461 853
508 2161
508 1626
2161 709
2161 2301
709 1480
1480 228
1480 1160
228 441
441 1624
441 500
1624 1730
1730 156
1730 1956
156 319
319 2274
319 457
2274 656
2274 126
656 2324
2324 2060
2060 1528
1528 81
1528 2128
81 1001
1001 1147
1147 2102
2102 683
2102 413
683 1754
1754 844
1754 1314
844 1377
1377 1305
1377 1732
1305 1391
1391 1332
1332 652
652 1326
652 883
1326 1430
1326 1631
1430 529
1430 821
529 549
529 2011
549 250
250 724
250 1175
724 528
724 2014
528 2076
528 665
2076 1979
2076 998
1979 1515
1515 1557
1515 1013
1557 1292
1557 1728
1292 912
912 197
912 642
197 1947
1947 901
901 331
331 205
205 1471
205 1135
1471 57
57 1750
1750 1891
1750 686
1891 925
925 1773
1773 767
1773 1687
767 1
1 525
1 16
525 887
887 1556
887 30
1556 1418
1418 1824
1418 673
1824 823
823 1876
1876 719
719 1356
1356 1939
1939 1719
1719 194
194 1889
1889 622
622 1559
622 1055
1559 1309
1309 851
1309 112
851 176
851 1914
176 900
176 1714
900 380
900 1244
380 999
380 1081
999 809
999 2034
809 143
809 1716
143 1446
1446 973
973 1475
1475 1420
1420 1476
1420 526
1476 743
743 1249
1249 2280
2280 736
2280 1438
736 21
21 1236
21 1697
1236 1488
1236 1940
1488 548
548 880
880 122
122 1832
122 229
1832 1115
1115 1821
1115 372
1821 1136
1136 688
688 1766
688 1610
1766 1922
1766 975
1922 1920
1922 527
1920 2051
1920 877
2051 1468
2051 1587
1468 1168
1168 1811
1168 1363
1811 395
395 836
395 1972
836 694
836 1072
694 1191
1191 693
693 1604
693 687
1604 1550
1604 1813
1550 865
1550 1768
865 2263
2263 424
2263 633
424 307
307 301
301 1437
1437 991
991 1289
1289 409
1289 2118
409 1106
409 2006
1106 135
1106 1712
135 1941
1941 1182
1182 1404
1182 1259
1404 1141
1404 1763
1141 733
733 1656
733 1573
1656 722
1656 1863
722 220
220 364
364 1052
1052 1536
1536 1966
1966 1426
1426 1405
1426 914
1405 1078
1405 445
1078 521
521 1483
521 899
1483 2325
2325 157
2325 1324
157 162
162 1121
1121 671
1121 1463
671 1421
1421 2026
1421 425
2026 82
2026 1734
82 1552
82 1909
1552 879
1552 1302
879 2283
879 1360
2283 1509
2283 2087
1509 1984
1509 1036
1984 1227
1984 44
1227 833
1227 894
833 769
769 378
769 2193
378 407
407 590
407 1133
590 1874
1874 1336
1336 2316
1336 1737
2316 111
111 2094
2094 2012
2012 2086
2086 772
2086 2059
772 406
406 2293
406 847
2293 1564
2293 1284
1564 2105
2105 2039
2105 2127
2039 1511
1511 337
337 582
582 317
582 1276
317 349
317 46
349 1569
1569 1567
1569 747
1567 234
1567 815
234 1870
1870 818
1870 777
818 1967
1967 2061
2061 1144
1144 1079
1144 1462
1079 2046
1079 1312
2046 1688
2046 322
1688 1717
1717 1944
1717 2332
1944 2089
1944 2104
2089 354
354 849
354 138
849 2225
2225 898
898 147
898 95
147 1561
1561 1823
1823 1441
1823 585
1441 1689
1689 2315
1689 1274
2315 306
2315 1451
306 495
495 1439
495 959
1439 967
1439 1551
967 1873
967 2091
1873 2275
2275 577
2275 8
577 538
538 1644
1644 897
1644 1187
897 1625
897 1119
1625 647
1625 422
647 801
801 1219
1219 1425
1425 2202
1425 129
2202 78
78 1507
1507 1777
1777 1651
1651 1373
1651 1722
1373 1368
1373 1134
1368 403
403 490
490 1758
490 1039
1758 209
1758 1999
209 752
752 1724
1724 698
698 1739
698 2092
1739 1431
1739 988
1431 706
706 343
343 1596
1596 575
575 726
726 2211
2211 275
275 2253
275 749
2253 860
2253 72
860 282
860 503
282 1094
1094 26
26 1099
1099 61
61 2179
61 2144
2179 2249
2249 576
2249 1574
576 1949
1949 2124
1949 509
2124 820
820 106
820 1542
106 739
106 819
739 2040
739 1696
2040 2070
2070 1291
2070 246
1291 443
1291 1825
443 2224
2224 1756
2224 1759
1756 393
1756 907
393 1315
393 721
1315 1819
1819 294
294 1882
1882 2138
2138 299
2138 1908
299 1506
299 2018
1506 1710
1710 200
1710 1179
200 1958
200 289
1958 2093
2093 1415
1415 1848
1415 1095
1848 451
1848 702
451 2187
451 1963
2187 992
2187 2136
992 783
992 946
783 1699
1699 524
1699 66
524 470
524 498
470 55
55 2048
2048 908
908 798
798 1578
798 1449
1578 79
1578 2080
79 2106
79 672
2106 348
2106 2025
348 1455
348 874
1455 1903
1903 1102
1903 1440
1102 1208
1102 982
1208 471
1208 970
471 2288
2288 1969
2288 536
1969 2307
2307 116
116 2185
2185 1282
1282 67
1282 1112
67 398
398 1809
1809 1753
1809 134
1753 1164
1164 680
1164 574
680 1543
1543 2053
2053 297
297 97
297 931
97 1414
1414 804
1414 1073
804 1048
804 1713
1048 459
1048 655
459 1173
459 710
1173 1694
1694 2173
1694 1746
2173 504
2173 1975
504 448
504 2222
448 84
448 1086
84 638
638 729
638 4
729 1277
1277 1875
1875 1479
1875 734
1479 572
1479 670
572 321
572 754
321 1899
1899 2273
1899 1935
2273 1396
2273 266
1396 1997
1396 2027
1997 272
272 167
167 727
727 1137
727 1394
1137 248
1137 1786
248 610
248 997
610 540
540 1167
1167 641
1167 663
641 1229
1229 257
1229 1643
257 384
384 253
384 435
253 288
288 522
522 358
358 978
358 255
978 869
869 611
611 1537
611 843
1537 812
1537 1589
812 1113
1113 1881
1881 323
323 974
974 1247
974 1485
1247 1003
1003 2149
1003 745
2149 954
2149 2112
954 573
954 2113
573 1062
573 382
1062 1207
1062 866
1207 1663
1663 651
1663 1807
651 2254
2254 598
598 2095
598 1747
2095 910
2095 1741
910 2226
910 1720
2226 1817
1817 1572
1817 516
1572 355
1572 1457
355 389
389 1818
389 905
1818 1381
1818 362
1381 1751
1381 1268
1751 74
1751 1177
74 570
74 696
570 123
570 56
123 924
123 554
924 1905
1905 1056
1056 762
1056 792
762 787
762 1669
787 803
787 857
803 2029
2029 1978
2029 1743
1978 426
1978 1216
426 775
775 971
971 881
881 1445
881 875
1445 365
365 520
365 2081
520 85
520 1648
85 1278
1278 387
1278 1672
387 1145
1145 1529
1529 483
1529 2088
483 828
483 1348
828 1810
1810 1618
1618 2220
1618 1067
2220 1313
2220 927
1313 1852
1852 892
1852 2030
892 1250
1250 367
1250 1982
367 87
87 1070
87 1799
1070 778
1070 2215
778 1598
778 2155
1598 62
1598 1350
62 242
62 468
242 1214
242 531
1214 1544
1544 786
1544 2261
786 1942
1942 661
661 1406
1406 1994
1406 1954
1994 335
335 751
335 400
751 1232
1232 738
738 976
738 1900
976 83
976 586
83 1453
83 1707
1453 513
513 1859
1859 588
588 2296
2296 602
2296 2038
602 379
379 1273
1273 794
1273 1021
794 104
104 1180
1180 1101
1180 972
1101 1436
1101 613
1436 1129
1436 1193
1129 2062
2062 1365
2062 1170
1365 2109
2109 1248
1248 2133
2133 80
80 964
80 2192
964 1489
1489 264
1489 1496
264 930
264 1458
930 511
930 1718
511 1913
1913 718
1913 1735
718 546
718 985
546 1973
546 1131
1973 1339
1973 475
1339 2017
2017 1007
2017 421
1007 1444
1444 177
1444 453
177 1945
177 1721
1945 1657
1657 1588
1588 1501
1501 2174
1501 2037
2174 1369
2174 320
1369 318
318 432
318 274
432 374
432 1576
374 594
374 1789
594 996
594 532
996 620
996 267
620 339
339 428
339 2213
428 2058
428 1880
2058 1419
