11 1287 901
1 7
1 8
7 5
5 2
2 10
10 6
10 3
6 9
9 11
11 4
722 170
170 87
87 565
87 1040
565 1097
1097 570
570 606
606 652
652 996
996 612
996 734
612 513
612 316
513 942
942 909
942 409
909 992
909 68
992 152
152 663
663 880
663 286
880 691
691 89
89 694
694 1107
1107 435
1107 1103
435 1193
435 263
1193 1184
1184 1211
1211 207
207 246
246 659
246 993
659 690
690 371
371 955
955 905
905 934
934 350
934 703
350 712
350 1255
712 536
536 452
452 527
527 829
829 154
154 1222
1222 895
1222 586
895 604
895 647
604 879
604 834
879 823
823 351
351 780
351 850
780 321
780 1047
321 1195
321 1065
1195 441
1195 1217
441 117
117 402
402 837
402 478
837 461
837 792
461 475
475 1036
1036 100
1036 489
100 841
841 6
6 447
6 545
447 740
447 907
740 784
784 322
322 947
322 630
947 873
873 112
873 1063
112 484
484 1181
1181 507
1181 1124
507 376
507 456
376 922
922 616
616 1134
1134 193
193 825
825 1110
1110 931
1110 66
931 723
723 859
859 222
222 603
603 1003
603 862
1003 1056
1003 897
1056 325
325 1220
1220 898
1220 1081
898 20
20 1118
20 506
1118 972
972 587
587 118
118 1271
1271 538
538 58
58 1173
58 774
1173 1229
1229 485
485 964
485 424
964 1274
964 290
1274 1072
1274 189
1072 403
403 1163
403 167
1163 534
1163 1264
534 1105
534 362
1105 369
369 21
21 843
21 338
843 210
210 602
602 30
30 214
214 1263
214 200
1263 413
1263 979
413 940
940 900
900 242
242 562
562 134
134 1186
134 749
1186 987
987 704
704 356
704 1048
356 1190
1190 173
173 522
173 733
522 209
522 107
209 186
186 874
874 293
874 1153
293 976
976 220
976 598
220 291
291 1167
1167 622
1167 1013
622 332
332 46
332 1030
46 839
46 53
839 1276
1276 980
1276 129
980 421
980 1261
421 899
899 1066
899 625
1066 719
1066 145
719 1069
719 1187
1069 281
281 952
952 96
96 1268
96 43
1268 1027
1027 51
51 572
572 14
14 631
631 273
631 741
273 298
298 144
298 264
144 295
144 624
295 563
295 480
563 765
765 679
765 1019
679 120
120 1247
120 1016
1247 1256
1247 978
1256 961
1256 431
961 1099
1099 610
610 139
610 493
139 1259
139 353
1259 1137
1259 59
1137 743
743 789
789 239
239 1202
239 86
1202 954
954 411
411 230
230 1034
1034 174
174 333
333 91
91 566
566 163
566 844
163 1206
1206 1208
1206 908
1208 278
1208 1001
278 888
888 203
203 126
126 98
98 1093
1093 363
363 80
80 541
80 434
541 682
682 2
2 115
2 592
115 1070
115 1148
1070 236
236 621
236 864
621 660
621 382
660 1087
1087 921
1087 328
921 261
921 945
261 360
261 481
360 255
360 40
255 153
153 79
79 364
79 745
364 730
364 1082
730 675
675 104
675 1114
104 558
558 490
490 427
427 270
270 573
573 726
726 460
460 802
802 716
802 699
716 514
514 1152
1152 76
76 357
357 515
515 94
515 623
94 184
184 108
108 510
108 45
510 589
510 1236
589 1068
1068 1049
1049 10
10 800
800 265
265 914
265 882
914 724
914 1251
724 1150
724 192
1150 304
304 392
304 924
392 285
392 1121
285 162
285 183
162 1045
162 776
1045 1096
1096 533
533 919
919 57
57 254
57 1205
254 1122
254 548
1122 885
885 390
885 138
390 1058
390 54
1058 102
102 530
102 871
530 15
530 1223
15 693
693 287
287 305
305 1033
305 440
1033 635
1033 103
635 794
794 525
525 55
525 757
55 1100
1100 795
1100 1015
795 511
511 125
125 509
125 361
509 901
901 202
901 878
202 597
202 1227
597 169
169 1213
169 607
1213 119
119 312
119 433
312 626
312 683
626 334
626 1246
334 728
334 299
728 815
728 251
815 237
815 160
237 1212
1212 9
9 1257
9 194
1257 926
926 241
241 1170
241 225
1170 803
1170 1166
803 778
778 1044
1044 560
1044 1032
560 42
560 319
42 892
892 1037
1037 158
158 581
158 1231
581 539
581 39
539 981
539 448
981 713
981 1250
713 414
713 891
414 172
414 846
172 696
172 276
696 365
696 31
365 463
463 936
936 1007
1007 1043
1043 381
1043 182
381 628
628 957
957 176
176 767
767 1143
767 1071
1143 188
1143 378
188 1095
188 147
1095 1265
1265 18
18 520
18 820
520 788
520 580
788 206
788 130
206 275
206 135
275 790
275 311
790 830
790 1154
830 157
157 1064
1064 339
1064 770
339 561
561 811
561 1005
811 314
811 668
314 706
706 518
706 1041
518 213
518 807
213 824
824 337
824 1262
337 870
870 634
634 271
271 720
720 1252
1252 920
1252 1084
920 1139
920 133
1139 1221
1139 866
1221 797
1221 1021
797 971
971 799
971 1022
799 1277
1277 1209
1209 1078
1078 25
1078 933
25 953
25 999
953 1178
1178 497
1178 159
497 872
872 498
498 1287
1287 787
787 177
177 306
306 1215
306 243
1215 373
373 576
373 219
576 1023
1023 259
259 1131
259 262
1131 883
1131 1101
883 918
918 1054
1054 695
695 83
695 975
83 948
948 546
546 1129
546 821
1129 358
358 906
358 1112
906 1164
1164 516
1164 1146
516 1106
1106 763
763 910
910 1091
1091 638
638 27
638 165
27 863
27 415
863 359
359 11
11 860
860 1176
860 187
1176 300
300 729
300 711
729 335
729 1089
335 503
503 450
503 644
450 410
450 37
410 687
410 555
687 78
687 808
78 1201
1201 822
822 648
822 553
648 1174
1174 718
718 930
718 932
930 680
930 436
680 348
348 1278
348 962
1278 773
773 1196
773 903
1196 97
97 127
127 205
205 746
205 847
746 1243
746 613
1243 896
1243 405
896 856
856 912
912 141
141 267
267 689
267 812
689 41
41 876
876 937
876 84
937 1182
1182 938
1182 208
938 768
938 614
768 451
451 1230
451 181
1230 22
1230 455
22 1092
22 372
1092 113
113 327
327 218
327 110
218 229
229 324
324 396
324 618
396 806
396 1130
806 542
542 1120
1120 758
1120 1104
758 1284
1284 56
1284 294
56 483
483 629
483 836
629 343
343 583
343 588
583 349
583 1244
349 617
617 341
617 487
341 1169
1169 63
63 114
114 935
114 116
935 676
676 988
988 486
988 395
486 1269
1269 408
1269 166
408 164
164 760
760 805
760 75
805 308
308 439
308 1116
439 840
439 81
840 1175
1175 198
198 389
198 1102
389 605
389 16
605 64
605 664
64 1191
64 828
1191 1053
1191 502
1053 331
1053 796
331 998
998 1077
1077 1218
1218 3
3 488
488 673
673 917
917 537
917 645
537 1149
1149 960
1149 777
960 61
61 393
393 781
781 923
923 842
842 215
215 459
459 1085
1085 956
1085 73
956 323
323 1083
1083 1000
1083 4
1000 1020
1000 1042
1020 330
1020 916
330 1273
330 346
1273 48
48 782
782 199
782 835
199 1210
199 1046
1210 121
121 180
121 444
180 640
180 941
640 649
640 1051
649 62
62 77
62 1142
77 437
77 708
437 543
543 1002
1002 801
801 1076
801 1226
1076 657
657 347
657 877
347 1272
1272 168
1272 367
168 861
861 575
861 732
575 556
556 523
556 584
523 140
140 383
383 678
678 1254
678 1123
1254 982
982 974
982 148
974 175
974 929
175 375
375 1014
375 721
1014 196
196 750
750 1156
1156 697
1156 1029
697 17
17 99
17 1253
99 412
99 1006
412 425
412 150
425 93
425 106
93 217
217 785
217 867
785 1127
1127 766
766 244
244 1280
244 143
1280 221
1280 70
221 818
221 92
818 467
818 1283
467 1237
1237 1177
1237 307
1177 858
858 669
669 1240
1240 191
191 671
191 1018
671 1086
1086 252
252 833
833 491
491 508
508 416
508 216
416 24
24 739
24 1270
739 195
739 593
195 944
944 12
12 8
12 122
8 1074
1074 855
855 1145
855 753
1145 666
666 65
65 939
939 968
968 557
968 272
557 38
557 499
38 1138
1138 418
418 1157
1157 742
1157 50
742 655
742 540
655 700
700 280
280 1057
280 417
1057 368
368 715
368 406
715 643
643 1168
643 1151
1168 1266
1168 747
1266 512
1266 472
512 535
535 798
535 701
798 1235
798 681
1235 1035
1035 1171
1035 1038
1171 458
458 911
911 85
85 258
85 1031
258 1125
1125 1009
1009 615
1009 282
615 1147
615 422
1147 1216
1147 36
1216 142
142 60
142 494
60 1126
60 791
1126 943
1126 1197
943 737
943 1141
737 137
137 816
816 132
132 432
432 401
432 1241
401 464
464 232
464 1238
232 201
232 231
201 1249
1249 340
340 977
340 764
977 913
977 235
913 1233
913 313
1233 654
1233 88
654 1285
654 268
1285 875
875 595
595 902
595 738
902 1214
1214 574
1214 19
574 1050
1050 686
1050 179
686 1133
686 301
1133 336
336 1128
1128 845
845 702
845 101
702 228
702 601
228 442
228 269
442 366
442 109
366 185
185 551
551 1258
1258 1242
1242 965
1242 893
965 667
965 752
667 989
667 1228
989 74
989 1052
74 292
74 318
292 482
292 90
482 685
482 379
685 32
685 1024
32 890
890 256
890 986
256 670
256 386
670 1067
1067 684
1067 1155
684 462
684 454
462 596
462 342
596 303
303 761
761 453
761 123
453 838
838 156
838 639
156 253
156 851
253 1039
1039 477
1039 526
477 809
477 646
809 197
809 288
197 1008
197 211
1008 951
1008 688
951 428
951 817
428 698
698 1225
698 1075
1225 384
1225 26
384 151
384 552
151 642
151 786
642 302
642 608
302 619
619 1180
1180 755
1180 476
755 315
315 387
315 579
387 528
387 1079
528 1055
528 599
1055 1028
1028 727
727 1011
1011 7
1011 966
7 388
7 810
388 793
793 1199
1199 1017
1199 131
1017 248
248 355
248 735
355 394
355 23
394 1162
394 1281
1162 653
653 958
653 247
958 223
958 710
223 772
772 709
709 105
105 984
105 928
984 1061
984 377
1061 47
47 827
827 650
827 204
650 1158
1158 831
1158 443
831 559
559 889
889 329
889 636
329 658
658 28
658 1111
28 594
594 398
398 591
398 517
591 1119
1119 970
970 354
354 995
995 240
995 35
240 385
385 1198
1198 783
1198 549
783 111
111 49
49 744
744 950
744 471
950 234
234 438
234 578
438 868
868 283
868 71
283 775
283 226
775 590
590 250
590 804
250 771
250 1203
771 320
320 662
662 983
983 1207
983 969
1207 352
1207 399
352 524
524 296
296 973
973 632
973 245
632 1224
1224 1172
1172 345
345 848
848 1004
848 238
1004 445
445 927
927 611
611 171
171 1161
1161 865
865 277
865 479
277 380
277 769
380 420
420 274
274 963
274 665
963 849
963 736
849 297
849 457
297 1232
1232 637
637 1025
1025 1248
1025 1286
1248 869
869 492
492 661
492 155
661 894
894 500
894 33
500 577
500 1098
577 884
884 224
884 212
224 904
904 1189
1189 1275
1275 284
1275 714
284 881
284 672
881 1219
1219 600
1219 1094
600 310
310 550
550 149
149 1194
149 609
1194 633
1194 725
633 496
496 249
249 465
465 1183
1183 564
1183 544
564 1282
564 13
1282 136
136 178
136 1136
178 69
69 959
69 819
959 531
531 1188
531 656
1188 257
1188 128
257 473
257 52
473 95
95 505
505 949
505 852
949 832
832 419
832 547
419 233
233 568
233 985
568 1109
1109 651
1109 571
651 260
651 854
260 1234
1234 1267
1267 532
532 1010
532 677
1010 1113
1010 400
1113 1088
1113 1279
1088 370
1088 756
370 554
370 1059
554 779
554 997
779 1012
1012 470
470 641
470 991
641 82
641 1179
82 1200
82 1245
1200 1115
1200 266
1115 627
627 407
627 519
407 1165
407 853
1165 326
1165 569
326 1026
1026 990
1026 1108
990 446
990 762
446 309
309 826
826 466
826 915
466 34
466 759
34 620
620 1080
620 397
1080 504
1080 754
504 426
504 886
426 748
748 567
748 1185
567 501
501 190
190 1117
1117 430
430 124
430 1140
124 1
124 317
1 29
1 469
29 1135
29 1160
1135 887
887 585
887 474
585 279
585 707
279 289
279 692
289 404
289 705
404 967
967 814
967 1192
814 146
146 813
146 751
813 449
449 468
449 423
468 1090
468 429
1090 5
5 391
5 67
391 1060
391 717
1060 1073
1073 925
925 529
529 44
44 495
495 1159
1159 946
1159 344
946 1239
946 227
1239 674
674 72
72 731
72 161
731 582
582 1132
582 994
1132 521
521 1144
521 857
1144 1260
1144 374
1260 1062
1062 1204
