7 511 401901425
3 7
3 2
7 6
7 4
2 5
2 1
12 41
12 361
41 108
41 212
361 52
361 269
108 304
108 1
212 250
212 306
52 482
52 319
269 362
269 189
304 50
304 26
1 357
1 462
250 161
250 122
306 31
306 428
482 507
482 44
319 472
319 227
362 400
362 402
189 449
189 303
50 461
50 456
26 147
26 315
357 398
357 181
462 109
462 257
161 432
161 8
122 296
122 160
31 126
31 416
428 64
428 75
507 341
507 157
44 332
44 429
472 371
472 206
227 343
227 150
400 360
400 112
402 224
402 97
449 9
449 286
303 346
303 177
461 256
461 85
456 37
456 298
147 447
147 374
315 359
315 198
398 195
398 7
181 114
181 38
109 253
109 47
257 459
257 102
432 307
432 21
8 222
8 419
296 187
296 155
160 288
160 240
126 95
126 140
416 305
416 172
64 478
64 473
75 148
75 57
341 500
341 208
157 77
157 504
332 124
332 234
429 284
429 263
371 399
371 486
206 430
206 213
343 127
343 28
150 345
150 494
360 173
360 91
112 442
112 403
224 5
224 117
97 455
97 476
9 205
9 465
286 311
286 489
346 278
346 113
177 255
177 347
256 59
256 76
85 215
85 405
37 88
37 364
298 179
298 141
447 353
447 33
374 373
374 412
359 277
359 163
198 417
198 389
195 176
195 230
7 84
7 56
114 441
114 106
38 280
38 329
253 39
253 467
47 20
47 130
459 463
459 243
102 464
102 235
307 66
307 48
21 279
21 499
222 451
222 271
419 508
419 480
187 62
187 167
155 69
155 409
288 421
288 239
240 423
240 228
95 53
95 470
140 380
140 233
305 300
305 15
172 404
172 498
478 101
478 151
473 61
473 25
148 196
148 365
57 474
57 264
500 483
500 261
208 67
208 135
77 220
77 358
504 219
504 100
124 312
124 190
234 351
234 491
284 503
284 153
263 484
263 128
399 424
399 168
486 331
486 502
430 318
430 450
213 293
213 19
127 115
127 241
28 368
28 71
345 107
345 185
494 254
494 386
173 481
173 156
91 413
91 285
442 202
442 434
403 142
403 401
5 427
5 291
117 119
117 125
455 330
455 210
476 349
476 338
205 309
205 339
465 488
465 197
311 17
311 313
489 174
489 396
278 247
278 178
113 217
113 270
255 188
255 86
347 344
347 367
59 159
59 354
76 203
76 145
215 10
215 133
405 24
405 79
88 495
88 92
364 51
364 36
179 98
179 32
141 355
141 290
353 348
353 252
33 471
33 192
373 81
373 236
412 383
412 94
277 302
277 30
163 237
163 272
417 87
417 435
389 166
389 58
176 377
176 248
230 496
230 73
84 111
84 443
56 18
56 295
441 99
441 137
106 63
106 477
280 289
280 475
329 204
329 216
39 388
39 103
467 294
467 418
20 46
20 170
130 397
130 110
463 139
463 340
243 136
243 232
464 40
464 310
235 43
235 49
66 273
66 336
48 283
48 431
279 366
279 35
499 123
499 218
451 54
451 328
271 453
271 80
508 322
508 394
480 201
480 207
62 448
62 408
167 29
167 321
69 433
69 490
409 317
409 23
421 266
421 384
239 251
239 325
423 223
423 238
228 229
228 55
53 410
53 171
470 249
470 221
380 385
380 334
233 260
233 193
300 275
300 460
15 327
15 191
404 426
404 244
498 282
498 78
101 2
101 265
151 505
151 70
61 281
61 406
25 387
25 438
196 493
196 158
365 144
365 194
474 89
474 378
264 214
264 116
483 146
483 337
261 324
261 369
67 414
67 186
135 225
135 299
220 393
220 301
358 231
358 152
219 466
219 411
100 180
100 425
312 323
312 469
190 314
190 96
351 118
351 72
491 183
491 169
503 199
503 131
153 452
153 184
484 226
484 132
128 492
128 162
424 267
424 422
168 182
168 511
331 445
331 446
502 287
502 333
318 440
318 356
450 372
450 510
293 134
293 276
19 27
19 164
115 390
115 468
241 297
241 200
368 395
368 3
71 246
71 375
107 376
107 90
185 211
185 439
254 392
254 242
386 391
386 149
481 326
481 93
156 209
156 308
413 268
413 143
285 479
285 258
202 437
202 320
434 83
434 350
142 138
142 121
401 60
401 292
427 316
427 45
291 370
291 82
119 154
119 407
125 454
125 6
330 382
330 381
210 501
210 335
349 363
349 65
338 485
338 509
309 444
309 379
339 420
339 104
488 245
488 4
197 165
197 274
17 457
17 120
313 42
313 497
174 458
174 259
396 14
396 175
247 415
247 262
178 34
178 11
217 68
217 342
270 487
270 105
188 129
188 436
86 74
86 13
344 16
344 506
367 352
367 22
