6 2488 8356241
2 6
2 5
6 1
1 3
3 4
1231 553
553 910
910 579
910 2018
579 1669
579 535
1669 21
21 842
21 2342
842 573
573 1738
1738 222
1738 1716
222 820
820 1181
820 2077
1181 2414
2414 1699
2414 293
1699 2079
1699 1578
2079 257
2079 2393
257 793
257 2277
793 229
793 412
229 1382
1382 921
921 424
424 2337
424 1073
2337 1549
1549 538
1549 100
538 1860
1860 1362
1362 1420
1420 1047
1047 845
845 486
845 1847
486 174
174 1108
174 1205
1108 772
1108 1105
772 662
662 44
662 984
44 1570
44 309
1570 692
692 2169
692 1235
2169 760
2169 168
760 1755
1755 2098
2098 1216
2098 2065
1216 373
1216 317
373 2183
373 1389
2183 287
2183 431
287 560
287 1020
560 1797
1797 1438
1438 848
848 84
848 1404
84 1306
84 101
1306 2010
2010 1411
1411 1885
1885 2198
2198 732
2198 1539
732 2299
732 2341
2299 2263
2299 620
2263 1496
1496 707
707 2239
707 1283
2239 1768
2239 491
1768 2194
2194 2019
2019 2211
2019 1098
2211 1292
1292 2488
2488 1005
2488 1001
1005 1920
1005 1863
1920 69
69 1032
1032 2400
1032 1428
2400 2137
2400 334
2137 207
2137 2318
207 1536
207 2129
1536 1980
1980 1490
1490 2052
2052 211
211 1799
211 610
1799 1769
1769 1285
1769 1667
1285 1693
1285 1514
1693 597
1693 2304
597 1374
1374 519
1374 1067
519 2487
2487 1956
2487 258
1956 690
690 506
690 107
506 936
506 1390
936 1819
1819 2480
2480 2450
2480 1749
2450 1580
1580 632
1580 1128
632 319
319 1120
319 2039
1120 1037
1120 906
1037 715
715 295
715 247
295 652
652 987
987 281
281 54
54 2074
2074 1109
1109 475
475 2402
2402 313
313 1871
313 903
1871 420
1871 88
420 102
102 2007
2007 731
2007 714
731 532
731 864
532 2312
2312 2468
2312 394
2468 2142
2468 1393
2142 2257
2257 924
2257 933
924 1477
1477 846
1477 444
846 1924
1924 2092
1924 1666
2092 237
2092 1638
237 776
776 1012
1012 1779
1012 550
1779 2255
2255 1722
2255 1712
1722 514
514 814
514 840
814 99
99 907
99 1196
907 886
907 492
886 1727
1727 268
268 440
268 1272
440 765
440 993
765 1003
765 1030
1003 2058
2058 2062
2062 2352
2062 1568
2352 1947
2352 624
1947 1957
1957 1552
1957 1663
1552 1434
1434 1041
1041 2284
1041 953
2284 2418
2284 113
2418 1810
1810 1820
1810 2201
1820 1324
1820 591
1324 1436
1324 1556
1436 1130
1130 702
1130 2382
702 2327
702 923
2327 861
2327 1230
861 1506
861 713
1506 434
1506 470
434 481
434 1113
481 874
874 780
874 546
780 992
992 122
122 1671
122 1086
1671 877
877 381
381 699
381 1746
699 254
699 1015
254 10
254 513
10 1715
10 964
1715 1869
1869 125
1869 2439
125 1224
125 595
1224 1524
1224 2474
1524 253
253 401
253 1719
401 1832
401 651
1832 79
79 89
79 1935
89 379
89 1129
379 999
999 1560
999 1631
1560 1234
1560 2354
1234 132
132 1150
132 1148
1150 1492
1492 828
1492 1899
828 1627
828 370
1627 2148
1627 1687
2148 480
480 1679
480 1498
1679 818
1679 1703
818 1200
1200 2232
1200 300
2232 972
972 27
972 160
27 586
27 499
586 1402
1402 1162
1162 2344
1162 1721
2344 1546
1546 2381
2381 1339
1339 979
1339 230
979 2295
2295 2174
2295 719
2174 1653
2174 171
1653 878
1653 2380
878 2053
2053 671
671 607
607 1378
607 1893
1378 792
792 2084
792 2363
2084 1094
2084 75
1094 962
1094 810
962 2015
962 1066
2015 1567
1567 502
502 867
502 1307
867 1046
1046 875
1046 2226
875 1983
1983 1906
1983 2102
1906 1217
1217 1918
1918 186
1918 2260
186 376
186 1124
376 1261
376 2157
1261 2064
1261 323
2064 2458
2458 748
2458 708
748 2143
748 1675
2143 676
676 1220
1220 771
1220 224
771 865
771 908
865 280
865 460
280 47
280 796
47 2111
47 276
2111 1356
2111 2243
1356 1190
1190 797
1190 2479
797 576
576 2186
576 2035
2186 1440
1440 1584
1584 2233
1584 925
2233 976
2233 2097
976 1312
976 1338
1312 2332
2332 821
2332 1038
821 968
821 63
968 1563
1563 2011
1563 2355
2011 482
2011 774
482 575
575 2334
575 905
2334 1750
1750 2051
1750 1954
2051 299
299 209
209 585
585 751
585 435
751 1348
1348 1846
1846 822
822 1314
1314 1233
1233 561
561 2128
2128 87
2128 2390
87 580
87 362
580 1177
1177 2420
1177 1660
2420 262
2420 2013
262 1619
262 1294
1619 2176
1619 985
2176 2248
2176 1804
2248 520
520 260
520 2124
260 1637
1637 2398
2398 581
2398 120
581 2367
2367 1993
2367 830
1993 1344
1993 1809
1344 1882
1882 1323
1323 2036
2036 994
2036 60
994 950
950 835
950 2311
835 350
835 2120
350 1791
1791 363
363 1574
1574 56
56 1025
1025 1724
1724 2228
1724 436
2228 1856
2228 912
1856 843
1856 110
843 1575
843 858
1575 2316
1575 1009
2316 1789
1789 696
1789 1279
696 338
338 2059
338 768
2059 1447
2059 1453
1447 1300
1300 1826
1300 2189
1826 1761
1826 1616
1761 1533
1533 429
1533 1625
429 192
429 1518
192 205
192 1058
205 166
205 408
166 85
85 272
85 2103
272 2024
272 297
2024 50
2024 977
50 1495
1495 509
1495 2379
509 1605
1605 1805
1605 1550
1805 2203
1805 2022
2203 1615
2203 1743
1615 1206
1615 773
1206 1756
1756 1571
1571 566
566 2130
566 636
2130 1765
1765 1183
1183 1337
1337 2205
2205 2328
2328 250
2328 137
250 1443
1443 157
1443 647
157 2027
2027 1836
1836 1487
1487 2407
1487 304
2407 2397
2407 1803
2397 368
2397 1628
368 359
359 2360
2360 1361
1361 374
1361 2368
374 2278
374 677
2278 2339
2278 1026
2339 493
493 626
626 1439
626 2320
1439 1204
1204 683
683 2023
2023 1865
2023 2387
1865 815
815 68
815 1023
68 399
399 931
931 1416
931 487
1416 884
1416 1207
884 649
884 1851
649 2376
2376 1029
1029 798
798 1877
798 1255
1877 2373
2373 1995
1995 404
404 1686
1686 225
1686 1792
225 1543
225 2356
1543 2214
2214 665
2214 1157
665 197
665 1973
197 193
197 126
193 711
711 736
711 9
736 2094
736 1214
2094 1227
2094 1878
1227 1475
1227 682
1475 680
680 414
680 1565
414 2405
414 762
2405 1521
1521 1843
1843 698
1843 1848
698 1132
698 477
1132 1000
1000 712
712 837
837 52
52 1849
52 1842
1849 1710
1849 2037
1710 176
176 657
176 890
657 1460
657 432
1460 1488
1488 70
70 131
131 634
634 948
948 124
948 1159
124 208
124 1056
208 645
645 1397
1397 1945
1397 448
1945 704
1945 1583
704 1368
1368 791
791 1874
1874 2329
1874 643
2329 1812
2329 2180
1812 2308
2308 59
2308 681
59 839
839 552
839 1647
552 98
98 1760
98 248
1760 517
517 2421
2421 787
2421 749
787 455
455 1284
455 259
1284 2249
1284 1479
2249 246
2249 449
246 596
246 2170
596 2287
2287 2438
2438 1547
1547 2276
1547 83
2276 530
530 701
530 2138
701 518
518 273
273 965
273 479
965 2167
2167 265
2167 862
265 312
312 844
312 1610
844 1933
1933 123
1933 2484
123 441
123 342
441 1375
441 1246
1375 829
829 1229
1229 2483
1229 1448
2483 1367
1367 242
242 1257
1257 1353
1353 587
1353 2213
587 1457
1457 522
1457 621
522 1456
1456 1800
1800 2476
1800 1179
2476 221
221 687
221 427
687 879
687 377
879 1152
1152 1016
1152 35
1016 2448
2448 275
2448 1076
275 1358
275 975
1358 991
991 112
112 2136
112 461
2136 1922
1922 1069
1069 1010
1069 653
1010 1946
1946 2222
2222 1783
2222 1241
1783 1700
1700 1180
1700 283
1180 2154
2154 547
547 1112
1112 1033
1112 963
1033 666
1033 2384
666 1097
1097 623
1097 1965
623 141
141 1538
1538 2030
2030 1198
2030 468
1198 1919
1198 382
1919 1807
1919 15
1807 81
1807 243
81 1391
81 1590
1391 251
1391 2485
251 603
251 1171
603 336
603 53
336 2117
2117 425
2117 1639
425 1131
1131 593
593 1808
593 1454
1808 2279
2279 367
2279 1525
367 727
367 1900
727 824
824 604
604 922
922 2326
922 16
2326 2134
2134 927
927 893
893 236
893 1762
236 162
162 697
697 353
697 628
353 74
353 2451
74 1685
74 1987
1685 1853
1853 385
385 1060
1060 2076
1060 2461
2076 96
96 1654
1654 33
1654 393
33 1333
1333 887
1333 417
887 2187
887 2366
2187 2462
2462 615
2462 578
615 1767
1767 354
354 29
354 1403
29 387
29 2001
387 438
438 545
545 1354
1354 289
1354 1612
289 1072
289 941
1072 726
726 2324
2324 2383
2324 2286
2383 227
227 1360
1360 917
1360 1510
917 263
917 524
263 46
263 1169
46 2008
2008 650
2008 2000
650 2048
2048 2044
2044 2112
2044 428
2112 2185
2112 2293
2185 356
2185 1942
356 1377
356 203
1377 646
1377 326
646 1332
646 1839
1332 1886
1886 282
1886 1668
282 1302
1302 570
1302 1905
570 483
483 1265
1265 1938
1265 2361
1938 1277
1277 1295
1277 693
1295 1658
1658 1657
1658 190
1657 2087
1657 873
2087 940
940 234
234 94
234 294
94 495
94 1665
495 71
71 1897
71 1520
1897 967
967 1970
1970 1267
1970 995
1267 130
1267 1586
130 1355
1355 26
26 1429
26 1258
1429 1917
1917 1194
1917 244
1194 347
1194 199
347 2115
347 564
2115 1694
1694 938
938 298
938 1219
298 311
311 335
335 308
308 1739
1739 1595
1739 1253
1595 2464
1595 2481
2464 1437
2464 836
1437 802
802 1629
802 2445
1629 1672
1672 314
1672 1734
314 1599
314 450
1599 1491
1491 891
891 144
144 466
144 1082
466 1384
466 67
1384 1172
1384 72
1172 753
1172 494
753 114
753 1414
114 2268
114 457
2268 1604
2268 2426
1604 1466
1604 2046
1466 1271
1466 733
1271 1541
1541 1359
1359 531
1359 1310
531 2043
2043 1140
1140 783
1140 1341
783 1736
1736 1193
1736 1968
1193 1123
1193 2274
1123 1596
1123 17
1596 1309
1309 2437
1309 1923
2437 1684
2437 2282
1684 870
1684 179
870 543
870 1061
543 95
95 978
95 1050
978 703
703 777
703 395
777 456
456 609
456 397
609 155
609 1289
155 104
104 1357
1357 507
507 331
507 833
331 1385
1385 2139
2139 2246
2246 618
2246 1011
618 1099
618 439
1099 330
1099 1593
330 2340
2340 594
594 1778
1778 881
1778 2107
881 1858
881 1907
1858 43
1858 1989
43 761
43 2294
761 1381
1381 2401
1381 853
2401 1288
2401 2012
1288 2073
1288 143
2073 2298
2298 571
571 1830
571 673
1830 2063
1830 478
2063 851
851 228
228 592
228 541
592 2317
2317 2466
2466 406
2466 1959
406 1418
406 1028
1418 2155
1418 4
2155 1501
1501 318
1501 1939
318 23
318 1735
23 2346
23 1370
2346 1554
2346 1823
1554 2259
1554 1835
2259 2302
2259 1862
2302 876
2302 1709
876 551
551 1444
551 969
1444 2267
1444 445
2267 2237
2237 2310
2310 1366
1366 270
270 1408
1408 156
1408 855
156 1623
156 710
1623 1827
1623 357
1827 315
315 1372
1372 536
536 1142
1142 955
955 939
939 1325
939 1326
1325 1707
1707 1211
1707 1451
1211 471
471 1914
471 1022
1914 721
721 2119
721 1801
2119 1949
1949 2014
2014 1146
2014 989
1146 2242
2242 2265
2242 1160
2265 1213
1213 1829
1829 709
1829 2225
709 1468
709 1852
1468 57
57 5
57 781
5 1879
1879 177
1879 1263
177 1698
177 2262
1698 1422
1698 1346
1422 1034
1422 675
1034 2005
2005 458
2005 1470
458 25
458 1753
25 779
779 1997
1997 2264
1997 1239
2264 1188
1188 8
8 1274
1274 1331
1331 1191
1331 301
1191 1569
1191 154
1569 885
885 245
245 2272
245 116
2272 181
2272 2151
181 1901
181 990
1901 1376
1901 169
1376 2089
1376 2240
2089 757
757 1087
757 1450
1087 290
1087 897
290 523
290 383
523 1962
1962 637
637 1316
637 1751
1316 734
734 233
233 1717
1717 2364
2364 198
198 1859
198 135
1859 1806
1806 1796
1806 386
1796 1817
1796 465
1817 271
271 2419
2419 2247
2247 1903
2247 1002
1903 1192
1192 2374
2374 2191
2191 612
2191 582
612 1318
1318 1582
1318 1281
1582 2351
1582 346
2351 1953
2351 2040
1953 958
958 589
958 2121
589 804
589 2413
804 1320
1320 1006
1006 218
1006 1052
218 572
218 2069
572 1614
572 2288
1614 170
170 1070
1070 974
1070 1561
974 869
869 2472
2472 717
717 1388
1388 200
1388 983
200 1955
200 1371
1955 1260
1955 1873
1260 1828
1828 128
128 415
128 1126
415 2333
2333 638
638 1226
638 548
1226 2075
2075 1187
1187 1327
1327 388
388 2347
2347 2145
2145 1998
1998 880
1998 2009
880 599
880 196
599 2253
599 2047
2253 555
2253 1270
555 22
555 1482
22 2016
22 1996
2016 1601
1601 1432
1601 1425
1432 537
1432 600
537 185
185 182
182 2002
2002 1526
2002 1971
1526 405
1526 1075
405 2447
2447 133
2447 2006
133 854
854 2409
854 145
2409 249
2409 947
249 2406
249 1304
2406 1986
2406 694
1986 403
1986 238
403 2234
403 2296
2234 1690
1690 752
752 819
752 1825
819 91
819 1415
91 1798
1798 1909
1798 1209
1909 1165
1909 1138
1165 930
930 1729
930 1895
1729 1597
1729 2029
1597 1940
1597 285
1940 1726
1940 1670
1726 1018
1726 1092
1018 2323
2323 1950
1950 1988
1950 1784
1988 1757
1757 1212
1757 728
1212 1273
1212 1759
1273 1557
1557 1269
1557 2241
1269 2443
2443 1469
1469 980
1469 2336
980 1926
980 1136
1926 2457
2457 1508
2457 136
1508 641
1508 322
641 834
834 2160
834 1313
2160 769
2160 1176
769 1054
1054 716
1054 889
716 2106
2106 688
688 1328
1328 1133
1133 1515
1133 1795
1515 1500
1515 1423
1500 909
909 863
909 2021
863 1199
863 2350
1199 2028
2028 1701
2028 1383
1701 1972
1701 161
1972 918
918 2307
918 1392
2307 1417
2307 364
1417 117
1417 1173
117 1045
1045 2017
1045 2100
2017 1055
1055 2417
1055 2422
2417 1553
1553 1831
1831 1887
1887 1407
1887 778
1407 944
944 86
86 2306
86 1484
2306 291
2306 446
291 1622
1622 2371
2371 2459
2371 1952
2459 1523
1523 2171
1523 648
2171 1618
1618 1118
1618 1927
1118 767
1118 163
767 2261
2261 142
2261 730
142 2269
142 1682
2269 497
2269 1966
497 1872
497 1141
1872 413
1872 724
413 1892
413 764
1892 333
1892 567
333 1594
1594 2153
2153 1143
1143 32
1143 1529
32 341
341 430
430 788
788 1766
1766 1875
1875 2229
1875 1572
2229 2377
2377 409
2377 504
409 2072
2072 2020
2072 2250
2020 1103
2020 669
1103 1542
1103 2218
1542 1884
1542 454
1884 1287
1884 490
1287 971
971 1115
971 167
1115 2067
2067 911
911 1167
911 533
1167 569
569 2456
2456 1445
1445 453
453 1232
453 1111
1232 2285
1232 2161
2285 2273
2285 2033
2273 981
981 2101
981 1633
2101 850
850 1259
1259 2412
2412 806
2412 1929
806 1978
806 42
1978 1745
1745 1644
1745 2266
1644 1802
1802 1251
1251 2209
1251 2428
2209 77
2209 267
77 2003
77 1364
2003 1718
1718 1540
1718 718
1540 2301
1540 1431
2301 1110
1110 2452
2452 847
847 1603
1603 1218
1218 512
512 1021
1021 784
784 1891
784 960
1891 1164
1164 78
78 324
78 1303
324 2113
324 1254
2113 1608
1608 2424
2424 1790
2424 1228
1790 1321
1790 557
1321 1531
1531 785
1531 1322
785 1902
785 1027
1902 920
920 602
602 2331
2331 1994
1994 266
266 2440
266 1958
2440 1266
1266 811
811 2110
811 1659
2110 775
2110 888
775 1493
1493 1961
1961 2365
1961 187
2365 1145
2365 2227
1145 2313
1145 982
2313 554
554 2200
2200 496
496 418
418 13
418 1174
13 986
13 489
986 2126
2126 2132
2132 1505
2132 1208
1505 1043
1043 400
1043 1516
400 2370
2370 82
82 1841
82 799
1841 2303
1841 540
2303 2399
2303 352
2399 957
957 1365
1365 838
1365 1168
838 695
695 2116
2116 700
700 2435
2435 849
849 6
6 1683
1683 1215
1683 758
1215 1290
1215 1095
1290 2348
2348 321
2348 1345
321 1252
321 1185
1252 1534
1534 937
937 473
937 396
473 19
473 737
19 2004
2004 1156
2004 1155
1156 812
812 274
812 103
274 661
274 1249
661 919
919 2025
919 685
2025 2434
2025 1121
2434 358
2434 152
358 1511
1511 2184
2184 1645
1645 1528
1528 1840
1840 574
1840 118
574 45
45 2164
2164 722
722 2270
722 1430
2270 153
2270 1530
153 2083
2083 134
134 484
134 1079
484 1410
1410 1861
1410 1678
1861 949
1861 1459
949 1519
1519 1747
1747 2091
2091 1102
1102 934
934 1600
934 1476
1600 556
556 1221
556 951
1221 686
1221 277
686 164
686 349
164 2080
164 31
2080 1713
1713 2423
1713 1772
2423 488
488 1336
488 988
1336 2190
1336 1350
2190 1677
2190 1197
1677 1135
1677 1577
1135 1811
1135 1925
1811 339
339 2060
339 1395
2060 606
2060 516
606 691
606 2095
691 2238
691 1458
2238 1349
1349 2322
2322 422
422 926
422 2082
926 1347
926 759
1347 73
73 2258
2258 2096
2096 306
2096 1114
306 672
306 2275
672 232
232 1562
1562 825
1562 2478
825 1107
1107 49
49 1581
1581 1881
1581 231
1881 2220
2220 2315
2315 2254
2315 2173
2254 467
467 1195
1195 175
1195 2372
175 1400
175 2291
1400 900
1400 2054
900 149
900 1754
149 1752
149 2204
1752 1931
1931 1573
1931 1815
1573 898
898 1455
1455 525
1455 325
525 1236
1236 664
664 2223
2223 684
684 966
684 1776
966 1662
1662 1040
1662 2392
1040 1642
1040 2090
1642 2353
2353 407
2353 255
407 2140
2140 1544
2140 2177
1544 503
1544 369
503 1818
503 857
1818 108
1818 380
108 1834
1834 1780
1834 201
1780 2395
1780 191
2395 2125
2395 929
2125 1343
2125 2314
1343 121
121 1035
121 1485
1035 914
914 1652
1652 1641
1641 451
1641 1676
451 1656
1656 2118
2118 1730
2118 2078
1730 1134
1730 1824
1134 1464
1134 2463
1464 2221
1464 345
2221 288
2221 2202
288 343
288 1406
343 129
129 1655
1655 2280
2280 410
2280 883
410 2149
2149 1161
1161 1535
1535 2415
1535 2378
2415 30
2415 90
30 1308
30 1301
1308 1714
1308 1031
1714 809
1714 658
809 1770
1770 2055
1770 1963
2055 2305
2305 1763
1763 668
668 644
668 1147
644 588
588 1264
1264 1793
1793 1984
1984 2181
2181 28
2181 2357
28 1478
28 1936
1478 529
1478 2070
529 1298
1298 1981
1981 150
1981 1837
150 2159
150 2449
2159 2085
2085 371
371 210
371 670
210 720
720 743
720 1278
743 1426
1426 534
534 1386
534 2131
1386 1696
1696 2325
1696 2175
2325 1396
1396 1275
1396 476
1275 1127
1127 1317
1317 1785
1785 1446
1446 1733
1446 794
1733 1788
1733 1904
1788 1405
1788 11
1405 1153
1405 1100
1153 443
1153 2343
443 76
76 1838
76 38
1838 1911
1911 1433
1911 630
1433 803
1433 1139
803 2178
2178 188
188 882
188 226
882 1149
1149 316
316 970
316 2231
970 2195
2195 2486
2195 1854
2486 65
2486 61
65 1467
65 1794
1467 92
92 808
808 913
913 235
913 1579
235 2245
2245 1651
2245 37
1651 1380
1651 340
1380 1737
1737 528
528 1635
1635 2442
2442 48
48 1702
1702 1786
1786 474
1786 997
474 1421
1421 1064
1421 872
1064 549
549 1250
549 2358
1250 1664
1664 2453
1664 583
2453 1280
2453 310
1280 215
1280 1419
215 392
215 447
392 1090
392 2165
1090 2338
1090 1814
2338 1137
2338 1777
1137 146
1137 2045
146 34
34 1913
34 1184
1913 219
219 2271
219 742
2271 2122
2122 1855
2122 2088
1855 372
1855 871
372 2049
372 1894
2049 1
2049 1941
1 1051
1 1096
1051 832
832 2321
2321 747
747 894
894 2403
894 1151
2403 361
2403 746
361 2196
2196 1781
1781 2147
2147 1643
2147 795
1643 740
740 206
740 1711
206 2455
206 2208
2455 390
2455 1632
390 1062
1062 1413
1413 1985
1413 2460
1985 639
1985 1363
639 1758
639 2081
1758 1845
1758 223
1845 1650
1650 2099
1650 1517
2099 303
2099 138
303 459
459 510
510 1442
1442 2166
2166 1951
2166 217
1951 790
790 2388
2388 195
2388 2199
195 1379
1379 12
12 745
12 896
745 1291
745 1974
1291 659
659 2431
659 2197
2431 860
860 375
375 351
375 1048
351 627
351 1144
627 1648
1648 2256
2256 1441
2256 1630
1441 140
1441 739
140 419
419 2300
419 1816
2300 544
2300 365
544 1175
1175 622
1175 329
622 213
622 1024
213 2061
213 559
2061 521
2061 2386
521 1864
1864 411
411 2444
411 62
2444 505
505 2290
2290 58
2290 183
58 2068
58 1068
2068 617
2068 105
617 378
617 366
378 859
378 1867
859 1566
1566 332
332 1507
1507 106
1507 2144
106 1106
106 1744
1106 2359
2359 1063
2359 942
1063 1486
1486 2182
1486 2217
2182 915
915 1117
1117 1225
1225 2230
2230 172
2230 901
172 1311
1311 159
159 261
261 952
952 2385
2385 1720
1720 1916
1720 214
1916 679
679 1315
679 1036
1315 2056
2056 1424
1424 2172
2172 1617
1617 1908
1617 1673
1908 1706
1908 642
1706 1074
1706 391
1074 1548
1548 2396
2396 1268
1268 1782
1268 807
1782 1613
1782 2041
1613 111
1613 996
111 485
111 1691
485 2179
485 558
2179 852
852 1646
852 1401
1646 590
1646 943
590 1576
1576 7
1576 1880
7 1463
1463 904
1463 2391
904 755
904 1462
755 2207
755 1503
2207 2071
2071 1742
1742 1509
1509 64
64 1065
1065 750
1065 1930
750 1473
1473 1741
1741 2416
2416 1351
2416 1532
1351 654
654 1334
654 220
1334 2482
1334 1008
2482 158
2482 296
158 416
158 1890
416 2427
2427 1688
1688 1813
1813 2283
2283 1242
1242 1704
1242 426
1704 2441
2441 1771
2441 1692
1771 1545
1545 1868
1868 1990
1990 2133
1990 1201
2133 1898
1898 1587
1587 355
1587 868
355 1452
355 80
1452 2404
1452 961
2404 706
706 508
706 2168
508 1471
508 2216
1471 1705
1705 147
1705 1910
147 892
147 1007
892 109
892 1017
109 2289
2289 2470
2289 1465
2470 1640
2470 816
1640 663
663 2135
2135 667
667 178
178 1170
178 616
1170 462
462 1661
462 202
1661 1522
1661 2104
1522 1474
1474 725
725 542
725 1921
542 1932
1932 1293
1293 51
51 1078
1078 1680
1078 1821
1680 823
1680 2477
823 1611
1611 2038
1611 1262
2038 1093
1093 801
801 115
801 601
115 2086
2086 204
204 1723
204 1943
1723 568
1723 1773
568 2430
568 433
2430 97
2430 1999
97 1725
97 1091
1725 1166
1725 1558
1166 2026
1166 935
2026 2057
2057 463
463 1247
463 954
1247 2141
1247 1369
2141 959
2141 1728
959 1915
959 151
1915 469
469 1240
1240 2146
2146 633
633 2362
2362 1559
2362 1607
1559 2188
2188 2193
2188 2389
2193 389
2193 598
389 194
389 2109
194 269
269 805
269 279
805 856
856 1116
856 1866
1116 1330
1330 14
14 1731
14 2425
1731 1674
1731 826
1674 139
1674 1588
139 1602
1602 2432
1602 1598
2432 1697
1697 2032
2032 1975
2032 946
1975 1896
1896 973
1896 2192
973 1409
1409 2093
2093 1928
2093 348
1928 689
1928 421
689 1606
1606 1004
1004 2127
2127 2114
2114 2236
2236 1039
1039 189
1039 789
189 1238
1238 2152
1238 1883
2152 1489
1489 1912
1912 212
1912 817
212 2375
2375 928
2375 55
928 1481
1481 1222
1481 1125
1222 1329
1329 899
899 1286
899 1695
1286 1158
1286 608
1158 2042
1158 1740
2042 278
2042 1319
278 2433
2433 1977
1977 437
437 766
766 1296
766 165
1296 2292
2292 1555
1555 1480
1480 2335
2335 1774
1774 1982
1774 1276
1982 500
500 452
452 635
452 744
635 1681
1681 1960
1960 562
562 511
511 527
527 284
527 2123
284 1937
1937 1948
1948 678
678 1689
678 998
1689 2150
2150 1412
1412 2235
2235 1104
1104 1081
1081 1822
1822 770
770 2394
770 782
2394 264
264 738
738 1297
1297 956
956 2436
956 705
2436 800
2436 1373
800 1833
800 1775
1833 1101
1833 1427
1101 402
402 2066
2066 1089
2066 1551
1089 1527
1089 2319
1527 1564
1564 1888
1888 1483
1483 1237
1237 841
1237 613
841 1282
1282 1626
1626 945
945 307
945 337
307 2349
2349 1071
2349 472
1071 2031
2031 2219
2219 1189
1189 614
1189 1513
614 1979
614 526
1979 1589
1589 18
1589 1256
18 66
66 1163
1163 423
423 1634
423 754
1634 2252
1634 1342
2252 577
577 256
577 1992
256 2410
2410 302
302 1512
1512 2251
2251 2446
2251 148
2446 1844
1844 93
1844 2163
93 320
93 2408
320 1182
320 1019
1182 831
831 1080
831 619
1080 1202
1202 625
625 2206
2206 1243
1243 1591
1591 344
344 252
252 1944
1944 1223
1944 3
1223 240
1223 360
240 2224
240 563
2224 2034
2034 1435
2034 1889
1435 2212
2212 827
827 398
398 1976
1976 2465
2465 2469
2465 1210
2469 655
655 515
655 584
515 1636
515 2215
1636 1387
1387 1088
1088 1085
1085 640
640 895
640 2467
895 786
786 216
216 1398
1398 763
763 916
763 501
916 119
119 605
605 2244
605 292
2244 902
902 2429
902 1178
2429 1708
1708 1014
1014 1624
1014 1077
1624 2471
2471 286
2471 2475
286 305
286 1969
305 1991
1991 24
24 2411
2411 1399
2411 866
1399 565
1399 2162
565 2158
565 464
2158 1609
2158 1876
1609 2454
1609 631
2454 1122
1122 1186
1186 40
1186 2050
40 741
741 1057
1057 2
2 1394
2 1083
1394 241
241 1154
241 1585
1154 756
1154 36
756 1449
1449 1934
1934 173
1934 1053
173 1857
1857 2330
2330 184
184 1044
1044 1748
1044 2473
1748 1787
1748 2108
1787 1621
1621 1472
1472 1649
1472 1620
1649 1497
1497 1494
1497 1964
1494 1248
1248 539
1248 735
539 239
539 2345
239 1049
1049 611
1049 2210
611 498
611 1203
498 1084
498 2281
1084 1119
1084 1732
1119 656
1119 629
656 1502
656 723
1502 1245
1502 41
1245 1059
1245 180
1059 1335
1335 1305
1305 127
1305 442
127 660
660 328
660 729
328 932
328 1299
932 1537
932 1352
1537 1504
1504 2297
1504 1340
2297 1013
2297 384
1013 674
1013 39
674 1244
1244 2309
1244 20
2309 1042
2309 2156
1042 1592
1592 2369
2369 1870
2369 327
1870 1850
1850 1764
1850 813
1764 2105
1764 1967
2105 1461
2105 1499
