22 2203 9634912
3 1
1 16
16 19
19 8
8 10
8 20
10 15
15 5
15 17
5 7
5 4
7 9
9 18
9 2
18 11
11 21
21 22
22 13
22 14
13 6
6 12
475 1463
1463 629
1463 1741
629 766
766 634
634 372
372 597
597 1003
597 23
1003 18
18 2184
18 1654
2184 251
2184 2028
251 222
251 1967
222 1160
1160 1696
1696 609
1696 1015
609 996
996 436
996 1203
436 157
436 167
157 205
205 1155
205 420
1155 485
485 547
485 2123
547 1091
1091 1075
1075 692
1075 919
692 1316
692 1773
1316 371
371 1485
371 555
1485 1082
1082 610
1082 1150
610 51
51 443
51 1266
443 1447
1447 1989
1989 504
504 191
191 1191
191 1389
1191 1035
1191 69
1035 1476
1035 1692
1476 253
1476 1754
253 1452
1452 2106
1452 891
2106 1808
1808 1574
1574 796
1574 1708
796 477
477 927
477 154
927 1234
927 1583
1234 255
255 2150
255 1865
2150 2177
2150 1798
2177 1867
2177 1051
1867 2137
1867 408
2137 515
515 469
515 1345
469 1356
1356 1629
1629 666
1629 54
666 2152
666 2010
2152 424
2152 853
424 698
698 435
698 2078
435 680
680 33
33 1498
1498 1628
1498 1013
1628 1365
1628 2200
1365 749
749 574
574 947
574 2117
947 858
858 1750
1750 1791
1791 605
1791 1571
605 171
171 802
171 1976
802 643
643 1520
643 500
1520 1411
1411 439
1411 1375
439 1592
1592 1025
1025 1952
1025 981
1952 1188
1952 552
1188 1682
1188 571
1682 1677
1677 1363
1677 768
1363 1299
1299 1467
1299 19
1467 816
816 12
816 148
12 1029
12 32
1029 1134
1134 760
1134 316
760 628
760 2033
628 707
628 1455
707 487
487 1503
1503 1088
1503 1842
1088 1723
1088 884
1723 1814
1814 1286
1286 975
1286 862
975 1095
1095 560
560 183
560 370
183 170
183 568
170 1782
170 1767
1782 604
604 1716
1716 208
208 2163
2163 603
2163 1370
603 1255
603 1602
1255 1876
1255 784
1876 1769
1876 679
1769 730
730 1555
1555 710
1555 1376
710 402
710 1983
402 1193
402 1192
1193 702
702 1152
1152 112
112 2179
112 1546
2179 727
2179 71
727 1891
1891 497
1891 1064
497 1295
1295 1127
1127 1303
1303 186
186 2027
186 1603
2027 273
2027 164
273 833
833 619
833 1197
619 3
3 379
3 1591
379 1573
379 463
1573 121
121 309
309 1343
1343 1766
1766 1441
1766 1126
1441 971
971 1942
1942 1384
1384 672
1384 174
672 151
151 745
745 11
11 381
381 1339
1339 2193
2193 1380
1380 349
1380 132
349 39
349 354
39 656
39 2125
656 831
831 723
723 1610
723 761
1610 1718
1610 299
1718 26
26 573
573 520
573 2196
520 1396
520 2091
1396 1810
1396 1253
1810 1957
1810 1081
1957 524
1957 1026
524 1665
524 459
1665 88
1665 486
88 330
88 794
330 1972
330 1755
1972 106
1972 1292
106 1093
1093 1568
1568 808
808 1676
1676 153
1676 1686
153 1703
1703 2097
1703 1585
2097 1525
2097 1874
1525 2055
2055 584
584 367
584 369
367 2149
2149 548
2149 269
548 1097
548 1359
1097 540
1097 380
540 1656
1656 576
576 2105
576 1211
2105 1274
1274 139
1274 1158
139 197
197 118
197 868
118 476
476 386
386 1772
1772 994
1772 717
994 986
986 211
986 437
211 1428
1428 553
1428 2187
553 948
948 482
948 1437
482 951
482 350
951 2134
951 1417
2134 2060
2134 146
2060 1298
1298 1475
1475 327
1475 440
327 1563
1563 599
599 1350
1350 895
1350 351
895 96
895 508
96 765
96 1743
765 1139
1139 748
1139 1499
748 334
748 968
334 1762
334 45
1762 152
152 1483
1483 1981
1981 1488
1981 168
1488 438
438 1361
1361 1391
1361 1098
1391 1271
1271 1912
1912 2120
1912 254
2120 896
2120 834
896 102
896 1063
102 1855
102 1492
1855 173
1855 1836
173 827
827 2183
2183 847
2183 1719
847 1789
1789 1975
1789 667
1975 1405
1405 918
1405 1947
918 1351
1351 301
1351 2023
301 1248
1248 1757
1757 2178
1757 331
2178 1109
2178 942
1109 2189
1109 1973
2189 1813
1813 566
566 1459
566 2173
1459 670
670 2136
670 1235
2136 776
2136 1039
776 2100
776 1147
2100 1535
1535 403
403 1797
403 1734
1797 9
1797 1448
9 244
9 714
244 678
244 1579
678 2061
678 594
2061 448
448 224
448 335
224 908
908 192
908 1999
192 641
641 356
356 2026
2026 410
410 2191
2191 2121
2191 1209
2121 226
2121 91
226 1538
226 434
1538 317
1538 866
317 770
770 2133
770 932
2133 607
607 583
583 826
583 1911
826 1106
1106 2050
2050 998
998 650
650 2046
650 501
2046 43
43 2076
43 1023
2076 651
651 549
549 1644
1644 1037
1644 854
1037 65
1037 1620
65 1062
1062 353
1062 2073
353 990
353 914
990 2199
990 600
2199 293
2199 2003
293 1427
293 1432
1427 247
1427 467
247 782
782 1322
1322 72
72 425
72 1151
425 198
198 264
264 1732
1732 123
1732 764
123 238
123 405
238 1744
238 694
1744 1514
1744 1205
1514 2087
1514 903
2087 811
2087 814
811 1402
811 220
1402 1924
1402 1464
1924 1208
1208 1100
1100 579
1100 1809
579 1352
1352 2162
2162 1974
1974 374
374 728
728 2093
2093 2052
2093 176
2052 1885
2052 1094
1885 1185
1885 1117
1185 1694
1694 92
1694 1697
92 2054
92 509
2054 1461
2054 1883
1461 1010
1461 397
1010 1779
1779 1439
1779 1623
1439 1866
1439 2167
1866 1788
1788 2124
1788 201
2124 657
2124 893
657 775
657 622
775 1977
1977 978
978 1645
1645 828
1645 798
828 442
828 1917
442 2095
442 1170
2095 1998
2095 1951
1998 1111
1998 82
1111 1877
1111 2171
1877 1618
1877 1040
1618 830
830 2004
2004 639
639 577
639 1293
577 964
577 1869
964 2084
2084 1939
2084 2057
1939 2015
2015 63
2015 1795
63 432
432 133
432 1899
133 1251
133 2132
1251 2067
2067 1907
1907 2115
1907 1660
2115 64
64 1242
64 296
1242 1854
1242 1328
1854 1176
1854 2101
1176 1649
1649 100
100 2082
100 196
2082 1222
1222 235
235 1903
235 1050
1903 324
324 495
324 237
495 1615
1615 1342
1342 2148
1342 1900
2148 563
2148 2042
563 343
563 575
343 1722
1722 2034
1722 1954
2034 1659
1659 119
119 1526
1526 1046
1046 1758
1046 1637
1758 1219
1219 758
1219 1946
758 248
758 2056
248 108
248 601
108 1932
108 1005
1932 715
1932 42
715 1408
1408 1305
1305 922
1305 1229
922 1326
1326 1021
1326 2109
1021 835
835 1372
835 1839
1372 488
488 2030
2030 1254
2030 1997
1254 1822
1822 1761
1822 272
1761 1250
1761 2160
1250 223
223 1994
1994 1576
1994 1183
1576 373
1576 2066
373 1739
1739 873
873 706
873 1030
706 29
706 1806
29 1841
1841 1726
1726 1368
1368 513
1368 1580
513 1575
1575 1706
1575 773
1706 1988
1706 1962
1988 1920
1988 1136
1920 184
184 1528
184 1671
1528 1752
1752 1812
1812 582
1812 1737
582 1955
1955 1002
1002 674
674 209
674 352
209 2161
2161 997
997 332
332 258
258 2053
258 275
2053 2154
2154 1625
1625 1138
1138 654
654 1588
654 586
1588 47
1588 1751
47 496
47 1647
496 1317
496 2021
1317 1243
1317 751
1243 1679
1679 1159
1159 169
169 1329
169 1300
1329 325
1329 2174
325 993
325 67
993 1785
993 56
1785 2103
2103 1074
2103 2049
1074 2020
1074 1851
2020 1189
1189 489
1189 535
489 711
711 1678
711 365
1678 1474
1474 291
1474 1916
291 311
311 905
905 995
995 337
995 546
337 1454
337 1565
1454 570
570 127
127 478
127 1598
478 1700
478 1144
1700 498
498 1931
1931 441
1931 1406
441 1561
1561 2083
1561 1415
2083 189
2083 283
189 1970
189 1194
1970 630
630 138
630 105
138 1311
1311 1507
1507 1890
1890 306
306 1691
306 242
1691 2112
2112 1960
2112 842
1960 1834
1960 1357
1834 1860
1860 1440
1440 1801
1440 1016
1801 696
1801 974
696 1811
1811 1133
1811 510
1133 159
159 1177
159 2131
1177 746
746 1825
1825 938
938 544
544 1504
1504 429
429 867
429 1388
867 1646
867 859
1646 1296
1646 134
1296 1118
1118 2143
2143 307
307 1238
307 913
1238 1256
1256 598
1256 1179
598 2040
2040 1551
1551 2077
1551 1120
2077 740
2077 755
740 285
740 388
285 395
395 1226
395 1793
1226 144
144 61
61 75
75 1108
1108 40
40 1542
1542 567
1542 76
567 2005
2005 1898
1898 2159
1898 1199
2159 743
743 1849
743 1895
1849 1218
1849 864
1218 1923
1923 1412
1923 1263
1412 652
1412 1846
652 718
718 136
136 1639
136 708
1639 161
161 813
813 592
592 1148
1148 2044
1148 290
2044 1060
2044 898
1060 449
1060 762
449 1905
449 1547
1905 1146
1905 1071
1146 722
722 1780
1780 355
355 1859
355 348
1859 1231
1859 704
1231 37
1231 1436
37 236
236 202
236 2024
202 455
455 1045
455 1909
1045 878
1045 1823
878 2072
2072 368
368 362
368 637
362 1594
362 912
1594 366
1594 1556
366 721
366 1073
721 972
972 433
972 800
433 779
779 824
824 149
149 885
149 521
885 1650
1650 1545
1545 1553
1545 346
1553 1387
1553 456
1387 1149
1387 1597
1149 239
1149 2062
239 1958
239 1534
1958 2038
2038 2002
2002 659
659 90
659 1267
90 1745
1745 2114
1745 413
2114 1334
2114 845
1334 1099
1334 1532
1099 1456
1456 422
1456 341
422 216
422 1131
216 984
984 889
889 1273
889 2065
1273 863
1273 526
863 160
863 759
160 1423
1423 1717
1717 1290
1717 1269
1290 1562
1562 2022
2022 556
2022 35
556 701
556 1212
701 754
754 1673
754 461
1673 1172
1673 361
1172 2181
1172 147
2181 1053
2181 821
1053 281
281 2096
281 185
2096 1397
1397 569
1397 1816
569 1672
569 252
1672 1892
1672 1028
1892 262
1892 1724
262 1055
262 703
1055 687
1055 647
687 1154
687 2192
1154 1087
1087 256
1087 1325
256 357
256 1042
357 917
357 1426
917 774
774 1857
1857 228
1857 1880
228 1232
1232 792
1232 1742
792 203
203 1446
1446 1287
1287 1173
1287 1381
1173 1006
1173 2068
1006 200
1006 480
200 288
288 2104
2104 539
539 1996
539 530
1996 805
1996 1653
805 246
805 472
246 511
246 1609
511 1450
1450 960
1450 1493
960 1284
1284 522
522 771
771 1838
771 1077
1838 1137
1137 1494
1494 769
769 915
769 741
915 856
856 1481
1481 1473
1481 1041
1473 1965
1473 93
1965 1727
1965 141
1727 1971
1727 1367
1971 888
1971 44
888 204
204 2142
2142 731
2142 781
731 534
534 1926
534 632
1926 2102
1926 923
2102 1480
2102 460
1480 2047
1480 588
2047 286
2047 519
286 822
286 1886
822 636
822 250
636 2001
636 1195
2001 1736
1736 897
1736 1544
897 1715
1715 1832
1715 1043
1832 1584
1832 624
1584 1261
1584 25
1261 1373
1261 789
1373 1327
1373 1323
1327 1103
1327 1657
1103 713
1103 580
713 1418
1418 1943
1418 1875
1943 2153
2153 471
2153 991
471 527
471 48
527 837
837 1543
1543 98
1543 274
98 109
109 1407
109 1693
1407 1978
1978 976
976 1031
1031 1738
1738 1482
1482 1444
1444 1730
1730 2041
2041 945
945 1904
1904 1204
1904 1570
1204 314
1204 1403
314 1641
1641 962
962 633
633 1518
1518 1937
1518 1358
1937 646
1937 338
646 1315
646 1735
1315 954
954 825
825 231
231 414
231 30
414 2180
414 684
2180 385
385 1843
385 655
1843 1661
1661 709
1661 1821
709 1509
709 87
1509 1714
1509 287
1714 308
1714 1297
308 1360
1360 481
481 1335
1335 1567
1335 188
1567 1168
1567 852
1168 1259
1168 2140
1259 218
1259 1918
218 321
321 1105
1105 532
532 970
532 95
970 66
970 2197
66 1497
1497 483
1497 219
483 158
483 1400
158 398
158 1929
398 89
89 364
89 1313
364 1833
1833 661
661 1083
1083 1914
1083 13
1914 1228
1228 2014
2014 529
529 1089
529 86
1089 1935
1089 877
1935 1174
1935 2064
1174 46
1174 2165
46 2063
46 613
2063 303
2063 81
303 21
303 1636
21 1057
1057 1569
1057 1314
1569 953
953 1985
1985 1749
1749 416
416 1901
1901 289
1901 2129
289 1864
289 1710
1864 1753
1753 1861
1753 1337
1861 785
1861 959
785 1577
1577 418
1577 1200
418 1919
1919 1894
1919 1414
1894 1265
1894 1224
1265 503
503 277
503 1675
277 1986
1986 616
1986 724
616 1642
616 1009
1642 1729
1642 1239
1729 930
930 1910
1910 1278
1910 846
1278 383
1278 985
383 378
383 1247
378 2039
378 843
2039 2089
2039 2166
2089 1275
1275 344
344 1746
344 1377
1746 668
668 2139
2139 790
790 697
790 232
697 1964
1964 83
83 879
83 479
879 848
848 1341
1341 757
757 1784
1784 1897
1897 1156
1897 691
1156 1496
1496 401
401 956
956 1523
1523 1245
1245 1404
1404 2146
2146 1044
1044 690
690 512
690 342
512 957
957 725
725 1572
725 38
1572 1502
1502 916
916 1020
1020 1216
1216 1578
1216 1241
1578 2128
1578 1728
2128 736
736 305
305 2185
305 1484
2185 1936
1936 857
1936 5
857 595
595 1399
595 1433
1399 926
1399 2009
926 921
926 665
921 1186
921 16
1186 1927
1186 620
1927 84
1927 7
84 1807
1807 234
234 967
234 178
967 284
967 732
284 484
484 911
484 1410
911 1928
911 1698
1928 1689
1928 1394
1689 1638
1689 677
1638 2116
1638 514
2116 1786
1786 150
1786 1086
150 114
150 561
114 28
28 1896
1896 77
77 649
649 1310
1310 1510
1510 1515
1510 1319
1515 1421
1515 564
1421 2130
2130 1720
1720 393
393 1306
1306 266
266 1712
266 1564
1712 1508
1712 1541
1508 739
739 1765
1765 2119
1765 1871
2119 1471
2119 1604
1471 1549
1549 1731
1731 937
1731 1548
937 1803
1803 1491
1803 904
1491 129
129 1945
1945 280
280 753
753 1066
1066 2156
1066 1382
2156 621
621 1085
621 225
1085 163
163 585
585 565
565 2194
565 345
2194 1852
1852 887
887 2035
2035 2107
2035 875
2107 1611
2107 453
1611 973
1611 1000
973 257
257 1667
1667 1938
1938 979
1938 645
979 126
979 726
126 2086
126 1027
2086 695
695 1165
1165 1283
1165 404
1283 1277
1283 457
1277 1519
1519 1332
1519 1309
1332 261
261 1008
261 1272
1008 2013
2013 933
933 1505
933 1036
1505 1288
1505 612
1288 1959
1288 999
1959 611
1959 712
611 339
611 671
339 2157
2157 1695
2157 1953
1695 1470
1470 1123
1123 243
243 900
243 1627
900 300
900 1018
300 685
685 1713
685 1349
1713 128
1713 1495
128 1161
1161 541
541 642
541 1285
642 750
642 52
750 1683
1683 1830
1830 734
734 733
734 1702
733 608
733 135
608 1047
608 1438
1047 1237
1237 1613
1237 1007
1613 1430
1430 2090
1430 1835
2090 1268
1268 2
1268 2202
2 1858
2 1135
1858 24
24 340
24 1113
340 1457
1457 282
1457 1658
282 1805
1805 1230
1805 1385
1230 558
1230 179
558 2008
558 591
2008 470
470 2158
470 1033
2158 1490
1490 1606
1606 1330
1606 1733
1330 920
1330 240
920 1386
1386 15
15 140
140 987
140 2045
987 1011
987 2059
1011 823
823 554
554 1038
1038 797
797 421
421 1076
421 2099
1076 2190
1076 1764
2190 79
79 562
562 801
801 468
468 1968
1968 1648
1648 783
783 1863
1863 426
426 663
663 74
663 1652
74 206
74 1422
206 1804
1804 1258
1258 8
8 1104
8 2075
1104 215
1104 909
215 465
215 411
465 2029
465 1217
2029 788
788 1175
1175 1922
1175 1124
1922 1153
1153 57
1153 626
57 786
786 265
786 1522
265 60
265 1318
60 1940
60 181
1940 1466
1466 1215
1215 1116
1215 1340
1116 1080
1080 1873
1873 210
210 747
747 1084
747 1619
1084 1355
1355 1711
1711 1067
1067 312
312 1198
1198 614
1198 1307
614 1236
1236 780
780 906
906 1688
906 230
1688 720
720 104
104 855
104 1963
855 1634
855 807
1634 689
1634 795
689 78
78 1112
78 1759
1112 1980
1112 1171
1980 1990
1990 1704
1704 648
648 1500
648 1868
1500 1162
1162 466
466 1190
466 97
1190 447
447 812
812 2098
2098 1489
2098 700
1489 1393
1393 536
536 1792
1792 62
62 963
62 818
963 1774
963 1445
1774 1530
1530 419
1530 175
419 806
806 2198
806 1019
2198 445
2198 2032
445 31
445 1434
31 787
31 2126
787 934
787 1220
934 944
944 699
944 1166
699 589
589 2048
589 1443
2048 1524
1524 1462
1524 849
1462 744
744 940
744 298
940 2069
940 1101
2069 688
688 1820
1820 839
1820 2088
839 406
406 1790
406 279
1790 1844
1790 924
1844 268
1844 653
268 347
347 516
516 103
516 1550
103 1887
1887 623
1887 1369
623 693
623 1681
693 1608
1608 869
1608 673
869 1338
869 627
1338 1206
1206 391
1206 1102
391 166
391 1132
166 1249
166 669
1249 1626
1626 271
271 742
271 1453
742 756
756 2079
756 199
2079 387
2079 1395
387 1908
387 1431
1908 809
809 1848
1848 961
961 836
836 2155
2155 120
120 58
58 829
829 217
829 1776
217 1052
1052 318
318 799
799 1092
1092 931
931 1934
931 1763
1934 1291
1934 323
1291 2094
2094 1107
2094 537
1107 1888
1888 1614
1614 359
359 1680
1680 810
810 1125
810 1347
1125 2135
1125 1643
2135 1392
2135 819
1392 1460
1460 1348
1348 1458
1348 1991
1458 263
1458 958
263 1982
263 860
1982 360
360 1889
360 1557
1889 660
660 1666
660 542
1666 474
1666 1748
474 1566
474 1640
1566 221
221 34
221 2006
34 1058
1058 2127
2127 1451
1451 815
1451 817
815 2138
2138 1364
2138 1847
1364 1941
1364 214
1941 1966
1966 1684
1684 1783
1684 1707
1783 1740
1740 1586
1740 1516
1586 949
949 1593
949 1819
1593 1884
1884 1178
1178 992
992 4
4 658
4 1477
658 55
55 838
55 965
838 328
328 1142
328 528
1142 1487
1487 1596
1487 804
1596 1537
1537 22
1537 1587
22 606
606 1829
606 523
1829 320
1829 1630
320 1617
320 1796
1617 446
446 451
451 2113
2113 716
716 983
716 492
983 1663
1663 68
68 1336
1336 2019
1336 2071
2019 194
2019 1034
194 313
313 423
313 2080
423 322
322 1539
322 1906
1539 193
193 304
193 892
304 376
304 227
376 233
376 2018
233 1169
1169 1956
1956 1032
1956 417
1032 358
358 2070
358 1685
2070 1882
2070 1282
1882 735
735 1529
1529 1560
1560 117
117 1853
117 111
1853 1096
1853 180
1096 871
871 1225
871 2201
1225 1289
1225 1992
1289 1344
1289 1635
1344 883
883 1201
883 1506
1201 705
1201 473
705 1521
1521 1416
1521 131
1416 491
1416 936
491 70
70 1540
70 1944
1540 2169
1540 260
2169 1501
2169 499
1501 777
1501 329
777 1756
1756 1425
1756 116
1425 1366
1366 1536
1536 1902
1536 1690
1902 382
1902 969
382 1478
1478 631
1478 506
631 902
902 2036
902 820
2036 551
2036 1320
551 2182
551 110
2182 861
2182 1167
861 1429
861 1061
1429 1059
1059 1607
1059 1054
1607 1301
1301 10
1301 229
10 245
10 1413
245 409
245 375
409 1465
1465 1984
1984 1760
1984 2017
1760 778
1760 450
778 1862
778 1
1862 1128
1862 1257
1128 1223
1223 929
929 190
190 1828
1828 1353
1353 1012
1353 618
1012 295
295 1163
1163 1802
1802 276
276 1781
1781 1049
1781 1705
1049 1312
1312 1079
1312 518
1079 249
1079 36
249 1893
1893 578
1893 737
578 2012
578 270
2012 241
241 124
124 1122
124 1768
1122 941
1122 1486
941 1794
941 886
1794 1024
1024 1921
1024 939
1921 1119
1921 1001
1119 1850
1850 1837
1850 1048
1837 752
752 682
752 1815
682 267
267 2186
2186 1664
2186 207
1664 1121
1664 1987
1121 593
1121 1559
593 1362
593 662
1362 2081
2081 1799
1799 966
966 615
615 399
615 533
399 94
94 1531
1531 890
1531 738
890 41
41 1354
1354 1513
1513 1378
1378 880
1378 115
880 1655
880 1308
1655 1331
1655 1276
1331 899
1331 1930
899 1800
1800 559
559 850
850 1409
850 907
1409 1558
1409 1552
1558 454
1558 1979
454 1090
1090 73
1090 2085
73 1442
73 517
1442 1933
1933 80
80 1721
1721 377
1721 165
377 142
142 1777
142 1374
1777 946
1777 2118
946 590
946 1826
590 2011
590 1633
2011 2016
2011 793
2016 1669
1669 587
1669 1670
587 1419
1419 1469
1469 1582
1582 2145
1582 1995
2145 53
53 1624
53 638
1624 278
1624 17
278 1070
1070 1260
1070 2195
1260 935
935 172
935 415
172 1948
172 1840
1948 2151
2151 676
2151 1187
676 2168
676 2074
2168 27
27 870
27 1279
870 1294
1294 213
1294 6
213 572
213 502
572 791
791 1818
1818 1845
1845 977
977 384
977 1401
384 1227
384 1778
1227 464
1227 396
464 872
872 99
99 2037
99 928
2037 1264
1264 1115
1115 101
1115 2058
101 177
101 1870
177 644
644 1687
1687 803
1687 1240
803 1668
1668 767
767 259
767 452
259 2172
259 1517
2172 1512
1512 145
145 840
145 1771
840 1831
1831 195
1831 143
195 1915
1915 1182
1182 2176
1182 319
2176 525
525 1595
1595 1925
1925 2141
1925 982
2141 1324
1324 2043
1324 675
2043 719
2043 363
719 1662
719 841
1662 297
297 458
297 1184
458 336
458 122
336 851
336 1252
851 1371
1371 107
1371 2175
107 925
925 2147
925 1554
2147 874
874 955
874 1390
955 182
955 490
182 1872
1872 1622
1622 1398
1622 1435
1398 212
212 1145
212 1511
1145 1130
1130 1993
1130 832
1993 763
1993 980
763 2188
763 1856
2188 1651
1651 602
602 1207
602 2122
1207 1333
1207 1069
1333 2031
1333 155
2031 1913
1913 1321
1913 1878
1321 1969
1321 543
1969 1280
1280 1196
1280 1533
1196 20
1196 1214
20 1605
20 545
1605 1961
1961 162
162 625
625 294
294 187
187 1632
1632 617
1632 1479
617 505
617 310
505 876
876 156
876 1725
156 1600
1600 1449
1449 50
1449 1674
50 882
882 538
882 390
538 1527
538 640
1527 1631
1527 130
1631 1129
1631 686
1129 1014
1014 683
683 1143
1143 635
635 392
635 2144
392 1379
1379 1616
1379 1017
1616 1770
1616 2051
1770 1114
1114 2007
2007 326
326 1599
1599 389
389 729
729 881
729 950
881 1065
881 302
1065 407
407 462
407 581
462 681
462 531
681 1472
1472 772
772 2092
772 113
2092 1304
2092 1383
1304 125
125 1056
1056 2108
1056 1202
2108 333
333 494
333 1004
494 1078
1078 952
952 137
137 664
137 1164
664 1775
664 1879
1775 1262
1775 2203
1262 1949
1949 493
1949 1612
493 1590
1590 1072
1072 988
1072 1141
988 430
988 1110
430 2170
430 1181
2170 943
943 59
943 1787
59 1213
1213 1140
1140 1424
1140 1244
1424 1701
1424 1950
1701 49
1701 2164
49 1281
49 315
1281 394
394 1709
1709 1210
1210 1468
1210 894
1468 1302
1468 844
1302 1601
1302 1180
1601 865
1601 85
865 1233
1233 400
400 1346
1346 2111
1346 550
2111 507
2111 989
507 1817
1817 2110
2110 1068
1068 1270
1270 2000
1270 431
2000 910
910 1621
910 1022
1621 1420
1420 1747
1420 1824
1747 1246
1747 444
1246 901
901 1827
1827 1699
1699 427
1699 596
427 1157
1157 1881
1881 2025
2025 1221
1221 14
14 1589
1589 1581
1589 412
1581 428
428 292
292 557
