3 2962 803237659
2 1
2 3
1965 587
1965 2527
587 2598
2598 990
2598 1915
990 1318
990 2382
1318 342
1318 1899
342 2487
2487 351
2487 820
351 1411
351 2065
1411 363
363 784
784 157
784 2713
157 1871
1871 2139
1871 2003
2139 793
793 447
447 631
447 2596
631 2641
2641 1316
2641 667
1316 1347
1347 1982
1982 417
1982 457
417 329
329 1787
1787 229
229 1730
229 1163
1730 1592
1592 941
1592 1251
941 1651
941 1949
1651 919
919 1283
1283 1397
1397 2097
1397 2120
2097 1627
2097 546
1627 699
1627 1044
699 2060
2060 2016
2060 753
2016 2025
2025 1650
1650 1946
1650 1234
1946 7
1946 1404
7 63
7 299
63 573
63 1135
573 1141
573 1768
1141 1575
1141 1713
1575 182
1575 303
182 2702
182 2756
2702 2355
2702 2170
2355 722
2355 126
722 2265
722 1544
2265 2528
2265 2396
2528 575
2528 970
575 2507
575 2545
2507 2929
2507 1910
2929 192
2929 2173
192 986
986 390
390 2676
2676 1919
1919 1513
1513 1143
1513 1611
1143 625
625 1386
625 1729
1386 1521
1521 2247
2247 2098
2098 1643
2098 2888
1643 223
223 943
223 2728
943 2403
2403 1034
1034 887
1034 173
887 1708
887 2219
1708 96
1708 1475
96 1557
1557 1059
1557 97
1059 509
509 2646
2646 1356
1356 2406
1356 2642
2406 1852
2406 1311
1852 1536
1536 2548
2548 2905
2905 1624
1624 745
745 632
632 806
806 492
492 2855
2855 602
2855 2407
602 1177
602 2879
1177 1430
1177 554
1430 2892
1430 2483
2892 977
977 511
511 1606
511 860
1606 2094
2094 2020
2020 2650
2650 142
2650 252
142 826
142 366
826 272
826 1619
272 1830
272 232
1830 2776
2776 171
171 202
202 1836
202 467
1836 2947
1836 2844
2947 2330
2330 1387
2330 499
1387 2297
1387 561
2297 1907
2297 655
1907 2063
2063 2524
2063 1319
2524 2625
2524 2580
2625 1297
2625 2311
1297 763
1297 1211
763 937
763 117
937 897
897 21
21 2056
21 531
2056 221
2056 771
221 2845
2845 2758
2845 2611
2758 26
26 622
622 677
677 1456
677 1392
1456 1403
1456 962
1403 2786
1403 2822
2786 471
2786 482
471 1572
1572 459
1572 1867
459 1622
1622 2726
1622 295
2726 1714
1714 2491
1714 250
2491 1906
1906 1412
1412 2147
2147 1535
1535 2701
2701 1934
2701 1391
1934 1286
1934 2914
1286 280
1286 739
280 10
10 432
432 892
432 1948
892 955
955 2093
955 2136
2093 2695
2695 1304
1304 560
560 720
560 1218
720 821
821 2690
2690 2049
2690 2422
2049 2707
2049 2207
2707 1676
1676 940
1676 2226
940 1687
1687 809
1687 2013
809 39
39 1479
39 2245
1479 1261
1479 333
1261 634
634 2148
634 1025
2148 2792
2792 2222
2222 2371
2222 1390
2371 1507
1507 2534
2534 2447
2534 347
2447 1925
2447 369
1925 1308
1925 2365
1308 1464
1308 654
1464 985
985 1293
985 1672
1293 2308
1293 947
2308 603
603 2002
2002 2164
2002 2751
2164 2076
2076 2688
2076 891
2688 640
640 2538
2538 1683
1683 1323
1683 618
1323 2012
1323 260
2012 2087
2012 700
2087 214
2087 430
214 2017
2017 749
2017 359
749 1633
749 833
1633 786
1633 2858
786 1738
786 939
1738 448
1738 1869
448 22
448 2305
22 402
402 394
402 2554
394 1139
1139 2593
2593 50
2593 2603
50 966
50 2267
966 401
401 1609
1609 2659
1609 945
2659 1745
1745 300
1745 1472
300 2617
300 270
2617 1693
1693 162
1693 2454
162 2561
2561 2467
2561 2146
2467 1839
1839 1157
1157 2169
2169 2604
2604 2842
2604 1366
2842 2227
2227 2658
2227 2543
2658 656
2658 1018
656 1
1 2766
2766 1076
2766 2672
1076 1060
1060 14
14 840
14 712
840 2836
840 2009
2836 1554
2836 2546
1554 1465
1465 1455
1455 673
673 1099
1099 2880
2880 984
984 131
984 693
131 2172
2172 881
2172 2200
881 110
881 106
110 2436
2436 1943
1943 375
375 2385
375 392
2385 1229
2385 1782
1229 1342
1342 399
399 450
399 2867
450 2761
450 436
2761 2730
2730 2112
2730 1300
2112 1586
1586 143
143 1826
1826 2608
2608 1022
1022 1556
1022 2900
1556 101
101 1659
101 2550
1659 2857
1659 2777
2857 334
334 2036
2036 1520
2036 1057
1520 1222
1222 1758
1222 790
1758 1842
1758 2846
1842 1800
1842 335
1800 1258
1800 1061
1258 2303
1258 1425
2303 545
545 2032
545 938
2032 952
2032 2221
952 2619
2619 1697
1697 211
1697 2896
211 87
211 2048
87 163
87 961
163 842
163 2413
842 2783
842 2835
2783 1765
2783 2446
1765 522
522 1635
522 2582
1635 324
1635 791
324 2343
324 2740
2343 521
521 993
521 854
993 108
993 61
108 1500
1500 2657
1500 2399
2657 1856
1856 253
253 2764
2764 1113
1113 2881
2881 1147
1147 1486
1486 918
918 1130
918 1930
1130 2145
2145 730
730 963
963 36
36 2218
36 757
2218 1487
1487 1961
1961 689
1961 1489
689 1092
689 2092
1092 1901
1092 501
1901 2773
1901 388
2773 808
2773 1490
808 1700
1700 2472
2472 1931
2472 1203
1931 974
974 197
974 168
197 1947
1947 1230
1230 258
258 315
258 338
315 3
315 1618
3 541
3 2962
541 277
541 2492
277 124
124 2631
124 866
2631 1085
1085 664
1085 2682
664 1497
664 356
1497 1548
1497 2038
1548 2671
2671 1863
2671 534
1863 331
1863 721
331 2802
2802 1443
2802 2022
1443 1474
1474 1400
1400 20
20 1637
20 2782
1637 2184
2184 1954
2184 2691
1954 1178
1954 1692
1178 2021
2021 1332
1332 702
702 1288
702 23
1288 2286
1288 268
2286 1512
1512 396
396 1498
396 965
1498 309
309 691
691 1870
1870 2547
2547 1269
1269 2213
1269 2466
2213 932
932 1896
932 1080
1896 1666
1666 93
93 2927
2927 610
2927 1594
610 1545
610 946
1545 1912
1912 869
869 2895
2895 1632
2895 1055
1632 105
105 429
429 1083
429 1428
1083 1905
1905 1953
1953 1196
1953 2421
1196 2959
2959 1393
2959 275
1393 2952
2952 1074
1074 1285
1285 378
1285 1977
378 798
798 772
798 2559
772 370
370 194
194 416
194 2324
416 584
584 1363
584 212
1363 358
358 1037
358 1176
1037 2752
1037 2632
2752 2818
2752 1156
2818 362
2818 1504
362 2732
2732 1405
2732 2731
1405 216
1405 1793
216 2463
2463 2602
2463 2251
2602 1795
2602 2928
1795 2711
2711 1142
2711 1056
1142 2498
1142 2572
2498 1780
2498 2236
1780 514
1780 2058
514 777
777 427
427 289
289 1817
289 644
1817 478
1817 508
478 339
339 2386
339 179
2386 2482
2386 2540
2482 2440
2440 1526
1526 2464
2464 1448
1448 308
1448 2779
308 364
364 2876
364 1718
2876 1517
1517 983
983 1962
983 2937
1962 2581
2581 2071
2581 145
2071 1837
1837 2134
2134 325
2134 614
325 2922
325 487
2922 414
414 1510
1510 400
1510 137
400 2072
2072 340
2072 2254
340 227
227 2151
2151 1677
1677 1446
1446 1957
1957 2932
1957 1980
2932 2861
2861 2823
2823 147
2823 2723
147 2030
2030 2187
2187 2720
2187 2000
2720 218
2720 1006
218 2643
218 2668
2643 1698
1698 1007
1698 1185
1007 1190
1007 1711
1190 2679
1190 861
2679 701
2679 1441
701 920
701 1077
920 472
472 543
472 1253
543 2095
2095 779
2095 115
779 1878
1878 200
200 2597
2597 73
73 2096
73 563
2096 2424
2096 2484
2424 102
102 1960
102 2629
1960 981
1960 928
981 2171
981 2933
2171 2683
2171 151
2683 1663
2683 1737
1663 1020
1020 2299
2299 1530
1530 732
1530 505
732 52
732 2018
52 2291
2291 2181
2291 2055
2181 439
2181 2069
439 256
256 222
256 780
222 1834
1834 379
1834 2243
379 1983
1983 2445
2445 441
441 1736
441 1003
1736 2742
2742 1215
2742 1802
1215 1494
1494 1702
1494 855
1702 180
1702 37
180 1728
1728 1201
1728 2242
1201 1383
1383 1515
1515 2664
1515 1221
2664 1661
1661 2910
1661 645
2910 120
2910 1213
120 2948
2948 1202
2948 2653
1202 421
1202 751
421 135
421 548
135 1172
135 286
1172 2815
2815 2798
2815 246
2798 1987
2798 411
1987 2743
1987 903
2743 1815
1815 2165
2165 2045
2165 1860
2045 1933
2045 2859
1933 1493
1493 1469
1469 1210
1210 1197
1197 1118
1197 2429
1118 703
703 2240
2240 2435
2240 1415
2435 1788
2435 391
1788 204
204 455
455 580
455 419
580 460
580 1009
460 2638
460 278
2638 658
2638 1378
658 1280
1280 121
121 1078
121 579
1078 118
118 291
118 1394
291 2005
291 1764
2005 1449
2005 2028
1449 1262
1449 1309
1262 2077
1262 2504
2077 2405
2077 451
2405 2389
2389 524
524 1111
1111 500
1111 2680
500 1256
500 740
1256 1903
1903 297
297 1706
297 2866
1706 462
1706 1338
462 33
462 2717
33 1120
33 1671
1120 422
1120 24
422 1559
1559 2725
1559 368
2725 971
971 2317
971 398
2317 2796
2317 1189
2796 2234
2796 1444
2234 1159
2234 1578
1159 271
1159 345
271 1725
1725 789
789 964
964 1887
964 1872
1887 787
787 765
765 1678
765 536
1678 470
470 2689
470 1216
2689 1098
2689 574
1098 1567
1098 1598
1567 2517
1567 2430
2517 1106
2517 2346
1106 2721
2721 735
2721 1831
735 927
927 84
84 2718
84 898
2718 1068
1068 2277
1068 2799
2277 1402
1402 88
88 2511
2511 1320
2511 95
1320 597
597 1445
1445 208
208 1514
208 588
1514 1688
1688 2891
2891 2282
2282 2014
2014 1379
1379 734
734 2714
734 1008
2714 1699
1699 1653
1699 1292
1653 1341
1341 2216
2216 1990
2216 1362
1990 1442
1990 365
1442 2176
2176 1214
1214 2954
1214 513
2954 991
991 1509
1509 2279
2279 468
2279 403
468 433
468 1000
433 2442
433 2865
2442 360
360 2907
360 249
2907 2103
2103 2775
2775 2790
2790 1235
2790 76
1235 504
1235 2054
504 877
877 2889
877 2535
2889 1680
2889 1296
1680 2198
1680 2309
2198 2320
2198 1542
2320 2480
2320 1271
2480 2238
2480 2737
2238 1171
1171 225
1171 2591
225 2828
2828 880
880 2302
2302 2489
2489 1824
1824 2801
2801 2706
2706 354
2706 2837
354 2479
2479 1951
1951 262
1951 2639
262 2503
262 2090
2503 2832
2832 1756
1756 2310
1756 228
2310 1028
2310 874
1028 2272
1028 2893
2272 2417
2417 1496
1496 2945
1496 311
2945 2771
2771 549
2771 1969
549 812
549 841
812 1463
1463 1046
1046 77
77 2644
2644 600
600 29
29 412
29 2813
412 2001
2001 2375
2001 387
2375 2408
2375 2007
2408 1294
2408 807
1294 1277
1277 890
1277 1252
890 2469
2469 844
844 2202
2202 2384
2384 2890
2384 94
2890 2458
2458 2637
2458 2268
2637 2149
2149 1577
1577 794
794 2393
2393 2765
2765 1453
2765 381
1453 78
1453 896
78 1419
78 1846
1419 1966
1419 1995
1966 498
1966 2934
498 1138
498 553
1138 1838
1838 2322
2322 2704
2322 590
2704 224
2704 2256
224 1562
1562 558
558 8
8 1835
8 2473
1835 2128
1835 2253
2128 818
2128 255
818 2870
818 528
2870 520
2870 1636
520 1242
1242 773
773 1991
1991 1047
1991 1420
1047 1570
1570 199
199 2137
2137 2080
2137 424
2080 1532
1532 1727
1532 864
1727 755
755 1473
755 652
1473 1012
1012 736
736 465
465 203
465 1939
203 1998
1998 1088
1998 1560
1088 1591
1591 915
1591 1638
915 1682
1682 75
1682 273
75 2938
75 2490
2938 2501
2938 1881
2501 1937
1937 1640
1640 2411
1640 395
2411 760
2411 2108
760 1797
1797 852
1797 1107
852 1876
1876 718
718 996
718 2085
996 2824
996 453
2824 1927
2824 1281
1927 2760
2760 175
2760 1321
175 796
796 327
327 1284
327 676
1284 1625
1625 1778
1625 2039
1778 2185
1778 607
2185 2168
2185 2362
2168 643
643 1662
1662 1471
1471 1789
1789 425
425 367
367 711
711 1264
711 40
1264 2961
1264 1712
2961 847
847 1312
847 832
1312 2568
1312 591
2568 2557
2557 1940
1940 2035
2035 817
817 1011
817 2390
1011 1070
1070 1376
1070 835
1376 2610
2610 1716
2610 2177
1716 1984
1984 2366
1984 2249
2366 1289
2366 2250
1289 2270
2270 269
269 30
269 2050
30 1879
30 1105
1879 445
445 1495
445 1485
1495 2130
2130 2755
2755 2264
2755 2908
2264 2574
2574 1657
2574 361
1657 2468
2468 405
405 2803
405 426
2803 1921
1921 2259
2259 846
2259 1370
846 1981
1981 1112
1112 2208
2208 895
895 1259
1259 1695
1259 1082
1695 867
1695 2388
867 1050
867 1833
1050 2635
1050 1747
2635 1724
2635 290
1724 49
1724 2271
49 1029
49 886
1029 589
1029 2293
589 1889
589 2023
1889 111
111 2042
2042 158
2042 1539
158 83
158 2607
83 434
83 488
434 477
477 1110
477 1742
1110 2811
2811 1573
2811 2569
1573 2804
1573 384
2804 605
2804 1508
605 1470
605 2795
1470 484
484 2192
2192 1454
2192 74
1454 2878
1454 857
2878 2864
2878 1401
2864 2481
2864 1336
2481 2735
2735 834
2735 1805
834 2663
834 1329
2663 1238
2663 697
1238 1829
1829 1333
1333 350
1333 967
350 464
350 690
464 1097
464 2073
1097 2477
2477 1994
2477 2943
1994 2768
2768 710
2768 2462
710 1048
710 1820
1048 630
630 2830
2830 913
913 418
913 1922
418 2698
418 2194
2698 783
2698 230
783 2784
783 2232
2784 669
2784 2201
669 2515
669 1343
2515 1270
2515 1051
1270 2258
2258 778
778 1290
1290 1136
1290 871
1136 1148
1148 2191
1148 911
2191 119
2191 2126
119 1673
1673 496
1673 2529
496 1620
1620 48
1620 979
48 2051
48 383
2051 1612
1612 1307
1612 2031
1307 242
242 738
738 2225
738 577
2225 1924
2225 337
1924 1819
1924 2067
1819 758
758 1030
1030 177
177 1225
177 1090
1225 2141
1225 1339
2141 1926
2141 2578
1926 1167
1167 2327
1167 935
2327 1410
1410 1436
1436 2594
1436 1569
2594 2154
2594 567
2154 409
2154 1655
409 692
409 1555
692 486
486 1010
486 2143
1010 1232
1010 1352
1232 474
474 998
998 2439
2439 2448
2439 1938
2448 2622
2448 2940
2622 1053
1053 1748
1053 2655
1748 86
1748 357
86 2745
86 1522
2745 1726
2745 2808
1726 341
341 2485
341 2159
2485 657
2485 2101
657 1421
1421 344
344 1220
344 1689
1220 1291
1220 35
1291 565
1291 2418
565 1273
1273 150
150 2565
150 1064
2565 609
609 526
526 2122
2122 261
2122 2433
261 931
931 956
956 719
956 2497
719 1199
719 1811
1199 717
717 1642
717 2070
1642 2135
2135 1828
1828 912
912 1249
1249 2339
2339 2471
2339 1145
2471 1916
2471 822
1916 1322
1322 2332
1322 2875
2332 764
2332 671
764 741
764 2763
741 371
371 688
371 243
688 178
178 1610
178 2687
1610 2514
2514 2848
2848 1857
1857 2494
2494 1862
2494 1200
1862 1426
1426 552
1426 1483
552 1531
552 746
1531 2669
2669 770
2669 2019
770 1373
1373 236
236 2806
236 1194
2806 161
161 592
592 125
125 1597
125 2488
1597 942
1597 240
942 550
550 2621
550 2223
2621 557
557 1382
1382 2283
2283 2640
2283 762
2640 2229
2229 819
2229 1733
819 958
958 244
244 863
863 724
863 1719
724 1649
724 133
1649 51
51 2506
2506 98
2506 2772
98 1461
98 568
1461 1369
1369 69
1369 1109
69 1154
69 153
1154 265
1154 1484
265 2530
265 2667
2530 1245
2530 248
1245 1023
1023 99
1023 1488
99 2839
2839 838
838 2443
2443 67
67 951
67 352
951 2456
2456 1755
1755 517
517 923
923 921
921 442
921 1263
442 1327
442 2958
1327 2140
1327 1439
2140 2455
2455 2747
2747 2426
2747 2084
2426 1492
1492 1224
1224 2526
2526 141
141 2376
141 1040
2376 13
13 1914
13 2816
1914 1302
1302 2100
2100 2692
2692 1204
2692 481
1204 454
1204 320
454 2626
2626 815
815 1192
1192 2716
2716 2360
2716 1628
2360 1942
1942 2906
2906 754
2906 245
754 1186
754 377
1186 2410
2410 2785
2785 1918
2785 1095
1918 814
1918 2820
814 1298
814 1803
1298 2588
1298 2862
2588 38
2588 980
38 2665
2665 2193
2665 2377
2193 1735
2193 629
1735 2178
2178 2246
2178 810
2246 2913
2246 1617
2913 1239
1239 169
1239 282
169 2921
169 633
2921 2615
2921 1219
2615 1923
1923 2558
2558 704
704 2950
704 2586
2950 138
138 1134
1134 2661
2661 2040
2040 2364
2364 1123
1123 562
1123 18
562 1936
1936 1790
1790 1355
1355 803
803 619
619 1026
619 1260
1026 948
948 1073
1073 685
685 1613
685 1257
1613 2274
2274 2231
2231 440
2231 2566
440 2373
2373 28
28 2509
28 1155
2509 2699
2509 539
2699 1581
1581 1652
1652 2059
2059 1739
2059 435
1739 2673
1739 323
2673 999
999 2567
2567 2532
2532 1374
1374 2068
1374 1821
2068 413
413 2033
413 2398
2033 1075
1075 1195
1195 2138
1195 1027
2138 489
2138 2206
489 2104
489 922
2104 527
2104 2116
527 2290
2290 1282
2290 1720
1282 2826
1282 6
2826 1813
2826 1553
1813 2788
1813 1832
2788 2614
2788 2395
2614 2868
2614 1175
2868 2397
2397 2819
2397 659
2819 160
2819 1696
160 174
160 680
174 2652
174 2521
2652 1717
1717 2633
2633 2315
2633 884
2315 805
805 529
805 782
529 2337
529 1674
2337 596
2337 1367
596 583
583 2536
2536 1621
2536 1328
1621 606
606 2046
606 187
2046 1368
2046 1810
1368 684
1368 2936
684 2694
684 598
2694 2205
2694 2449
2205 533
2205 532
533 555
533 1648
555 2729
555 839
2729 1207
2729 210
1207 2378
2378 856
856 1337
856 109
1337 1525
1337 1518
1525 1644
1644 924
1644 146
924 1315
924 2570
1315 2533
1315 2331
2533 1511
2533 2882
1511 675
1511 483
675 934
934 2224
934 2645
2224 1208
2224 385
1208 1822
1208 1140
1822 2647
2647 674
2647 294
674 389
674 2188
389 1237
1237 2502
2502 1122
1122 906
906 2634
906 1306
2634 1723
2634 1707
1723 1001
1001 1031
1001 2400
1031 1042
1031 1976
1042 2949
2949 2662
2949 1932
2662 1101
1101 1664
1101 959
1664 1808
1808 2354
1808 1422
2354 2269
2354 2486
2269 2335
2335 1357
2335 2520
1357 1563
1563 1407
1407 1246
1407 2220
1246 2336
2336 2064
2064 2079
2079 544
544 2306
544 2111
2306 1844
1844 1989
1989 623
623 2150
2150 1694
1694 1722
1694 2762
1722 987
1722 2809
987 2402
987 1599
2402 129
129 1615
129 2262
1615 1223
1615 507
1223 910
910 954
910 353
954 800
800 1384
1384 761
761 2884
761 15
2884 1324
2884 34
1324 2329
2329 1855
2329 276
1855 1301
1855 1149
1301 973
1301 875
973 1126
973 2118
1126 2280
1126 2010
2280 1589
2280 862
1589 742
742 156
742 823
156 1188
156 2153
1188 916
1188 184
916 1054
916 1303
1054 1372
1372 2613
2613 1971
1971 1183
1971 1108
1183 2244
2244 12
2244 1016
12 2552
12 1771
2552 2300
2300 1433
1433 2024
1433 140
2024 2217
2217 707
707 1457
1457 1538
1457 2709
1538 80
1538 902
80 1593
1593 1647
1593 1275
1647 1703
1703 100
1703 1705
100 2144
100 759
2144 1094
1094 879
1094 415
879 213
213 1278
1278 1162
1278 1432
1162 1396
1162 1656
1396 1806
1396 431
1806 1152
1152 1313
1152 397
1313 2361
2361 1596
2361 1015
1596 737
1596 670
737 2453
2453 608
2453 285
608 56
608 1534
56 312
56 1066
312 2840
2840 858
858 1885
858 82
1885 2620
1885 2301
2620 2334
2334 1827
2334 2595
1827 2117
2117 2381
2117 953
2381 2693
2381 2158
2693 259
259 1418
1418 79
1418 2541
79 2496
79 2161
2496 355
355 2920
2920 646
646 1993
646 853
1993 1784
1784 2082
1784 310
2082 2656
2656 17
2656 1561
17 406
17 1540
406 2167
406 617
2167 72
2167 901
72 1137
1137 1399
1137 2727
1399 1516
1399 1847
1516 750
1516 461
750 1100
1100 43
1100 62
43 1816
43 196
1816 2734
1816 797
2734 1096
1096 900
900 2787
900 571
2787 2556
2787 314
2556 316
316 2955
316 802
2955 2047
2047 706
706 1165
706 2255
1165 1799
1165 2312
1799 2425
2425 193
2425 1868
193 2344
2344 830
2344 1623
830 1041
1041 1153
1153 868
1153 1873
868 647
647 2409
647 792
2409 475
475 2894
475 1481
2894 2328
2894 2821
2328 183
183 195
183 752
195 1886
1886 234
234 1779
234 2562
1779 2357
1779 2027
2357 2814
2357 1744
2814 744
744 1228
1228 191
1228 2041
191 2316
2316 2781
2316 1840
2781 2081
2781 837
2081 2887
2081 843
2887 9
9 1760
1760 2869
1760 1955
2869 2026
2026 1734
1734 1349
1349 2901
2901 1568
2901 1668
1568 239
239 1462
239 1908
1462 127
127 1458
1458 1777
1458 1233
1777 556
556 1970
556 2211
1970 2825
1970 1276
2825 25
2825 2903
25 2156
2156 2519
2519 1267
1267 1437
1267 2478
1437 2348
2348 2886
2348 2015
2886 2636
2886 2034
2636 2189
2636 576
2189 1785
2189 2666
1785 2367
2367 1119
1119 781
1119 1935
781 2856
2856 2852
2856 2088
2852 944
944 2352
944 2590
2352 1684
1684 731
1684 1587
731 2618
2618 1335
2618 1519
1335 872
872 1986
872 1529
1986 1864
1864 2750
1864 2292
2750 68
68 2873
68 1892
2873 1125
1125 2186
1125 2160
2186 1963
1963 1770
1770 2427
2427 2925
2427 2011
2925 726
726 1062
1062 1161
1062 2180
1161 2600
1161 1585
2600 960
2600 2387
960 1360
1360 851
1360 1331
851 1660
1660 1093
1660 1701
1093 848
1093 1417
848 2703
2703 2817
2703 2697
2817 2708
2708 876
876 1588
876 407
1588 1626
1626 128
128 1501
128 2944
1501 2465
2465 41
41 1891
41 420
1891 651
1891 452
651 410
410 661
410 1709
661 2736
661 113
2736 1460
1460 1639
1639 2052
2052 2829
2052 2670
2829 1893
2829 2710
1893 1533
1893 2793
1533 1762
1533 144
1762 2391
1762 2827
2391 2877
2877 907
907 1038
1038 1079
1038 615
1079 164
164 2757
164 1499
2757 2401
2757 2166
2401 968
968 2228
2228 1851
2228 1466
1851 1825
1825 1670
1825 2767
1670 1435
1670 2319
1435 2174
2174 1900
2174 1685
1900 2800
2800 2415
2800 1241
2415 31
2415 2129
31 47
31 2370
47 19
19 1746
1746 1608
1608 2102
1608 2459
2102 114
114 1198
114 2278
1198 2127
1198 1065
2127 155
2127 756
155 1759
155 540
1759 569
1759 198
569 5
569 1164
5 2576
2576 2838
2576 2175
2838 1658
1658 1841
1841 2810
1841 2542
2810 1351
2810 2931
1351 728
1351 2125
728 372
728 933
372 2239
2239 1917
2239 2601
1917 2606
2606 1450
1450 1580
1580 1181
1580 374
1181 2678
1181 2513
2678 975
975 2285
975 206
2285 2304
2285 785
2304 2754
2304 2899
2754 1750
1750 1743
1750 695
1743 2420
2420 2248
2420 1081
2248 186
186 2394
2394 188
188 16
16 1160
16 1240
1160 2037
1160 1898
2037 2257
2257 774
2257 1227
774 599
774 1021
599 1883
599 319
1883 1179
1179 2749
1179 506
2749 2833
2749 2924
2833 2738
2833 1543
2738 81
81 1602
81 217
1602 1571
1602 2654
1571 2953
1571 318
2953 122
2953 2241
122 2516
2516 1823
1823 235
235 1170
1170 2380
1170 2351
2380 1279
2380 825
1279 393
1279 949
393 1786
393 304
1786 2518
1786 682
2518 1389
1389 2212
1389 2791
2212 2162
2212 2295
2162 207
207 2915
207 2289
2915 1314
1314 2660
2660 743
743 326
326 1067
1067 58
1067 2696
58 1361
1361 1058
1361 2107
1058 267
1058 972
267 904
904 905
904 535
905 2044
905 1144
2044 134
2044 811
134 107
134 836
107 2612
107 2057
2612 2196
2196 1398
1398 1468
1398 2142
1468 2537
2537 376
376 716
716 167
716 2627
167 1265
167 64
1265 2359
1265 2119
2359 1854
2359 698
1854 1523
1523 2203
1523 408
2203 70
2203 112
70 1049
70 116
1049 1769
1769 1911
1911 1888
1911 2183
1888 1866
1866 1381
1381 1751
1751 1274
1274 2163
2163 2923
2163 136
2923 2474
2923 2450
2474 2551
2551 1180
2551 287
1180 2261
1180 2412
2261 1607
2261 1630
1607 296
296 604
296 1686
604 551
604 1631
551 2110
551 279
2110 899
2110 373
899 672
672 2609
672 1243
2609 1614
2609 2323
1614 2461
1614 149
2461 1546
1546 1850
1850 1761
1761 266
1761 1086
266 2560
2560 2423
2560 678
2423 1654
1654 159
1654 2774
159 2780
159 1354
2780 2266
2266 1959
1959 1975
1975 686
1975 2686
686 493
493 307
307 2733
307 1605
2733 2209
2209 2493
2209 2296
2493 11
2493 2575
11 1467
11 1551
1467 2152
2152 1776
2152 1958
1776 2325
2325 1669
2325 2675
1669 1359
1669 2746
1359 1004
1004 2078
2078 733
2078 1072
733 292
292 1541
292 152
1541 747
1541 346
747 878
747 1950
878 917
878 1406
917 873
917 668
873 1999
1999 2951
1999 2624
2951 2029
2029 491
491 995
995 1395
995 2075
1395 283
1395 2508
283 929
283 1767
929 103
929 2353
103 130
103 1104
130 1127
1127 2794
2794 512
512 1250
1250 343
1250 497
343 2589
2589 89
89 1928
89 1715
1928 1114
1928 449
1114 1818
1818 2544
2544 616
2544 2495
616 1843
616 2345
1843 1438
1843 2860
1438 2849
1438 1945
2849 313
313 925
925 748
925 936
748 769
748 330
769 53
53 2909
2909 1451
2909 2452
1451 648
648 2342
2342 1166
2342 828
1166 1865
1865 523
1865 322
523 1299
523 2281
1299 627
1299 1773
627 1550
1550 503
503 1193
1193 92
1193 4
92 889
92 595
889 1024
889 2237
1024 681
681 85
85 293
85 1814
293 1478
293 2812
1478 2770
1478 2916
2770 1874
2770 2748
1874 639
639 281
281 1380
281 594
1380 201
1380 2863
201 1763
1763 1039
1039 2957
1039 1524
2957 2926
2926 2349
2926 2719
2349 813
813 516
516 2917
2917 1132
1132 776
1132 386
776 1913
776 2288
1913 1206
1206 1894
1894 2946
2946 1371
1371 2372
2372 485
2372 1775
485 611
485 1880
611 2195
2195 992
992 1124
1124 1325
1325 71
71 1558
71 456
1558 1169
1558 2089
1169 1409
1169 306
1409 2199
1409 2919
2199 2805
2805 1287
2805 123
1287 2759
1287 2121
2759 2872
2872 2912
2872 2368
2912 1350
2912 687
1350 2847
1350 2074
2847 950
2847 694
950 2874
950 2197
2874 1877
2874 663
1877 2043
2043 1667
1667 2190
1667 705
2190 1408
2190 1757
1408 1956
1956 1679
1956 2539
1679 1704
1704 801
801 626
626 729
626 2287
729 2841
2841 1740
1740 1731
1740 1537
1731 2853
1731 1084
2853 165
2853 525
165 2444
2444 1427
2444 2392
1427 542
1427 2512
542 1266
1266 636
636 766
636 620
766 2416
766 727
2416 1783
1783 2356
2356 1646
2356 2681
1646 2739
1646 1423
2739 1052
1052 2871
2871 1801
1801 1944
1944 1897
1897 989
1897 332
989 2583
989 1014
2583 1920
2583 1601
1920 2314
2314 1616
1616 205
205 564
205 1434
564 653
653 490
653 649
490 2649
490 1087
2649 1583
2649 2584
1583 1798
1798 1565
1798 1424
1565 2555
2555 708
708 2715
2715 2744
2744 1459
1459 404
404 767
767 1013
767 969
1013 349
1013 27
349 1032
1032 581
1032 189
581 2942
2942 2341
2341 1549
1549 1985
1549 1972
1985 2114
1985 2379
2114 176
2114 1941
176 2307
176 1212
2307 582
2307 2431
582 2769
2769 1721
1721 2700
1721 209
2700 1345
2700 2066
1345 1579
1579 1812
1579 893
1812 59
1812 2741
59 585
585 768
585 1019
768 1480
768 2123
1480 2124
1480 2383
2124 827
2124 2778
827 638
827 885
638 2553
638 1858
2553 238
2553 683
238 1226
238 2105
1226 1890
1890 2210
1890 1326
2210 909
2210 1634
909 2215
2215 264
264 190
264 1749
190 1766
1766 1904
1904 32
1904 1952
32 1431
32 257
1431 926
926 1732
1732 1506
1732 2109
1506 1217
1506 1794
1217 2956
1217 1675
2956 2441
2441 883
883 1845
883 2260
1845 1968
1845 1069
1968 2438
2438 908
908 1174
1174 104
104 2414
2414 2475
2475 1528
2475 237
1528 637
637 423
637 2579
423 1482
423 1882
1482 2651
1482 1272
2651 1089
2651 2549
1089 2930
2930 473
2930 2522
473 2275
2275 181
181 2106
2106 1997
2106 628
1997 502
502 2564
2564 1665
2564 515
1665 2797
1665 148
2797 621
621 2850
2850 2897
2850 1875
2897 845
845 1002
1002 978
1002 2684
978 1385
1385 930
1385 613
930 2363
2363 226
226 1151
226 1582
1151 2573
1151 2724
2573 1340
1340 2004
2004 247
247 90
247 44
90 1645
1645 1804
1645 1576
1804 882
1804 2451
882 1710
1710 1996
1710 2630
1996 1566
1566 593
1566 66
593 2674
593 1809
2674 547
547 1440
1440 1909
1909 2276
2276 219
219 795
795 2753
2753 185
185 1268
1268 1988
1268 480
1988 1248
1248 2298
2298 1255
2298 251
1255 2851
2851 1859
1859 914
914 2834
2834 994
994 1849
1849 570
570 317
317 578
578 1603
578 510
1603 850
850 849
849 824
849 215
824 2061
824 132
2061 1477
2061 2563
1477 1353
1477 1895
1353 380
1353 1979
380 2939
380 2326
2939 443
443 46
46 1792
46 2789
1792 348
1792 301
348 1358
1358 1043
1043 1853
1043 1848
1853 799
1853 624
799 1861
799 1017
1861 1247
1247 1045
1247 1414
1045 976
976 1173
976 2843
1173 139
1173 2432
139 1236
139 1375
1236 2577
1236 1091
2577 1574
2577 1346
1574 444
444 2091
2091 725
2091 1502
725 1992
1992 1334
1334 479
479 2571
2571 1364
1364 538
1364 1231
538 298
298 1209
1209 1184
1184 2
2 1071
2 1503
1071 1150
1150 2587
2587 1131
2587 865
1131 1129
1129 666
666 1590
1590 55
1590 2252
55 54
54 57
57 1447
57 2131
1447 2904
1447 220
2904 2318
2904 660
2318 466
2318 2179
466 476
476 2369
476 1295
2369 2338
2369 1772
2338 233
233 2470
233 2854
2470 530
530 1884
530 709
1884 2898
1884 91
2898 679
679 1584
1584 1781
1781 1604
1604 2099
2099 2918
2099 2885
2918 2155
2155 1964
1964 665
665 1491
665 1187
1491 1317
1491 2935
1317 982
982 463
982 1796
463 2419
463 1902
2419 2233
2233 428
2233 1205
428 2457
428 831
2457 2677
2677 642
642 1146
642 1754
1146 715
715 2182
715 2374
2182 2358
2182 2531
2358 2115
2358 2294
2115 263
263 1036
263 45
1036 519
519 2941
519 2628
2941 1974
2941 2321
1974 2883
1974 2911
2883 1413
1413 2523
2523 2510
2523 1929
2510 1133
2510 2204
1133 495
495 888
495 1547
888 662
888 2434
662 2592
2592 2616
2616 2505
2616 1595
2505 274
274 2648
274 1310
2648 382
382 2313
2313 1365
1365 1121
1365 1005
1121 988
988 714
988 650
714 2722
2722 635
635 1978
1978 788
1978 2705
788 1452
788 446
1452 2230
1452 1753
2230 2428
2230 2807
2428 1158
1158 458
1158 154
458 2685
458 2083
2685 321
2685 1388
321 1429
1429 1681
1429 2585
1681 804
1681 2333
804 775
775 1505
1505 166
166 2350
2350 1182
2350 336
1182 284
1182 60
284 2476
284 231
2476 438
2476 254
438 1035
1035 1774
1774 2132
2132 288
288 437
437 2062
437 2347
2062 1117
2062 2499
1117 601
601 829
829 1807
829 1629
1807 2006
2006 1377
1377 1527
1527 1330
1330 2273
2273 1552
2273 305
1552 2960
1552 2263
2960 1168
1168 65
65 816
65 328
816 894
894 1967
894 1103
1967 2284
1967 1244
2284 1741
1741 559
559 1115
1115 2599
1115 572
2599 2712
2599 2340
2712 641
2712 2133
641 537
641 1564
537 2460
537 586
2460 1600
2460 1063
1600 2525
1600 1752
2525 1791
2525 241
1791 2053
1791 612
2053 713
713 494
713 170
494 2235
2235 2008
2235 859
2008 302
302 172
172 566
172 696
566 2605
566 1305
2605 2214
2214 469
2214 723
469 997
997 1691
997 2157
1691 518
1691 2086
518 2404
2404 1973
1973 42
42 1116
1116 2437
2437 1344
1344 1191
1344 2831
1191 1102
1102 1476
1102 1254
1476 2113
1476 1416
2113 2500
2113 2902
2500 870
870 2623
2623 1128
1128 1348
1128 1641
1348 1033
1033 1690
1033 957
