8 2583 114827
3 2
2 1
2 8
1 5
1 7
5 4
4 6
1755 2435
2435 91
2435 437
91 1916
1916 2202
2202 2397
2397 2489
2397 1232
2489 728
728 730
730 2411
2411 292
292 339
339 2579
339 498
2579 2403
2579 1747
2403 2118
2118 1822
2118 1025
1822 1345
1822 1651
1345 1150
1345 902
1150 1625
1150 2534
1625 189
1625 286
189 1603
1603 1800
1603 499
1800 1029
1029 898
898 2502
2502 1709
2502 1521
1709 1132
1709 2084
1132 1194
1132 613
1194 1123
1123 547
547 451
451 1952
451 2512
1952 2286
1952 2099
2286 2212
2286 270
2212 1450
1450 1894
1450 1551
1894 2129
2129 2393
2393 2514
2514 1499
1499 1394
1394 1173
1394 1886
1173 2430
2430 954
2430 26
954 2250
2250 1705
1705 337
337 802
337 1325
802 57
57 1037
57 2444
1037 955
955 2427
955 2360
2427 2242
2242 1460
1460 1254
1460 1010
1254 2457
2457 1668
2457 1687
1668 324
1668 1031
324 2451
2451 2022
2022 368
368 958
368 1570
958 553
958 198
553 1618
1618 266
266 1893
1893 19
19 2409
2409 1964
1964 2468
1964 1333
2468 896
896 1130
1130 1730
1130 1070
1730 2522
1730 615
2522 1543
2522 2443
1543 619
619 697
697 2126
2126 9
2126 1897
9 2048
2048 1005
1005 2107
1005 1128
2107 1643
1643 1144
1643 456
1144 1279
1144 2207
1279 1444
1279 1562
1444 2384
1444 2334
2384 450
450 709
450 614
709 1154
1154 1275
1154 2064
1275 516
1275 2307
516 1339
516 2568
1339 187
187 2452
187 1875
2452 1115
1115 1423
1423 857
857 1151
1151 691
691 97
691 1949
97 2544
97 132
2544 740
740 1200
1200 2246
1200 153
2246 89
89 1740
1740 933
933 211
933 1213
211 1855
211 682
1855 2310
2310 1436
2310 1914
1436 1973
1973 2497
2497 1125
1125 1505
1125 2399
1505 391
1505 837
391 581
581 13
13 1832
1832 561
561 190
561 907
190 2517
190 475
2517 303
303 2046
2046 2161
2161 46
46 1753
46 929
1753 2368
2368 1268
1268 1000
1000 921
921 770
770 914
914 2244
914 308
2244 631
631 1565
1565 606
1565 2146
606 2001
2001 80
2001 2092
80 150
150 1261
150 155
1261 1045
1045 1644
1045 585
1644 2377
2377 1256
1256 362
362 2079
2079 281
281 1788
1788 661
661 127
661 1654
127 193
193 634
193 2150
634 195
195 992
992 2569
992 2353
2569 73
2569 2204
73 1203
1203 2257
1203 461
2257 838
838 1027
838 1024
1027 815
815 98
815 2567
98 1811
1811 240
1811 608
240 2320
240 812
2320 1369
1369 531
531 2180
2180 2533
2180 49
2533 962
962 2509
2509 1051
2509 124
1051 913
913 1416
913 2355
1416 708
708 1284
708 1899
1284 754
754 590
754 1419
590 1420
1420 1688
1420 1484
1688 2301
2301 1553
2301 2389
1553 1592
1553 1953
1592 160
160 197
160 901
197 423
197 2510
423 979
423 1975
979 1749
1749 1063
1063 2068
2068 957
957 1387
1387 1214
1387 1825
1214 689
689 2376
689 116
2376 2282
2282 1936
2282 1982
1936 464
1936 167
464 172
464 2158
172 2130
172 966
2130 1118
2130 2346
1118 417
1118 2340
417 2454
417 1675
2454 635
635 301
301 2583
301 484
2583 1560
1560 325
325 2261
325 284
2261 2566
2261 1352
2566 2115
2566 1673
2115 1596
1596 2518
1596 12
2518 2520
2518 2453
2520 10
10 956
956 1038
1038 1846
1038 525
1846 666
666 1099
666 1097
1099 140
1099 1280
140 2111
140 2507
2111 576
576 839
839 1397
1397 1453
1453 1729
1729 1887
1729 558
1887 1946
1887 1331
1946 2267
1946 1513
2267 2440
2267 1104
2440 1035
2440 1883
1035 1392
1392 2511
1392 1555
2511 2171
2511 2455
2171 77
77 1264
77 2577
1264 1026
1026 971
971 288
971 931
288 598
598 1526
598 1992
1526 2315
1526 1602
2315 1019
1019 387
387 416
387 1792
416 2493
2493 177
2493 1682
177 1441
177 1157
1441 1918
1441 2123
1918 341
341 1757
341 262
1757 2276
2276 826
2276 967
826 1466
1466 1366
1366 1615
1366 323
1615 1955
1615 322
1955 101
101 118
118 2574
2574 388
2574 2459
388 1226
1226 1978
1978 711
1978 1985
711 2300
2300 1176
2300 2124
1176 889
1176 1905
889 686
686 678
686 1951
678 1207
678 2371
1207 212
1207 1233
212 2175
212 2361
2175 1642
2175 311
1642 2014
2014 92
92 1148
1148 777
1148 549
777 2464
2464 2223
2223 2193
2193 379
2193 104
379 538
379 1056
538 2280
2280 2009
2280 1127
2009 2365
2009 166
2365 1288
2365 207
1288 1852
1288 1040
1852 1298
1852 1082
1298 1984
1984 1656
1656 533
533 1649
1649 2462
2462 1587
1587 2239
2239 1594
2239 2275
1594 2341
1594 1329
2341 1206
1206 706
706 2391
706 807
2391 1418
1418 545
1418 1455
545 2311
545 2501
2311 496
2311 481
496 892
496 297
892 1628
892 881
1628 2145
2145 1271
1271 1608
1608 1641
1641 744
744 1782
1782 876
1782 2063
876 1772
876 1827
1772 1849
1849 659
659 589
659 1559
589 543
543 2425
2425 2181
2181 134
2181 1831
134 616
134 580
616 796
796 572
572 227
227 409
409 1986
1986 599
599 129
599 924
129 2035
129 2442
2035 2516
2035 536
2516 1576
2516 694
1576 79
79 1039
1039 627
1039 743
627 1143
1143 1872
1872 985
1872 1390
985 2220
985 106
2220 2140
2220 571
2140 1890
2140 376
1890 737
737 940
940 1308
940 871
1308 1384
1384 1865
1384 555
1865 2359
1865 1426
2359 522
522 147
147 1535
147 2135
1535 1427
1535 2002
1427 524
524 357
524 1437
357 2114
357 326
2114 1111
2114 2274
1111 1809
1809 397
397 1787
397 114
1787 2162
1787 1305
2162 419
419 584
584 2547
584 2388
2547 948
948 1243
1243 1783
1783 1110
1783 275
1110 1998
1110 469
1998 221
1998 2285
221 1162
1162 1812
1162 178
1812 20
1812 2582
20 713
20 434
713 334
334 2309
334 1309
2309 1177
1177 2576
2576 1661
2576 2206
1661 1408
1661 1152
1408 951
1408 2392
951 185
185 231
231 1456
231 1462
1456 1921
1456 882
1921 780
780 2356
780 722
2356 156
2356 2306
156 813
156 2125
813 1840
1840 1710
1710 174
174 1073
174 2006
1073 1414
1414 1810
1810 577
577 583
583 425
583 141
425 1319
425 1388
1319 1296
1296 1225
1225 784
784 2332
784 1724
2332 1554
2332 1492
1554 1976
1554 186
1976 2224
1976 463
2224 916
916 1542
1542 1862
1542 1734
1862 1591
1591 52
1591 507
52 1609
1609 644
1609 71
644 836
644 1217
836 1607
836 2487
1607 375
375 2314
375 2199
2314 2272
2272 56
2272 1694
56 446
446 1140
446 752
1140 2333
1140 1991
2333 2269
2269 1431
1431 1848
1848 112
112 2406
112 718
2406 873
2406 1102
873 2401
873 2039
2401 1211
1211 2422
1211 1252
2422 300
2422 1617
300 452
300 2059
452 1737
452 1595
1737 554
554 457
554 863
457 1301
1301 2030
2030 1983
2030 1756
1983 2021
1983 851
2021 1538
2021 548
1538 2463
2463 1744
2463 1244
1744 751
1744 194
751 762
762 356
762 2504
356 1221
356 1
1221 1489
1221 869
1489 1421
1421 552
552 953
552 1683
953 1212
1212 855
855 596
596 947
596 623
947 1610
947 2426
1610 401
401 1477
401 1943
1477 2043
2043 803
803 764
764 2367
764 1684
2367 1719
2367 2291
1719 1199
1199 790
1199 557
790 2471
790 2542
2471 1693
1693 2326
2326 442
2326 1398
442 2262
2262 1803
2262 471
1803 1962
1803 1290
1962 110
110 1170
110 1728
1170 1660
1170 1277
1660 1382
1382 135
1382 1891
135 1350
135 567
1350 795
795 95
795 1383
95 2185
2185 285
2185 2321
285 2196
285 1721
2196 823
2196 2329
823 714
714 1338
714 314
1338 2143
2143 2366
2143 2075
2366 1635
1635 248
1635 760
248 680
248 1274
680 1933
1933 1868
1868 2024
2024 384
384 1175
1175 2513
1175 15
2513 1577
1577 818
1577 1076
818 1346
818 1303
1346 2543
1346 1395
2543 1531
2543 604
1531 629
1531 1584
629 1216
1216 1306
1216 626
1306 317
317 778
317 574
778 1139
778 1702
1139 1738
1139 2234
1738 1923
1923 2208
1923 897
2208 2343
2343 1220
2343 1036
1220 1003
1220 2278
1003 1873
1003 1915
1873 43
43 2174
43 866
2174 1172
1172 175
175 2213
175 1517
2213 1665
1665 984
1665 1996
984 1276
984 1121
1276 396
396 761
761 990
990 1096
990 1291
1096 703
1096 903
703 204
703 1746
204 534
204 2571
534 2283
2283 1509
1509 473
1509 508
473 1269
473 675
1269 2121
2121 2179
2121 2112
2179 1107
1107 1908
1107 1163
1908 1095
1095 36
36 371
36 321
371 2423
2423 2156
2423 816
2156 625
625 900
900 295
295 394
394 934
934 2380
934 480
2380 2482
2482 1926
1926 1218
1218 1410
1410 247
247 407
247 216
407 2558
407 509
2558 980
980 2036
980 1856
2036 2496
2496 491
2496 1077
491 1041
491 125
1041 858
1041 1723
858 1967
858 853
1967 1652
1967 1169
1652 427
1652 128
427 1671
1671 2551
1671 465
2551 1869
2551 4
1869 122
1869 2550
122 1009
1009 618
618 2414
2414 2347
2414 64
2347 1785
1785 2189
1785 367
2189 1981
1981 840
840 228
840 1381
228 2027
228 987
2027 864
864 2438
864 83
2438 2499
2438 1164
2499 213
2499 1079
213 2351
213 1910
2351 241
241 1503
241 834
1503 1795
1503 1881
1795 2255
1795 2478
2255 2153
2255 1536
2153 582
2153 1167
582 519
519 1159
519 1854
1159 1696
1696 806
806 1878
806 1515
1878 814
814 2289
814 707
2289 336
2289 243
336 282
282 107
282 1433
107 1166
1166 842
1166 1122
842 2357
842 1354
2357 1270
1270 2304
1270 1335
2304 1093
1093 1804
1093 2488
1804 374
1804 1540
374 1004
1004 148
148 1879
1879 2495
2495 149
2495 528
149 1920
1920 287
1920 1706
287 1520
1520 390
390 2177
390 2375
2177 1714
2177 62
1714 2066
2066 2243
2243 867
2243 1131
867 2330
2330 1620
2330 960
1620 412
1620 151
412 787
787 1797
787 729
1797 1316
1316 517
1316 2152
517 923
923 386
386 1007
1007 1777
1777 676
1777 1816
676 732
732 2470
732 2449
2470 609
2470 81
609 1948
609 1179
1948 290
1948 1204
290 168
168 230
168 1109
230 2007
2007 1358
2007 1864
1358 1561
1358 1703
1561 511
1561 2527
511 1458
511 1676
1458 772
1458 1224
772 1085
1085 1222
1085 663
1222 748
1222 1589
748 861
748 1940
861 904
904 1699
1699 347
1699 2221
347 1155
347 93
1155 274
274 1237
1237 23
1237 1796
23 1133
23 1028
1133 2483
2483 669
669 1741
669 1430
1741 1839
1741 2102
1839 1679
1839 1299
1679 2026
2026 1075
2026 1823
1075 785
785 2164
785 100
2164 138
2164 2575
138 210
210 319
319 1645
1645 849
1645 910
849 1334
1334 2410
1334 350
2410 2133
2410 930
2133 1185
1185 1267
1185 1101
1267 1715
1267 991
1715 893
1715 1820
893 2456
893 1156
2456 2088
2088 1763
2088 2421
1763 532
532 1518
532 1566
1518 1937
1937 289
1937 750
289 214
214 2327
214 1771
2327 40
40 1717
40 944
1717 1968
1968 253
1968 852
253 1861
1861 1183
1183 1065
1065 94
1065 1704
94 1042
1042 1713
1713 938
1713 202
938 1297
938 1847
1297 1919
1919 309
1919 1336
309 1511
309 370
1511 1347
1511 418
1347 1514
1347 2548
1514 2560
2560 90
2560 2254
90 1195
90 2065
1195 181
1195 459
181 2316
2316 105
105 600
600 649
600 1989
649 1876
649 1491
1876 891
1876 959
891 593
891 312
593 1050
593 2186
1050 1689
1689 1198
1689 868
1198 894
1198 2238
894 184
184 2412
2412 1479
2412 1945
1479 1052
1052 298
1052 1545
298 2188
2188 2103
2103 225
225 805
225 1759
805 422
422 302
302 2578
302 34
2578 695
2578 32
695 67
67 2265
67 841
2265 1523
1523 203
203 1370
1370 2418
1370 1859
2418 905
2418 2122
905 1580
905 1445
1580 771
1580 180
771 2028
2028 1762
2028 2073
1762 2237
1762 1135
2237 2308
2237 1979
2308 3
2308 2233
3 652
3 1528
652 1524
1524 2469
1524 63
2469 173
2469 443
173 126
126 717
717 2474
717 361
2474 1519
2474 2047
1519 1475
1475 988
1475 1631
988 65
65 650
65 2445
650 470
650 1882
470 39
39 85
85 404
85 972
404 1896
404 1053
1896 2210
1896 1067
2210 2564
2564 1113
2564 1349
1113 1429
1429 2258
2258 1379
1379 377
377 2268
2268 2095
2095 890
890 1510
1510 710
1510 887
710 2565
710 1401
2565 2581
2581 2000
2581 1304
2000 2372
2372 1317
1317 1697
1317 139
1697 2015
1697 1634
2015 1473
2015 922
1473 1124
1473 400
1124 1090
1124 218
1090 1573
1573 1412
1412 2485
2485 2160
2160 2071
2071 699
699 2524
699 1344
2524 597
597 546
597 2572
546 35
546 436
35 1292
1292 877
877 610
610 1532
610 1701
1532 2054
1532 765
2054 1906
2054 267
1906 1913
1906 2155
1913 87
87 2295
2295 131
2295 2091
131 540
131 120
540 835
835 1718
835 817
1718 1838
1718 1049
1838 137
137 2249
2249 716
716 1425
716 681
1425 1312
1425 996
1312 1323
1312 2395
1323 2184
1323 745
2184 2539
2539 908
908 1539
1539 1626
1539 506
1626 1922
1626 2446
1922 1557
1922 1320
1557 66
1557 359
66 1061
66 414
1061 373
1061 1988
373 183
183 1912
1912 1678
1912 674
1678 1550
1678 2020
1550 1208
1208 494
1208 2053
494 1106
494 746
1106 2559
2559 1613
1613 2433
2433 259
259 389
259 541
389 1215
1215 700
700 1870
1870 1504
1504 566
566 2465
2465 1999
2465 2523
1999 1834
1999 1389
1834 1720
1834 639
1720 1692
1692 293
1692 535
293 1196
293 501
1196 809
809 530
530 512
512 331
512 1365
331 2344
2344 1205
1205 2078
1205 2466
2078 338
2078 527
338 2215
338 773
2215 1516
2215 2328
1516 1188
1516 2331
1188 1438
1438 1969
1438 1141
1969 2273
2273 1192
1192 245
245 1342
245 721
1342 268
268 1424
268 1230
1424 1632
1424 719
1632 1032
1032 935
935 313
935 844
313 2521
2521 1417
2521 2139
1417 662
662 2383
662 1013
2383 911
911 234
234 738
738 2363
738 72
2363 668
668 672
668 811
672 1833
1833 1674
1833 829
1674 426
1674 1483
426 2232
426 1821
2232 1311
2232 2170
1311 2017
1311 792
2017 1422
2017 477
1422 352
352 273
352 1942
273 1944
1944 2408
2408 1046
2408 1963
1046 989
989 1060
989 467
1060 2400
2400 1770
2400 2004
1770 888
1770 2203
888 487
487 1367
1367 1482
1482 1512
1482 2336
1512 1493
1493 2117
1493 824
2117 1745
1745 2526
2526 1646
2526 2218
1646 1242
1242 255
255 1826
255 794
1826 2531
2531 1337
1337 458
1337 244
458 2337
458 2271
2337 2405
2337 755
2405 1180
2405 1604
1180 191
191 712
191 1094
712 621
712 2144
621 1178
1178 161
161 2415
161 1086
2415 430
430 808
430 1663
808 428
428 2279
428 1359
2279 1043
2279 159
1043 636
636 1181
1181 2037
2037 2378
2378 1260
1260 47
47 14
14 1396
14 2342
1396 1399
1396 489
1399 2069
1399 1583
2069 343
2069 2132
343 280
343 1814
280 1904
280 1867
1904 2369
2369 1108
1108 1494
1494 2364
1494 1600
2364 2045
2045 2168
2045 1680
2168 1930
2168 1439
1930 1201
1201 2216
1201 973
2216 1116
2216 411
1116 1447
1447 192
192 223
192 111
223 1033
223 1754
1033 1459
1033 965
1459 278
278 1791
1791 2044
2044 108
108 41
41 2235
2235 909
2235 380
909 977
977 510
977 2011
510 2031
2031 1403
1403 2101
1403 1601
2101 2573
2573 2335
2335 2051
2335 1136
2051 637
637 188
188 1549
1549 2530
2530 1313
2530 75
1313 1650
1650 2167
2167 1716
2167 2494
1716 242
1716 2128
242 348
242 2302
348 1415
1415 781
1415 171
781 941
781 1451
941 874
874 544
874 1598
544 1907
1907 1958
1907 1286
1958 2127
2127 420
420 2290
420 673
2290 381
381 928
928 830
830 976
976 968
976 926
968 820
968 1368
820 176
176 1476
176 2050
1476 237
237 2178
2178 2076
2076 1273
1273 438
1273 2209
438 1289
438 1842
1289 38
1289 235
38 562
562 1739
1739 1405
1739 1326
1405 1245
1245 804
1245 1623
804 919
804 1579
919 1691
1691 2554
1691 1089
2554 920
2554 136
920 2288
920 774
2288 551
2288 2049
551 1836
1836 685
685 1917
1917 2339
1917 1773
2339 720
2339 2236
720 2472
2472 1614
2472 2561
1614 233
233 1238
1238 157
157 1294
157 1837
1294 2555
2555 1685
1685 1686
1686 296
1686 1743
296 797
296 466
797 358
358 208
358 1012
208 612
208 2563
612 2195
2195 18
18 1758
1758 279
1758 454
279 53
279 843
53 591
53 29
591 1248
591 500
1248 537
537 2148
2148 827
2148 2467
827 74
827 1240
74 2173
2173 441
2173 1014
441 1068
1068 2402
2402 1866
1866 6
1866 2003
6 2097
2097 435
435 2182
435 1548
2182 664
664 472
472 1874
472 1658
1874 1778
1778 1231
1231 1490
1490 1568
1490 651
1568 2060
2060 1534
1534 2157
1534 224
2157 2477
2477 1974
1974 1633
1974 2018
1633 1707
1633 318
1707 1567
1567 1941
1567 316
1941 879
879 2056
2056 859
859 1522
1522 690
1522 899
690 1507
1507 1578
1578 429
429 2381
429 1020
2381 884
884 113
884 1880
113 2417
113 1083
2417 1011
1011 1495
1495 2428
2428 413
413 2194
413 256
2194 1407
1407 1636
1636 821
1636 453
821 220
821 677
220 2104
2104 1283
1283 1360
1360 1023
1023 2557
2557 1817
1817 1829
1817 570
1829 1612
1829 1328
1612 2067
1612 696
2067 1371
1371 232
232 1669
1669 1343
1343 513
1343 1498
513 1781
513 59
1781 2447
1781 1241
2447 86
2447 2297
86 1664
1664 2201
1664 448
2201 769
2201 1165
769 1281
769 2142
1281 825
1281 1362
825 850
825 1327
850 1187
1187 2538
1187 602
2538 1364
2538 250
1364 1432
1432 2087
1432 1752
2087 739
739 925
739 1161
925 1258
1258 885
885 2260
885 767
2260 24
2260 783
24 1844
1844 2240
1844 1406
2240 340
2240 2205
340 2549
2549 1760
2549 123
1760 363
363 833
833 444
444 692
692 365
365 2431
2431 1735
2431 364
1735 433
433 1956
433 1059
1956 169
169 1030
1030 847
847 2528
2528 638
638 1353
638 1413
1353 1266
1266 624
1266 398
624 2420
624 165
2420 2429
2420 2294
2429 1779
1779 2519
1779 1356
2519 1071
1071 1677
1677 734
1677 2110
734 2473
734 1341
2473 2386
2473 1529
2386 1863
2386 1726
1863 628
1863 2080
628 556
556 970
970 2183
970 665
2183 2325
2325 143
143 733
733 998
998 731
731 1769
1769 2096
1769 1058
2096 332
2096 872
332 594
594 25
25 2385
2385 1954
2385 1209
1954 346
346 1239
1239 1480
1239 1924
1480 2147
1480 515
2147 2034
2034 1939
1939 660
1939 22
660 2293
2293 1818
1818 2345
1818 1098
2345 800
800 993
993 17
17 633
633 1590
633 468
1590 937
937 1487
1487 1527
1527 1138
1138 505
505 1569
1569 655
655 1581
1581 2324
2324 654
654 605
654 906
605 31
31 315
315 646
315 1470
646 1409
646 1072
1409 2398
1409 402
2398 586
586 328
328 1690
1690 670
670 2090
670 482
2090 2362
2362 2259
2259 671
2259 1377
671 1022
671 1428
1022 1750
1750 1015
1750 1582
1015 2231
1015 1571
2231 846
2231 2387
846 2486
846 1332
2486 763
763 1711
763 1272
1711 2109
1711 33
2109 1247
1247 1884
1247 2016
1884 1285
1884 320
1285 1965
1965 2105
1965 854
2105 643
643 1330
643 611
1330 70
1330 1293
70 1556
70 1287
1556 355
1556 932
355 1588
355 257
1588 2192
2192 1990
1990 1903
1903 393
393 2061
2061 568
568 1091
1091 2106
2106 667
667 2019
667 117
2019 2319
2019 1380
2319 502
502 102
502 2229
102 1134
102 1006
1134 1174
1174 539
1174 2005
539 271
539 229
271 1322
1322 1784
1322 82
1784 1627
1627 1547
1627 942
1547 1885
1547 2083
1885 2253
2253 1655
2253 209
1655 115
115 78
115 856
78 1774
78 2498
1774 981
981 1103
1103 918
918 862
918 1210
862 810
810 54
810 483
54 1485
54 1348
1485 1481
1485 1938
1481 2529
2529 2270
2529 2448
2270 1228
1228 1508
1228 964
1508 460
460 1708
1708 1830
1830 865
1830 2166
865 518
865 1440
518 742
518 1129
742 2062
742 152
2062 2248
2062 1142
2248 1767
1767 1001
1767 1858
1001 648
1001 1021
648 1324
1324 1278
1324 2113
1278 1950
1950 1016
1950 2436
1016 1457
1016 749
1457 653
653 831
831 630
831 333
630 1355
630 2476
1355 1464
1464 1158
1158 488
1158 1054
488 163
488 520
163 1871
1871 1044
1871 2490
1044 219
219 2424
219 1824
2424 1585
1585 360
360 383
360 2312
383 2350
383 392
2350 1843
2350 2040
1843 2159
1843 1478
2159 1732
1732 952
1732 1446
952 2138
952 736
2138 2191
2138 449
2191 1092
1092 485
1092 1971
485 69
485 1249
69 1597
1597 2100
2100 2277
2100 753
2277 950
950 927
950 2247
927 656
927 164
656 2098
656 1454
2098 2082
2082 1909
2082 1564
1909 55
1909 1262
55 2479
55 724
2479 845
845 2225
845 723
2225 645
645 1253
645 880
1253 196
196 146
196 283
146 1146
1146 1153
1153 2390
2390 2093
2390 2450
2093 2500
2093 2141
2500 1776
1776 1928
1928 354
1928 1502
354 7
7 493
7 1525
493 2460
493 2382
2460 2358
2460 1500
2358 1372
2358 601
1372 2413
2413 2172
2172 1265
2172 1057
1265 961
1265 878
961 1376
961 1227
1376 37
1376 2230
37 1606
37 1074
1606 1391
1391 201
1391 1467
201 1807
1807 1727
1727 440
440 1255
440 1731
1255 406
1255 2074
406 1616
406 1034
1616 2546
2546 1902
2546 2545
1902 48
1902 658
48 182
48 1378
182 2373
2373 1786
2373 1114
1786 492
492 45
45 883
45 405
883 1250
1250 1670
1670 306
306 2120
306 1375
2120 2226
2226 2475
2226 1558
2475 735
2475 915
735 2338
2338 447
2338 1302
447 179
447 490
179 1765
179 2094
1765 828
1765 199
828 1980
1980 372
372 2296
372 27
2296 2025
2025 1640
1640 1722
1640 2515
1722 2131
1722 1574
2131 2058
2131 474
2058 782
2058 768
782 999
999 1794
999 1857
1794 382
382 222
382 1666
222 119
222 497
119 2214
2214 1605
2214 408
1605 2374
2374 1733
2374 1957
1733 478
478 2525
2525 2219
2525 2287
2219 2503
2219 345
2503 2508
2503 975
2508 1078
1078 2187
2187 1629
2187 2317
1629 2052
2052 1251
2052 329
1251 1105
1251 1619
1105 1202
1105 2151
1202 2032
1202 1471
2032 327
327 1190
327 2
1190 1544
1544 1385
1544 84
1385 252
252 1351
1351 236
1351 1593
236 44
44 1452
44 455
1452 2033
1452 801
2033 1017
1017 798
1017 462
798 1977
1977 705
1977 2266
705 514
705 1805
514 1469
1469 1048
1048 1860
1048 2217
1860 2553
1860 42
2553 50
50 1801
1801 421
1801 1972
421 353
353 2241
2241 2303
2241 1889
2303 254
254 1997
254 2200
1997 369
369 2313
2313 269
269 1307
269 2251
1307 1168
1307 2298
1168 939
939 542
939 592
542 162
162 1572
162 1799
1572 385
1572 1235
385 2197
385 1472
2197 1935
1935 88
88 2570
2570 291
291 2379
291 142
2379 1318
2379 727
1318 791
1318 2535
791 529
791 1888
529 945
529 1442
945 330
945 715
330 2396
330 1901
2396 2491
2396 2149
2491 523
2491 917
523 1149
523 1681
1149 2264
2264 688
688 1496
688 679
1496 2154
2154 265
2154 588
265 2038
2038 617
617 2165
2165 1895
2165 1340
1895 403
1895 2072
403 2227
2227 1449
1449 550
550 2134
2134 261
261 1586
261 1008
1586 2432
2432 1648
2432 1929
1648 974
1648 1069
974 277
277 1321
277 99
1321 11
11 2245
2245 997
997 1934
1934 526
526 702
526 2292
702 1300
1300 756
1300 559
756 504
756 60
504 304
304 103
103 886
103 1357
886 1488
1488 1900
1488 445
1900 305
305 1927
305 1373
1927 1624
1927 521
1624 395
395 2552
2552 747
2552 622
747 758
747 1062
758 587
587 249
249 130
130 1892
1892 983
983 1653
983 641
1653 1189
1189 206
206 503
206 307
503 58
503 217
58 848
58 632
848 1611
1611 1806
1611 949
1806 5
5 2081
5 170
2081 439
439 342
439 239
342 2119
342 310
2119 1995
2119 2086
1995 2029
2029 1599
1599 2404
2404 1145
2404 698
1145 603
603 30
30 1443
30 1435
1443 563
1443 1672
563 1087
1087 2322
1087 1537
2322 479
479 875
875 1160
875 1310
1160 701
701 2580
701 832
2580 2163
2163 1621
1621 2441
2441 1541
2441 1725
1541 1639
1639 2108
2108 1828
2108 1966
1828 2416
1828 1851
2416 1657
1657 2540
2540 1533
2540 1186
1533 1877
1877 1790
1790 1748
1790 986
1748 963
963 1546
963 145
1546 133
1546 205
133 2541
133 1295
2541 1563
2541 76
1563 759
759 578
578 1363
1363 1961
1961 1474
1961 2492
1474 1667
1474 1404
1667 575
575 1018
575 2281
1018 415
415 822
415 344
822 2013
2013 1850
2013 936
1850 799
799 2562
2562 61
2562 2299
61 1197
1197 2461
1197 1647
2461 410
410 895
410 1400
895 96
96 1815
1815 1002
1815 1223
1002 726
1002 1768
726 2506
726 1793
2506 693
2506 657
693 1463
693 1047
1463 1506
1506 607
1506 2211
607 2439
2439 776
776 2070
2070 1066
2070 263
1066 68
1066 1402
68 1845
68 943
1845 2176
2176 2370
2370 1055
1055 1182
1055 424
1182 1393
1393 642
1393 1259
642 2252
642 2010
2252 1234
2252 1229
1234 1374
1234 994
1374 264
264 1120
264 1088
1120 1314
1314 1461
1314 1780
1461 2042
2042 1712
2042 2089
1712 16
16 432
16 1736
432 1932
432 2318
1932 272
1932 144
272 1931
272 1993
1931 687
1931 276
687 1808
1808 569
569 982
569 2012
982 640
640 476
640 741
476 1695
1695 1841
1695 251
1841 595
595 258
258 2136
258 486
2136 757
2136 1552
757 1925
757 1112
1925 2023
1925 725
2023 2263
2023 1236
2263 2532
2532 1853
2532 1501
1853 1064
1853 2284
1064 200
1064 335
200 1193
1193 766
766 158
158 2323
158 1751
2323 1263
1263 1147
1263 299
1147 1184
1147 1798
1184 28
28 1126
28 2352
1126 1766
1126 1191
1766 378
378 1659
1659 1575
1575 1819
1575 1959
1819 1775
1775 1119
1775 238
1119 226
226 2169
2169 946
2169 1468
946 1282
1282 1434
1282 1960
1434 1448
1434 1486
1448 1789
1448 565
1789 2437
2437 2085
2437 1315
2085 2055
2055 1630
2055 351
1630 683
683 1662
683 2077
1662 1911
1911 779
1911 1137
779 2536
779 1947
2536 704
2536 684
704 154
154 819
154 560
819 995
995 2222
995 1802
2222 870
2222 2480
870 51
870 620
51 2505
51 1100
2505 1497
2505 793
1497 1246
1246 2198
1246 1638
2198 21
21 121
21 399
121 1171
1171 8
8 495
8 2041
495 2394
495 2537
2394 2008
2394 573
2008 1698
2008 431
1698 1994
1994 2190
1994 1257
2190 1411
1411 2419
2419 912
2419 1080
912 1530
1530 1465
1530 1219
1465 2434
2434 1361
2434 969
1361 366
1361 1742
366 2481
2481 788
2481 1898
788 1835
1835 2116
1835 789
2116 2057
2116 1081
2057 978
978 2458
2458 579
2458 246
579 260
579 294
260 2484
2484 2354
2484 564
2354 1117
2354 1987
1117 647
647 2407
2407 1637
2407 1084
1637 1700
1637 2305
1700 2349
1700 2556
2349 1970
2349 109
1970 2348
2348 349
2348 1764
349 1622
1622 860
1622 2137
860 1813
860 2228
1813 1386
1813 2256
1386 786
786 215
786 1761
215 775
