6 610 28
1 3
3 6
3 5
6 4
4 2
382 60
382 554
60 77
77 201
201 93
93 88
88 54
54 586
54 430
586 490
490 48
48 53
48 271
53 304
53 478
304 464
304 308
464 480
480 185
185 521
521 203
521 388
203 55
55 518
55 413
518 531
518 380
531 96
96 275
96 169
275 370
275 112
370 511
511 401
401 580
580 516
516 519
519 206
519 71
206 70
70 191
70 443
191 404
404 25
404 505
25 6
6 565
6 469
565 553
553 103
103 181
103 4
181 462
181 352
462 367
367 347
367 450
347 133
133 456
456 423
423 424
423 11
424 376
424 522
376 435
376 165
435 128
435 432
128 447
447 573
573 179
573 248
179 315
179 237
315 292
292 421
292 474
421 494
494 119
494 392
119 5
119 508
5 329
5 326
329 441
329 606
441 566
566 116
566 281
116 540
116 543
540 208
540 485
208 358
358 309
309 171
171 235
235 50
235 608
50 33
33 425
33 284
425 316
425 569
316 39
316 72
39 293
293 403
403 205
205 132
132 576
132 98
576 62
576 558
62 216
216 193
193 3
3 180
180 333
333 1
333 517
1 374
1 487
374 294
374 91
294 375
375 515
515 211
515 258
211 176
211 600
176 85
176 466
85 535
535 472
535 300
472 145
472 262
145 84
84 417
84 104
417 204
204 100
204 18
100 336
336 279
336 38
279 97
279 23
97 601
601 127
601 562
127 452
452 322
322 330
322 361
330 497
497 199
497 272
199 420
420 598
420 298
598 323
323 514
514 482
514 129
482 481
481 120
481 415
120 123
120 363
123 523
123 426
523 327
327 278
278 318
318 37
37 13
13 67
13 607
67 305
67 122
305 250
250 178
178 27
178 198
27 285
285 126
126 143
143 546
143 182
546 368
368 76
368 429
76 592
592 545
592 471
545 159
159 31
159 312
31 564
31 150
564 345
564 445
345 140
140 144
144 249
144 332
249 83
83 605
605 267
605 465
267 102
102 240
240 161
161 195
161 139
195 556
556 446
446 584
584 610
610 131
131 21
131 570
21 529
529 387
387 32
387 168
32 373
373 197
373 264
197 593
593 589
589 225
225 495
225 113
495 377
377 493
377 418
493 138
493 346
138 14
14 52
52 290
52 577
290 215
215 532
532 7
532 142
7 79
7 325
79 213
213 507
507 603
507 99
603 69
603 524
69 385
385 491
385 578
491 390
390 154
390 189
154 582
154 16
582 402
582 449
402 46
46 74
74 340
340 428
428 269
428 156
269 147
147 399
399 190
399 344
190 36
190 597
36 2
36 109
2 222
222 188
222 394
188 255
255 550
255 409
550 391
391 80
391 547
80 259
80 459
259 458
259 220
458 372
372 194
372 455
194 393
393 158
393 572
158 427
427 257
257 591
591 276
276 434
434 148
434 283
148 151
148 568
151 125
125 337
337 314
314 386
386 588
386 42
588 268
588 26
268 338
268 43
338 64
64 595
595 311
311 146
146 353
353 297
353 186
297 406
406 295
295 81
295 362
81 247
81 306
247 155
247 551
155 440
155 525
440 157
157 555
555 419
555 355
419 29
29 20
29 575
20 602
602 609
602 49
609 114
114 454
454 509
509 65
509 244
65 266
65 82
266 548
548 28
548 9
28 45
28 95
45 349
349 488
488 378
488 351
378 277
277 414
277 44
414 496
414 571
496 407
407 567
567 58
58 243
58 489
243 115
115 90
115 541
90 163
90 433
163 212
163 87
212 224
212 436
224 40
224 73
40 599
40 405
599 438
599 254
438 22
22 342
342 364
364 561
364 560
561 317
317 134
317 549
134 152
134 341
152 289
152 228
289 476
289 397
476 581
581 183
581 563
183 196
183 460
196 227
227 296
296 229
229 379
229 110
379 207
379 236
207 359
359 141
141 24
24 498
24 470
498 172
498 57
172 539
539 130
130 75
130 389
75 30
75 502
30 59
59 348
348 231
231 536
536 396
536 528
396 357
396 559
357 108
108 412
108 500
412 92
92 335
335 117
335 111
117 513
117 444
513 107
513 520
107 350
350 583
583 299
299 153
153 166
153 473
166 416
166 331
416 411
411 105
411 174
105 288
288 223
223 12
223 320
12 310
12 202
310 422
310 579
422 160
422 280
160 552
552 210
552 383
210 101
210 230
101 34
101 121
34 503
34 106
503 590
503 184
590 321
321 527
527 384
384 192
384 457
192 339
192 303
339 530
339 604
530 360
530 291
360 256
256 253
253 66
253 86
66 381
66 477
381 251
251 35
35 61
61 334
334 47
334 431
47 238
238 221
221 512
512 241
241 354
354 234
354 587
234 261
234 356
261 51
51 492
492 526
526 252
526 313
252 442
252 233
442 124
442 467
124 245
245 439
245 177
439 486
439 209
486 218
486 219
218 544
544 136
544 461
136 410
410 537
410 501
537 270
537 217
270 286
286 19
286 173
19 574
19 137
574 585
585 41
585 118
41 538
538 371
538 463
371 506
371 239
506 56
506 287
56 484
56 187
484 453
484 149
453 274
453 448
274 246
274 15
246 282
246 226
282 135
282 260
135 475
135 273
475 8
475 365
8 400
8 89
400 324
324 162
162 534
534 366
534 510
366 10
10 200
200 398
398 328
398 214
328 468
468 232
232 170
232 175
170 263
170 319
263 17
263 68
17 78
78 596
596 369
369 94
369 63
94 343
343 557
343 504
557 265
265 167
265 483
167 479
167 533
479 451
451 594
594 242
594 395
242 408
408 307
408 302
307 499
499 542
542 301
542 437
301 164
