2 1693 585154005
1 2
1355 1666
1666 590
590 871
590 1507
871 1091
871 712
1091 714
1091 531
714 190
190 889
889 322
322 969
322 152
969 966
966 765
765 1035
765 1413
1035 1097
1035 1335
1097 668
1097 813
668 757
757 112
757 1001
112 1388
112 444
1388 793
793 47
47 374
47 1392
374 737
737 1516
737 926
1516 1616
1616 1624
1624 1489
1624 1449
1489 574
1489 271
574 1262
574 1160
1262 1617
1262 985
1617 500
500 1219
500 166
1219 419
1219 942
419 955
955 869
955 1229
869 1186
1186 1661
1661 1271
1271 1187
1271 1523
1187 695
695 1050
1050 1599
1599 1076
1599 739
1076 1184
1076 705
1184 1470
1184 1103
1470 1129
1470 351
1129 1390
1129 240
1390 991
1390 432
991 66
991 1047
66 1303
1303 465
465 1553
1553 511
511 1085
511 718
1085 538
538 557
557 647
557 1638
647 792
647 973
792 1490
1490 1693
1490 551
1693 1337
1337 1157
1157 555
555 956
555 423
956 682
956 126
682 581
581 838
838 1514
1514 1404
1404 1347
1347 510
510 212
212 508
212 436
508 249
249 599
249 184
599 171
171 207
207 1042
1042 362
362 198
362 336
198 781
198 853
781 709
781 617
709 1316
1316 1057
1316 1256
1057 899
899 906
906 238
906 464
238 368
238 1573
368 1454
1454 1106
1106 321
1106 935
321 1515
321 852
1515 36
1515 327
36 278
36 462
278 1641
278 1672
1641 424
1641 1557
424 394
394 775
775 458
775 1290
458 1426
458 582
1426 195
1426 188
195 1453
195 1432
1453 1237
1453 64
1237 103
1237 130
103 1568
1568 1056
1056 502
1056 1220
502 272
272 1331
272 476
1331 1279
1279 601
601 274
274 1014
1014 805
1014 1513
805 1192
805 1197
1192 1066
1192 1435
1066 1075
1066 381
1075 1209
1209 628
1209 1358
628 1584
1584 228
1584 1405
228 1560
1560 1135
1135 1645
1645 1226
1645 1451
1226 141
1226 210
141 760
141 306
760 635
635 768
635 823
768 313
768 1457
313 1416
313 972
1416 1357
1416 1284
1357 1141
1141 539
539 53
53 1053
1053 192
1053 348
192 1689
1689 875
875 277
277 506
506 868
506 1193
868 971
971 52
52 384
52 616
384 1313
384 1070
1313 375
375 1242
375 560
1242 376
1242 520
376 1323
1323 1528
1528 827
1528 467
827 1235
827 977
1235 331
1235 214
331 587
331 556
587 639
587 648
639 28
639 1182
28 1424
1424 1314
1424 849
1314 1486
1486 123
1486 312
123 981
123 1419
981 646
981 618
646 1196
646 466
1196 936
936 1491
936 33
1491 553
553 1022
553 900
1022 1052
1052 698
1052 565
698 1688
698 182
1688 392
392 753
753 241
241 1383
241 820
1383 613
1383 1536
613 1662
1662 1010
1010 1621
1010 1517
1621 1445
1445 841
841 649
649 1269
1269 546
546 19
19 608
19 363
608 149
149 63
63 273
63 851
273 1376
273 1603
1376 528
528 84
84 1459
1459 996
1459 1079
996 1051
1051 723
1051 983
723 933
723 60
933 330
933 35
330 952
952 29
29 1345
1345 236
1345 222
236 845
845 1575
1575 1212
1212 1251
1251 1530
1530 1083
1530 1281
1083 251
1083 361
251 795
795 275
275 422
275 784
422 132
422 121
132 826
826 1406
1406 919
1406 8
919 194
919 1409
194 1389
194 693
1389 568
568 203
568 1365
203 1082
1082 76
76 1564
76 1032
1564 931
931 625
625 958
625 1613
958 656
656 213
213 305
213 995
305 1154
305 907
1154 329
329 562
329 564
562 516
562 1069
516 1545
1545 1071
1545 1374
1071 1633
1633 1098
1633 87
1098 597
1098 1100
597 1177
597 445
1177 904
1177 653
904 697
697 1477
1477 1240
1477 1310
1240 1674
1674 1594
1674 747
1594 848
1594 1291
848 1131
848 1677
1131 339
339 1629
339 1425
1629 817
817 1382
1382 12
12 1412
12 1538
1412 1539
1412 109
1539 824
1539 640
824 1218
1218 1535
1218 885
1535 118
1535 611
118 740
740 78
78 1681
1681 922
1681 1614
922 385
922 177
385 231
231 460
460 803
803 438
803 1495
438 1286
1286 421
1286 420
421 111
111 319
111 1011
319 770
770 586
586 1562
586 1423
1562 519
1562 892
519 927
519 993
927 530
927 870
530 1238
530 1631
1238 357
357 1669
357 165
1669 794
794 333
333 691
691 1004
1004 148
1004 383
148 18
148 963
18 1027
1027 486
1027 1176
486 1579
1579 715
1579 1205
715 893
893 57
893 861
57 846
57 380
846 542
846 159
542 297
542 626
297 120
120 1302
120 773
1302 143
1302 326
143 533
533 1480
1480 290
1480 259
290 1474
290 197
1474 831
1474 1401
831 1512
1512 912
912 1630
912 471
1630 217
1630 1473
217 1593
1593 218
1593 1113
218 645
645 1081
645 1549
1081 157
157 816
816 448
816 453
448 527
527 226
527 452
226 1524
226 1504
1524 48
48 1428
48 1364
1428 687
1428 835
687 254
687 1328
254 970
970 1232
970 344
1232 34
34 411
34 1394
411 266
411 1368
266 1013
1013 1063
1063 136
136 1525
136 1587
1525 1359
1359 1417
1417 897
897 724
897 882
724 296
296 505
505 1266
505 1395
1266 317
317 1610
317 1202
1610 550
1610 88
550 830
830 1400
1400 988
1400 1175
988 68
68 961
68 1660
961 1089
1089 89
1089 1254
89 215
215 674
215 250
674 1088
1088 1510
1510 42
42 311
311 1222
311 745
1222 887
1222 140
887 1387
1387 1159
1159 1664
1159 1127
1664 1351
1664 780
1351 950
1351 736
950 474
474 1396
1396 1354
1354 77
77 437
77 898
437 1341
1341 1018
1018 1592
1592 1532
1592 117
1532 733
733 400
400 1101
1101 791
791 186
791 776
186 1044
1044 1447
1044 763
1447 872
1447 1203
872 1582
872 788
1582 395
395 706
395 1650
706 783
706 125
783 1462
1462 1687
1687 651
651 1574
651 1058
1574 603
1574 15
603 287
287 939
939 232
939 604
232 1591
232 750
1591 69
1591 170
69 536
536 393
536 1288
393 1329
393 1116
1329 576
576 1305
1305 1608
1305 1556
1608 1136
1608 984
1136 1064
1064 789
1064 615
789 24
24 975
975 1239
1239 1227
1239 1028
1227 1145
1145 1128
1128 1224
1224 1167
1167 998
1167 1002
998 523
998 142
523 774
523 93
774 1258
1258 549
1258 661
549 923
549 1380
923 1439
923 804
1439 245
245 755
755 1558
755 27
1558 1031
1031 20
20 478
20 1571
478 915
478 1233
915 4
4 1168
1168 252
252 1149
1149 1174
1174 181
181 1034
181 1215
1034 850
1034 1252
850 501
501 1431
501 1321
1431 260
1431 370
260 592
260 902
592 133
133 1155
133 1642
1155 707
1155 225
707 391
391 762
391 113
762 686
686 722
722 1068
1068 1132
1068 525
1132 367
1132 1300
367 396
367 90
396 1414
396 248
1414 191
191 1333
191 80
1333 631
631 167
167 134
167 470
134 402
134 44
402 364
402 1583
364 1340
364 1311
1340 244
244 665
665 1046
665 496
1046 359
1046 1009
359 1609
359 294
1609 914
914 291
914 1039
291 1117
1117 570
1117 920
570 229
229 522
522 1544
1544 56
1544 175
56 1563
56 1363
1563 1181
1563 990
1181 491
491 1164
1164 417
1164 541
417 101
417 785
101 457
457 1115
1115 811
1115 1519
811 1442
811 399
1442 1326
1326 1381
1381 401
1381 1493
401 415
401 481
415 563
415 732
563 281
563 70
281 834
281 1
834 1503
834 558
1503 96
96 285
285 1122
285 873
1122 1241
1122 1199
1241 1350
1241 106
1350 1546
1350 532
1546 427
427 239
427 450
239 404
404 352
352 884
352 288
884 643
884 209
643 751
643 1223
751 463
463 782
782 264
782 1249
264 941
264 1581
941 441
441 201
441 1548
201 406
201 1260
406 1274
1274 1433
1433 1259
1433 328
1259 1456
1456 989
1456 256
989 65
65 840
65 916
840 814
840 1024
814 247
247 1505
1505 127
127 881
881 1640
1640 1589
1589 735
735 1110
1110 672
672 809
809 55
55 1598
1598 1595
1595 1073
1595 347
1073 1682
1682 1208
1208 3
1208 842
3 761
3 629
761 901
901 857
901 1466
857 863
863 1118
1118 1021
1118 752
1021 480
480 1180
1180 1478
1180 1622
1478 342
1478 1343
342 1072
1072 513
1072 302
513 1461
1461 416
416 253
253 1656
1656 1379
1656 1120
1379 771
771 472
472 1301
1301 573
1301 45
573 1531
573 680
1531 211
1531 178
211 86
211 1362
86 1555
86 949
1555 1287
1555 1676
1287 102
102 1649
102 258
1649 1627
1627 1282
1282 1204
1282 1509
1204 1684
1684 131
1684 1464
131 1391
1391 832
832 610
610 403
403 1418
403 204
1418 567
1418 1692
567 276
276 1144
276 440
1144 756
756 779
756 433
779 1225
1225 704
1225 153
704 754
754 1108
1108 1378
1108 1169
1378 1074
1378 1628
1074 83
83 1446
1446 764
1446 864
764 1585
1585 1318
1318 284
1318 242
284 748
284 1429
748 487
487 128
487 412
128 1156
128 202
1156 699
1156 234
699 439
699 908
439 965
439 1261
965 489
489 32
32 1084
32 455
1084 710
710 91
710 1620
91 924
91 1619
924 490
490 1551
1551 397
1551 129
397 371
371 122
122 349
349 1324
349 138
1324 483
1324 1250
483 619
483 1247
619 728
728 382
728 1508
382 85
382 206
85 979
85 729
979 932
979 1542
932 1006
1006 1623
1006 189
1623 1663
1663 655
655 994
655 1148
994 1655
994 315
1655 1444
1655 1397
1444 858
1444 1410
858 23
858 548
23 280
23 1045
280 1625
280 298
1625 1210
1210 353
1210 220
353 1308
353 146
1308 1497
1497 485
485 843
843 585
843 243
585 378
378 886
886 1257
1257 1678
1257 741
1678 738
738 509
509 681
509 658
681 379
379 580
580 1488
580 233
1488 1179
1488 951
1179 451
451 1078
451 1201
1078 350
1078 808
350 1114
350 81
1114 778
1114 810
778 688
688 200
200 1211
200 1565
1211 1170
1170 1105
1105 644
644 307
644 517
307 925
925 324
925 787
324 114
114 605
605 512
605 59
512 479
479 1667
1667 493
1667 1207
493 1543
1543 163
163 135
135 164
135 1189
164 14
164 1134
14 98
98 642
642 1600
642 498
1600 1626
1600 913
1626 1422
1422 1094
1422 1690
1094 1158
1158 552
552 968
968 1652
1652 630
1652 1427
630 1283
1283 1143
1283 911
1143 373
373 1541
1541 208
208 1295
1295 758
758 866
758 172
866 43
866 987
43 434
43 659
434 940
940 766
940 1163
766 627
766 575
627 1264
627 1111
1264 468
1264 1246
468 1372
468 1361
1372 334
1372 407
334 58
334 1502
58 447
447 289
289 1102
289 11
1102 772
772 74
74 338
338 1043
1043 910
1043 974
910 1265
1265 1307
1265 1294
1307 1320
1320 503
503 314
314 524
524 1484
1484 1637
1484 263
1637 162
162 801
162 1126
801 1352
1352 1671
1671 1107
1671 1230
1107 938
938 1476
938 1443
1476 31
31 1322
1322 418
418 473
418 1481
473 654
654 719
719 1636
1636 671
671 1653
1653 797
1653 1109
797 1140
797 22
1140 999
1140 891
999 227
999 1408
227 800
227 145
800 641
800 369
641 199
199 372
199 398
372 684
372 1604
684 1191
1191 515
515 790
790 796
796 636
796 482
636 888
888 461
461 928
461 1273
928 828
928 660
828 484
484 1436
1436 41
41 1213
41 340
1213 1026
1026 746
1026 51
746 179
179 1245
179 1200
1245 185
185 507
507 624
624 2
624 1062
2 1142
1142 428
1142 909
428 104
104 169
104 862
169 1644
1644 1463
1463 953
1463 821
953 621
621 1327
1327 154
1327 1596
154 26
26 1138
26 1061
1138 469
469 1178
469 1077
1178 1172
1178 1373
1172 79
79 986
986 1646
1646 265
265 934
265 962
934 529
529 492
492 40
492 1578
40 1685
40 405
1685 1471
1471 1268
1268 303
303 1475
303 443
1475 959
1475 282
959 38
38 1162
38 1195
1162 545
545 1119
545 1000
1119 1559
1559 255
255 594
255 657
594 1065
594 1228
1065 1438
1438 341
341 1165
1165 948
948 535
948 299
535 759
759 725
759 673
725 1673
725 744
1673 1360
1673 1534
1360 1465
1360 579
1465 155
155 262
262 174
262 815
174 786
786 1522
1522 1482
1482 161
161 1036
1036 173
1036 1012
173 818
818 413
413 895
895 390
390 726
390 257
726 310
726 137
310 711
310 92
711 802
802 449
449 119
119 1441
1441 454
454 1526
1526 1304
1526 1651
1304 365
365 878
365 295
878 1293
878 1648
1293 982
982 494
982 1483
494 676
494 1458
676 72
676 1095
72 150
150 1137
1137 980
980 1602
1602 62
1602 286
62 1315
1315 540
540 309
309 1659
1659 1643
1643 839
1643 584
839 343
839 1188
343 318
318 67
318 1309
67 1455
1455 1015
1015 1540
1540 1367
1540 730
1367 488
1367 196
488 1657
1657 345
1657 1059
345 992
992 435
992 544
435 944
435 1615
944 1377
1377 1590
1590 1298
1590 1469
1298 876
1298 221
876 1297
1297 1349
1297 1151
1349 694
1349 1612
694 1008
694 30
1008 1675
1675 13
13 377
13 1146
377 1601
1601 822
1601 1384
822 591
822 21
591 16
591 865
16 702
702 1580
1580 609
1580 356
609 1123
1123 1434
1123 696
1434 1263
1434 547
1263 1092
1263 1567
1092 1467
1467 1683
1467 670
1683 957
957 561
561 1680
561 261
1680 308
308 650
308 1440
650 25
25 425
25 497
425 7
7 662
662 1550
662 1566
1550 107
1550 1520
107 426
107 300
426 596
596 99
596 293
99 1393
99 716
1393 1112
1112 1033
1112 1125
1033 1171
1033 967
1171 1299
1171 446
1299 1067
1299 1420
1067 1183
1067 477
1183 666
666 903
903 743
743 1190
743 1023
1190 1647
1190 799
1647 1670
1670 1278
1670 1665
1278 1236
1278 1686
1236 1005
1236 1048
1005 1588
1005 836
1588 583
1588 1285
583 37
583 1399
37 742
37 825
742 335
335 717
717 606
606 1185
606 1214
1185 183
1185 701
183 623
623 337
337 632
337 1411
632 5
5 534
534 1194
534 504
1194 1253
1253 1330
1330 1494
1330 1325
1494 518
1494 1121
518 267
518 1040
267 1485
1485 358
1485 95
358 679
358 1496
679 1572
1572 727
727 578
727 1038
578 867
578 537
867 877
867 1492
877 1166
1166 577
1166 139
577 73
577 1054
73 389
73 1272
389 292
389 10
292 1533
1533 54
54 156
54 301
156 147
147 1366
1366 316
316 806
806 1221
1221 896
896 1487
1487 514
514 1037
514 180
1037 521
521 1634
1634 1577
1577 1403
1403 1267
1267 304
1267 890
304 1561
304 414
1561 71
1561 325
71 683
683 1080
683 1248
1080 1506
1080 572
1506 1007
1506 812
1007 1607
1007 355
1607 431
431 1086
1086 1407
1086 1016
1407 854
1407 1450
854 937
937 410
410 1306
410 1611
1306 1498
1498 475
1498 1198
475 1472
475 268
1472 1150
1472 1332
1150 1511
1150 883
1511 269
1511 703
269 633
269 634
633 235
633 690
235 855
855 964
855 946
964 1552
964 749
1552 332
1552 837
332 945
332 1338
945 566
566 1255
1255 386
386 600
600 1371
1371 929
929 880
880 678
678 39
678 270
39 829
39 664
829 569
829 1570
569 9
569 700
9 1019
1019 1025
1019 1049
1025 430
430 1029
1029 144
144 97
97 1437
1437 1234
1437 607
1234 1479
1234 1319
1479 720
720 1691
720 75
1691 1334
1334 918
1334 677
918 1605
918 216
1605 456
1605 1375
456 1020
1020 17
17 1030
17 614
1030 1147
1030 1468
1147 1385
1147 708
1385 1289
1385 158
1289 589
1289 1370
589 1501
1501 1087
1501 1060
1087 856
1087 1606
856 346
346 602
346 49
602 1452
602 100
1452 1173
1173 115
1173 685
115 354
354 1276
354 844
1276 1161
1161 1277
1161 409
1277 108
108 223
223 921
921 1415
1415 554
554 1658
554 652
1658 105
1658 1346
105 571
571 767
767 442
442 731
731 807
731 193
807 1216
807 769
1216 1421
1216 1090
1421 1153
1153 595
1153 1317
595 110
110 94
110 1139
94 1618
94 598
1618 1586
1618 1398
1586 6
6 176
6 1460
176 905
905 246
905 798
246 1096
246 1569
1096 168
1096 833
168 997
168 669
997 1597
1597 637
637 1639
637 692
1639 663
663 1348
663 917
1348 205
1348 559
205 387
387 819
387 1231
819 1547
1547 894
1547 874
894 323
894 675
323 1133
1133 116
116 224
224 1342
224 1430
1342 230
230 543
543 1244
543 1041
1244 1500
1500 459
1500 860
459 1336
459 734
1336 1654
1336 1527
1654 237
1654 689
237 713
713 947
947 612
947 1679
612 943
943 366
366 1554
366 1270
1554 1369
1554 1499
1369 360
1369 1632
360 1529
1529 1003
1003 388
388 495
388 1243
495 1339
495 1104
1339 976
1339 777
976 1521
976 1576
1521 219
1521 1017
219 622
219 1280
622 526
622 978
526 408
408 124
124 1275
1275 46
1275 593
46 499
46 1402
499 1130
1130 954
1130 667
954 1152
1152 847
847 1296
847 61
1296 1217
1296 1099
1217 1518
1217 638
1518 279
1518 588
279 1093
279 1356
1093 1344
1093 1635
1344 1292
1292 187
1292 50
187 1353
187 82
1353 160
160 1386
160 1206
1386 879
879 620
620 429
429 721
429 960
721 320
320 859
859 1668
1668 151
1668 930
151 1537
151 1312
1537 1055
1055 283
283 1124
1124 1448
