2 1272 741064
2 1
765 146
146 372
146 120
372 1264
372 328
1264 134
134 354
134 929
354 491
354 669
491 439
491 571
439 655
439 381
655 1094
655 1249
1094 767
767 996
767 585
996 608
996 155
608 1035
1035 596
596 1062
1062 1180
1062 274
1180 850
850 87
850 1089
87 51
51 1004
1004 343
343 16
16 955
955 428
428 752
428 737
752 1144
1144 1038
1144 918
1038 773
773 969
969 363
969 57
363 111
111 1091
111 406
1091 130
1091 267
130 676
676 162
162 294
294 666
294 1257
666 923
666 632
923 201
923 552
201 1053
1053 298
1053 1260
298 531
531 681
531 333
681 1066
681 644
1066 1186
1066 13
1186 180
1186 1183
180 719
719 909
719 456
909 764
909 193
764 736
764 659
736 963
736 254
963 238
963 738
238 554
238 535
554 425
554 508
425 715
425 122
715 305
305 300
305 119
300 778
778 137
778 808
137 880
137 568
880 581
581 562
562 66
562 855
66 232
232 582
582 794
582 26
794 688
688 444
688 814
444 178
444 972
178 1201
178 230
1201 603
1201 200
603 887
603 329
887 252
252 435
252 657
435 1043
1043 549
1043 73
549 1104
549 502
1104 204
204 1021
1021 412
1021 188
412 217
412 790
217 902
217 487
902 1272
1272 763
763 546
546 557
546 318
557 469
469 917
917 460
917 285
460 1195
460 884
1195 1241
1241 952
1241 1252
952 442
442 317
442 925
317 113
113 150
150 112
150 486
112 697
112 705
697 521
697 270
521 43
43 77
43 368
77 70
70 616
70 1037
616 888
888 945
888 1261
945 1006
945 481
1006 1088
1088 153
1088 284
153 1214
153 98
1214 45
1214 776
45 1001
1001 1178
1001 297
1178 1151
1178 956
1151 1251
1151 1013
1251 903
1251 473
903 1101
903 1108
1101 237
1101 315
237 809
237 389
809 351
351 226
226 474
226 58
474 1250
474 516
1250 949
949 810
810 1182
1182 607
1182 379
607 747
747 286
747 1081
286 997
286 339
997 126
997 1219
126 937
126 898
937 524
937 164
524 1084
524 741
1084 74
74 301
301 68
301 306
68 892
68 401
892 561
892 1121
561 224
561 964
224 248
248 436
248 414
436 1231
1231 1046
1046 1134
1046 338
1134 1220
1134 643
1220 691
1220 1123
691 597
691 730
597 25
597 260
25 340
25 1267
340 480
480 1262
1262 388
1262 380
388 413
388 1168
413 979
979 768
768 1181
768 319
1181 1072
1072 9
9 881
9 265
881 627
627 953
627 911
953 64
64 147
64 994
147 80
147 617
80 335
80 1205
335 166
335 139
166 757
166 685
757 14
14 841
841 583
583 88
88 1266
88 244
1266 93
93 100
93 749
100 32
100 174
32 108
108 712
108 683
712 1155
712 660
1155 223
1155 540
223 131
223 478
131 417
417 203
203 714
203 825
714 592
592 1087
1087 1031
1031 662
662 52
52 702
702 859
702 1085
859 458
458 441
441 135
441 539
135 1161
135 798
1161 968
1161 523
968 186
968 1175
186 316
316 739
739 1041
739 837
1041 538
1041 1047
538 445
538 692
445 796
796 475
796 1077
475 418
418 1014
418 975
1014 199
1014 47
199 346
199 245
346 1156
346 1068
1156 950
950 33
33 646
33 430
646 512
646 272
512 515
512 704
515 194
515 72
194 1196
1196 503
1196 1170
503 647
647 175
647 331
175 165
165 96
165 1160
96 1051
96 746
1051 410
410 651
651 901
651 856
901 1169
901 636
1169 392
392 1002
392 772
1002 1235
1235 847
847 446
847 132
446 1234
1234 1224
1224 848
1224 829
848 551
848 754
551 1157
551 587
1157 197
1157 471
197 385
385 173
385 192
173 601
173 250
601 1197
1197 548
548 1268
1268 79
79 700
700 268
700 115
268 1221
1221 621
1221 788
621 986
621 774
986 574
986 641
574 1049
1049 255
1049 967
255 1207
1207 337
337 374
337 1073
374 988
988 792
792 505
505 1044
505 366
1044 488
488 1118
1118 287
287 897
897 355
897 827
355 179
179 1210
1210 1012
1210 313
1012 695
1012 321
695 1131
695 885
1131 1045
1045 781
781 1158
781 281
1158 1052
1158 210
1052 934
934 1138
1138 876
1138 661
876 438
876 485
438 60
60 519
60 978
519 433
433 282
433 352
282 940
282 1097
940 55
940 1100
55 1245
55 429
1245 202
1245 440
202 783
202 2
783 214
214 758
214 858
758 447
758 1141
447 1070
1070 631
1070 356
631 1113
631 611
1113 437
437 404
437 724
404 1103
404 959
1103 1110
1103 54
1110 875
875 844
875 1063
844 34
844 177
34 76
34 982
76 912
912 733
912 207
733 291
291 1139
1139 4
4 983
983 791
983 357
791 384
384 1165
1165 694
694 575
575 258
258 1107
258 537
1107 1093
1093 1263
1263 609
609 701
609 8
701 675
701 158
675 92
92 49
49 867
867 348
348 42
348 834
42 840
42 654
840 364
364 962
962 598
598 560
598 854
560 520
520 518
518 731
518 863
731 159
159 161
161 383
161 53
383 547
383 176
547 625
625 492
625 249
492 500
492 770
500 65
500 1256
65 588
588 793
588 558
793 212
212 483
483 919
919 271
919 5
271 206
271 448
206 484
206 1204
484 1095
1095 806
1095 865
806 579
806 1060
579 542
542 864
864 894
864 565
894 782
894 489
782 240
782 20
240 263
240 330
263 22
263 1023
22 703
22 1016
703 141
703 83
141 622
622 18
18 296
296 1135
1135 626
1135 816
626 163
626 1069
163 1223
1223 947
947 861
947 148
861 845
845 648
845 926
648 1111
1111 229
229 450
229 1194
450 69
450 143
69 577
577 509
577 344
509 390
509 820
390 723
390 665
723 961
961 59
961 312
59 895
59 761
895 215
895 1102
215 21
215 672
21 821
21 1246
821 924
821 1026
924 1136
1136 836
1136 455
836 208
836 566
208 944
208 324
944 732
944 718
732 1129
732 807
1129 951
1129 545
951 259
259 572
259 872
572 30
572 19
30 497
497 578
578 787
787 976
976 910
976 307
910 570
910 602
570 569
569 443
443 241
443 23
241 78
78 303
303 1027
303 228
1027 353
1027 890
353 1185
353 101
1185 899
899 138
138 605
138 184
605 1114
605 977
1114 461
1114 334
461 257
461 427
257 289
289 745
289 522
745 40
745 1184
40 378
378 493
378 1064
493 529
493 517
529 823
823 594
594 866
866 12
12 399
399 985
399 1005
985 1115
985 639
1115 256
1115 642
256 387
387 231
231 181
231 931
181 246
246 218
246 984
218 958
958 1056
1056 973
973 409
973 465
409 751
751 933
933 580
580 144
580 1074
144 367
367 640
367 420
640 1150
640 534
1150 262
262 998
262 31
998 628
998 717
628 1076
1076 361
1076 786
361 832
832 407
407 157
407 1090
157 813
813 567
567 170
170 1239
1239 630
1239 419
630 1132
1132 1083
1083 742
1083 877
742 938
938 171
938 397
171 1142
171 347
1142 463
463 266
463 526
266 464
266 50
464 327
464 253
327 1033
1033 118
118 849
849 1075
1075 1164
1164 1188
1188 341
341 1270
341 989
1270 482
482 466
466 332
332 775
775 1015
775 543
1015 1042
1042 658
658 1148
658 190
1148 41
41 125
125 243
243 86
243 1192
86 756
756 1106
756 490
1106 371
371 191
371 530
191 550
191 103
550 690
550 839
690 382
382 225
225 1011
225 1253
1011 693
693 1117
693 797
1117 494
494 90
494 476
90 604
90 1130
604 39
39 1153
1153 1009
1009 17
17 278
17 499
278 843
278 395
843 1206
843 37
1206 1212
1206 678
1212 107
1212 1171
107 269
269 728
269 590
728 706
706 708
706 75
708 936
708 971
936 1177
1177 216
216 987
216 878
987 1209
1209 273
273 283
283 510
283 105
510 128
128 1133
1133 948
948 151
151 275
275 755
275 242
755 123
123 277
277 671
671 195
195 1057
195 467
1057 342
342 638
342 817
638 748
748 1233
1233 1029
1029 995
1029 234
995 1159
1159 310
310 943
310 916
943 954
943 398
954 11
954 336
11 612
11 645
612 883
612 1236
883 1218
883 722
1218 71
71 1247
1247 403
1247 369
403 991
403 921
991 1109
991 1190
1109 707
1109 514
707 1003
1003 673
1003 362
673 35
673 459
35 1242
1242 905
905 835
835 451
835 805
451 624
451 795
624 1254
1254 1258
1254 680
1258 780
1258 689
780 980
980 819
819 233
233 615
233 789
615 744
615 801
744 838
744 1147
838 653
653 1059
1059 196
196 1105
1105 536
536 606
536 716
606 677
677 85
85 365
365 168
168 468
468 1149
468 408
1149 1222
1149 376
1222 29
1222 699
29 511
29 935
511 1000
511 1238
1000 189
1000 56
189 664
189 1174
664 828
828 908
828 1048
908 1030
1030 726
1030 1163
726 760
726 1055
760 826
826 415
826 213
415 762
415 109
762 145
762 15
145 610
145 421
610 711
711 785
711 507
785 1176
1176 172
1176 709
172 922
172 696
922 1166
922 28
1166 1240
1166 99
1240 299
1240 1119
299 110
299 993
110 1024
110 559
1024 725
725 879
725 868
879 532
532 302
532 1229
302 454
454 38
38 1244
38 453
1244 1154
1244 457
1154 553
553 564
564 593
564 713
593 679
679 276
276 734
734 1237
734 1099
1237 156
156 1162
156 236
1162 882
882 1067
1067 599
1067 345
599 36
599 513
36 1152
36 375
1152 811
811 556
811 154
556 209
556 322
209 853
853 891
853 295
891 614
614 97
97 325
325 1145
325 1179
1145 1010
1010 308
1010 449
308 1078
1078 67
1078 227
67 873
67 1128
873 124
873 205
124 6
124 498
6 279
279 1082
1082 293
1082 674
293 1122
1122 402
402 1079
1079 555
555 10
10 939
10 1116
939 1255
1255 525
1255 652
525 619
619 182
182 1058
182 729
1058 920
920 1217
920 965
1217 656
1217 907
656 185
656 394
185 1225
1225 999
999 1215
999 1202
1215 1036
1036 1193
1036 735
1193 799
1193 349
799 46
799 323
46 187
46 1086
187 1028
187 136
1028 504
1028 649
504 1127
504 1022
1127 618
1127 1018
618 1232
618 541
1232 1173
1232 1098
1173 966
1173 990
966 1126
1126 623
1126 804
623 370
623 360
370 169
370 802
169 842
842 167
167 1167
167 1017
1167 784
784 620
620 682
620 1096
682 870
682 1248
870 740
740 889
740 684
889 1269
1269 635
1269 1054
635 650
650 326
326 759
326 84
759 479
759 102
479 634
634 411
411 290
290 424
424 1187
1187 89
89 1120
1120 600
1120 426
600 852
852 48
48 198
198 292
198 1040
292 314
314 350
314 527
350 906
906 116
116 1112
1112 1259
1112 280
1259 127
127 1020
127 129
1020 668
1020 833
668 670
670 183
670 927
183 904
904 44
904 219
44 3
44 533
3 104
3 766
104 822
104 1143
822 1061
1061 528
1061 251
528 247
528 358
247 637
247 812
637 477
477 815
815 320
320 121
121 946
121 595
946 152
152 860
860 941
860 687
941 91
91 930
930 957
930 393
957 496
957 501
496 222
496 1125
222 1071
222 160
1071 629
629 359
629 710
359 573
573 304
304 95
304 727
95 584
95 1213
584 663
584 114
663 874
874 309
309 743
743 1216
1216 405
405 1265
405 1137
1265 779
1265 750
779 261
261 1199
1199 220
220 264
264 974
974 452
974 721
452 94
452 869
94 396
94 311
396 1140
1140 900
900 422
422 960
960 1080
1080 1243
1243 913
1243 1230
913 140
140 462
462 1034
1034 62
62 544
62 1227
544 1198
544 1189
1198 992
992 63
63 239
239 61
239 416
61 142
61 1092
142 400
142 1032
400 862
400 235
862 133
133 1050
1050 981
1050 818
981 391
981 928
391 377
377 915
915 149
149 7
149 221
7 495
495 1271
495 211
1271 1065
1271 472
1065 893
893 698
893 288
698 470
470 1025
470 1211
1025 896
1025 800
896 753
896 771
753 720
753 106
720 586
586 81
81 576
576 831
576 851
831 942
942 1200
942 373
1200 857
857 613
857 667
613 777
777 970
970 506
506 591
591 1
591 932
1 386
1 1226
386 1191
1191 886
886 633
886 431
633 803
803 846
846 589
846 27
589 824
589 1007
824 1228
824 434
1228 1019
1019 830
1019 432
830 1172
1172 423
1172 563
423 769
769 82
769 1039
82 686
686 117
117 1146
117 1203
1146 24
1146 914
24 1124
1124 871
1124 1208
871 1008
