2 855 1
2 1
393 294
294 629
629 216
216 720
720 695
720 300
695 824
824 574
824 595
574 455
455 831
455 217
831 795
795 401
795 305
401 593
593 705
593 641
705 810
705 330
810 491
491 58
491 642
58 213
213 661
661 184
661 285
184 267
267 607
607 45
45 133
45 500
133 692
692 108
108 722
108 460
722 54
722 409
54 610
54 337
610 730
610 87
730 655
655 231
231 301
231 788
301 431
431 151
431 799
151 762
151 638
762 739
739 506
506 617
506 660
617 424
424 543
424 785
543 107
543 458
107 643
643 112
112 470
112 452
470 579
579 315
315 374
315 703
374 203
374 707
203 51
51 396
51 557
396 498
396 274
498 262
498 683
262 360
360 472
360 462
472 816
472 664
816 529
816 815
529 573
573 226
573 817
226 680
226 536
680 546
546 392
546 265
392 264
264 142
264 47
142 728
728 600
600 399
600 241
399 804
804 821
821 576
576 633
576 501
633 331
633 496
331 521
331 798
521 463
521 786
463 190
190 575
190 74
575 829
829 128
128 39
128 493
39 46
46 569
569 823
823 209
209 144
209 218
144 526
144 353
526 631
631 833
833 178
833 466
178 509
509 846
509 564
846 678
678 242
678 511
242 163
163 848
163 176
848 796
848 411
796 836
796 60
836 28
28 699
699 757
757 602
602 91
91 164
164 260
164 702
260 809
260 111
809 356
809 601
356 343
343 670
343 837
670 763
670 850
763 734
763 440
734 524
524 456
456 427
427 516
516 494
516 252
494 318
318 316
318 256
316 659
316 770
659 552
659 395
552 519
519 380
380 432
432 513
513 405
513 591
405 724
724 647
647 531
531 211
531 797
211 412
211 239
412 261
412 426
261 351
261 515
351 212
351 88
212 736
736 748
736 368
748 117
748 619
117 329
117 710
329 341
341 336
336 36
36 855
36 397
855 11
11 772
11 103
772 304
304 257
257 822
822 420
420 686
686 835
686 507
835 365
835 596
365 13
13 553
13 378
553 428
553 475
428 611
611 296
611 89
296 254
254 146
254 290
146 291
291 415
415 334
334 681
681 422
422 652
422 842
652 15
15 851
851 14
851 179
14 489
14 229
489 277
277 485
485 25
25 379
25 776
379 160
379 646
160 811
160 70
811 637
637 828
828 747
747 650
747 754
650 853
853 136
853 820
136 615
615 554
615 712
554 847
847 207
207 240
240 12
240 708
12 99
12 102
99 782
99 187
782 577
782 120
577 95
577 433
95 159
159 157
157 636
636 729
636 349
729 200
729 723
200 166
166 453
166 545
453 701
453 761
701 26
701 390
26 391
26 481
391 119
119 332
332 186
186 603
603 751
603 464
751 230
230 423
230 48
423 49
423 195
49 581
49 732
581 451
451 158
451 520
158 622
622 459
622 538
459 845
845 620
620 220
620 222
220 280
220 523
280 361
361 308
361 589
308 19
308 488
19 140
140 806
806 153
153 803
153 849
803 547
547 278
547 604
278 773
773 449
449 450
449 52
450 35
450 385
35 389
35 185
389 726
389 435
726 124
726 90
124 571
124 658
571 237
237 540
237 210
540 698
698 82
82 854
854 202
854 312
202 421
421 740
740 657
740 477
657 85
657 373
85 21
85 298
21 691
691 537
691 584
537 8
8 741
8 173
741 115
741 606
115 65
65 221
65 471
221 63
221 69
63 223
63 3
223 572
223 180
572 4
4 1
1 473
473 510
473 199
510 126
126 522
126 413
522 735
522 23
735 558
735 738
558 639
639 429
429 441
441 232
232 805
805 64
64 268
64 7
268 532
268 127
532 539
532 182
539 709
709 775
775 565
775 535
565 5
5 145
145 621
621 297
621 697
297 148
297 487
148 33
33 749
749 777
749 414
777 253
777 198
253 16
16 484
16 94
484 197
197 152
197 461
152 673
673 238
673 121
238 275
275 781
781 387
387 155
155 106
155 234
106 454
454 653
454 508
653 201
653 478
201 134
201 367
134 813
813 443
813 807
443 20
20 434
434 504
434 321
504 549
549 109
109 235
109 227
235 628
628 586
628 244
586 317
586 303
317 29
317 839
29 273
29 123
273 310
310 812
812 41
41 445
41 605
445 530
530 118
118 255
118 502
255 687
687 122
687 81
122 783
122 580
783 499
783 388
499 400
499 40
400 525
400 446
525 62
62 841
62 609
841 92
92 662
92 688
662 31
662 313
31 733
733 689
733 105
689 68
68 345
68 469
345 583
583 325
325 590
590 75
75 465
75 758
465 9
465 72
9 386
386 483
483 323
323 467
323 340
467 352
467 672
352 512
352 292
512 597
512 490
597 439
597 228
439 407
439 282
407 666
407 288
666 139
139 377
139 675
377 266
266 556
266 189
556 258
258 694
258 544
694 753
694 497
753 618
618 161
618 768
161 76
161 125
76 727
727 479
727 344
479 167
167 141
141 437
437 567
437 165
567 840
840 191
840 594
191 649
191 676
649 719
719 436
436 394
436 745
394 442
394 86
442 517
517 528
517 585
528 131
131 818
131 592
818 246
818 486
246 247
247 214
214 767
767 83
83 616
83 339
616 587
587 79
587 113
79 457
457 284
284 550
550 693
550 417
693 97
97 654
97 383
654 742
654 138
742 381
381 293
381 295
293 43
293 563
43 348
43 560
348 98
348 711
98 771
771 286
771 219
286 624
624 808
624 715
808 80
808 55
80 444
444 492
492 668
668 623
668 116
623 192
192 307
307 183
307 322
183 327
327 147
147 78
78 779
78 319
779 663
663 792
792 438
438 625
438 67
625 634
634 372
634 419
372 562
562 791
562 208
791 704
791 752
704 800
704 169
800 410
410 170
410 2
170 366
170 527
366 38
366 6
38 22
38 559
22 355
355 518
355 233
518 514
518 17
514 725
725 635
725 269
635 755
635 700
755 541
541 534
541 599
534 403
534 206
403 495
495 362
362 59
362 354
59 132
59 172
132 503
132 713
503 347
347 171
171 774
171 272
774 838
838 505
505 744
744 696
696 404
696 802
404 765
765 679
679 137
679 335
137 56
137 793
56 259
259 533
259 568
533 832
533 326
832 468
468 447
468 667
447 766
766 37
37 104
104 30
30 249
30 756
249 251
249 279
251 588
588 626
626 819
819 716
819 175
716 430
716 248
430 375
375 71
71 150
71 204
150 376
150 359
376 84
84 769
769 194
194 827
827 32
32 825
825 651
651 474
474 320
320 174
174 750
750 843
843 66
66 156
156 129
156 801
129 61
61 193
193 181
181 794
794 632
632 674
632 245
674 784
674 425
784 342
784 281
342 93
93 844
844 671
844 614
671 177
177 760
177 630
760 57
760 53
57 402
57 743
402 566
566 50
566 370
50 476
50 101
476 665
476 243
665 612
665 364
612 77
77 73
73 684
684 613
613 640
640 408
640 215
408 706
706 778
778 10
10 406
406 357
357 236
236 790
236 737
790 598
790 324
598 338
338 162
162 44
44 555
44 333
555 225
225 826
826 328
328 135
135 834
834 789
789 96
96 114
96 205
114 24
114 718
24 250
250 302
250 154
302 677
302 149
677 350
350 418
418 306
418 358
306 100
100 542
542 608
608 346
346 627
627 263
627 764
263 382
263 289
382 746
382 224
746 578
746 42
578 371
371 188
188 287
287 648
287 780
648 669
648 314
669 685
669 570
685 130
685 690
130 830
830 644
644 363
363 759
363 480
759 168
168 34
168 270
34 369
369 416
369 548
416 852
416 18
852 682
682 309
682 814
309 311
309 110
311 551
311 656
551 787
787 561
561 143
561 714
143 271
271 398
271 731
398 276
276 482
276 283
482 448
448 299
299 196
196 721
721 645
721 384
645 582
582 717
582 27
