17 2472 693503330
10 17
17 3
3 9
9 2
2 4
2 13
4 15
4 7
15 12
12 14
12 8
14 16
14 5
16 1
1 6
6 11
530 740
740 1819
740 978
1819 952
1819 1446
952 1356
1356 2267
1356 1303
2267 2125
2125 773
2125 341
773 1451
1451 1692
1451 1622
1692 2169
1692 1072
2169 1967
2169 1672
1967 1997
1967 547
1997 2426
1997 89
2426 246
246 1342
246 2373
1342 1369
1342 1792
1369 1157
1157 1002
1002 2394
1002 1996
2394 447
2394 2343
447 1393
1393 2176
1393 721
2176 1263
1263 1731
1731 1013
1731 2446
1013 1828
1828 417
417 96
96 480
96 376
480 165
165 2128
165 1974
2128 758
2128 1444
758 2150
2150 1184
1184 367
367 2427
367 1506
2427 1164
2427 167
1164 1251
1164 921
1251 1280
1280 1102
1280 48
1102 143
143 1014
1014 361
361 763
763 1053
1053 255
255 2332
2332 491
491 379
491 286
379 2001
2001 722
722 1071
1071 2302
1071 1173
2302 1019
1019 1470
1019 1508
1470 1113
1113 2158
1113 515
2158 588
2158 630
588 715
588 287
715 545
545 21
21 2360
2360 756
2360 1335
756 2248
2248 1874
1874 575
575 600
575 445
600 1723
1723 2226
1723 1789
2226 922
922 2099
2099 1776
1776 1148
1776 889
1148 647
647 1065
1065 1215
1215 67
67 1639
1639 957
957 972
972 1873
1873 319
319 2450
319 632
2450 1122
1122 1735
1735 2189
2189 841
2189 12
841 197
197 1951
197 1558
1951 661
661 405
661 1659
405 363
363 2462
2462 701
2462 567
701 1041
1041 1077
1041 1460
1077 135
135 410
410 2356
2356 369
369 1655
1655 2160
2160 1037
2160 86
1037 1360
1360 602
602 851
851 2405
851 2112
2405 748
2405 126
748 1870
1870 1242
1870 371
1242 2130
2130 295
2130 911
295 906
295 876
906 1514
906 970
1514 808
808 1968
1968 401
1968 234
401 1183
1183 228
1183 635
228 968
228 1376
968 992
968 884
992 201
201 144
144 451
144 2349
451 726
726 1703
726 1415
1703 116
116 1962
1962 158
1962 712
158 168
168 151
168 1319
151 1952
1952 2359
1952 2210
2359 1787
1787 2087
2087 1741
1741 2345
1741 882
2345 486
2345 2377
486 2102
486 2180
2102 633
633 2161
633 2372
2161 1368
2161 385
1368 2256
2256 855
855 1126
855 541
1126 476
1126 529
476 668
668 348
348 2384
2384 1445
2384 589
1445 1395
1395 1467
1395 121
1467 312
312 2321
2321 627
2321 284
627 1664
627 2127
1664 636
636 517
517 2122
2122 1296
1296 1171
1171 2067
1171 554
2067 769
2067 1536
769 1060
1060 1471
1060 78
1471 1170
1170 684
684 296
296 2100
2100 1876
2100 743
1876 997
1876 1028
997 2363
997 617
2363 513
2363 1938
513 1956
513 2317
1956 1384
1956 508
1384 584
1384 837
584 2009
2009 1166
2009 2091
1166 657
1166 1927
657 1086
657 940
1086 1473
1086 1991
1473 1658
1658 1202
1658 990
1202 1133
1133 590
590 1329
1329 663
663 2440
2440 601
601 2044
601 1331
2044 830
830 840
830 2300
840 1821
1821 1555
1555 438
438 2148
438 415
2148 306
306 2191
2191 27
27 2162
2162 1278
1278 277
1278 1695
277 1986
277 2465
1986 1147
1986 1849
1147 1728
1728 1950
1950 331
1950 2016
331 1848
331 1963
1848 681
1848 484
681 1795
681 293
1795 1727
1727 1135
1727 3
1135 2171
2171 1450
2171 2057
1450 1926
1926 262
1926 2468
262 1853
262 859
1853 2368
1853 1719
2368 420
2368 750
420 300
300 2204
300 46
2204 591
2204 645
591 846
591 380
846 833
846 695
833 1531
833 2096
1531 2187
1531 1902
2187 2425
2187 118
2425 1593
2425 2043
1593 1683
1683 19
19 2078
19 2118
2078 2049
2078 2357
2049 1925
1925 1921
1921 2015
1921 2229
2015 794
2015 1422
794 1411
794 1886
1411 1766
1411 1535
1766 2008
1766 1051
2008 1744
2008 92
1744 724
724 1491
1491 2255
1491 303
2255 958
958 954
958 962
954 1169
954 604
1169 1301
1169 1210
1301 705
1301 1550
705 765
705 1909
765 858
765 2092
858 342
858 1364
342 1570
1570 1642
1570 689
1642 1637
1637 1785
1637 1581
1785 1011
1011 2164
2164 862
862 751
751 548
548 1722
548 1142
1722 831
831 2250
831 1437
2250 493
493 2022
493 496
2022 1810
1810 439
439 1310
439 1971
1310 1044
1310 1477
1044 139
139 788
788 1812
788 1901
1812 1256
1256 17
1256 1752
17 1305
17 1004
1305 1111
1111 870
870 1174
1174 2186
1174 620
2186 73
73 966
966 2173
2173 2298
2173 1330
2298 1628
1628 138
1628 495
138 1569
1569 426
1569 731
426 988
426 1948
988 1539
1539 375
375 1714
1714 1614
1614 772
1614 1083
772 1325
772 535
1325 806
1325 614
806 579
806 853
579 1799
579 2068
1799 230
1799 815
230 99
99 187
187 407
187 1027
407 1201
1201 1428
1201 526
1428 1468
1428 2104
1468 904
1468 1099
904 553
553 866
866 2310
2310 585
2310 607
585 2080
2080 637
2080 2279
637 1290
637 1336
1290 1172
1290 2341
1172 1851
1172 1578
1851 105
1851 933
105 1775
1775 1308
1775 29
1308 226
1308 1954
226 152
226 825
152 2156
2156 651
2156 571
651 291
651 145
291 1607
291 2031
1607 673
1607 1399
673 297
297 1139
1139 1562
1562 676
676 737
676 1493
737 1390
737 77
1390 702
1390 959
702 87
87 1551
87 706
1551 356
1551 518
356 1499
1499 2466
2466 305
305 2174
305 947
2174 2115
2174 1367
2115 353
2115 1397
353 2271
2271 872
2271 960
872 471
471 1040
471 382
1040 91
1040 910
91 2036
2036 1438
2036 555
1438 2472
1438 394
2472 1255
1255 1419
1255 2420
1419 364
364 1582
1582 1066
1066 1489
1489 357
1489 2083
357 1481
1481 1182
1182 986
1182 718
986 1156
1156 608
1156 383
608 378
608 41
378 813
378 2422
813 2238
813 1087
2238 2383
2238 1783
2383 1549
1549 323
323 1128
323 95
1128 2415
2415 337
337 245
337 1488
245 1896
1896 745
745 1737
1737 1287
1287 184
184 817
184 878
817 662
817 2097
662 219
662 753
219 391
391 883
883 2259
883 894
2259 2239
2259 1568
2239 1973
2239 1219
1973 770
1973 732
770 1684
1684 34
34 623
34 2111
623 326
623 1565
326 1059
326 176
1059 1449
1059 716
1449 1476
1449 2023
1476 1206
1206 2109
2109 1103
2109 1675
1103 1112
1103 1314
1112 1272
1272 521
521 723
521 974
723 696
696 2292
696 864
2292 1619
1619 995
1619 313
995 1579
1579 2364
1579 1631
2364 1613
1613 1610
1613 781
1610 522
522 533
533 767
533 396
767 1712
1712 368
368 1057
368 213
1057 1879
1879 1430
1879 1108
1430 983
1430 2270
983 1553
983 1098
1553 32
1553 240
32 580
32 1033
580 775
580 887
775 727
775 70
727 989
989 412
989 687
412 2200
2200 2369
2200 629
2369 704
2369 241
704 2288
2288 1228
2288 482
1228 1061
1228 2206
1061 828
828 593
593 671
593 1856
671 861
671 2331
861 182
182 2337
2337 871
871 1333
1333 1243
1243 1820
1243 45
1820 1629
1629 1917
1917 1781
1917 171
1781 2447
1781 611
2447 1347
1347 570
1347 33
570 2382
570 2030
2382 1542
1542 124
124 2163
124 2126
2163 1611
2163 700
1611 2073
2073 2048
2073 392
2048 1801
1801 2157
1801 1960
2157 2445
2157 1403
2445 2006
2006 1955
1955 1304
1304 1699
1699 1015
1015 1559
1559 1959
1959 2273
2273 656
656 2209
656 1932
2209 42
2209 2469
42 2029
42 1195
2029 114
2029 1800
114 1104
1104 822
822 1426
1426 1816
1816 329
1816 2197
329 2441
2441 1328
2441 2202
1328 1970
1970 558
1970 2392
558 1875
1875 362
1875 153
362 2439
2439 1036
1036 1043
1043 1780
1043 1546
1780 1130
1780 2101
1130 2327
1130 1548
2327 2133
2133 2346
2346 1624
2346 212
1624 1694
1624 1532
1694 1365
1694 505
1365 1696
1696 1814
1814 1818
1818 967
1818 2246
967 1724
967 294
1724 1189
1189 1803
1803 1332
1803 1686
1332 2021
2021 2330
2330 930
2330 1462
930 1661
930 874
1661 1190
1661 2396
1190 2231
2231 1088
1088 1199
1088 1885
1199 539
539 1647
1647 88
88 1988
1988 531
1988 2386
531 742
531 1643
742 1107
742 1772
1107 1543
1543 52
52 1121
52 2215
1121 1924
1924 1540
1540 549
1540 538
549 260
260 1048
1048 1217
1048 374
1217 2132
1217 404
2132 2334
2132 783
2334 1276
2334 1359
1276 1123
1123 22
22 2303
22 1598
2303 39
2303 932
39 2192
39 1586
2192 437
2192 810
437 2249
2249 2399
2249 1899
2399 2325
2399 650
2325 1912
2325 1701
1912 1378
1378 2395
1378 1292
2395 1482
1482 1283
1283 2411
1283 1911
2411 1526
2411 2151
1526 1049
1526 2107
1049 979
979 1898
1898 2198
1898 1715
2198 256
256 206
206 1286
206 1764
1286 659
1286 1424
659 448
659 366
448 1413
448 927
1413 1681
1681 2389
2389 1152
1152 785
785 1326
1326 1354
1354 1443
1354 2294
1443 338
1443 1583
338 2417
338 2142
2417 2252
2252 951
951 615
951 2037
615 1846
615 621
1846 1070
1846 181
1070 2059
1070 1008
2059 814
814 489
489 336
336 1232
1232 1427
1232 2134
1427 399
1427 1233
399 1523
1523 2227
1523 2301
2227 1969
2227 2463
1969 1346
1346 1442
1346 398
1442 1964
1442 2379
1964 2199
2199 1980
2199 1005
1980 2075
2075 965
965 2431
965 1016
2431 2212
2431 961
2212 1804
1804 2381
1804 1213
2381 528
2381 973
528 2055
2055 2402
2402 453
453 359
359 188
359 939
188 1047
1047 912
1047 1175
912 832
832 111
111 2003
111 1046
2003 55
2003 1718
55 1677
1677 576
1677 1501
576 1348
576 149
1348 80
1348 1341
80 2400
80 1757
2400 2230
2230 2272
2230 1394
2272 65
65 1547
65 2319
1547 2448
1547 1018
2448 1634
2448 418
1634 1529
1634 649
1529 156
156 903
903 592
903 2355
592 1541
592 1513
1541 703
703 1521
1521 1373
1373 299
1373 164
299 2236
2236 519
519 1465
519 1669
1465 1064
1064 466
466 354
354 1905
354 402
1905 1668
1668 1436
1668 1146
1436 120
120 109
109 2342
2342 1517
1517 1137
1517 1788
1137 1500
1137 1275
1500 1653
1500 1878
1653 1807
1807 1975
1807 119
1975 2308
1975 897
2308 728
2308 1293
728 1958
728 691
1958 2181
2181 1557
2181 1834
1557 1389
1389 7
1389 639
7 1505
7 1720
1505 2370
2370 428
428 1830
428 57
1830 2072
1830 101
2072 1020
2072 1750
1020 1140
1020 572
1140 1516
1516 2007
2007 2234
2007 2286
2234 2093
2234 1990
2093 269
269 97
97 994
97 279
994 963
963 1663
1663 835
1663 746
835 1660
835 2376
1660 1229
1660 845
1229 435
435 869
435 137
869 1324
869 130
1324 1636
1324 235
1636 1392
1636 1777
1392 1525
1392 1594
1525 1852
1525 1198
1852 31
31 14
14 865
865 2385
865 157
2385 1132
1132 559
1132 1605
559 1461
559 1114
1461 449
1461 2216
449 1095
1095 1023
1095 1220
1023 406
406 1396
1396 2053
2053 2247
2247 916
2247 1976
916 487
916 221
487 227
487 1129
227 1258
1258 843
843 474
474 1093
474 146
1093 698
1093 2442
698 587
587 1791
1791 462
462 446
462 574
446 317
317 1022
1022 205
1022 634
205 1271
205 425
1271 1379
1271 1778
1379 738
738 81
738 36
81 1168
81 1245
1168 1758
1758 60
1758 440
60 1490
1490 1322
1322 823
823 818
818 147
147 1808
1808 2038
1808 1497
2038 2184
2038 360
2184 432
2184 1596
432 24
24 697
24 1039
697 711
711 10
711 1145
10 2241
10 1630
2241 2461
2241 372
2461 725
725 335
335 1144
335 1656
1144 1485
1485 2082
2082 1652
1652 1983
1652 1496
1983 1509
1983 2254
1509 131
131 918
131 2306
918 1709
1709 1564
1709 1366
1564 2371
1564 1250
2371 18
18 1361
18 1883
1361 1585
1585 913
1585 998
913 5
913 624
5 1665
1665 1667
1667 2464
1667 2304
2464 2218
2464 1029
2218 2190
2190 2316
2190 583
2316 2436
2316 2035
2436 586
586 534
586 203
534 1176
1176 266
266 1000
1000 117
1000 2223
117 568
117 1270
568 929
929 2219
929 1864
2219 1984
1984 1745
1745 2069
1745 2367
2069 1748
2069 688
1748 172
1748 1143
172 316
316 2237
316 457
2237 1651
2237 467
1651 189
189 1479
189 330
1479 82
1479 456
82 596
82 355
596 1940
596 1092
1940 1512
1512 2000
2000 1273
2000 381
1273 35
35 556
556 2121
2121 1105
1105 1284
1284 2323
1284 1600
2323 1261
1261 1237
1261 1889
1237 1755
1237 1753
1755 680
1755 272
680 838
680 2098
838 347
347 170
347 1676
170 1633
1633 403
403 603
403 1923
603 1815
1815 1416
1815 768
1416 2297
2297 1288
2297 892
1288 2105
1288 2041
2105 2076
2076 1679
1679 1119
1119 1966
1966 504
1966 387
504 1383
504 1337
1383 210
210 2240
2240 1030
1030 261
1030 557
261 327
261 1626
327 1796
327 2443
1796 1867
1796 318
1867 1193
1193 1588
1588 1435
1588 613
1435 747
1435 315
747 1221
1221 820
1221 1075
820 217
820 1289
217 996
217 1977
996 1584
996 1625
1584 896
896 1277
1277 1690
1690 1644
1644 2004
2004 2047
2004 1734
2047 665
2047 1440
665 1855
1855 352
1855 56
352 373
373 1615
1615 249
249 40
40 1850
40 2391
1850 216
216 1920
1920 875
1920 1908
875 885
885 795
885 478
795 1355
795 2034
1355 2224
2224 1339
1339 928
928 2081
2081 685
685 1965
685 2350
1965 1167
1167 2313
1167 63
2313 944
2313 888
944 709
944 2351
709 190
709 569
190 1073
1073 1203
1203 270
1203 292
270 175
270 2251
175 1782
1782 936
936 1223
1223 1439
1439 408
1439 2166
408 1412
1412 1995
1412 2025
1995 148
148 510
510 288
510 1999
288 1877
288 104
1877 2362
1877 1838
2362 943
2362 1149
943 1480
943 475
1480 2262
1480 479
2262 546
546 431
546 485
431 2320
431 1155
2320 127
2320 25
127 1822
127 180
1822 907
907 1055
907 1456
1055 949
1055 2217
949 1729
1729 320
1729 856
320 225
225 1081
1081 94
94 1524
1524 594
1524 1918
594 1185
594 1567
1185 365
365 2205
2205 247
2205 2222
247 2260
247 890
2260 1208
2260 524
1208 2264
1208 924
2264 154
2264 707
154 987
154 1421
987 1410
987 1953
1410 250
1410 1357
250 2177
250 1109
2177 1747
2177 2326
1747 880
1747 2453
880 2265
880 302
2265 1919
2265 1478
1919 1726
1726 268
1726 1298
268 708
268 2291
708 1794
1794 640
640 1515
1515 664
1515 1249
664 1487
664 2380
1487 1813
1487 800
1813 2430
1813 2061
2430 560
2430 863
560 1982
1982 1979
1982 1972
1979 598
1979 1101
598 816
816 1007
1007 2454
2454 955
2454 1910
955 324
324 679
324 68
679 231
231 790
231 1495
790 242
242 1408
1408 1222
1222 389
1222 852
389 1425
1425 819
819 1161
819 377
1161 321
1161 1688
321 1811
1811 1252
1252 2066
2066 1738
1738 1386
1386 564
564 222
564 141
222 1458
1458 2154
1458 1454
2154 427
2154 2193
427 195
195 1560
1560 2403
1560 1935
2403 1151
2403 1463
1151 1705
1705 873
873 2295
873 1533
2295 793
793 1930
793 1141
1930 1572
1572 1187
1572 1054
1187 755
755 1621
755 1575
1621 1052
1621 11
1052 628
1052 1134
628 83
83 1116
83 543
1116 766
766 796
766 761
796 1587
796 185
1587 2120
1587 777
2120 1452
2120 271
1452 290
290 1635
290 1989
1635 1282
1635 20
1282 409
1282 2090
409 76
76 1312
76 1933
1312 274
1312 422
274 1267
1267 578
1267 2167
578 481
481 1685
481 1012
1685 2314
1685 1313
2314 2278
2314 1404
2278 1522
2278 2358
1522 1307
1307 658
658 1117
658 340
1117 735
1117 1790
735 1756
735 655
1756 1264
1264 1069
1069 2077
1069 2079
2077 207
207 734
734 51
734 1154
51 2307
51 2045
2307 2290
2307 1082
2290 1682
1682 1110
1110 683
1110 942
683 776
683 1448
776 1197
1197 625
625 2404
2404 1944
2404 2268
1944 1241
1241 2108
1241 1601
2108 1589
1589 1218
1589 1032
1218 1179
1218 980
1179 1527
1179 652
1527 2444
1527 595
2444 1200
2444 1530
1200 1194
1194 263
1194 2428
263 1058
263 13
1058 1809
1058 1903
1809 2276
2276 492
2276 646
492 150
492 506
150 1949
150 1423
1949 797
797 1922
797 573
1922 1382
1382 1893
1382 183
1893 1566
1566 1978
1978 1992
1978 238
1992 2274
2274 677
677 1843
1843 925
1843 1160
925 237
925 61
237 1711
237 2280
1711 899
899 1274
899 2124
1274 2305
2305 257
257 79
257 1761
79 710
710 2424
2424 881
2424 2407
881 2183
2183 1414
2183 1502
1414 1710
1710 370
1710 470
370 1604
370 512
1604 739
739 1707
739 2027
1707 2214
1707 902
2214 1617
1617 744
1617 1097
744 2026
2026 2245
2026 350
2245 1824
2245 759
1824 1466
1466 325
1466 1257
325 53
325 50
53 54
53 2470
54 429
429 1165
429 1869
1165 314
314 2401
2401 72
2401 2344
72 1697
72 1371
1697 2106
1697 1050
2106 2243
2106 1402
2243 107
107 780
107 209
780 159
780 1576
159 1483
1483 1391
1483 827
1391 173
1391 1638
173 2014
173 1120
2014 2085
2085 123
2085 2282
123 103
103 1872
1872 259
1872 444
259 1096
259 441
1096 2179
2179 792
792 836
836 1866
836 1544
1866 460
1866 1079
460 280
280 2211
280 2143
2211 1003
2211 1459
1003 2315
2315 434
434 1888
1888 1827
1827 937
937 2153
937 778
2153 1842
2153 507
1842 1946
1842 674
1946 1670
1946 1381
1670 1716
1670 199
1716 1571
1716 501
1571 1302
1571 749
1302 1294
1302 1034
1294 1038
1038 1538
1038 1993
1538 1580
1538 1186
1580 2416
2416 433
433 1316
433 2284
1316 1762
1762 1860
1762 58
1860 1227
1227 2086
1227 1645
2086 1534
2086 692
1534 1484
1534 2347
1484 2195
2195 1
2195 1363
1 1244
1244 343
343 1318
1318 1798
1318 1235
1798 307
1798 1067
307 1115
307 1469
1115 191
1115 2378
191 1472
1472 1817
1817 1793
1793 2149
2149 1740
1740 597
1740 1216
597 1068
1068 1017
1017 2289
2289 1556
1556 1181
1181 1358
1181 1934
1358 675
675 760
675 452
760 730
730 2397
2397 2182
2182 1300
2182 982
1300 991
991 1900
991 804
1900 204
204 660
204 1317
660 1158
660 2244
1158 2002
1158 1836
2002 1612
2002 520
1612 622
622 2429
2429 1344
1344 345
345 1892
1892 215
1892 282
215 2203
2203 1253
1253 1247
1247 2287
1247 1742
2287 2178
2287 311
2178 1192
1192 752
1192 2257
752 1056
752 619
1056 1417
1056 239
1417 1595
1595 202
1595 802
202 1405
1405 1162
1405 468
1162 786
1162 850
786 1730
786 1418
1730 229
229 1573
1573 283
1573 2388
283 1385
283 1127
1385 839
839 113
113 919
919 1138
1138 612
612 714
612 1725
714 2
2 648
648 461
648 358
461 2145
461 1545
2145 801
2145 969
801 787
787 224
224 514
224 1640
514 2338
2338 1609
2338 2144
1609 1802
1609 1942
1802 211
1802 2089
211 500
500 2136
500 2119
2136 248
2136 849
248 122
122 332
122 179
332 931
332 155
931 1224
931 1266
1224 908
908 2456
2456 38
2456 416
38 848
38 1868
848 2070
2070 1236
1236 1297
1297 905
905 1786
905 132
1786 1941
1941 2018
1941 1857
2018 1646
1646 473
1646 527
473 2228
473 2467
2228 540
2228 860
540 609
540 2253
609 1492
1492 1858
1858 2281
1858 2451
2281 477
2281 64
477 829
477 1231
829 49
829 879
49 1826
1826 2365
2365 1343
2365 1131
1343 23
1343 1196
23 774
23 232
774 1537
1537 289
289 2293
289 566
2293 1666
1666 1749
1666 278
1749 2374
1749 945
2374 393
393 2129
393 142
2129 2024
2129 1751
2024 28
28 824
824 1865
824 565
1865 328
1865 898
328 2139
2139 344
344 847
344 2408
847 128
128 2277
128 551
2277 562
2277 1662
562 917
562 762
917 2084
917 243
2084 490
490 1494
1494 2433
1494 1904
2433 502
502 736
502 1592
736 93
93 1840
1840 1887
1840 2318
1887 1447
1887 2196
1447 867
1447 1240
867 2438
2438 581
2438 542
581 1205
581 1498
1205 909
1205 1094
909 1913
1913 2063
1913 285
2063 626
2063 616
626 1238
1238 653
1238 1212
653 1884
1884 1603
1603 1657
1657 1691
1657 975
1691 423
1691 84
423 1118
1118 1987
1118 693
1987 1511
1511 1947
1511 1957
1947 1433
1433 690
1433 1784
690 384
690 322
384 2322
2322 798
798 15
798 638
15 2017
15 134
2017 2042
2042 214
214 2088
214 2095
2088 1861
1861 499
499 857
857 108
857 430
108 162
162 1486
1486 74
74 1084
1084 1680
1084 1674
1680 1211
1211 1768
1768 419
1768 2054
419 2028
419 1859
2028 2437
2028 66
2437 1026
2437 1606
1026 1074
1026 1091
1074 2140
2140 2366
2366 169
169 694
694 953
953 1880
1880 1504
1880 536
1504 2452
1504 844
2452 1520
1520 1021
1021 194
194 1431
194 1191
1431 4
1431 2353
4 253
4 938
253 1455
1455 2052
1455 1474
2052 349
349 47
47 2135
47 1916
2135 196
2135 2412
196 1825
1825 803
803 59
59 2336
2336 1401
1401 923
1401 1299
923 106
106 308
106 561
308 90
308 2141
90 920
920 1881
920 1702
1881 720
720 563
563 670
563 163
670 2039
2039 1906
2039 2056
1906 1863
1906 915
1863 1226
1226 463
1226 891
463 161
161 642
161 276
642 1254
1254 1574
1574 1434
1574 1765
1434 1031
1031 252
252 1260
1260 1323
1260 1234
1323 1062
1062 1632
1632 1207
1207 85
1207 2283
85 102
85 993
102 43
43 799
43 719
799 2058
799 1009
2058 498
2058 37
498 273
273 395
395 842
395 2201
842 1678
842 265
1678 509
509 901
901 1673
901 2324
1673 1352
1673 125
1352 2071
2071 411
2071 1285
411 1178
1178 525
1178 2390
525 223
525 177
223 301
301 472
472 2220
2220 2146
2220 1936
2146 717
2146 1937
717 582
717 304
582 1372
1372 1985
1372 610
1985 1528
1528 1561
1561 1693
1693 2033
2033 1602
2033 2168
1602 1163
1163 1269
1163 1085
1269 1503
1269 834
1503 1380
1503 414
1380 1150
1380 166
1150 2312
2312 2432
2432 1618
2432 2398
1618 2269
1618 1177
2269 1035
1035 1078
1078 1760
1760 1507
1507 791
1507 1291
791 450
450 1453
1453 895
1453 733
895 552
895 236
552 62
62 1708
1708 1754
1708 386
1754 1338
1338 1599
1599 1374
1599 682
1374 1746
1746 2414
2414 400
2414 2060
400 2348
400 443
2348 198
2348 258
198 442
198 1829
442 1248
442 1671
1248 2339
2339 1377
1377 2207
1377 1409
2207 1475
1475 339
1475 1891
339 2329
339 2285
2329 264
2329 1620
264 741
264 2335
741 455
455 784
784 1832
784 1407
1832 956
1832 893
956 6
6 935
6 2114
935 1387
935 2147
1387 1769
1387 764
1769 999
1769 483
999 1833
999 310
1833 1350
1350 1689
1689 2019
2019 390
390 1654
1654 2299
2299 1230
1230 1844
1230 1180
1844 1281
1281 2175
2175 2423
2423 644
644 1890
1890 941
941 1648
941 1698
1648 503
1648 713
503 2013
503 672
2013 464
2013 1024
464 160
464 2040
160 2103
160 1739
2103 666
666 886
886 110
110 2094
2094 1805
2094 140
1805 1136
1805 1045
1136 771
771 2460
2460 454
2460 1732
454 686
454 1076
686 946
946 2062
946 2113
2062 1994
2062 2046
1994 1464
1464 2435
2435 812
2435 1124
812 1623
1623 1089
1089 2413
2413 1306
1306 424
424 100
100 1268
100 1687
1268 298
298 2123
298 2275
2123 789
2123 115
789 9
789 2375
9 641
9 1627
641 1767
641 26
1767 16
1767 1204
16 1441
16 2032
1441 1928
1928 868
1928 2155
868 1641
1641 1831
1641 220
1831 1519
1519 2419
1519 2387
2419 2188
2188 1214
1214 1327
1214 178
1327 1315
1315 2011
2011 1771
2011 1279
1771 2170
2170 2232
2232 926
2232 2457
926 821
926 948
821 465
821 537
465 669
465 1153
669 2185
669 2159
2185 1563
1563 2235
1563 1773
2235 2421
2421 699
699 1001
1001 1262
1262 1700
1700 1577
1700 1349
1577 1961
1577 8
1961 2340
2340 2051
2051 1945
2051 976
1945 2458
1945 174
2458 2361
2458 1915
2361 1717
2361 1311
1717 1080
1080 2152
1080 1733
2152 1209
1209 421
1209 654
421 1321
421 459
1321 2233
2233 1981
1981 1353
1981 618
1353 1362
1362 98
1362 1591
98 2352
98 494
2352 1510
2352 809
1510 2138
1510 1649
2138 1370
1370 1854
1854 757
757 2333
757 1774
2333 30
30 1759
30 112
1759 964
1759 1429
964 136
964 1159
136 2010
2010 984
2010 1616
984 333
984 2406
333 2258
333 1650
2258 1265
2258 1554
1265 1334
1334 2410
2410 826
826 807
826 1797
807 488
807 254
488 1010
1010 334
334 516
516 1398
1398 2213
2213 1770
2213 251
1770 1939
1939 779
1939 1608
779 1914
1914 605
605 1400
1400 244
1400 1897
244 2328
2328 1100
2328 2311
1100 511
1100 388
511 2131
511 2208
2131 2116
2116 1882
1882 1839
1839 1125
1125 413
413 2393
2393 550
550 977
977 436
977 1704
436 2409
2409 2455
2409 900
2455 2242
2455 631
2242 971
2242 1420
971 1432
1432 754
1432 1246
754 1225
1225 193
193 218
193 1106
218 275
275 44
44 1025
44 2221
1025 877
877 577
577 208
577 75
208 1063
1063 309
1063 1457
309 1845
1845 69
1845 1042
69 1388
1388 1351
1388 981
1351 2263
1351 1763
2263 2110
2263 1837
2110 133
133 2471
2471 497
497 1847
497 1188
1847 1006
1006 1406
1006 2296
1406 1929
1929 1998
1929 1706
1998 985
985 678
985 544
678 950
678 346
950 2194
2194 267
267 192
267 397
192 2165
2165 643
643 2074
2074 1552
1552 1779
1552 1823
1779 599
1779 1090
599 2449
2449 1721
1721 1806
1721 1713
1806 1835
1835 1894
1835 2309
1894 2117
1894 2434
2117 2020
2020 2050
2020 1736
2050 2266
2266 1590
1590 2064
1590 351
2064 1895
1895 2459
2459 129
2459 667
129 1943
129 1907
1943 934
934 233
233 458
233 1518
458 2354
2354 854
2354 71
854 532
532 1340
1340 811
811 1841
811 805
1841 914
914 1259
1259 2172
1259 469
2172 2418
2418 281
2418 2137
281 782
782 1345
782 1375
1345 2012
2012 200
200 1320
1320 523
1320 606
523 2005
523 2225
2005 1239
1239 1931
1931 2261
1931 1309
2261 1871
2261 186
1871 1295
1871 1743
1295 2065
1295 1862
2065 729
2065 1597
