11 1115 5971929
10 1
1 7
7 6
6 4
6 5
4 8
8 9
8 11
9 2
2 3
95 88
95 631
88 1021
1021 1107
1107 970
1107 721
970 153
153 714
153 350
714 1060
714 557
1060 309
1060 952
309 971
309 752
971 37
37 443
37 657
443 701
701 427
427 700
700 25
700 151
25 440
25 369
440 412
412 398
412 131
398 340
340 745
745 288
745 1010
288 191
288 1036
191 709
191 795
709 388
709 689
388 299
299 436
299 165
436 360
360 42
42 266
42 335
266 242
242 1005
242 907
1005 426
1005 113
426 488
488 258
258 104
104 179
179 214
214 384
214 651
384 1110
384 355
1110 702
1110 423
702 498
498 506
506 636
506 769
636 566
636 900
566 599
566 361
599 603
599 83
603 681
681 677
677 561
677 806
561 206
561 203
206 644
206 65
644 906
644 229
906 741
906 235
741 585
585 324
324 457
324 300
457 587
587 491
587 448
491 164
491 792
164 102
102 936
936 570
936 100
570 366
366 758
366 684
758 917
758 81
917 405
405 1003
1003 756
1003 61
756 1026
756 85
1026 938
1026 598
938 364
938 1109
364 1056
364 319
1056 892
1056 885
892 580
580 782
782 1101
782 511
1101 790
790 872
790 1093
872 612
612 565
565 428
428 865
865 873
865 725
873 1064
873 545
1064 869
869 8
869 1081
8 809
809 363
363 474
474 706
706 303
706 183
303 516
303 968
516 321
321 517
517 766
517 961
766 509
766 768
509 621
621 533
621 729
533 1104
1104 913
1104 973
913 218
913 272
218 174
174 514
514 1037
514 867
1037 80
80 692
80 441
692 334
334 594
334 831
594 230
230 742
230 339
742 459
742 601
459 818
818 1028
1028 520
520 712
520 633
712 720
720 134
134 295
295 320
320 48
48 185
185 910
185 855
910 94
910 341
94 430
430 22
430 901
22 382
382 967
382 997
967 496
496 234
496 896
234 52
234 532
52 108
52 421
108 711
711 392
392 383
392 512
383 1006
383 685
1006 501
501 305
501 703
305 730
305 175
730 904
904 456
456 190
190 736
736 1091
1091 155
1091 632
155 609
609 1009
1009 597
1009 933
597 941
597 899
941 465
941 986
465 270
270 713
270 877
713 431
713 571
431 1069
1069 263
263 315
315 942
942 264
942 998
264 882
882 931
882 606
931 200
200 53
53 285
53 955
285 330
330 205
330 1095
205 519
519 981
519 871
981 935
935 922
935 207
922 29
922 755
29 949
29 640
949 588
949 842
588 696
696 853
853 643
643 567
643 794
567 54
54 763
763 773
763 14
773 778
778 547
778 365
547 6
6 1070
6 1001
1070 539
1070 889
539 641
539 535
641 137
641 173
137 1113
1113 9
9 225
9 619
225 485
485 444
485 160
444 385
385 1054
385 947
1054 746
746 1040
1040 1057
1040 92
1057 82
1057 898
82 163
163 678
678 654
678 500
654 276
276 556
556 751
556 211
751 75
751 1077
75 357
75 262
357 810
810 455
810 370
455 798
798 279
279 396
279 90
396 446
396 68
446 358
446 857
358 902
902 839
839 1004
1004 671
671 849
671 425
849 472
472 719
472 232
719 927
719 106
927 513
513 604
604 198
198 135
198 1076
135 523
523 1035
523 217
1035 1073
1073 209
1073 490
209 333
333 1048
1048 951
1048 674
951 89
89 13
89 843
13 620
620 149
149 1063
1063 313
313 1047
1047 652
652 133
133 1092
133 761
1092 120
1092 1000
120 145
145 682
145 626
682 1025
1025 784
1025 541
784 146
146 1080
146 1007
1080 109
1080 695
109 528
528 655
655 693
655 821
693 804
804 486
486 389
486 740
389 252
389 67
252 1084
1084 143
143 856
143 903
856 478
856 274
478 764
478 964
764 762
764 471
762 987
762 801
987 838
838 348
348 101
348 1067
101 50
101 74
50 781
50 302
781 905
781 578
905 530
530 177
177 656
177 814
656 1051
1051 437
1051 775
437 221
437 124
221 553
553 642
553 3
642 454
454 569
454 46
569 924
569 683
924 554
554 563
554 996
563 1039
563 78
1039 172
1039 611
172 359
359 316
359 548
316 586
316 593
586 213
586 20
213 26
26 401
26 808
401 132
401 505
132 77
77 395
77 862
395 374
374 687
687 127
127 76
127 196
76 297
76 1102
297 1020
297 664
1020 669
1020 629
669 27
669 584
27 453
27 820
453 167
453 772
167 497
497 846
846 786
786 318
786 161
318 210
210 84
84 239
84 966
239 779
779 123
123 251
251 386
386 999
386 1089
999 278
278 39
39 4
39 680
4 555
4 1062
555 1002
555 618
1002 1044
1044 731
1044 581
731 858
858 408
408 670
408 1100
670 926
670 1016
926 813
813 21
813 916
21 176
176 645
176 346
645 733
645 1050
733 115
115 705
705 362
705 479
362 7
362 925
7 827
827 977
977 397
977 1086
397 306
306 759
759 805
759 114
805 760
805 328
760 771
760 157
771 1030
771 583
1030 699
699 1029
699 16
1029 406
1029 860
406 549
406 283
549 537
549 812
537 550
537 241
550 777
550 204
777 347
777 559
347 974
347 1019
974 807
974 716
807 788
788 129
129 492
129 23
492 574
574 914
914 141
141 628
628 69
69 1017
1017 296
296 462
462 698
698 625
625 624
625 615
624 15
15 240
15 201
240 103
103 93
103 140
93 502
93 665
502 1072
1072 735
1072 868
735 975
735 212
975 33
33 44
33 934
44 748
44 959
748 41
41 480
41 244
480 122
480 1023
122 193
193 1031
1031 51
1031 55
51 995
51 708
995 354
354 323
354 188
323 527
323 495
527 507
527 64
507 637
507 49
637 481
637 607
481 963
481 1046
963 940
963 673
940 250
940 847
250 850
850 152
152 649
649 508
649 282
508 739
508 690
739 883
883 551
883 373
551 469
551 789
469 130
469 260
130 1011
1011 800
1011 953
800 743
743 71
743 717
71 979
979 524
524 30
524 744
30 18
30 753
18 237
18 932
237 111
237 757
111 12
111 738
12 253
253 894
253 112
894 284
284 391
391 420
420 189
420 660
189 86
189 1075
86 32
86 119
32 691
32 819
691 416
691 650
416 493
493 816
493 638
816 228
228 343
228 138
343 308
308 965
308 672
965 342
965 715
342 958
958 989
958 247
989 257
989 499
257 851
257 727
851 1083
851 923
1083 169
1083 920
169 410
410 1098
410 734
1098 375
1098 194
375 726
726 886
886 376
376 429
429 476
476 1038
1038 984
984 1079
984 424
1079 573
573 62
573 487
62 866
62 249
866 322
866 852
322 863
863 504
863 298
504 564
504 331
564 372
372 311
372 552
311 171
311 442
171 600
600 697
697 874
697 268
874 978
978 158
978 238
158 1115
158 220
1115 1105
1115 686
1105 255
1105 390
255 433
255 875
433 948
433 887
948 294
948 833
294 939
939 893
893 829
893 707
829 793
829 929
793 895
895 326
895 450
326 304
304 147
147 139
147 1112
139 878
139 796
878 243
878 897
243 526
526 659
526 166
659 447
659 97
447 58
58 256
58 1
256 387
256 510
387 482
387 35
482 28
28 1043
1043 223
223 407
223 521
407 823
407 1097
823 489
823 45
489 861
861 840
861 983
840 287
840 393
287 1032
1032 197
197 824
197 344
824 327
327 562
327 915
562 919
919 884
919 180
884 770
770 464
770 245
464 290
290 470
470 394
470 876
394 630
630 222
630 1096
222 312
312 543
543 909
909 575
575 590
575 43
590 579
579 602
602 377
377 531
377 66
531 811
531 663
811 473
811 844
473 24
24 1033
24 990
1033 1059
1059 107
1059 985
107 608
608 170
608 767
170 864
864 653
864 634
653 783
653 208
783 694
694 467
694 449
467 400
400 219
219 182
219 825
182 136
182 98
136 1012
136 525
1012 962
962 371
371 47
47 148
47 11
148 468
468 79
79 830
79 248
830 187
187 1027
187 616
1027 890
890 414
414 791
414 399
791 891
791 613
891 150
150 110
110 73
73 802
802 969
969 483
969 126
483 859
859 178
859 988
178 737
737 723
723 1114
1114 91
1114 356
91 19
19 787
787 72
787 349
72 1018
1018 96
1018 271
96 419
419 1024
419 402
1024 224
1024 186
224 661
661 289
289 1087
1087 1071
1071 463
463 1013
463 732
1013 117
117 1034
1034 38
38 718
718 1065
1065 841
841 439
841 451
439 1041
439 536
1041 199
199 494
494 99
494 307
99 518
518 293
518 930
293 34
34 246
246 381
246 281
381 747
747 1049
747 2
1049 1055
1049 477
1055 57
1055 1106
57 668
668 280
668 1053
280 434
280 647
434 837
434 156
837 233
837 415
233 993
233 1088
993 227
227 325
325 1085
325 911
1085 144
1085 329
144 277
277 870
870 422
422 803
422 338
803 836
836 529
529 688
529 946
688 1068
688 195
1068 336
1068 40
336 63
63 202
63 337
202 458
202 1045
458 676
676 1042
676 352
1042 411
1042 159
411 785
785 834
834 991
991 1008
1008 332
332 269
332 267
269 880
269 822
880 31
31 275
31 596
275 1022
1022 87
87 797
797 815
797 848
815 945
815 992
945 292
945 438
292 648
292 314
648 380
380 568
568 522
522 1074
522 226
1074 417
417 1058
1058 1066
1066 776
1066 310
776 515
776 215
515 918
515 576
918 835
835 5
835 368
5 828
5 912
828 1015
828 184
1015 409
409 1108
409 667
1108 128
128 1052
128 403
1052 70
70 750
70 627
750 879
750 605
879 378
378 954
954 623
954 994
623 254
254 944
254 534
944 367
944 1082
367 854
367 116
854 353
854 432
353 192
353 540
192 461
461 435
435 780
435 56
780 799
780 60
799 881
799 17
881 460
881 950
460 957
460 710
957 261
957 614
261 301
261 675
301 558
558 754
558 125
754 622
622 592
622 105
592 1111
592 404
1111 589
1111 379
589 231
589 639
231 265
231 538
265 273
273 722
273 724
722 413
722 10
413 36
36 937
36 291
937 351
351 544
351 749
544 617
617 765
617 445
765 1014
765 704
1014 982
982 646
646 546
646 1094
546 259
259 181
181 832
832 943
943 888
943 560
888 662
888 475
662 582
662 1090
582 345
345 960
345 826
960 1061
960 236
1061 452
452 466
466 980
980 956
956 658
956 666
658 317
317 591
591 162
591 774
162 1078
162 168
1078 1099
1099 286
286 484
286 59
484 1103
1103 845
1103 418
845 118
118 908
908 142
908 572
142 542
542 595
542 928
595 577
595 921
577 154
154 635
635 817
635 216
817 976
817 503
976 610
610 972
972 728
728 679
679 121
