8 1301 96
5 2
5 6
2 4
2 8
4 3
3 7
7 1
1293 299
299 456
299 805
456 1225
1225 94
94 904
94 301
904 397
904 663
397 229
229 1274
1274 344
344 561
344 491
561 166
166 989
989 23
989 308
23 716
23 71
716 192
192 520
192 135
520 864
864 539
864 572
539 131
539 1200
131 809
809 844
844 702
844 74
702 954
702 249
954 261
261 515
515 1126
1126 69
1126 1074
69 1065
1065 624
624 861
624 696
861 123
861 127
123 1237
1237 173
1237 728
173 396
173 486
396 782
782 140
140 1206
140 169
1206 250
1206 66
250 426
426 264
426 523
264 422
264 1127
422 871
871 842
871 724
842 950
950 207
207 553
553 1078
1078 847
847 917
847 1189
917 404
404 391
391 898
391 747
898 1043
898 867
1043 604
604 601
601 248
248 744
248 617
744 1298
744 312
1298 711
711 389
711 940
389 244
389 983
244 160
244 413
160 1180
160 845
1180 1270
1270 512
1270 1246
512 959
512 559
959 687
687 210
687 999
210 86
86 420
420 921
420 224
921 110
110 1030
110 828
1030 1151
1030 321
1151 1037
1151 384
1037 1241
1241 823
823 650
650 306
306 1137
1137 1286
1137 678
1286 185
185 575
575 893
575 854
893 932
932 641
932 460
641 894
894 858
858 981
858 1285
981 476
476 838
476 801
838 817
838 665
817 154
817 806
154 1191
1191 720
1191 190
720 1264
720 766
1264 857
1264 196
857 315
857 1251
315 584
315 794
584 870
584 369
870 582
582 194
582 1114
194 9
194 1244
9 895
895 517
895 662
517 178
517 879
178 112
178 715
112 481
481 211
211 311
211 83
311 189
311 118
189 1155
1155 20
20 177
20 622
177 1218
177 346
1218 657
657 522
522 293
293 583
293 1134
583 908
908 317
908 148
317 1258
317 1257
1258 636
1258 834
636 552
636 966
552 928
552 329
928 627
928 606
627 1132
1132 1094
1132 1299
1094 379
1094 338
379 863
863 1001
1001 980
980 390
390 1171
390 659
1171 303
1171 1207
303 1161
1161 1239
1161 506
1239 781
1239 717
781 1266
781 890
1266 680
680 529
680 1173
529 493
493 129
493 686
129 1093
129 677
1093 969
969 1275
1275 988
1275 163
988 168
168 500
168 120
500 464
500 458
464 468
464 106
468 205
468 116
205 1242
1242 1300
1242 78
1300 567
567 731
567 714
731 136
136 812
812 764
764 883
883 1071
1071 757
757 477
477 524
524 4
4 55
4 1196
55 227
55 1133
227 779
779 243
779 737
243 1220
1220 1118
1118 1021
1118 279
1021 927
1021 202
927 839
927 595
839 820
820 1236
820 347
1236 134
1236 85
134 795
795 1010
795 430
1010 948
1010 252
948 648
948 874
648 668
648 319
668 428
668 1060
428 1029
428 104
1029 364
364 487
364 620
487 1261
487 284
1261 193
193 1041
193 1253
1041 596
596 433
596 868
433 5
433 851
5 1157
5 1110
1157 911
1157 619
911 472
472 1102
1102 1174
1174 990
990 300
300 1226
1226 452
1226 762
452 881
881 183
183 811
811 852
811 853
852 533
852 602
533 172
533 188
172 960
172 877
960 1154
960 1025
1154 726
726 830
830 473
473 451
451 1061
451 1054
1061 1281
1061 1292
1281 1287
1281 614
1287 370
1287 667
370 180
370 1097
180 608
608 1247
1247 897
897 837
837 395
395 923
923 803
923 416
803 841
803 455
841 913
841 336
913 703
913 1179
703 152
152 499
499 644
499 970
644 201
201 273
201 492
273 638
273 322
638 1209
1209 1185
1209 414
1185 437
437 1267
1267 577
1267 1032
577 258
577 543
258 639
258 17
639 388
388 846
846 232
232 1023
1023 1056
1056 444
444 419
444 402
419 159
159 1143
159 1076
1143 1072
1143 1008
1072 1044
1072 1166
1044 406
406 341
406 1128
341 1271
341 836
1271 800
800 1181
1181 471
1181 28
471 33
33 268
33 706
268 81
81 102
81 313
102 1085
1085 1050
1085 616
1050 356
356 157
356 653
157 220
157 1090
220 234
234 8
8 295
8 296
295 535
535 407
407 151
151 119
151 882
119 443
443 1036
1036 1260
1036 1062
1260 381
381 891
891 49
49 965
965 791
965 1231
791 843
791 1095
843 682
682 288
288 504
288 957
504 612
612 1240
612 1192
1240 531
531 27
531 808
27 527
27 1150
527 780
780 488
780 995
488 1009
488 1255
1009 1099
1099 1013
1013 548
1013 1113
548 1055
1055 1140
1055 423
1140 618
618 37
37 254
37 283
254 1049
254 191
1049 739
1049 1216
739 1135
739 361
1135 375
1135 1296
375 255
375 386
255 1084
1084 633
1084 474
633 1294
1294 18
18 1082
1082 875
875 427
875 447
427 366
427 661
366 465
465 931
931 58
58 198
198 495
198 287
495 855
855 50
50 52
52 70
52 446
70 360
360 866
360 573
866 555
555 708
708 978
978 449
449 754
754 146
754 651
146 776
146 640
776 815
776 1064
815 926
815 865
926 982
926 761
982 1152
982 497
1152 56
1152 417
56 955
955 124
955 7
124 466
466 1170
1170 383
383 92
92 100
92 736
100 77
100 1233
77 1223
77 1083
1223 441
1223 182
441 1
441 352
1 1136
1136 82
82 382
82 334
382 237
382 508
237 753
753 621
621 162
621 436
162 1167
1167 1005
1005 637
637 57
637 599
57 362
57 772
362 235
235 734
235 544
734 297
297 1027
297 935
1027 485
485 1048
1048 219
1048 1288
219 685
219 537
685 170
685 421
170 859
170 1003
859 918
918 799
918 1235
799 642
799 942
642 876
642 741
876 590
590 615
615 457
615 1066
457 1156
457 256
1156 359
359 1125
1125 860
1125 153
860 453
453 967
967 187
187 101
187 600
101 1178
1178 108
1178 630
108 956
956 1051
1051 490
490 674
490 773
674 1188
1188 587
1188 138
587 45
587 318
45 598
598 1163
598 316
1163 509
509 632
509 107
632 986
632 752
986 964
986 769
964 936
964 90
936 1058
1058 664
1058 669
664 1070
1070 562
1070 1081
562 1122
1122 1106
1122 40
1106 1144
1106 298
1144 888
888 526
526 835
526 442
835 649
649 1006
1006 700
1006 222
700 611
611 257
257 684
257 394
684 351
684 454
351 349
351 963
349 933
349 922
933 122
933 1111
122 462
122 291
462 722
462 179
722 592
592 645
592 1120
645 818
818 693
818 576
693 309
693 1079
309 412
412 1026
1026 150
150 973
973 840
840 946
946 1160
946 557
1160 735
1160 550
735 176
176 878
176 915
878 403
878 149
403 992
403 73
992 1176
992 850
1176 357
357 996
996 310
996 1068
310 186
186 35
35 1130
35 240
1130 607
1130 521
607 807
807 819
807 1149
819 784
784 1278
1278 253
1278 786
253 450
253 424
450 1035
1035 774
1035 1224
774 276
276 938
276 519
938 238
238 337
238 12
337 546
337 1138
546 775
775 972
775 64
972 1028
972 987
1028 1115
1028 448
1115 393
1115 502
393 387
387 328
328 98
98 1259
1259 260
1259 771
260 212
212 1103
1103 1020
1103 564
1020 103
1020 1016
103 825
825 1291
1291 1145
1145 355
1145 167
355 1046
355 145
1046 320
320 701
701 516
516 593
593 1075
593 14
1075 247
1075 901
247 286
286 723
286 536
723 903
903 171
903 905
171 270
270 63
270 542
63 1124
1124 790
790 175
175 285
175 1158
285 345
285 51
345 629
345 1284
629 294
629 482
294 1214
294 206
1214 425
425 692
425 503
692 323
692 937
323 48
48 554
48 93
554 1057
1057 919
919 282
282 1269
282 339
1269 165
165 1210
1210 534
534 787
787 571
571 578
578 778
578 133
778 330
778 217
330 399
330 195
399 660
660 380
380 1121
1121 350
350 215
215 1213
215 712
1213 411
411 161
161 463
463 984
463 1073
984 1040
984 727
1040 1203
1203 1290
1290 1077
1290 699
1077 1012
1077 719
1012 909
1012 343
909 511
909 802
511 1205
1205 62
1205 961
62 218
62 814
218 340
340 788
340 1129
788 770
770 1087
770 203
1087 1198
1198 97
97 1222
1222 72
72 1117
72 1199
1117 1201
1201 41
1201 141
41 88
41 326
88 721
88 759
721 574
574 324
574 32
324 1139
324 1069
1139 208
208 367
367 214
367 655
214 1204
1204 1277
1204 1175
1277 902
902 221
221 1014
221 47
1014 755
1014 38
755 1147
755 743
1147 1194
1194 697
697 751
751 740
740 1063
1063 111
111 478
111 1108
478 121
478 105
121 415
415 652
415 67
652 332
652 333
332 327
332 1228
327 912
327 65
912 1086
912 1245
1086 525
1086 228
525 698
525 1024
698 675
675 1252
1252 29
1252 1146
29 147
147 796
147 358
796 467
467 290
467 372
290 756
756 1268
1268 246
246 158
158 392
392 304
392 623
304 816
304 233
816 3
816 880
3 331
3 713
331 683
331 676
683 1243
683 1190
1243 305
305 580
580 197
197 634
634 374
634 1168
374 95
374 30
95 1279
1279 568
1279 962
568 626
626 461
461 1187
461 783
1187 1007
1187 1164
1007 1172
1007 19
1172 432
432 117
432 1221
117 1162
1162 549
1162 884
549 409
409 75
409 998
75 15
15 34
34 1265
1265 181
181 997
181 916
997 281
997 831
281 230
281 494
230 31
230 797
31 910
910 971
971 1212
971 565
1212 1047
1212 1282
1047 1262
1262 976
976 242
242 1227
1227 307
1227 951
307 365
365 1123
365 939
1123 656
656 54
656 885
54 603
603 26
603 501
26 994
994 532
994 363
532 1297
1297 239
1297 1105
239 480
239 694
480 1283
1283 60
1283 125
60 438
60 1141
438 958
958 872
872 777
777 953
953 832
953 174
832 114
114 36
114 1256
36 594
36 99
594 681
594 1098
681 798
798 142
798 280
142 1080
1080 132
1080 418
132 658
658 943
943 39
943 496
39 672
39 156
672 225
225 1249
225 920
1249 1022
1249 143
1022 325
325 886
886 1052
886 25
1052 483
1052 378
483 625
483 974
625 1033
1033 226
1033 241
226 429
226 115
429 993
993 581
993 91
581 947
581 184
947 13
13 274
13 2
274 1272
274 558
1272 1184
1184 1238
1184 1186
1238 907
907 342
907 1142
342 679
679 765
679 435
765 1042
1042 1131
1131 643
643 738
738 1197
1197 1101
1101 804
1101 635
804 1159
804 139
1159 80
80 758
80 44
758 733
758 275
733 551
551 760
551 475
760 896
760 631
896 1195
1195 216
216 155
155 1091
1091 579
1091 1208
579 400
400 688
688 1177
688 585
1177 259
259 87
87 1107
1107 292
292 459
292 586
459 265
265 1053
1053 269
1053 1153
269 1280
1280 96
1280 829
96 199
96 538
199 934
934 61
61 914
914 833
833 302
833 628
302 862
302 1254
862 889
889 822
822 513
513 605
605 541
605 1229
541 272
272 977
977 707
977 113
707 431
707 84
431 610
431 1002
610 262
610 505
262 570
262 545
570 144
144 518
144 398
518 1038
518 906
1038 821
821 560
821 824
560 128
128 1219
1219 1017
1017 489
1017 335
489 507
489 1211
507 689
507 1182
689 900
689 654
900 401
900 1230
401 354
401 710
354 1193
354 1295
1193 209
209 887
209 470
887 137
137 569
569 540
540 589
589 440
440 1217
1217 873
1217 236
873 484
873 666
484 1000
1000 789
789 204
789 510
204 1031
1031 924
1031 749
924 1248
924 53
1248 371
1248 289
371 945
371 556
945 1289
945 445
1289 385
1289 528
385 671
385 59
671 271
271 353
353 410
353 76
410 745
410 1034
745 856
856 1301
856 1018
1301 200
200 730
730 985
730 1088
985 1183
1183 732
732 979
732 479
979 670
670 267
267 750
750 810
810 263
263 705
263 597
705 899
899 498
498 718
718 566
566 130
130 1169
130 1067
1169 949
949 1116
949 348
1116 514
1116 792
514 1011
1011 768
768 547
547 126
126 1092
126 266
1092 377
377 1104
1104 1004
1104 1202
1004 439
439 1215
1215 673
673 930
673 1250
930 609
609 245
245 991
245 213
991 1089
991 793
1089 46
1089 695
46 530
530 1165
530 848
1165 376
1165 613
376 164
376 968
164 24
24 89
24 646
89 277
277 827
827 278
827 1019
278 1148
1148 892
1148 469
892 314
892 10
314 16
314 952
16 368
368 929
929 434
434 748
748 43
748 1276
43 785
43 1015
785 223
785 1112
223 1273
223 1100
1273 941
1273 79
941 690
690 826
690 1045
826 729
729 813
729 6
813 1234
1234 944
1234 975
944 1232
1232 68
1232 869
68 373
373 767
767 1263
767 109
1263 591
1263 925
591 763
591 1119
763 1039
763 11
1039 408
1039 405
408 21
21 1109
21 725
1109 709
709 563
709 1096
563 231
231 647
647 22
647 588
22 42
22 746
42 251
42 849
251 742
742 704
704 1059
1059 691
