8 2498 5839
6 1
6 4
1 3
3 2
2 7
2 8
7 5
1135 1867
1135 1166
1867 1696
1696 84
84 43
43 1420
1420 1078
1420 2129
1078 2117
1078 495
2117 1849
1849 401
1849 456
401 1502
401 2057
1502 925
1502 1472
925 2075
925 435
2075 1724
1724 116
116 523
523 2409
523 921
2409 14
14 1987
1987 822
1987 429
822 2496
2496 1148
1148 1904
1904 1874
1904 1988
1874 285
285 2391
285 1002
2391 2408
2408 335
2408 273
335 2214
2214 504
504 713
713 2110
713 1933
2110 391
2110 1132
391 1468
1468 58
1468 1955
58 1149
58 2080
1149 463
1149 1112
463 2188
2188 761
2188 1225
761 2371
2371 1490
2371 2380
1490 852
852 827
852 731
827 2
827 1297
2 797
2 980
797 1947
797 1431
1947 351
351 1414
351 2328
1414 251
1414 873
251 1117
251 2006
1117 1324
1324 1792
1324 1104
1792 2335
2335 2314
2335 1446
2314 254
254 200
200 982
982 683
982 242
683 2248
683 2215
2248 110
110 2009
110 1847
2009 388
2009 350
388 1632
388 40
1632 1525
1525 1460
1525 1415
1460 903
903 1640
903 917
1640 2126
2126 2173
2173 1901
1901 2443
2443 1666
1666 656
1666 2217
656 2382
656 1471
2382 1932
1932 465
1932 2259
465 281
281 1941
281 1458
1941 93
1941 1408
93 1337
93 1305
1337 1930
1337 1252
1930 1063
1930 2109
1063 646
646 1025
1025 2034
2034 123
123 405
405 2011
405 2096
2011 644
644 1535
1535 1332
1535 2223
1332 1434
1434 377
1434 1973
377 1634
1634 845
845 1756
1756 2330
2330 1316
1316 2123
2123 348
2123 582
348 820
820 1443
820 551
1443 1999
1999 1345
1345 1368
1368 1433
1433 80
80 1393
1393 1981
1981 1599
1599 907
1599 1891
907 445
445 457
445 2128
457 746
457 2047
746 1737
1737 526
1737 1586
526 520
520 2064
2064 1279
1279 2375
1279 1508
2375 1602
2375 1380
1602 622
622 672
622 544
672 1330
1330 651
1330 1648
651 640
640 1452
1452 568
568 268
268 1310
1310 2379
2379 1781
1781 671
671 20
671 1040
20 1001
20 2179
1001 318
1001 2407
318 1301
1301 1631
1631 467
467 1807
467 743
1807 1114
1807 2374
1114 2193
1114 1115
2193 478
478 460
478 1860
460 250
250 2032
2032 1843
1843 1710
1843 2429
1710 1961
1710 477
1961 1776
1961 284
1776 994
1776 742
994 1638
1638 134
134 191
191 969
191 944
969 993
969 1182
993 133
133 1366
1366 2157
2157 308
308 942
942 1094
1094 633
1094 719
633 147
147 363
363 1269
363 1311
1269 2076
1269 2304
2076 2063
2076 1213
2063 1201
2063 2090
1201 2030
2030 984
984 670
984 1334
670 1071
1071 252
1071 59
252 1284
1284 840
1284 1746
840 1109
1109 2022
1109 1872
2022 2316
2022 2162
2316 179
179 1315
179 1614
1315 604
1315 352
604 1688
1688 307
307 817
307 309
817 1186
1186 1713
1186 17
1713 1798
1713 469
1798 684
1798 734
684 2169
2169 1578
1578 368
368 444
368 2419
444 2347
444 226
2347 1406
1406 1755
1406 1250
1755 1417
1417 692
1417 2138
692 1346
692 1538
1346 2028
1346 617
2028 2244
2028 1089
2244 2134
2134 1907
1907 34
34 668
668 2048
668 2189
2048 1041
2048 1709
1041 1760
1760 394
1760 1773
394 889
394 1840
889 653
653 1862
653 534
1862 431
1862 528
431 555
431 1349
555 2008
555 1389
2008 86
2008 717
86 1818
86 1498
1818 1235
1235 2297
1235 1509
2297 1424
2297 25
1424 2163
1424 1639
2163 2355
2355 2436
2355 940
2436 920
920 2046
920 1029
2046 530
2046 271
530 185
530 1852
185 2462
2462 1243
2462 362
1243 1058
1058 1289
1289 564
564 1839
564 1413
1839 1416
1416 1459
1416 2181
1459 306
306 2369
2369 1801
2369 1146
1801 1635
1635 1047
1635 825
1047 1936
1936 962
1936 2384
962 674
962 165
674 387
387 1422
387 372
1422 1934
1934 2153
1934 420
2153 1716
2153 1119
1716 1954
1954 792
792 2167
792 1831
2167 906
2167 2198
906 2127
2127 1512
2127 1628
1512 956
1512 2267
956 336
956 247
336 1838
336 1184
1838 1959
1959 669
669 2118
669 2135
2118 1711
1711 52
52 702
52 320
702 1281
702 1836
1281 882
1281 107
882 844
882 931
844 275
275 1043
1043 1196
1043 333
1196 2498
2498 613
2498 2158
613 205
205 500
500 1506
500 1023
1506 2106
2106 396
396 514
514 1128
514 2041
1128 1982
1128 643
1982 1395
1982 715
1395 1024
1024 2088
2088 1348
1348 1110
1110 209
1110 1363
209 1033
209 1830
1033 2105
1033 1134
2105 1155
1155 2210
1155 1247
2210 1487
1487 303
1487 114
303 305
305 1974
305 828
1974 687
1974 60
687 995
995 479
479 505
505 930
505 2477
930 101
101 2363
101 1668
2363 598
2363 2058
598 784
784 618
784 1718
618 1795
1795 2250
2250 1383
1383 1162
1162 2490
1162 658
2490 1185
2490 1229
1185 2452
1185 867
2452 1596
2452 1857
1596 1356
1596 1782
1356 1945
1945 1522
1945 517
1522 119
1522 2359
119 1300
119 627
1300 77
77 648
648 2441
648 1339
2441 727
727 819
727 433
819 1177
1177 1669
1177 864
1669 973
973 384
973 332
384 464
464 782
782 442
782 2473
442 738
442 1655
738 776
776 1402
776 1479
1402 382
1402 1365
382 1127
1127 1492
1127 804
1492 1735
1735 491
1735 1790
491 1574
1574 591
591 1442
1442 2451
1442 31
2451 2232
2232 1926
2232 957
1926 39
1926 1894
39 1914
1914 2354
1914 1826
2354 1699
1699 1325
1699 473
1325 2060
1325 373
2060 1130
1130 1418
1418 334
334 1437
334 2164
1437 1411
1411 2061
2061 1720
1720 2326
2326 1270
2326 1812
1270 1286
1270 2040
1286 1993
1993 267
1993 355
267 1398
267 1897
1398 1825
1398 1131
1825 1979
1825 976
1979 1391
1391 2410
1391 1379
2410 1394
2410 2362
1394 1438
1394 1421
1438 1533
1533 1084
1084 1428
1084 1453
1428 690
690 700
690 1690
700 632
632 1173
1173 342
1173 1691
342 964
342 575
964 1248
964 1514
1248 2311
2311 988
2311 941
988 234
234 1693
1693 1835
1693 395
1835 2450
2450 2417
2417 652
652 164
652 880
164 1326
164 1214
1326 947
1326 1741
947 841
947 1882
841 2010
2010 1646
2010 1765
1646 616
1646 2018
616 487
616 139
487 2302
2302 1804
1804 1806
1806 698
698 676
676 72
72 1069
72 2067
1069 302
1069 829
302 1474
1474 507
1474 146
507 1019
507 950
1019 2459
2459 970
970 1786
1786 2396
1786 1877
2396 1187
1187 1097
1097 2481
1097 741
2481 945
945 1008
1008 603
1008 2021
603 1118
1118 1542
1542 2077
1542 753
2077 1266
2077 2454
1266 2225
2225 585
585 1976
1976 937
1976 451
937 710
937 2370
710 1039
710 1770
1039 2435
2435 539
539 2464
539 1687
2464 1677
2464 357
1677 1322
1677 2437
1322 1885
1885 636
1885 571
636 369
636 1802
369 2310
369 916
2310 1222
1222 1673
1673 2293
2293 1293
1293 1567
1567 1725
1725 2053
2053 802
802 409
802 892
409 2184
2184 353
2184 2152
353 1373
1373 476
476 2235
2235 615
2235 1763
615 807
615 2321
807 1098
1098 1400
1098 346
1400 2137
2137 1729
1729 1092
1729 770
1092 106
106 888
106 74
888 1516
888 2192
1516 2356
2356 1689
2356 1075
1689 1288
1689 1899
1288 2329
1288 1647
2329 2461
2461 655
2461 2038
655 1529
655 108
1529 290
1529 207
290 1244
290 747
1244 243
1244 1942
243 36
243 2263
36 1044
1044 1519
1519 497
1519 1587
497 1842
497 2003
1842 639
639 1405
639 2456
1405 1626
1405 597
1626 2333
1626 1083
2333 485
2333 446
485 295
295 2424
2424 2327
2327 2318
2327 100
2318 1675
1675 2418
2418 1141
1141 1080
1141 1429
1080 814
1080 1361
814 1608
1608 1958
1608 601
1958 1267
1267 1362
1267 1265
1362 2168
2168 1005
2168 2035
1005 557
557 223
223 552
223 1881
552 2025
2025 751
2025 2074
751 216
751 2474
216 2405
2405 2007
2405 2112
2007 1314
1314 1667
1314 1317
1667 272
1667 1751
272 1049
272 1819
1049 276
1049 374
276 2186
276 1496
2186 813
2186 317
813 2395
813 869
2395 1984
2395 190
1984 26
1984 2200
26 88
88 29
29 878
878 908
878 800
908 1207
1207 879
879 337
879 291
337 2308
2308 997
997 402
997 1501
402 131
402 868
131 224
131 2037
224 2078
224 686
2078 519
519 1357
1357 1695
1357 699
1695 2107
1695 757
2107 1409
2107 1215
1409 1194
1194 2104
1194 760
2104 1168
2104 508
1168 98
1168 51
98 2084
2084 2483
2084 2339
2483 1659
2483 600
1659 1880
1880 1564
1880 197
1564 1028
1028 881
881 716
881 1766
716 1291
716 1242
1291 1980
1291 1425
1980 218
1980 1376
218 2295
2295 68
2295 1451
68 1057
68 1031
1057 2026
1057 1430
2026 245
245 1341
245 2368
1341 577
577 596
577 1935
596 2306
2306 732
2306 2149
732 414
732 2457
414 1943
414 385
1943 1163
1163 1161
1163 2307
1161 2489
2489 2446
2489 1491
2446 186
2446 2056
186 720
720 2427
2427 1233
1233 2268
1233 1925
2268 1995
2268 2453
1995 1996
1995 1878
1996 623
623 661
623 725
661 2174
2174 443
443 1478
1478 1009
1478 371
1009 1355
1355 136
1355 1865
136 2348
136 801
2348 659
2348 2185
659 2315
2315 2219
2315 1003
2219 2132
2132 1260
2132 518
1260 499
1260 1507
499 466
466 1277
466 1027
1277 1783
1783 1445
1783 2487
1445 1627
1627 2282
1627 2177
2282 498
498 30
30 78
78 2073
78 823
2073 2019
2019 358
358 1441
358 5
1441 1014
1014 2120
1014 113
2120 2256
2256 2133
2256 1817
2133 2115
2133 1739
2115 1963
1963 943
943 1303
1303 1234
1303 1764
1234 978
1234 1968
978 360
978 2279
360 1377
360 1
1377 548
1377 2070
548 2440
2440 1308
1308 73
73 135
135 1237
1237 1928
1928 1658
1928 2274
1658 1335
1335 56
56 1142
56 1545
1142 1272
1272 1577
1272 1022
1577 2290
1577 2043
2290 313
313 811
811 1679
811 1302
1679 1283
1283 2350
1283 2275
2350 130
2350 2447
130 398
130 865
398 432
398 609
432 838
838 1883
838 1730
1883 977
1883 1971
977 583
977 153
583 1799
1799 2478
2478 1703
1703 1387
1387 1598
1598 1615
1615 1876
1615 361
1876 2349
1876 1123
2349 932
2349 691
932 1609
1609 1256
1609 1556
1256 567
1256 2376
567 1903
567 194
1903 2495
2495 1787
1787 554
1787 675
554 244
554 1076
244 1769
244 758
1769 918
918 2031
2031 87
2031 1948
87 1809
1809 773
773 510
510 1153
510 89
1153 392
1153 1462
392 605
392 584
605 701
605 96
701 424
701 1827
424 979
979 972
979 1157
972 2361
972 1435
2361 85
85 1219
85 63
1219 81
81 856
81 2264
856 1939
1939 102
1939 1613
102 1604
102 1641
1604 441
441 1016
1016 854
854 1484
1484 2241
2241 168
2241 1238
168 2016
2016 1181
2016 1030
1181 1994
1994 1758
1758 1319
1319 2288
2288 349
349 1811
349 806
1811 38
38 2344
38 1091
2344 2002
2002 961
961 264
264 1949
1949 279
279 1829
279 1960
1829 2449
1829 2277
2449 2151
2151 1736
1736 1821
1821 1062
1821 927
1062 563
1062 2468
563 95
95 1603
1603 1304
1304 877
877 834
877 1573
834 1372
1372 2386
2386 2336
2336 2159
2159 689
689 855
855 143
855 1476
143 2142
2142 1113
2142 1264
1113 1111
1111 2050
2050 1205
2050 1744
1205 1536
1536 2052
1536 426
2052 294
2052 1622
294 1150
294 874
1150 1285
1285 256
1285 739
256 1772
1772 67
67 912
67 1175
912 2387
912 1121
2387 345
2387 2340
345 1010
1010 2425
1010 2165
2425 144
144 1004
144 1079
1004 1985
1004 1962
1985 258
258 418
258 642
418 953
418 175
953 2292
2292 1791
2292 898
1791 2377
1791 1385
2377 2141
2141 2208
2208 509
2208 2033
509 1553
1553 529
529 278
529 1895
278 1000
278 419
1000 923
1000 546
923 803
923 2466
803 211
211 2049
211 253
2049 1006
1006 721
721 2313
721 288
2313 1612
2313 2281
1612 1864
1612 404
1864 2203
2203 1582
2203 1342
1582 1552
1552 61
61 1547
1547 1192
1192 1085
1085 2091
1085 1100
2091 1447
1447 1605
1605 1223
1223 763
1223 938
763 818
818 314
818 848
314 1480
314 2154
1480 1262
1262 1742
1742 471
1742 1858
471 2166
471 1274
2166 2494
2494 628
2494 1137
628 915
628 935
915 270
270 2001
270 2227
2001 1919
1919 1475
1919 1788
1475 1571
1475 2476
1571 1195
1571 1375
1195 764
1195 808
764 587
587 2054
587 831
2054 886
2054 1665
886 2372
886 470
2372 799
799 2448
799 853
2448 985
2448 21
985 1956
985 894
1956 2205
1956 206
2205 1595
1595 109
1595 798
109 1328
1328 4
1328 181
4 79
79 1145
1145 913
913 434
913 2283
434 1203
434 705
1203 1313
1203 663
1313 217
217 2039
217 1273
2039 274
2039 619
274 926
274 378
926 222
222 1466
222 1070
1466 1164
1466 830
1164 1600
1164 1813
1600 2238
1600 1107
2238 1661
1661 1610
1610 588
588 1299
588 1887
1299 626
1299 1086
626 1170
626 2247
1170 1220
1170 2309
1220 2081
2081 330
2081 959
330 321
330 1558
321 1871
1871 347
347 1580
347 1198
1580 1884
1580 1102
1884 2209
2209 783
2209 475
783 1618
783 28
1618 343
1618 1900
343 393
393 524
393 237
524 1061
524 726
1061 11
11 192
11 1388
192 225
225 574
225 2195
574 2406
574 204
2406 167
167 1294
167 737
1294 2325
1294 183
2325 612
612 2366
2366 1732
1732 1918
1918 1523
1918 975
1523 936
1523 319
936 1178
936 1306
1178 1597
1597 2224
2224 1704
1704 1625
1625 2092
2092 2145
2092 1924
2145 298
2145 340
298 1227
1227 367
367 412
367 428
412 1488
1488 581
1488 634
581 2485
2485 902
2485 1715
902 2155
2155 2480
2155 1449
2480 1524
1524 531
1524 437
531 1937
531 2204
1937 654
654 657
654 221
657 2072
2072 301
301 1515
1515 23
1515 1636
23 796
796 459
459 188
459 421
188 1747
188 1125
1747 111
1747 156
111 2083
111 1180
2083 1048
1048 836
836 92
92 1548
92 599
1548 1158
1548 2439
1158 1853
1158 1370
1853 260
1853 482
260 233
233 99
99 461
99 2146
461 1957
1957 638
1957 2252
638 1493
1493 2124
2124 896
2124 293
896 2255
2255 1983
2255 1268
1983 2130
2130 1340
1340 140
140 390
390 1494
1494 2121
2121 695
695 2413
2413 1200
1200 1463
1200 1530
1463 411
411 2187
411 2442
2187 454
454 1296
454 573
1296 2100
2100 1105
2100 1236
1105 2044
1105 1702
2044 2269
2269 2463
2269 2194
2463 1052
1052 2294
1052 1246
2294 2324
2294 1439
2324 1768
2324 124
1768 33
1768 2079
33 928
928 1886
928 1331
1886 2467
2467 1616
2467 299
1616 1489
1489 3
1489 2367
3 536
3 1917
536 608
536 2071
608 1011
608 1520
1011 2352
2352 1360
2352 2015
1360 2246
1360 1467
2246 887
2246 506
887 1890
1890 1253
1253 1694
1253 706
1694 793
793 1592
1592 883
883 416
416 69
416 1562
69 561
69 503
561 125
561 2358
125 452
452 2265
2265 895
2265 287
895 1450
1450 413
1450 1321
413 765
765 1848
1848 2147
1848 229
2147 1174
1174 2388
1174 1970
2388 805
805 1456
1456 315
1456 2385
315 1464
315 1584
1464 851
851 208
851 762
208 525
208 2398
525 2220
525 1179
2220 1922
2220 991
1922 861
1922 939
861 850
850 1050
850 91
1050 132
1050 833
132 195
132 635
195 572
572 625
572 1810
625 685
625 1722
685 755
685 1147
755 214
755 1397
214 248
214 62
248 2331
248 989
2331 631
2331 1546
631 1101
631 1259
1101 679
1101 322
679 1551
1551 450
450 277
450 756
277 1559
277 771
1559 57
1559 417
57 2260
57 122
2260 987
2260 1055
987 1778
1778 2125
2125 1969
2125 1685
1969 1364
1364 2416
2416 885
2416 1808
885 963
963 2404
963 730
2404 1216
1216 1680
1680 1820
1680 884
1820 960
960 1944
1944 1444
1944 1208
1444 1563
1563 494
494 455
455 550
455 2301
550 1082
1082 1353
1353 2381
1353 511
2381 590
590 1803
590 919
1803 2305
1803 1271
2305 1911
2305 1307
1911 501
1911 423
501 1160
501 1477
1160 83
83 425
425 678
425 2389
678 376
376 1065
1065 2103
1065 2027
2103 1642
1642 397
397 1992
397 1051
1992 178
178 815
178 2237
815 137
137 1912
1912 606
1912 1740
606 1067
1067 1037
1037 562
562 688
688 682
688 1298
682 1727
682 1889
1727 996
996 1734
996 481
1734 2434
2434 1850
2434 1662
1850 527
1850 2099
527 971
527 160
971 872
872 1678
872 667
1678 1554
1678 1550
1554 2271
2271 789
789 2286
2286 1403
1403 992
1403 708
992 266
992 569
266 2160
266 1282
2160 775
775 381
775 2365
381 766
766 1844
766 791
1844 1165
1844 12
1165 169
1165 1263
169 1834
169 1593
1834 965
1834 2401
965 472
965 2270
472 1323
1323 1555
1323 213
1555 236
236 496
236 1151
496 645
645 1534
645 447
1534 297
1534 1789
297 65
65 173
65 1156
173 2218
173 2346
2218 436
436 556
436 2222
556 2094
556 120
2094 380
380 611
380 870
611 45
611 2004
45 2423
2423 1275
1275 1336
1336 2276
2276 2373
2276 1621
2373 1396
1396 1106
1396 2431
1106 2444
2444 16
2444 1540
16 1823
1823 1457
1457 662
1457 839
662 2319
2319 857
857 1465
857 893
1465 1505
1465 331
1505 400
1505 1096
400 323
323 842
323 359
842 693
693 182
182 2207
2207 1654
1654 1013
1013 711
711 1824
711 2484
1824 1183
1183 1931
1931 2433
2433 744
744 53
53 2422
2422 2432
2422 1745
2432 1977
2432 149
1977 777
1977 863
777 1649
1649 513
513 1504
1504 2005
1504 2139
2005 1708
1708 366
366 296
296 1633
1633 2317
1633 2253
2317 1663
2317 542
1663 934
934 2312
934 1674
2312 816
816 1767
816 1591
1767 722
1767 163
722 958
958 1139
1139 1837
1837 1543
1543 1940
1940 1436
1436 1870
1870 565
1870 1258
565 778
778 1077
778 1343
1077 1541
1541 966
1541 1448
966 383
383 1681
1681 1209
1209 1095
1095 1986
1986 328
1986 399
328 890
890 1144
890 1672
1144 2266
2266 1719
2266 1232
1719 666
1719 723
666 516
516 1589
516 576
1589 448
448 228
448 2231
228 1845
228 1670
1845 103
1845 6
103 198
198 2289
198 1805
2289 1354
1354 1683
1683 754
754 118
754 858
118 673
673 954
954 1378
954 535
1378 1190
1378 2337
1190 261
1190 1990
261 468
468 594
468 1572
594 97
594 1473
97 2296
2296 681
681 849
681 324
849 1455
1455 2280
1455 1066
2280 641
2280 13
641 1021
641 427
1021 219
1021 1588
219 593
219 1099
593 1053
1053 46
46 2082
2082 148
2082 1419
148 2086
148 871
2086 2284
2284 2196
2284 480
2196 1221
2196 1015
1221 703
703 1017
703 1833
1017 2438
1017 714
2438 1454
1454 1481
1454 235
1481 1197
1481 406
1197 549
549 2493
549 439
2493 2245
2493 537
2245 759
2245 64
759 19
19 2299
19 2136
2299 2332
2332 1239
1239 905
905 595
595 629
595 2228
629 310
310 1753
310 75
1753 1898
1898 255
255 1495
255 2420
1495 1579
1579 1624
1579 66
1624 614
614 1585
1585 547
547 2199
547 128
2199 1908
1908 8
8 560
8 1143
560 1797
1797 1561
1561 2156
2156 127
127 901
901 2234
2234 1426
2234 780
1426 1841
1841 142
142 910
142 570
910 231
910 2111
231 967
967 1888
967 2421
1888 166
1888 1557
166 1991
1991 1953
1953 795
1953 2343
795 1521
1521 161
161 1257
161 2175
1257 847
847 1814
1814 1358
1814 2360
1358 1902
1358 1034
1902 1915
1915 543
543 1531
543 2191
1531 1910
1531 1909
1910 1224
1224 812
812 650
812 1035
650 1503
650 2465
1503 2243
1503 1965
2243 246
2243 1087
246 184
246 1606
184 2097
184 1404
2097 680
2097 265
680 1594
1594 1620
1620 157
1620 1212
157 422
422 1920
422 1796
1920 1074
1920 2119
1074 1136
1136 1726
1136 129
1726 1018
1726 704
1018 2400
1018 2278
2400 170
2400 558
170 2486
2486 415
415 1410
1410 1771
1771 1701
1771 1653
1701 1278
1701 389
1278 7
1278 1644
7 1851
1851 1020
1020 263
1020 1122
263 1088
1088 1261
1088 1975
1261 177
177 748
177 2460
748 193
748 1193
193 1549
1549 300
1549 24
300 1527
1527 230
1527 1169
230 1423
230 2221
1423 1532
1423 1228
1532 1754
1754 304
304 1026
304 155
1026 1566
1026 579
1566 2482
2482 1692
1692 1384
1384 2216
2216 1607
2216 2108
1607 2014
1607 2201
2014 2095
2014 1390
2095 2098
2098 2338
2338 1309
1309 981
981 1966
981 2392
1966 1568
1966 2024
1568 897
1568 1060
897 154
897 2411
154 2089
154 2403
2089 1576
1576 1583
1583 1140
1583 1407
1140 1929
1140 2211
1929 2414
1929 1081
2414 624
2414 2475
624 203
203 199
203 2212
199 2206
199 1217
2206 522
522 112
112 292
292 1748
292 32
1748 2415
1748 1619
2415 1176
2415 1539
1176 1686
1686 375
1686 1879
375 745
375 2394
745 541
541 2161
541 1761
2161 1682
1682 1486
1486 2345
1486 545
2345 1950
2345 1978
1950 187
1950 1290
187 2069
2069 1793
1793 1863
1793 201
1863 502
1863 493
502 1816
1816 1103
1816 772
1103 1093
1103 1777
1093 1660
1660 2176
2176 2170
2176 1374
2170 1245
2170 1159
1245 532
532 1921
1921 2171
2171 2254
2254 794
2254 1972
794 1664
794 18
1664 736
736 1913
736 832
1913 269
1913 1371
269 438
269 2261
438 602
602 1320
1320 2322
1320 407
2322 664
664 1706
1706 171
171 660
171 1601
660 929
929 1537
929 2213
1537 1946
1537 2150
1946 2230
1946 1432
2230 2428
2428 1059
1059 2000
1059 2445
2000 2180
2000 2236
2180 1124
1124 1779
1124 2029
1779 282
1779 2383
282 1231
1231 1854
1231 2364
1854 2055
1854 859
2055 2320
2055 1544
2320 1938
1938 2334
1938 774
2334 365
2334 138
365 1728
365 1199
1728 999
1728 630
999 259
999 2342
259 1800
259 2102
1800 162
1800 1338
162 1822
162 1528
1822 1440
1440 1249
1249 1757
1249 2262
1757 1569
1569 1399
1569 2479
1399 924
924 2087
924 2059
2087 2202
2202 647
647 952
952 289
289 1206
289 1697
1206 620
620 440
440 283
283 126
126 158
126 990
158 1497
158 899
1497 1469
1497 2062
1469 2298
2298 1382
2298 1210
1382 1731
1731 430
430 1072
1072 2323
2323 1714
1714 1785
1785 1167
1785 2397
1167 1832
1167 1344
1832 949
949 955
955 2065
955 767
2065 2353
2353 117
117 1762
1762 1828
1762 846
1828 2240
2240 1350
2240 1916
1350 785
785 2101
2101 47
2101 1230
47 1676
47 37
1676 1998
1998 866
1998 951
866 728
728 1386
1386 1575
1575 1671
1575 327
1671 769
769 610
769 408
610 1893
610 810
1893 2390
2390 837
2390 2272
837 55
55 1511
1511 876
1511 115
876 843
843 914
843 1461
914 172
172 2143
172 2229
2143 94
94 1007
1007 50
1007 2190
50 2020
2020 809
2020 2226
809 1351
1351 694
694 44
694 998
44 490
490 2497
2497 1218
1218 862
862 1723
1723 2017
2017 249
249 2412
2412 1367
1367 1652
1367 262
1652 2488
1652 974
2488 566
566 1927
566 1743
1927 1861
1861 2013
1861 1712
2013 709
2013 145
709 1056
1056 1794
1056 1280
1794 578
1794 2012
578 326
578 1482
326 410
326 2242
410 1513
1513 70
1513 787
70 71
71 1188
1188 54
1188 788
54 1774
1774 718
1774 697
718 909
909 1873
1873 1171
1171 707
707 1401
1401 1251
1401 2114
1251 316
1251 1126
316 1318
1318 1892
1318 1381
1892 2300
1892 2051
2300 1369
2300 1090
1369 257
1369 2122
257 1656
1656 210
1656 2402
210 1846
210 1470
1846 1517
1846 1154
1517 1500
1500 1038
1500 1951
1038 1952
1952 1650
1952 538
1650 2357
1650 607
2357 2085
2085 875
875 904
875 1202
904 1211
904 1967
1211 1189
1211 453
1189 1012
1012 121
121 1526
1526 1855
1855 1866
1855 696
1866 724
724 735
735 1392
735 521
1392 1752
1392 1707
1752 152
1752 2197
152 2116
152 1204
2116 344
344 1120
344 1292
1120 1240
1120 983
1240 386
1240 1483
386 1657
1657 1116
1657 1581
1116 1191
1116 1518
1191 677
1191 325
677 586
677 1054
586 104
586 241
104 1254
104 946
1254 2492
2492 1042
2492 379
1042 2068
1042 2491
2068 740
740 2399
740 370
2399 403
403 1923
403 2378
1923 2285
2285 220
220 1312
220 1590
1312 339
1312 354
339 2341
339 1721
2341 227
227 280
227 1643
280 2093
2093 483
2093 1064
483 1045
1045 2113
2113 215
2113 712
215 338
338 733
338 933
733 489
489 2023
489 781
2023 2036
2036 968
968 202
202 1784
202 1759
1784 768
768 790
790 1738
1738 592
592 1485
1485 15
1485 1989
15 41
41 159
41 90
159 10
10 2469
10 779
2469 1775
1775 749
749 533
533 1287
1287 1906
1906 1347
1347 239
1347 2239
239 821
821 82
82 860
82 492
860 1570
860 2144
1570 141
141 2303
141 1733
2303 1859
1859 311
311 1073
1073 1630
1630 150
1630 1875
150 1629
150 2249
1629 512
512 1068
1068 212
1068 341
212 1172
212 2172
1172 1138
1138 1868
1868 1856
1868 2233
1856 1036
1856 580
1036 2471
2471 1905
1905 105
1905 1869
105 364
105 515
364 1108
1108 729
729 1617
1617 486
486 1637
1637 1412
1637 1133
1412 2287
2287 49
2287 189
49 1780
49 786
1780 1352
1780 637
1352 1032
1352 835
1032 180
180 891
180 42
891 356
356 9
9 2393
9 922
2393 449
2393 2066
449 2291
449 1241
2291 986
2291 559
986 2426
2426 2131
2426 458
2131 484
2131 176
484 35
484 2045
35 329
35 1750
329 1152
1152 2470
2470 2472
2472 1700
1700 1295
1295 1964
1295 2148
1964 1565
1565 462
462 2258
2258 1499
2258 1510
1499 2140
1499 22
2140 2183
2183 911
911 48
911 1997
48 488
48 1717
488 2455
2455 621
621 151
151 2251
2251 238
2251 27
238 1329
238 948
1329 196
196 665
196 1276
665 900
900 540
540 553
540 1749
553 286
286 312
286 752
312 1623
1623 2273
1623 2257
2273 1698
2273 1645
1698 2178
1698 1226
2178 2182
2178 1327
2182 474
474 1705
1705 649
649 1129
649 240
1129 232
1129 1684
232 2458
2458 76
76 750
750 1815
750 1560
1815 1896
1896 1651
1651 1427
1427 1611
1427 589
1611 1359
1611 826
1359 1046
1046 2351
2351 2042
2042 824
824 1255
824 174
1255 1333
1255 2430
