15 191 243610786
13 8
13 12
8 1
1 4
4 10
4 14
10 9
9 2
2 11
11 15
11 6
15 3
15 7
3 5
35 18
18 136
18 68
136 165
136 102
165 148
148 29
148 77
29 22
22 2
2 172
172 175
172 100
175 5
5 11
11 88
11 118
88 176
176 127
176 44
127 134
134 49
49 55
55 131
131 185
131 72
185 57
57 9
57 80
9 111
111 156
156 170
156 48
170 151
170 90
151 188
188 28
188 65
28 23
23 98
98 24
98 89
24 86
24 3
86 82
86 40
82 73
73 87
87 181
181 150
150 120
150 113
120 99
99 8
8 167
8 114
167 164
167 144
164 160
160 91
91 12
91 75
12 96
12 37
96 63
63 109
109 157
157 61
61 52
52 121
121 15
121 85
15 154
154 132
132 115
132 6
115 143
143 14
14 171
14 45
171 126
171 16
126 191
126 7
191 119
119 64
64 10
64 123
10 110
10 21
110 78
78 76
78 51
76 43
43 27
43 142
27 152
152 32
32 116
32 147
116 13
116 66
13 161
161 25
25 60
60 133
133 177
133 173
177 36
177 95
36 26
26 180
26 103
180 107
107 53
107 79
53 69
53 122
69 38
69 106
38 67
38 162
67 130
67 159
130 58
58 84
84 34
84 101
34 166
166 31
166 149
31 168
168 42
42 46
46 30
46 155
30 56
56 47
56 169
47 4
47 20
4 19
4 125
19 70
19 117
70 178
70 141
178 17
17 62
62 39
62 108
39 104
39 174
104 112
104 83
112 153
112 50
153 138
153 158
138 54
138 146
54 145
54 94
145 187
187 41
187 59
41 92
41 1
92 189
92 139
189 163
163 140
163 71
140 183
140 179
183 93
183 124
93 97
97 81
81 74
74 129
74 186
129 135
129 137
135 190
190 33
190 184
33 182
182 128
128 105
