1 2883 11174
78 1610
1610 2151
1610 2360
2151 640
640 1009
1009 933
933 1627
933 2583
1627 1104
1104 307
1104 2641
307 1132
307 1889
1132 2481
2481 2365
2481 1353
2365 1885
1885 2314
1885 1070
2314 2126
2126 1572
2126 2658
1572 2357
2357 81
81 2281
81 387
2281 2704
2281 480
2704 1478
1478 2054
1478 877
2054 903
903 1785
1785 772
772 913
913 89
913 789
89 1876
89 2191
1876 2056
1876 1580
2056 2598
2598 1241
2598 1806
1241 1823
1823 1995
1823 179
1995 461
461 1943
461 1420
1943 973
1943 2065
973 2525
973 1651
2525 602
602 1940
602 2391
1940 1069
1069 84
84 1873
1873 1171
1873 1632
1171 623
623 1912
623 1176
1912 2274
1912 392
2274 1047
1047 1713
1047 2716
1713 486
486 2522
486 2120
2522 1355
1355 1498
1498 420
1498 881
420 1617
420 2456
1617 1467
1617 2820
1467 1489
1467 900
1489 1123
1489 2310
1123 568
568 2364
568 469
2364 707
707 1962
1962 2495
1962 1291
2495 2402
2495 2743
2402 1115
2402 2338
1115 2210
1115 1134
2210 2610
2210 2069
2610 829
2610 2571
829 657
657 1603
1603 2763
1603 1501
2763 1898
1898 1011
1011 45
1011 1354
45 1456
1456 682
1456 732
682 1244
1244 2540
2540 325
325 965
325 646
965 1253
1253 2672
2672 2406
2406 489
489 2449
2449 1871
1871 633
1871 1981
633 2096
633 2345
2096 413
2096 641
413 135
413 2137
135 1969
1969 97
1969 18
97 2380
2380 1600
1600 758
758 2607
2607 2766
2766 2667
2766 1679
2667 1658
1658 327
327 320
327 69
320 114
320 871
114 1506
114 157
1506 1484
1506 651
1484 1056
1484 1950
1056 1480
1480 1008
1008 955
955 618
955 1078
618 517
618 1380
517 1549
1549 1289
1549 430
1289 2698
2698 2148
2698 1833
2148 2008
2008 2606
2606 1776
1776 980
1776 896
980 2200
980 606
2200 390
390 764
390 1607
764 1030
1030 1130
1130 2231
2231 1462
2231 2103
1462 1957
1957 2032
1957 642
2032 187
187 2228
187 2484
2228 763
2228 216
763 227
763 122
227 2252
2252 2104
2104 1443
1443 1086
1086 2038
1086 441
2038 249
249 2047
2047 529
529 1540
529 949
1540 2122
1540 192
2122 1016
2122 2388
1016 2649
2649 2268
2268 1385
2268 1762
1385 2815
1385 848
2815 1712
1712 2412
2412 425
425 1855
425 2031
1855 2125
2125 1312
1312 897
897 1919
1919 121
121 1817
121 409
1817 1815
1817 173
1815 715
715 378
378 435
435 664
664 1736
664 795
1736 2823
1736 730
2823 1689
2823 2536
1689 1639
1689 551
1639 1564
1564 1822
1822 1282
1822 1685
1282 532
1282 2633
532 1071
532 2552
1071 313
313 2299
313 1735
2299 2591
2299 2091
2591 62
2591 1838
62 1711
62 2795
1711 2424
2424 1634
1634 414
1634 1096
414 1733
414 2085
1733 1389
1733 1577
1389 2713
2713 1629
2713 1816
1629 51
1629 575
51 1526
1526 1848
1848 1803
1848 61
1803 1961
1961 2595
2595 2444
2444 1880
2444 2458
1880 961
1880 458
961 15
961 124
15 921
921 2799
2799 2771
2771 302
2771 132
302 600
600 247
247 719
719 1392
719 419
1392 416
416 364
416 584
364 1909
1909 2680
2680 2533
2680 2535
2533 2055
2533 1556
2055 145
145 974
974 1109
1109 336
336 2349
336 1083
2349 572
572 1598
1598 2413
2413 2322
2413 2868
2322 366
2322 2498
366 1363
366 541
1363 363
1363 2528
363 2141
2141 2355
2141 515
2355 2715
2355 1150
2715 2442
2715 2762
2442 2508
2508 2846
2846 1690
2846 1050
1690 1457
1457 1186
1186 887
887 884
887 741
884 2300
2300 1742
1742 2052
1742 1274
2052 2721
2721 1260
1260 1325
1325 1174
1174 2792
2792 666
666 1105
1105 2638
1105 1327
2638 1947
2638 2862
1947 2859
2859 65
65 2629
2629 558
2629 838
558 1669
558 2061
1669 2313
1669 2577
2313 1215
2313 2707
1215 2078
2078 1286
1286 1706
1286 565
1706 303
303 1868
1868 2101
1868 2844
2101 287
2101 339
287 1954
287 431
1954 2797
2797 614
614 613
613 2659
2659 2415
2415 1156
1156 2160
2160 2468
2160 1440
2468 1989
1989 1106
1989 1346
1106 115
1106 1956
115 1297
115 1110
1297 397
397 1824
1824 1406
1824 2127
1406 2255
1406 1761
2255 2167
2255 922
2167 492
492 289
492 533
289 1710
289 129
1710 1551
1710 783
1551 1446
1446 2600
2600 358
358 138
138 1770
138 1240
1770 1459
1770 797
1459 1899
1899 2441
1899 1043
2441 243
2441 308
243 1136
243 362
1136 858
858 2866
858 1571
2866 2370
2370 63
2370 616
63 267
267 1673
267 1220
1673 2420
2420 2612
2612 1896
2612 1744
1896 2576
2576 817
817 874
817 349
874 2375
2375 1644
2375 2566
1644 217
1644 1379
217 2555
2555 233
233 975
975 2044
975 2012
2044 2745
2044 1169
2745 1458
2745 2483
1458 1734
1458 1586
1734 2291
1734 1801
2291 2538
2538 196
2538 1576
196 1595
1595 1012
1595 2701
1012 2247
2247 2703
2703 1037
2703 946
1037 2778
2778 1236
2778 2602
1236 2131
1236 983
2131 629
2131 1390
629 890
890 1999
1999 2010
1999 2660
2010 1773
1773 1829
1773 2790
1829 2584
1829 26
2584 986
2584 421
986 2471
2471 1221
2471 2172
1221 808
808 866
866 2520
866 1938
2520 1425
1425 2605
2605 483
2605 2789
483 926
483 490
926 1574
1574 2303
1574 941
2303 747
747 82
747 386
82 1090
1090 2519
2519 147
2519 509
147 1811
1811 860
860 2273
2273 905
905 1853
1853 342
1853 2428
342 1139
1139 1579
1579 508
1579 2669
508 977
508 2112
977 991
977 550
991 1179
991 2590
1179 2236
1179 1332
2236 638
2236 686
638 2009
638 1102
2009 2432
2009 1588
2432 670
2432 498
670 1555
1555 1285
1555 2217
1285 222
1285 150
222 1704
222 384
1704 133
133 1101
133 796
1101 240
1101 2874
240 391
240 2851
391 1225
391 910
1225 1223
1225 1659
1223 1361
1361 1319
1319 2513
1319 2558
2513 1276
2513 1033
1276 612
612 1668
612 1114
1668 1259
1668 2741
1259 53
53 1275
1275 1652
1652 337
337 2825
337 1821
2825 2390
2825 1647
2390 1358
1358 2829
2829 1429
1429 2225
2225 681
681 438
438 2073
438 488
2073 957
957 2153
957 1141
2153 2650
2153 252
2650 671
2650 1146
671 2040
2040 2509
2509 1408
1408 2397
1408 2679
2397 2042
2397 1794
2042 2883
2042 1309
2883 1232
2883 1976
1232 140
140 966
140 798
966 16
16 2563
2563 2653
2563 2199
2653 1781
2653 2079
1781 1028
1781 1913
1028 1539
1028 1812
1539 1481
1539 465
1481 1485
1481 2342
1485 291
1485 1746
291 1351
1351 350
1351 1343
350 2794
350 1324
2794 1095
1095 2194
2194 2860
2860 2814
2860 2221
2814 781
2814 1407
781 2621
2621 166
2621 1525
166 787
166 1005
787 2419
2419 1017
1017 1191
1017 1723
1191 408
1191 312
408 1887
1887 2500
1887 2084
2500 891
891 2041
891 1091
2041 2446
2041 1915
2446 346
2446 326
346 1877
1877 2777
1877 1175
2777 1460
2777 2059
1460 2469
2469 2460
2469 2867
2460 2855
2855 2593
2593 2374
2593 502
2374 1029
1029 322
1029 1578
322 1292
322 1065
1292 2662
2662 1062
1062 2501
2501 914
914 1653
1653 1432
1432 2156
1432 1587
2156 691
2156 324
691 47
691 2753
47 333
333 2856
2856 1759
1759 591
591 446
446 447
446 1676
447 2754
2754 2459
2459 1613
2459 576
1613 2110
1613 1369
2110 17
2110 2717
17 1767
1767 2384
2384 106
106 279
106 1805
279 450
450 1153
450 2016
1153 2339
1153 1609
2339 920
920 834
920 2682
834 919
834 1553
919 2539
2539 940
940 1318
940 1567
1318 2266
1318 1127
2266 1755
2266 909
1755 1777
1755 104
1777 851
1777 1533
851 151
851 2189
151 1473
151 1111
1473 211
211 2108
2108 2836
2108 567
2836 857
2836 2282
857 586
586 803
586 487
803 1045
803 1133
1045 1085
1045 1688
1085 365
1085 1264
365 2742
2742 334
334 1960
334 2882
1960 1914
1960 1256
1914 102
102 379
102 478
379 2269
379 1756
2269 2872
2269 418
2872 2748
2872 1359
2748 1558
1558 1204
1558 2152
1204 1516
1516 495
495 2045
2045 208
2045 141
208 2544
2544 2440
2544 1338
2440 1788
1788 68
68 2287
68 1729
2287 994
994 904
994 1771
904 1860
904 2808
1860 1465
1465 2570
2570 571
2570 1349
571 1038
571 807
1038 355
355 1994
355 1192
1994 1375
1375 2304
2304 706
706 2692
2692 2369
2369 2554
2554 93
2554 1664
93 2837
93 231
2837 771
2837 1081
771 1403
1403 2489
2489 1310
1310 938
1310 1665
938 1758
1758 1717
1758 2037
1717 2146
2146 720
2146 1255
720 2625
2625 1299
1299 2852
1299 2788
2852 1450
2852 1937
1450 2398
1450 2822
2398 1663
2398 2256
1663 2608
2608 790
2608 315
790 825
790 1414
825 1441
825 2445
1441 2757
1441 552
2757 5
2757 1557
5 1813
5 2290
1813 2518
2518 2347
2347 477
2347 690
477 2760
477 2537
2760 275
275 110
110 2502
2502 2306
2306 1230
1230 368
368 2318
2318 2640
2318 844
2640 1560
2640 2801
1560 2664
2664 512
2664 963
512 3
3 953
953 2453
2453 2336
2453 1188
2336 1019
2336 2280
1019 2755
1019 2527
2755 1508
2755 2616
1508 1203
1508 594
1203 1216
1203 791
1216 660
1216 1791
660 1257
660 2694
1257 1566
1566 2751
1566 733
2751 1072
1072 820
820 1113
820 269
1113 1808
1113 201
1808 2619
1808 1180
2619 1718
1718 2262
1718 701
2262 2614
2614 1298
2614 2626
1298 1532
1298 401
1532 1321
1532 1714
1321 1958
1321 2671
1958 2115
2115 1766
2115 101
1766 724
1766 1982
724 2830
724 344
2830 49
49 2514
49 635
2514 2323
2323 1970
2323 1463
1970 2166
1970 794
2166 1911
1911 1266
1911 464
1266 39
1266 1304
39 1194
1194 2327
2327 2738
2327 34
2738 1730
1730 793
1730 2630
793 1640
793 2294
1640 815
815 1077
815 1305
1077 1657
1077 206
1657 184
1657 57
184 700
184 985
700 1990
700 214
1990 723
1990 1301
723 215
723 226
215 888
888 2731
2731 1917
2731 2728
1917 148
1917 1200
148 669
148 2496
669 2843
2843 610
610 1448
610 230
1448 2463
2463 2804
2804 931
2804 1316
931 1415
931 1452
1415 372
372 1589
372 1702
1589 1222
1222 652
1222 1857
652 476
652 1932
476 2691
2691 827
827 2114
2114 1649
1649 2634
1649 818
2634 725
2634 1036
725 2666
725 2145
2666 1001
1001 2036
2036 321
2036 816
321 1694
321 1581
1694 1542
1542 294
294 2354
2354 1426
2354 270
1426 621
621 113
113 1975
113 2033
1975 2465
1975 2022
2465 1654
2465 2656
1654 1725
1654 352
1725 2776
1725 2070
2776 2433
2433 561
561 1382
561 539
1382 2184
2184 1092
2184 1863
1092 1799
1799 1471
1471 2048
1471 1942
2048 116
2048 554
116 1997
116 1006
1997 1210
1210 1084
1084 1314
1084 43
1314 2687
1314 1948
2687 2644
2644 2807
2644 2094
2807 237
237 2206
2206 139
2206 330
139 2696
2696 2597
2696 1424
2597 2549
2597 2529
2549 323
2549 695
323 505
505 1618
505 2497
1618 186
1618 2569
186 306
186 1386
306 1326
306 1207
1326 1987
1326 1514
1987 650
1987 1075
650 842
842 768
768 475
475 2383
2383 2818
2818 2077
2077 2147
2147 1472
2147 1493
1472 1892
1472 954
1892 1494
1494 2773
2773 21
2773 95
21 1563
21 902
1563 942
942 1122
942 462
1122 1208
1122 1469
1208 1945
1945 1787
1787 2068
1787 1120
2068 1437
2068 2285
1437 2329
2329 2611
2329 893
2611 855
855 1196
855 2064
1196 1466
1196 2359
1466 2417
1466 2230
2417 2179
2417 218
2179 1348
2179 1541
1348 130
1348 2102
130 1296
130 2435
1296 178
178 1798
178 286
1798 1159
1159 2159
2159 2205
2205 1789
1789 1724
1789 2556
1724 592
1724 2617
592 510
592 2209
510 927
510 999
927 1622
1622 2123
2123 180
180 48
180 2100
48 806
48 951
806 2086
2086 1897
1897 262
1897 1049
262 2588
262 1394
2588 293
2588 1152
293 1699
293 1227
1699 1397
1699 1290
1397 2461
1397 1477
2461 72
2461 1242
72 2142
72 609
2142 2050
2142 2485
2050 183
183 1278
183 2286
1278 1745
1745 776
1745 2639
776 1329
1329 2685
1329 826
2685 1135
1135 2810
2810 190
2810 456
190 1331
190 2118
1331 1502
1502 2251
2251 98
2251 872
98 375
375 2121
375 174
2121 2289
2121 277
2289 221
2289 534
221 2319
221 956
2319 2238
2238 90
90 161
161 2334
161 1237
2334 1439
1439 2581
2581 626
2581 587
626 177
626 2784
177 1034
1034 1531
1034 1486
1531 460
460 1233
1233 2770
1233 1522
2770 1543
1543 197
197 2187
2187 2066
2187 748
2066 1119
1119 144
144 2648
2648 1869
1869 1535
1869 2475
1535 1941
1941 870
1941 85
870 2149
2149 2702
2149 76
2702 2710
2710 1515
2710 1177
1515 1003
1003 2139
1003 112
2139 1364
2139 2542
1364 2733
2733 1295
1295 1708
1708 1482
1482 2557
1482 1262
2557 2492
2557 2437
2492 2060
2060 925
2060 1214
925 2779
2779 555
2779 2173
555 1807
555 2265
1807 674
1807 204
674 2203
2203 2686
2203 1846
2686 1381
1381 1757
1757 2466
1757 1293
2466 898
2466 1934
898 2678
898 55
2678 2791
2791 258
258 265
258 108
265 29
265 622
29 1859
1859 219
219 1265
1265 2233
1265 1234
2233 990
990 2663
990 2504
2663 1828
2663 1727
1828 1991
1828 934
1991 1352
1991 1404
1352 761
761 28
28 989
989 2480
989 1904
2480 2422
2422 2749
2422 2000
2749 728
728 1834
728 1743
1834 225
1834 1726
225 2368
225 160
2368 1810
2368 31
1810 371
371 950
950 1754
1754 937
937 2450
937 988
2450 1883
1883 1341
1341 1930
1341 647
1930 530
1930 94
530 1740
1740 2311
2311 1302
1302 2781
1302 1449
2781 388
388 837
837 1660
1660 2267
2267 251
251 120
120 2477
2477 784
2477 2279
784 1675
784 2363
1675 1451
1451 2155
1451 1681
2155 2774
2774 928
928 1306
928 1763
1306 500
500 785
785 345
785 2493
345 436
436 1163
1163 960
960 1844
960 1490
1844 56
56 406
56 583
406 2730
2730 880
2730 1847
880 1206
880 155
1206 1079
1079 782
782 1004
1004 1513
1513 2270
2270 1524
1524 1294
1524 1667
1294 23
1294 2767
23 1046
23 617
1046 2317
1046 2681
2317 2526
2317 1977
2526 703
703 698
698 2699
698 2224
2699 1093
1093 2782
1093 1852
2782 1162
2782 2216
1162 2129
2129 1032
2129 578
1032 1643
1032 1475
1643 1518
1518 1087
1518 471
1087 2800
1087 2541
2800 2761
2761 2486
2761 624
2486 2447
2447 972
2447 2204
972 2261
2261 1797
1797 548
1797 1509
548 264
264 126
126 2845
126 1378
2845 2488
2845 869
2488 248
248 165
165 2877
2877 1905
2877 1861
1905 2714
2714 2320
2714 1696
2320 1968
1968 1916
1916 2719
1916 582
2719 655
655 1311
1311 645
1311 522
645 2636
2636 2002
2002 317
317 812
812 2548
2548 1547
2548 2579
1547 1793
1793 699
1793 1124
699 2811
2811 2674
2811 369
2674 1851
1851 865
1851 1662
865 2831
865 74
2831 2515
2515 923
2515 2005
923 2117
2117 2185
2117 607
2185 2276
2185 2381
2276 1628
1628 1953
1953 1370
1953 1068
1370 2106
2106 470
470 1901
1901 1356
1356 1313
1356 2083
1313 1935
1313 535
1935 2870
1935 1243
2870 1025
2870 2219
1025 1344
1025 1570
1344 2575
2575 1252
2575 1814
1252 423
423 1064
1064 1565
1565 1790
1565 2049
1790 9
1790 696
9 2271
9 1903
2271 2218
2271 2237
2218 2015
2015 228
228 1021
228 485
1021 2720
1021 1608
2720 935
935 2613
935 1546
2613 210
2613 1022
210 2622
210 1247
2622 943
943 1774
943 2378
1774 1455
1455 659
659 745
659 340
745 1499
745 27
1499 2832
1499 1410
2832 1015
2832 79
1015 2325
2325 2732
2325 663
2732 736
736 2543
736 619
2543 282
282 245
282 305
245 1738
1738 1371
1738 2793
1371 841
1371 1198
841 1249
1249 864
864 1040
1040 2434
2434 915
2434 109
915 1497
1497 2876
1497 2263
2876 2351
2876 704
2351 1474
2351 2283
1474 1315
1474 2089
1315 1014
1014 2879
2879 603
2879 2330
603 2470
2470 2765
2765 1631
1631 367
367 1195
1195 1784
1784 2020
1784 1705
2020 149
149 442
442 2358
442 1819
2358 1703
2358 2190
1703 1739
1739 2081
2081 2171
2081 1996
2171 278
278 411
411 1454
411 1621
1454 2352
2352 2826
2826 2726
2726 1840
2726 2620
1840 1826
1840 1998
1826 1548
1826 1635
1548 601
1548 2092
601 2510
2510 2093
2093 1088
1088 596
596 1648
1648 153
153 1921
153 2404
1921 526
1921 968
526 2737
526 1365
2737 1753
1753 1117
1753 1769
1117 1137
1137 547
547 1721
547 298
1721 1373
1373 2356
1373 202
2356 2854
2356 96
2854 712
2854 672
712 1538
1538 1342
1342 611
1342 828
611 1128
611 1158
1128 627
627 304
304 64
304 518
64 2724
2724 1336
2724 597
1336 1002
1336 1620
1002 2157
1002 1900
2157 689
689 908
689 1280
908 1161
1161 2075
1161 2631
2075 2803
2803 1328
2803 1931
1328 2025
1328 2838
2025 474
2025 634
474 1400
474 566
1400 2082
1400 158
2082 1741
2082 272
1741 2227
1741 54
2227 2305
2227 661
2305 1376
1376 1731
1731 448
448 1193
1193 1749
1193 1181
1749 1882
1749 667
1882 2232
1882 511
2232 1151
1151 172
1151 281
172 846
846 2307
2307 2421
2307 2130
2421 331
2421 2278
331 1074
1074 918
1074 1575
918 468
918 2534
468 1750
468 1809
1750 1677
1677 229
229 1170
229 2587
1170 2105
2105 459
459 2474
459 1322
2474 2418
2418 2135
2418 2213
2135 402
2135 159
402 335
335 714
335 8
714 2
2 493
493 1080
1080 2559
1080 2623
2559 2690
2690 753
2690 255
753 944
753 1752
944 2350
944 1686
2350 1983
1983 2006
2006 2293
2006 1464
2293 2246
2246 1281
1281 811
811 1561
811 553
1561 2668
2668 2361
2361 1209
1209 1641
1641 1832
1832 1507
1832 2353
1507 1872
1872 1737
1872 1427
1737 2423
2423 2348
2348 1492
1492 1374
1492 1839
1374 537
1374 2309
537 2785
537 1716
2785 1891
1891 1849
1849 2746
2746 577
2746 1879
577 2819
2819 2335
2819 2604
2335 118
118 1436
118 2553
1436 1099
1436 357
1099 1719
1099 2260
1719 1468
1719 995
1468 12
1468 2585
12 1512
1512 1066
1066 658
658 1057
1057 2201
2201 2181
2181 2688
2181 1625
2688 2164
2164 1611
2164 1550
1611 2655
2655 444
2655 111
444 2596
444 1366
2596 2275
2596 1850
2275 636
636 899
899 907
899 2589
907 235
907 2214
235 1368
235 2298
1368 1399
1399 2455
1399 978
2455 2019
2019 792
2019 1018
792 1842
792 2683
1842 2582
1842 499
2582 314
314 1720
314 1334
1720 2026
2026 2003
2026 2220
2003 24
24 778
778 777
777 589
589 2178
589 503
2178 2124
2124 156
2124 30
156 862
156 11
862 743
743 1228
743 2373
1228 1978
1228 958
1978 1655
1655 209
209 637
209 373
637 894
637 1638
894 1395
894 2394
1395 751
1395 2572
751 1684
751 1530
1684 1273
1684 1219
1273 697
697 234
234 729
234 2259
729 238
729 394
238 2295
238 2284
2295 1147
2295 2249
1147 1409
1147 1964
1409 2312
2312 452
2312 2517
452 809
452 1582
809 964
809 437
964 1488
964 86
1488 2654
1488 1837
2654 1732
2654 849
1732 453
1732 800
453 939
939 684
684 1184
684 1383
1184 513
513 266
266 1910
266 2240
1910 232
232 1500
1500 318
318 1772
1772 2138
2138 301
2138 2734
301 271
301 1782
271 1377
1377 2243
2243 7
2243 514
7 381
7 716
381 801
381 1775
801 77
801 2562
77 599
599 2594
599 1288
2594 1063
1063 2651
2651 393
393 1270
393 73
1270 2258
2258 739
739 984
739 316
984 70
70 1145
1145 259
1145 2302
259 169
259 867
169 1906
1906 212
212 717
717 1143
717 2565
1143 254
254 653
254 832
653 1602
1602 19
19 662
19 1604
662 525
525 2072
2072 2578
2072 1226
2578 1949
1949 982
1949 770
982 2245
982 948
2245 2095
2095 1936
2095 2512
1936 2709
2709 917
917 830
917 59
830 1886
1886 936
1886 374
936 25
936 1528
25 1491
1491 1683
1683 2861
2861 137
137 6
6 528
6 2798
528 2479
2479 20
20 67
20 1980
67 400
67 2813
400 2226
2226 945
945 1594
1594 2111
1594 1393
2111 1624
2111 2385
1624 760
760 1213
1213 932
1213 207
932 194
932 2516
194 351
194 856
351 2162
351 1944
2162 154
154 2409
154 675
2409 2007
2409 2436
2007 1164
1164 1168
1164 2706
1168 223
223 2004
2004 1993
2004 2718
1993 2873
1993 1154
2873 37
2873 491
37 814
814 1182
814 1517
1182 2711
2711 879
879 2411
2411 1786
1786 1695
1786 1129
1695 2379
1695 359
2379 692
692 786
786 370
370 195
195 1138
195 250
1138 280
1138 1666
280 2165
2165 750
2165 2646
750 749
750 2675
749 580
749 1865
580 2824
580 2403
2824 737
2824 521
737 1520
737 167
1520 805
805 1300
1300 484
1300 2693
484 2399
484 136
2399 1024
2399 385
1024 1672
1672 744
744 2333
2333 1505
2333 1246
1505 1678
1678 119
1678 42
119 1552
119 2053
1552 2476
2476 883
2476 1495
883 693
883 2407
693 1100
1100 1929
1100 2136
1929 268
268 2786
2786 1939
2786 593
1939 128
1939 679
128 643
643 1496
643 538
1496 1615
1615 2740
2740 970
970 2635
2635 2414
2635 1700
2414 1585
2414 1601
1585 1335
1585 1864
1335 2805
1335 1189
2805 1107
2805 843
1107 2705
2705 1583
2705 536
1583 1636
1636 1333
1636 58
1333 1172
1333 1384
1172 2812
2812 2029
2029 2389
2389 2128
2128 570
570 1963
1963 520
520 1248
520 755
1248 2482
1248 2161
2482 813
813 2180
813 1951
2180 309
2180 718
309 1271
309 38
1271 1890
1271 1287
1890 338
338 443
443 2478
2478 1391
1391 1178
1391 246
1178 292
292 2802
2802 1866
2802 1841
1866 1569
1569 2637
2637 2107
2107 2169
2107 2592
2169 32
2169 1476
32 382
32 2177
382 569
382 1126
569 152
569 2392
152 2332
2332 44
2332 1413
44 1157
1157 2881
1157 639
2881 1155
2881 1190
1155 542
542 1197
1197 2816
2816 543
543 329
329 527
329 804
527 2154
2154 199
2154 1103
199 1261
199 449
1261 2849
2849 1691
1691 360
360 52
360 1854
52 564
52 1895
564 754
564 1661
754 2783
2783 1562
1562 2670
1562 987
2670 1893
1893 2645
1893 1709
2645 60
2645 765
60 802
60 1523
802 276
802 1597
276 1089
1089 1926
1089 850
1926 1591
1591 1042
1591 1881
1042 100
100 162
162 839
839 2408
2408 573
2408 766
573 540
573 1470
540 2057
2057 1974
1974 2341
2341 2505
2341 516
2505 2750
2505 1870
2750 1646
1646 563
563 2490
563 2880
2490 2858
2490 2143
2858 2871
2858 182
2871 1166
1166 2239
2239 299
2239 127
299 164
299 1131
164 835
164 875
835 687
835 241
687 407
407 417
417 10
10 2712
2712 1728
2712 479
1728 1682
1682 257
257 2848
257 1183
2848 2113
2848 773
2113 1320
1320 2657
2657 924
2657 702
924 427
924 1059
427 1217
1217 191
1217 1511
191 1875
1875 1874
1875 41
1874 1614
1874 1760
1614 2377
2377 2186
2186 656
656 1052
656 131
1052 1076
1052 2396
1076 1633
1076 2833
1633 2661
1633 395
2661 1340
1340 2297
1340 710
2297 200
2297 2684
200 2326
2326 1590
1590 356
1590 1411
356 1933
1933 2574
1933 1053
2574 107
2574 2853
107 2573
2573 579
579 680
579 188
680 1435
1435 1125
1435 2647
1125 1317
1317 2207
1317 1592
2207 1421
1421 648
1421 2416
648 253
648 1623
253 1884
253 756
1884 433
433 2546
2546 620
2546 2652
620 2328
2328 1630
1630 457
1630 2618
457 2001
2001 746
746 1867
1867 1345
1867 2058
1345 2457
2457 2467
2457 2176
2467 404
404 971
971 2277
2277 524
524 685
524 494
685 1039
1039 2144
2144 1245
1245 2439
2439 1827
1827 2878
2878 559
2878 1573
559 1593
559 1504
1593 2769
2769 432
432 1765
432 1367
1765 1780
1765 33
1780 2401
1780 2448
2401 779
2401 260
779 189
189 125
189 1692
125 1836
125 193
1836 2695
1836 2051
2695 1303
2695 1094
1303 143
143 930
930 412
412 1606
412 1918
1606 4
1606 2174
4 1423
4 2021
1423 2382
1423 1722
2382 859
859 170
859 644
170 709
709 1396
709 688
1396 2202
2202 2018
2202 1013
2018 1845
2018 83
1845 2395
1845 1258
2395 585
585 1902
585 1928
1902 2315
1902 311
2315 273
273 1616
1616 1185
1616 2211
1185 2215
1185 1888
2215 1650
1650 2839
1650 2039
2839 1521
2839 1149
1521 1674
1674 285
285 1984
1984 1250
1984 1985
1250 1269
1250 1231
1269 615
615 2272
2272 2024
2272 1058
2024 2150
2024 71
2150 2438
2150 2627
2438 996
996 1337
996 274
1337 959
1337 1144
959 398
398 1800
398 2673
1800 1792
1800 297
1792 2550
2550 821
821 673
673 2197
673 2387
2197 1971
2197 882
1971 722
1971 1544
722 1972
722 560
1972 1218
1218 734
734 1267
734 1000
1267 1536
1267 2426
1536 1430
1430 742
742 1830
742 1073
1830 1825
1825 649
649 1922
1922 2234
1922 1670
2234 295
295 1283
1283 2192
2192 861
861 677
677 1965
1965 665
1965 1205
665 504
665 1479
504 1398
1398 863
1398 2321
863 1642
1642 1212
1212 2568
1212 1554
2568 2747
2747 2499
2499 2264
2499 261
2264 2665
2264 976
2665 1988
2665 2736
1988 1747
1747 36
1747 822
36 117
36 2599
117 1010
1010 2288
1010 889
2288 434
434 1656
434 2817
1656 1858
1656 2367
1858 1272
1858 343
1272 2344
2344 1637
2344 545
1637 2560
1637 1831
2560 708
2560 163
708 1612
708 676
1612 50
50 244
244 1818
1818 1035
1818 46
1035 1768
1035 1510
1768 1098
1768 757
1098 997
1098 780
997 2011
997 1060
2011 341
2011 88
341 1082
1082 1279
1279 1878
1878 2487
1878 885
2487 2821
2821 1357
2821 906
1357 1680
1357 762
1680 2316
2316 2491
2316 2835
2491 2235
2491 1167
2235 80
2235 2046
80 439
439 1048
1048 998
1048 1697
998 2850
2850 410
410 523
523 1027
523 242
1027 731
731 1992
1992 595
1992 1920
595 876
876 1605
876 2362
1605 2758
2758 2223
2758 873
2223 1959
2223 752
1959 2464
2464 354
354 2643
354 1402
2643 319
319 213
319 727
213 632
632 1308
632 1973
1308 2863
1308 2531
2863 2756
2863 1416
2756 2386
2756 2727
2386 2494
2494 290
2494 2301
290 1418
1418 1952
1952 2697
1952 2097
2697 1401
2697 142
1401 353
1401 463
353 2834
2834 2098
2098 1559
1559 823
1559 836
823 2523
823 2242
2523 1503
2523 2074
1503 424
424 2567
2567 2676
2676 1277
2676 1487
1277 2324
1277 981
2324 2601
2324 1173
2601 1820
2601 2840
1820 853
853 2371
2371 1764
1764 40
1764 1023
40 604
40 1238
604 481
604 1199
481 198
481 895
198 2175
2175 2462
2175 496
2462 735
2462 1044
735 236
735 2366
236 2331
236 2405
2331 1067
2331 1330
1067 66
66 2725
66 2043
2725 531
2725 2739
531 1955
1955 14
14 2772
2772 1907
2772 328
1907 2088
2088 2451
2088 2346
2451 2212
2451 2410
2212 1783
2212 833
1783 2473
1783 1097
2473 1645
1645 1715
1715 992
1715 389
992 2603
2603 854
2603 256
854 952
854 103
952 2775
2775 380
2775 2430
380 1856
380 2615
1856 2222
1856 2547
2222 705
2222 2099
705 1112
1112 263
263 473
473 2768
2768 1350
1350 2809
1350 886
2809 2632
2809 91
2632 2708
2632 1268
2708 171
171 1447
1447 99
99 2865
99 2013
2865 2521
2865 2842
2521 1527
2521 556
1527 92
92 2689
92 738
2689 2030
2689 376
2030 2337
2337 799
2337 1433
799 1438
799 2343
1438 840
1438 581
840 35
840 2452
35 993
35 2140
993 466
993 2168
466 426
466 1061
426 1445
1445 310
1445 288
310 2609
2609 892
892 631
631 1
1 2308
1 1687
2308 239
2308 1779
239 1121
1121 2017
1121 2744
2017 283
2017 1224
283 2119
283 2170
2119 1626
1626 87
87 1927
1927 810
810 2087
2087 1417
1417 1979
1417 1908
1979 2864
2864 332
2864 2806
332 1529
1529 962
1529 22
962 519
962 774
519 1360
1360 506
506 967
506 2827
967 1795
1795 2257
1795 1925
2257 1116
1116 1235
1116 2023
1235 1599
1235 2292
1599 2027
1599 2875
2027 1405
2027 2524
1405 694
1405 2132
694 2248
694 824
2248 2254
2248 1118
2254 654
2254 482
654 878
654 2133
878 947
878 445
947 2759
2759 1419
1419 2729
2729 608
608 1051
1051 2472
2472 2561
2472 1229
2561 455
455 557
557 2545
2545 2551
2551 1431
2551 2208
1431 726
726 2580
2580 1026
2580 361
1026 630
630 775
630 1802
775 969
775 713
969 868
868 2735
2735 2764
2735 472
2764 1055
2764 75
1055 428
1055 2340
428 2376
2376 628
628 1537
628 2193
1537 1461
1461 1347
1461 1568
1347 454
1347 668
454 2062
2062 507
507 1545
1545 562
1545 2530
562 348
348 1444
348 767
1444 2532
1444 911
2532 2071
2071 1796
2071 2507
1796 2241
1796 176
2241 440
2241 1263
440 2090
2090 1387
2090 451
1387 181
1387 916
181 1339
1339 1835
1339 134
1835 2296
2296 2427
2427 1284
2427 1140
1284 2752
2752 2195
2195 205
205 2014
205 2847
2014 1701
1701 1202
1202 224
1202 740
224 759
759 1748
1748 403
1748 2586
403 2642
403 2511
2642 1534
2642 912
1534 2067
2067 2454
2454 1020
2454 1323
1020 2372
1020 2080
2372 2250
2250 2183
2183 1362
2183 2677
1362 1946
1362 105
1946 220
1946 819
220 979
979 296
979 544
296 1422
296 1707
1422 377
1422 2828
377 123
377 429
123 2628
123 590
2628 2393
2628 415
2393 1148
1148 1966
1148 1108
1966 683
1966 2034
683 1924
1924 2182
1924 788
2182 1923
2182 399
1923 1041
1923 2425
1041 831
831 2429
2429 396
2429 1434
396 2253
2253 1442
2253 2431
1442 845
1442 1007
845 1307
845 497
1307 2028
2028 2503
2503 405
405 1862
405 549
1862 2244
1862 1843
2244 2564
2244 300
2564 852
852 2198
2198 605
2198 1031
605 2158
2158 1254
1254 769
1254 2400
769 1967
769 168
1967 1239
1967 2163
1239 1671
1239 1142
1671 501
501 1698
1698 1693
1698 1388
1693 2506
2506 2443
2443 146
2443 1453
146 2700
146 2787
2700 2869
2869 1160
1160 2841
2841 2780
2780 383
2780 678
383 721
383 1483
721 2796
2796 422
2796 185
422 1412
422 901
1412 2857
1412 2116
2857 1804
2857 1211
1804 1596
1596 203
203 1894
203 1054
1894 2063
2063 1372
1372 1519
1372 347
1519 2196
2196 847
847 1619
1619 1428
1428 2109
2109 1584
1584 2134
1584 2229
2134 2723
2134 2035
2723 1986
2723 574
1986 1201
1986 929
1201 1778
1778 13
13 2188
13 588
2188 284
2188 1165
284 467
284 598
467 2076
467 175
2076 625
2076 711
625 546
546 1751
1751 2624
1751 1251
2624 1187
2624 2722
