1 2817 828
1538 289
289 1674
1674 1263
1263 2330
2330 1746
2330 2064
1746 498
498 1921
498 2508
1921 141
141 2269
2269 2077
2269 925
2077 2532
2532 1232
1232 460
1232 1357
460 2466
460 325
2466 2100
2100 1
1 1604
1604 879
879 588
879 2647
588 734
588 1027
734 122
122 80
122 1194
80 2779
80 205
2779 1968
2779 306
1968 2249
1968 36
2249 658
2249 2632
658 2092
658 1153
2092 30
30 2240
2240 1593
1593 616
1593 84
616 2680
616 1860
2680 2084
2084 2474
2474 1339
1339 516
516 999
999 893
893 130
130 1561
1561 2188
1561 1078
2188 2624
2188 2091
2624 2088
2624 2071
2088 1207
2088 456
1207 2415
1207 1484
2415 2121
2415 1615
2121 887
887 2120
887 1999
2120 1626
1626 2500
2500 2110
2500 439
2110 869
2110 473
869 794
794 1571
1571 2603
2603 1946
1946 1127
1127 1317
1127 377
1317 1057
1057 2422
1057 1630
2422 637
637 1490
1490 865
865 1431
865 2817
1431 545
545 977
977 927
927 1663
1663 752
1663 1568
752 754
754 2255
2255 280
2255 1988
280 2254
280 86
2254 9
9 942
942 219
942 2810
219 1447
1447 414
414 1079
1079 1520
1079 124
1520 143
1520 392
143 2449
2449 2689
2689 743
743 1524
743 2564
1524 1989
1989 2704
2704 1012
2704 1558
1012 1445
1445 1393
1445 1774
1393 1619
1393 2589
1619 2636
1619 1669
2636 909
2636 2541
909 844
909 2574
844 2527
2527 1185
1185 2772
1185 1469
2772 374
2772 1819
374 870
374 611
870 1791
870 274
1791 1213
1791 1814
1213 1829
1213 401
1829 2701
2701 2477
2477 2575
2575 1832
2575 2288
1832 2199
1832 2168
2199 463
2199 1601
463 1993
1993 883
883 1923
883 1327
1923 2200
2200 613
2200 1613
613 2073
2073 1320
2073 253
1320 2176
2176 981
2176 3
981 2267
981 2268
2267 936
936 797
797 1748
797 1342
1748 344
1748 2142
344 1298
344 525
1298 1859
1298 1877
1859 1681
1681 2482
1681 2785
2482 1570
1570 2671
1570 1284
2671 1668
1668 582
582 860
860 851
851 412
412 1203
412 1059
1203 2370
2370 1118
2370 2591
1118 1600
1118 2280
1600 1506
1600 1910
1506 1822
1506 497
1822 568
1822 845
568 1789
1789 1854
1854 1099
1854 894
1099 1828
1099 2171
1828 204
204 2159
204 2525
2159 1505
2159 2434
1505 2586
2586 1616
2586 1135
1616 615
615 849
849 2556
2556 142
142 546
142 1586
546 1509
546 13
1509 2126
2126 1476
1476 2728
1476 137
2728 349
2728 2310
349 2592
349 2729
2592 2355
2355 1621
2355 2593
1621 1546
1546 1817
1546 2751
1817 351
351 1567
351 1017
1567 2550
1567 1022
2550 29
29 819
819 815
819 1422
815 1713
815 2531
1713 1896
1896 239
1896 2314
239 1107
1107 831
1107 1120
831 455
831 966
455 1755
1755 1272
1755 82
1272 692
1272 1087
692 2394
2394 2465
2465 1985
1985 524
524 1132
524 2227
1132 2160
2160 2131
2160 714
2131 2390
2131 38
2390 1366
1366 1577
1577 1937
1577 2229
1937 800
1937 2306
800 2329
2329 530
530 1341
530 54
1341 395
395 846
395 840
846 1202
1202 2234
2234 2714
2714 85
85 352
352 1241
1241 874
874 2595
874 218
2595 1169
1169 781
781 1106
1106 2743
1106 836
2743 1997
1997 1313
1313 2744
2744 2093
2093 2618
2618 1862
1862 1714
1862 2033
1714 2571
1714 2768
2571 503
503 1842
1842 1201
1842 31
1201 2503
2503 2762
2762 558
558 2803
2803 2669
2669 56
56 1547
1547 729
1547 1372
729 2578
2578 2326
2578 774
2326 2141
2141 1383
1383 487
1383 2061
487 585
487 877
585 720
720 924
924 1758
924 199
1758 2244
1758 653
2244 855
2244 182
855 2789
2789 104
2789 2162
104 1020
104 2557
1020 571
571 1731
571 1364
1731 1875
1731 2433
1875 154
1875 1853
154 1907
154 1386
1907 2221
2221 1268
1268 2181
2181 1575
2181 477
1575 1816
1575 51
1816 695
1816 1665
695 398
398 1574
398 475
1574 467
1574 2347
467 895
467 2274
895 636
636 1486
1486 230
1486 119
230 433
230 1412
433 1881
433 996
1881 635
635 748
748 2648
748 159
2648 194
194 354
194 1759
354 371
354 1333
371 1504
371 2642
1504 719
1504 2712
719 2696
2696 587
587 2738
2738 1047
1047 2709
1047 500
2709 21
21 282
21 2478
282 240
282 2742
240 2526
240 753
2526 2157
2526 1693
2157 504
504 1072
1072 1177
1072 184
1177 1773
1177 1605
1773 1004
1773 1958
1004 772
772 661
661 696
696 413
413 1950
413 1269
1950 183
1950 211
183 2041
183 784
2041 2688
2688 1715
1715 1597
1597 441
441 1193
1193 584
1193 771
584 1430
1430 1612
1430 1376
1612 331
331 1762
1762 847
1762 2183
847 2546
2546 2003
2003 446
446 449
446 1902
449 1105
449 2653
1105 1228
1105 1390
1228 618
1228 2273
618 1911
1911 1916
1911 345
1916 2085
1916 1764
2085 1053
1053 1316
1053 1649
1316 1897
1316 514
1897 1398
1398 1580
1580 1417
1580 90
1417 1054
1417 1891
1054 2489
1054 2577
2489 481
481 2690
2690 1468
2690 2606
1468 570
570 802
802 101
101 1640
1640 2732
1640 2800
2732 2451
2451 700
2451 959
700 1861
1861 163
163 2396
163 2219
2396 2305
2396 2387
2305 2644
2644 2511
2511 2559
2511 583
2559 1709
1709 2346
2346 1001
2346 267
1001 1578
1578 644
644 2757
644 603
2757 2242
2757 1915
2242 1098
2242 701
1098 1314
1098 2615
1314 605
1314 16
605 2094
2094 2719
2719 91
2719 1415
91 1448
1448 598
1448 1348
598 139
139 1632
139 2746
1632 490
490 1591
1591 2445
2445 2426
2445 1627
2426 237
2426 2682
237 1920
1920 2461
2461 174
174 1482
1482 2049
1482 903
2049 2172
2049 2165
2172 1229
1229 2042
2042 1121
1121 1918
1121 495
1918 1785
1785 1391
1785 42
1391 1466
1391 1008
1466 921
921 762
921 2282
762 1886
762 1042
1886 941
941 216
216 1115
216 1543
1115 1237
1115 2277
1237 1646
1646 2804
1646 1310
2804 2388
2804 1705
2388 517
517 2786
2786 1163
2786 2068
1163 1876
1163 1721
1876 814
814 305
305 1266
305 1068
1266 2490
1266 1343
2490 2013
2013 425
2013 1949
425 1305
425 2715
1305 1683
1683 788
788 1483
1483 1526
1483 1278
1526 886
1526 1464
886 208
208 1736
1736 656
1736 2185
656 549
656 1149
549 2724
549 2736
2724 1638
2724 474
1638 1978
1978 805
805 566
566 1992
566 77
1992 2007
2007 179
179 750
750 562
750 2513
562 1697
1697 156
156 1507
156 760
1507 96
96 2377
96 1051
2377 127
127 318
318 593
318 601
593 2375
593 321
2375 1624
2375 2454
1624 1643
1624 110
1643 614
1643 1457
614 1133
614 2777
1133 2536
1133 373
2536 1622
2536 963
1622 1492
1492 1973
1492 70
1973 866
1973 1659
866 2186
866 1825
2186 1353
2186 900
1353 187
187 2473
2473 443
443 853
443 1726
853 1679
1679 2405
1679 1094
2405 507
507 1843
507 257
1843 2713
2713 308
308 2136
308 2107
2136 1635
2136 1028
1635 1955
1955 621
1955 1563
621 2259
2259 1291
1291 2802
2802 1157
2802 76
1157 1171
1171 832
832 445
445 2062
445 956
2062 40
2062 2075
40 1205
1205 1549
1549 807
1549 1058
807 564
564 982
982 1554
982 94
1554 471
1554 1747
471 358
471 2147
358 512
358 2112
512 2796
2796 2116
2116 1379
1379 538
538 232
232 2350
232 624
2350 2284
2284 1688
2284 2418
1688 260
260 2315
2315 302
302 1564
1564 1130
1130 1014
1014 103
103 987
987 1823
987 1718
1823 2794
2794 1562
2794 376
1562 2605
1562 2012
2605 1900
2605 2519
1900 600
1900 1511
600 2493
2493 730
2493 1062
730 1048
1048 2279
1048 666
2279 537
2279 1545
537 1104
1104 724
1104 1428
724 2291
2291 2767
2767 2057
2767 2475
2057 1769
1769 1361
1361 1835
1361 248
1835 2137
2137 1553
1553 2781
1553 2607
2781 592
592 2760
592 92
2760 1532
2760 569
1532 2124
2124 1903
1903 1717
1717 563
563 153
153 1034
153 297
1034 1801
1801 2123
1801 1677
2123 2324
2123 1388
2324 1550
1550 2573
1550 1123
2573 1804
1804 1555
1555 913
913 2328
913 2617
2328 1848
1848 2524
1848 478
2524 728
2524 368
728 357
357 1396
357 312
1396 1793
1396 2598
1793 676
1793 2225
676 1830
676 2516
1830 2610
2610 1676
1676 360
1676 2414
360 2323
360 245
2323 1407
2323 2431
1407 1800
1800 157
1800 2792
157 311
311 1443
1443 1035
1035 628
1035 2309
628 459
459 411
411 783
411 552
783 2784
2784 741
2784 1114
741 1846
1846 1166
1846 2371
1166 1898
1898 2579
2579 773
773 543
543 1824
1824 821
1824 1690
821 2716
2716 1060
2716 2069
1060 929
929 952
929 2386
952 749
952 527
749 2066
2066 2718
2066 1899
2718 2026
2026 1982
2026 2684
1982 1373
1373 2111
2111 1144
1144 432
432 2565
432 2361
2565 48
48 149
48 971
149 659
149 2214
659 2340
659 2793
2340 2612
2612 2734
2612 1788
2734 1670
2734 997
1670 1277
1277 1927
1927 2668
2668 2025
2025 1753
2025 1706
1753 2773
2773 550
2773 668
550 206
206 1480
206 2146
1480 2373
1480 643
2373 2448
2373 319
2448 2298
2298 1644
2298 1628
1644 2604
1644 1124
2604 1031
1031 2009
2009 2763
2009 1043
2763 2409
2763 147
2409 839
839 2210
839 2356
2210 2740
2210 2139
2740 1261
2740 145
1261 1091
1091 2129
1091 2086
2129 2317
2317 1455
1455 590
1455 2673
590 284
284 447
447 2074
2074 1544
1544 2352
2352 901
2352 1781
901 8
8 2285
8 2023
2285 2319
2319 207
207 1038
207 556
1038 2435
1038 457
2435 1589
2435 2247
1589 1416
1416 2108
1416 2656
2108 2161
2161 627
2161 684
627 1965
1965 826
826 1095
1095 2194
1095 1657
2194 1073
1073 254
254 1704
254 2695
1704 1175
1175 2029
1175 1052
2029 60
60 1311
60 1512
1311 1757
1757 769
769 1197
1197 2048
1197 2436
2048 2470
2470 2404
2404 2072
2072 427
2072 2266
427 1878
1878 791
791 986
791 535
986 320
320 737
737 1070
737 2692
1070 673
673 1641
673 2702
1641 2286
1641 1784
2286 2590
2590 919
919 2580
2580 451
451 1792
451 1503
1792 2333
1792 118
2333 1318
1318 799
799 1426
1426 1499
1499 689
689 1109
1109 2192
1109 386
2192 881
881 2293
2293 1909
2293 1274
1909 733
1909 875
733 2001
2001 49
49 619
619 902
619 623
902 168
168 429
429 1410
429 2753
1410 2119
1410 2098
2119 226
2119 599
226 1932
226 1250
1932 542
542 71
71 1540
71 1530
1540 2169
1540 655
2169 469
2169 950
469 69
69 1209
69 1760
1209 2295
1209 2698
2295 1069
1069 1694
1069 93
1694 1040
1694 579
1040 2657
2657 2625
2657 1645
2625 98
2625 808
98 785
98 2132
785 763
785 1349
763 675
763 1639
675 1948
675 375
1948 863
1948 755
863 2515
863 868
2515 2809
2515 1518
2809 1572
1572 1247
1572 1279
1247 2260
1247 1092
2260 557
2260 1103
557 492
557 2122
492 1765
492 1894
1765 4
4 263
263 574
574 2619
2619 756
756 1996
756 2505
1996 798
798 1811
798 1648
1811 1285
1285 468
1285 362
468 1381
468 1754
1381 293
1381 708
293 11
293 252
11 2216
11 2419
2216 561
2216 1954
561 1337
1337 2686
2686 837
837 2646
2646 418
2646 2125
418 20
418 960
20 513
20 1684
513 408
513 2166
408 2000
408 1607
2000 1236
2000 1618
1236 682
1236 958
682 608
608 2251
608 531
2251 2665
2251 2231
2665 2498
2498 2807
2807 2212
2212 2368
2368 309
2368 2788
309 1440
309 705
1440 1158
1158 1029
1158 980
1029 2236
2236 1933
2236 1680
1933 426
1933 669
426 2034
426 1056
2034 944
944 1441
944 2
1441 2681
2681 1204
2681 1179
1204 236
1204 2678
236 1408
236 235
1408 1515
1515 850
1515 2038
850 670
850 2530
670 2450
670 2687
2450 1935
1935 1798
1935 2056
1798 388
1798 1908
388 2226
388 1569
2226 992
2226 480
992 409
992 2028
409 453
453 1930
453 58
1930 1287
1930 2320
1287 2693
2693 421
421 829
829 872
872 1529
872 2114
1529 2662
2662 2179
2179 1942
2179 899
1942 262
1942 2060
262 2425
262 2308
2425 1119
1119 1654
1654 2316
1654 2402
2316 2679
2316 328
2679 275
2679 1363
275 269
275 1026
269 2223
269 1928
2223 633
2223 1406
633 1727
633 2353
1727 560
1727 1108
560 2276
560 610
2276 195
195 1030
195 10
1030 983
983 775
983 1365
775 1893
1893 2711
2711 848
2711 1806
848 2304
2304 1979
2304 2213
1979 591
1979 1295
591 1812
1812 144
1812 816
144 1692
1692 150
150 2411
2411 652
652 964
652 304
964 1083
1083 1763
1763 114
114 2143
2143 2037
2143 442
2037 2570
2570 2650
2570 440
2650 2102
2650 1300
2102 155
155 2150
2150 2349
2150 336
2349 747
747 2766
2766 1066
1066 1743
1743 1975
1743 782
1975 2502
2502 1198
1198 1270
1198 961
1270 2078
1270 35
2078 128
128 2008
2008 632
632 1521
1521 880
1521 1452
880 1210
880 247
1210 482
482 2332
2332 1661
2332 2518
1661 2549
2549 2407
2407 2095
2407 1324
2095 2637
2095 1239
2637 625
2637 472
625 567
625 1779
567 667
567 641
667 1831
1831 324
324 509
324 2019
509 50
509 2554
50 508
508 2552
2552 1016
1016 1941
1941 1276
1276 698
1276 2105
698 717
698 1368
717 1394
717 1585
1394 2211
1394 991
2211 1836
1836 1495
1495 1579
1579 1795
1795 1584
1795 1380
1584 189
189 2787
189 2118
2787 2731
2731 1906
2731 2499
1906 2312
2312 171
2312 1281
171 2079
2079 1262
1262 833
1262 1919
833 631
631 1995
1995 2337
2337 638
638 1556
638 223
1556 400
400 243
243 2699
2699 464
464 2563
2563 1326
2563 1673
1326 2287
1326 2196
2287 704
704 1208
704 1594
1208 330
1208 910
330 2517
330 1434
2517 1650
2517 1126
1650 778
778 109
778 1818
109 2376
109 95
2376 2600
2600 1711
2600 62
1711 1433
1433 74
74 1148
74 1050
1148 1739
1739 2588
1739 1023
2588 935
2588 359
935 718
935 1559
718 448
448 391
448 1258
391 380
391 1637
380 1138
380 146
1138 518
1138 2528
518 1756
1756 586
1756 75
586 1453
1453 2258
1453 555
2258 1143
2258 2583
1143 686
1143 270
686 339
686 1129
339 2348
339 126
2348 1493
2348 639
1493 820
1493 461
820 434
820 520
434 296
434 905
296 2706
2706 2613
2706 911
2613 1820
1820 915
1820 1385
915 1938
915 1244
1938 2265
1938 2367
2265 420
420 1595
1595 2626
2626 962
2626 1338
962 1467
1467 483
483 970
483 1623
970 1303
970 2722
1303 2275
1303 2512
2275 1459
2275 1478
1459 15
15 2469
15 2245
2469 1880
2469 1458
1880 2403
2403 2395
2395 1289
1289 1215
1215 1701
1215 1423
1701 2685
1701 1139
2685 528
2685 1474
528 1883
1883 1397
1883 1425
1397 1552
1397 2562
1552 2548
1552 224
2548 1226
2548 1309
1226 2703
2703 7
2703 1936
7 341
7 1634
341 1301
1301 657
657 140
140 2364
140 1302
2364 2444
2364 72
2444 338
2444 496
338 1531
338 1404
1531 1809
1809 1972
1972 2723
2723 1834
1834 470
1834 1125
470 2180
2180 2127
2180 2459
2127 969
969 1199
1199 2083
1199 2203
2083 1220
1220 295
1220 1015
295 1009
1009 2774
2774 264
2774 1100
264 2481
264 1770
2481 1952
1952 1931
1931 1283
1931 1837
1283 2735
2735 968
2735 975
968 1776
1776 450
1776 1566
450 1783
1783 541
1783 2357
541 2568
2568 385
385 1722
1722 202
202 406
406 2710
406 290
2710 1708
2710 2621
1708 410
410 2491
2491 2130
2130 1021
2130 81
1021 462
1021 242
462 1934
462 2294
1934 1090
1090 2101
1090 2187
2101 136
136 580
580 1771
580 123
1771 12
1771 1089
12 2638
12 2429
2638 1772
2638 1872
1772 521
521 2081
521 213
2081 2561
2561 2174
2174 203
2174 1086
203 1922
1922 350
350 1994
1994 1351
1994 2090
1351 291
1351 2039
291 989
989 310
310 2140
2140 723
2140 1702
723 1685
723 2262
1685 1061
1685 2476
1061 2050
1061 852
2050 2748
2748 830
2748 34
830 1833
1833 2655
2655 1686
1686 348
1686 466
348 2080
2080 547
547 229
547 485
229 559
229 906
559 1450
559 2393
1450 2523
1450 301
2523 1282
1282 1582
1582 1598
1598 1858
1598 1647
1858 2811
1858 573
2811 2437
2437 1164
1164 2252
2252 1548
1548 335
335 651
651 2667
2667 1905
1905 1096
1096 1190
1096 2776
1190 2707
2707 1370
1370 2472
2472 2201
2201 2694
2201 2238
2694 2720
2694 533
2720 2741
2741 2248
2741 1384
2248 1984
1984 2487
1984 1463
2487 1067
2487 1590
1067 79
1067 1851
79 1347
1347 1523
1347 2620
1523 1142
1523 2261
1142 1223
1223 23
23 2378
23 2640
2378 2460
2378 1245
2460 489
489 112
489 1307
112 251
251 691
251 2727
691 810
810 361
810 665
361 985
361 1847
985 1882
1882 1429
1429 1539
1539 1224
1539 1633
1224 2020
1224 867
2020 221
2020 1189
221 1471
221 2627
1471 277
1471 1141
277 1849
277 1904
1849 995
995 1259
1259 1297
1297 1557
1297 1354
1557 712
712 2096
712 2076
2096 18
2096 1698
18 2257
2257 1733
2257 2645
1733 26
1733 2363
26 1719
1719 1827
1719 47
1827 622
622 222
622 2596
222 1076
222 662
1076 1465
1465 2232
2232 116
116 316
316 365
365 685
685 2430
685 1402
2430 1889
2430 1044
1889 1761
1761 1502
1761 1890
1502 1253
1253 777
777 458
777 1206
458 813
458 1147
813 2521
813 617
2521 1508
2521 1323
1508 1807
1508 2771
1807 1775
1775 2017
2017 1803
2017 1573
1803 1176
1176 129
1176 857
129 1234
129 2428
1234 2815
1234 678
2815 1375
1375 111
1375 1254
111 188
111 162
188 2808
188 396
2808 397
397 809
397 1131
809 1150
809 2389
1150 198
1150 1537
198 178
198 2155
178 532
532 2560
532 1620
2560 2443
2560 1611
2443 166
2443 438
166 1840
1840 609
609 1005
1005 1409
1409 2542
2542 2089
2542 33
2089 2035
2035 367
367 951
951 1519
1519 1971
1519 681
1971 2204
1971 1400
2204 2322
2322 1737
2322 594
1737 419
1737 1500
419 1077
1077 2097
2097 2215
2097 2016
2215 1444
1444 2700
1444 1614
2700 626
2700 2427
626 2250
626 1745
2250 1113
1113 938
1113 934
938 1888
938 1260
1888 2027
2027 801
2027 1712
801 2278
2278 2691
2278 2206
2691 1435
2691 332
1435 1399
1435 2220
1399 2051
2051 53
2051 930
53 1134
1134 347
1134 2660
347 1527
1527 2233
1527 161
2233 680
2233 1346
680 2442
680 1280
2442 486
2442 1826
486 249
249 2167
2167 366
366 709
709 1082
709 1472
1082 384
384 2765
2765 2011
2765 1222
2011 2296
2296 602
602 220
220 856
856 2609
856 1188
2609 2467
2609 835
2467 2406
2406 100
2406 2040
100 1496
1496 1137
1496 2634
1137 14
1137 78
14 1414
14 2336
1414 1485
1485 2663
2663 2218
2663 854
2218 2175
2218 2801
2175 133
133 649
133 415
649 1576
649 827
1576 697
1576 1912
697 2177
2177 841
841 1427
1427 1534
1427 1145
1534 2534
2534 1454
1454 1588
1588 1695
1588 1489
1695 1161
1161 1926
1926 1304
1304 1477
1477 2281
2281 1168
2281 2070
1168 501
1168 1850
501 1340
501 577
1340 2453
2453 1328
2453 758
1328 190
190 1436
190 1671
1436 1403
1403 73
1403 994
73 1345
1345 353
353 2730
353 2366
2730 620
2730 2545
620 1699
620 2004
1699 506
1699 1186
506 2587
506 664
2587 2335
2335 2182
2335 43
2182 2780
2780 2630
2780 1964
2630 364
2630 2457
364 1863
1863 937
937 1642
1642 2241
2241 502
2241 715
502 2721
2721 2360
2360 1355
1355 283
283 932
932 2551
2551 1675
1675 572
1675 548
572 1418
1418 2195
1418 1356
2195 939
2195 892
939 2138
2138 2535
2535 1024
1024 731
731 107
731 1257
107 2629
107 2292
2629 710
2629 1939
710 1983
1983 212
212 2002
212 102
2002 842
2002 151
842 1019
1019 1350
1350 1183
1350 167
1183 1200
1200 1479
1200 1271
1479 1560
1479 745
1560 329
329 488
488 630
630 1959
630 2151
1959 452
1959 2163
452 1821
1821 1766
1766 177
1766 878
177 63
63 1884
1884 1974
1884 1290
1974 1672
1672 1525
1672 1656
1525 2087
1525 88
2087 393
393 317
317 2485
2485 2052
2052 355
355 694
355 1085
694 1703
694 1344
1703 1864
1864 2797
1864 1510
2797 1536
1536 1233
1233 2325
1233 1319
2325 2529
2529 436
436 687
436 1046
687 1914
1914 59
1914 2099
59 192
192 1735
192 1116
1735 654
654 1292
1292 1451
1292 430
1451 1218
1451 674
1218 2401
1218 1238
2401 1813
1813 1976
1813 200
1976 553
553 1456
553 1962
1456 106
1456 1662
106 1767
1767 1196
1196 732
1196 1542
732 2235
732 2197
2235 307
2235 1744
307 196
196 884
196 2806
884 2300
2300 265
265 2510
2510 2756
2510 2189
2756 511
511 1528
1528 1461
1461 238
238 493
238 1481
493 645
645 761
761 1219
1219 1780
1780 862
862 1288
862 1741
1288 272
1288 766
272 923
923 2769
2769 120
2769 1874
120 1678
1678 1181
1181 2307
2307 404
2307 907
404 2104
2104 2641
2104 2759
2641 972
2641 1945
972 1513
972 917
1513 2145
1513 2106
2145 2164
2145 2152
2164 2321
2164 1497
2321 790
790 908
908 2582
2582 64
64 1122
64 864
1122 2381
1122 2440
2381 1162
2381 2447
1162 67
67 1856
67 1424
1856 285
1856 1664
285 1246
285 2543
1246 1596
1246 1378
1596 2631
1596 1265
2631 1808
1808 233
233 770
233 764
770 1154
1154 2222
1154 998
2222 1617
1617 2217
2217 479
2217 1498
479 2602
479 2263
2602 725
2602 2065
725 431
431 2666
2666 1716
2666 228
1716 967
1716 838
967 1275
967 1018
1275 435
435 2311
435 1961
2311 974
974 2341
2341 279
2341 2044
279 2814
279 1405
2814 1240
1240 1636
1636 1929
1636 1437
1929 1235
1929 1924
1235 1419
1235 2412
1419 2805
2805 2046
2805 949
2046 2494
2494 99
99 2456
2456 2297
2456 2533
2297 2594
2297 1707
2594 707
707 121
121 2775
121 1170
2775 581
2775 2030
581 39
39 17
39 1359
17 812
17 2302
812 1857
1857 1432
1432 2654
2654 1805
1805 57
57 2597
57 1331
2597 403
2597 1725
403 1871
403 1192
1871 914
1871 2365
914 1146
914 1682
1146 286
286 933
286 2331
933 957
957 52
957 25
52 940
52 1011
940 87
940 2585
87 1868
1868 2005
2005 1629
2005 2488
1629 2032
2032 2506
2032 117
2506 1352
1352 1093
1352 1796
1093 858
1093 259
858 954
954 2345
2345 2658
2345 1609
2658 1321
2658 2205
1321 1172
1321 1243
1172 2755
1172 898
2755 1728
1728 918
1728 2290
918 1533
918 787
1533 1865
1865 1852
1865 1462
1852 2628
2628 2432
2628 1953
2432 2382
2382 888
888 735
888 1724
735 1666
735 499
1666 2338
2338 383
383 806
383 979
806 2021
806 2599
2021 706
2021 1025
706 711
706 578
711 1660
711 740
1660 882
1660 484
882 288
288 926
288 993
926 215
215 2243
2243 2148
2243 1838
2148 2782
2148 1990
2782 1329
2782 6
1329 2558
2558 2400
2558 768
2400 2783
2783 2452
2783 1867
2452 953
2452 1136
953 1494
1494 1855
1855 1230
1855 186
1230 2441
2441 2479
2441 2601
2479 1111
1111 2614
1111 1470
2614 27
27 2798
2798 2677
2677 539
2677 1374
539 2036
2036 896
896 721
721 250
721 2109
250 1473
250 185
1473 1306
1306 1475
1475 1110
1475 2813
1110 1155
1155 1296
1155 984
1296 1216
1296 1411
1216 1710
1710 152
1710 2754
152 1165
1165 1487
1487 1184
1184 1810
1810 792
1810 1256
792 1691
1691 2264
2264 2170
2170 2446
2446 716
716 534
534 690
690 1065
690 2133
1065 363
1065 554
363 278
363 255
278 1039
1039 544
544 2113
544 526
2113 201
2113 2045
201 1101
201 2611
1101 407
1101 988
407 1182
1182 2509
1182 1667
2509 1943
2509 379
1943 46
1943 2134
46 1006
1006 904
904 744
904 726
744 28
28 916
916 2438
916 1037
2438 2675
2438 1967
2675 2031
2675 405
2031 1036
1036 2659
2659 2417
2659 2354
2417 2191
2191 2006
2191 795
2006 1013
2006 2623
1013 928
928 2576
2576 1723
2576 1293
1723 2616
1723 1799
2616 37
2616 660
37 2230
2230 2413
2230 648
2413 2359
2359 44
44 1332
44 2289
1332 1599
1599 1603
1603 2237
1603 1178
2237 68
68 108
108 1080
108 1315
1080 2497
2497 1041
2497 519
1041 416
416 1264
1264 326
326 811
811 5
811 2643
5 454
454 2464
454 1987
2464 2540
2540 1777
2540 342
1777 387
387 859
387 2380
859 2416
2416 2717
2416 2115
2717 1187
1187 2539
2539 650
650 2059
2059 273
273 576
576 2228
576 437
2228 2067
2228 268
2067 779
2067 315
779 1700
779 2397
1700 647
1700 2538
647 565
647 612
565 948
565 2520
948 2399
948 1873
2399 313
2399 596
313 1312
313 1516
1312 2639
2639 225
225 322
225 1960
322 1535
1535 1160
1535 2208
1160 2749
1160 1325
2749 1778
2749 629
1778 1251
1778 2812
1251 1225
1225 1895
1895 1173
1895 1501
1173 113
113 1720
1720 1815
1720 1742
1815 642
1815 2778
642 1866
642 1940
1866 1152
1866 1740
1152 2372
1152 2633
2372 97
2372 2484
97 1901
1901 2190
2190 1032
1032 1088
1032 2022
1088 327
327 369
327 1151
369 671
369 2207
671 1913
1913 197
197 1367
1367 134
1367 1734
134 2334
134 1273
2334 646
646 2547
646 22
2547 2790
2790 2483
2483 1212
1212 2343
1212 955
2343 1845
2343 394
1845 2043
2043 2750
2043 2752
2750 2726
2726 1000
1000 170
170 2670
2670 378
2670 244
378 751
751 1446
751 1055
1446 2480
2480 1360
1360 402
1360 1541
402 946
946 2770
946 135
2770 1442
2770 287
1442 2423
1442 2318
2423 227
227 575
575 1687
1687 32
32 299
32 1049
299 1081
299 640
1081 2392
1081 1128
2392 2795
2392 160
2795 1460
2795 757
1460 1007
1007 2053
2053 2424
2053 606
2424 1010
1010 2661
2661 1802
2661 1947
1802 1925
1925 976
976 1369
976 1413
1369 115
1369 1887
115 1750
1750 2253
1750 2184
2253 2608
2608 818
818 736
736 1841
1841 2492
1841 1655
2492 1140
1140 1944
1944 2144
1944 1966
2144 2676
2676 2496
2496 803
2496 1517
803 1334
803 529
1334 1963
1963 1879
1963 780
1879 165
165 2082
2082 417
417 804
417 742
804 191
804 1970
191 912
912 2149
2149 2385
2149 713
2385 2063
2063 1371
2063 1075
1371 2652
1371 1174
2652 2439
2652 1231
2439 817
817 1514
817 390
1514 510
1514 231
510 1084
1084 672
1084 891
672 2791
672 169
2791 2018
2018 294
294 422
422 1156
1156 2747
2747 2239
2747 540
2239 2725
2239 389
2725 947
947 931
947 2507
931 256
256 2369
2369 1892
1892 424
1892 1625
424 1195
1195 2246
1195 861
2246 2799
2246 292
2799 281
2799 767
281 1986
281 746
1986 2486
1986 1377
2486 1980
1980 2327
1980 679
2327 889
2327 1551
889 2117
889 2572
2117 1917
2117 2362
1917 2198
2198 1749
2198 1335
1749 823
1749 739
823 822
823 2178
822 824
822 1002
824 2256
824 2398
2256 217
2256 945
217 2103
217 1438
2103 1782
2103 1870
1782 2764
2764 1248
1248 2271
1248 370
2271 1045
2271 607
1045 314
1045 1033
314 2154
2154 688
688 1322
688 2683
1322 491
491 1797
1797 738
1797 1180
738 765
765 523
523 515
515 536
515 2471
536 1689
1689 2156
1689 148
2156 990
990 2224
2224 261
261 1221
261 505
1221 1071
1071 241
241 2058
2058 2010
2058 66
2010 604
604 234
234 2522
2522 1587
1587 2270
1587 1308
2270 2537
2537 1217
1217 2054
1217 1395
2054 943
943 1610
943 1167
1610 2047
2047 890
2047 1488
890 1003
890 1420
1003 871
871 2737
2737 2635
2737 2745
2635 2674
2635 2153
2674 1786
1786 663
663 776
776 2566
2566 922
922 428
428 1336
428 1581
1336 258
258 2664
258 1752
2664 61
61 1592
1592 1522
1592 699
1522 2339
1522 1112
2339 897
2339 2351
897 2383
2383 333
333 303
303 702
702 759
702 2408
759 1729
1729 1242
1242 1565
1565 214
1565 1751
214 2420
214 2458
2420 1957
2420 298
1957 356
356 1074
356 300
1074 973
1074 1653
973 209
209 1602
209 138
1602 2209
1602 1839
2209 89
89 1768
1768 2158
1768 2567
2158 334
2158 2384
334 1362
334 1608
1362 1631
1631 1255
1631 372
1255 176
176 1991
176 172
1991 920
920 1294
1294 2468
1294 1214
2468 1097
1097 722
1097 2272
722 1389
722 2584
1389 2379
1389 2544
2379 595
2379 2303
595 1392
1392 2758
2758 965
965 1421
1421 340
1421 1439
340 1732
340 793
1732 1211
1211 476
476 2761
2761 2015
2015 1738
1738 24
1738 1064
24 2463
2463 2495
2463 1358
2495 1794
2495 834
1794 2649
1794 1299
2649 1651
2649 2504
1651 2733
1651 131
2733 19
2733 2553
19 2301
2301 2569
2301 125
2569 1606
2569 2555
1606 2391
1606 2651
2391 2514
2514 1401
2514 2193
1401 1787
1401 843
1787 2739
1787 381
2739 796
796 828
796 1286
828 2024
2024 276
2024 1696
276 1252
1252 1977
1977 703
1977 346
703 1102
1102 2581
2581 634
634 1387
634 2299
1387 1885
1387 2055
1885 2374
2374 2128
2128 444
2128 246
444 2173
444 343
2173 693
2173 2455
693 885
693 382
885 2313
2313 83
2313 2622
83 1117
83 522
1117 1652
1652 2283
2283 2202
2202 266
2202 1249
266 399
266 589
399 1063
1063 1449
1449 727
1449 1969
727 1844
727 193
1844 423
423 873
423 825
873 1790
1790 2816
1790 677
2816 175
175 494
175 41
494 789
789 1382
789 2421
1382 180
180 1267
180 323
1267 1956
1267 105
1956 2672
2672 2410
2672 2462
2410 978
2410 2708
978 55
55 2358
55 2344
2358 1159
2358 1583
1159 597
1159 173
597 2014
2014 1998
1998 1951
1951 337
337 1491
1491 551
551 1981
551 132
1981 2342
1981 158
2342 1191
1191 1730
1730 876
876 1227
876 65
1227 45
1227 181
45 2501
2501 1658
1658 2705
2705 2697
2697 164
164 2135
2135 683
2135 1869
683 271
683 210
271 786
786 1330
786 465
