3 2430 272665127
3 1
3 2
1227 900
1227 446
900 217
217 1072
1072 928
928 511
511 2196
511 1462
2196 15
2196 386
15 1395
1395 2405
1395 1597
2405 132
132 1995
1995 1287
1287 1445
1287 1785
1445 1020
1020 1379
1379 1589
1379 179
1589 581
1589 1891
581 1169
581 1120
1169 67
67 1206
67 2085
1206 218
1206 2102
218 874
874 2225
2225 920
920 993
993 1079
1079 12
1079 1280
12 2195
2195 944
944 2368
944 1532
2368 1656
1656 296
1656 1593
296 2360
2360 2075
2075 765
765 309
309 1043
309 2389
1043 561
561 1616
1616 368
1616 72
368 1795
1795 773
773 327
773 293
327 1128
1128 552
552 1254
1254 937
937 847
847 702
702 1365
1365 1442
1442 2228
1442 2162
2228 1434
2228 639
1434 2312
2312 1815
2312 1044
1815 304
1815 637
304 2328
304 1757
2328 2249
2249 729
729 1976
729 781
1976 271
1976 1304
271 438
438 1381
1381 244
244 1207
244 400
1207 600
600 1761
1761 225
225 848
848 501
501 941
501 1023
941 48
941 84
48 2153
48 197
2153 417
2153 1430
417 1502
1502 2286
2286 1907
1907 688
1907 1403
688 502
688 166
502 1308
1308 1667
1667 1157
1667 1028
1157 1186
1157 2136
1186 2289
1186 991
2289 807
807 174
807 1579
174 2
2 6
2 685
6 1951
1951 213
1951 107
213 2359
213 1533
2359 2209
2209 1631
1631 836
836 736
836 82
736 913
913 1010
1010 603
1010 1149
603 903
603 1668
903 170
903 2038
170 1177
1177 2317
1177 1208
2317 370
2317 1167
370 321
370 1476
321 2033
321 2071
2033 1865
1865 614
614 1383
1383 831
1383 960
831 343
343 481
343 467
481 1236
1236 361
361 2258
361 1312
2258 2097
2258 1184
2097 962
2097 1456
962 1752
962 2218
1752 1224
1752 2217
1224 1688
1224 297
1688 585
585 294
585 996
294 1732
294 628
1732 667
1732 2372
667 1243
1243 500
1243 1523
500 2254
500 1194
2254 425
425 1415
1415 2148
2148 66
66 911
911 2191
911 780
2191 921
921 1636
1636 1625
1625 2056
2056 1387
1387 1238
1387 2100
1238 884
1238 1000
884 301
301 775
301 1885
775 1328
775 2342
1328 1352
1328 2104
1352 1230
1352 1011
1230 2066
1230 1361
2066 1400
1400 547
1400 1478
547 796
796 613
613 1686
613 2262
1686 2397
1686 694
2397 487
487 908
908 1296
908 1708
1296 185
185 2230
185 5
2230 593
593 2019
2019 1163
2019 1660
1163 1191
1191 924
1191 1494
924 2002
924 2122
2002 331
331 2036
331 668
2036 1731
2036 112
1731 1065
1731 660
1065 240
240 852
240 353
852 468
468 1281
468 494
1281 2362
1281 1069
2362 979
979 335
979 1274
335 936
936 1585
936 2316
1585 1643
1585 2335
1643 1540
1643 242
1540 306
306 1183
306 1876
1183 169
1183 1932
169 2176
2176 2009
2009 1004
1004 1881
1004 2243
1881 1495
1495 1453
1453 963
963 1200
1200 1017
1200 2392
1017 2265
2265 1241
2265 1322
1241 1234
1241 476
1234 712
712 861
861 1598
1598 210
1598 236
210 2086
210 56
2086 1518
2086 1999
1518 1272
1518 1115
1272 1972
1272 1735
1972 1014
1014 1557
1557 1498
1498 1978
1978 1484
1978 1376
1484 945
945 1684
1684 427
1684 1773
427 528
528 892
892 60
892 1129
60 142
60 2332
142 505
142 809
505 1733
1733 720
1733 1164
720 2173
720 2403
2173 542
542 407
407 517
517 2166
517 2114
2166 2408
2166 1265
2408 2028
2028 1290
1290 1346
1346 466
466 1765
466 2298
1765 2219
1765 1853
2219 1614
1614 52
52 104
104 28
28 347
347 1997
347 1894
1997 2203
2203 932
932 95
95 1651
95 2396
1651 2321
2321 906
2321 432
906 750
906 2329
750 793
750 1514
793 2293
793 1016
2293 1363
1363 2005
1363 1551
2005 595
595 2325
595 785
2325 1758
1758 2052
1758 768
2052 1024
1024 261
1024 760
261 898
898 1008
1008 751
751 2428
2428 462
462 1827
462 554
1827 2083
2083 1673
2083 2367
1673 2351
2351 2108
2108 1744
2108 558
1744 420
1744 1142
420 2216
420 1928
2216 684
2216 1175
684 873
684 405
873 2246
2246 696
2246 808
696 845
696 37
845 283
283 1357
1357 1719
1719 221
221 1826
1826 1432
1432 1062
1062 2363
1062 1464
2363 2263
2363 612
2263 436
436 1786
436 461
1786 988
988 277
277 2030
277 1138
2030 1511
1511 252
1511 818
252 41
41 16
41 1601
16 176
16 411
176 1181
176 2120
1181 402
402 2233
402 2004
2233 1199
2233 13
1199 1472
1199 86
1472 1393
1393 1802
1802 245
1802 794
245 1116
245 2107
1116 1563
1116 695
1563 934
1563 1844
934 453
453 2381
453 232
2381 1849
1849 23
23 2338
23 433
2338 164
164 1273
164 1772
1273 2340
2340 1946
2340 1874
1946 2229
2229 533
2229 1029
533 2025
533 2130
2025 1832
1832 1102
1832 497
1102 1753
1102 2034
1753 341
1753 1739
341 1870
341 1599
1870 543
1870 1677
543 1185
543 1350
1185 1067
1185 1408
1067 565
565 1900
565 2082
1900 1386
1386 1347
1386 1418
1347 2054
1347 1764
2054 2091
2091 2175
2091 1770
2175 783
2175 249
783 673
783 584
673 2421
2421 372
372 1001
372 1264
1001 1936
1936 526
1936 390
526 1737
526 2062
1737 1722
1722 46
46 404
404 1622
1622 1945
1945 1198
1198 734
734 2427
2427 2137
2137 488
2137 1302
488 202
202 1863
1863 1548
1863 825
1548 147
147 680
147 1678
680 518
680 1629
518 1822
1822 697
1822 1798
697 922
697 2276
922 18
18 2181
18 1083
2181 771
2181 1323
771 1068
1068 1808
1808 615
615 2003
2003 1497
2003 686
1497 1898
1497 233
1898 450
450 690
450 1193
690 207
690 1147
207 607
607 78
78 546
546 355
546 1689
355 918
355 1754
918 954
954 1912
1912 1277
1912 2121
1277 473
1277 1531
473 1082
1082 1473
1473 192
192 1930
192 1644
1930 1908
1930 1178
1908 525
1908 419
525 308
525 1681
308 2026
2026 2377
2026 1570
2377 2123
2377 1345
2123 2185
2123 1483
2185 1680
1680 151
1680 2304
151 2259
2259 1797
2259 2404
1797 1026
1026 195
1026 1255
195 103
103 907
103 1701
907 1562
907 577
1562 1851
1562 1061
1851 110
1851 938
110 273
273 1411
273 1340
1411 199
1411 1641
199 2357
2357 2128
2357 1949
2128 1537
1537 1948
1948 1586
1948 140
1586 457
457 1394
457 2232
1394 11
11 849
11 630
849 2010
849 2301
2010 609
609 665
609 1334
665 1057
1057 583
583 369
583 1423
369 1934
369 737
1934 1676
1676 1803
1803 2416
1803 1841
2416 2355
2416 396
2355 406
406 1405
1405 1038
1038 531
531 1358
531 610
1358 7
1358 1759
7 738
738 1899
1899 931
1899 721
931 1846
1846 1081
1081 1291
1291 163
1291 2118
163 752
752 2064
2064 114
114 1086
1086 1615
1615 537
537 923
537 1257
923 2031
2031 256
2031 754
256 618
256 29
618 2157
618 1401
2157 940
940 1475
1475 1791
1475 656
1791 644
1791 1212
644 598
598 1929
598 1884
1929 22
22 843
22 1262
843 829
829 2238
829 804
2238 1812
1812 596
1812 1539
596 2078
596 1623
2078 1879
2078 1664
1879 1500
1500 356
356 718
718 2210
718 1591
2210 2278
2210 1674
2278 2297
2297 2375
2375 1071
2375 767
1071 972
1071 1089
972 791
972 910
791 1399
1399 1642
1642 1388
1388 2413
2413 161
161 1123
161 822
1123 1927
1123 885
1927 36
1927 251
36 1959
36 1221
1959 2322
2322 1800
2322 489
1800 1048
1800 2147
1048 1425
1425 984
1425 434
984 2169
984 1349
2169 1904
1904 691
1904 1244
691 616
616 2242
2242 2138
2242 2248
2138 2311
2138 215
2311 764
2311 1594
764 1317
764 1107
1317 2058
2058 340
2058 567
340 1220
340 111
1220 1831
1220 1099
1831 957
1831 513
957 1992
1992 1050
1992 1368
1050 2068
1050 1315
2068 879
2068 1698
879 135
879 1595
135 643
135 229
643 1767
1767 850
850 2006
2006 1141
2006 1984
1141 1542
1542 1981
1542 1938
1981 1103
1103 788
788 2274
2274 1458
2274 747
1458 357
1458 1892
357 869
357 1101
869 1324
869 1126
1324 2285
1324 620
2285 1034
2285 2373
1034 1443
1443 1354
1354 538
538 1176
1176 129
129 1782
129 167
1782 1275
1275 1712
1712 364
1712 1860
364 216
216 890
216 241
890 2394
2394 519
519 2188
519 1196
2188 1114
2188 333
1114 645
645 835
645 2310
835 1939
1939 777
777 1743
777 1470
1743 1457
1743 128
1457 1742
1457 2159
1742 2073
1742 150
2073 1685
2073 1741
1685 235
1685 1699
235 1543
235 786
1543 976
1543 8
976 2008
976 1736
2008 230
2008 865
230 975
230 2144
975 158
975 1818
158 1166
158 2222
1166 840
1166 2172
840 1505
1505 2059
1505 1723
2059 1886
1886 1066
1886 904
1066 1991
1991 2414
1991 2344
2414 254
254 1582
254 1787
1582 1975
1975 1914
1975 47
1914 1716
1716 657
657 1780
657 1967
1780 703
703 498
703 1944
498 1311
1311 1560
1560 569
1560 2366
569 1973
1973 278
278 154
278 858
154 2094
2094 520
2094 2296
520 652
652 974
974 76
76 2139
76 1410
2139 2336
2336 2042
2042 2115
2042 1895
2115 1541
2115 1666
1541 2001
2001 1687
2001 2374
1687 2129
1687 1790
2129 2358
2358 1845
1845 1366
1366 1133
1366 2280
1133 1416
1133 1271
1416 334
1416 1348
334 681
334 504
681 1
1 1300
1300 1702
1300 1558
1702 81
1702 706
81 1710
1710 1587
1587 1513
1513 810
810 1544
810 1697
1544 1504
1544 1604
1504 587
1504 94
587 279
279 540
279 1195
540 2270
540 659
2270 345
2270 1179
345 953
953 2164
953 837
2164 2040
2164 998
2040 2231
2231 393
2231 682
393 813
813 1355
813 725
1355 1729
1729 1344
1729 1935
1344 2353
2353 1793
1793 1063
1793 1286
1063 1112
1112 126
1112 328
126 956
956 2281
2281 416
416 839
839 1398
1398 2165
2165 1231
2165 2079
1231 1970
1970 1624
1970 459
1624 1711
1624 1635
1711 1039
1039 522
522 1843
1843 741
1843 153
741 802
741 2420
802 145
145 1897
1897 1267
1897 2072
1267 464
464 2116
2116 1855
1855 1306
1855 905
1306 89
89 621
621 156
156 1170
156 392
1170 1134
1170 77
1134 1035
1134 2234
1035 1971
1971 1209
1971 820
1209 1804
1804 894
894 1566
1566 739
1566 1940
739 1319
1319 286
286 1858
1858 514
514 1364
514 1030
1364 1105
1364 1109
1105 1638
1638 670
670 336
670 707
336 2383
2383 625
625 1659
625 1726
1659 1122
1122 25
1122 1834
25 2186
2186 710
2186 160
710 1496
1496 1467
1467 1452
1452 1007
1452 1617
1007 2255
1007 281
2255 619
619 770
619 1788
770 1052
1052 134
1052 1487
134 556
134 605
556 1724
556 833
1724 2099
1724 2155
2099 1799
1799 1646
1799 1325
1646 1696
1696 1835
1696 1756
1835 1419
1835 2131
1419 2060
1419 1088
2060 2109
2109 828
828 1049
828 1549
1049 339
339 1813
1813 412
1813 300
412 1250
412 2160
1250 1730
1730 2415
2415 2287
2287 1980
2287 62
1980 592
592 1943
592 2331
1943 1748
1943 1493
1748 1920
1748 1875
1920 2212
1920 2044
2212 1530
2212 1994
1530 1261
1261 631
1261 149
631 61
61 1375
61 562
1375 237
1375 1392
237 1309
1309 2178
1309 999
2178 272
2178 1058
272 1192
272 1006
1192 1602
1602 1440
1602 1219
1440 555
1440 1816
555 1371
555 1783
1371 2369
1371 1922
2369 2201
2369 1380
2201 582
2201 1468
582 1213
582 1117
1213 640
1213 2364
640 646
646 1864
646 99
1864 1025
1025 1954
1025 589
1954 423
423 2061
2061 1645
2061 1130
1645 602
602 2051
2051 1153
2051 1916
1153 1612
1612 1318
1318 2041
1318 678
2041 1247
1247 68
1247 1889
68 2422
2422 1427
1427 1396
1427 1576
1396 1305
1305 989
1305 484
989 2125
2125 1477
1477 1439
1477 2272
1439 2177
1439 2251
2177 373
2177 687
373 1259
373 1341
1259 2376
2376 127
2376 886
127 2027
127 891
2027 1032
1032 1838
1838 90
90 2306
2306 74
74 516
516 2032
2032 1573
2032 2418
1573 985
985 2063
985 492
2063 375
375 1249
1249 465
465 409
409 2015
2015 1216
1216 130
1216 1096
130 1417
130 759
1417 1150
1417 2388
1150 955
1150 939
955 2081
955 882
2081 1866
1866 990
990 1828
1828 787
1828 435
787 79
79 1545
1545 1820
1545 1714
1820 830
830 1125
1125 1320
1125 1917
1320 414
414 223
223 1152
1152 1252
1252 2182
2182 654
2182 314
654 2202
2202 653
653 418
418 949
418 1806
949 2050
949 212
2050 1784
1784 1574
1574 862
1574 1982
862 1385
1385 260
260 2260
2260 2047
2047 689
2047 1893
689 723
689 491
723 2187
723 815
2187 2398
2187 1330
2398 148
148 2179
148 1384
2179 1937
1937 2168
1937 162
2168 1450
1450 722
1450 1805
722 385
385 732
385 871
732 1343
732 1093
1343 44
44 198
198 2378
2378 966
966 352
352 624
624 1550
624 560
1550 683
1550 378
683 1819
683 1792
1819 2156
1819 1713
2156 823
2156 424
823 512
512 2170
2170 1018
2170 724
1018 298
298 1156
1156 2055
1156 157
2055 1690
1690 475
475 1297
1297 63
1297 70
63 1338
1338 2250
2250 859
859 1232
859 1143
1232 2407
1232 311
2407 490
2407 183
490 203
490 1413
203 1239
1239 1715
1715 1789
1715 346
1789 284
284 597
284 2180
597 893
893 2132
2132 2145
2132 1964
2145 1202
1202 753
753 1546
1546 1446
1546 143
1446 766
766 1201
766 1760
1201 458
1201 2309
458 1534
1534 1859
1859 2065
1859 2208
2065 1154
2065 1649
1154 1284
1284 1862
1284 648
1862 2037
2037 1137
2037 1524
1137 1420
1420 1672
1420 2305
1672 1428
1672 797
1428 1211
1428 510
1211 1404
1211 1461
1404 872
872 2029
872 1091
2029 1618
1618 20
20 2023
2023 1966
2023 2299
1966 113
113 1528
113 1174
1528 1867
1867 1924
1924 826
826 2011
2011 1258
2011 302
1258 834
834 2143
2143 326
2143 204
326 496
326 1861
496 2184
2184 1520
2184 344
1520 803
803 2402
2402 2315
2315 1755
2315 929
1755 575
575 175
575 1260
175 2384
175 187
2384 2192
2192 265
2192 927
265 700
265 1777
700 1552
1552 2119
2119 1094
2119 846
1094 1836
1094 1911
1836 758
1836 209
758 1155
1155 627
1155 2205
627 75
75 1814
75 2194
1814 622
622 1977
1977 868
868 184
184 2235
2235 1414
2235 1447
1414 2253
2253 1327
2253 1682
1327 1610
1610 740
1610 2245
740 994
994 2266
2266 841
841 38
841 1040
38 1100
38 544
1100 1076
1076 1931
1076 1751
1931 1957
1931 705
1957 330
1957 121
330 1955
1955 1621
1955 1203
1621 642
1621 503
642 1718
642 2207
1718 935
935 1015
1015 2183
2183 745
745 2424
745 1480
2424 608
2424 2213
608 1189
608 1246
1189 73
73 388
73 1268
388 2320
388 942
2320 1182
2320 2000
1182 100
1182 1235
100 888
888 1471
1471 1583
1583 1148
1583 590
1148 968
968 895
895 440
440 655
440 1988
655 329
329 430
329 1370
430 1613
430 1839
1613 1190
1613 1584
1190 553
1190 2349
553 65
65 2395
2395 2080
2080 91
91 568
568 617
617 572
572 2400
572 463
2400 455
2400 1986
455 318
455 85
318 1694
318 499
1694 1508
1508 1774
1508 1527
1774 574
1774 196
574 2337
2337 662
2337 1288
662 650
662 853
650 672
650 2110
672 2380
672 2141
2380 444
444 1947
1947 426
1947 733
426 1033
1033 1600
1033 1454
1600 206
206 901
901 2140
901 863
2140 319
2140 1626
319 524
524 1522
524 792
1522 219
1522 1389
219 1720
219 731
1720 1441
1720 541
1441 1092
1441 2410
1092 1372
1372 31
31 1019
1019 2098
2098 977
2098 2105
977 178
977 362
178 1794
1794 295
1794 1901
295 535
535 789
789 2302
789 1692
2302 1144
2302 1833
1144 563
563 2151
563 24
2151 1486
1486 2411
2411 529
529 588
529 64
588 1745
1745 408
1745 1747
408 1738
408 480
1738 1090
1738 1658
1090 282
1090 701
282 755
282 2021
755 1078
755 1335
1078 227
227 365
365 2307
2307 1669
1669 190
1669 1665
190 1171
1171 1717
1171 482
1717 2221
1717 2240
2221 1106
1106 441
441 155
155 243
155 122
243 1648
1648 1002
1002 1013
1013 1510
1510 469
1510 493
469 1045
1045 211
211 1444
1444 2048
2048 50
50 1619
50 2324
1619 383
383 2365
2365 1390
1390 58
1390 401
58 479
58 1529
479 1771
1771 1075
1771 1060
1075 952
952 350
952 231
350 1956
350 2070
1956 1620
1620 1294
1294 1915
1294 1481
1915 2149
1915 914
2149 98
98 1740
98 2244
1740 1282
1740 1168
1282 332
1282 965
332 1565
332 1564
1565 1581
1565 961
1581 774
774 857
857 1222
1222 875
875 1823
875 1888
1823 351
1823 1139
351 2127
351 876
2127 800
2127 1762
800 1603
1603 692
692 2333
2333 2022
2022 860
860 2292
860 506
2292 1521
2292 495
1521 259
1521 756
259 2089
2089 1919
2089 1572
1919 268
268 1829
1829 471
1829 1913
471 2271
471 71
2271 2241
2271 189
2241 2326
2241 1161
2326 805
2326 2035
805 1817
1817 2314
2314 1890
1890 1160
1160 313
313 224
313 606
224 1205
224 119
1205 1796
1796 761
761 317
761 448
317 439
439 2146
2146 1775
1775 2339
1775 997
2339 2417
2417 2126
2126 451
2126 649
451 762
762 2347
762 2133
2347 1108
2347 1391
1108 2284
1108 658
2284 647
2284 693
647 324
324 634
634 1412
1412 2112
1412 2154
2112 1910
1910 812
812 172
172 1509
1509 986
986 1996
986 856
1996 1426
1426 842
1426 485
842 59
59 545
545 943
943 1873
1873 2406
2406 1554
1554 735
1554 1336
735 1382
735 1750
1382 527
527 2385
527 1140
2385 106
2385 604
106 987
987 1842
987 2174
1842 2346
2346 269
269 1228
1228 933
1228 959
933 116
933 316
116 2101
116 2199
2101 486
2101 1488
486 315
315 421
421 715
715 811
715 726
811 638
638 1085
1085 1466
1085 2393
1466 1407
1466 973
1407 1942
1407 389
1942 1693
1693 2412
1693 1433
2412 677
2412 275
677 742
742 1406
1406 2043
2043 1921
2043 1158
1921 663
663 394
394 1095
394 719
1095 2211
2211 1663
2211 454
1663 1056
1663 141
1056 267
1056 1958
267 599
267 799
599 981
599 1627
981 887
981 290
887 727
727 1003
727 1005
1003 539
539 2134
2134 557
557 1021
1021 698
1021 2117
698 42
42 1059
42 1474
1059 266
1059 2341
266 912
912 4
4 1276
4 1303
1276 704
1276 291
704 1135
704 2053
1135 916
1135 1080
916 1459
916 978
1459 651
1459 274
651 1146
651 2124
1146 131
131 1577
131 1310
1577 2256
1577 1961
2256 413
2256 2017
413 2215
413 1768
2215 795
2215 1766
795 1538
795 947
1538 870
870 1298
870 1850
1298 398
1298 349
398 2220
398 222
2220 1647
1647 1704
1704 1289
1704 1465
1289 1821
1821 437
437 96
96 1064
1064 1047
1064 191
1047 2093
1047 2294
2093 530
2093 2161
530 2007
2007 2096
2096 708
708 1321
708 946
1321 477
477 1776
1776 303
303 177
303 666
177 967
177 1852
967 641
967 664
641 1868
1868 867
1868 105
867 1165
1165 576
1165 33
576 1605
576 573
1605 1187
1187 1359
1359 1253
1253 442
442 1588
442 1027
1588 1830
1830 285
285 1670
285 757
1670 445
445 2226
445 1485
2226 2257
2226 1292
2257 460
2257 772
460 1824
1824 1725
1725 1953
1725 1896
1953 137
137 54
54 1611
1611 258
1611 21
258 515
258 1950
515 2391
2391 748
2391 320
748 819
748 1810
819 2198
2198 1632
2198 2206
1632 2074
2074 1131
1131 1561
1131 2197
1561 623
623 399
623 87
399 288
399 1556
288 1279
1279 1356
1279 133
1356 2261
2261 287
287 1679
287 443
1679 1214
1679 1248
1214 9
9 549
9 2308
549 1229
549 844
1229 1438
1438 2269
1438 881
2269 205
2269 1251
205 958
205 1763
958 2045
958 1734
2045 10
2045 1778
10 181
10 2283
181 917
181 1974
917 1811
917 1431
1811 168
1811 1525
168 1965
1965 1609
1965 2106
1609 354
1609 1657
354 1145
354 1941
1145 970
1145 1009
970 801
801 1172
1172 69
1172 883
69 2095
2095 1226
2095 1073
1226 180
180 1637
1637 115
1637 118
115 456
456 1883
456 679
1883 716
1883 2419
716 854
716 784
854 250
250 1856
250 877
1856 1848
1848 1237
1237 366
366 125
366 1204
125 1887
1887 2371
1887 280
2371 342
342 403
342 532
403 1979
403 123
1979 182
182 1118
1118 88
88 909
88 1482
909 1215
1215 1592
1592 1070
1592 1807
1070 2350
1070 2020
2350 1113
1113 397
397 1923
1923 730
730 307
307 1926
1926 1449
1926 51
1449 2382
1449 2330
2382 1097
2382 824
1097 594
594 1437
594 55
1437 2088
1437 1374
2088 1269
2088 1801
1269 851
1269 449
851 257
257 2334
2334 1180
2334 1301
1180 2014
2014 452
2014 2267
452 255
452 633
255 447
447 2370
2370 1675
1675 2224
1675 2049
2224 478
2224 14
478 1353
1353 1640
1640 1983
1640 1278
1983 2390
1983 1225
2390 880
880 214
880 969
214 1709
1709 1012
1709 508
1012 1655
1012 1036
1655 1127
1655 2012
1127 714
714 1721
1721 1596
1721 1825
1596 1553
1596 2152
1553 2282
2282 2426
2282 1362
2426 1333
1333 431
431 358
431 2090
358 626
626 570
570 2069
570 548
2069 1121
2069 1424
1121 1633
1633 138
1633 270
138 2290
138 1314
2290 1727
2290 415
1727 1491
1491 2013
1491 1925
2013 1397
1397 146
146 816
146 1351
816 377
816 2425
377 474
474 1703
474 1339
1703 1256
1256 2273
2273 109
109 1455
109 1960
1455 1240
1455 1691
1240 1749
1240 2158
1749 234
234 1871
1871 1569
1871 1837
1569 312
1569 1877
312 2214
312 367
2214 902
2214 1501
902 39
39 2291
39 832
2291 1706
1706 1119
1706 101
1119 1662
1119 2264
1662 507
1662 1367
507 2343
507 2275
2343 1968
2343 1590
1968 1053
1968 53
1053 1378
1053 1847
1378 120
1378 1840
120 926
926 2387
2387 239
2387 325
239 1683
239 536
1683 782
1683 1245
782 1608
782 1809
1608 1700
1608 2327
1700 1098
1700 376
1098 711
711 564
711 1409
564 776
776 2113
2113 1869
1869 1695
1869 30
1695 2046
1695 102
2046 374
2046 1969
374 246
374 1993
246 763
246 348
763 387
387 586
586 1077
586 1630
1077 193
1077 139
193 310
193 208
310 1985
1985 1987
1987 523
1987 57
523 806
806 2348
2348 1567
1567 717
1567 1963
717 1084
1084 566
566 1046
1046 889
1046 580
889 32
889 2190
32 186
186 769
769 379
379 1903
1903 1880
1880 814
1880 743
814 1705
1705 2200
2200 1210
1210 971
971 1769
971 2401
1769 381
381 1854
381 391
1854 1087
1854 1436
1087 45
45 1469
45 964
1469 165
1469 2236
165 1606
1606 1313
1313 1906
1313 601
1906 855
1906 1263
855 1270
855 1909
1270 951
1270 395
951 1285
1285 1517
1517 1307
1517 1519
1307 1316
1316 983
1316 1998
983 1041
1041 2423
1041 1575
2423 1857
2423 2300
1857 661
661 674
674 982
982 790
790 429
429 1905
1905 1479
1479 1132
1132 676
676 1578
676 632
1578 2135
2135 27
2135 1503
27 2429
2429 866
2429 1337
866 2227
866 2361
2227 200
200 2092
200 2204
2092 35
2092 897
35 2303
35 1042
2303 749
2303 827
749 483
749 253
483 144
483 629
144 470
470 699
699 1547
699 1571
1547 1435
1435 1421
1435 2087
1421 728
1421 838
728 2039
728 1233
2039 2237
2039 2189
2237 1639
1639 864
864 1746
1746 1559
1746 201
1559 248
248 744
248 1902
744 2150
2150 1054
1054 2379
1054 1293
2379 578
2379 671
578 1512
578 1580
1512 124
124 2084
124 264
2084 97
97 2399
97 49
2399 247
247 579
579 382
579 1266
382 323
323 83
83 919
83 1536
919 1535
1535 2279
2279 2163
2163 2016
2163 1882
2016 1661
2016 817
1661 2323
2323 1242
2323 1377
1242 1402
1402 930
930 1188
1188 2252
1188 675
2252 2057
2252 19
2057 521
2057 779
521 611
611 1463
611 2356
1463 359
359 2409
359 1451
2409 559
2409 1555
559 276
559 1460
276 1331
276 1962
1331 778
1331 1990
778 746
746 821
746 40
821 1506
1506 472
1506 2295
472 1607
472 1952
1607 2386
2386 1283
2386 2247
1283 915
915 1329
1329 1933
1329 1671
1933 2167
2167 2319
2167 948
2319 1110
2319 2024
1110 1707
1707 1653
1653 1652
1652 2354
1652 428
2354 117
2354 1779
117 360
117 34
360 188
360 1055
188 1369
1369 93
1369 1197
93 1515
1515 1728
1515 80
1728 1074
1074 1037
1037 669
1037 571
669 1490
669 1124
1490 1373
1373 1878
1373 1492
1878 995
995 980
980 992
980 1360
992 1162
1162 1448
1162 1516
1448 171
1448 2067
171 159
159 1628
159 292
1628 1507
1507 238
1507 1332
238 1151
238 299
1151 550
550 2193
550 1634
2193 1051
2193 289
1051 2142
1051 1299
2142 136
2142 173
136 1136
1136 2268
2268 1104
1104 2076
1104 925
2076 226
226 591
226 422
591 1650
591 2318
1650 371
371 1499
1499 338
1499 709
338 1989
338 713
1989 878
1989 2345
878 384
384 1781
1781 1022
1781 2277
1022 322
322 1429
322 228
1429 2077
2077 899
2077 26
899 1217
899 262
1217 2313
2313 2111
2111 152
2111 2103
152 2239
152 1326
2239 380
380 17
380 337
17 534
17 1489
534 1173
534 798
1173 363
1173 1159
363 410
363 1422
410 2223
410 43
2223 108
108 2352
2352 1872
1872 3
1872 2288
3 220
220 635
635 263
263 2018
2018 950
950 2171
2171 896
896 1218
1218 92
1218 194
92 1031
1031 305
1031 1526
305 509
305 1223
509 1918
509 1342
1918 636
1918 551
636 1111
1111 1568
1111 1295
1568 2430
2430 1654
