2 2728 392769
1 2
1641 1914
1641 2681
1914 1250
1914 2586
1250 2281
1250 359
2281 928
928 2285
2285 2399
2285 997
2399 1227
1227 1393
1227 2223
1393 2349
1393 1376
2349 2659
2349 1943
2659 2379
2379 1612
2379 1128
1612 1657
1657 1118
1118 2112
2112 2720
2720 1204
1204 1064
1064 1816
1816 1731
1731 2149
2149 1043
2149 1323
1043 772
1043 587
772 1349
1349 2095
2095 2427
2427 841
2427 1586
841 1390
841 1506
1390 1113
1113 1830
1113 2286
1830 458
458 1019
1019 801
801 2512
2512 747
2512 2343
747 571
747 833
571 2025
2025 2366
2025 2040
2366 1517
1517 2702
2702 2452
2452 1503
1503 1494
1503 1585
1494 349
349 2171
2171 793
2171 2464
793 402
793 115
402 524
402 638
524 1152
1152 1614
1152 2108
1614 1905
1905 327
1905 660
327 1899
1899 377
377 823
377 1078
823 1184
1184 2479
1184 1316
2479 1061
1061 2654
1061 394
2654 479
2654 7
479 2721
2721 1795
2721 1216
1795 1222
1222 2554
1222 809
2554 1917
1917 1023
1023 647
647 2401
2401 2480
2401 1576
2480 69
69 1655
1655 911
911 2646
911 332
2646 2142
2646 2319
2142 2273
2273 1733
1733 1523
1523 2089
1523 1971
2089 1448
1448 789
1448 779
789 611
611 1102
1102 357
1102 2347
357 2268
2268 1146
2268 2507
1146 2216
2216 92
2216 608
92 443
92 1667
443 448
448 2677
2677 936
2677 1718
936 691
936 1178
691 1074
1074 1511
1511 2395
1511 652
2395 771
771 2213
2213 42
42 384
42 1738
384 1658
384 2605
1658 1805
1658 806
1805 2182
2182 931
931 2044
931 1640
2044 972
972 2083
972 250
2083 2531
2083 1357
2531 1387
1387 2360
2360 2288
2360 224
2288 2699
2699 1723
1723 1147
1147 436
436 1938
1938 2457
2457 1115
1115 1778
1778 1659
1659 1759
1759 279
1759 1740
279 1362
279 1907
1362 222
222 1249
222 781
1249 82
82 2684
2684 2407
2407 773
2407 1238
773 582
773 29
582 2444
2444 581
2444 109
581 481
581 515
481 2249
481 2120
2249 2558
2558 1052
1052 1707
1707 2163
2163 1402
2163 1607
1402 986
1402 1347
986 2637
986 1946
2637 2131
2637 1405
2131 71
71 797
71 2100
797 333
333 275
275 1833
275 2711
1833 603
603 1413
603 133
1413 124
124 2453
124 2389
2453 759
2453 882
759 2034
759 532
2034 321
2034 2309
321 1159
1159 1675
1675 976
1675 59
976 2263
976 1599
2263 1466
2263 703
1466 1827
1466 573
1827 2334
1827 858
2334 1772
1772 216
1772 570
216 2579
2579 695
695 624
624 816
816 1193
1193 1283
1283 2106
2106 2573
2573 1545
1545 2194
1545 1543
2194 2406
2406 1600
2406 1786
1600 2193
1600 2049
2193 1004
1004 877
877 1344
877 1401
1344 1463
1344 1468
1463 1799
1799 182
182 2287
2287 51
51 939
51 605
939 1029
939 787
1029 1876
1029 177
1876 264
264 1324
264 299
1324 1182
1182 1069
1182 46
1069 1985
1069 616
1985 296
1985 1776
296 1855
1855 2037
2037 1831
1831 1714
1714 1378
1714 335
1378 552
1378 286
552 1336
1336 2672
2672 1557
1557 2420
2420 1972
1972 37
37 620
620 1887
1887 382
1887 198
382 987
382 1510
987 1223
987 1095
1223 2473
2473 2245
2245 2594
2245 1116
2594 1277
1277 860
1277 1273
860 1518
1518 1589
1589 1129
1589 22
1129 884
884 274
884 2295
274 820
820 777
777 879
879 343
343 2357
343 1630
2357 2000
2000 1590
2000 1829
1590 853
1590 585
853 2385
2385 44
44 843
843 1724
843 406
1724 2645
1724 1650
2645 385
2645 1539
385 2217
2217 230
230 679
679 1968
1968 846
846 1966
1966 1900
1900 641
641 2606
641 947
2606 906
906 1569
1569 507
507 2160
507 2462
2160 654
2160 1205
654 1932
1932 410
410 629
410 1263
629 352
352 2170
2170 2103
2170 1950
2103 604
604 2451
2451 74
2451 978
74 1176
74 653
1176 591
591 1206
1206 1573
1573 2650
1573 680
2650 676
676 308
676 536
308 828
828 1148
1148 2206
1148 525
2206 1769
1769 2064
2064 1247
1247 1137
1247 26
1137 240
1137 2532
240 1337
1337 739
739 2587
2587 503
2587 2381
503 188
503 2030
188 2595
2595 1215
2595 1320
1215 951
1215 873
951 350
951 1094
350 2715
350 2278
2715 1530
2715 1350
1530 403
403 1802
403 237
1802 55
55 755
55 1850
755 2290
755 1034
2290 2300
2300 1282
1282 1097
1282 2437
1097 1101
1101 102
1101 2489
102 372
372 548
372 1993
548 568
548 2154
568 1276
1276 1426
1426 132
1426 1604
132 687
132 467
687 1848
1848 561
561 1919
561 946
1919 2383
2383 2567
2567 2262
2262 337
2262 2544
337 592
592 2192
2192 672
672 241
672 2708
241 1584
241 1446
1584 550
550 1153
1153 2322
1153 1027
2322 650
650 893
650 1737
893 2210
893 2126
2210 123
2210 267
123 857
857 1999
1999 1824
1824 1808
1824 1500
1808 658
1808 1429
658 61
658 25
61 2611
2611 2279
2279 1459
2279 1271
1459 1546
1546 2374
1546 1756
2374 1672
2374 2143
1672 1897
1897 1414
1414 365
1414 990
365 2552
2552 2513
2513 1358
1358 1765
1358 512
1765 2259
2259 1076
2259 1167
1076 1509
1509 113
1509 1695
113 2276
2276 902
902 1768
902 1780
1768 1859
1768 200
1859 1081
1859 2572
1081 2417
1081 602
2417 52
52 1987
52 662
1987 2355
2355 1747
1747 1311
1311 1114
1114 871
871 540
540 1929
1929 293
293 72
293 1560
72 1867
1867 27
1867 1846
27 1556
1556 2061
1556 68
2061 1626
2061 1060
1626 2618
1626 2565
2618 435
2618 511
435 1301
435 764
1301 487
1301 411
487 1544
1544 837
1544 1879
837 1421
1421 76
76 1660
1660 2386
2386 1501
1501 1087
1087 901
901 1644
901 1974
1644 1460
1460 1005
1005 2471
2471 2274
2274 2503
2503 1783
2503 2592
1783 2433
1783 262
2433 2430
2433 207
2430 2105
2105 1404
2105 1369
1404 2039
2039 1211
2039 1150
1211 2689
1211 1951
2689 142
2689 2222
142 1348
142 925
1348 2266
2266 17
17 1490
1490 1039
1490 2342
1039 1549
1039 1266
1549 1368
1368 1142
1368 478
1142 544
544 2522
544 2361
2522 2424
2522 2486
2424 2169
2169 476
476 1170
1170 1937
1170 1980
1937 783
783 528
783 346
528 613
528 2438
613 428
428 253
253 94
253 1578
94 2498
2498 1520
1520 2185
1520 1160
2185 2111
2111 1083
2111 2440
1083 1763
1083 24
1763 635
1763 101
635 2460
2460 1470
2460 212
1470 1012
1470 839
1012 2682
2682 1884
2682 825
1884 1274
1884 1109
1274 6
1274 138
6 885
885 1190
885 2701
1190 2380
2380 2090
2090 1680
1680 2657
1680 1682
2657 1246
1246 83
1246 1975
83 812
812 2118
2118 57
57 1826
1826 977
977 314
977 1473
314 2709
2709 685
685 1275
1275 1597
1597 1375
1597 2348
1375 1396
1375 2107
1396 1221
1221 2529
1221 2454
2529 2561
2561 431
2561 531
431 1706
1706 1869
1869 2669
2669 617
2669 1791
617 2299
617 151
2299 2140
2299 1670
2140 1441
2140 506
1441 2275
2275 1144
2275 822
1144 636
1144 364
636 1099
1099 711
711 2476
2476 1921
2476 181
1921 462
462 2141
462 1903
2141 2180
2180 2617
2617 2575
2575 285
285 1230
285 2113
1230 1392
1392 1736
1736 417
1736 2197
417 1665
1665 2578
1665 150
2578 1199
2578 1370
1199 2304
2304 1839
1839 1365
1365 1469
1365 1564
1469 966
1469 1105
966 1507
966 1588
1507 1997
1507 692
1997 2455
2455 651
2455 1484
651 2661
2661 140
140 2550
2550 1779
2550 1761
1779 2265
2265 1307
2265 1367
1307 1108
1307 1720
1108 959
959 291
959 802
291 1624
291 862
1624 949
1624 1561
949 868
868 1171
1171 2252
1171 1180
2252 725
2252 1744
725 706
725 14
706 2027
706 1186
2027 1372
2027 1479
1372 1694
1694 2024
1694 2338
2024 195
195 2599
195 689
2599 105
105 148
105 2264
148 480
148 630
480 1326
1326 313
313 1318
313 468
1318 1106
1318 576
1106 1531
1531 1613
1531 1753
1613 2147
2147 28
2147 908
28 1328
28 1976
1328 745
1328 338
745 778
745 1878
778 1471
1471 2404
2404 844
2404 953
844 2351
2351 1243
2351 2426
1243 211
1243 2199
211 628
628 712
712 1716
712 1112
1716 2116
2116 1335
2116 2601
1335 646
1335 2490
646 1852
1852 1242
1242 657
1242 2202
657 1278
657 1836
1278 2099
1278 1175
2099 58
2099 1409
58 894
58 2135
894 2679
894 775
2679 661
661 1580
1580 261
1580 2508
261 2022
261 393
2022 1782
1782 2474
2474 486
2474 1302
486 1991
1991 135
135 883
883 639
883 2481
639 457
457 232
232 2384
2384 2621
2384 63
2621 1722
1722 2028
2028 2308
2308 383
2308 268
383 2539
383 1398
2539 87
2539 800
87 1858
87 1090
1858 590
590 2377
590 2581
2377 1179
1179 2124
2124 2609
2124 226
2609 543
543 675
543 743
675 369
675 1988
369 10
369 1628
10 2237
2237 2248
2248 2125
2248 1514
2125 473
2125 491
473 225
225 2667
2667 1303
1303 2388
1303 1200
2388 1635
2388 36
1635 1444
1635 1790
1444 964
964 147
147 141
141 835
141 1300
835 104
835 1752
104 167
104 610
167 2128
167 2019
2128 2574
2128 1477
2574 209
2574 916
209 1806
1806 1606
1606 575
1606 2317
575 2588
2588 1383
1383 895
1383 1192
895 1835
895 1451
1835 1425
1425 580
580 2271
580 589
2271 1711
1711 1355
1355 1003
1003 413
1003 2339
413 2144
2144 993
2144 1354
993 2448
993 363
2448 595
2448 1424
595 937
937 919
937 1751
919 1093
919 2012
1093 412
412 1449
412 1645
1449 2484
2484 2497
2484 400
2497 45
2497 1386
45 2310
2310 1785
2310 1823
1785 1201
1785 1117
1201 1562
1201 2638
1562 2566
2566 1291
1291 186
186 988
988 971
988 1187
971 2628
2628 1918
1918 1319
1918 2610
1319 796
796 840
796 2335
840 989
989 821
821 815
815 1191
1191 1086
1086 32
32 1225
1225 555
1225 390
555 419
555 1959
419 1927
1927 955
1927 621
955 876
955 1860
876 3
3 1699
1699 664
664 2283
2283 139
2283 471
139 2068
139 2337
2068 598
2068 1574
598 270
270 1259
270 1008
1259 785
1259 769
785 238
785 671
238 2505
238 119
2505 2009
2009 863
2009 2311
863 23
863 684
23 1902
23 2162
1902 786
786 2
786 348
2 2367
2367 1702
1702 2630
2630 1314
2630 1941
1314 2344
2344 1481
2344 2079
1481 2021
2021 918
2021 934
918 1652
1652 2603
1652 310
2603 2712
2603 1674
2712 1272
1272 114
1272 523
114 1120
114 2570
1120 2236
1120 1007
2236 1464
1464 1072
1072 2293
1072 2649
2293 192
2293 2136
192 1734
192 2580
1734 340
340 533
533 1353
1353 926
1353 1130
926 824
926 465
824 159
159 1512
1512 1131
1131 1801
1801 1462
1801 1764
1462 315
1462 760
315 2150
315 1395
2150 2613
2150 2212
2613 236
2613 1475
236 642
642 248
642 1774
248 933
248 2053
933 339
933 1189
339 1592
339 294
1592 1982
1982 1633
1633 1166
1166 49
1166 872
49 1286
49 1882
1286 1360
1286 2200
1360 2517
1360 2687
2517 440
2517 2069
440 251
440 578
251 701
701 1794
1794 2428
1794 2260
2428 681
2428 1963
681 945
945 2172
945 2696
2172 2122
2122 913
913 623
913 2138
623 324
623 2494
324 106
324 161
106 2316
2316 1708
2316 944
1708 961
1708 791
961 62
62 1583
62 2187
1583 2434
1583 2002
2434 1295
1295 459
459 2584
459 1420
2584 1364
2584 818
1364 2636
2636 1678
1678 1028
1678 1582
1028 1400
1028 1898
1400 2161
2161 164
2161 1961
164 2041
2041 2257
2257 1011
2257 1408
1011 740
1011 2564
740 2086
2086 1431
1431 814
814 439
814 1548
439 2188
439 1853
2188 866
2188 2619
866 1073
866 1712
1073 218
218 1992
218 1379
1992 1082
1992 724
1082 1474
1082 848
1474 1374
1374 1472
1472 1433
1472 2597
1433 171
171 962
962 1194
962 389
1194 380
380 2013
380 1162
2013 1267
2013 1098
1267 817
1267 2626
817 442
442 2396
2396 54
2396 1575
54 864
864 767
864 2665
767 422
767 1915
422 485
422 948
485 1537
485 331
1537 1960
1537 1124
1960 541
541 1931
1931 2644
2644 2246
2246 1032
2246 281
1032 447
447 584
584 144
144 1602
1602 1261
1261 111
1261 1567
111 2035
111 1822
2035 2416
2035 2247
2416 2151
2151 1873
2151 1338
1873 354
1873 2218
354 2165
354 466
2165 134
134 1616
1616 2063
1616 2632
2063 80
80 1854
80 847
1854 1935
1935 2719
1935 721
2719 731
731 1391
1391 2166
1391 1145
2166 461
461 1875
1875 8
1875 2723
8 1629
8 424
1629 2258
2258 1928
2258 1721
1928 2369
1928 1306
2369 1532
1532 1092
1092 1649
1092 1136
1649 1758
1758 2491
2491 2615
2491 2553
2615 1042
1042 553
553 2267
2267 756
2267 2098
756 9
756 2321
9 272
272 499
272 126
499 1040
499 2076
1040 1679
1679 2084
2084 1815
1815 1044
1815 1605
1044 322
322 1757
1757 556
556 1845
1845 1677
1677 1818
1818 705
1818 1149
705 131
705 1704
131 2563
2563 1601
2563 2323
1601 277
1601 702
277 2435
277 2547
2435 2468
2468 1571
2468 1016
1571 558
558 2164
2164 70
70 1773
1773 1428
1773 437
1428 2400
2400 1933
2400 1746
1933 736
736 130
736 1656
130 1140
130 2690
1140 1837
1837 2414
1837 67
2414 1084
2414 1478
1084 2442
1084 1698
2442 1901
2442 920
1901 392
1901 2256
392 1280
392 2372
1280 235
1280 415
235 1103
235 1482
1103 1285
1285 910
910 1437
1437 1541
1541 1296
1296 1359
1359 922
922 460
922 370
460 733
733 1292
733 2139
1292 2675
2675 2520
2675 2620
2520 2467
2467 2242
2467 2516
2242 155
2242 2533
155 1270
155 1397
1270 1834
1270 1235
1834 2582
1834 449
2582 700
700 319
319 1333
1333 1610
1610 1593
1593 1749
1593 2179
1749 247
1749 77
247 173
247 1062
173 11
11 1499
1499 484
1499 1165
484 1885
1885 2560
1885 1079
2560 2413
2413 2123
2413 1687
2123 2127
2127 1443
1443 1183
1443 723
1183 1525
1183 2631
1525 1775
1525 985
1775 2392
2392 1766
1766 719
719 2137
2137 2057
2057 634
2057 2612
634 734
734 120
120 1777
120 886
1777 453
1777 1022
453 1208
453 1639
1208 1940
1940 438
438 1690
438 2298
1690 1996
1690 2072
1996 2026
2026 1527
2026 172
1527 1126
1527 60
1126 1020
1126 427
1020 1637
1637 827
827 2029
827 295
2029 1621
1621 2538
1621 2625
2538 1881
2538 855
1881 640
640 454
454 1214
454 318
1214 569
1214 2477
569 1489
1489 1550
1550 2318
1550 2325
2318 239
239 991
991 1342
991 2096
1342 2365
1342 1317
2365 1989
2365 1168
1989 1619
1619 1157
1619 379
1157 1849
1157 56
1849 128
128 2419
2419 859
859 2230
859 808
2230 391
391 2291
391 215
2291 1177
1177 2043
2043 2326
2043 2693
2326 228
228 2177
228 2683
2177 2078
2078 170
170 88
88 1909
1909 2466
1909 2362
2466 710
710 47
47 656
47 1762
656 388
656 2478
388 2543
388 714
2543 136
136 1551
136 867
1551 1077
1077 1327
1077 2627
1327 663
663 2294
2294 15
15 1197
15 1627
1197 194
1197 1552
194 1240
1240 2666
2666 21
21 1331
1331 535
535 1195
535 429
1195 30
1195 1139
30 2676
30 355
2676 981
2676 1969
981 633
981 1949
633 1141
1141 1161
1161 307
307 1832
1832 297
297 1844
297 2598
1844 2410
2410 1565
1565 1553
1565 2499
1553 1669
1553 2251
1669 2651
1669 2559
2651 1467
2651 567
1467 1521
1521 1984
1521 2093
1984 495
495 965
965 1994
965 753
1994 90
1994 669
90 65
65 48
48 826
826 1741
1741 1555
1555 2023
1555 509
2023 698
698 732
698 1041
732 347
347 1059
347 519
1059 1502
1059 2055
1502 245
245 367
245 784
367 283
367 33
283 546
283 688
546 763
546 175
763 2303
2303 2238
2238 614
614 336
336 2067
2067 2643
2643 360
2643 2117
360 455
455 1981
1981 875
1981 153
875 2091
875 2352
2091 1673
2091 366
1673 2320
2320 99
99 362
99 637
362 246
362 757
246 529
246 1654
529 2390
2390 1198
2390 1519
1198 38
38 1380
1380 2577
2577 434
434 2530
2530 2429
2530 1339
2429 1119
1119 1725
1119 213
1725 2422
2422 2562
2562 909
909 156
156 2431
156 2569
2431 1781
1781 2519
2519 2596
2519 1819
2596 2152
2596 758
2152 1948
2152 1056
1948 2340
2340 2167
2340 1787
2167 1455
1455 2393
1455 1229
2393 720
720 983
983 935
935 1058
935 517
1058 850
850 217
850 2692
217 210
210 1825
210 1863
1825 445
1825 560
445 191
445 421
191 1809
1809 371
1809 549
371 1770
371 1888
1770 1248
1770 722
1248 423
423 2716
2716 984
984 896
984 754
896 242
896 187
242 2698
2698 1797
1797 1719
1719 697
1719 2208
697 1965
1965 40
40 2121
2121 300
300 1591
300 219
1591 2042
2042 892
2042 1923
892 1622
1622 1048
1048 2302
1048 1596
2302 677
677 874
677 160
874 1173
1173 562
1173 1465
562 904
562 2336
904 708
904 2492
708 265
265 1293
1293 1299
1299 1121
1299 554
1121 2301
2301 1156
2301 405
1156 941
1156 2515
941 1202
941 974
1202 870
1202 2220
870 474
870 1104
474 1559
1559 303
1559 1135
303 1384
303 278
1384 1284
1284 1268
1284 1288
1268 2114
1268 472
2114 463
2114 811
463 329
463 1554
329 1450
1450 644
644 938
644 1006
938 2307
2307 2436
2307 1603
2436 2332
2436 2130
2332 958
2332 1253
958 1018
1018 304
304 889
304 1870
889 1239
889 1258
1239 1710
1239 599
1710 2545
1710 2196
2545 1563
2545 2234
1563 2501
2501 16
2501 1432
16 1315
1315 185
1315 1513
185 489
489 1843
1843 2346
1843 73
2346 1415
2346 351
1415 887
1415 20
887 2327
887 2175
2327 91
2327 1598
91 2146
2146 2272
2272 2129
2129 2695
2129 2014
2695 1874
1874 2159
2159 108
108 2421
108 2523
2421 433
2421 750
433 878
878 1100
878 563
1100 890
890 992
992 425
425 952
952 2604
2604 1363
2604 5
1363 807
807 2011
2011 1122
1122 1262
1122 805
1262 2576
2576 2191
2191 1701
1701 2718
1701 2157
2718 881
881 2261
881 2350
2261 233
2261 834
233 2231
233 477
2231 1210
2231 2488
1210 668
1210 1096
668 2662
668 716
2662 2504
2504 1013
1013 2104
1013 176
2104 794
2104 1066
794 2048
2048 1329
2048 804
1329 2204
2204 2443
2204 2328
2443 96
2443 856
96 2546
2546 1232
2546 2535
1232 2482
1232 530
2482 2418
2482 1226
2418 1681
2418 1422
1681 1683
1681 1224
1683 2080
1683 1871
2080 79
2080 891
79 2006
2006 761
761 441
761 1068
441 223
223 1026
223 1031
1026 979
1026 782
979 1050
979 2685
1050 526
526 1615
1615 673
673 1632
1632 1861
1632 2224
1861 342
342 2371
2371 1566
1566 2616
1566 2463
2616 1956
2616 227
1956 2359
1956 1220
2359 1447
2359 1485
1447 954
1447 252
954 1638
954 1812
1638 1648
1638 574
1648 75
1648 1000
75 50
50 1309
50 258
1309 1865
1865 353
353 2445
353 2109
2445 666
2445 414
666 799
799 397
799 1209
397 1925
1925 2282
2282 2045
2282 287
2045 1419
2045 1750
1419 588
588 2397
588 923
2397 1037
2397 1505
1037 2648
2648 1705
2648 2205
1705 2054
1705 1973
2054 1964
2054 1528
1964 1185
1185 2153
2153 168
168 2094
168 1181
2094 1381
2094 2447
1381 420
420 1445
420 2005
1445 2700
1445 305
2700 2697
2697 2608
2697 2691
2608 2145
2145 2458
2145 2370
2458 2073
2458 752
2073 2655
2655 518
2655 2391
518 2289
2289 643
2289 2239
643 2402
2402 1038
2402 973
1038 1207
1038 1483
1207 1057
1207 143
1057 2253
1057 2607
2253 401
401 1389
401 831
1389 897
1389 1793
897 912
897 727
912 97
912 1847
97 2065
2065 2714
2065 1952
2714 914
2714 1568
914 2051
914 201
2051 1636
2051 189
1636 2506
2506 387
2506 2155
387 2071
387 1498
2071 1330
1330 199
1330 2398
199 915
199 290
915 1308
915 1814
1308 2432
2432 579
2432 2590
579 737
737 504
737 795
504 1894
504 1155
1894 2001
2001 2056
2001 2134
2056 1014
1014 2556
2556 137
137 1251
1251 206
1251 2475
206 956
206 2408
956 713
713 1942
1942 1033
1942 2678
1033 273
1033 1866
273 1030
273 619
1030 86
1030 1995
86 2227
86 900
2227 2373
2373 1745
2373 1558
1745 1717
1717 2509
1717 849
2509 2652
2652 998
998 179
179 1840
1840 1804
1804 564
564 1410
564 2015
1410 1203
1203 2020
1203 2074
2020 1962
2020 1406
1962 2292
1962 1726
2292 39
2292 2059
39 2060
39 865
2060 1047
2060 2470
1047 2233
2233 2270
2233 2704
2270 1063
2270 1631
1063 1488
1063 2331
1488 1755
1755 1361
1361 358
1361 475
358 43
43 100
43 1290
100 1625
1625 2186
1625 2214
2186 1691
2186 2215
1691 1305
1691 2235
1305 577
1305 1373
577 1803
1803 513
513 514
513 2548
514 330
514 674
330 1021
1021 2092
2092 361
2092 1977
361 2297
361 2449
2297 193
193 118
118 482
482 829
482 545
829 1492
1492 696
1492 280
696 263
696 1133
263 1051
1051 1889
1051 183
1889 1346
1346 967
967 1526
967 766
1526 1620
1526 2555
1620 1487
1487 1123
1487 1010
1123 1813
1813 627
627 1497
1497 2510
2510 2485
2485 1913
2485 1281
1913 682
682 2524
2524 2551
2551 1236
1236 1476
1236 2356
1476 1334
1476 2680
1334 2600
2600 1453
2600 1046
1453 78
1453 1851
78 1666
1666 1486
1486 670
670 426
670 2647
426 1423
1423 1676
1423 494
1676 1904
1904 2333
2333 320
320 1880
320 243
1880 2660
1880 1703
2660 81
2660 2459
81 2624
2624 1219
2624 2176
1219 1169
1219 1947
1169 2330
2330 2341
2330 593
2341 594
594 1341
594 1895
1341 2305
2305 1009
2305 19
1009 1015
1009 559
1015 501
1015 1647
501 432
432 1435
1435 803
1435 683
803 117
803 1269
117 1713
1713 2382
1713 269
2382 2207
2207 1579
1579 1911
1911 707
707 110
110 107
110 2211
107 744
744 490
490 1930
490 1828
1930 345
1930 2228
345 496
345 1438
496 2589
496 960
2589 470
2589 2542
470 1231
470 376
1231 1789
1231 368
1789 1085
1085 1158
1085 730
1158 1070
1070 838
838 2706
838 469
2706 1440
2706 1908
1440 1572
1440 2378
1572 819
1572 1609
819 2450
2450 2664
2664 522
522 1890
1890 93
1890 1796
93 174
93 2085
174 1727
174 622
1727 220
220 205
205 606
205 498
606 2229
2229 746
746 1067
746 2634
1067 214
214 378
378 2568
2568 1810
1810 483
483 729
729 154
729 316
154 1366
1366 1218
1366 1234
1218 995
995 1312
995 1958
1312 583
583 53
583 2717
53 572
53 907
572 1493
572 2658
1493 1196
1196 2668
2668 2622
2668 2403
2622 408
2622 309
408 196
196 399
196 2511
399 1217
1217 1163
1217 1436
1163 2148
1163 84
2148 542
542 1798
542 1025
1798 116
1798 125
116 1289
1289 738
1289 497
738 1990
738 1540
1990 1143
1143 2671
2671 2363
2671 2536
2363 2483
2363 508
2483 735
2483 2725
735 1595
1595 1536
1536 2345
1536 249
2345 169
2345 1800
169 1856
1856 1664
1664 1089
1664 1910
1089 95
1089 13
95 2525
2525 260
2525 2602
260 980
980 852
852 276
852 2686
276 1529
276 1653
1529 880
1529 1944
880 1788
880 2358
1788 2003
2003 1646
1646 1024
1646 1454
1024 292
292 1663
292 1172
1663 2623
1663 2329
2623 1841
1841 1857
1841 1906
1857 1618
1857 520
1618 1821
1618 2549
1821 1955
1955 2173
2173 66
66 1729
1729 146
146 12
12 1237
1237 231
231 1049
1049 165
1049 2707
165 1417
165 888
1417 1696
1696 1313
1696 742
1313 1842
1842 2277
2277 492
492 539
539 266
539 1516
266 968
968 2102
968 2387
2102 2521
2521 903
903 790
790 1651
790 1838
1651 1461
1461 2066
2066 1294
2066 1886
1294 2115
2115 963
963 1321
963 1164
1321 1480
1480 254
1480 601
254 699
699 609
699 1634
609 341
609 2727
341 1715
1715 2541
1715 1524
2541 2376
2376 1862
1862 899
899 430
430 1213
1213 2527
1213 2244
2527 1053
1053 1255
1053 842
1255 121
1255 2415
121 64
64 1689
1689 1394
1394 31
1394 2593
31 534
31 127
534 2007
2007 178
178 1533
1533 1054
1054 221
1054 1132
221 2240
221 1458
2240 1522
1522 765
765 373
373 1107
373 1939
1107 85
1107 2688
85 1739
85 1371
1739 1912
1739 1001
1912 418
418 1427
418 2591
1427 940
1427 4
940 1017
1017 1515
1515 2038
2038 2081
2038 301
2081 798
798 157
798 655
157 2046
157 2254
2046 1245
1245 1279
1279 2052
2052 1343
2052 208
1343 2168
2168 1411
1411 726
1411 929
726 1452
726 1754
1452 1340
1340 2008
2008 2526
2526 717
2526 612
717 704
704 323
323 2284
2284 2010
2284 2062
2010 2004
2004 2514
2514 158
2514 2656
158 2183
158 2724
2183 1954
1954 2132
1954 2158
2132 374
374 1623
1623 2629
1623 2495
2629 2354
2354 396
2354 1534
396 1188
396 1920
1188 749
749 2673
749 2614
2673 917
917 1642
1642 1743
1743 927
927 1693
927 996
1693 2640
1693 1611
2640 2710
2710 1953
2710 551
1953 2324
2324 325
325 1045
1045 166
1045 2375
166 1
1 2101
1 1730
2101 665
665 1265
665 1538
1265 1055
1265 2496
1055 317
1055 1254
317 1416
1416 284
1416 969
284 2705
284 456
2705 836
2705 566
836 2500
2500 1570
1570 1332
1570 2077
1332 103
103 2441
103 632
2441 2032
2032 728
728 89
728 2036
89 649
649 2411
2411 813
2411 1134
813 257
813 2728
257 1111
1111 1091
1091 1771
1091 416
1771 184
1771 112
184 905
184 1661
905 2255
2255 2368
2255 34
2368 2518
2518 1594
2518 152
1594 1407
1594 943
1407 18
18 1297
1297 2225
2225 409
409 1643
1643 1260
1260 869
869 2409
2409 845
2409 2703
845 1403
1403 1581
1403 851
1581 1138
1581 2209
1138 930
1138 832
930 311
311 398
398 709
709 1508
709 298
1508 1256
1508 1228
1256 2456
1256 1709
2456 2221
2221 197
2221 1110
197 1127
1127 1535
1127 1983
1535 255
1535 2364
255 2446
255 1922
2446 1792
2446 596
1792 1892
1792 2201
1892 1686
1686 1685
1685 404
404 2472
2472 1671
1671 648
1671 957
648 982
648 2241
982 810
810 994
994 2087
994 1924
2087 1979
2087 2722
1979 1934
1934 1807
1934 2198
1807 2540
1807 631
2540 776
2540 2674
776 502
502 1504
502 1036
1504 527
1504 2461
527 1967
527 1668
1967 381
381 1688
381 464
1688 1735
1688 1457
1735 1252
1735 149
1252 1891
1252 2353
1891 2633
1891 450
2633 1577
2633 1820
1577 2016
2016 2635
2635 2694
2694 451
451 244
244 334
244 1864
334 659
334 2469
659 2203
2203 2226
2203 122
2226 1970
1970 2423
1970 1742
2423 356
356 678
678 1298
1298 395
1298 667
395 1547
395 500
1547 326
1547 1986
326 975
975 741
975 2557
741 686
741 2250
686 715
686 1617
715 386
715 2642
386 289
289 2465
289 1377
2465 1287
2465 306
1287 1926
1287 1439
1926 2585
2585 510
510 557
510 1418
557 1748
557 2174
1748 748
1748 282
748 751
751 586
751 2133
586 2181
586 1322
2181 129
2181 1304
129 924
129 1817
924 2178
924 1998
2178 162
162 2487
2487 2537
2537 970
2537 1075
970 1916
1916 2156
2156 35
35 2195
2195 1700
1700 1352
1352 2088
2088 180
2088 1732
180 2050
180 718
2050 1896
1896 2534
1896 625
2534 505
2534 2315
505 2663
505 2583
2663 41
41 2314
41 2713
2314 1872
2314 1608
1872 1399
1399 271
1399 1587
271 1542
271 190
1542 1728
1542 2306
1728 1760
1760 1883
1760 1065
1883 1412
1412 1264
1412 1442
1264 788
788 2070
788 2439
2070 203
203 2232
2232 234
234 1154
234 204
1154 1388
1388 762
762 1035
1035 950
1035 163
950 1430
1430 898
898 1811
1811 1684
1684 770
1684 1978
770 690
770 538
690 2047
690 626
2047 2312
2047 2184
2312 2031
2312 516
2031 1325
2031 1212
1325 1080
1080 547
1080 1151
547 493
547 921
493 1125
1125 1692
1125 1002
1692 302
302 693
693 2639
2639 2243
2639 1174
2243 1767
2243 98
1767 1351
1767 446
1351 1697
1351 2670
1697 2119
1697 861
2119 2528
2528 1877
1877 830
830 2412
830 2313
2412 259
2412 768
259 1241
1241 774
774 615
615 932
615 2405
932 1491
932 2058
1491 2726
2726 565
565 645
645 1784
1784 2425
1784 1495
2425 780
780 521
521 1662
1662 2493
1662 537
2493 1385
1385 2502
1385 999
2502 452
452 407
407 1957
407 1496
1957 344
344 618
618 328
328 1945
1945 2033
1945 2110
2033 1244
2033 2571
1244 375
375 2082
2082 288
288 202
202 1345
1345 2219
2219 854
2219 2653
854 229
229 1434
1434 1257
1434 2097
1257 597
1257 600
597 2641
2641 145
2641 2394
145 2280
2280 312
2280 942
312 1936
1936 488
488 2018
2018 2189
2189 1071
2189 2296
1071 444
444 792
444 1310
792 1456
1456 1382
1456 1893
1382 2190
1382 1868
2190 2075
2075 694
2075 2269
694 1088
1088 1356
1088 2017
1356 1233
1356 607
1233 256
