1 1107 9303309
1095 734
1095 759
734 36
36 862
862 1106
862 132
1106 953
1106 1037
953 632
953 944
632 1018
632 739
1018 675
675 723
675 633
723 4
723 918
4 720
4 205
720 962
720 324
962 60
962 596
60 437
437 290
290 378
378 154
154 8
154 464
8 400
8 1062
400 917
917 672
672 1024
1024 516
516 943
516 365
943 695
943 379
695 1047
1047 916
916 19
916 949
19 225
225 877
877 442
877 160
442 669
442 446
669 329
329 544
329 156
544 510
544 979
510 820
510 254
820 644
820 107
644 282
644 1011
282 407
282 133
407 570
570 905
905 1096
1096 1036
1096 950
1036 88
88 619
619 186
619 95
186 172
186 838
172 649
172 680
649 109
109 743
743 246
246 240
240 543
240 983
543 1023
1023 612
1023 391
612 353
353 573
573 1074
573 24
1074 685
685 656
685 337
656 135
656 248
135 292
135 1035
292 70
292 497
70 502
502 303
303 234
303 381
234 733
733 163
163 499
499 717
717 1013
1013 433
433 854
854 884
854 209
884 535
884 404
535 100
535 140
100 113
100 426
113 1089
113 1105
1089 450
1089 69
450 860
450 714
860 757
860 30
757 791
791 414
414 181
181 1045
181 1041
1045 264
1045 585
264 482
482 189
189 870
870 664
664 901
664 296
901 55
55 957
55 229
957 11
11 166
11 484
166 1000
166 931
1000 842
1000 737
842 741
741 1081
1081 611
611 61
611 373
61 985
985 1063
1063 800
1063 636
800 660
660 613
613 521
521 897
897 1072
1072 505
1072 538
505 200
505 192
200 409
200 416
409 468
468 503
468 488
503 78
503 316
78 703
78 536
703 294
703 28
294 991
294 236
991 126
126 1009
126 1093
1009 562
562 203
562 474
203 487
487 828
487 801
828 356
828 572
356 952
952 744
744 880
744 642
880 141
141 558
558 513
513 597
513 875
597 790
790 110
110 557
557 598
557 54
598 477
477 948
948 620
948 38
620 589
589 810
810 861
861 230
861 139
230 887
230 913
887 1069
1069 874
1069 23
874 461
461 354
461 674
354 955
955 245
955 559
245 673
673 122
122 402
402 1
1 625
625 500
500 462
500 434
462 326
462 106
326 423
326 523
423 143
423 155
143 451
143 699
451 465
465 563
465 564
563 829
563 738
829 498
498 900
900 1051
900 876
1051 492
492 83
83 857
857 836
836 136
136 134
136 933
134 853
134 763
853 342
342 162
162 359
162 80
359 630
630 431
630 668
431 594
594 1030
1030 1067
1030 363
1067 425
425 412
425 121
412 201
412 593
201 635
635 374
635 410
374 1046
374 865
1046 658
658 87
658 706
87 1066
1066 610
610 211
610 621
211 74
211 380
74 1004
1004 766
1004 892
766 1076
766 1092
1076 1025
1025 702
702 755
755 1080
755 981
1080 640
1080 440
640 725
640 458
725 222
725 545
222 395
222 946
395 614
614 383
383 260
383 580
260 856
260 716
856 1090
1090 951
951 350
350 869
350 908
869 724
724 59
724 75
59 965
965 247
247 782
247 145
782 537
782 408
537 273
537 457
273 831
273 124
831 896
831 56
896 232
232 1088
1088 447
447 73
447 855
73 85
73 575
85 313
85 922
313 954
313 123
954 58
954 629
58 262
262 577
577 50
50 652
50 129
652 697
697 730
697 993
730 998
730 555
998 648
998 115
648 91
91 448
448 454
454 1085
454 6
1085 194
194 713
713 528
528 651
528 709
651 851
851 541
541 748
541 349
748 937
937 159
159 912
159 364
912 1039
912 340
1039 195
1039 708
195 1043
195 960
1043 988
1043 1059
988 153
988 977
153 392
392 1038
1038 527
1038 698
527 287
287 980
287 1107
980 780
980 338
780 385
385 526
385 974
526 118
526 1033
118 66
118 341
66 93
93 1007
1007 1050
1050 765
1050 1019
765 180
180 90
180 579
90 164
90 835
164 401
401 120
120 398
398 919
398 323
919 25
25 382
382 218
218 138
218 689
138 1099
1099 781
1099 663
781 600
781 233
600 691
600 68
691 655
655 13
655 891
13 688
688 449
449 207
207 388
207 843
388 520
520 27
520 921
27 47
27 760
47 396
47 261
396 932
396 967
932 569
569 18
569 546
18 202
18 945
202 111
202 62
111 345
111 761
345 7
345 700
7 531
7 276
531 1097
531 873
1097 679
679 31
31 834
31 769
834 253
253 108
253 969
108 220
220 285
285 548
285 255
548 1055
548 864
1055 996
1055 344
996 817
817 512
817 682
512 727
512 776
727 347
347 322
322 566
322 670
566 130
130 84
130 98
84 332
84 603
332 813
332 604
813 117
117 137
137 602
602 752
602 238
752 48
752 67
48 826
48 1002
826 770
826 883
770 165
770 481
165 103
103 274
274 105
105 690
105 890
690 827
827 641
641 1048
1048 568
568 793
793 92
92 46
46 173
173 286
173 196
286 1070
286 715
1070 984
984 587
587 157
157 683
157 399
683 1077
683 176
1077 792
792 102
102 459
102 1083
459 818
459 413
818 5
5 472
5 171
472 241
472 928
241 419
241 795
419 506
506 305
305 923
923 1075
923 174
1075 266
266 687
687 1034
687 956
1034 849
1034 966
849 206
206 758
206 16
758 914
758 170
914 934
934 455
934 586
455 678
455 397
678 556
678 9
556 839
556 146
839 915
915 550
550 439
550 151
439 418
418 420
418 767
420 1100
1100 81
1100 339
81 2
81 736
2 41
2 1086
41 319
319 504
504 617
617 852
852 515
515 471
471 227
471 728
227 811
811 762
811 783
762 328
762 235
328 12
328 490
12 190
12 964
190 1057
1057 406
406 456
406 551
456 244
456 667
244 501
501 175
501 1012
175 452
175 704
452 517
517 432
432 726
726 846
846 343
343 712
712 417
712 444
417 599
599 696
599 263
696 511
696 634
511 987
987 467
987 183
467 707
707 549
707 963
549 771
771 494
771 436
494 751
494 1003
751 198
198 812
198 772
812 784
812 753
784 806
806 352
806 618
352 1073
352 525
1073 1017
1017 693
693 148
148 1091
148 1065
1091 57
57 565
57 925
565 775
565 167
775 888
775 224
888 387
888 193
387 1084
1084 942
1084 692
942 473
942 101
473 1015
473 333
1015 866
866 711
711 893
893 243
893 394
243 750
750 334
334 832
832 623
832 298
623 686
686 509
509 848
509 643
848 719
719 833
833 524
833 637
524 258
524 947
258 530
258 777
530 496
530 271
496 624
496 1031
624 39
624 429
39 1056
39 539
1056 295
1056 327
295 1032
295 17
1032 859
859 774
774 237
237 231
231 819
819 242
819 959
242 361
361 369
361 807
369 267
267 1068
267 289
1068 1022
1068 657
1022 368
1022 131
368 529
368 742
529 475
475 308
475 71
308 745
308 390
745 438
745 971
438 1102
438 731
1102 940
1102 1005
940 351
940 116
351 94
351 718
94 590
590 300
300 422
422 480
422 318
480 15
480 127
15 756
756 978
978 371
978 299
371 662
371 187
662 277
662 847
277 616
616 665
665 997
665 42
997 178
178 312
178 29
312 279
279 161
279 376
161 306
161 886
306 104
104 903
104 358
903 33
903 746
33 601
33 1014
601 212
601 297
212 779
779 335
335 797
335 894
797 208
208 268
268 1049
1049 403
403 627
403 975
627 533
627 45
533 453
453 443
453 1064
443 119
119 701
119 64
701 321
321 1020
321 605
1020 920
920 816
816 534
816 646
534 460
534 622
460 522
522 909
909 1098
909 732
1098 1029
1098 370
1029 958
1029 1104
958 310
958 982
310 822
822 51
51 840
840 219
219 1016
1016 307
1016 1103
307 325
307 185
325 824
824 735
735 653
735 939
653 815
653 508
815 926
926 581
926 799
581 941
581 375
941 415
415 615
615 40
615 899
40 764
40 995
764 97
97 478
97 43
478 805
478 430
805 427
805 336
427 411
427 315
411 694
411 798
694 867
867 654
867 930
654 626
626 239
626 809
239 814
814 904
814 348
904 169
169 125
125 278
278 1054
1054 77
1054 532
77 788
77 272
788 858
788 20
858 10
10 346
10 257
346 389
346 661
389 150
389 485
150 837
150 999
837 973
973 681
973 802
681 384
681 393
384 507
384 794
507 372
507 1061
372 747
747 144
144 895
144 889
895 53
53 1006
53 606
1006 785
785 37
785 302
37 885
37 317
885 259
259 972
972 147
972 252
147 466
147 911
466 72
72 489
489 96
489 486
96 357
96 540
357 823
823 879
823 63
879 705
705 789
705 21
789 76
789 424
76 592
76 821
592 52
52 213
213 786
786 608
786 483
608 1028
1028 844
1028 197
844 584
584 215
584 112
215 1082
215 659
1082 1052
1082 561
1052 82
82 1044
82 542
1044 355
355 250
250 495
495 311
311 479
311 284
479 1078
1078 1042
1078 249
1042 907
1042 283
907 574
907 435
574 609
609 929
609 79
929 405
405 666
405 149
666 567
666 970
567 773
567 647
773 872
872 787
787 49
787 216
49 778
778 226
226 710
226 721
710 191
191 902
191 910
902 841
902 650
841 184
841 830
184 476
184 968
476 582
582 631
631 269
269 314
269 740
314 152
152 288
288 22
22 595
595 1079
595 514
1079 281
281 677
281 217
677 994
677 386
994 360
360 210
360 493
210 906
210 825
906 1021
1021 976
976 469
976 882
469 845
469 304
845 265
265 291
291 796
291 251
796 749
749 188
749 938
188 1001
188 639
1001 3
3 280
3 428
280 989
989 591
989 729
591 628
591 99
628 114
628 445
114 301
114 330
301 14
14 986
986 588
588 1010
588 1040
1010 463
1010 89
463 1087
463 44
1087 366
1087 552
366 898
366 228
898 199
199 362
362 293
293 1060
293 35
1060 519
1060 863
519 1027
519 128
1027 878
878 768
768 270
768 1053
270 638
638 927
927 868
927 1026
868 221
868 961
221 560
560 547
547 607
607 32
32 936
936 1071
1071 803
1071 676
803 441
803 583
441 850
441 470
850 1094
1094 1101
1101 491
491 309
309 990
309 645
990 204
204 256
204 992
256 168
168 214
214 671
671 554
554 34
34 331
34 86
331 881
881 518
881 223
518 871
871 1058
871 142
1058 367
1058 924
367 578
367 275
578 804
804 808
808 754
754 320
754 177
320 571
320 722
571 158
158 182
158 179
182 26
182 553
26 576
576 684
684 421
421 65
65 935
65 377
935 1008
