3 1023 3113
3 2
3 1
833 523
833 787
523 163
523 510
787 1012
787 896
163 376
163 546
510 542
510 744
1012 129
1012 820
896 102
896 628
376 646
376 986
546 697
546 476
542 77
542 498
744 331
744 356
129 278
129 43
820 183
820 644
102 576
102 899
628 470
628 933
646 819
646 348
986 1019
986 318
697 363
697 566
476 468
476 421
77 531
77 23
498 506
498 639
331 255
331 842
356 474
356 314
278 487
278 496
43 781
43 865
183 301
183 457
644 455
644 559
576 321
576 152
899 872
899 290
470 669
470 175
933 81
933 717
819 868
819 497
348 815
348 257
1019 960
1019 540
318 296
318 20
363 871
363 477
566 700
566 169
468 196
468 592
421 418
421 329
531 981
531 274
23 966
23 637
506 367
506 227
639 494
639 432
255 594
255 783
842 879
842 882
474 408
474 125
314 912
314 428
487 943
487 465
496 435
496 737
781 653
781 207
865 615
865 442
301 1013
301 317
457 166
457 2
455 18
455 143
559 698
559 30
321 854
321 565
152 6
152 810
872 806
872 665
290 864
290 153
669 245
669 214
175 771
175 282
81 626
81 942
717 300
717 136
868 305
868 179
497 284
497 948
815 150
815 362
257 259
257 778
960 55
960 209
540 900
540 838
296 774
296 891
20 393
20 112
871 920
871 276
477 579
477 206
700 618
700 96
169 761
169 770
196 607
196 648
592 931
592 734
418 560
418 580
329 971
329 226
981 182
981 513
274 574
274 813
966 667
966 411
637 935
637 708
367 275
367 60
227 731
227 309
494 186
494 974
432 616
432 340
594 776
594 235
783 94
783 117
879 397
879 763
882 14
882 585
408 97
408 786
125 392
125 109
912 658
912 728
428 548
428 554
943 834
943 919
465 982
465 937
435 821
435 298
737 662
737 694
653 495
653 676
207 762
207 588
615 56
615 76
442 916
442 71
1013 601
1013 553
317 711
317 938
166 384
166 189
2 190
2 75
18 297
18 386
143 547
143 218
698 51
698 232
30 893
30 69
854 887
854 979
565 522
565 124
6 49
6 216
810 270
810 1020
806 683
806 673
665 600
665 283
864 142
864 862
153 404
153 907
245 656
245 525
214 279
214 364
771 288
771 622
282 328
282 901
626 1002
626 123
942 604
942 575
300 366
300 463
136 1009
136 280
305 782
305 851
179 503
179 795
284 489
284 941
948 53
948 659
150 980
150 374
362 415
362 611
259 584
259 847
778 37
778 460
55 913
55 873
209 1006
209 701
900 369
900 86
838 370
838 213
774 177
774 133
891 446
891 895
393 1017
393 811
112 746
112 922
920 471
920 326
276 563
276 856
579 365
579 605
206 219
206 1014
618 749
618 790
96 1015
96 511
761 680
761 127
770 73
770 493
607 68
607 375
648 716
648 419
931 934
931 414
734 337
734 158
560 627
560 944
580 721
580 657
971 845
971 552
226 596
226 660
182 116
182 692
513 441
513 684
574 192
574 690
813 1004
813 946
667 15
667 324
411 504
411 718
935 425
935 9
708 11
708 509
275 399
275 825
60 90
60 22
731 818
731 225
309 905
309 712
186 757
186 751
974 661
974 696
616 21
616 478
340 387
340 211
776 508
776 353
235 452
235 736
94 108
94 772
117 268
117 61
397 334
397 194
763 878
763 202
14 212
14 221
585 857
585 649
97 413
97 168
786 808
786 502
392 760
392 860
109 538
109 848
658 208
658 800
728 260
728 704
548 858
548 993
554 826
554 789
834 88
834 237
919 64
919 904
982 293
982 885
937 264
937 1010
821 140
821 46
298 827
298 416
662 940
662 236
694 431
694 41
495 897
495 977
676 969
676 131
762 797
762 650
588 850
588 444
56 572
56 149
76 764
76 501
916 640
916 485
71 928
71 840
601 409
601 371
553 122
553 534
711 389
711 687
938 881
938 39
384 855
384 707
189 743
189 475
190 285
190 338
75 450
75 239
297 756
297 706
386 753
386 863
547 709
547 137
218 750
218 582
51 27
51 567
232 955
232 984
893 876
893 990
69 357
69 481
887 632
887 740
979 89
979 914
522 927
522 327
124 578
124 831
49 188
49 78
216 968
216 726
270 191
270 344
1020 57
1020 105
683 610
683 200
673 50
673 447
600 915
600 602
283 539
283 238
142 31
142 812
862 242
862 38
404 335
404 571
907 954
907 852
656 401
656 289
525 720
525 524
279 963
279 516
364 252
364 875
288 434
288 313
622 310
622 377
328 678
328 320
901 573
901 598
1002 151
1002 12
123 100
123 66
604 445
604 299
575 950
575 359
366 229
366 449
463 623
463 65
1009 394
1009 719
280 271
280 390
782 675
782 910
851 45
851 988
503 909
503 555
795 254
795 291
489 74
489 294
941 994
941 828
53 420
53 816
659 991
659 484
980 804
980 799
374 1003
374 620
415 798
415 802
611 500
611 438
584 8
584 448
847 184
847 161
37 643
37 624
460 732
460 947
913 144
913 491
873 967
873 793
1006 957
1006 256
701 766
701 608
369 741
369 568
86 976
86 930
370 989
370 550
213 861
213 512
177 311
177 352
133 952
133 287
446 63
446 139
895 157
895 395
1017 368
1017 634
811 777
811 454
746 603
746 638
922 464
922 292
471 906
471 583
326 730
326 82
563 261
563 577
856 295
856 170
365 949
365 529
605 128
605 405
219 636
219 614
1014 483
1014 134
749 745
749 874
790 156
790 532
1015 316
1015 569
511 461
511 663
680 426
680 985
127 85
127 561
73 535
73 666
493 543
493 40
68 396
68 581
375 36
375 349
716 479
716 767
419 58
419 562
934 889
934 437
414 347
414 839
337 693
337 381
158 759
158 536
627 167
627 440
944 16
944 645
721 132
721 780
657 80
657 635
845 98
845 427
552 159
552 921
596 517
596 686
660 803
660 351
116 466
116 145
692 5
692 106
441 530
441 794
684 556
684 685
192 923
192 187
690 996
690 564
1004 174
1004 958
946 113
946 817
15 135
15 710
324 791
324 67
504 521
504 1007
718 319
718 755
425 527
425 652
9 911
9 549
11 606
11 162
509 203
509 388
399 223
399 99
825 939
825 176
90 469
90 841
22 822
22 107
818 160
818 589
225 526
225 587
905 341
905 35
712 308
712 482
757 70
757 688
751 647
751 398
661 195
661 84
696 4
696 224
21 467
21 262
478 17
478 339
387 586
387 103
211 436
211 551
508 385
508 705
353 779
353 514
452 713
452 892
736 342
736 215
108 742
108 792
772 932
772 1023
268 849
268 597
61 715
61 975
334 992
334 79
194 246
194 480
878 333
878 250
202 723
202 315
212 672
212 44
221 249
221 1022
857 884
857 240
649 458
649 703
413 978
413 185
168 336
168 247
808 378
808 343
502 253
502 141
760 286
760 205
860 748
860 619
538 621
538 926
848 998
848 26
208 682
208 754
800 964
800 222
260 423
260 148
704 702
704 303
858 515
858 110
993 126
993 24
826 997
826 115
789 674
789 462
88 747
88 248
237 642
237 325
64 379
64 570
904 917
904 181
293 48
293 807
885 520
885 52
264 814
264 651
1010 805
1010 302
140 312
140 62
46 1011
46 154
827 945
827 775
416 880
416 837
940 382
940 677
236 956
236 924
431 541
431 373
41 518
41 629
897 354
897 613
977 951
977 453
969 929
969 844
131 171
131 995
797 3
797 836
650 83
650 752
850 263
850 965
444 654
444 727
572 671
572 443
149 888
149 304
764 281
764 47
501 886
501 1000
640 724
640 843
485 307
485 120
928 612
928 13
840 544
840 1016
409 936
409 42
371 360
371 668
122 34
122 595
534 383
534 558
389 972
389 244
687 1001
687 557
881 835
881 114
39 505
39 670
855 809
855 269
707 545
707 372
743 768
743 902
475 59
475 173
285 853
285 507
338 119
338 101
450 231
450 178
239 973
239 273
756 433
756 28
706 987
706 198
753 361
753 773
863 898
863 785
709 29
709 355
137 699
137 87
750 197
750 258
582 824
582 323
27 499
27 210
567 959
567 33
955 918
955 681
984 890
984 199
876 217
876 528
990 54
990 970
357 962
357 655
481 111
481 7
632 801
632 788
740 725
740 1005
89 961
89 201
914 243
914 164
927 490
927 473
327 32
327 417
578 130
578 823
831 1
831 866
188 832
188 322
78 870
78 451
968 695
968 765
726 519
726 537
191 609
191 925
344 758
344 346
57 796
57 903
105 429
105 867
610 91
610 999
200 486
200 277
50 147
50 172
447 241
447 459
915 165
915 345
602 138
602 204
539 266
539 829
238 400
238 330
31 422
31 733
812 93
812 234
242 265
242 664
38 846
38 412
335 739
335 908
571 146
571 92
954 424
954 472
852 251
852 407
401 869
401 488
289 679
289 193
720 406
720 492
524 590
524 267
963 306
963 228
516 633
516 883
252 439
252 180
875 784
875 859
434 1018
434 1021
313 10
313 230
310 403
310 691
377 729
377 350
678 599
678 630
320 272
320 104
573 877
573 641
598 95
598 118
151 983
151 631
12 358
12 402
100 894
100 233
66 591
66 714
445 593
445 430
299 617
299 410
950 25
950 738
359 689
359 380
229 1008
229 121
449 155
449 332
623 953
623 456
65 769
65 19
394 722
394 220
719 533
719 625
271 72
271 391
390 830
390 735
