28 288 67252563
24 21
24 11
21 4
21 3
4 10
4 12
10 20
10 5
20 2
20 23
2 15
2 17
15 9
15 6
9 25
25 16
16 8
8 22
8 27
22 7
7 19
19 1
1 28
1 18
28 13
13 26
26 14
239 261
239 260
261 117
261 124
117 176
176 255
176 171
255 272
255 62
272 155
155 256
155 223
256 194
194 26
26 85
26 105
85 161
85 183
161 88
88 82
82 281
281 207
207 59
59 211
59 52
211 18
211 22
18 228
18 170
228 112
228 233
112 164
164 113
164 36
113 25
113 142
25 114
25 230
114 201
201 257
201 98
257 284
257 58
284 84
284 266
84 199
84 80
199 259
199 49
259 128
128 129
129 208
208 65
208 158
65 278
65 127
278 150
150 186
186 24
24 166
24 64
166 116
116 244
116 191
244 141
141 54
54 151
54 167
151 31
151 218
31 9
9 78
9 237
78 280
78 263
280 90
280 277
90 126
90 273
126 241
126 219
241 245
245 118
245 57
118 172
118 130
172 204
172 285
204 2
2 192
2 165
192 122
192 189
122 175
122 30
175 235
235 252
252 12
252 109
12 279
279 93
279 37
93 120
93 190
120 16
120 288
16 173
173 264
264 115
264 174
115 282
115 162
282 145
145 242
242 234
242 262
234 205
205 1
1 71
71 222
71 274
222 160
222 134
160 123
123 148
148 236
148 163
236 55
236 79
55 81
55 45
81 195
195 47
195 119
47 180
47 275
180 283
180 94
283 46
46 215
46 144
215 4
4 136
136 33
33 86
86 243
243 265
265 178
178 203
178 95
203 276
203 153
276 61
276 53
61 227
61 40
227 48
48 147
147 74
74 56
74 32
56 250
250 287
250 254
287 91
287 258
91 5
5 17
5 121
17 83
83 268
268 179
268 50
179 107
179 100
107 28
107 19
28 42
28 75
42 217
42 7
217 89
217 209
89 169
169 229
229 99
229 34
99 251
99 21
251 240
251 196
240 225
225 193
193 269
193 60
269 23
269 63
23 270
270 110
110 135
110 139
135 210
210 11
210 232
11 168
168 216
216 249
249 38
38 13
13 92
92 68
92 111
68 44
44 108
108 182
108 10
182 140
140 146
146 101
146 76
101 72
72 106
106 51
106 220
51 206
206 27
27 198
198 39
39 67
39 253
67 6
67 188
6 156
156 202
202 66
202 97
66 41
66 187
41 103
41 212
103 177
177 102
102 197
102 133
197 238
238 200
238 104
200 3
200 73
3 149
3 226
149 247
149 137
247 214
214 138
138 35
35 70
35 77
70 15
15 20
20 8
20 231
8 29
8 213
29 248
248 246
246 125
125 159
159 184
159 286
184 271
271 185
185 154
154 143
154 87
143 43
43 69
43 267
69 224
69 181
224 96
96 157
157 14
14 221
14 132
221 131
221 152
