2 2170 6164
2 1
404 1522
404 93
1522 1386
1386 143
143 2163
143 48
2163 116
116 1894
116 1649
1894 261
1894 1323
261 640
261 291
640 1152
640 1615
1152 51
1152 884
51 1046
1046 1332
1332 1720
1720 1681
1681 482
1681 1006
482 485
485 1820
485 602
1820 1709
1709 576
1709 1760
576 433
576 945
433 2000
2000 471
2000 256
471 142
471 660
142 571
571 346
346 1728
346 2082
1728 1072
1072 100
100 1291
100 1255
1291 1012
1012 2146
1012 2026
2146 2170
2146 540
2170 203
203 1585
1585 1029
1029 2088
2088 1890
1890 396
396 1565
396 1962
1565 209
1565 754
209 130
130 1367
130 1968
1367 1314
1367 1149
1314 380
380 2075
380 1714
2075 794
794 1538
794 1764
1538 1151
1538 766
1151 405
1151 2034
405 1026
1026 1692
1026 539
1692 1568
1568 322
1568 188
322 950
322 661
950 47
47 865
47 1015
865 1732
1732 1018
1018 2067
2067 1724
1724 1420
1420 586
586 1808
1808 673
673 2093
2093 1901
2093 2029
1901 61
1901 1383
61 1624
1624 1750
1750 1819
1750 1939
1819 1794
1819 1696
1794 1030
1030 798
798 1131
798 1136
1131 2004
2004 1865
1865 1223
1223 421
421 2037
2037 941
941 1620
941 154
1620 854
1620 1992
854 1279
854 1197
1279 463
463 747
747 898
898 1100
1100 739
739 1965
1965 1532
1965 1597
1532 1052
1052 1415
1052 1663
1415 9
1415 2155
9 519
519 409
519 1479
409 608
409 408
608 1234
1234 196
196 1564
1564 1789
1564 1814
1789 778
778 1934
1934 1591
1934 820
1591 1424
1424 797
1424 2045
797 860
797 2048
860 621
621 698
621 72
698 1011
1011 1188
1011 247
1188 1822
1188 1635
1822 642
1822 725
642 2068
2068 1005
2068 607
1005 2169
1005 2084
2169 800
800 2118
2118 397
397 1701
1701 831
831 2077
831 853
2077 338
338 2063
2063 2024
2024 1947
2024 449
1947 246
246 833
833 44
833 123
44 574
44 15
574 1176
574 1178
1176 1885
1885 1621
1621 1034
1034 1265
1034 1899
1265 139
139 883
883 2127
883 740
2127 402
402 531
402 499
531 976
976 2156
2156 2040
2156 1347
2040 1677
1677 308
308 1966
1966 1463
1966 2059
1463 1749
1463 1278
1749 1989
1989 2089
2089 1876
1876 316
316 238
316 326
238 1109
1109 1719
1109 1277
1719 1082
1719 1261
1082 632
632 653
632 300
653 1054
1054 40
1054 1652
40 634
634 1928
634 1977
1928 2104
1928 606
2104 277
277 468
468 1336
468 813
1336 1287
1287 919
1287 1482
919 2080
919 282
2080 166
166 1409
166 4
1409 1321
1409 702
1321 1672
1321 2166
1672 1397
1397 699
1397 1064
699 1812
1812 753
753 1816
753 475
1816 1085
1085 1460
1460 1252
1460 2016
1252 38
1252 714
38 368
38 1459
368 260
260 111
111 1690
1690 207
207 1245
207 1823
1245 849
1245 1238
849 907
907 943
943 1654
1654 1167
1167 1848
1848 551
1848 686
551 395
551 413
395 1718
1718 1166
1718 629
1166 888
1166 1311
888 1390
888 1670
1390 1305
1390 2003
1305 669
1305 1349
669 447
669 1802
447 1891
447 1462
1891 1713
1713 1716
1713 1783
1716 1079
1079 370
370 1546
370 841
1546 1912
1546 925
1912 1135
1912 522
1135 2086
2086 614
614 1800
614 708
1800 811
1800 2065
811 1128
811 882
1128 1609
1609 1616
1609 285
1616 1055
1055 1978
1978 415
415 189
415 1195
189 81
189 2081
81 251
81 224
251 2079
2079 1653
1653 2152
2152 445
445 1996
445 513
1996 852
852 1063
852 75
1063 1264
1063 2092
1264 1371
1371 216
1371 1221
216 1043
1043 119
1043 480
119 1952
119 975
1952 547
1952 234
547 896
547 1637
896 456
456 827
827 1181
827 1184
1181 1288
1288 2126
2126 1887
2126 164
1887 1788
1887 1642
1788 377
1788 1755
377 1793
1793 685
685 1772
685 50
1772 502
1772 255
502 842
842 705
842 1263
705 490
705 1433
490 561
490 56
561 2101
561 1884
2101 1804
1804 254
254 517
254 33
517 759
759 99
99 1124
1124 1723
1124 1392
1723 1126
1723 1586
1126 598
1126 717
598 1766
598 1486
1766 385
385 1133
385 985
1133 1580
1133 767
1580 2036
1580 654
2036 1638
1638 736
1638 1680
736 1233
736 1032
1233 509
509 1838
509 452
1838 1784
1784 1378
1784 909
1378 459
459 1254
459 1688
1254 1308
1254 1295
1308 932
1308 566
932 994
994 2064
994 674
2064 693
693 54
54 7
7 971
7 625
971 1436
971 1045
1436 204
204 1387
204 1703
1387 375
1387 1858
375 582
582 1187
582 182
1187 1019
1187 1984
1019 711
1019 1852
711 1369
1369 1330
1330 789
1330 1164
789 870
870 982
870 1441
982 1687
982 1271
1687 750
750 696
750 1972
696 345
696 1341
345 1527
1527 1742
1742 515
515 144
144 591
144 1834
591 1659
591 2097
1659 1095
1095 1111
1111 1087
1111 1519
1087 1954
1087 947
1954 1121
1121 664
1121 1327
664 1942
1942 390
1942 638
390 730
390 585
730 770
770 1324
1324 88
88 2025
2025 923
923 581
923 1673
581 818
818 29
818 868
29 1744
29 1272
1744 290
290 881
290 1944
881 521
521 1120
1120 816
816 1769
1769 1525
1769 1727
1525 1022
1525 386
1022 124
1022 1917
124 796
796 1815
1815 16
16 469
16 987
469 583
469 112
583 1020
1020 57
57 1774
1774 453
453 858
453 742
858 494
858 715
494 1073
1073 568
1073 1229
568 720
720 388
388 1856
1856 961
1856 1837
961 1549
961 133
1549 1417
1549 1554
1417 748
1417 1428
748 851
748 442
851 737
737 1492
1492 465
1492 1778
465 36
465 609
36 1186
36 474
1186 630
1186 1740
630 1083
630 1256
1083 788
1083 1618
788 1575
788 1780
1575 1333
1333 1693
1333 1169
1693 1998
1998 1495
1998 1359
1495 1855
1855 592
1855 2157
592 1267
1267 223
223 1669
1669 1795
1669 304
1795 704
1795 1322
704 1625
704 966
1625 843
843 998
998 70
70 407
407 31
31 1583
31 1296
1583 2122
2122 217
217 1396
1396 1930
1396 2102
1930 2023
2023 1528
1528 1156
1156 8
1156 162
8 1213
8 995
1213 663
663 952
952 1140
1140 418
418 1970
1970 1995
1995 470
470 1224
470 1754
1224 1334
1334 667
667 2164
667 122
2164 1356
1356 1113
1113 2072
2072 893
893 253
253 1691
1691 1562
1562 362
1562 149
362 267
267 355
267 1931
355 555
355 637
555 269
555 915
269 1069
269 1142
1069 1921
1921 1870
1870 926
1870 303
926 312
926 1698
312 1348
1348 313
313 1384
313 1148
1384 1606
1384 618
1606 1294
1294 177
177 1731
1731 1123
1731 990
1123 1595
1123 1510
1595 165
165 1781
165 278
1781 1647
1647 821
1647 930
821 1380
1380 83
1380 21
83 1395
83 1643
1395 2094
2094 1442
1442 249
1442 245
249 2091
2091 347
347 560
347 299
560 358
358 55
358 1969
55 1469
1469 1540
1469 67
1540 39
39 2154
2154 1900
2154 1678
1900 428
1900 2071
428 988
428 1007
988 23
23 890
23 869
890 186
890 2151
186 222
186 1551
222 1118
1118 206
206 1640
206 1122
1640 1700
1640 218
1700 683
1700 951
683 1041
683 84
1041 1531
1531 891
1531 118
891 324
324 1636
324 37
1636 512
1636 1168
512 1047
512 159
1047 723
723 444
444 289
289 2012
2012 1203
1203 809
809 1797
1797 1338
1797 1275
1338 1806
1806 992
1806 599
992 1552
992 2066
1552 934
1552 1259
934 1656
1656 1240
1656 960
1240 1344
1240 1243
1344 2145
1344 1177
2145 1844
2145 1514
1844 19
19 1466
19 2125
1466 1094
1466 695
1094 1544
1544 1214
1544 1074
1214 954
954 622
954 1044
622 1244
1244 505
505 1211
1211 82
82 1027
1027 578
578 1205
578 1994
1205 1988
1205 2108
1988 1758
1758 1251
1251 102
102 1895
1895 211
1895 2116
211 1993
1993 603
603 221
221 1521
221 1807
1521 1292
1292 1114
1114 1641
1114 589
1641 644
644 1039
644 161
1039 201
201 984
984 450
450 2110
450 580
2110 1404
1404 1106
1106 2098
1106 491
2098 570
570 1613
570 2120
1613 487
1613 532
487 604
487 1490
604 1545
604 140
1545 1157
1157 1557
1557 1033
1557 697
1033 910
1033 1799
910 889
910 1873
889 1517
1517 420
420 1830
420 948
1830 2014
1830 225
2014 1199
1199 805
805 332
805 1520
332 434
434 1872
1872 412
1872 2150
412 1105
1105 2149
1105 804
2149 756
2149 1217
756 901
901 936
936 374
936 1084
374 192
374 1711
192 1920
1920 71
71 2107
2107 939
939 427
939 1078
427 2015
427 1147
2015 1712
2015 215
1712 2158
1712 473
2158 773
773 1911
773 1582
1911 616
1911 365
616 567
567 1174
567 134
1174 1674
1674 2136
1674 550
2136 1938
1938 1379
1938 306
1379 1218
1218 2115
1218 1818
2115 1365
2115 92
1365 11
1365 731
11 1496
1496 2103
1496 986
2103 1493
1493 2070
1493 1770
2070 1881
2070 758
1881 1596
1881 1763
1596 1753
1596 1771
1753 1306
1306 1353
1353 259
1353 243
259 2042
259 671
2042 643
643 1357
1357 1857
1357 394
1857 400
1857 527
400 1982
400 1738
1982 411
411 1337
411 1431
1337 1809
1337 89
1809 1470
1809 174
1470 1000
1000 1916
1916 117
117 1651
1651 1661
1661 2117
2117 1061
2117 1646
1061 263
263 1076
1076 1725
1725 2009
2009 795
2009 729
795 1829
1829 113
1829 1608
113 1310
1310 1360
1360 1200
1200 572
1200 1685
572 755
572 1628
755 1227
1227 127
1227 237
127 62
62 436
436 152
152 1450
152 423
1450 32
1450 18
32 1743
32 1904
1743 422
1743 1605
422 2006
422 850
2006 908
908 1708
1708 1909
1708 1929
1909 34
34 1410
1410 1437
1410 1914
1437 1
1 1368
1 1548
1368 1686
1368 613
1686 956
1686 1967
956 170
170 1786
1786 1886
1886 839
839 1559
1559 323
1559 692
323 628
628 1689
628 1110
1689 1926
1689 1340
1926 1626
1926 775
1626 1607
1607 615
1607 751
615 302
302 503
302 1666
503 1555
1555 1150
1555 187
1150 460
460 848
460 1841
848 180
848 783
180 940
180 1414
940 677
940 1729
677 1828
677 977
1828 942
1828 1534
942 1249
1249 887
887 138
887 812
138 477
138 1219
477 476
477 1139
476 286
286 1247
1247 1875
1247 963
1875 236
236 681
681 1839
1839 1630
1839 835
1630 2046
1630 838
2046 1908
1908 871
1908 1028
871 1309
1309 467
467 1427
467 1257
1427 651
1427 1134
651 2109
651 98
2109 451
451 1592
451 1932
1592 1790
1592 2035
1790 1576
1576 63
63 752
63 1509
752 317
317 97
317 114
97 288
288 741
288 706
741 1484
1484 2039
2039 1108
1108 542
1108 1665
542 1614
1614 1623
1614 701
1623 866
1623 1209
866 331
331 2124
331 719
2124 771
2124 155
771 1389
1389 1144
1389 1662
1144 1489
1489 1553
1553 787
1553 959
787 462
462 1598
462 1454
1598 328
1598 1080
328 46
46 1985
1985 1997
1997 2013
2013 1507
1507 1289
1507 1394
1289 707
707 935
707 1955
935 957
935 2083
957 169
957 1922
169 1268
169 2058
1268 2060
2060 1280
1280 2051
1280 1950
2051 135
2051 1973
135 807
807 131
807 1162
131 200
131 1976
200 2011
200 153
2011 1215
1215 1508
1508 1282
1508 406
1282 993
1282 252
993 1281
1281 157
1281 1936
157 2140
157 1792
2140 1707
2140 1541
1707 1328
1707 962
1328 1593
1328 1185
1593 2119
1593 1877
2119 22
2119 743
22 658
658 526
658 1434
526 1081
1081 387
1081 793
387 1526
1526 2113
2113 384
384 52
384 361
52 2055
2055 1695
1695 1825
1695 1801
1825 1961
1825 1704
1961 1721
1721 403
1721 779
403 1354
1354 492
1354 1468
492 558
558 1458
558 2087
1458 2
1458 784
2 799
799 294
799 918
294 1372
294 379
1372 184
1372 141
184 1898
184 1220
1898 311
311 1497
311 845
1497 1569
1569 760
760 1523
1523 74
1523 342
74 376
376 1866
376 1572
1866 1535
1535 392
392 280
392 366
280 1451
1451 90
90 679
679 85
85 1443
1443 700
1443 68
700 373
373 563
563 1298
563 1068
1298 1342
1342 646
1342 1776
646 1363
646 826
1363 1103
1363 1752
1103 1003
1103 1570
1003 900
1003 2159
900 58
58 1241
1241 549
1241 1262
549 790
790 1734
1734 847
847 1668
847 1090
1668 1871
1871 1853
1853 2018
2018 327
2018 823
327 107
327 1366
107 77
77 1631
77 1579
1631 777
777 1315
1315 1874
1874 495
495 1345
495 690
1345 95
95 173
95 1160
173 1860
1860 510
1860 128
510 213
510 1401
213 1432
213 1547
1432 1010
1010 1448
1010 1739
1448 1127
1448 2005
1127 689
689 1813
1813 2033
1813 1143
2033 1639
2033 1138
1639 1116
1116 1487
1487 1208
1487 1132
1208 761
1208 511
761 348
348 1524
348 53
1524 27
27 886
27 1897
886 12
12 91
91 1622
91 226
1622 1158
1622 786
1158 1847
1158 446
1847 1889
1847 1119
1889 1101
1889 1957
1101 1228
1228 1949
1228 524
1949 2007
1949 1421
2007 1426
1426 1910
1426 1907
1910 1566
1566 2041
2041 895
895 1013
1013 1391
1013 981
1391 1407
1391 1471
1407 769
769 1300
769 1803
1300 1494
1494 814
1494 1850
814 1182
1182 780
1182 14
780 1102
780 1058
1102 1733
1102 964
1733 1307
1733 195
1307 310
310 1648
310 1633
1648 1250
1250 2085
2085 1201
1201 1485
1201 1077
1485 1543
1485 1057
1543 1023
1023 538
1023 1155
538 1867
1867 351
351 924
924 167
167 1599
1599 1958
1599 176
1958 1326
1958 125
1326 1115
1326 1008
1115 1232
1115 1096
1232 1589
1232 1021
1589 1097
1097 1024
1024 620
1024 763
620 2050
2050 656
2050 389
656 1456
656 1467
1456 659
1456 1892
659 921
921 1299
921 903
1299 1785
1785 1423
1423 2111
1423 363
2111 1474
1474 1235
1235 1706
1706 1864
1864 1537
1864 1129
1537 2020
1537 2078
2020 1239
2020 160
1239 721
721 343
721 937
343 399
399 241
399 1170
241 1715
1715 1400
1715 1091
1400 691
1400 13
691 297
297 268
268 837
268 28
837 239
837 1112
239 2054
2054 645
645 541
645 1398
541 1273
1273 745
1273 318
745 968
968 43
43 1031
1031 1159
1031 1748
1159 2139
2139 1036
2139 817
1036 73
73 834
834 501
501 1179
1179 1516
1516 1827
1516 1933
1827 1501
1501 1212
1212 792
1212 314
792 398
792 1697
398 894
894 1694
1694 1845
1845 815
815 710
710 836
710 1145
836 1747
836 2100
1747 1350
1747 635
1350 600
1350 587
600 518
600 69
518 371
371 103
103 481
481 508
508 472
472 1983
1983 1604
1983 137
1604 1817
1604 1293
1817 193
193 1352
193 1040
1352 2095
1352 828
2095 1037
2095 1990
1037 1842
1037 927
1842 506
506 727
727 1675
727 1455
1675 2128
1675 1104
2128 1940
1940 1902
1902 1042
1902 749
1042 584
1042 110
584 1226
1226 1276
1226 1879
1276 212
212 1318
1318 1925
1925 1584
1584 530
530 1791
530 146
1791 1805
1791 1331
1805 791
1805 336
791 1682
1682 1840
1682 319
1840 810
810 298
810 1602
298 1173
1173 601
1173 2061
601 949
949 401
949 1849
401 235
235 546
235 1161
546 1846
546 337
1846 1751
1846 1737
1751 991
991 955
955 1745
1745 437
437 464
464 185
185 1062
185 410
1062 1810
1810 1905
1810 258
1905 1445
1445 832
1445 381
832 497
497 1530
497 636
1530 577
1530 946
577 873
577 1999
873 1634
1634 2090
2090 1051
1051 287
287 657
287 929
657 181
181 2161
2161 1762
2161 147
1762 863
1762 356
863 722
863 523
722 1796
722 76
1796 619
1796 716
619 1798
619 94
1798 872
872 1956
872 2112
1956 1563
1956 801
1563 1730
1563 1438
1730 1025
1025 1888
1025 1946
1888 684
684 426
426 1393
1393 1346
1393 283
1346 1066
1066 605
605 87
605 672
87 352
87 857
352 1556
352 1413
1556 271
1556 2028
271 1761
1761 417
417 916
916 734
916 1577
734 972
734 1419
972 2002
972 1756
2002 666
2002 2141
666 30
30 2031
30 647
2031 1657
1657 2134
1657 1053
2134 1671
1671 205
1671 938
205 1601
205 703
1601 484
484 1014
1014 1919
1014 902
1919 1571
1571 1835
1571 639
1835 419
1835 430
419 233
233 1964
233 79
1964 953
1964 1382
953 1941
953 624
1941 1779
1941 1504
1779 829
1779 537
829 296
829 862
296 1483
296 1736
1483 1206
1206 266
266 1465
266 1283
1465 441
441 2057
441 45
2057 2142
2142 2153
2142 822
2153 1416
2153 1418
1416 802
802 1376
1376 273
1376 257
273 1660
273 1667
1660 416
1660 2056
416 1787
1787 349
349 414
414 1446
414 329
1446 145
145 906
145 694
906 588
906 712
588 1402
1402 1512
1512 1811
1512 1270
1811 1065
1065 1355
1065 575
1355 1499
1355 914
1499 855
1499 1171
855 359
855 774
359 1377
1377 1699
1699 1581
1581 596
596 1612
1612 1632
1612 228
1632 579
579 1619
579 1351
1619 1092
1092 432
1092 559
432 1560
1560 279
279 2096
2096 675
2096 1099
675 1059
675 533
1059 1960
1960 2148
2148 443
2148 680
443 2019
443 293
2019 1253
2019 1918
1253 325
325 668
325 844
668 1373
1373 1070
1070 295
295 1518
1518 2105
2105 1130
2105 545
1130 514
514 425
514 339
425 1088
425 1422
1088 272
272 199
272 627
199 552
199 877
552 1980
1980 500
1980 1002
500 2147
500 265
2147 1192
1192 1317
1317 762
1317 1477
762 718
718 504
504 454
504 1230
454 1603
454 1274
1603 899
899 382
382 60
60 1880
60 66
1880 2121
1880 1705
2121 281
281 2074
281 1191
2074 1464
2074 1320
1464 197
1464 999
197 1679
1679 688
1679 2144
688 525
688 1236
525 274
274 1163
1163 2165
1163 496
2165 1067
1067 713
1067 2062
713 1284
1284 393
393 623
623 974
623 611
974 878
878 917
917 1266
917 1361
1266 190
190 2130
2130 1237
2130 1945
1237 227
1237 516
227 1506
227 920
1506 309
1506 1500
309 424
309 1937
424 997
997 101
997 648
101 198
101 1629
198 96
96 785
96 544
785 136
785 1461
136 1017
136 1684
1017 2053
2053 2129
2129 1388
1388 1927
1388 1859
1927 17
1927 172
17 933
17 2143
933 248
248 1385
1385 132
1385 864
132 1915
132 457
1915 1473
1473 528
1473 1429
528 1515
1515 353
353 284
353 768
284 979
284 1924
979 1610
1610 1478
1478 2052
1478 861
2052 631
631 573
631 1533
573 553
553 1833
1833 595
595 1137
595 1480
1137 2049
2049 2022
2049 1304
2022 106
106 378
106 1821
378 1183
378 724
1183 1141
1183 6
1141 307
1141 1539
307 1444
307 105
1444 305
1444 2168
305 59
305 665
59 24
24 1513
1513 292
292 655
655 178
655 969
178 350
178 1979
350 1107
350 1447
1107 569
569 1286
1286 438
438 967
438 1906
967 535
535 732
535 1645
732 1098
1098 682
1098 806
682 372
372 983
983 928
928 244
928 1260
244 738
244 1472
738 1358
1358 1775
1358 431
1775 1868
1868 922
922 429
922 493
429 1207
429 678
1207 126
1207 1594
126 488
488 2106
2106 2021
2106 744
2021 709
2021 1502
709 746
746 1863
746 49
1863 593
1863 250
593 3
3 360
3 1664
360 676
676 1981
1981 158
1981 1325
158 1536
1536 1986
1536 156
1986 534
1986 1190
534 543
534 109
543 772
772 275
772 1216
275 1896
275 369
1896 824
824 610
824 757
610 1773
1773 825
1773 35
825 1655
1655 1117
1655 1832
1117 1050
1050 2076
1050 980
2076 913
2076 728
913 1491
1491 1903
1903 461
461 1658
1658 1125
1125 1246
1246 121
1246 148
121 1558
1558 357
1558 391
357 383
357 1831
383 996
383 1505
996 1153
996 1600
1153 1370
1153 875
1370 612
612 565
612 301
565 819
565 1009
819 1225
819 1301
1225 662
662 330
662 1172
330 1364
330 1222
1364 904
1364 466
904 104
104 1959
104 892
1959 321
321 1269
1269 168
1269 220
168 1836
168 315
1836 1425
1836 626
1425 1578
1578 479
479 1777
1777 335
1777 1193
335 1951
1951 1503
1951 2069
1503 1290
1290 448
1290 1086
448 1650
1650 562
1650 150
562 1146
562 2010
1146 1974
1974 240
240 1550
1550 1878
1550 455
1878 1893
1893 276
276 2131
2131 2027
2027 1313
1313 1481
1481 2044
1481 1735
2044 874
874 652
874 191
652 1702
1702 1851
1702 1683
1851 687
687 1049
687 1089
1049 1726
1049 1475
1726 1627
1726 26
1627 129
129 334
129 242
334 232
334 340
232 1093
232 65
1093 1329
1329 735
735 151
735 989
151 163
163 1381
1381 1882
1882 1991
1991 1297
1297 670
1297 1573
670 1154
1154 229
229 594
229 1048
594 219
219 1757
1757 911
1757 2114
911 1440
1440 230
1440 1574
230 2017
2017 1403
2017 1862
1403 1722
1722 970
970 498
498 175
498 1861
175 1204
1204 1935
1204 856
1935 726
1935 1768
726 556
556 885
885 1542
1542 264
264 2043
264 1303
2043 1765
1765 1071
1765 1975
1071 1511
1071 840
1511 1561
1511 1826
1561 20
20 1343
20 1644
1343 1611
1611 965
965 1035
965 1319
1035 202
202 367
202 2047
367 1435
1435 1759
1759 650
650 1038
650 483
1038 2030
1038 733
2030 183
183 1782
183 776
1782 1196
1196 2132
1196 1312
2132 1412
2132 1913
1412 2160
2160 1439
1439 529
529 1987
1987 1056
1987 1194
1056 1948
1056 1529
1948 435
1948 1242
435 489
489 1567
489 867
1567 1202
1202 214
214 897
214 1060
897 364
897 1590
364 1488
364 1375
1488 1316
1316 270
270 1374
270 1001
1374 1498
1374 2073
1498 808
1498 1710
808 876
808 1405
876 617
617 830
617 1923
830 1971
830 2032
1971 1741
1741 1004
1004 80
80 597
80 1210
597 1175
597 1339
1175 10
10 78
10 2137
78 803
803 859
803 1285
859 1453
1453 880
1453 41
880 548
548 879
548 2123
879 1198
879 439
1198 120
120 846
120 1248
846 1231
846 478
1231 1189
1189 1016
1189 1449
1016 1180
1180 1399
1180 1362
1399 1869
1869 1302
1302 2001
1302 171
2001 1854
2001 1411
1854 536
1854 194
536 42
536 649
42 1588
42 2167
1588 973
1588 1165
973 764
764 1676
1676 2138
1676 2135
2138 1430
1430 115
1430 1943
115 1953
115 108
1953 5
1953 782
5 1476
1476 641
641 2162
641 1617
2162 1963
2162 1258
1963 944
1963 354
944 633
633 554
554 1746
554 1587
1746 320
1746 25
320 210
320 781
210 341
341 765
765 1408
765 2133
1408 231
1408 208
231 440
440 86
86 2099
2099 931
2099 1717
931 1883
931 557
1883 564
1883 333
564 1406
564 978
1406 507
1406 262
507 2038
2038 486
2038 1452
486 344
344 1843
344 1075
1843 590
590 1824
590 2008
1824 1335
1824 912
1335 520
520 905
520 1767
905 179
905 958
179 458
179 1457
458 64
