15 2259 5575
10 1
10 13
1 3
1 8
3 6
3 4
6 7
7 5
5 15
5 11
15 2
15 9
2 12
12 14
808 33
33 750
33 807
750 1862
1862 488
1862 881
488 1912
488 1656
1912 1579
1912 456
1579 147
1579 1097
147 641
641 1987
1987 94
1987 1945
94 116
116 18
18 345
18 863
345 1201
345 44
1201 697
697 1713
697 765
1713 546
1713 2077
546 2085
2085 2115
2115 1689
2115 2186
1689 8
8 670
8 322
670 2036
2036 190
190 1955
190 1210
1955 1459
1459 487
1459 663
487 1811
487 1393
1811 1125
1125 1310
1310 1848
1848 1558
1848 351
1558 852
1558 443
852 1215
852 2056
1215 1409
1409 479
1409 1236
479 314
479 440
314 1466
314 1235
1466 845
845 2201
2201 518
2201 226
518 1292
518 1821
1292 934
1292 1634
934 1607
1607 1905
1905 749
749 884
749 1100
884 2037
2037 1919
2037 2012
1919 10
10 1632
1632 1284
1284 390
1284 1581
390 2140
2140 676
2140 117
676 407
407 1407
1407 1721
1721 2050
1721 880
2050 1536
2050 828
1536 955
955 1519
1519 1166
1166 1859
1859 778
778 1756
778 726
1756 759
759 702
759 1404
702 936
936 2123
936 658
2123 486
486 1117
486 1128
1117 197
197 1011
1011 1358
1358 1730
1730 1486
1730 648
1486 5
5 361
361 1522
361 1017
1522 1686
1522 827
1686 1189
1189 177
177 594
594 332
594 339
332 823
332 1182
823 901
901 657
901 1485
657 2011
657 1055
2011 2009
2009 1508
1508 660
1508 77
660 954
660 897
954 577
577 75
577 1312
75 2223
75 2055
2223 1942
1942 943
943 1063
1063 1908
1908 1739
1739 1984
1739 2049
1984 669
1984 531
669 886
886 1104
886 603
1104 32
32 681
32 1797
681 347
681 353
347 877
347 252
877 148
877 374
148 1870
148 450
1870 1449
1870 1483
1449 2195
2195 1861
1861 2208
1861 514
2208 413
2208 1997
413 1299
1299 259
1299 2092
259 875
875 1398
875 1583
1398 1769
1769 1028
1028 638
638 2130
638 45
2130 1172
1172 645
1172 357
645 712
712 1723
712 1568
1723 403
403 796
796 1704
796 632
1704 679
1704 1860
679 1451
1451 1240
1451 871
1240 1192
1192 859
859 1760
859 1320
1760 508
508 1790
508 686
1790 1155
1155 137
1155 494
137 1802
137 1623
1802 1561
1561 1829
1561 121
1829 1341
1829 690
1341 354
1341 1045
354 307
307 312
307 505
312 1167
1167 15
1167 947
15 1251
15 2052
1251 1694
1694 1348
1348 1985
1985 1124
1985 1282
1124 1143
1143 1207
1143 1712
1207 1497
1207 1752
1497 2035
2035 2083
2035 680
2083 2126
2126 522
522 2066
2066 1428
2066 1396
1428 1910
1910 940
940 1979
1979 1742
1979 2082
1742 29
1742 204
29 344
29 231
344 2031
344 1603
2031 1847
2031 1000
1847 427
427 1304
1304 1816
1816 1037
1037 2015
1037 716
2015 1586
2015 713
1586 1645
1645 2218
2218 918
2218 1078
918 572
572 661
661 1953
1953 1890
1953 786
1890 449
1890 2179
449 1967
449 1766
1967 1902
1967 1588
1902 1774
1774 1330
1330 23
1330 1956
23 586
23 2205
586 754
754 629
629 51
629 1302
51 1285
1285 741
1285 1768
741 2027
2027 205
205 556
205 298
556 1996
1996 497
497 938
938 2093
2093 2155
2093 2248
2155 1718
2155 1748
1718 1239
1239 378
378 902
378 507
902 623
623 280
623 513
280 2227
280 25
2227 1977
2227 278
1977 40
1977 1731
40 547
40 471
547 230
547 1360
230 1075
1075 1786
1075 1683
1786 1217
1217 825
1217 1866
825 1295
1295 1110
1110 1038
1110 1741
1038 140
140 1410
1410 1649
1649 1960
1960 1157
1960 703
1157 1168
1168 527
527 1779
1779 933
933 599
599 1548
1548 1587
1587 1152
1152 222
1152 890
222 2090
222 1194
2090 221
2090 1041
221 2197
221 659
2197 757
2197 1505
757 1380
757 1291
1380 1427
1380 1610
1427 1990
1427 595
1990 262
262 1042
1042 2091
1042 1233
2091 2167
2167 2131
2131 971
971 1681
971 649
1681 2189
2189 795
795 519
519 397
519 949
397 841
841 1206
1206 156
1206 24
156 994
156 506
994 960
960 1596
1596 425
425 1138
1138 1316
1138 141
1316 1564
1564 1664
1664 1827
1827 336
1827 970
336 60
336 1900
60 1065
60 1373
1065 1088
1065 61
1088 701
1088 874
701 691
701 1137
691 673
673 97
97 801
97 570
801 1872
1872 1185
1185 892
1185 215
892 2008
892 391
2008 542
2008 583
542 1307
542 1794
1307 1600
1307 1514
1600 844
844 303
303 1935
303 1991
1935 1268
1935 2142
1268 2154
1268 216
2154 998
2154 1370
998 1555
998 1947
1555 1211
1555 1111
1211 538
538 274
274 1475
274 654
1475 1894
1475 1504
1894 1584
1584 1613
1613 613
1613 1178
613 1089
613 42
1089 330
1089 1444
330 922
330 756
922 1880
1880 554
1880 986
554 127
554 1058
127 291
127 2042
291 646
646 2108
646 549
2108 1144
1144 715
1144 1335
715 714
715 1684
714 2151
2151 455
2151 1651
455 2073
455 306
2073 1819
1819 962
1819 80
962 2068
2068 2244
2244 1660
1660 656
1660 142
656 2148
2148 2165
2148 935
2165 1546
1546 2229
2229 1668
2229 2080
1668 1841
1668 1419
1841 1212
1212 2171
1212 2190
2171 1780
1780 776
776 668
668 1076
668 530
1076 492
1076 1256
492 544
492 1662
544 256
256 1836
256 865
1836 1375
1836 611
1375 95
95 2253
95 950
2253 1778
1778 1727
1778 335
1727 238
238 1260
238 438
1260 722
1260 2076
722 987
987 1520
1520 1102
1102 1083
1083 706
1083 326
706 784
706 105
784 1933
784 273
1933 917
917 1198
1198 467
467 651
467 478
651 2239
2239 1882
1882 2194
1882 72
2194 1772
2194 1488
1772 1576
1576 442
442 281
442 1906
281 1390
1390 1601
1601 328
328 106
328 173
106 1242
1242 1197
1197 436
436 1121
1121 28
28 1455
1455 1323
1455 559
1323 1216
1216 73
1216 621
73 2160
2160 120
2160 1792
120 773
773 289
289 1425
289 2106
1425 1591
1591 157
1591 1795
157 853
853 1675
853 1252
1675 1422
1675 1899
1422 1498
1498 1513
1513 389
389 685
389 2010
685 20
20 512
512 430
430 308
430 2088
308 2033
308 419
2033 408
2033 35
408 376
408 151
376 605
376 1226
605 1481
1481 1424
1481 1559
1424 1340
1340 1231
1340 2192
1231 168
168 730
730 36
730 1046
36 1267
36 1258
1267 1450
1267 2231
1450 1751
1751 1954
1954 1708
1708 810
810 1374
1374 1604
1374 481
1604 2105
2105 229
2105 1196
229 1999
1999 1711
1711 1329
1329 1435
1329 1989
1435 412
1435 1877
412 707
412 764
707 1220
1220 652
1220 985
652 2146
2146 1574
2146 1054
1574 804
804 1806
1806 1709
1806 1934
1709 2104
1709 1073
2104 1755
2104 2153
1755 647
1755 2213
647 541
647 1533
541 740
740 1697
1697 1539
1697 1490
1539 1677
1677 1654
1677 1247
1654 2176
2176 1550
1550 2062
2062 937
937 1237
1237 1673
1237 1108
1673 1067
1067 1447
1447 1232
1447 768
1232 466
466 643
643 1820
1820 609
609 400
609 1849
400 1796
400 1387
1796 47
47 2124
2124 1703
2124 1261
1703 873
873 448
448 1858
448 864
1858 2018
2018 87
2018 1757
87 1749
1749 1540
1540 1914
1540 1366
1914 2202
2202 1771
2202 2043
1771 57
1771 2203
57 2159
57 942
2159 909
2159 820
909 176
176 1050
176 1921
1050 1593
1593 1489
1593 2236
1489 1570
1570 103
1570 1165
103 1077
103 1297
1077 1788
1788 1674
1788 288
1674 1512
1512 682
682 1582
1582 1248
1582 1856
1248 447
447 410
410 1631
410 1492
1631 1445
1445 1845
1445 319
1845 1095
1095 1456
1095 1913
1456 1405
1405 370
1405 1714
370 236
236 2234
236 753
2234 1896
2234 1079
1896 2017
1896 2034
2017 1414
1414 1844
1414 856
1844 96
96 1274
96 1928
1274 751
751 301
301 263
301 114
263 1477
1477 705
1477 1865
705 272
705 2222
272 2023
2023 2040
2040 1744
1744 631
631 1622
631 2064
1622 1325
1325 1516
1516 1372
1516 300
1372 2259
1372 1286
2259 489
489 1342
489 1142
1342 957
1342 539
957 988
988 115
115 748
748 630
630 2225
630 1440
2225 1106
1106 1469
1469 2181
1469 1907
2181 1608
1608 1963
1963 1765
1765 1968
1968 2145
2145 406
2145 858
406 771
771 1695
1695 1465
1465 1650
1465 965
1650 1981
1981 733
1981 569
733 420
733 4
420 1657
420 1351
1657 1506
1657 296
1506 417
1506 343
417 498
417 428
498 297
297 861
861 1549
861 1355
1549 1658
1658 1915
1915 37
37 1442
37 743
1442 2210
1442 1526
2210 235
2210 1416
235 1209
235 563
1209 948
948 567
948 1565
567 1501
567 1012
1501 1001
1501 49
1001 350
350 233
233 1349
1349 903
903 672
672 529
529 1205
529 1971
1205 101
1205 1680
101 1022
1022 593
1022 721
593 1454
1454 982
1454 822
982 48
982 1810
48 483
483 1010
483 1521
1010 839
1010 1288
839 1402
839 675
1402 1430
1402 548
1430 373
373 363
373 2129
363 928
363 1116
928 876
928 624
876 1313
876 829
1313 270
1313 1023
270 1964
270 1733
1964 1973
1964 899
1973 725
1973 30
725 1476
725 1262
1476 1655
1476 2143
1655 1982
1655 1130
1982 719
1982 1112
719 1090
1090 1874
1874 333
333 174
174 1154
174 1734
1154 1691
1691 320
1691 418
320 214
320 167
214 1224
1224 2102
1224 1661
2102 1280
1280 360
360 995
995 193
995 164
193 1464
193 1448
1464 1948
1948 242
242 188
188 626
188 1701
626 2029
626 1706
2029 501
2029 1922
501 2045
501 1636
2045 1234
2045 1612
1234 178
1234 1803
178 1737
1737 150
1737 1334
150 2177
2177 931
2177 1019
931 564
564 2220
2220 1556
2220 598
1556 558
1556 835
558 1337
1337 2048
1337 217
2048 1804
2048 1180
1804 819
819 1951
1951 1614
1614 898
898 2226
898 82
2226 2007
2007 905
905 689
689 932
932 1482
1482 1381
1482 1170
1381 98
98 185
98 584
185 1080
185 622
1080 2096
2096 1460
1460 1363
1363 2157
1363 813
2157 887
2157 1817
887 1534
887 2103
1534 1103
1534 1243
1103 1096
1096 1571
1571 86
1571 2241
86 68
68 1175
1175 2119
1175 989
2119 1433
2119 327
1433 64
1433 1503
64 163
64 1688
163 158
163 1200
158 1647
1647 612
612 232
612 311
232 411
232 285
411 201
201 102
102 138
138 1826
138 1394
1826 365
365 2133
365 6
2133 1114
2133 926
1114 910
910 2078
910 2242
2078 108
2078 644
108 223
108 1952
223 1308
1308 1127
1308 219
1127 265
265 1254
1254 709
709 883
709 1015
883 255
883 1911
255 323
323 1983
1983 1382
1382 170
170 92
170 1864
92 1184
92 855
1184 83
83 2235
83 628
2235 525
2235 1006
525 695
695 923
923 1825
923 1692
1825 1743
1825 2094
1743 1139
1139 1311
1311 1563
1563 2101
2101 81
2101 777
81 723
723 774
723 1663
774 1032
1032 907
1032 1590
907 348
907 2089
348 766
766 334
334 1309
334 485
1309 331
1309 860
331 1630
1630 2074
1630 976
2074 671
2074 1855
671 1776
1776 1039
1776 1615
1039 983
983 963
983 1059
963 26
963 1648
26 89
89 1064
89 1974
1064 377
377 1611
1611 372
1611 175
372 1099
1099 1761
1761 2135
1761 461
2135 1406
2135 1857
1406 254
254 1176
1176 1371
1371 1219
1371 792
1219 1036
1036 1972
1036 780
1972 717
1972 454
717 814
717 1084
814 1336
814 2221
1336 1056
1056 1719
1056 213
1719 1724
1719 974
1724 375
375 1785
375 1470
1785 266
1785 1773
266 1376
1376 88
88 1429
1429 545
545 1722
545 1277
1722 1626
1722 999
1626 1119
1626 2125
1119 502
502 1652
502 956
1652 1873
1652 838
1873 968
1873 1835
968 139
968 1745
139 1161
1161 694
1161 967
694 1625
694 1602
1625 1016
1016 1018
1018 220
220 590
590 1659
590 1347
1659 1085
1659 984
1085 588
1085 395
588 126
588 1500
126 1544
126 1879
1544 424
1544 526
424 698
698 1824
698 38
1824 662
662 1754
662 1640
1754 992
1754 392
992 2147
992 1135
2147 2004
2147 799
2004 882
882 566
882 1569
566 1030
566 862
1030 2134
2134 2198
2198 729
2198 1420
729 1173
1173 2178
2178 655
655 744
655 1230
744 109
109 1809
109 920
1809 1685
1809 423
1685 133
133 959
133 2256
959 1917
1917 1317
1317 1510
1317 587
1510 275
275 1525
1525 872
1525 557
872 1959
1959 1883
1883 292
292 1781
292 2054
1781 1129
1781 90
1129 1918
1918 1729
1729 1529
1529 2144
2144 433
2144 1457
433 2204
433 1478
2204 317
2204 1331
317 1223
1223 74
74 797
74 1364
797 2038
2038 3
2038 11
3 111
111 1005
1005 904
1005 1418
904 368
904 579
368 1437
1437 1517
1437 171
1517 2030
1517 1107
2030 39
39 261
39 2232
261 1024
261 2000
1024 1391
1391 596
596 1480
1480 1183
1183 1747
1183 893
1747 1641
1641 2060
2060 788
2060 758
788 1595
788 182
1595 1617
1595 284
1617 1936
1936 806
1936 1318
806 1740
806 1367
1740 1838
1740 484
1838 951
951 358
951 1245
358 1082
358 1575
1082 2005
2005 1163
2005 2087
1163 2075
1163 1837
2075 2067
2067 1385
1385 16
16 944
16 1214
944 415
944 979
415 1667
1667 269
269 31
31 576
31 496
576 2238
2238 1145
1145 1560
1560 879
879 202
202 1633
202 1699
1633 421
421 1467
1467 107
1467 553
107 41
107 889
41 2164
41 1566
2164 815
815 1725
1725 1249
1249 1021
1021 1916
1021 19
1916 431
431 1763
1763 1793
1793 906
1793 135
906 1070
1070 975
975 245
975 250
245 1957
245 732
1957 1109
1957 687
1109 1920
1109 1980
1920 1471
1920 2109
1471 1333
1471 1962
1333 1639
1639 1151
1639 1087
1151 187
187 211
187 1496
211 2032
211 1693
2032 349
349 2156
2156 198
2156 1511
198 1764
1764 1098
1764 1799
1098 683
1098 817
683 426
426 264
264 736
736 2224
2224 195
195 945
195 2025
945 91
945 1580
91 128
91 2196
128 12
12 144
144 112
144 1784
112 1538
112 416
1538 1939
1538 71
1939 465
1939 635
465 267
465 1487
267 1413
267 1257
1413 560
560 1452
1452 1229
1229 2168
1229 130
2168 769
769 1159
769 1218
1159 100
100 575
575 1665
1665 1523
1523 469
1523 1134
469 386
469 2098
386 441
441 2044
441 2219
2044 1494
2044 2039
1494 58
58 1094
1094 131
1094 463
131 843
843 504
504 1386
504 2121
1386 480
480 1543
480 1969
1543 2019
1543 1831
2019 123
123 206
206 1993
1993 342
1993 1509
342 2065
2065 1605
2065 1
1605 161
161 727
161 180
727 1775
727 1153
1775 742
1775 162
742 2243
742 1619
2243 849
849 2127
2127 341
341 534
341 387
534 1357
1357 396
1357 59
396 209
209 294
209 212
294 1889
294 2163
1889 1123
1123 1758
1123 1970
1758 364
364 1293
364 1891
1293 446
1293 1306
446 1066
1066 62
62 1332
62 152
1332 1926
1332 767
1926 1343
1343 1287
1343 842
1287 393
393 2116
393 2207
2116 260
2116 1025
260 929
260 958
929 802
802 84
84 678
84 1002
678 809
809 1653
1653 2233
2233 2006
2233 65
2006 812
2006 2199
812 1682
812 1931
1682 738
738 186
186 2247
2247 925
925 482
925 2257
482 1553
1553 321
1553 17
321 495
321 1881
495 210
210 618
210 371
618 2020
2020 2013
2013 1671
1671 136
136 491
491 803
491 1321
803 1356
1356 247
247 1160
247 677
1160 711
1160 1616
711 1491
1491 2097
2097 1609
2097 857
1609 14
14 2100
14 2212
2100 248
2100 1854
248 666
248 183
666 915
915 1924
1924 54
54 1644
54 1750
1644 367
367 783
783 1628
783 1554
1628 155
155 597
597 329
329 1158
329 761
1158 811
811 318
811 1246
318 277
277 1397
1397 1805
1805 1599
1805 1547
1599 1276
1599 1339
1276 997
997 745
745 2174
2174 1901
1901 615
1901 704
615 70
70 1379
70 1115
1379 22
1379 196
22 1350
1350 1976
1976 1975
1976 154
1975 973
1975 833
973 1678
973 1994
1678 606
1678 1767
606 437
437 565
437 208
565 1823
1823 601
1823 636
601 737
737 616
737 472
616 2172
616 847
2172 1271
1271 2047
2047 462
2047 2184
462 1148
462 1808
1148 1853
1853 1850
1853 1146
1850 1998
1998 1888
1998 2141
1888 1043
1043 432
432 1943
432 850
1943 1903
1903 468
468 1344
468 980
1344 1528
1344 1557
1528 1412
1528 607
1412 169
1412 1515
169 1642
1642 1289
1289 1782
1782 1264
1264 1040
1040 1338
1338 1705
1705 110
110 2113
2113 2170
2113 755
2170 2188
2170 69
2188 2152
2152 614
2152 9
614 1815
614 2187
1815 1687
1687 696
1687 2041
696 866
696 251
866 384
384 1828
1828 1434
1434 2107
1434 1746
2107 2249
2249 402
402 1618
402 276
1618 192
192 179
192 1007
179 1269
179 924
1269 2059
1269 552
2059 34
34 460
34 1227
460 1047
1047 394
394 794
794 517
794 2216
517 2215
2215 1186
2215 818
1186 533
533 1259
533 724
1259 1946
1259 540
1946 891
891 1086
891 1281
1086 199
199 2137
2137 1732
2137 591
1732 1635
1635 1305
1305 324
1305 473
324 1275
324 369
1275 2161
1275 445
2161 913
913 346
913 509
346 160
160 43
160 1577
43 1545
43 1199
1545 7
1545 125
7 568
7 1003
568 1966
1966 149
1966 338
149 244
244 444
444 458
444 1551
458 2149
458 1250
2149 1830
1830 1020
1830 1389
1020 1193
1020 520
1193 78
78 688
78 1606
688 1213
688 2237
1213 1670
1670 840
840 1141
840 1014
1141 309
309 634
634 1438
634 1941
1438 1875
1875 435
1875 1840
435 1426
435 237
1426 218
218 66
66 118
118 578
118 1995
578 1472
578 249
1472 793
1472 1507
793 1812
793 1136
1812 1031
1031 194
1031 1468
194 399
399 379
379 1270
1270 46
46 535
535 1266
1266 1715
1266 122
1715 2071
1715 1322
2071 1932
2071 916
1932 561
561 1646
561 1241
1646 258
258 1493
258 1181
1493 846
846 2217
846 243
2217 1147
1147 1061
1147 2026
1061 2058
2058 2150
2058 1113
2150 574
2150 1537
574 1298
574 911
1298 2014
2014 241
241 610
610 159
159 785
785 867
867 1818
1818 2169
2169 633
633 352
352 582
582 2139
2139 1950
1950 2110
2110 1930
2110 310
1930 2158
2158 2206
2158 1053
2206 1846
2206 912
1846 1929
1846 1354
1929 1156
1156 1238
1238 816
1238 2251
816 562
562 1033
1033 1578
1033 2180
1578 991
991 1255
991 464
1255 1716
1716 1992
1992 805
805 2051
2051 1624
2051 189
1624 2120
1624 191
2120 1789
2120 964
1789 1710
1789 282
1710 914
1710 385
914 1462
1462 2230
1462 1408
2230 474
2230 1717
474 1884
474 1988
1884 770
770 1034
1034 1401
1401 993
1401 1887
993 1620
1620 2069
1620 2063
2069 1871
2069 381
1871 1446
1446 1927
1927 1361
1927 1923
1361 2246
2246 1377
1377 1352
1377 113
1352 1403
1352 1938
1403 1479
1403 1417
1479 1384
1479 1629
1384 268
1384 1436
268 642
642 699
699 1162
699 990
1162 1049
1162 1253
1049 302
1049 1228
302 837
837 439
837 1898
439 1937
439 763
1937 1978
1937 625
1978 653
653 457
457 2252
457 2111
2252 528
2252 868
528 85
85 104
85 692
104 1598
104 888
1598 718
1598 731
718 2046
2046 1301
2046 1048
1301 1909
1301 1195
1909 1383
1383 1925
1925 119
1925 1597
119 2228
2228 1221
2228 1062
1221 2028
1221 1044
2028 619
619 885
619 1679
885 1484
885 52
1484 639
639 1190
639 1638
1190 2175
1190 762
2175 516
2175 896
516 1530
516 1949
1530 304
304 355
304 1965
355 1834
1834 1637
1637 1013
1637 1762
1013 977
1013 2057
977 286
286 1707
286 1081
1707 1535
1707 1627
1535 1319
1535 600
1319 76
76 1897
76 1009
1897 1892
1892 1728
1728 2209
2209 382
382 511
382 1643
511 2021
2021 240
2021 832
240 234
234 429
234 203
429 798
429 821
798 1399
798 1283
1399 79
1399 1940
79 279
79 700
279 13
13 779
13 550
779 1542
1542 1120
1542 831
1120 1801
1801 1735
1801 608
1735 1068
1735 325
1068 1432
1432 359
1432 2173
359 1177
359 388
1177 604
1177 1421
604 2114
2114 708
2114 1303
708 781
781 1783
781 1202
1783 1592
1592 981
981 366
366 225
225 523
225 869
523 1027
1027 908
908 1736
1736 165
165 894
894 602
602 257
257 961
961 1461
961 747
1461 953
1461 1759
953 978
978 2240
2240 1839
1839 1101
1101 2214
2214 2070
2070 775
2070 1105
775 1798
775 1400
1798 581
1798 2200
581 2016
2016 2118
2118 851
851 1327
851 414
1327 1164
1327 290
1164 834
1164 2138
834 592
834 475
592 124
592 1698
124 1008
124 1944
1008 1852
1008 1770
1852 181
1852 2003
181 746
746 1807
1807 1777
1777 1893
1893 1415
1893 824
1415 739
1415 551
739 895
895 383
895 1690
383 1328
1328 500
1328 2079
500 1263
500 2086
1263 878
1263 1843
878 50
50 2255
50 2002
2255 470
2255 362
470 2258
470 21
2258 589
2258 870
589 295
295 1278
1278 1753
1753 63
63 1672
63 1439
1672 1895
1672 2183
1895 772
772 451
772 452
451 1150
1150 693
693 900
693 515
900 2191
900 1473
2191 1531
1531 2250
2250 941
2250 453
941 2185
2185 1527
2185 499
1527 555
1527 848
555 1324
1324 1453
1453 459
1453 1029
459 536
459 200
536 1122
536 1594
1122 490
1122 1589
490 228
228 493
228 1345
493 728
493 854
728 1822
728 930
1822 1074
1822 972
1074 1203
1203 53
53 1378
53 543
1378 2254
2254 836
2254 1463
836 305
305 1222
1222 172
1222 1133
172 537
172 313
537 1502
1502 129
129 1833
129 2245
1833 1369
1369 246
246 1279
1279 337
337 1051
1051 640
1051 1071
640 2084
640 1092
2084 1091
1091 1294
1294 1676
1676 2132
2132 2072
2072 1004
1004 2136
1004 283
2136 927
2136 1365
927 664
664 1541
1541 1300
1300 1814
1814 1904
1904 1499
1499 1060
1499 1326
1060 1842
1060 1832
1842 620
620 1738
620 1392
1738 477
477 946
946 1140
1140 787
787 1958
787 789
1958 1131
1958 132
1131 580
580 1441
580 1696
1441 952
952 1093
1093 1669
1093 2095
1669 356
356 1573
1573 99
99 253
253 405
405 398
405 790
398 1362
1362 1072
1362 665
1072 401
1072 1878
401 434
434 752
752 207
752 1552
207 1395
207 521
1395 674
674 1191
1191 293
293 166
293 1791
166 1562
1562 340
1562 1272
340 2001
340 627
2001 476
476 1208
476 146
1208 1702
1702 1174
1174 1700
1700 2128
2128 1118
2128 93
1118 67
1118 1290
67 503
67 2081
503 760
760 919
760 1346
919 227
227 1787
1787 637
1787 1315
637 1188
1188 1474
1188 1273
1474 617
617 969
617 573
969 1585
969 1867
1585 1423
1585 667
1423 2053
2053 1886
2053 1388
1886 1868
1868 380
1868 1813
380 1204
380 1314
1204 791
1204 1800
791 404
404 921
921 2122
2122 1524
2122 271
1524 2166
2166 1621
2166 710
1621 2182
1621 409
2182 1132
2182 1359
1132 1726
1132 2162
1726 524
1726 826
524 1265
1265 1179
1265 1532
1179 1225
1225 1443
1443 1431
1431 1876
1431 1411
1876 1353
1353 1851
1353 1126
1851 422
1851 734
422 315
315 1567
1567 134
1567 2211
134 287
134 782
287 1666
1666 650
650 143
143 1052
1052 720
720 2061
720 56
2061 316
316 239
239 735
239 585
735 184
735 27
184 2112
184 1187
2112 571
571 1458
1458 2117
2117 1518
2117 55
1518 1961
1518 1149
1961 510
510 1869
1869 1069
1869 2022
1069 1885
1885 1986
1986 153
1986 1572
153 2099
153 1244
2099 2193
2193 224
2193 145
224 966
966 1495
966 1169
1495 1026
1495 1171
1026 830
830 299
830 1720
299 1368
1368 1863
1863 1057
1863 1035
1057 939
939 800
800 684
800 1296
684 2024
2024 2
2024 532
2 996
