27 1678 653610
21 14
21 27
14 7
14 6
7 3
3 2
3 9
2 11
2 24
11 18
18 8
18 16
8 25
8 22
25 12
12 20
12 26
20 15
20 23
15 10
10 17
17 19
19 13
19 1
13 5
5 4
1027 1399
1027 283
1399 265
1399 237
265 929
265 1391
929 1421
929 1465
1421 517
1421 1432
517 254
517 401
254 913
254 1459
913 1143
1143 1032
1143 1258
1032 468
468 375
375 83
375 1548
83 1372
83 320
1372 1017
1372 1309
1017 1026
1017 1227
1026 655
655 62
62 324
324 286
286 1664
1664 1672
1664 1601
1672 1237
1672 1077
1237 648
648 453
648 1170
453 1053
1053 196
196 1195
196 1260
1195 1087
1195 1042
1087 1253
1087 1327
1253 45
1253 520
45 76
76 1106
1106 718
718 1283
1283 129
1283 417
129 847
129 506
847 491
491 972
491 1630
972 805
805 1500
1500 177
1500 678
177 1029
177 754
1029 553
553 1668
1668 692
1668 269
692 463
463 543
543 1439
1439 1273
1439 793
1273 1096
1273 1299
1096 1490
1096 1051
1490 1450
1450 15
1450 1271
15 1570
1570 797
1570 536
797 1347
797 712
1347 211
211 1558
211 1585
1558 1190
1558 1080
1190 861
1190 878
861 828
828 1423
828 646
1423 699
699 1022
1022 125
125 264
125 28
264 773
773 1173
773 952
1173 1075
1075 676
1075 1525
676 590
676 1152
590 343
590 1631
343 995
995 29
29 1059
29 144
1059 1323
1323 414
1323 768
414 376
376 422
376 1651
422 112
422 406
112 549
112 1470
549 1674
549 94
1674 1656
1674 1605
1656 1286
1286 1437
1437 374
374 1302
1302 727
727 971
727 479
971 305
971 1620
305 1427
1427 485
1427 1065
485 1369
485 911
1369 409
1369 1582
409 1163
409 27
1163 507
507 930
930 6
930 1161
6 263
263 1454
1454 1530
1530 261
1530 464
261 1564
1564 1571
1564 854
1571 273
1571 72
273 434
434 1086
1086 576
576 661
576 650
661 645
645 1534
1534 934
934 1612
1612 96
1612 814
96 547
96 1125
547 525
525 1210
1210 542
1210 470
542 1447
542 1653
1447 140
1447 1205
140 1046
1046 1464
1464 1619
1464 92
1619 50
50 1484
50 256
1484 448
448 1474
448 121
1474 1641
1474 1089
1641 630
630 316
630 723
316 126
316 145
126 1520
1520 1546
1546 245
245 632
632 1523
632 1316
1523 877
1523 708
877 1675
1675 1559
1559 1538
1538 1126
1538 1517
1126 1537
1126 344
1537 1615
1537 703
1615 1379
1615 933
1379 1177
1379 1196
1177 1367
1367 1269
1269 845
845 1606
845 1012
1606 1112
1606 1268
1112 914
914 1020
914 321
1020 373
1020 1034
373 369
369 1366
1366 1223
1366 109
1223 924
1223 158
924 1321
924 1622
1321 1643
1643 784
1643 656
784 1211
784 732
1211 1524
1211 393
1524 530
530 1665
530 1128
1665 1505
1665 947
1505 313
313 1136
313 969
1136 419
1136 867
419 489
489 554
554 1174
554 1156
1174 1214
1214 1345
1214 378
1345 1516
1345 988
1516 1063
1063 100
100 1021
100 235
1021 686
686 1011
686 668
1011 804
804 825
804 262
825 546
546 572
546 851
572 637
572 1344
637 1082
1082 1293
1082 1521
1293 1545
1293 885
1545 98
98 1315
1315 876
1315 1324
876 267
267 418
418 899
899 1251
1251 591
591 1215
591 1469
1215 1090
1090 1058
1090 636
1058 236
236 992
992 1460
1460 619
1460 1332
619 300
619 1646
300 625
300 24
625 809
809 1673
1673 486
486 21
21 1371
21 589
1371 654
1371 740
654 780
780 711
780 1291
711 225
225 338
225 340
338 1572
338 1634
1572 785
785 1070
785 639
1070 550
1070 59
550 1072
550 1607
1072 684
684 1528
684 392
1528 150
150 1413
150 512
1413 982
1413 955
982 1194
1194 26
26 993
993 510
510 1047
1047 883
1047 937
883 756
883 281
756 498
756 1091
498 921
498 1562
921 689
921 413
689 1133
689 984
1133 896
896 1438
1438 323
1438 266
323 398
398 788
398 204
788 194
194 915
915 850
915 215
850 275
850 55
275 587
275 610
587 1340
1340 442
1340 787
442 1115
442 353
1115 1068
1115 1013
1068 682
682 1155
1155 1381
1381 172
172 821
821 1551
821 620
1551 1386
1386 691
1386 950
691 1567
691 857
1567 658
1567 54
658 574
574 1536
1536 1242
1536 201
1242 165
165 1306
1306 928
1306 1246
928 1375
1375 167
167 545
545 798
798 1295
798 874
1295 595
1295 181
595 1088
595 531
1088 826
826 1272
826 363
1272 1489
1272 1171
1489 965
1489 1529
965 332
332 1483
1483 1105
1483 42
1105 833
833 1154
1154 359
359 1557
1557 765
1557 1486
765 1397
765 895
1397 70
70 16
70 1109
16 118
118 538
118 548
538 535
535 347
535 1278
347 1114
347 1303
1114 88
1114 1580
88 1097
1097 657
1097 1166
657 555
657 985
555 1333
555 330
1333 274
274 515
515 1314
1314 1678
1314 938
1678 905
905 624
624 888
624 858
888 278
278 660
278 584
660 1574
1574 1553
1553 93
93 1135
1135 1193
1135 17
1193 69
69 601
69 1057
601 904
601 1103
904 23
23 176
23 44
176 1579
1579 1203
1579 408
1203 1307
1203 1638
1307 1276
1307 1440
1276 1200
1276 477
1200 74
74 744
74 428
744 1657
744 999
1657 597
1657 1243
597 420
597 1663
420 998
420 1417
998 812
812 317
317 1290
317 1533
1290 726
1290 397
726 457
726 227
457 400
400 1402
1402 769
1402 1408
769 39
39 1050
1050 1187
1187 1550
1550 633
633 724
633 518
724 431
724 753
431 503
503 521
503 1175
521 218
521 1542
218 310
218 1037
310 509
509 1159
1159 608
1159 701
608 1231
608 1494
1231 1067
1067 1586
1586 1547
1547 226
226 430
430 1138
430 65
1138 1492
1492 455
455 725
725 1357
725 277
1357 365
1357 1509
365 48
48 565
565 1074
1074 1045
1045 1301
1301 618
1301 128
618 679
618 133
679 288
679 1587
288 1183
288 12
1183 734
734 1146
734 1245
1146 1241
1146 747
1241 592
592 602
602 1608
1608 827
1608 1444
827 923
827 1479
923 379
923 195
379 834
834 1071
1071 570
1071 84
570 781
570 67
781 922
922 556
556 705
705 588
705 1130
588 766
766 1393
766 956
1393 918
1393 163
918 1
918 605
1 964
964 666
964 480
666 1514
1514 1224
1514 270
1224 902
1224 1356
902 425
425 382
425 166
382 651
651 372
372 119
119 443
119 875
443 926
926 1512
926 230
1512 1358
1512 1263
1358 750
1358 360
750 1515
750 881
1515 1019
1019 1308
1019 1150
1308 499
499 714
499 539
714 272
272 473
473 252
473 170
252 663
663 1600
1600 197
1600 391
197 1476
197 986
1476 1238
1476 333
1238 475
1238 203
475 1667
475 116
1667 614
1667 729
614 1001
614 1503
1001 960
960 403
403 229
403 1113
229 68
68 1218
68 1624
1218 232
1218 361
232 1635
232 1151
1635 1262
1635 421
1262 1428
1262 642
1428 162
1428 629
162 339
339 622
622 1603
622 493
1603 1511
1511 1305
1511 147
1305 887
887 1359
1359 1659
1359 1602
1659 370
370 900
900 298
900 578
298 991
298 1628
991 824
824 967
967 552
967 567
552 438
552 649
438 31
31 1233
31 192
1233 314
314 416
416 402
402 944
402 1648
944 1236
944 586
1236 1030
1030 302
302 1414
302 250
1414 713
713 791
791 1069
1069 868
1069 626
868 1540
1540 884
1540 1566
884 730
730 335
335 20
20 989
20 843
989 423
989 752
423 696
696 615
615 987
615 575
987 593
593 449
593 66
449 238
238 533
533 1502
1502 864
1502 1254
864 1435
864 1426
1435 675
675 1041
1041 1507
1507 319
1507 927
319 1481
319 794
1481 600
600 1352
1352 946
946 462
946 704
462 872
462 776
872 807
807 101
101 483
483 1132
1132 351
1132 829
351 1313
1313 311
1313 1555
311 540
311 148
540 1270
540 1025
1270 1206
1206 1526
1526 1374
1526 1378
1374 1411
1411 936
1411 1350
936 770
770 296
770 516
296 1409
1409 137
1409 228
137 187
187 40
40 623
40 1259
623 544
544 346
544 481
346 1279
1279 562
1279 1406
562 837
837 659
837 869
659 822
822 43
43 325
43 1457
325 1118
325 1304
1118 155
1118 842
155 1325
155 304
1325 1652
1325 920
1652 994
994 336
336 1583
1583 722
1583 908
722 18
18 968
968 1008
968 966
1008 1670
1670 1048
1048 892
1048 1487
892 1552
1552 1095
1552 415
1095 180
180 1363
180 329
1363 86
1363 1300
86 239
86 210
239 1002
1002 1677
1677 818
818 1186
1186 1232
1186 1160
1232 513
1232 977
513 1116
513 1230
1116 1201
1116 1613
1201 1400
1201 328
1400 202
202 1003
1003 149
149 1348
1348 1009
1348 1168
1009 348
348 185
348 60
185 596
185 122
596 102
102 715
715 41
715 1226
41 644
41 771
644 647
644 107
647 1434
647 1593
1434 209
1434 1376
209 1076
209 157
1076 241
241 179
241 514
179 1094
1094 1337
1337 117
1337 581
117 276
276 1119
276 435
1119 1385
1119 188
1385 1204
1204 1191
1191 1463
1463 383
383 674
674 665
674 1518
665 315
665 13
315 1377
1377 612
1377 1330
612 1266
612 258
1266 528
528 970
528 996
970 1576
970 941
1576 1640
1576 78
1640 1418
1418 342
342 223
223 130
223 735
130 681
130 399
681 569
681 1431
569 1415
569 1383
1415 1192
1415 234
1192 5
1192 709
5 1248
5 152
1248 1621
1248 563
1621 1662
1621 171
1662 354
1662 1061
354 22
354 813
22 1277
1277 1471
1277 1257
1471 36
36 404
36 492
404 856
404 1510
856 1153
856 832
1153 838
838 568
838 1000
568 199
568 1234
199 673
673 1623
673 380
1623 1671
1623 25
1671 1401
1671 1462
1401 1563
1401 1099
1563 280
1563 7
280 1198
280 1360
1198 123
123 30
123 1139
30 640
30 1355
640 1239
640 124
1239 82
1239 255
82 1267
82 685
1267 652
1267 490
652 1594
1594 1477
1477 1297
1297 1598
1297 257
1598 980
1598 611
980 1121
1121 454
454 307
454 169
307 1527
1527 106
106 1178
106 191
1178 1335
1335 1451
1451 1197
1451 159
1197 803
803 1436
803 53
1436 1560
1436 1148
1560 1573
1573 890
1573 532
890 407
407 879
407 14
879 1104
879 1220
1104 153
153 3
3 390
3 1549
390 49
49 1093
49 279
1093 1208
1208 1361
1208 1264
1361 1040
1040 1285
1040 461
1285 1031
1031 243
243 1392
1392 653
1392 495
653 786
653 790
786 1274
1274 161
161 247
161 1320
247 35
247 844
35 1644
35 249
1644 1182
1182 943
1182 1005
943 1416
1416 571
1416 910
571 1111
1111 1296
1111 731
1296 1614
1614 456
456 1676
456 1288
1676 1213
1213 1443
1213 1319
1443 497
1443 87
497 114
497 836
114 963
114 474
963 168
168 973
168 1611
973 231
973 1164
231 1179
1179 866
866 775
775 1568
1568 104
104 739
739 1312
739 63
1312 693
693 664
693 1134
664 441
664 412
441 830
441 1433
830 1064
1064 789
1064 759
789 1458
789 200
1458 870
870 906
870 1466
906 1169
906 1167
1169 1043
1043 1147
1147 1543
1543 616
616 32
32 205
205 817
817 143
817 303
143 327
143 1015
327 38
327 1541
38 326
326 1365
1365 889
889 983
983 1142
983 1219
1142 1461
1461 1165
1165 1448
1448 432
1448 1137
432 291
432 178
291 452
452 779
452 207
779 1189
779 77
1189 472
472 635
472 1396
635 289
635 1018
289 643
643 683
643 1083
683 939
939 384
384 978
978 1362
978 690
1362 71
1362 577
71 1249
1249 1389
1389 582
582 51
582 73
51 672
51 1033
672 1625
1625 820
820 736
736 440
440 284
284 1144
284 386
1144 362
1144 1387
362 1339
362 1617
1339 1280
1280 89
89 1127
1127 717
1127 105
717 1669
1669 677
677 558
558 268
268 467
467 482
467 445
482 1092
1092 919
919 1060
919 1081
1060 599
1060 1581
599 733
599 487
733 1342
733 297
1342 783
783 719
783 1157
719 751
719 760
751 796
796 1468
1468 217
1468 702
217 523
217 1225
523 37
37 981
981 367
981 1098
367 154
367 1004
154 1485
154 526
1485 349
349 522
349 56
522 519
519 948
948 146
948 1006
146 1478
146 260
1478 233
233 1172
233 1334
1172 949
949 287
949 862
287 1501
1501 1275
1501 469
1275 405
1275 1639
405 1120
405 1318
1120 1475
1120 1390
1475 447
1475 1456
447 1287
447 694
1287 1364
1287 1131
1364 606
606 1240
606 534
1240 631
1240 641
631 1661
631 1455
1661 1480
1480 1649
1480 1645
1649 1595
1649 873
1595 743
1595 871
743 1066
743 1014
1066 1202
1066 893
1202 1221
1202 11
1221 306
306 1589
1589 841
1589 433
841 1102
841 1145
1102 381
1102 1666
381 1007
381 219
1007 975
975 183
975 745
183 198
198 1609
198 1590
1609 1217
1217 1338
1338 1506
1338 1453
1506 1591
1591 529
1591 1597
529 840
529 1124
840 1229
840 688
1229 1424
1229 687
1424 458
1424 1250
458 880
880 561
561 95
561 698
95 1256
95 1282
1256 1052
1052 1539
1539 806
806 1284
1284 710
710 1618
710 1354
1618 1658
1658 1289
1289 1101
1101 1158
1101 974
1158 505
505 903
903 1117
903 1062
1117 1446
1117 810
1446 882
882 1403
1403 224
1403 292
224 720
224 1626
720 1024
1024 110
1024 957
110 1405
1405 1294
1294 79
1294 1495
79 8
79 1419
8 134
134 997
134 859
997 1326
997 1336
1326 852
1326 1422
852 437
852 580
437 240
437 242
240 799
240 808
799 484
484 337
337 1100
1100 800
1100 912
800 1647
800 251
1647 508
508 244
244 1084
244 444
1084 758
1084 501
758 135
135 1394
135 285
1394 221
1394 1556
221 1584
221 33
1584 1535
1584 1140
1535 345
345 504
345 551
504 1629
1629 446
1629 855
446 81
81 395
81 579
395 356
356 424
424 1373
424 1039
1373 132
1373 450
132 931
931 478
931 1642
478 863
863 371
863 127
371 1149
371 953
1149 746
746 352
746 1508
352 1499
1499 58
58 962
58 64
962 341
341 782
341 186
782 670
782 749
670 954
954 853
853 761
853 1637
761 541
761 778
541 4
541 253
4 1578
1578 795
795 1588
1588 1176
1588 738
1176 583
583 1496
583 638
1496 1384
1384 1445
1445 1188
1445 609
1188 667
1188 557
667 1346
1346 1660
1346 757
1660 1412
1412 865
865 299
865 1449
299 1028
1028 396
396 111
396 389
111 564
564 1185
564 141
1185 164
1185 511
164 388
388 811
811 716
811 1544
716 488
488 426
426 1482
1482 607
607 9
607 979
9 57
9 932
57 1328
1328 697
697 1513
697 1398
1513 916
1513 894
916 90
916 1079
90 19
90 46
19 1310
1310 193
193 909
193 1110
909 604
604 1561
604 617
1561 990
1561 613
990 1212
1212 1493
1212 1380
1493 1292
1493 174
1292 334
334 1577
1577 1235
1577 898
1235 387
387 1650
1650 741
1650 524
741 763
763 748
763 1554
748 594
748 206
594 1078
594 214
1078 935
935 411
935 427
411 848
411 1123
848 1129
1129 959
959 1255
959 742
1255 358
1255 1636
358 282
282 1410
1410 1298
1410 1404
1298 301
1298 1216
301 1181
301 1627
1181 802
1181 290
802 662
662 156
156 1488
156 774
1488 1498
1498 1056
1056 151
1056 182
151 917
151 429
917 1209
1209 695
1209 839
695 925
925 309
309 1317
1317 248
1317 1395
248 1531
248 1108
1531 1010
1010 671
1010 136
671 907
671 34
907 1596
907 222
1596 1180
1596 1122
1180 860
1180 1632
860 1370
860 1044
1370 1633
1370 184
1633 700
700 293
293 897
293 131
897 961
961 1331
961 1222
1331 1491
1331 1441
1491 598
598 1085
598 139
1085 451
451 1023
1023 259
1023 1519
259 1497
1497 680
1497 1654
680 1349
680 1207
1349 945
1349 721
945 1049
945 627
1049 777
1049 951
777 1184
1184 1452
1452 1038
1452 634
1038 559
559 1575
559 220
1575 1442
1442 173
173 410
173 772
410 502
410 108
502 1569
1569 494
1569 1343
494 1055
494 1429
1055 1141
1141 560
560 99
99 707
99 246
707 942
707 322
942 901
901 815
901 350
815 364
364 465
465 816
816 1341
816 312
1341 308
1341 1054
308 1610
1610 1407
1610 216
1407 1565
1407 1655
1565 566
566 271
271 1228
271 792
1228 823
823 97
97 52
52 138
138 142
138 846
142 762
762 1322
1322 1351
1351 476
476 1382
476 1265
1382 460
1382 706
460 496
460 190
496 120
496 819
120 61
61 368
368 1261
368 213
1261 1368
1261 1353
1368 1247
1247 91
1247 886
91 160
91 1311
160 2
160 103
2 728
2 318
728 385
385 355
355 357
355 1522
357 527
357 1073
527 80
527 1532
80 294
294 295
294 85
295 537
295 1420
537 849
537 212
849 767
767 831
831 755
831 436
755 835
835 585
585 366
585 459
366 1592
366 75
1592 1162
1162 394
394 466
466 1036
1036 1425
1036 1599
1425 573
573 1467
1467 47
1467 1329
47 1252
47 331
1252 439
439 603
603 115
115 628
628 471
471 1199
1199 113
1199 208
113 1244
1244 958
958 764
764 976
976 891
891 1107
1107 1604
1604 1472
1472 1016
1472 1430
1016 10
1016 175
10 621
10 940
621 189
189 1504
1504 500
1504 1035
500 1388
1388 1473
1388 737
1473 801
801 1616
1616 1281
1616 377
1281 669
