2 1199 96125469
1 2
293 698
698 159
159 158
158 527
158 984
527 555
555 1020
1020 930
1020 603
930 406
930 366
406 515
515 762
762 1120
1120 325
1120 1087
325 859
859 133
133 563
133 232
563 676
563 1076
676 222
676 599
222 458
458 95
458 711
95 437
437 1072
437 560
1072 1022
1072 778
1022 345
345 767
345 409
767 1088
767 763
1088 730
730 1113
1113 1049
1049 1051
1049 208
1051 755
1051 399
755 1165
1165 635
1165 741
635 210
210 652
652 706
706 357
706 911
357 641
357 1194
641 426
426 1008
426 417
1008 86
86 783
86 427
783 141
141 1013
1013 301
1013 829
301 995
995 810
995 1147
810 1117
810 104
1117 1024
1117 359
1024 1041
1024 493
1041 550
550 209
550 1064
209 756
209 356
756 862
756 397
862 1111
1111 890
1111 1185
890 339
339 744
339 101
744 807
744 187
807 513
807 1040
513 47
513 674
47 171
171 872
171 561
872 440
440 62
62 534
62 150
534 616
534 469
616 283
616 331
283 80
283 1130
80 909
909 177
177 719
719 692
692 849
849 1094
849 827
1094 1002
1002 982
1002 922
982 740
740 981
981 233
233 167
233 1177
167 1176
1176 428
428 589
428 1006
589 685
589 151
685 1100
685 660
1100 227
1100 278
227 689
689 214
689 448
214 14
214 68
14 1045
14 1071
1045 721
721 649
721 477
649 528
649 70
528 702
702 749
702 36
749 436
749 747
436 174
174 33
33 871
871 504
871 1059
504 973
973 1157
1157 699
699 188
699 1016
188 609
188 1112
609 1090
609 629
1090 31
31 705
705 119
705 694
119 48
119 291
48 850
48 190
850 27
27 1138
1138 775
1138 669
775 1193
1193 1129
1129 364
1129 176
364 202
202 837
837 1187
837 75
1187 856
1187 942
856 578
856 457
578 149
149 994
149 1003
994 881
994 923
881 40
40 631
631 537
631 611
537 925
537 558
925 442
925 468
442 820
820 936
936 287
936 606
287 765
287 395
765 1028
765 980
1028 1034
1034 794
1034 583
794 970
970 350
350 739
739 666
739 435
666 1062
666 369
1062 1050
1050 173
1050 267
173 1153
173 265
1153 569
569 840
840 390
390 491
491 915
915 1036
1036 595
1036 659
595 826
826 830
830 1026
1026 197
1026 703
197 786
197 44
786 1073
1073 221
221 54
221 874
54 396
54 165
396 914
396 844
914 204
204 347
204 754
347 1074
1074 368
368 376
368 920
376 912
376 979
912 1044
1044 1174
1174 320
1174 1180
320 72
320 317
72 1012
72 766
1012 602
1012 799
602 1144
602 987
1144 626
1144 29
626 709
626 6
709 910
709 957
910 781
910 247
781 521
781 677
521 656
521 906
656 581
581 1039
581 386
1039 804
1039 539
804 999
804 791
999 93
999 271
93 546
546 251
546 294
251 216
216 959
216 384
959 1173
1173 901
901 1056
1056 407
407 617
617 776
617 1101
776 258
776 974
258 1186
1186 162
162 503
503 1136
1136 867
867 152
152 92
152 330
92 322
92 1103
322 17
17 69
17 370
69 121
121 732
732 22
22 127
22 880
127 375
127 109
375 300
375 679
300 1010
1010 1192
1192 971
971 507
971 873
507 223
223 806
806 520
520 1191
1191 663
663 431
431 203
203 1152
1152 163
163 412
163 348
412 779
412 313
779 215
779 535
215 5
5 1017
1017 1085
1017 147
1085 65
65 226
226 153
226 1052
153 254
153 798
254 580
254 769
580 1031
580 371
1031 224
1031 1067
224 398
398 1170
1170 601
601 456
456 748
748 795
795 1015
795 1146
1015 903
1015 499
903 805
903 681
805 186
805 1143
186 425
186 727
425 990
425 832
990 90
90 986
90 110
986 1086
986 658
1086 3
3 433
3 501
433 1061
1061 71
1061 58
71 842
842 960
960 568
960 618
568 288
288 260
260 39
260 354
39 571
39 335
571 1032
1032 967
967 789
789 1179
789 94
1179 1098
1098 728
1098 318
728 803
803 114
803 919
114 2
2 831
2 858
831 646
831 135
646 683
646 285
683 913
913 975
975 835
975 823
835 404
835 255
404 116
404 67
116 532
532 235
235 118
118 796
796 1011
1011 1078
1078 790
1078 590
790 16
16 843
16 773
843 759
759 1124
759 1047
1124 596
596 604
596 282
604 1150
1150 484
484 183
484 138
183 321
321 1142
1142 351
1142 449
351 241
241 185
241 1057
185 949
949 751
751 421
751 678
421 182
421 382
182 1033
182 802
1033 24
24 387
24 430
387 475
387 172
475 530
475 1116
530 355
355 49
355 771
49 279
279 509
509 865
509 269
865 191
865 225
191 1141
1141 696
696 319
319 9
319 358
9 576
576 1046
576 570
1046 924
1046 542
924 627
924 1110
627 146
146 170
170 4
4 819
4 780
819 1125
819 752
1125 471
1125 821
471 1095
1095 1021
1021 311
1021 1126
311 462
462 562
562 886
886 908
908 1014
1014 273
1014 249
273 374
374 541
374 808
541 315
315 972
315 42
972 239
972 1089
239 523
239 633
523 502
523 847
502 885
885 57
57 557
57 463
557 938
557 793
938 461
461 855
855 1148
1148 261
1148 284
261 933
261 554
933 782
782 1054
1054 686
686 408
686 774
408 1119
1119 825
825 394
825 334
394 868
868 59
59 120
120 757
757 194
194 1145
1145 140
140 662
662 248
662 25
248 707
248 125
707 295
295 522
295 524
522 556
556 1093
1093 1042
1042 377
377 1107
377 651
1107 713
713 1139
1139 997
1139 316
997 1099
1099 429
1099 488
429 642
642 78
78 953
953 664
664 538
538 988
988 450
450 1168
450 743
1168 447
1168 479
447 157
447 244
157 519
519 1199
1199 418
418 508
418 372
508 1134
1134 548
1134 1167
548 625
548 35
625 496
625 543
496 935
935 875
935 441
875 128
875 833
128 809
809 286
286 1131
286 240
1131 552
552 697
552 112
697 857
857 307
857 28
307 64
64 346
64 219
346 1135
346 19
1135 455
1135 586
455 362
455 811
362 736
736 43
43 161
43 653
161 1105
161 824
1105 574
1105 624
574 941
574 785
941 768
768 1058
1058 66
1058 591
66 817
66 85
817 89
817 964
89 889
89 680
889 164
164 97
164 178
97 1053
97 985
1053 761
761 720
720 1030
1030 12
1030 13
12 870
12 813
870 976
870 549
976 1037
1037 289
289 714
289 490
714 1079
714 411
1079 169
1079 643
169 41
169 242
41 965
41 144
965 123
123 1182
1182 883
1182 1128
883 690
690 634
690 854
634 388
634 816
388 764
764 1115
764 1140
1115 735
1115 1035
735 1175
735 869
1175 328
328 327
327 587
587 130
587 1007
130 1197
1197 1077
1077 494
1077 801
494 81
81 845
845 220
220 415
220 1160
415 723
415 892
723 444
444 722
444 1171
722 413
413 928
413 600
928 738
738 360
360 34
360 661
34 154
34 822
154 1069
1069 734
734 341
341 179
341 1084
179 961
179 344
961 526
961 45
526 691
526 861
691 74
74 486
486 420
486 905
420 505
505 1055
1055 50
50 402
402 217
402 902
217 106
106 1122
106 236
1122 670
1122 1102
670 715
670 414
715 598
598 518
518 336
336 292
336 37
292 746
292 1065
746 731
731 944
731 650
944 189
189 148
148 201
201 1127
201 1137
1127 434
1127 1162
434 76
76 20
20 1161
20 353
1161 296
1161 18
296 337
337 716
716 259
716 60
259 1097
259 536
1097 87
1097 619
87 585
87 281
585 864
585 615
864 588
588 495
495 896
495 365
896 200
200 46
46 276
46 207
276 962
276 622
962 464
962 931
464 1188
1188 1156
1188 51
1156 237
1156 332
237 710
237 1083
710 246
710 884
246 846
246 929
846 243
243 547
547 467
467 882
882 948
948 343
343 340
340 579
579 671
671 126
126 632
126 834
632 481
481 270
481 668
270 111
270 482
111 630
630 812
812 745
812 79
745 329
745 1000
329 264
264 572
264 753
572 105
105 21
21 610
21 253
610 934
934 693
934 613
693 918
693 787
918 304
304 1155
304 492
1155 1080
1155 1106
1080 1005
1005 605
1005 657
605 333
605 927
333 1181
333 966
1181 758
1181 1081
758 196
758 168
196 211
211 1123
211 175
1123 473
473 1060
473 373
1060 594
1060 950
594 567
594 139
567 423
567 405
423 899
423 879
899 416
416 516
516 687
516 956
687 877
687 378
877 695
695 324
695 770
324 231
324 545
231 573
231 349
573 389
573 636
389 577
389 1018
577 989
989 263
263 772
263 797
772 198
198 704
198 900
704 55
704 465
55 584
55 280
584 10
10 470
10 893
470 628
628 1184
628 487
1184 326
326 352
326 23
352 1009
352 818
1009 100
1009 98
100 166
100 853
166 1025
1025 1004
1004 478
1004 531
478 701
701 275
701 553
275 131
131 142
142 876
876 1068
1068 838
838 917
917 103
917 673
103 993
103 113
993 828
993 432
828 614
828 947
614 250
614 612
250 393
393 1169
393 137
1169 257
1169 726
257 992
257 712
992 218
218 991
991 983
983 638
638 788
788 32
788 951
32 73
32 863
73 506
73 1043
506 559
559 777
559 969
777 342
777 305
342 381
381 297
381 483
297 180
297 977
180 439
439 338
338 637
637 155
155 724
155 454
724 56
724 303
56 256
256 15
256 943
15 99
99 887
887 891
891 367
367 84
84 1001
1001 510
510 234
234 459
234 443
459 312
459 302
312 1109
312 512
1109 1133
1133 266
266 597
266 122
597 564
597 860
564 145
564 958
145 852
145 1075
852 733
733 385
385 277
385 675
277 1114
1114 784
1114 117
784 533
784 361
533 963
963 391
963 96
391 403
403 654
403 77
654 262
262 511
511 623
511 667
623 379
623 199
379 848
848 480
848 309
480 1189
1189 1104
1104 474
474 1151
1151 904
1151 1195
904 878
904 383
878 438
438 129
438 952
129 392
392 725
725 228
725 7
228 1159
228 1070
1159 424
424 839
839 888
839 108
888 1149
1149 851
851 1096
851 460
1096 1038
1038 476
476 213
213 30
213 608
30 298
30 895
298 88
88 647
647 452
647 485
452 1063
1063 274
1063 230
274 814
814 192
192 939
192 310
939 517
517 544
544 996
996 410
410 156
156 272
272 742
272 644
742 1178
1178 946
1178 1196
946 1183
1183 937
937 401
937 607
401 1092
401 1163
1092 841
841 308
841 954
308 621
621 945
945 91
91 252
91 212
252 593
593 115
115 700
115 1172
700 575
700 1132
575 445
575 1166
445 363
363 1048
363 422
1048 380
1048 648
380 143
380 926
143 978
978 940
978 497
940 665
940 932
665 82
665 529
82 718
82 160
718 323
718 898
323 1190
1190 592
1190 1118
592 489
592 1019
489 400
400 792
792 655
655 1158
655 688
1158 124
1158 737
124 815
815 472
815 83
472 1082
472 102
1082 1
1082 134
1 708
708 998
708 500
998 640
998 245
640 451
451 955
955 181
955 206
181 238
181 1198
238 184
238 760
184 453
184 38
453 684
453 897
684 8
8 314
314 195
195 1027
1027 193
1027 132
193 525
193 565
525 894
894 968
968 921
968 620
921 750
750 268
750 836
268 446
446 800
446 299
800 540
800 1066
540 52
52 717
717 419
717 63
419 1154
419 672
1154 26
26 306
306 1108
1108 290
290 514
290 1091
514 466
466 205
205 1121
205 682
1121 916
1121 229
916 566
916 582
566 645
645 729
729 498
498 1029
498 11
1029 551
1029 907
551 1164
1164 107
1164 61
107 136
107 53
136 1023
136 639
1023 866
