1 1924 361482397
946 1138
946 914
1138 535
535 280
280 1796
1796 1866
1866 152
1866 1528
152 602
602 822
822 1894
1894 412
1894 1609
412 1704
412 966
1704 98
98 659
98 1786
659 1515
659 1048
1515 43
1515 1805
43 150
150 1605
1605 953
1605 1098
953 1176
953 1479
1176 1452
1176 235
1452 529
1452 1711
529 971
529 717
971 189
189 1879
1879 488
488 856
488 252
856 1418
856 662
1418 1529
1529 1000
1000 645
645 1907
1907 770
1907 1644
770 541
541 414
414 629
629 1193
1193 456
456 601
456 1759
601 940
601 830
940 891
940 260
891 675
675 973
973 1128
1128 10
1128 67
10 654
10 646
654 688
688 469
688 583
469 1800
1800 1236
1236 1563
1563 52
1563 1215
52 1122
52 1770
1122 1032
1032 1806
1032 939
1806 394
394 1114
394 1635
1114 1381
1381 997
1381 503
997 1467
997 228
1467 493
493 1787
1787 665
1787 1830
665 226
226 160
160 153
160 218
153 1042
153 1352
1042 1921
1921 408
1921 581
408 246
408 1460
246 1849
246 1779
1849 1350
1849 1431
1350 1197
1350 1158
1197 1923
1197 1317
1923 1683
1683 230
230 358
230 1447
358 84
358 1629
84 1262
1262 1392
1392 640
1392 1265
640 1334
640 1247
1334 407
407 631
407 11
631 604
604 917
604 136
917 266
917 1648
266 744
744 1241
1241 289
289 6
6 552
6 563
552 137
137 178
137 25
178 1121
1121 1395
1395 584
584 1557
1557 220
1557 233
220 1487
1487 1421
1487 879
1421 875
875 1282
875 162
1282 1143
1143 148
1143 699
148 809
148 1477
809 1412
1412 1905
1412 780
1905 1567
1905 300
1567 1231
1567 1585
1231 149
149 449
149 1577
449 1604
449 500
1604 334
334 1009
1009 419
1009 403
419 883
419 1027
883 638
638 354
354 1614
354 1280
1614 398
1614 277
398 1719
398 1607
1719 1471
1719 1916
1471 433
433 1449
1449 1812
1812 1005
1005 779
779 1880
1880 1225
1225 1271
1225 1583
1271 924
924 798
924 1300
798 176
798 1232
176 297
297 900
900 347
347 937
937 648
648 337
648 686
337 1073
1073 515
515 544
515 1725
544 411
544 128
411 383
383 479
383 1144
479 227
479 960
227 788
227 745
788 268
268 1315
268 1354
1315 802
802 1055
802 59
1055 967
967 1591
967 1015
1591 1904
1591 291
1904 556
556 1684
556 803
1684 302
302 1553
1553 201
1553 1028
201 614
201 682
614 311
311 1860
311 1754
1860 1195
1195 1517
1517 253
1517 18
253 307
253 19
307 1108
307 1398
1108 857
1108 1343
857 1233
1233 731
731 1357
731 1793
1357 1213
1213 1858
1213 197
1858 474
474 44
44 344
44 62
344 413
344 491
413 247
413 1288
247 285
285 107
107 706
706 120
120 571
120 386
571 1712
1712 791
791 1003
1003 109
109 473
109 894
473 159
473 1813
159 935
935 1220
1220 209
209 988
209 1166
988 1696
988 1469
1696 1150
1696 1817
1150 1248
1248 733
1248 1851
733 483
733 641
483 1393
1393 1430
1430 667
1430 1588
667 1407
667 308
1407 1100
1407 560
1100 651
1100 1155
651 151
651 1842
151 1747
151 1084
1747 15
1747 82
15 1736
15 727
1736 1179
1736 1548
1179 1451
1179 1802
1451 1512
1451 578
1512 505
505 426
426 205
205 80
205 590
80 829
829 696
829 1272
696 1186
1186 1094
1186 1419
1094 326
1094 965
326 815
815 1056
1056 1693
1056 904
1693 792
1693 1115
792 1037
1037 1347
1347 1209
1209 202
1209 1450
202 1133
202 750
1133 742
1133 215
742 213
742 594
213 163
163 102
163 490
102 1074
102 1270
1074 1182
1182 1174
1182 251
1174 1296
1296 199
1296 1149
199 1912
1912 1744
1912 400
1744 373
1744 111
373 134
373 1279
134 663
663 1390
1390 1187
1390 1102
1187 1643
1187 1378
1643 1184
1184 1615
1184 1130
1615 9
9 362
362 1794
362 1344
1794 783
783 1668
783 996
1668 819
1668 423
819 318
318 554
554 976
976 1198
1198 595
1198 1738
595 1699
1699 241
241 1507
1507 1289
1507 720
1289 1014
1014 1029
1014 1432
1029 416
1029 126
416 1687
416 1859
1687 674
1687 115
674 472
674 609
472 1558
472 1742
1558 1139
1139 907
1139 5
907 1778
1778 1466
1466 1506
1466 977
1506 1758
1506 757
1758 1620
1758 709
1620 561
561 1263
561 265
1263 1132
1132 657
1132 507
657 1110
657 639
1110 55
55 839
839 415
415 1782
1782 1131
1131 1113
1113 1478
1478 1666
1478 66
1666 553
553 454
454 1826
454 301
1826 1631
1826 1619
1631 436
436 526
526 1190
1190 405
1190 461
405 1025
405 895
1025 376
1025 1896
376 380
376 1617
380 1422
380 161
1422 1332
1332 224
224 1051
224 1284
1051 846
1051 1052
846 968
968 355
355 772
355 908
772 1446
1446 1756
1446 769
1756 1290
1290 920
920 795
795 855
855 1532
1532 420
1532 343
420 1212
420 1864
1212 1713
1713 1522
1713 1124
1522 1622
1622 1153
1153 1771
1771 1571
1771 1554
1571 1340
1340 567
1340 668
567 1784
1784 168
168 704
168 1542
704 817
704 443
817 1660
817 952
1660 789
1660 545
789 447
789 865
447 896
447 1291
896 1464
1464 216
216 923
923 1559
1559 964
964 310
964 994
310 863
863 236
236 622
236 317
622 513
622 1667
513 777
777 1526
777 547
1526 1898
1898 893
893 1105
893 495
1105 1462
1462 1216
1462 444
1216 1012
1012 551
1012 290
551 1388
1388 1735
1388 921
1735 320
320 1773
1773 1566
1773 1397
1566 888
888 1676
1676 116
1676 1255
116 1621
116 1104
1621 728
728 1582
1582 712
1582 409
712 363
712 38
363 632
632 165
632 1593
165 1753
1753 1657
1753 79
1657 1373
1373 1089
1373 21
1089 1908
1908 1459
1908 758
1459 1311
1459 350
1311 736
1311 1902
736 1890
736 26
1890 1401
1890 1245
1401 382
1401 1924
382 1533
382 531
1533 1123
1533 328
1123 1839
1123 158
1839 1244
1839 1700
1244 1525
1244 1698
1525 1246
1246 1509
1246 1159
1509 16
16 801
16 1803
801 105
801 1511
105 949
949 1824
949 673
1824 1024
1024 446
446 1346
1346 1278
1278 827
827 1258
1258 1637
1258 1229
1637 360
360 462
462 1013
462 279
1013 29
29 938
29 1377
938 192
192 1714
192 1837
1714 1188
1188 1745
1745 74
1745 190
74 1491
74 1405
1491 76
76 936
76 1901
936 281
936 110
281 144
144 1328
1328 1678
1328 1768
1678 555
555 1888
1888 1721
1888 825
1721 324
1721 1178
324 1222
324 534
1222 867
1222 172
867 1883
1883 715
1883 206
715 539
539 840
840 32
840 1
32 379
379 980
379 94
980 1269
980 676
1269 182
1269 664
182 1180
1180 1134
1180 1455
1134 1116
1116 87
1116 661
87 194
87 993
194 1010
194 1874
1010 179
1010 658
179 1389
1389 805
1389 761
805 1091
1091 729
1091 1119
729 390
729 401
390 1846
390 1783
1846 99
99 496
99 1494
496 1576
496 957
1576 564
564 1416
564 340
1416 100
100 1720
100 191
1720 1136
1136 1214
1214 1327
1214 787
1327 1531
1327 1235
1531 913
1531 1425
913 671
671 64
64 364
364 588
588 1810
1810 1472
1810 35
1472 186
1472 1379
186 14
14 450
450 257
257 1299
257 422
1299 1729
1729 713
1729 816
713 1919
1919 887
887 1790
887 625
1790 1433
1790 708
1433 1766
1433 97
1766 577
577 1164
577 104
1164 223
223 1828
223 764
1828 687
1828 1574
687 12
12 1603
1603 1560
1560 1709
1560 962
1709 349
1709 1795
349 1146
349 1788
1146 760
1146 1611
760 1086
760 1640
1086 40
40 374
374 1645
1645 221
221 1331
1331 683
683 1610
1610 492
1610 1264
492 1162
492 1767
1162 1068
1162 184
1068 1573
1068 41
1573 647
1573 1501
647 1415
1415 117
1415 1380
117 1495
1495 7
1495 1281
7 637
637 1312
637 459
1312 1732
1312 1096
1732 1298
1732 323
1298 1597
1298 1026
1597 1556
1597 821
1556 248
1556 1852
248 530
530 1435
530 1147
1435 854
1435 234
854 528
528 181
181 1503
1503 669
1503 1535
669 1906
1906 1428
1428 1618
1618 1461
1461 242
242 1319
1319 352
352 1702
352 1741
1702 1804
1804 434
1804 1040
434 1819
434 1304
1819 1897
1897 1364
1897 1436
1364 1168
1364 1723
1168 314
1168 1581
314 68
314 1845
68 933
933 1527
1527 1368
1527 445
1368 1202
1368 1551
1202 1843
1843 1367
1367 756
756 127
127 8
127 1580
8 1703
8 1170
1703 1191
1703 1359
1191 1045
1191 885
1045 167
1045 1250
167 1067
167 73
1067 1625
1067 229
1625 740
740 956
956 1409
956 1488
1409 309
309 1441
1441 1565
1565 378
378 385
378 565
385 272
272 1175
1175 1120
1175 931
1120 870
1120 1172
870 460
460 806
460 1362
806 1716
806 441
1716 1376
1716 972
1376 1163
1376 4
1163 1498
1163 1439
1498 1252
1252 746
1252 1224
746 1082
1082 991
991 1257
1257 49
1257 114
49 1440
49 1427
1440 333
333 406
406 1386
406 417
1386 298
298 1023
1023 1633
1633 71
1633 1403
71 532
71 1579
532 1510
532 1490
1510 796
796 1886
1886 1201
1886 800
1201 1365
1201 630
1365 207
1365 296
207 183
207 1717
183 1126
183 208
1126 1547
1547 1047
1547 451
1047 1537
1047 261
1537 455
455 1780
1780 1404
1780 502
1404 559
559 46
46 1861
46 1626
1861 39
39 1079
1079 776
1079 1882
776 1492
776 1496
1492 852
852 156
156 135
135 1006
1006 1054
1054 999
1054 859
999 174
174 1210
1210 1260
1210 678
1260 458
458 1595
1595 124
124 643
124 1708
643 346
346 778
346 1623
778 755
778 1539
755 243
243 748
243 550
748 1318
1318 299
299 463
463 680
463 627
680 635
680 701
635 214
214 63
63 293
63 998
293 724
724 86
724 1049
86 784
86 1587
784 617
617 1076
617 835
1076 1285
1285 928
928 536
928 1004
536 1475
1475 1050
1050 634
634 372
372 1335
1335 1363
1335 542
1363 256
1363 1822
256 585
256 781
585 897
897 1808
897 948
1808 1310
1808 1256
1310 1775
1310 1099
1775 319
1775 1798
319 790
790 1750
790 1064
1750 466
466 823
466 1545
823 847
823 244
847 876
847 844
876 1287
876 22
1287 1848
1848 1295
1848 955
1295 313
1295 1160
313 1636
313 1002
1636 1685
1685 369
369 985
369 1743
985 1445
985 282
1445 1634
1634 576
1634 613
576 849
849 1647
1647 807
1647 23
807 1205
1205 1855
1855 60
60 1857
60 902
1857 1118
1118 1157
1157 901
1157 797
901 1302
901 125
1302 1007
1302 1022
1007 1456
1007 1087
1456 34
1456 353
34 1639
1639 274
1639 1394
274 1731
1731 1697
1697 173
173 623
173 1369
623 1869
1869 752
752 1594
1594 431
431 1602
1602 1762
1762 944
1762 1243
944 591
591 1789
591 1454
1789 1345
1345 69
69 489
69 276
489 484
489 911
484 499
484 575
499 92
499 580
92 666
92 1884
666 1791
666 527
1791 734
734 718
734 694
718 970
970 1681
970 28
1681 1792
1792 1600
1600 1616
1600 1169
1616 598
1616 1322
598 1325
598 786
1325 231
231 1854
231 1234
1854 170
170 1239
1239 1811
1239 1071
1811 765
765 53
53 1523
1523 95
95 1275
1275 860
860 1820
860 1815
1820 992
992 853
992 1437
853 1400
1400 288
1400 1274
288 1107
1107 1434
1434 278
278 1141
278 1297
1141 1208
1141 892
1208 1541
1541 1112
1541 1807
1112 838
838 828
838 1109
828 1895
828 1444
1895 524
1895 1875
524 548
548 1196
1196 1606
1196 1044
1606 882
1606 91
882 848
848 909
848 607
909 1185
1185 1751
1185 677
1751 1238
1238 270
270 51
51 767
767 1355
1355 1127
1127 1502
1127 157
1502 624
624 1504
1504 812
812 644
644 504
504 1142
1142 1078
1078 1200
1078 842
1200 1870
1200 600
1870 814
814 1237
1237 351
1237 974
351 1497
1497 361
361 1564
361 1653
1564 222
1564 501
222 1226
222 582
1226 1707
1707 70
70 743
70 123
743 336
743 367
336 404
404 592
404 1776
592 1349
1349 1889
1349 1724
1889 785
1889 480
785 886
785 543
886 1402
1402 1540
1540 1664
1664 371
371 17
17 1586
17 141
1586 195
195 975
975 1825
1825 477
1825 332
477 1893
1893 402
402 1092
402 1294
1092 1448
1448 929
929 1749
929 947
1749 906
1749 410
906 273
906 1301
273 30
273 942
30 119
119 155
155 1321
155 142
1321 96
1321 106
96 1877
96 1338
1877 1059
1059 934
934 103
934 143
103 452
452 754
452 611
754 1665
754 1135
1665 656
656 516
656 523
516 24
516 1818
24 27
27 983
983 1453
983 1570
1453 799
1453 250
799 1638
1638 1223
1638 1061
1223 1384
1223 1913
1384 295
1384 726
295 1484
1484 1251
1251 739
1251 1646
739 1228
739 850
1228 922
1228 1063
922 1823
922 198
1823 1673
1823 259
1673 72
1673 1374
72 131
131 1465
1465 486
1465 1018
486 1043
486 1737
1043 1217
1217 1305
1305 1489
1305 1267
1489 649
649 916
916 339
916 1468
339 33
339 78
33 237
237 573
237 810
573 1760
573 1221
1760 146
1760 335
146 813
813 465
465 858
465 1011
858 263
858 546
263 154
154 421
154 1722
421 1691
421 628
1691 478
478 990
990 987
987 1809
1809 258
258 1154
258 85
1154 1575
1575 1555
1555 963
963 1372
1372 716
1372 836
716 824
824 558
558 1549
1549 1001
1549 1920
1001 925
925 1578
925 1038
1578 177
1578 113
177 112
177 1410
112 1053
1053 448
448 877
448 1293
877 782
877 1387
782 1183
782 710
1183 1613
1183 693
1613 986
986 1785
986 926
1785 1443
1443 568
1443 1821
568 1336
1336 1630
1630 562
562 1283
562 1483
1283 1253
1283 1382
1253 1189
1253 984
1189 275
275 1656
1656 612
1656 365
612 597
612 1891
597 1097
597 1276
1097 1326
1097 1769
1326 1649
1326 818
1649 1856
1856 267
1856 1499
267 1692
1692 312
312 130
312 203
130 642
642 1314
1314 511
1314 961
511 652
511 874
652 1740
1740 1627
1627 1727
1727 1219
1219 950
1219 1568
950 620
950 1060
620 705
705 1900
1900 1569
1900 1031
1569 212
1569 47
212 108
212 1518
108 1017
1017 1530
1530 1261
1261 1273
1273 557
1273 1513
557 1671
557 958
1671 442
442 915
442 1863
915 139
139 508
139 1624
508 771
508 196
771 204
204 1772
1772 1872
1772 703
1872 518
518 306
518 36
306 574
574 618
574 845
618 869
618 1020
869 570
869 1348
570 749
570 725
749 464
749 467
464 866
866 304
866 1371
304 768
304 1463
768 1424
768 510
1424 370
370 826
370 831
826 238
826 774
238 1608
1608 633
1608 397
633 83
83 1765
1765 1873
1765 1590
1873 873
873 429
429 1309
1309 439
439 1918
1918 969
1918 670
969 453
453 932
453 239
932 1827
1827 862
862 1329
1329 262
262 1442
1442 587
1442 1632
587 1508
587 440
1508 42
42 1476
1476 522
1476 470
522 387
522 910
387 315
315 1642
1642 1755
1755 1077
1755 566
1077 719
1077 210
719 485
485 428
485 1072
428 1342
428 1156
1342 773
1342 1075
773 843
843 193
843 979
193 1356
1356 681
681 286
286 1752
1752 1034
1034 342
1034 930
342 1266
342 1413
1266 1167
1167 1140
1140 1177
1140 1899
1177 1411
1177 982
1411 832
1411 868
832 468
832 88
468 517
468 1690
517 702
702 707
707 525
525 751
525 1865
751 589
751 219
589 1764
1764 1850
1764 1695
1850 1457
1457 549
549 330
549 690
330 1871
1871 700
700 890
890 75
75 1203
75 1672
1203 240
240 1868
1868 1689
1868 1218
1689 1030
1030 432
432 1129
432 811
1129 1181
1129 1111
1181 1173
1173 303
303 1088
303 1739
1088 871
871 1161
1161 1544
1544 1840
1544 636
1840 77
1840 959
77 283
77 1836
283 951
283 837
951 305
305 1204
1204 217
217 1486
217 1674
1486 1917
1486 37
1917 57
1917 808
57 919
57 1838
919 481
481 1254
1254 93
93 284
93 1080
284 254
254 978
254 1878
978 793
978 1426
793 122
793 697
122 384
384 1847
1847 1710
1847 180
1710 1748
1748 981
981 1151
981 1277
1151 133
133 1911
133 140
1911 1493
1911 1662
1493 1057
1057 1599
1599 287
1599 345
287 660
660 1641
660 1306
1641 1391
1641 1516
1391 747
747 1650
747 232
1650 1505
1505 872
872 430
872 1841
430 1853
1853 804
804 672
804 1831
672 269
672 1383
269 841
841 650
650 912
912 695
912 1589
695 753
753 605
605 1021
605 1534
1021 1303
1303 1601
1303 606
1601 1308
1308 1519
1519 1085
1085 1090
1090 1286
1286 392
1286 626
392 691
691 327
691 1524
327 1679
327 572
1679 1420
1679 1438
1420 325
1420 1834
325 898
898 1370
898 132
1370 487
1370 1726
487 1458
487 1552
1458 13
13 941
13 1706
941 653
941 435
653 211
653 737
211 1351
211 1171
1351 1562
1562 509
1562 1399
509 741
509 1066
741 1385
1385 1514
1385 820
1514 616
616 1473
1473 1339
1473 357
1339 723
1339 1313
723 118
118 1728
118 1814
1728 1429
1728 834
1429 48
48 884
884 608
884 1375
608 322
608 1561
322 730
730 1307
730 388
1307 599
599 1876
599 497
1876 621
621 1659
621 389
1659 1797
1659 1070
1797 1816
1797 471
1816 1101
1101 399
399 1417
399 1480
1417 763
763 1259
1259 878
1259 129
878 1885
1885 1596
1885 31
1596 1500
1596 1337
1500 187
187 596
187 945
596 519
519 1137
519 1062
1137 1538
1137 1125
1538 1482
1538 264
1482 1715
1715 271
271 520
520 864
864 881
864 1922
881 1677
1677 775
775 943
943 603
603 20
603 1423
20 61
61 1675
61 903
1675 927
1675 655
927 58
927 1598
58 1680
1680 1867
1680 316
1867 294
294 498
498 1655
498 1661
1655 1761
1655 537
1761 169
169 995
995 138
138 512
512 1781
1781 1774
1781 395
1774 1323
1774 1408
1323 65
1323 1832
65 1046
65 121
1046 1249
1249 1083
1249 698
1083 245
245 1669
245 735
1669 437
1669 1358
437 593
593 1019
593 1152
1019 794
1019 851
794 1361
794 1663
1361 1242
1242 689
689 1584
689 1366
1584 1835
1835 1730
1835 1746
1730 1903
1730 356
1903 1481
1903 1881
1481 1909
1481 1521
1909 1612
1909 1194
1612 2
1612 1734
2 185
185 1192
185 147
1192 579
1192 393
579 533
533 188
188 714
714 1268
1268 1199
1268 1324
1199 427
427 732
732 905
732 1651
905 1829
1829 377
1829 375
377 1165
377 1844
1165 1211
1165 521
1211 1008
1211 1033
1008 3
1008 1330
3 1016
1016 1670
1670 1628
1670 1705
1628 1914
1914 1915
1914 494
1915 1652
1652 249
249 679
249 418
679 880
679 391
880 514
514 348
348 861
861 1065
1065 711
711 1095
711 255
1095 1292
1292 145
145 81
145 1353
81 1686
81 1546
1686 954
1686 889
954 1117
1117 1360
1117 341
1360 918
1360 1145
918 1485
918 1320
1485 1058
1485 50
1058 1833
1058 1892
1833 506
506 1148
506 766
1148 1414
1148 338
1414 1862
1414 381
1862 329
1862 619
329 722
329 1777
722 738
722 457
738 1240
738 331
1240 1093
1240 1041
1093 1207
1207 1230
1230 692
1230 1757
692 569
692 762
569 1694
569 759
1694 1081
1081 1733
1081 610
1733 1763
1733 684
1763 1572
1572 615
615 89
89 1550
89 54
1550 171
171 396
171 175
396 899
396 1106
899 475
475 56
56 1036
56 1658
1036 225
225 1039
1039 1801
1801 200
1801 1035
200 538
538 1103
1103 721
721 1206
721 1543
1206 1316
1206 368
1316 1910
1316 482
1910 1520
1910 989
1520 1701
1701 45
45 292
292 1536
1536 101
101 438
101 1406
438 166
438 321
166 366
166 540
366 685
685 1592
1592 476
1592 359
476 1718
1718 424
424 90
424 1688
90 586
90 1227
586 1654
1654 425
425 1682
1682 1799
1682 1887
1799 1333
1799 1396
1333 164
164 1470
164 1069
1470 833
1470 1341
833 1474
