12 362 7139827
8 9
8 6
9 2
2 7
7 12
12 3
12 10
3 5
3 1
5 4
4 11
223 140
140 293
293 129
293 222
129 278
129 147
278 350
350 328
350 154
328 289
328 261
289 88
289 83
88 19
88 63
19 112
19 235
112 50
112 165
50 173
173 168
173 186
168 32
168 131
32 259
32 238
259 224
224 212
224 339
212 306
306 161
161 357
357 220
220 287
220 146
287 266
266 91
266 120
91 221
221 292
292 227
227 323
227 300
323 101
101 178
178 211
211 96
211 72
96 333
96 351
333 108
108 183
183 307
183 89
307 1
307 338
1 30
1 123
30 125
125 250
250 180
250 13
180 128
180 119
128 348
128 274
348 335
348 185
335 336
336 46
46 133
46 164
133 64
133 86
64 81
81 117
81 277
117 322
117 247
322 62
322 34
62 275
62 8
275 216
216 340
340 149
149 310
149 354
310 170
170 219
170 188
219 28
28 118
118 341
341 237
341 301
237 326
237 199
326 302
302 49
302 66
49 93
49 79
93 267
93 115
267 209
267 92
209 271
271 343
271 234
343 40
343 283
40 321
40 85
321 232
321 35
232 113
113 311
311 99
99 36
36 39
36 29
39 305
39 303
305 205
205 167
205 153
167 327
327 176
327 107
176 284
284 286
286 318
286 152
318 194
318 190
194 298
298 290
290 202
290 155
202 345
202 214
345 47
47 148
148 80
80 182
182 61
182 27
61 203
203 2
203 48
2 104
2 329
104 179
104 109
179 320
179 280
320 73
320 281
73 295
73 233
295 68
68 7
68 51
7 198
7 3
198 159
159 285
285 257
257 312
257 158
312 243
243 252
252 226
226 171
226 23
171 90
90 242
242 230
242 127
230 334
230 288
334 84
334 263
84 166
166 57
166 347
57 196
57 22
196 114
114 60
60 98
98 6
6 75
75 4
75 313
4 228
228 236
236 105
236 361
105 297
105 54
297 42
42 249
42 97
249 24
24 174
174 248
174 225
248 253
253 87
253 172
87 358
87 45
358 308
308 132
132 331
132 332
331 14
14 240
14 9
240 82
240 70
82 316
82 110
316 162
162 74
74 67
74 299
67 181
67 317
181 362
362 251
362 121
251 325
325 264
325 52
264 142
264 26
142 106
142 241
106 137
106 270
137 294
137 187
294 215
215 31
31 43
31 239
43 355
355 169
169 206
169 143
206 134
134 144
134 175
144 344
144 353
344 359
359 193
359 10
193 200
200 94
94 41
94 319
41 151
41 44
151 33
151 254
33 184
33 272
184 192
192 136
136 177
177 145
145 304
304 111
111 17
111 204
17 78
78 150
78 77
150 139
139 138
138 231
231 349
231 197
349 130
130 103
103 56
56 163
163 102
163 38
102 265
102 141
265 229
229 195
229 268
195 124
195 11
124 217
217 273
217 37
273 12
12 210
210 20
210 21
20 296
20 71
296 189
296 25
189 360
360 246
246 356
356 315
315 15
315 337
15 58
15 191
58 324
324 122
122 207
207 69
207 135
69 218
69 16
218 5
218 330
5 95
95 276
95 76
276 116
276 282
116 59
116 244
59 208
208 160
160 126
160 269
126 309
309 213
213 18
18 260
260 258
258 245
258 346
245 156
245 262
156 100
156 279
100 157
100 255
157 352
157 55
352 201
201 314
314 65
314 291
65 256
256 53
256 342
