2 1128 6087241
1 2
1033 559
559 849
559 896
849 179
179 874
874 843
874 65
843 382
382 295
382 1096
295 877
295 660
877 697
877 419
697 549
549 946
549 251
946 1083
1083 108
1083 209
108 291
291 52
291 153
52 889
52 311
889 82
889 293
82 978
82 230
978 250
978 804
250 882
250 103
882 1011
882 543
1011 636
1011 163
636 67
67 1006
1006 62
62 458
458 302
458 846
302 718
718 763
718 196
763 316
316 593
316 797
593 925
593 238
925 37
925 503
37 800
800 574
800 717
574 1000
1000 466
1000 953
466 1086
466 396
1086 641
1086 507
641 1038
641 521
1038 379
379 397
397 144
397 476
144 317
317 112
112 104
104 1099
1099 235
1099 647
235 305
305 288
305 12
288 504
288 129
504 369
504 771
369 841
369 48
841 933
841 491
933 226
933 167
226 644
226 190
644 598
598 420
598 829
420 551
420 850
551 781
781 32
32 556
32 172
556 828
828 275
828 755
275 706
706 100
100 88
100 812
88 527
88 950
527 730
527 364
730 642
730 632
642 272
642 983
272 71
272 943
71 863
71 541
863 615
615 1037
1037 552
1037 408
552 282
552 391
282 298
282 1062
298 268
298 631
268 1118
1118 57
57 658
658 286
286 1034
1034 931
1034 860
931 318
931 1060
318 337
318 398
337 854
854 747
854 479
747 487
487 385
385 550
550 993
550 421
993 31
31 265
31 667
265 219
265 819
219 107
107 193
193 553
193 576
553 19
553 1046
19 1041
19 388
1041 403
1041 236
403 581
403 66
581 787
581 304
787 9
787 204
9 1084
1084 347
347 451
451 594
594 231
594 70
231 870
231 51
870 1054
1054 923
923 668
668 315
668 1117
315 683
315 370
683 214
214 1063
214 98
1063 198
198 321
321 958
321 13
958 363
363 868
363 1028
868 778
868 26
778 892
778 58
892 1050
1050 68
1050 1012
68 1055
1055 168
168 430
168 205
430 965
430 170
965 252
965 592
252 1076
252 83
1076 951
951 289
289 534
534 784
784 754
754 774
774 832
774 54
832 665
832 314
665 937
665 791
937 109
109 1085
109 659
1085 135
1085 677
135 956
135 1126
956 985
956 439
985 467
985 285
467 932
467 1023
932 331
932 14
331 149
331 227
149 709
149 1027
709 936
936 405
405 859
859 648
859 728
648 957
957 461
957 432
461 678
461 756
678 656
656 1128
656 635
1128 624
624 690
624 968
690 748
690 651
748 770
770 361
361 266
361 1127
266 1119
1119 43
43 119
43 485
119 1036
1036 584
584 178
178 1040
1040 786
1040 445
786 244
786 312
244 90
90 855
855 365
365 876
876 767
876 741
767 816
816 1116
1116 688
1116 744
688 303
303 212
212 960
960 1114
1114 35
1114 1120
35 1100
1100 815
815 494
494 106
106 681
106 1020
681 910
910 187
187 1081
1081 162
1081 223
162 605
162 617
605 345
605 544
345 844
844 174
174 823
174 358
823 325
325 997
325 942
997 872
997 824
872 453
453 976
976 964
964 940
940 568
940 496
568 348
348 27
27 10
10 500
10 847
500 433
500 670
433 881
433 637
881 415
415 695
415 220
695 606
606 349
606 967
349 1048
349 407
1048 724
724 290
724 664
290 409
409 171
409 893
171 746
171 1015
746 873
873 901
873 575
901 7
7 982
7 340
982 137
137 378
378 922
378 418
922 28
922 271
28 8
8 887
8 589
887 692
887 980
692 157
157 423
423 472
423 685
472 203
203 539
203 84
539 362
362 518
362 510
518 440
440 1019
1019 628
1019 211
628 971
971 1097
1097 225
1097 210
225 1035
1035 1024
1035 1010
1024 1
1 16
16 81
16 567
81 696
81 725
696 578
696 582
578 45
578 583
45 353
45 484
353 91
353 124
91 1002
1002 608
608 139
139 911
911 808
911 749
808 532
808 294
532 368
532 987
368 60
60 979
60 264
979 151
979 97
151 1057
1057 454
454 400
454 586
400 1042
400 783
1042 597
597 1005
597 879
1005 99
99 994
99 938
994 441
441 835
441 941
835 278
278 495
278 947
495 1070
495 930
1070 243
243 707
243 650
707 508
508 263
508 573
263 852
852 383
852 857
383 63
383 918
63 555
63 634
555 995
555 1092
995 133
133 704
704 11
704 902
11 614
614 130
614 40
130 715
715 1021
1021 701
701 22
22 921
921 716
921 443
716 377
377 448
448 772
448 1109
772 1030
772 604
1030 201
1030 722
201 42
42 563
42 514
563 679
563 838
679 924
924 296
924 450
296 528
296 705
528 247
528 246
247 73
73 792
73 475
792 1009
792 643
1009 25
1009 723
25 309
25 195
309 1061
309 173
1061 39
1061 113
39 530
530 80
530 996
80 935
80 750
935 676
935 175
676 402
402 483
402 526
483 366
366 914
366 572
914 310
914 159
310 734
734 875
734 412
875 360
360 240
360 248
240 1031
240 820
1031 404
404 920
920 426
920 702
426 117
426 393
117 822
822 1068
822 21
1068 335
1068 15
335 1066
1066 218
1066 116
218 148
218 350
148 85
148 46
85 795
795 671
671 1008
671 831
1008 972
972 548
972 36
548 693
693 76
76 558
558 618
558 663
618 1058
618 1113
1058 482
1058 428
482 125
125 554
554 561
561 207
207 917
917 975
975 78
975 497
78 199
199 542
542 736
736 146
736 477
146 927
146 669
927 1047
1047 1125
1125 533
1125 834
533 862
533 564
862 254
862 742
254 417
417 72
72 698
698 1089
1089 579
579 516
579 459
516 981
516 970
981 640
640 181
181 639
639 506
506 1098
506 753
1098 1029
1029 274
1029 221
274 492
274 229
492 673
492 590
673 919
673 729
919 56
919 86
56 856
856 386
856 307
386 780
780 20
20 595
20 324
595 657
657 694
694 890
890 1087
890 732
1087 1107
1087 1104
1107 469
469 279
469 700
279 652
279 447
652 738
652 653
738 471
471 726
471 682
726 224
224 1072
1072 431
431 913
431 338
913 929
929 538
929 662
538 645
538 486
645 258
258 69
69 790
790 898
790 710
898 908
898 577
908 999
999 301
301 253
253 1069
1069 474
1069 720
474 570
570 64
570 974
64 376
376 136
376 320
136 814
136 1121
814 509
509 680
509 768
680 858
680 328
858 785
858 367
785 517
517 708
517 185
708 547
708 114
547 192
547 1065
192 513
192 796
513 299
299 519
299 1003
519 111
111 1022
1022 89
1022 280
89 811
811 292
811 1056
292 332
332 456
456 53
53 1016
53 449
1016 613
1016 1124
613 131
613 766
131 480
131 915
480 384
480 621
384 392
392 560
392 140
560 871
871 1075
871 215
1075 762
1075 916
762 512
762 330
512 1014
512 848
1014 152
152 565
565 452
565 821
452 655
655 233
233 818
233 810
818 126
126 864
126 488
864 242
242 1077
1077 813
1077 1122
813 773
813 344
773 6
6 329
329 34
34 1094
34 319
1094 799
799 1115
1115 625
625 758
625 912
758 493
493 390
390 866
866 649
866 566
649 110
649 399
110 789
789 977
789 906
977 939
939 357
357 735
357 155
735 969
969 59
969 806
59 675
59 33
675 259
259 232
259 1051
232 1043
232 894
1043 18
1043 990
18 600
18 853
600 743
743 341
743 55
341 213
213 1025
213 188
1025 158
1025 861
158 666
666 261
666 237
261 765
765 619
765 1017
619 323
619 102
323 907
323 333
907 905
907 759
905 536
905 1064
536 805
805 973
973 737
737 546
737 1053
546 281
546 629
281 141
281 739
141 339
339 164
164 208
208 442
208 239
442 745
745 197
745 607
197 464
464 217
217 502
502 413
413 989
413 515
989 1013
989 498
1013 138
1013 1101
138 189
189 470
470 952
952 757
952 322
757 1123
757 455
1123 501
1123 346
501 122
122 540
122 802
540 1111
1111 277
1111 270
277 904
904 897
897 596
897 885
596 817
596 601
817 616
616 684
684 183
684 895
183 24
183 395
24 267
24 1091
267 954
954 326
954 145
326 462
462 1026
1026 176
176 699
699 646
646 356
356 1103
356 599
1103 222
1103 414
222 962
222 991
962 273
273 306
306 1102
306 389
1102 241
241 256
256 1045
256 689
1045 520
520 740
520 833
740 1039
1039 17
17 276
17 869
276 436
436 394
436 406
394 776
394 473
776 837
776 41
837 437
837 633
437 622
622 23
622 234
23 380
380 283
283 169
283 752
169 934
169 465
934 351
934 721
351 1071
1071 194
1071 949
194 429
194 375
429 959
959 531
959 245
531 416
531 147
416 424
424 457
424 926
457 1095
1095 3
1095 1106
3 425
3 836
425 1007
425 49
1007 948
948 79
79 410
410 74
74 944
74 842
944 460
460 966
966 803
803 900
803 630
900 611
900 1082
611 760
611 1032
760 883
883 463
463 580
463 30
580 839
839 372
372 1078
372 308
1078 609
1078 342
609 1001
1001 562
562 961
961 120
120 569
569 44
569 95
44 184
44 38
184 986
986 374
986 446
374 1088
1088 313
1088 777
313 731
313 945
731 489
489 1074
489 101
1074 478
1074 505
478 121
121 764
764 769
764 711
769 798
769 177
798 334
798 807
334 434
334 928
434 691
691 1052
691 481
1052 202
202 523
523 984
984 143
984 603
143 249
143 96
249 1044
249 1080
1044 840
1044 674
840 793
793 427
427 511
427 963
511 826
511 2
826 585
585 5
585 93
5 355
5 612
355 381
355 352
381 191
381 557
191 1112
1112 166
166 713
713 438
438 269
269 703
269 602
703 287
287 1105
287 761
1105 733
733 132
132 61
132 886
61 327
327 522
327 284
522 535
535 529
529 216
216 200
200 661
661 955
955 714
714 1079
1079 257
257 134
134 801
134 182
801 591
801 343
591 727
591 686
727 118
727 888
118 867
118 623
867 620
867 775
620 359
620 587
359 782
782 499
782 545
499 156
156 128
128 142
128 809
142 300
300 435
300 228
435 1108
1108 123
1108 336
123 1004
1004 127
1004 712
127 903
127 851
903 998
903 262
998 891
998 1059
891 1018
891 468
1018 255
255 638
255 411
638 779
779 115
779 794
115 588
588 537
537 50
537 1067
50 687
687 827
687 75
827 909
827 525
909 524
909 571
524 1073
1073 161
1073 654
161 387
387 880
387 884
880 29
880 186
29 422
422 1110
1110 105
105 627
105 160
627 878
627 845
878 77
77 206
77 988
206 165
206 865
165 490
165 1090
490 1093
490 899
1093 371
1093 719
371 354
354 260
354 626
260 610
610 47
610 154
47 825
47 94
825 992
992 672
992 92
672 751
751 401
751 4
401 373
373 788
788 150
150 830
150 87
830 180
830 297
180 1049
1049 444
