1023 2047 2
401 855
401 928
855 354
855 44
928 326
928 975
354 52
354 782
44 497
44 181
326 440
326 277
975 967
975 659
52 185
52 316
782 232
782 901
497 664
497 915
181 632
181 378
440 187
440 241
277 962
277 536
967 369
967 959
659 101
659 641
185 577
185 107
316 91
316 882
232 803
232 332
901 1018
901 490
664 437
664 496
915 280
915 859
632 409
632 397
378 624
378 734
187 71
187 157
241 858
241 760
962 997
962 854
536 642
536 609
369 830
369 267
959 704
959 246
101 113
101 688
641 20
641 8
577 541
577 303
107 53
107 405
91 893
91 710
882 357
882 323
803 473
803 390
332 812
332 404
1018 621
1018 480
490 796
490 587
437 411
437 377
496 484
496 47
280 884
280 115
859 548
859 736
409 166
409 720
397 925
397 761
624 770
624 507
734 973
734 707
71 477
71 786
157 793
157 430
858 696
858 958
760 922
760 304
997 737
997 58
854 249
854 81
642 744
642 129
609 114
609 379
830 223
830 923
267 470
267 110
704 76
704 807
246 757
246 431
113 493
113 763
688 282
688 210
20 827
20 100
8 453
8 660
541 429
541 387
303 842
303 700
53 640
53 695
405 392
405 434
893 478
893 866
710 22
710 55
357 315
357 1014
323 832
323 435
473 15
473 503
390 549
390 203
812 67
812 250
404 240
404 1010
621 329
621 193
480 513
480 483
796 636
796 291
587 360
587 739
411 154
411 643
377 689
377 569
484 936
484 586
47 560
47 119
884 347
884 639
115 226
115 432
548 37
548 816
736 230
736 212
166 650
166 402
720 455
720 358
925 336
925 568
761 231
761 701
770 684
770 944
507 197
507 933
973 292
973 790
707 945
707 799
477 420
477 54
786 318
786 705
793 155
793 516
430 274
430 797
696 243
696 124
958 152
958 831
922 488
922 173
304 372
304 406
737 966
737 29
58 825
58 1016
249 121
249 494
81 851
81 468
744 521
744 774
129 31
129 70
114 192
114 233
379 861
379 582
223 687
223 122
923 735
923 353
470 575
470 1002
110 788
110 186
76 290
76 853
807 298
807 218
757 941
757 21
431 559
431 808
493 649
493 627
763 330
763 969
282 1012
282 630
210 370
210 525
827 750
827 260
100 620
100 956
453 1007
453 382
660 655
660 10
429 815
429 745
387 708
387 886
842 295
842 196
700 474
700 462
640 310
640 383
695 666
695 399
392 380
392 836
434 452
434 764
478 142
478 117
866 201
866 69
22 184
22 355
55 151
55 116
315 164
315 460
1014 891
1014 512
832 235
832 633
435 56
435 869
15 98
15 146
503 626
503 581
549 501
549 500
203 1004
203 359
67 818
67 225
250 552
250 75
240 457
240 798
1010 465
1010 400
329 176
329 443
193 7
193 668
513 863
513 551
483 279
483 275
636 783
636 533
291 838
291 742
360 617
360 244
739 852
739 447
154 188
154 1017
643 190
643 139
689 495
689 789
569 177
569 871
936 883
936 221
586 844
586 580
560 421
560 417
119 198
119 987
347 865
347 817
639 57
639 714
226 528
226 534
432 62
432 363
37 693
37 300
816 971
816 66
230 442
230 759
212 675
212 921
650 126
650 819
402 505
402 821
455 960
455 523
358 646
358 610
336 606
336 826
568 481
568 935
231 785
231 28
701 133
701 699
684 247
684 752
944 738
944 398
197 530
197 224
933 867
933 896
292 85
292 394
790 324
790 850
945 46
945 86
799 215
799 269
420 623
420 703
54 965
54 182
318 979
318 777
705 583
705 183
155 19
155 338
516 912
516 239
274 574
274 634
797 585
797 305
243 765
243 418
124 904
124 751
152 135
152 132
831 756
831 30
488 881
488 524
173 458
173 350
372 845
372 73
406 823
406 271
966 322
966 297
29 902
29 469
825 219
825 889
1016 561
1016 892
121 454
121 11
494 604
494 848
851 992
851 423
468 78
468 791
521 982
521 428
774 145
774 698
31 615
31 676
70 537
70 252
192 776
192 849
233 619
233 567
861 479
861 724
582 651
582 506
687 656
687 270
122 677
122 80
735 476
735 766
353 731
353 531
575 711
575 913
1002 178
1002 504
788 1019
788 438
186 343
186 930
290 663
290 207
853 259
853 520
298 502
298 120
218 588
218 647
941 729
941 899
21 622
21 1001
559 364
559 895
808 50
808 464
649 33
649 4
627 942
627 82
330 276
330 26
969 579
969 321
1012 79
1012 968
630 746
630 1000
370 342
370 544
525 903
525 718
750 427
750 683
260 672
260 285
620 228
620 346
956 644
956 769
1007 673
1007 165
382 984
382 170
655 692
655 141
10 284
10 475
815 414
815 491
745 317
745 237
708 876
708 441
886 558
886 6
295 43
295 527
196 601
196 613
474 448
474 957
462 344
462 792
310 940
310 74
383 565
383 669
666 333
666 138
399 733
399 1006
380 964
380 328
836 339
836 814
452 134
452 40
764 127
764 391
142 600
142 671
117 732
117 682
201 972
201 258
69 694
69 436
184 51
184 787
355 195
355 371
151 829
151 254
116 205
116 425
164 719
164 211
460 352
460 813
891 319
891 616
512 974
512 542
235 327
235 953
633 92
633 356
56 1
56 872
869 522
869 384
98 94
98 691
146 153
146 439
626 334
626 118
581 433
581 42
501 307
501 727
500 723
500 894
1004 685
1004 758
359 159
359 72
818 108
818 926
225 160
225 517
552 911
552 910
75 566
75 820
457 943
457 471
798 535
798 168
465 171
465 234
400 413
400 255
176 983
176 596
443 843
443 602
7 180
7 216
668 263
668 337
863 309
863 498
551 459
551 657
279 426
279 726
275 466
275 25
783 679
783 780
533 897
533 948
838 446
838 977
742 555
742 162
617 248
617 999
244 105
244 547
852 993
852 161
447 256
447 917
188 59
188 288
1017 111
1017 148
190 637
190 955
139 557
139 570
495 722
495 564
789 265
789 1008
177 77
177 366
871 445
871 1021
883 924
883 914
221 325
221 868
844 996
844 686
580 833
580 83
421 208
421 593
417 278
417 681
198 804
198 245
987 202
987 768
865 635
865 741
817 716
817 1013
57 242
57 1009
714 771
714 362
528 220
528 293
534 314
534 289
62 106
62 144
363 989
363 794
693 584
693 888
300 217
300 562
971 740
971 652
66 937
66 573
442 862
442 802
759 822
759 980
675 313
675 449
921 299
921 222
126 529
126 509
819 3
819 950
505 907
505 482
821 715
821 939
960 306
960 605
523 1022
523 389
646 461
646 607
610 546
610 648
606 174
606 140
826 878
826 590
481 147
481 422
935 41
935 885
785 49
785 499
28 89
28 599
133 48
133 667
699 706
699 773
247 841
247 131
752 308
752 510
738 450
738 214
398 416
398 251
530 200
530 905
224 879
224 890
867 99
867 158
896 835
896 991
85 954
85 518
394 84
394 932
324 320
324 898
850 97
850 931
46 467
46 781
86 349
86 929
215 35
215 128
269 725
269 949
623 419
623 920
703 365
703 34
965 697
965 545
182 395
182 690
979 199
979 970
777 591
777 543
583 986
583 367
183 376
183 709
19 32
19 206
338 810
338 628
912 374
912 95
239 749
239 906
574 961
574 272
634 5
634 61
585 385
585 665
305 877
305 800
765 916
765 238
418 909
418 227
904 264
904 209
751 403
751 13
135 856
135 311
132 860
132 730
756 874
756 947
30 407
30 1020
881 90
881 65
524 571
524 283
458 809
458 717
350 130
350 45
845 550
845 143
73 408
73 123
823 444
823 995
271 728
271 946
322 670
322 702
297 191
297 952
902 410
902 415
469 713
469 755
219 539
219 381
889 618
889 976
561 721
561 514
892 556
892 638
454 102
454 9
11 492
11 625
604 658
604 754
848 351
848 262
992 589
992 595
423 393
423 266
78 236
78 511
791 463
791 17
982 747
982 472
428 268
428 12
145 38
145 487
698 963
698 39
615 990
615 1003
676 611
676 927
537 150
537 179
252 16
252 680
776 335
776 287
849 654
849 661
619 612
619 424
567 1011
567 629
479 805
479 887
724 87
724 779
651 149
651 900
506 837
506 172
656 880
656 60
270 994
270 978
677 156
677 938
80 795
80 301
476 109
476 175
766 753
766 919
731 576
731 762
531 594
531 597
711 1023
711 194
913 743
913 839
178 14
178 103
504 775
504 678
1019 88
1019 653
438 93
438 104
343 515
343 934
930 631
930 253
663 345
663 136
207 2
207 348
259 554
259 603
520 908
520 526
502 811
502 864
120 375
120 572
588 988
588 519
647 662
647 674
729 1015
729 257
899 918
899 767
622 64
622 873
1001 828
1001 485
364 784
364 229
895 532
895 340
50 388
50 296
464 456
464 846
33 772
33 598
4 23
4 27
942 331
942 875
82 361
82 538
276 96
276 213
26 553
26 18
579 806
579 614
321 373
321 748
79 204
79 112
968 167
968 294
746 125
746 847
1000 998
1000 273
342 137
342 801
544 857
544 169
903 281
903 261
718 778
718 951
427 386
427 36
683 508
683 486
672 608
672 870
285 540
285 712
228 834
228 645
346 368
346 840
644 302
644 578
769 824
769 451
673 396
673 68
165 563
165 981
984 341
984 1005
170 24
170 412
692 489
692 592
141 312
141 985
284 63
284 286
475 163
475 189
2021 672
2021 1893
672 1275
672 1140
1893 67
1893 683
1275 1700
1275 1630
1140 1235
1140 2007
67 841
67 1650
683 1653
683 2033
1700 952
1700 1176
1630 1143
1630 721
1235 829
1235 180
2007 1587
2007 895
841 1633
841 1144
1650 945
1650 1491
1653 656
1653 1513
2033 1028
2033 1048
952 82
952 364
1176 1329
1176 634
1143 1550
1143 758
721 1314
721 1549
829 1418
829 1786
180 443
180 1326
1587 1796
1587 1990
895 1210
895 105
1633 470
1633 663
1144 1467
1144 757
945 1035
945 1617
1491 264
1491 1391
656 1728
656 356
1513 1196
1513 1395
1028 1173
1028 185
1048 500
1048 1171
82 11
82 563
364 1535
364 853
1329 398
1329 640
634 1594
634 794
1550 646
1550 103
758 1668
758 2005
1314 1892
1314 1283
1549 513
1549 619
1418 1860
1418 357
1786 1652
1786 1881
443 2020
443 343
1326 1277
1326 1206
1796 568
1796 247
1990 496
1990 1093
1210 847
1210 1681
105 1480
105 600
470 704
470 1831
663 625
663 316
1467 1801
1467 1208
757 1375
757 33
1035 112
1035 1013
1617 1813
1617 2000
264 548
264 155
1391 1576
1391 901
1728 260
1728 405
356 1742
356 1262
1196 1916
1196 1793
1395 1870
1395 1229
1173 1862
1173 1416
185 649
185 1151
500 1254
500 980
1171 346
1171 998
11 1266
11 1180
563 134
563 1896
1535 739
1535 1713
853 1034
853 1117
398 1961
398 947
640 1427
640 1403
1594 1131
1594 941
794 1528
794 1530
646 129
646 48
103 530
103 53
1668 1138
1668 1580
2005 729
2005 1377
1892 1701
1892 323
1283 846
1283 258
513 1946
513 168
619 1512
619 1795
1860 1150
1860 955
357 20
357 809
1652 2002
1652 1111
1881 833
1881 1155
2020 868
2020 1743
343 1712
343 1497
1277 1328
1277 933
1206 140
1206 1237
568 1900
568 1578
247 311
247 1782
496 1434
496 814
1093 694
1093 738
847 375
847 176
1681 255
1681 818
1480 345
1480 892
600 30
600 641
704 1619
704 468
1831 282
1831 763
625 871
625 1714
316 502
316 263
1801 1030
1801 546
1208 878
1208 1389
1375 1119
1375 1473
33 395
33 1321
112 415
112 1878
1013 219
1013 151
1813 618
1813 469
2000 1103
2000 1832
548 1367
548 1537
155 1159
155 1570
1576 1604
1576 324
901 442
901 2039
260 805
260 698
405 1906
405 506
1742 1482
1742 1199
1262 2028
1262 1053
1916 1565
1916 1305
1793 1720
1793 1651
1870 1411
1870 1400
1229 1183
1229 1384
1862 1789
1862 1366
1416 790
1416 234
649 761
649 1481
1151 50
1151 1097
1254 1
1254 136
980 166
980 1682
346 1188
346 1268
998 1884
998 902
1266 391
1266 1016
1180 1218
1180 1315
134 207
134 713
1896 1061
1896 1471
739 1665
739 1760
1713 146
1713 463
1034 1876
1034 654
1117 1560
1117 1822
1961 204
1961 719
947 175
947 737
1427 285
1427 1909
1403 1128
1403 58
1131 1172
1131 522
941 62
941 1506
1528 670
1528 318
1530 367
1530 1479
129 417
129 800
48 441
48 1231
530 1392
530 550
53 120
53 1664
1138 1766
1138 1969
1580 498
1580 907
729 1694
729 1721
1377 99
1377 54
1701 986
1701 118
323 38
323 57
846 217
846 668
258 66
258 1890
1946 992
1946 1354
168 394
168 236
1512 615
1512 879
1795 1495
1795 538
1150 303
1150 937
955 1026
955 661
20 75
20 562
809 1429
809 295
2002 1708
2002 139
1111 1371
1111 12
833 329
833 1519
1155 856
1155 1307
868 60
868 1046
1743 1017
1743 1422
1712 429
1712 772
1497 1435
1497 208
1328 1044
1328 635
933 428
933 556
140 1222
140 1979
1237 999
1237 1596
1900 976
1900 1274
1578 1387
1578 1087
311 306
311 351
1782 1286
1782 1106
1434 2019
1434 951
814 274
814 339
694 71
694 1869
738 527
738 1945
375 456
375 1880
176 1302
176 1913
255 1033
255 296
818 1238
818 1032
345 1463
345 1311
892 1325
892 1671
30 606
30 716
641 158
641 35
1619 65
1619 1924
468 1419
468 1901
282 68
282 1615
763 664
763 931
871 588
871 597
1714 1443
1714 1871
502 327
502 1447
263 1663
263 1310
1030 2024
1030 1045
546 1145
546 94
878 1814
878 300
1389 1515
1389 917
1119 1192
1119 1840
1473 402
1473 1036
395 715
395 160
1321 679
1321 542
415 369
415 1845
1878 940
1878 1602
219 1089
219 1486
151 1598
151 913
618 1202
618 1317
469 825
469 1874
1103 553
1103 1744
1832 560
1832 1711
1367 1601
1367 1298
1537 1436
1537 964
1159 307
1159 291
1570 1157
1570 801
1604 1220
1604 1603
324 787
324 1205
442 580
442 211
2039 1051
2039 1545
805 685
805 2035
698 601
698 39
1906 1149
1906 802
506 1058
506 432
1482 1648
1482 482
1199 116
1199 852
2028 840
2028 1723
1053 358
1053 190
1565 1980
1565 1992
1305 1312
1305 486
1720 1244
1720 1084
1651 1432
1651 226
1411 220
1411 1593
1400 374
1400 1177
1183 321
1183 524
1384 1938
1384 270
1789 487
1789 1692
1366 614
1366 2040
790 518
790 1037
234 301
234 1008
761 379
761 533
1481 1247
1481 197
50 347
50 95
1097 2023
1097 459
1 975
1 875
136 1548
136 836
166 1161
166 1288
1682 37
1682 1072
1188 626
1188 1922
1268 389
1268 628
1884 1557
1884 889
902 1152
902 558
391 1136
391 1600
1016 1079
1016 815
1218 582
1218 1734
1315 184
1315 1402
207 177
207 1269
713 407
713 298
1061 577
1061 366
1471 45
1471 982
1665 1579
1665 1669
1760 49
1760 1541
146 83
146 1841
463 1122
463 637
1876 1685
1876 781
654 1297
654 1294
1560 368
1560 497
1822 1184
1822 34
204 1835
204 1717
719 1332
719 43
175 1221
175 224
737 554
737 812
285 509
285 914
1909 1677
1909 571
1128 675
1128 1308
58 1999
58 133
1172 1404
1172 1170
522 1917
522 797
62 1802
62 1750
1506 59
1506 457
670 1705
670 117
318 1055
318 700
367 965
367 125
1479 514
1479 743
417 1521
417 1514
800 851
800 1952
441 1524
441 1240
1231 747
1231 1842
1392 786
1392 2014
550 1989
550 430
120 1935
120 728
1664 893
1664 2042
1766 262
1766 1232
1969 543
1969 1342
498 191
498 724
907 799
907 1847
1694 632
1694 1390
1721 949
1721 1330
99 692
99 970
54 1410
54 644
986 1622
986 655
118 1031
118 1727
38 2029
38 248
57 1019
57 1897
217 677
217 1599
668 1430
668 1672
66 751
66 1768
1890 789
1890 1353
992 1169
992 1376
1354 1556
1354 1778
394 1706
394 1227
236 810
236 1805
615 1747
615 1972
879 2017
879 1346
1495 570
1495 1738
538 722
538 170
303 47
303 1975
937 595
937 333
1026 1787
1026 1052
661 1256
661 1543
75 920
75 1730
562 162
562 750
1429 1417
1429 1396
295 1182
295 779
1708 1120
1708 861
139 272
139 73
1371 400
1371 1978
12 1225
12 894
329 1804
329 1765
1519 383
1519 2003
856 1971
856 1709
1307 452
1307 717
60 194
60 539
1046 245
1046 701
1017 1250
1017 1280
1422 397
1422 100
429 355
429 1186
772 1094
772 106
1435 1102
1435 1223
208 2026
208 971
1044 1372
1044 1851
635 881
635 1457
428 1597
428 939
556 164
556 1941
1222 666
1222 1607
1979 1886
1979 1715
999 1050
999 1156
1596 994
1596 876
976 202
976 371
1274 1828
1274 313
1387 1393
1387 887
1087 96
1087 1496
306 74
306 1799
351 1853
351 1635
1286 1092
1286 2022
1106 322
1106 784
2019 1082
2019 1118
951 1809
951 1983
274 983
274 359
339 1318
339 1911
71 1282
71 467
1869 1687
1869 1790
527 1216
527 1879
1945 726
1945 793
456 549
456 2009
1880 1658
1880 1965
1302 1340
1302 1001
1913 1825
1913 1830
1033 1568
1033 884
296 909
296 137
1238 1625
1238 2036
1032 1748
1032 1925
1463 1455
1463 242
1311 1295
1311 476
1325 1638
1325 1558
1671 1337
1671 460
606 1358
606 69
716 1775
716 1271
158 1620
158 536
35 1341
35 1490
65 373
65 214
1924 1773
1924 382
1419 782
1419 431
1901 16
1901 756
68 1827
68 1918
1615 163
1615 755
664 1368
664 1066
931 1780
931 335
588 874
588 1042
597 1517
597 1695
1443 84
1443 1452
1871 275
1871 1654
327 222
327 1212
1447 36
1447 1899
1663 727
1663 1690
1310 665
1310 55
2024 1725
2024 2044
1045 1062
1045 1586
1145 826
1145 1722
94 862
94 1085
1814 109
1814 759
300 1661
300 1505
1515 806
1515 1203
917 1503
917 1567
1192 1781
1192 2034
1840 1771
1840 1255
402 1525
402 1179
1036 1818
1036 1064
715 143
715 1164
160 961
160 510
679 822
679 1500
542 172
542 997
369 491
369 1707
1845 591
1845 1820
940 1542
940 1756
1602 1737
1602 101
1089 1405
1089 1829
1486 1154
1486 703
1598 1415
1598 331
913 265
913 1257
1202 854
1202 61
1317 377
1317 86
825 1125
825 352
1874 1806
1874 1631
553 1981
553 1207
1744 1348
1744 135
560 1063
560 332
1711 1351
1711 921
1601 1674
1601 1655
1298 1649
1298 1355
1436 732
1436 1469
964 392
964 870
307 1779
307 422
291 891
291 1563
1157 1070
1157 775
801 1792
801 1518
1220 216
1220 1863
1603 1189
1603 1764
787 1757
787 783
1205 1907
1205 399
580 1015
580 386
211 867
211 845
1051 362
1051 1398
1545 1641
1545 77
685 584
685 474
2035 511
2035 1758
601 1098
601 1333
39 2046
39 1554
1149 916
1149 731
802 944
802 1141
1058 1982
1058 1401
432 516
432 1441
1648 623
1648 2038
482 1211
482 521
116 762
116 1010
852 1564
852 579
840 954
840 1710
1723 650
1723 1412
358 1081
358 680
190 15
190 1697
1980 819
1980 659
1992 249
1992 1843
1312 525
1312 1408
486 1431
486 2027
1244 923
1244 501
1084 361
1084 13
1432 325
1432 1193
226 372
226 503
220 9
220 1833
1593 478
1593 51
374 1985
374 350
1177 1215
1177 1516
321 1425
321 1797
524 936
524 104
1938 32
1938 3
270 985
270 943
487 1054
487 1303
1692 414
1692 1657
614 244
614 695
2040 1637
2040 2025
518 1421
518 235
1037 1957
1037 481
301 1409
301 419
1008 718
1008 436
379 1988
379 967
533 1362
533 111
1247 201
1247 1201
197 1614
197 678
347 1239
347 243
95 803
95 1582
2023 273
2023 1476
459 256
459 363
975 336
975 1472
875 1086
875 1214
1548 108
1548 21
836 1644
836 72
1161 250
1161 1611
1288 1523
1288 1573
37 161
37 1024
1072 1680
1072 645
626 684
626 1976
1922 1137
1922 1291
389 828
389 770
628 767
628 1673
1557 1009
1557 1551
889 1069
889 1772
1152 850
1152 1040
558 592
558 2006
1136 740
1136 102
1600 1643
1600 238
1079 186
1079 662
815 1343
815 5
582 929
582 1895
1734 926
1734 1424
184 1459
184 969
1402 31
1402 1610
177 156
177 977
1269 251
1269 183
407 1553
407 557
298 1000
298 1885
577 1626
577 1538
366 736
366 742
45 1574
45 1105
982 1788
982 44
1579 365
1579 1331
1669 843
1669 1385
49 393
49 492
1541 791
1541 308
83 1590
83 769
1841 1785
1841 1446
1122 1130
1122 122
637 18
637 1071
1685 972
1685 1025
781 254
781 960
1297 1148
1297 1854
1294 1301
1294 778
368 2041
368 1877
497 334
497 56
1184 922
1184 798
34 897
34 1605
1835 1583
1835 1426
1717 1733
1717 188
1332 138
1332 1762
43 1996
43 1306
1221 1498
1221 1361
224 605
224 252
554 1047
554 1153
812 1866
812 1958
509 1950
509 906
914 113
914 915
1677 1423
1677 1666
571 1691
571 813
675 928
675 1889
1308 904
1308 1834
1999 7
1999 348
133 1520
133 289
1404 707
1404 938
1170 119
1170 1175
1917 97
1917 832
797 1739
797 1158
1802 1608
1802 1502
1750 1741
1750 41
59 1891
59 1360
457 454
457 390
1705 1339
1705 488
117 1113
117 1940
1055 788
1055 1359
700 1462
700 1522
965 1349
965 1116
125 1458
125 1454
514 1123
514 233
743 23
743 1018
1521 583
1521 1067
1514 1745
1514 1185
851 671
851 811
1952 1967
1952 1618
1524 1309
1524 1798
1240 1278
1240 1532
747 1753
747 882
1842 682
1842 593
786 1810
786 912
2014 688
2014 1439
1989 1968
1989 1688
430 607
430 1438
1935 1838
1935 835
728 611
728 304
893 528
893 80
2042 962
2042 1770
262 1466
262 1811
1232 147
1232 1213
543 209
543 827
1342 462
1342 1774
191 627
191 1272
724 1927
724 461
799 141
799 633
1847 1440
1847 1735
632 566
632 1004
1390 620
1390 586
949 157
949 412
1330 1142
1330 1903
692 900
692 1628
970 1007
970 1242
1410 1640
1410 14
644 837
644 490
1622 1168
1622 435
655 1696
655 378
1031 288
1031 979
1727 1012
1727 1974
2029 1686
2029 1949
248 1629
248 1484
1019 328
1019 565
1897 1929
1897 165
677 968
677 1167
1599 376
1599 1679
1430 885
1430 574
1672 1200
1672 259
751 589
751 1670
1768 869
1768 2018
789 1096
789 512
1353 735
1353 284
1169 1693
1169 439
1376 472
1376 93
1556 1569
1556 221
1778 1135
1778 1027
1706 1451
1706 434
1227 1566
1227 1837
810 730
810 1379
1805 1639
1805 360
1747 978
1747 693
1972 1510
1972 337
2017 1534
2017 22
1346 643
1346 433
570 1299
570 2043
1738 780
1738 192
722 1836
722 1284
170 1324
170 1855
47 1544
47 1146
1975 984
1975 706
595 830
595 1632
333 765
333 1932
1787 710
1787 1555
1052 857
1052 1319
1256 1114
1256 1002
1543 1388
1543 555
920 1267
920 1209
1730 748
1730 42
162 1345
162 569
750 1702
750 19
1417 89
1417 629
1396 723
1396 455
1182 1973
1182 1076
779 293
779 697
1120 1936
1120 1261
861 1955
861 1373
272 46
272 485
73 90
73 114
400 1178
400 1174
1978 1059
1978 935
1225 1397
1225 966
894 200
894 406
1804 1812
1804 1821
1765 796
1765 1994
383 613
383 1716
2003 1898
2003 1964
1971 689
1971 91
1709 1147
1709 621
452 1108
452 1683
717 883
717 229
194 340
194 804
539 413
539 535
245 1511
245 1953
701 2037
701 178
1250 121
1250 92
1280 1729
1280 981
397 421
397 1939
100 958
100 1414
355 2
355 1571
1186 1559
1186 1509
1094 1659
1094 1740
106 240
106 1252
1102 446
1102 585
1223 1585
1223 268
2026 1263
2026 953
971 408
971 167
1372 541
1372 477
1851 610
1851 1508
881 1226
881 1264
1457 231
1457 636
1597 1902
1597 453
939 1129
939 2008
164 821
164 107
1941 1531
1941 686
666 230
666 1937
1607 299
1607 1347
1886 1246
1886 526
1715 948
1715 87
1050 418
1050 1381
1156 276
1156 1904
994 464
994 1749
876 1645
876 540
202 411
202 1951
371 1083
371 768
1828 290
1828 195
313 261
313 1923
1393 1588
1393 773
887 1065
887 380
96 1507
96 699
1496 1646
1496 182
74 1912
74 1450
1799 690
1799 1572
1853 1824
1853 1112
1635 8
1635 1606
1092 988
1092 484
2022 169
2022 896
322 905
322 1091
784 1488
784 1494
1082 603
1082 1867
1118 792
1118 576
1809 2015
1809 1380
1983 1370
1983 353
983 269
983 1609
359 52
359 1386
1318 1984
1318 445
1911 1954
1911 602
1282 1499
1282 908
467 159
467 1477
1687 384
1687 507
1790 26
1790 1258
1216 1483
1216 319
1879 326
1879 934
726 302
726 1487
793 1073
793 17
549 834
549 127
2009 1930
2009 1080
1658 993
1658 354
1965 449
1965 1562
1340 237
1340 203
1001 932
1001 388
1825 1865
1825 508
1830 1190
1830 447
1568 924
1568 745
884 807
884 863
909 1285
909 1934
137 410
137 495
1625 1011
1625 144
2036 1634
2036 711
1748 409
1748 1049
1925 1826
1925 1993
1455 1589
1455 27
242 1191
242 1101
1295 1724
1295 1914
476 85
476 581
1638 2001
1638 309
1558 401
1558 465
1337 426
1337 24
460 1133
460 1501
1358 1365
1358 1872
69 1230
69 660
1775 1127
1775 1043
1271 278
1271 6
1620 1784
1620 1667
536 864
536 1533
1341 404
1341 1868
1490 193
1490 741
373 547
373 709
214 1228
214 198
1773 1475
1773 189
382 824
382 760
782 691
782 754
431 505
431 1364
16 1815
16 1293
756 228
756 1699
1827 479
1827 534
1918 1181
1918 142
163 1846
163 1068
755 1591
755 1859
1368 1755
1368 888
1066 925
1066 708
1780 1095
1780 1944
335 872
335 987
874 1289
874 1817
1042 1844
1042 1718
1517 148
1517 1751
1695 1627
1695 1504
84 1316
84 1536
1452 206
1452 848
275 64
275 1816
1654 310
1654 858
222 575
222 777
1212 181
1212 4
36 1056
36 438
1899 1948
1899 320
727 996
727 1453
1690 573
1690 277
665 1581
665 617
55 2030
55 40
1725 1963
1725 28
2044 1124
2044 2032
1062 561
1062 440
1586 1334
1586 314
826 1029
826 1849
1722 1344
1722 126
862 1461
862 210
1085 855
1085 1529
109 145
109 287
759 860
759 297
1661 1726
1661 687
1505 1292
1505 1883
806 1612
806 1852
1203 370
1203 257
1503 1198
1503 281
1567 764
1567 1986
1781 714
1781 842
2034 1997
2034 844
1771 1166
1771 1445
1255 1478
1255 1099
1525 437
1525 267
1179 123
1179 1970
1818 1162
1818 232
1064 537
1064 725
143 253
143 1719
1164 1456
1164 342
961 1420
961 839
510 1783
510 196
822 483
822 552
1500 1322
1500 1296
172 1624
172 1689
997 110
997 1956
491 1005
491 567
1707 1126
1707 1873
591 246
591 545
1820 187
1820 771
1542 1926
1542 385
1756 1962
1756 271
1737 2047
1737 88
101 1698
101 205
1405 529
1405 338
1829 1613
1829 1003
1154 199
1154 1943
703 1575
703 1304
1415 1808
1415 652
331 1561
331 590
265 1394
265 631
1257 1378
1257 1260
854 946
854 403
61 1858
61 744
377 1224
377 225
86 957
86 1075
1125 673
1125 475
352 720
352 624
1806 795
1806 776
1631 520
1631 312
1981 1752
1981 1761
1207 596
1207 823
1348 1642
1348 1684
135 1991
135 919
1063 612
1063 647
332 630
332 1592
1351 1731
1351 1335
921 651
921 817
1674 152
1674 1882
1655 1437
1655 705
1649 604
1649 381
1355 1363
1355 448
732 733
732 927
1469 1746
1469 1104
392 950
392 1352
870 480
870 1526
1779 266
1779 1038
422 532
422 653
891 1928
891 1966
1563 1369
1563 171
1070 866
1070 1245
775 1006
775 1800
1792 1413
1792 1995
1518 1163
1518 416
216 1636
216 25
1863 1887
1863 973
1189 956
1189 1336
1764 317
1764 1856
1757 1243
1757 930
783 1915
783 450
1907 1020
1907 1442
399 616
399 294
1015 658
1015 1908
386 1662
386 749
867 587
867 124
845 551
845 1857
362 598
362 1279
1398 1540
1398 1947
1641 1623
1641 344
77 1819
77 890
584 1675
584 1493
474 292
474 341
511 1022
511 1406
1758 1088
1758 473
1098 387
1098 995
1333 609
1333 1383
2046 1109
2046 1236
1554 128
1554 1960
916 1234
916 873
731 1920
731 859
944 1595
944 1110
1141 1910
1141 1676
1982 2045
1982 1428
1401 1552
1401 753
516 1527
516 1107
1441 1433
1441 1090
623 1839
623 427
2038 1647
2038 1621
1211 466
1211 1165
521 1290
521 1078
762 212
762 1060
1010 239
1010 746
1564 1021
1564 702
579 179
579 667
954 2012
954 1977
1710 504
1710 1197
650 1313
650 674
1412 519
1412 1616
1081 1041
1081 1850
680 1399
680 523
15 1356
15 1039
1697 499
1697 1249
819 531
819 1300
659 63
659 865
249 1539
249 1448
1843 1577
1843 130
525 280
525 1759
1408 681
1408 1449
1431 131
1431 1132
2027 942
2027 1959
923 1888
923 1736
501 283
501 1861
361 1794
361 990
13 1998
13 444
325 1470
325 1382
1193 1014
1193 785
372 918
372 1894
503 898
503 494
9 903
9 838
1833 1023
1833 991
478 638
478 1933
51 594
51 1327
1985 1276
1985 315
350 1338
350 1919
1215 1219
1215 218
1516 78
1516 752
1425 1474
1425 396
1797 213
1797 622
936 1905
936 774
104 76
104 1248
32 1921
32 578
3 1241
3 1703
985 174
985 608
943 544
943 1987
1054 808
1054 70
1303 564
1303 458
414 1350
414 669
1657 1100
1657 1823
244 471
244 1678
695 349
695 1777
1637 1194
1637 963
2025 877
2025 2004
1421 1656
1421 2031
235 1807
235 639
1957 1320
1957 1134
481 489
481 657
1409 1115
1409 149
419 1763
419 423
718 305
718 1492
436 766
436 1468
1988 1253
1988 517
967 173
967 451
1362 676
1362 1270
111 1465
111 1660
201 1357
201 241
1201 215
1201 1281
1614 493
1614 1803
678 153
678 1848
1239 515
1239 899
243 154
243 734
803 1057
803 1139
1582 1121
1582 10
273 223
273 330
1476 1374
1476 424
256 79
256 1732
363 1077
363 286
336 98
336 1265
1472 1407
1472 1776
1086 1754
1086 1444
1214 910
1214 886
108 820
108 1195
21 1704
21 1204
1644 29
1644 1546
72 1584
72 849
250 880
250 1323
1611 1942
1611 1547
1523 420
1523 1460
1573 227
1573 974
161 816
161 572
1024 115
1024 1931
1680 1769
1680 599
645 959
645 1489
684 2013
684 648
1976 2010
1976 642
1137 2011
1137 425
1291 1864
1291 1160
828 1273
828 81
770 1767
770 279
767 1259
767 1074
1673 2016
1673 1464
1009 1251
1009 1485
1551 1791
1551 1217
1069 712
1069 831
1772 1233
1772 911
850 150
850 1875
1040 559
1040 989
592 696
592 1187
2006 1287
2006 132
