2047 2047 89811
1869 1818
1869 286
1818 883
1818 1544
286 1580
286 1089
883 274
883 1978
1544 1171
1544 748
1580 29
1580 1927
1089 1477
1089 1771
274 1634
274 1332
1978 174
1978 533
1171 199
1171 348
748 1909
748 374
29 1772
29 560
1927 1249
1927 1573
1477 1367
1477 1351
1771 985
1771 88
1634 427
1634 625
1332 716
1332 2047
174 1461
174 1587
533 1700
533 320
199 974
199 1328
348 1162
348 1480
1909 674
1909 222
374 187
374 1699
1772 78
1772 1386
560 1151
560 1060
1249 207
1249 799
1573 13
1573 53
1367 241
1367 234
1351 486
1351 775
985 842
985 1802
88 1722
88 1451
427 1834
427 165
625 1197
625 255
716 1937
716 425
2047 766
2047 438
1461 355
1461 747
1587 1585
1587 1131
1700 1457
1700 1204
320 1726
320 815
974 1788
974 32
1328 319
1328 1023
1162 1718
1162 250
1480 549
1480 1037
674 1018
674 238
222 906
222 1571
187 1098
187 1344
1699 1129
1699 1498
78 1343
78 471
1386 1651
1386 1262
1151 1962
1151 121
1060 802
1060 1717
207 1985
207 1764
799 1205
799 505
13 1039
13 841
53 1719
53 778
241 229
241 1126
234 523
234 2011
486 1056
486 892
775 1653
775 1995
842 1082
842 620
1802 1911
1802 1780
1722 685
1722 1178
1451 847
1451 812
1834 1776
1834 1091
165 1884
165 537
1197 1538
1197 407
255 422
255 980
1937 2005
1937 272
425 112
425 522
766 587
766 1415
438 611
438 1897
355 89
355 581
747 765
747 390
1585 759
1585 1000
1131 1321
1131 30
1457 1058
1457 233
1204 2040
1204 1988
1726 1770
1726 1252
815 1387
815 324
1788 852
1788 1280
32 888
32 1243
319 575
319 414
1023 1979
1023 244
1718 1989
1718 1272
250 913
250 99
549 955
549 724
1037 80
1037 1543
1018 1872
1018 1052
238 1947
238 1040
906 1775
906 726
1571 1143
1571 652
1098 1021
1098 1267
1344 1799
1344 217
1129 1575
1129 1845
1498 373
1498 983
1343 1732
1343 494
471 617
471 1002
1651 354
1651 1932
1262 666
1262 73
1962 1751
1962 1685
121 357
121 1608
802 568
802 1673
1717 896
1717 579
1985 500
1985 1800
1764 832
1764 1803
1205 1133
1205 1528
505 1017
505 2041
1039 1138
1039 1504
841 1137
841 1675
1719 1744
1719 1145
778 1565
778 1898
229 2015
229 947
1126 1390
1126 1361
523 1617
523 469
2011 184
2011 973
1056 189
1056 450
892 1
892 377
1653 1661
1653 470
1995 43
1995 2014
1082 1821
1082 1950
620 1724
620 1986
1911 1892
1911 1373
1780 1707
1780 1766
685 194
685 1720
1178 2037
1178 416
847 443
847 623
812 252
812 1401
1776 1666
1776 153
1091 714
1091 344
1884 49
1884 2038
537 824
537 805
1538 1785
1538 334
407 1027
407 1258
422 359
422 1734
980 227
980 277
2005 1902
2005 504
272 1532
272 50
112 814
112 1625
522 1999
522 64
587 528
587 1038
1415 276
1415 1366
611 1769
611 1196
1897 342
1897 315
89 801
89 772
581 372
581 1740
765 1912
765 258
390 257
390 1657
759 661
759 1335
1000 610
1000 1682
1321 2009
1321 1880
30 155
30 1992
1058 796
1058 538
233 1527
233 2044
2040 1224
2040 237
1988 922
1988 1395
1770 1141
1770 1481
1252 729
1252 850
1387 394
1387 571
324 1687
324 1431
852 1320
852 423
1280 178
1280 1793
888 608
888 74
1243 1738
1243 1786
575 902
575 607
414 66
414 347
1979 143
1979 285
244 1611
244 223
1989 1844
1989 976
1272 1352
1272 874
913 1356
913 83
99 683
99 1340
955 1035
955 1882
724 434
724 249
80 722
80 1690
1543 191
1543 1063
1872 1626
1872 197
1052 965
1052 1838
1947 1840
1947 474
1040 894
1040 1150
1775 909
1775 1341
726 1311
726 1508
1143 1817
1143 201
652 1614
652 1704
1021 512
1021 1206
1267 1310
1267 954
1799 1963
1799 1918
217 800
217 428
1575 11
1575 1910
1845 124
1845 698
373 996
373 540
983 1913
983 262
1732 1295
1732 1251
494 1680
494 680
617 268
617 125
1002 879
1002 84
354 1953
354 1706
1932 1815
1932 181
666 720
666 1545
73 1891
73 1570
1751 1515
1751 1975
1685 736
1685 807
357 2000
357 1174
1608 877
1608 266
568 693
568 1016
1673 1286
1673 490
896 489
896 1161
579 776
579 61
500 1835
500 150
1800 541
1800 1516
832 961
832 59
1803 1396
1803 1474
1133 1823
1133 1417
1528 291
1528 733
1017 2002
1017 97
2041 967
2041 247
1138 2007
1138 811
1504 411
1504 511
1137 573
1137 1416
1675 1106
1675 447
1744 1993
1744 42
1145 791
1145 1873
1565 1833
1565 916
1898 24
1898 120
2015 1896
2015 848
947 1858
947 1233
1390 1901
1390 1279
1361 1791
1361 1908
1617 995
1617 641
469 437
469 156
184 116
184 1518
973 2028
973 182
189 1266
189 2021
450 1108
450 817
1 432
1 1166
377 1641
377 809
1661 1234
1661 1632
470 1464
470 48
43 311
43 323
2014 1223
2014 971
1821 111
1821 195
1950 1725
1950 999
1724 456
1724 1839
1986 242
1986 36
1892 1586
1892 1716
1373 94
1373 788
1707 1116
1707 1525
1766 986
1766 106
194 306
194 1135
1720 1652
1720 248
2037 1951
2037 725
416 1409
416 1253
443 1446
443 1097
623 136
623 1096
252 1473
252 455
1401 168
1401 2034
1666 18
1666 989
153 1513
153 519
714 1269
714 1841
344 911
344 682
49 1455
49 1155
2038 2008
2038 279
824 1046
824 1555
805 1315
805 1876
1785 1394
1785 526
334 1743
334 296
1027 86
1027 882
1258 147
1258 1055
359 151
359 991
1734 1430
1734 1275
227 804
227 903
277 1917
277 1731
1902 1730
1902 1331
504 245
504 1157
1532 755
1532 1010
50 552
50 19
814 580
814 302
1625 531
1625 442
1999 325
1999 1871
64 1564
64 22
528 70
528 534
1038 52
1038 677
276 1938
276 1711
1366 1994
1366 63
1769 521
1769 665
1196 1400
1196 287
342 998
342 1971
315 205
315 326
801 1824
801 588
772 1348
772 350
372 1578
372 1715
1740 839
1740 1782
1912 957
1912 1099
258 1468
258 583
257 1714
257 1316
1657 956
1657 603
661 82
661 1674
1335 200
1335 383
610 280
610 1030
1682 260
1682 1667
2009 2022
2009 576
1880 1877
1880 988
155 4
155 79
1992 629
1992 1247
796 1864
796 1186
538 601
538 1362
1527 1029
1527 1778
2044 441
2044 547
1224 717
1224 1218
237 1065
237 566
922 1928
922 336
1395 1969
1395 1374
1141 185
1141 369
1481 224
1481 605
729 1606
729 1643
850 1972
850 632
394 20
394 314
571 1520
571 1890
1687 574
1687 76
1431 1371
1431 1189
1320 843
1320 1847
423 404
423 345
178 1925
178 1973
1793 2033
1793 1011
608 256
608 1221
74 295
74 704
1738 1274
1738 690
1786 1851
1786 1997
902 1200
902 1330
607 1688
607 740
66 1158
66 872
347 65
347 1633
143 808
143 275
285 1524
285 1384
1611 3
1611 361
223 1412
223 239
1844 1008
1844 1970
976 1485
976 485
1352 1104
1352 1853
874 1660
874 1837
1356 28
1356 1288
83 1946
83 1031
683 130
683 331
1340 570
1340 1745
1035 1159
1035 958
1882 261
1882 624
434 514
434 126
249 1842
249 612
722 563
722 1746
1690 1965
1690 585
191 1297
191 678
1063 593
1063 598
1626 881
1626 1452
197 1337
197 305
965 774
965 254
1838 1045
1838 845
1840 472
1840 1795
474 114
474 642
894 861
894 700
1150 1339
1150 1499
909 828
909 742
1341 1146
1341 558
1311 853
1311 284
1508 56
1508 1014
1817 622
1817 240
201 869
201 1923
1614 1077
1614 115
1704 431
1704 1074
512 835
512 478
1206 1870
1206 910
1310 565
1310 1217
954 367
954 1635
1963 1696
1963 1041
1918 1959
1918 937
800 2026
800 408
428 1629
428 132
11 1429
11 1237
1910 482
1910 711
124 2004
124 1436
698 133
698 253
996 166
996 621
540 939
540 1121
1913 1317
1913 516
262 1471
262 895
1295 371
1295 1794
1251 1819
1251 1260
1680 1013
1680 339
680 1312
680 1895
268 1936
268 484
125 202
125 1698
879 444
879 1503
84 2029
84 399
1953 1372
1953 281
1706 1781
1706 510
1815 100
1815 188
181 1595
181 1536
720 1830
720 1679
1545 891
1545 1922
1891 1012
1891 1268
1570 1509
1570 307
1515 1261
1515 1427
1975 1747
1975 783
736 183
736 908
807 1125
807 243
2000 303
2000 1113
1174 1124
1174 1132
877 738
877 1784
266 366
266 876
693 710
693 940
1016 45
1016 215
1286 1411
1286 952
490 362
490 1658
489 1445
489 1670
1161 1472
1161 1318
776 340
776 1615
61 1701
61 2
1835 590
1835 139
150 1930
150 1110
541 718
541 1347
1516 555
1516 697
961 1943
961 1642
59 793
59 1647
1396 401
1396 1053
1474 14
1474 1812
1823 899
1823 1185
1417 659
1417 1388
291 727
291 1654
733 1220
733 164
2002 1287
2002 386
97 453
97 602
967 17
967 23
247 44
247 2035
2007 1183
2007 473
811 105
811 1931
411 890
411 651
511 1059
511 1605
573 1257
573 935
1416 1878
1416 46
1106 1363
1106 696
447 1939
447 163
1993 806
1993 31
42 858
42 834
791 838
791 592
1873 798
1873 435
1833 785
1833 577
916 686
916 572
24 1859
24 1826
120 780
120 1022
1896 1414
1896 289
848 1136
848 467
1858 420
1858 169
1233 1305
1233 681
1901 1899
1901 301
1279 1648
1279 1226
1791 658
1791 650
1908 606
1908 953
995 676
995 1554
641 870
641 554
437 460
437 509
156 1382
156 944
116 429
116 1904
1518 38
1518 1413
2028 691
2028 1448
182 508
182 1960
1266 1397
1266 1630
2021 10
2021 1501
1108 567
1108 1581
817 1369
817 1914
432 209
432 1182
1166 855
1166 458
1641 1562
1641 1081
809 887
809 1689
1234 1270
1234 1934
1632 1309
1632 1583
1464 1602
1464 236
48 966
48 1849
311 1389
311 376
323 643
323 1559
1223 221
1223 1860
971 1176
971 1684
111 1623
111 1987
195 109
195 1180
1725 873
1725 898
999 7
999 631
456 569
456 1813
1839 604
1839 1103
242 190
242 1610
36 1945
36 730
1586 1905
1586 926
1716 1222
1716 1591
94 597
94 1713
788 761
788 1177
1116 33
1116 1256
1525 1242
1525 823
986 1733
986 1856
106 856
106 1199
306 1650
306 912
1135 1805
1135 1419
1652 1709
1652 1697
248 816
248 1831
1951 1420
1951 1664
725 1450
725 1033
1409 1296
1409 701
1253 351
1253 1627
1446 1765
1446 5
1097 1560
1097 104
136 1326
136 1589
1096 1410
1096 210
1473 1672
1473 1294
455 728
455 936
168 1393
168 584
2034 655
2034 907
18 705
18 290
989 1768
989 960
1513 1122
1513 963
519 1398
519 771
1269 1806
1269 1447
1841 900
1841 317
911 1418
911 977
682 675
682 1001
1455 1773
1455 495
1155 1425
1155 95
2008 1172
2008 480
279 739
279 875
1046 1118
1046 2027
1555 81
1555 68
1315 1214
1315 1900
1876 54
1876 1519
1394 813
1394 773
526 553
526 98
1743 267
1743 2030
296 1942
296 40
86 1140
86 1492
882 1755
882 313
147 1935
147 1050
1055 1086
1055 1349
151 1703
151 859
991 283
991 1683
1430 1463
1430 699
1275 695
1275 779
804 332
804 867
903 889
903 1621
1917 144
1917 941
1731 349
1731 1109
1730 1955
1730 735
1331 1181
1331 468
245 1836
245 270
1157 506
1157 1535
755 1192
755 141
1010 673
1010 670
552 905
552 140
19 1886
19 1293
580 515
580 825
302 162
302 1303
531 1078
531 1757
442 1556
442 507
325 271
325 110
1871 829
1871 1558
1564 982
1564 1521
22 1228
22 743
70 92
70 424
534 657
534 635
52 715
52 1378
677 1163
677 1588
1938 1868
1938 797
1711 1438
1711 1264
1994 938
1994 1370
63 214
63 157
521 382
521 837
665 1254
665 1225
1400 609
1400 1282
287 1522
287 1231
998 483
998 1861
1971 363
1971 790
205 618
205 1885
326 1383
326 1712
1824 654
1824 475
588 1915
588 1980
1348 1024
1348 994
350 1763
350 39
1578 1307
1578 273
1715 34
1715 1990
839 1479
839 85
1782 1476
1782 1941
957 1107
957 1529
1099 1403
1099 409
1468 1919
1468 335
583 1814
583 1114
1714 1678
1714 1154
1316 264
1316 497
956 1306
956 1756
603 1488
603 1542
82 1574
82 1599
1674 1759
1674 1613
200 1359
200 218
383 503
383 421
280 1079
280 1677
1030 646
1030 176
260 1434
260 557
1667 721
1667 1111
2022 1797
2022 763
576 752
576 219
1877 1462
1877 393
988 518
988 1511
4 1298
4 1753
79 1123
79 2046
629 2042
629 15
1247 445
1247 942
1864 113
1864 388
1186 915
1186 1600
601 1546
601 1843
1362 860
1362 1054
1029 293
1029 27
1778 1115
1778 1175
441 208
441 6
547 400
547 758
717 1437
717 1194
1218 1435
1218 1708
1065 1735
1065 465
566 389
566 370
1928 294
1928 1569
336 1852
336 2043
1969 1426
1969 1981
1374 1576
1374 8
185 1557
185 170
369 1067
369 719
224 298
224 402
605 397
605 1736
1606 653
1606 1184
1643 1638
1643 707
1972 1597
1972 457
632 269
632 821
20 365
20 979
314 663
314 1984
1520 1456
1520 1127
1890 1292
1890 1495
574 1767
574 501
76 327
76 1777
1371 1758
1371 893
1189 1358
1189 1238
843 1531
843 1179
1847 1553
1847 1015
404 1483
404 426
345 1825
345 964
1925 1319
1925 884
1973 1355
1973 1754
2033 204
2033 920
1011 993
1011 353
256 1160
256 1350
1221 619
1221 1517
295 1422
295 1846
704 1020
704 1693
1274 1458
1274 647
690 627
690 1710
1851 1502
1851 1702
1997 35
1997 1128
1200 616
1200 102
1330 866
1330 1240
1688 142
1688 614
740 321
740 308
1158 127
1158 57
872 1313
872 1289
65 786
65 118
1633 1514
1633 186
808 1584
808 1244
275 1404
275 978
1524 849
1524 1239
1384 1491
1384 945
3 1439
3 1375
361 784
361 1728
1412 943
1412 1737
239 914
239 1727
1008 1631
1008 476
1970 1810
1970 840
1485 1563
1485 1748
485 648
485 1801
1104 551
1104 1618
1853 556
1853 329
1660 1671
1660 818
1837 1453
1837 1364
28 1742
28 1168
1288 1354
1288 1283
1946 1549
1946 71
1031 1512
1031 395
130 1804
130 543
331 948
331 1406
570 179
570 1034
1745 1510
1745 591
1159 1062
1159 871
958 406
958 1465
261 1299
261 548
624 1357
624 744
514 77
514 1460
126 1958
126 1867
1842 309
1842 1102
612 1798
612 1215
563 385
563 330
1746 1440
1746 1212
1965 1977
1965 1603
585 230
585 1601
1297 1822
1297 925
678 2023
678 595
593 1568
593 1019
598 1924
598 180
881 282
881 231
1452 684
1452 1998
1337 924
1337 1789
305 226
305 1811
774 403
774 1334
254 709
254 129
1045 1338
1045 117
845 67
845 1229
472 826
472 41
1795 375
1795 477
114 2036
114 1968
642 1883
642 741
861 638
861 1721
700 868
700 1144
1339 1423
1339 1676
1499 364
1499 167
828 1594
828 316
742 1879
742 1051
1146 1203
1146 1954
558 745
558 689
853 810
853 26
284 1380
284 158
56 524
56 751
1014 396
1014 1407
622 921
622 1796
240 1365
240 1961
869 466
869 60
1923 822
1923 1551
1077 1324
1077 464
115 1300
115 1762
431 405
431 449
1074 1534
1074 688
835 1933
835 1486
478 496
478 1659
1870 1281
1870 1064
910 1005
910 1926
565 2032
565 1207
1217 1090
1217 1360
367 972
367 387
1635 12
1635 2006
1696 1792
1696 1855
1041 1092
1041 1505
1959 352
1959 959
937 21
937 454
2026 1749
2026 687
408 1336
408 1616
1629 1620
1629 380
132 451
132 885
1429 933
1429 628
1237 1428
1237 1193
482 1007
482 746
711 1820
711 2039
2004 1957
2004 527
1436 146
1436 299
133 1291
133 669
253 123
253 1399
166 582
166 1391
621 1940
621 1301
939 1241
939 1379
1121 1405
1121 679
1317 492
1317 225
516 1612
516 694
1471 1489
1471 794
895 1130
895 1865
371 1466
371 145
1794 644
1794 1120
1819 1433
1819 211
1260 1165
1260 1278
1013 1026
1013 1327
339 1691
339 1470
1312 413
1312 1248
1895 452
1895 481
1936 946
1936 1190
484 1424
484 292
202 1863
202 787
1698 1779
1698 530
444 288
444 502
1503 2020
1503 1888
2029 1236
2029 923
399 2017
399 1170
1372 831
1372 384
281 854
281 1790
1781 1983
1781 1043
510 1907
510 930
100 731
100 16
188 662
188 160
1595 981
1595 1894
1536 1245
1536 1408
1830 545
1830 1036
1679 1216
1679 767
891 1210
891 864
1922 1807
1922 216
1012 1752
1012 1705
1268 836
1268 1579
1509 1604
1509 1893
307 175
307 589
1261 235
1261 723
1427 782
1427 795
1747 259
1747 1948
783 656
783 862
183 1572
183 341
908 777
908 1284
1125 304
1125 897
243 1094
243 863
303 1071
303 1454
1113 1857
1113 1694
1124 819
1124 1142
1132 1644
1132 1148
738 1761
738 878
1784 1916
1784 418
366 1723
366 1739
876 1539
876 148
710 360
710 488
940 1949
940 1147
45 1070
45 2013
215 1854
215 1006
1411 1285
1411 1329
952 203
952 322
362 542
362 1073
1658 1202
1658 1695
1445 499
1445 992
1670 1729
1670 1442
1472 997
1472 1741
1318 1232
1318 356
340 760
340 206
1615 177
1615 1649
1701 1119
1701 599
2 1494
2 1068
590 1681
590 1085
139 1066
139 430
1930 128
1930 1047
1110 857
1110 671
718 436
718 1640
1347 1304
1347 1392
555 1533
555 338
697 37
697 154
1943 1827
1943 984
1642 1402
1642 1213
793 1345
793 433
1647 310
1647 196
401 1637
401 1100
1053 596
1053 762
14 917
14 517
1812 1191
1812 392
899 1567
899 1449
1185 637
1185 479
659 633
659 358
1388 398
1388 463
727 1832
727 757
1654 439
1654 932
1220 753
1220 90
164 561
164 300
1287 1088
1287 491
386 448
386 1982
453 645
453 1956
602 827
602 1219
17 1441
17 487
23 459
23 2045
44 1187
44 532
2035 251
2035 1198
1183 1929
1183 1590
473 844
473 1325
105 1208
105 1874
1931 1117
1931 1478
890 1646
890 536
651 1459
651 562
1059 69
1059 1692
1605 950
1605 615
1257 62
1257 2010
935 1139
935 734
1878 1057
1878 446
46 970
46 672
1363 1061
1363 1342
696 1084
696 47
1939 1903
1939 498
163 919
163 419
806 754
806 1211
31 525
31 1655
858 1967
858 328
834 1598
834 692
838 1093
838 594
592 550
592 1263
798 660
798 1920
435 96
435 1385
785 91
785 1080
577 1230
577 626
686 1333
686 1530
572 137
572 544
1859 381
1859 378
1826 708
1826 1624
780 1009
780 220
1022 1921
1022 1964
1414 586
1414 1828
289 1188
289 1656
1136 93
1136 792
467 713
467 1003
420 630
420 213
169 1906
169 703
1305 1887
1305 337
681 1582
681 2025
1899 1195
1899 107
301 198
301 87
1648 1662
1648 1376
1226 2001
1226 1246
658 1149
658 232
650 649
650 193
606 1566
606 1167
953 212
953 749
676 756
676 1561
1554 1032
1554 578
870 1075
870 564
554 820
554 1645
460 1276
460 1381
509 172
509 2018
1382 1966
1382 2031
944 1816
944 2024
429 987
429 664
1904 1552
1904 1787
38 192
38 962
1413 1044
1413 668
691 951
691 1991
1448 769
1448 1808
508 1169
508 135
1960 1550
1960 1290
1397 833
1397 975
1630 928
1630 600
10 297
10 750
1501 513
1501 846
567 58
567 1209
1581 546
1581 149
1369 702
1369 949
1914 1164
1914 1004
209 1421
209 1259
1182 278
1182 1255
855 535
855 1862
458 108
458 1944
1562 901
1562 1302
1081 138
1081 1112
887 131
887 1028
1689 1105
1689 1273
1270 1487
1270 51
1934 1506
1934 1889
1309 1809
1309 1526
1583 904
1583 101
1602 712
1602 25
236 613
236 1322
966 737
966 119
1849 667
1849 2003
1389 1235
1389 1095
376 1686
376 1596
643 1377
643 263
1559 2019
1559 1277
221 1475
221 770
1860 1593
1860 732
1176 1829
1176 1353
1684 1152
1684 1346
1623 343
1623 72
1987 1101
1987 931
109 1548
109 968
1180 122
1180 1368
873 1072
873 103
898 1577
898 1996
7 1507
7 851
631 1881
631 1622
569 152
569 1669
1813 1250
1813 2012
604 1323
604 368
1103 768
1103 173
190 1774
190 1469
1610 1069
1610 1609
1945 1482
1945 1497
730 1496
730 1952
1905 1087
1905 1783
926 918
926 410
1222 1760
1222 1976
1591 171
1591 1639
597 318
597 1227
1713 379
1713 1076
761 346
761 789
1177 969
1177 1875
33 706
33 1308
1256 1850
1256 1134
1242 880
1242 1537
823 493
823 1443
1733 1848
1733 1663
1856 1484
1856 1592
856 265
856 1500
1199 75
1199 830
1650 886
1650 440
912 1493
912 865
1805 929
1805 1467
1419 1025
1419 1523
1709 1750
1709 228
1697 1173
1697 1432
816 1048
816 391
1831 803
1831 520
1420 539
1420 1866
1664 1153
1664 134
1450 990
1450 412
1033 461
1033 634
1296 312
1296 417
701 1444
701 1271
351 1668
351 640
1627 934
1627 1201
1765 246
1765 1974
5 1628
5 927
1560 1547
1560 1490
104 764
104 1636
1326 2016
1326 1156
1589 1314
1589 1265
1410 1083
1410 1541
210 333
210 1665
1672 55
1672 1049
1294 9
1294 1619
728 781
728 415
936 529
936 559
1393 636
1393 1607
584 639
584 1540
655 161
655 1042
907 159
907 462
1572 1816
1572 307
1816 1972
1816 611
307 88
307 465
1972 462
1972 516
611 389
611 1751
88 1155
88 1475
465 1181
465 498
462 174
462 1581
516 1873
516 784
389 1824
389 421
1751 1894
1751 1633
1155 859
1155 1053
1475 525
1475 682
1181 1150
1181 827
498 23
498 61
174 1903
174 895
1581 1413
1581 967
1873 426
1873 1017
784 634
784 1798
1824 976
1824 1625
421 2013
421 2031
1894 169
1894 1524
1633 446
1633 1871
859 28
859 527
1053 1347
1053 1949
525 1804
525 476
682 164
682 985
1150 1299
1150 1555
827 614
827 1848
23 1686
23 870
61 800
61 861
1903 1807
1903 1662
895 54
895 305
1413 1571
1413 1056
967 1643
967 1911
426 345
426 979
1017 1945
1017 513
634 595
634 794
1798 1045
1798 1721
976 73
976 265
1625 1641
1625 651
2013 740
2013 127
2031 459
2031 1928
169 402
169 1797
1524 239
1524 2022
446 545
446 292
1871 514
1871 1434
28 2041
28 52
527 442
527 500
1347 866
1347 1070
1949 1575
1949 1482
1804 1917
1804 835
476 1781
476 1675
164 1125
164 1134
985 1114
985 925
1299 190
1299 1734
1555 989
1555 1379
614 1186
614 76
1848 1735
1848 1929
1686 583
1686 316
870 1342
870 1963
800 889
800 723
861 1348
861 1582
1807 71
1807 1335
1662 447
1662 1390
54 1147
54 507
305 661
305 720
1571 679
1571 616
1056 1817
1056 1214
1643 792
1643 1359
1911 1029
1911 1799
345 157
345 1866
979 2017
979 882
1945 1027
1945 717
513 51
513 1733
595 1288
595 869
794 1668
794 1409
1045 188
1045 1428
1721 439
1721 1262
73 1372
73 982
265 689
265 973
1641 34
1641 319
651 995
651 1765
740 933
740 1389
127 210
127 1051
459 915
459 1193
1928 948
1928 376
402 1
402 732
1797 1264
1797 1283
239 826
239 912
2022 1048
2022 1663
545 939
545 1552
292 1706
292 1994
514 1120
514 370
1434 461
1434 1199
2041 1692
2041 382
52 555
52 833
442 458
442 900
500 44
500 2045
866 1425
866 225
1070 632
1070 2027
1575 2039
1575 1739
1482 1194
1482 357
1917 50
1917 1681
835 1287
835 1651
1781 1484
1781 1006
1675 542
1675 1834
1125 1233
1125 372
1134 1337
1134 670
1114 440
1114 877
925 1266
925 1284
190 636
190 2014
1734 74
1734 78
989 449
989 473
1379 650
1379 644
1186 1865
1186 482
76 1779
76 1746
1735 803
1735 1000
1929 916
1929 1657
583 891
583 1939
316 243
316 639
1342 1174
1342 1715
1963 734
1963 1780
889 1388
889 1784
723 1550
723 1897
1348 483
1348 1567
1582 2028
1582 1129
71 1678
71 1499
1335 656
1335 1761
447 67
447 559
1390 1225
1390 1164
1147 1460
1147 146
507 1559
507 1281
661 1839
661 543
720 1725
720 437
679 898
679 433
616 1063
616 40
1817 1991
1817 738
1214 297
1214 1978
792 1671
792 566
1359 1561
1359 854
1029 938
1029 2033
1799 880
1799 338
157 578
157 1620
1866 1649
1866 699
2017 1574
2017 1135
882 1477
882 104
1027 1541
1027 1313
717 246
717 1097
51 735
51 336
1733 779
1733 660
1288 843
1288 1159
869 413
869 176
1668 12
1668 1795
1409 1796
1409 1977
188 1015
188 721
1428 201
1428 906
439 1026
439 1936
1262 479
1262 1905
1372 1667
1372 1054
982 903
982 199
689 655
689 354
973 223
973 340
34 577
34 1149
319 551
319 284
995 153
995 1924
1765 945
1765 1632
933 1376
933 565
1389 1223
1389 1981
210 1004
210 227
1051 398
1051 1517
915 144
915 1496
1193 1748
1193 564
948 1368
948 29
376 1394
376 653
1 815
1 1763
732 676
732 752
1264 1744
1264 1327
1283 1682
1283 1573
826 1536
826 770
912 1587
912 1031
1048 556
1048 1059
1663 1749
1663 1175
939 224
939 1489
1552 1200
1552 344
1706 2035
1706 922
1994 1996
1994 1146
1120 1437
1120 1043
370 1400
370 2010
461 1195
461 434
1199 1542
1199 474
1692 200
1692 5
382 408
382 1392
555 1585
555 111
833 955
833 1148
458 645
458 234
900 1670
900 777
44 1826
44 671
2045 1493
2045 1953
1425 1364
1425 1049
225 1315
225 550
632 1515
632 1791
2027 1025
2027 1884
2039 1731
2039 411
1739 1603
1739 37
1194 1803
1194 1837
357 2005
357 131
50 1787
50 724
1681 664
1681 489
1287 124
1287 695
1651 649
1651 454
1484 618
1484 430
1006 751
1006 714
542 244
542 1822
1834 1863
1834 1554
1233 18
1233 818
372 795
372 842
1337 358
1337 117
670 453
670 364
440 1906
440 450
877 2025
877 1614
1266 587
1266 1966
1284 560
1284 39
636 1937
636 1341
2014 1613
2014 374
74 1701
74 347
78 1615
78 1295
449 60
449 980
473 793
473 796
650 1952
650 1494
644 764
644 405
1865 1680
1865 1352
482 1322
482 281
1779 1476
1779 108
1746 1583
1746 867
803 1088
803 591
1000 694
1000 743
916 1547
916 1037
1657 1124
1657 1636
891 107
891 606
1939 592
1939 1698
243 1756
243 1442
639 325
639 776
1174 1983
1174 452
1715 1942
1715 713
734 41
734 1654
1780 668
1780 59
1388 1061
1388 757
1784 320
1784 1113
1550 1665
1550 326
1897 14
1897 629
483 871
483 241
1567 1907
1567 1754
2028 904
2028 173
1129 646
1129 92
1678 487
1678 197
1499 1989
1499 1622
656 687
656 1244
1761 1727
1761 580
67 257
67 1601
559 1145
559 1588
1225 610
1225 2008
1164 681
1164 1197
1460 1156
1460 1324
146 657
146 2032
1559 1296
1559 1377
1281 484
1281 774
1839 1252
1839 1300
543 1597
543 763
1725 1005
1725 165
437 2006
437 1101
898 1902
898 172
433 1355
433 693
1063 65
1063 834
40 522
40 1810
1991 211
1991 245
738 1033
738 425
297 189
297 744
1978 1910
1978 395
1671 384
1671 838
566 196
566 148
1561 311
1561 805
854 488
854 1904
938 1553
938 222
2033 1901
2033 367
880 1592
880 771
338 971
338 917
578 1868
578 1272
1620 1623
1620 16
1649 480
1649 499
699 86
699 994
1574 885
1574 1743
1135 978
1135 2018
1477 1769
1477 1105
104 94
104 820
1541 1759
1541 892
1313 1136
1313 1099
246 1835
246 1317
1097 1757
1097 129
735 1065
735 766
336 684
336 1913
779 1331
779 1319
660 296
660 969
843 1659
843 913
1159 762
1159 1122
413 1819
413 1040
176 42
176 1023
12 626
12 1919
1795 207
1795 623
1796 2034
1796 860
1977 180
1977 2002
1015 1922
1015 1362
721 342
721 1579
201 901
201 737
906 949
906 1713
1026 362
1026 418
1936 1564
1936 1752
479 1008
479 1758
1905 1598
1905 87
1667 1202
1667 696
1054 84
1054 1009
903 152
903 126
199 1471
199 95
655 540
655 1198
354 961
354 1201
223 143
223 1570
340 937
340 788
577 1655
577 204
1149 1290
1149 621
551 562
551 950
284 878
284 1738
153 865
153 897
1924 1138
1924 1760
945 1224
945 537
1632 558
1632 1684
1376 529
1376 625
565 1712
565 323
1223 849
1223 194
1981 216
1981 1332
1004 1218
1004 745
227 1777
227 1307
398 962
398 288
1517 731
1517 77
144 31
144 113
1496 142
1496 368
1748 966
1748 162
564 198
564 1421
1368 2007
1368 19
29 569
29 353
1394 1044
1394 400
653 1436
653 1435
815 1599
815 238
1763 313
1763 841
676 385
676 1664
752 351
752 1239
1744 8
1744 605
1327 600
1327 1456
1682 1373
1682 1047
1573 1594
1573 1522
1536 1872
1536 250
770 318
770 1089
1587 436
1587 1383
1031 1303
1031 557
556 1576
556 1551
1059 1741
1059 1773
1749 599
1749 523
1175 1022
1175 317
224 598
224 1950
1489 1152
1489 193
1200 883
1200 958
344 1375
344 182
2035 1921
2035 1457
922 112
922 1141
1996 708
1996 1382
1146 1802
1146 739
1437 1454
1437 371
1043 1820
1043 90
1400 262
1400 1253
2010 424
2010 1642
1195 669
1195 457
434 82
434 1261
1542 1789
1542 1357
474 247
474 573
200 1112
200 1157
5 1338
5 1082
408 106
408 205
1392 716
1392 1052
1585 1927
1585 1143
111 1708
111 758
955 21
955 63
1148 807
1148 1556
645 1298
645 1463
234 1311
234 1046
1670 1369
1670 1154
777 1416
777 1060
1826 1142
1826 1672
671 1358
671 294
1493 417
1493 1607
1953 1219
1953 1320
1364 1478
1364 1827
1049 1415
1049 1363
1315 1222
1315 1874
550 1228
550 1527
1515 2046
1515 1845
1791 1993
1791 1618
1025 1325
1025 1510
1884 935
1884 401
1731 677
1731 1309
411 271
411 1263
1603 1016
1603 1121
37 1356
37 1862
1803 1403
1803 99
1837 1639
1837 1485
2005 1083
2005 1600
131 335
131 1187
1787 380
1787 1566
724 109
724 1535
664 75
664 118
489 1521
489 988
124 1161
124 561
695 363
695 1830
649 1646
649 120
454 493
454 2030
618 1422
618 797
430 26
430 472
751 17
751 712
714 48
714 923
244 1473
244 303
1822 348
1822 1736
1863 403
1863 698
1554 1215
1554 997
18 1918
18 1474
818 249
818 1086
795 1232
795 568
842 134
842 1254
358 1745
358 619
117 673
117 847
453 491
453 89
364 1786
364 1520
1906 1883
1906 1360
450 350
450 274
2025 617
2025 155
1614 1732
1614 1260
587 1495
587 1832
1966 1676
1966 1740
560 1867
560 290
39 1775
39 596
1937 269
1937 230
1341 1539
1341 1702
1613 1426
1613 1289
374 1351
374 1624
1701 1801
1701 391
347 420
347 686
1615 1855
1615 2029
1295 58
1295 941
60 448
60 907
980 783
980 1528
793 778
793 683
796 1333
796 920
1952 322
1952 503
1494 1366
1494 232
764 1766
764 381
405 953
405 167
1680 1879
1680 782
1352 1630
1352 709
1322 719
1322 1354
281 115
281 236
1476 369
1476 1265
108 553
108 787
1583 972
1583 736
867 278
867 864
1088 1762
1088 47
591 137
591 837
694 1343
694 1971
743 2004
743 725
1547 1730
1547 876
1037 1011
1037 387
1124 475
1124 1580
1636 1689
1636 1130
107 151
107 1560
606 1246
606 505
592 293
592 1885
1698 1943
1698 1843
1756 1217
1756 331
1442 1178
1442 2001
325 836
325 141
776 70
776 83
1983 1998
1983 1432
452 1716
452 1687
1942 1137
1942 1626
713 722
713 799
41 1811
41 122
1654 79
1654 1452
668 266
668 893
59 830
59 1397
1061 1091
1061 429
757 217
757 361
320 1321
320 300
1113 890
1113 1249
1665 873
1665 1103
326 921
326 1844
14 1339
14 926
629 332
629 1899
871 1742
871 1987
241 1833
241 768
1907 530
1907 359
1754 754
1754 615
904 728
904 346
173 965
173 1898
646 343
646 1168
92 1235
92 1117
487 552
487 1118
197 1393
197 791
1989 226
1989 1078
1622 780
1622 478
687 609
687 1167
1244 119
1244 887
1727 872
1727 848
580 1908
580 203
257 855
257 1068
1601 1896
1601 1275
1145 195
1145 857
1588 1503
1588 1931
610 30
610 2036
2008 579
2008 1245
681 572
681 829
1197 1841
1197 1230
1156 767
1156 1108
1324 802
1324 329
657 1836
657 163
2032 1617
2032 964
1296 1920
1296 586
1377 1226
1377 761
484 509
484 149
774 1079
774 911
1252 481
1252 1208
1300 1877
1300 741
1597 273
1597 710
763 1986
763 1163
1005 1185
1005 624
165 1020
165 66
2006 1853
2006 310
1101 1231
1101 502
1902 748
1902 1854
172 327
172 1488
1355 1985
1355 1030
693 1038
693 1500
65 192
65 415
834 1627
834 178
522 554
522 11
1810 1586
1810 1932
211 414
211 1938
245 477
245 1270
1033 1067
1033 394
425 171
425 130
189 406
189 1491
744 2043
744 1968
1910 1438
1910 924
395 785
395 627
384 508
384 685
838 1947
838 136
196 1126
196 1812
148 1870
148 1312
311 64
311 145
805 817
805 1589
488 321
488 1486
1904 746
1904 1282
1553 718
1553 97
222 1209
222 409
1901 138
1901 665
367 1028
367 158
1592 1367
1592 910
771 1677
771 1075
971 1291
971 1840
917 831
917 727
1868 1747
1868 1893
1272 1480
1272 1507
1623 485
1623 1433
16 1100
16 814
480 1829
480 1396
499 571
499 633
86 536
86 678
994 674
994 844
885 959
885 1062
1743 1892
1743 506
978 1889
978 1398
2018 407
2018 1169
1769 975
1769 1306
1105 81
1105 1492
94 496
94 101
820 1609
820 1604
1759 1055
1759 608
892 1034
892 991
1136 68
1136 1876
1099 944
1099 755
1835 760
1835 1548
1317 455
1317 1279
1757 1095
1757 1621
129 467
129 116
1065 186
1065 259
766 1595
766 57
684 1755
684 214
1913 110
1913 33
1331 1344
1331 242
1319 1092
1319 1274
296 1770
296 881
969 1458
969 1628
1659 990
1659 390
913 1188
913 1381
762 492
762 1842
1122 1995
1122 1269
1819 1441
1819 823
1040 1127
1040 1084
42 6
42 1151
1023 1688
1023 1925
626 1724
626 590
1919 858
1919 1562
207 2
207 808
623 1304
623 1106
2034 1656
2034 1423
860 1565
860 1534
180 1637
180 934
2002 1669
2002 1102
1922 839
1922 1292
1362 393
1362 1805
342 1109
342 1644
1579 1956
1579 1695
901 24
901 268
737 1823
737 1255
949 1443
949 1691
1713 1110
1713 942
362 1685
362 1504
418 2037
418 1080
1564 1447
1564 1010
1752 9
1752 1720
1008 1772
1008 1962
1758 1512
1758 460
1598 150
1598 1258
87 339
87 1361
1202 1119
1202 1886
696 125
696 1976
84 983
84 1414
1009 1227
1009 2044
152 469
152 1858
126 1959
126 1880
1471 1229
1471 260
95 1629
95 902
540 302
540 1852
1198 1237
1198 813
961 715
961 258
1201 139
1201 1705
143 229
143 1612
1570 276
1570 1399
937 1538
937 1851
788 2038
788 1717
1655 667
1655 102
204 1041
204 662
1290 219
1290 688
621 884
621 1951
562 888
562 512
950 957
950 1590
878 1703
878 1257
1738 1988
1738 1019
865 824
865 1954
897 1179
897 121
1138 132
1138 373
1760 659
1760 930
1224 183
1224 314
537 517
537 919
558 365
558 312
1684 1973
1684 1940
529 1634
529 154
625 1616
625 520
1712 445
1712 1718
323 1448
323 538
849 1050
849 1578
194 702
194 851
216 98
216 914
1332 1778
1332 428
1218 1887
1218 43
745 630
745 187
1777 819
1777 1697
1307 1849
1307 1506
962 422
962 282
288 1790
288 1410
731 32
731 546
77 862
77 549
31 1540
31 707
113 772
113 1007
142 1386
142 1077
368 1679
368 366
966 356
966 1577
162 822
162 641
198 1980
198 711
1421 1774
1421 1501
2007 1207
2007 607
19 690
19 604
569 1934
569 996
353 1519
353 177
1044 1514
1044 1944
400 399
400 1081
1436 1001
1436 1658
1435 628
1435 1293
1599 349
1599 541
238 704
238 1860
313 909
313 355
841 977
841 1238
385 1776
385 981
1664 1666
1664 360
351 753
351 1039
1239 1673
1239 1411
8 1241
8 419
605 1714
605 1808
600 1326
600 640
1456 775
1456 1792
1373 1402
1373 49
1047 1450
1047 1825
1594 635
1594 663
1522 1093
1522 1418
1872 22
1872 1652
250 666
250 1131
318 1591
318 1380
1089 248
1089 1704
436 1408
436 998
1383 416
1383 1184
1303 931
1303 1243
557 270
557 1864
1576 1336
1576 1767
1551 899
1551 589
1741 582
1741 1259
1773 1640
1773 1250
599 581
599 56
523 703
523 1439
1022 2023
1022 1267
317 392
317 1568
598 253
598 4
1950 1511
1950 1693
1152 1690
1152 1809
193 1487
193 324
883 1900
883 999
958 1445
958 946
1375 1828
1375 1429
182 548
182 27
1921 495
1921 1710
1457 1859
1457 1694
112 1349
112 497
1141 1268
1141 486
708 1850
708 80
1382 255
1382 1036
1802 1419
1802 879
739 1470
739 20
1454 1206
1454 620
371 856
371 2011
1820 1982
1820 315
90 1505
90 388
262 1196
262 1074
1253 1941
1253 874
424 1930
424 593
1642 1990
1642 810
669 806
669 2003
457 1240
457 291
82 526
82 2009
1261 1466
1261 1064
1789 1371
1789 191
1357 2040
1357 1490
247 1653
247 1424
573 1334
573 1596
1112 1242
1112 1123
1157 1365
1157 750
1338 1974
1338 1430
1082 801
1082 1711
106 729
106 100
205 1140
205 45
716 55
716 283
1052 544
1052 13
1927 93
1927 36
1143 62
1143 2015
1708 1895
1708 135
758 1472
758 240
21 1248
21 1211
63 1912
63 951
807 974
807 170
1556 1997
1556 235
1298 968
1298 1318
1463 1183
1463 853
1311 181
1311 918
1046 443
1046 602
1369 435
1369 1969
1154 1999
1154 1544
1416 1783
1416 1144
1060 943
1060 1455
1142 1878
1142 1869
1672 932
1672 423
1358 940
1358 299
294 1116
294 1440
417 468
417 563
1607 584
1607 1057
1219 1273
1219 501
1320 1013
1320 1107
1478 705
1478 1469
1827 1314
1827 1330
1415 1533
1415 272
1363 1497
1363 1960
1222 1453
1222 133
1874 1170
1874 742
1228 612
1228 1518
1527 1370
1527 798
2046 631
2046 515
1845 1926
1845 1967
1993 993
1993 1846
1618 438
1618 1446
1325 1221
1325 1234
1510 1875
1510 575
935 1915
935 352
401 539
401 570
677 1158
677 1771
1309 1024
1309 1813
271 1276
271 470
1263 289
1263 1794
1016 2019
1016 114
1121 337
1121 1558
1356 956
1356 647
1862 730
1862 832
1403 1220
1403 845
99 521
99 1098
1639 1182
1639 96
1485 519
1485 1094
1083 1957
1083 1294
1600 886
1600 905
335 1933
335 1831
1187 1593
1187 202
380 1378
380 1216
1566 1297
1566 1537
109 1753
109 1328
1535 1464
1535 35
75 431
75 1251
118 1722
118 765
1521 1508
1521 1212
988 215
988 1191
1161 535
1161 1069
561 1888
561 875
363 812
363 1961
1830 2020
1830 1133
1646 252
1646 1964
120 386
120 1549
493 518
493 1035
2030 692
2030 2042
1422 1353
1422 1247
797 1699
797 1788
26 1115
26 811
472 25
472 1647
17 275
17 701
712 846
712 2016
48 1385
48 256
923 1172
923 328
1473 954
1473 1737
303 1970
303 1346
348 464
348 1856
1736 1090
1736 1204
403 759
403 333
698 427
698 747
1215 963
1215 1648
997 1728
997 1531
1918 1726
1918 1979
1474 567
1474 1882
249 1800
249 547
1086 184
1086 1525
1232 733
1232 2024
568 840
568 277
134 254
134 786
1254 1719
1254 1071
1745 397
1745 377
619 168
619 894
673 1340
673 658
847 1660
847 1619
491 908
491 298
89 1176
89 532
1786 756
1786 208
1520 638
1520 378
1883 140
1883 1764
1360 72
1360 597
350 533
350 128
274 404
274 1650
617 1605
617 1955
155 1192
155 2000
1732 809
1732 1467
1260 1923
1260 383
1495 1096
1495 179
1832 231
1832 1916
1676 3
1676 1529
1740 1395
1740 147
1867 1793
1867 175
290 1256
290 1451
1775 1479
1775 1700
596 1546
596 1173
269 1707
269 1171
230 1072
230 1374
1539 494
1539 789
1702 1847
1702 927
1426 1310
1426 456
1289 1329
1289 308
1351 1608
1351 375
1624 1818
1624 613
1801 1509
1801 105
391 1975
391 1345
420 1384
420 1280
686 166
686 1042
1855 221
1855 1611
2029 1210
2029 1189
58 986
58 264
941 1153
941 1909
448 451
448 773
907 279
907 1177
783 652
783 15
1528 1301
1528 601
778 1750
778 1002
683 1838
683 643
1333 1768
1333 790
920 1782
920 1021
322 1461
322 379
503 471
503 1516
1366 672
1366 700
232 1412
232 1563
1766 228
1766 1584
381 237
381 1190
953 233
953 1526
167 987
167 1285
1879 603
1879 504
782 1073
782 1857
1630 1543
1630 642
709 295
709 1513
719 1387
719 1350
1354 412
1354 2026
115 396
115 212
236 970
236 1483
369 1401
369 1631
1265 769
1265 1444
553 697
553 287
787 1417
787 1661
972 781
972 1404
736 1406
736 1683
278 511
278 1066
864 992
864 160
1762 123
1762 896
47 1814
47 1946
137 1462
137 1449
837 309
837 1076
1343 185
1343 220
1971 1018
1971 675
2004 648
2004 1935
725 38
725 1948
1730 863
1730 1709
876 7
876 1569
1011 1420
1011 46
387 441
387 2021
475 828
475 654
1580 1104
1580 1085
1689 1635
1689 1308
1130 588
1130 267
151 816
151 410
1560 1965
1560 444
1246 1545
1246 466
505 952
505 301
293 159
293 1890
1885 1166
1885 680
1943 209
1943 1165
1843 1132
1843 286
1217 1087
1217 804
331 280
331 1465
1178 1407
1178 852
2001 2047
2001 334
836 576
836 1302
141 103
141 1316
70 304
70 1205
83 850
83 691
1998 1277
1998 936
1432 510
1432 1502
1716 85
1716 10
1687 1881
1687 706
1137 69
1137 156
1626 825
1626 1821
722 1286
722 1203
799 622
799 1180
1811 1427
1811 1213
122 1638
122 306
79 1139
79 1459
1452 1236
1452 528
266 960
266 490
893 1815
893 1806
830 929
830 1645
1397 218
1397 341
1091 585
1091 1557
429 1003
429 1610
217 1523
217 524
361 1674
361 1992
1321 1014
1321 1391
300 330
300 534
890 1431
890 53
1249 1468
1249 928
873 1532
873 1128
1103 1498
1103 1323
921 1162
921 285
1844 637
1844 1729
1339 2012
1339 1785
926 1914
926 161
332 1696
332 213
1899 1602
1899 574
1742 1271
1742 463
1987 984
1987 594
1833 1984
1833 1530
768 1160
768 1861
530 1032
530 1481
359 1891
359 868
754 432
754 749
615 726
615 531
728 1606
728 1278
346 1012
346 1958
965 1305
965 1058
1898 251
1898 1405
343 821
343 206
1168 261
1168 91
1235 1723
1235 263
1117 947
1117 1111
