63 127 26401
45 32
45 53
32 63
32 31
53 12
53 60
63 4
63 16
31 20
31 50
12 29
12 26
60 47
60 23
4 37
4 28
16 59
16 8
20 19
20 40
50 61
50 5
29 42
29 33
26 14
26 17
47 62
47 39
23 10
23 34
37 1
37 30
28 7
28 35
59 44
59 46
8 21
8 27
19 6
19 38
40 55
40 24
61 51
61 15
5 54
5 48
42 56
42 2
33 18
33 52
14 49
14 36
17 43
17 57
62 13
62 11
39 25
39 22
10 3
10 41
34 58
34 9
123 38
123 35
38 97
38 95
35 34
35 98
97 107
97 76
95 56
95 85
34 21
34 5
98 39
98 1
107 64
107 24
76 33
76 108
56 94
56 30
85 10
85 16
21 6
21 32
5 77
5 101
39 122
39 19
1 54
1 110
64 118
64 69
24 75
24 61
33 7
33 79
108 40
108 28
94 102
94 44
30 36
30 4
10 88
10 51
16 114
16 41
6 81
6 84
32 14
32 117
77 106
77 25
101 29
101 124
122 63
122 120
19 31
19 116
54 59
54 60
110 11
110 121
118 83
118 22
69 50
69 62
75 87
75 109
61 48
61 91
7 3
7 68
79 42
79 26
40 65
40 96
28 17
28 9
102 90
102 125
44 47
44 49
36 46
36 18
4 37
4 111
88 23
88 119
51 86
51 72
114 67
114 20
41 74
41 105
81 80
81 82
84 99
84 92
14 112
14 58
117 89
117 53
106 103
106 113
25 78
25 52
29 100
29 104
124 126
124 73
63 93
63 45
120 57
120 43
31 15
31 27
116 66
116 115
59 13
59 127
60 2
60 8
11 12
11 55
121 71
121 70
