1023 2047 31797306
233 500
233 809
500 864
500 110
809 1000
809 66
864 78
864 1017
110 142
110 709
1000 1021
1000 194
66 1
66 420
78 749
78 318
1017 669
1017 92
142 634
142 733
709 304
709 647
1021 880
1021 445
194 123
194 861
1 352
1 552
420 787
420 743
749 906
749 398
318 219
318 105
669 302
669 890
92 546
92 679
634 722
634 489
733 997
733 283
304 291
304 793
647 773
647 751
880 139
880 423
445 390
445 360
123 1012
123 458
861 425
861 530
352 699
352 119
552 346
552 77
787 953
787 247
743 989
743 144
906 94
906 686
398 98
398 175
219 967
219 156
105 940
105 174
302 1003
302 411
890 381
890 1004
546 928
546 662
679 315
679 488
722 815
722 783
489 941
489 721
997 803
997 32
283 587
283 914
291 625
291 578
793 64
793 688
773 292
773 45
751 535
751 727
139 904
139 484
423 426
423 525
390 569
390 300
360 448
360 431
1012 478
1012 677
458 912
458 157
425 1010
425 14
530 373
530 577
699 704
699 485
119 507
119 575
346 611
346 414
77 83
77 673
953 87
953 797
247 591
247 750
989 494
989 128
144 16
144 697
94 424
94 536
686 461
686 108
98 872
98 572
175 933
175 55
967 585
967 75
156 320
156 311
940 338
940 374
174 462
174 212
1003 723
1003 204
411 303
411 186
381 1018
381 771
1004 23
1004 27
928 681
928 590
662 407
662 46
315 925
315 509
488 181
488 902
815 326
815 67
783 660
783 80
941 33
941 65
721 170
721 854
803 975
803 903
32 680
32 741
587 427
587 24
914 178
914 703
625 382
625 824
578 444
578 25
64 129
64 804
688 138
688 602
292 916
292 349
45 148
45 21
535 288
535 605
727 5
727 932
904 900
904 995
484 841
484 897
426 985
426 227
525 888
525 44
569 817
569 52
300 222
300 206
448 720
448 347
431 474
431 927
478 34
478 492
677 322
677 752
912 926
912 943
157 938
157 589
1010 642
1010 331
14 430
14 192
373 617
373 713
577 823
577 896
704 209
704 755
485 674
485 547
507 663
507 188
575 437
575 852
611 253
611 1022
414 191
414 97
83 571
83 936
673 510
673 337
87 351
87 661
797 763
797 93
591 394
591 595
750 433
750 994
494 441
494 645
128 434
128 802
16 944
16 963
697 1009
697 653
424 650
424 266
536 118
536 101
461 835
461 140
108 968
108 563
872 493
872 109
572 892
572 715
933 267
933 459
55 314
55 788
585 469
585 859
75 839
75 439
320 657
320 296
311 982
311 687
338 899
338 798
374 894
374 76
462 974
462 284
212 183
212 993
723 957
723 627
204 633
204 996
303 404
303 395
186 528
186 429
1018 868
1018 405
771 1007
771 380
23 710
23 606
27 205
27 931
681 31
681 232
590 18
590 298
407 867
407 853
46 522
46 35
925 277
925 960
509 646
509 496
181 265
181 954
902 945
902 61
326 379
326 800
67 567
67 273
660 361
660 717
80 521
80 121
33 532
33 873
65 221
65 523
170 601
170 889
854 276
854 556
975 259
975 466
903 100
903 114
680 972
680 443
741 207
741 560
427 718
427 348
24 668
24 1008
178 393
178 635
703 117
703 252
382 43
382 256
824 51
824 949
444 68
444 934
25 230
25 88
129 250
129 879
804 869
804 350
138 85
138 235
602 724
602 977
916 440
916 39
349 226
349 286
148 811
148 603
21 508
21 747
288 636
288 193
605 452
605 345
5 151
5 678
932 12
932 334
900 641
900 924
995 819
995 487
841 626
841 609
897 736
897 19
985 884
985 808
227 524
227 223
888 234
888 766
44 1006
44 243
817 959
817 738
52 745
52 449
222 742
222 401
206 164
206 557
720 937
720 698
347 527
347 145
474 287
474 161
927 846
927 38
34 231
34 41
492 965
492 875
322 920
322 353
752 550
752 615
926 228
926 562
943 893
943 592
938 638
938 651
589 643
589 173
642 760
642 667
331 344
331 950
430 365
430 901
192 389
192 628
617 363
617 689
713 388
713 412
823 813
823 330
896 778
896 468
209 956
209 998
755 684
755 881
674 984
674 70
547 862
547 220
663 533
663 584
188 555
188 282
437 844
437 272
852 187
852 502
253 399
253 623
1022 495
1022 600
191 4
191 992
97 753
97 1014
571 740
571 649
936 964
936 182
510 754
510 59
337 435
337 705
351 438
351 544
661 369
661 225
763 327
763 280
93 10
93 159
394 712
394 581
595 54
595 782
433 450
433 301
994 597
994 113
441 306
441 781
645 549
645 981
434 865
434 328
802 133
802 294
944 457
944 163
963 515
963 79
1009 978
1009 871
653 624
653 310
650 483
650 1001
266 845
266 103
118 537
118 910
101 580
101 169
835 339
835 167
140 887
140 986
968 340
968 149
563 574
563 847
493 456
493 690
109 297
109 202
892 987
892 324
715 391
715 758
267 696
267 132
459 503
459 604
314 582
314 883
788 637
788 131
469 28
469 446
859 505
859 262
839 1002
839 336
439 794
439 238
657 843
657 143
296 290
296 48
982 676
982 559
687 834
687 317
899 744
899 57
798 654
798 784
894 453
894 364
76 548
76 130
974 146
974 737
284 397
284 422
183 666
183 248
993 260
993 342
957 357
957 415
627 419
627 728
633 672
633 659
996 258
996 455
404 831
404 190
395 319
395 432
528 180
528 767
429 137
429 971
868 958
868 970
405 263
405 241
1007 482
1007 95
380 257
380 739
710 726
710 60
606 746
606 969
205 185
205 891
931 948
931 37
31 919
31 829
232 124
232 850
18 504
18 377
298 155
298 372
867 770
867 980
853 11
853 153
522 776
522 579
35 20
35 593
277 913
277 962
960 442
960 858
646 368
646 731
496 518
496 115
265 531
265 158
954 795
954 951
945 383
945 613
61 558
61 756
379 806
379 821
800 761
800 799
567 1016
567 499
273 69
273 84
361 384
361 150
717 104
717 511
521 321
521 863
121 497
121 898
532 268
532 640
873 218
873 620
221 53
221 13
523 313
523 421
601 102
601 47
889 472
889 935
276 111
276 622
556 526
556 818
259 614
259 512
466 254
466 210
100 216
100 849
114 122
114 125
972 162
972 366
443 513
443 716
207 683
207 201
560 378
560 586
718 476
718 999
348 519
348 428
668 172
668 990
1008 367
1008 477
393 168
393 214
635 554
635 832
117 195
117 410
252 885
252 619
43 791
43 385
256 665
256 848
51 895
51 387
949 918
949 413
68 165
68 211
934 837
934 857
230 529
230 82
88 91
88 396
250 988
250 923
879 1020
879 780
869 96
869 343
350 332
350 711
85 264
85 629
235 855
235 270
724 652
724 479
977 541
977 618
440 886
440 840
39 588
39 777
226 762
226 480
286 208
286 416
811 72
811 490
603 90
603 179
508 656
508 418
747 983
747 543
636 719
636 341
193 539
193 7
452 58
452 877
345 700
345 386
151 966
151 409
678 598
678 236
12 664
12 289
334 693
334 921
641 281
641 312
924 356
924 866
819 833
819 213
487 15
487 520
626 822
626 842
609 237
609 362
736 907
736 692
19 610
19 790
884 198
884 553
808 670
808 702
524 406
524 451
223 792
223 166
234 26
234 573
766 473
766 335
1006 929
1006 261
243 196
243 506
959 355
959 408
738 807
738 621
745 71
745 86
449 99
449 991
742 203
742 136
401 631
401 460
164 29
164 534
557 475
557 734
937 403
937 561
698 671
698 939
527 359
527 246
145 516
145 255
287 517
287 447
161 106
161 309
846 820
846 481
38 805
38 1005
231 1013
231 74
41 566
41 551
965 333
965 694
875 463
875 152
920 36
920 436
353 269
353 242
550 274
550 608
615 576
615 882
228 612
228 952
562 89
562 50
893 116
893 979
592 644
592 596
638 655
638 812
651 6
651 789
643 594
643 917
173 215
173 955
760 856
760 542
667 40
667 796
344 323
344 860
950 498
950 772
365 17
365 748
901 141
901 828
389 464
389 568
628 707
628 785
363 961
363 63
689 316
689 135
388 120
388 874
412 538
412 915
813 3
813 545
330 305
330 154
778 729
778 930
468 639
468 470
956 217
956 30
998 126
998 375
684 851
684 370
881 830
881 911
984 922
984 307
70 905
70 199
862 768
862 224
220 732
220 127
533 876
533 714
584 278
584 1023
555 514
555 107
282 56
282 299
844 825
844 177
272 814
272 630
187 976
187 816
502 1015
502 465
399 836
399 909
623 285
623 682
495 616
495 279
600 251
600 946
4 599
4 570
992 632
992 112
753 147
753 695
1014 358
1014 417
740 827
740 540
649 701
649 757
964 9
964 607
182 471
182 564
754 245
754 271
59 8
59 229
435 376
435 759
705 49
705 491
438 765
438 786
544 275
544 648
369 947
369 325
225 908
225 81
327 565
327 810
280 973
280 878
10 454
10 293
159 725
159 73
712 708
712 2
581 1019
581 774
54 402
54 62
782 685
782 706
450 501
450 308
301 197
301 942
597 675
597 870
113 764
113 244
306 176
306 838
781 735
781 239
549 392
549 171
981 200
981 249
865 583
865 486
328 769
328 371
133 1011
133 658
294 801
294 42
457 779
457 354
163 400
163 189
515 775
515 160
79 184
79 730
978 691
978 826
871 240
871 295
624 329
624 467
310 22
310 134
1272 586
1272 1913
586 339
586 1264
1913 282
1913 1194
339 575
339 1748
1264 1326
1264 637
282 1050
282 772
1194 1164
1194 87
575 1660
575 1432
1748 919
1748 1713
1326 260
1326 416
637 1143
637 2002
1050 361
1050 1770
772 466
772 1993
1164 2015
1164 1460
87 1547
87 1085
1660 1702
1660 2010
1432 392
1432 1957
919 1599
919 1157
1713 1091
1713 1418
260 24
260 455
416 1075
416 826
1143 535
1143 13
2002 1583
2002 1442
361 1494
361 926
1770 1020
1770 869
466 572
466 1530
1993 1680
1993 1376
2015 774
2015 791
1460 1953
1460 1172
1547 1486
1547 401
1085 184
1085 1061
1702 111
1702 1124
2010 1040
2010 2000
392 468
392 1298
1957 776
1957 1977
1599 42
1599 271
1157 142
1157 1877
1091 1077
1091 39
1418 473
1418 1764
24 1637
24 385
455 1437
455 10
1075 980
1075 1685
826 472
826 1866
535 718
535 1496
13 1313
13 1444
1583 406
1583 1423
1442 1082
1442 1628
1494 839
1494 2026
926 1160
926 429
1020 1358
1020 474
869 1882
869 33
572 1255
572 1239
1530 631
1530 1278
1680 19
1680 51
1376 307
1376 286
774 969
774 753
791 2012
791 1810
1953 229
1953 186
1172 633
1172 1636
1486 494
1486 522
401 475
401 203
184 995
184 1873
1061 1753
1061 1316
111 1930
111 1897
1124 130
1124 118
1040 857
1040 1582
2000 1942
2000 1449
468 463
468 1633
1298 736
1298 946
776 1686
776 587
1977 1605
1977 1978
42 1626
42 653
271 1270
271 827
142 2024
142 1688
1877 953
1877 1684
1077 1817
1077 1412
39 1523
39 1551
473 863
473 1203
1764 1427
1764 146
1637 712
1637 1502
385 546
385 1668
1437 1642
1437 202
10 1042
10 1301
980 2039
980 195
1685 264
1685 683
472 724
472 1692
1866 1848
1866 1125
718 1858
718 1966
1496 1627
1496 1350
1313 1226
1313 1830
1444 1283
1444 903
406 163
406 1068
1423 1404
1423 1929
1082 294
1082 658
1628 212
1628 1362
839 1792
839 201
2026 1405
2026 1809
1160 1102
1160 1683
429 151
429 1285
1358 580
1358 239
474 632
474 197
1882 1032
1882 1036
33 110
33 967
1255 1106
1255 1820
1239 1513
1239 8
631 480
631 1030
1278 1728
1278 1945
19 1192
19 330
51 1808
51 224
307 1216
307 1402
286 138
286 1330
969 1649
969 378
753 316
753 1177
2012 1154
2012 968
1810 1144
1810 1540
229 977
229 656
186 368
186 922
633 143
633 46
1636 1673
1636 1621
494 576
494 1247
522 341
522 1616
475 69
475 747
203 1947
203 1622
995 71
995 177
1873 1669
1873 145
1753 1859
1753 1723
1316 1375
1316 571
1930 1744
1930 928
1897 430
1897 1475
130 1013
130 1561
118 1114
118 1802
857 80
857 1196
1582 619
1582 1473
1942 156
1942 1743
1449 1887
1449 1245
463 1988
463 1471
1633 1774
1633 191
736 418
736 86
946 1918
946 1716
1686 552
1686 1936
587 1390
587 836
1605 1210
1605 760
1978 1223
1978 1062
1626 226
1626 1181
653 1109
653 689
1270 874
1270 1440
827 1862
827 884
2024 620
2024 1065
1688 750
1688 866
953 1059
953 756
1684 1717
1684 1195
1817 1576
1817 1357
1412 1525
1412 1825
1523 1997
1523 1009
1551 1526
1551 1286
863 84
863 244
1203 445
1203 563
1427 1799
1427 1337
146 1477
146 1155
712 1096
712 594
1502 93
1502 15
546 783
546 1885
1668 256
1668 1783
1642 1469
1642 1940
202 958
202 213
1042 1835
1042 1524
1301 1433
1301 1720
2039 800
2039 1498
195 1234
195 1221
264 1294
264 479
683 1766
683 1927
724 1894
724 541
1692 49
1692 349
1848 1703
1848 447
1125 1104
1125 1265
1858 896
1858 823
1966 54
1966 1029
1627 1108
1627 1408
1350 55
1350 1033
1226 1459
1226 492
1830 584
1830 1507
1283 1643
1283 1690
903 2037
903 704
163 1556
163 517
1068 1963
1068 1617
1404 507
1404 875
1929 1443
1929 785
294 91
294 379
658 617
658 2006
212 1290
212 1335
1362 1246
1362 564
1792 402
1792 841
201 825
201 758
1405 2017
1405 1570
1809 737
1809 612
1102 1292
1102 1016
1683 871
1683 1081
151 888
151 765
1285 1549
1285 948
580 168
580 701
239 233
239 1103
632 1166
632 1204
197 971
197 57
1032 355
1032 1503
1036 1761
1036 136
110 960
110 976
967 2003
967 816
1106 1084
1106 635
1820 1588
1820 530
1513 2027
1513 169
8 2018
8 1338
480 308
480 1240
1030 845
1030 799
1728 68
1728 1095
1945 1476
1945 1254
1192 727
1192 1934
330 1976
330 1148
1808 899
1808 1341
224 1382
224 802
1216 1827
1216 356
1402 92
1402 1860
138 1606
138 945
1330 648
1330 1719
1649 1782
1649 771
378 506
378 770
316 62
316 375
1177 1383
1177 1100
1154 1445
1154 1789
968 1364
968 454
1144 686
1144 321
1540 154
1540 1996
977 949
977 1594
656 717
656 488
368 1522
368 1602
922 1334
922 1624
143 1613
143 2022
46 1480
46 1352
1673 1954
1673 700
1621 604
1621 449
576 1531
576 2011
1247 47
1247 547
341 1199
341 1508
1616 651
1616 1864
69 1845
69 1991
747 1257
747 757
1947 113
1947 1708
1622 959
1622 1343
71 302
71 1874
177 855
177 1763
1669 1453
1669 190
145 886
145 219
1859 537
1859 1563
1723 1063
1723 1220
1375 211
1375 327
571 495
571 1973
1744 6
1744 344
928 649
928 1760
430 1497
430 83
1475 1483
1475 1804
1013 257
1013 1370
1561 1266
1561 1435
1114 1711
1114 671
1802 490
1802 2029
80 1066
80 666
1196 1696
1196 867
619 608
619 73
1473 1755
1473 451
156 873
156 1952
1743 419
1743 4
1887 1779
1887 932
1245 30
1245 1921
1988 394
1988 1067
1471 1968
1471 1801
1774 1590
1774 1791
191 207
191 1128
418 782
418 1373
86 140
86 347
1918 262
1918 1425
1716 1225
1716 657
552 1677
552 1
1936 1092
1936 1795
1390 881
1390 610
836 554
836 1384
1210 225
1210 1946
760 428
760 821
1223 1693
1223 508
1062 1244
1062 672
226 314
226 77
1181 1569
1181 1347
1109 805
1109 551
689 1455
689 1653
874 345
874 1869
1440 674
1440 1663
1862 962
1862 14
884 731
884 984
620 941
620 681
1065 175
1065 231
750 524
750 1842
866 878
866 1182
1059 566
1059 714
756 645
756 893
1717 914
1717 1916
1195 278
1195 1821
1576 1611
1576 393
1357 1230
1357 1552
1525 1000
1525 1950
1825 133
1825 1786
1997 1258
1997 1756
1009 1803
1009 1407
1526 2036
1526 323
1286 354
1286 396
84 1224
84 1608
244 880
244 644
445 1438
445 450
563 956
563 819
1799 1970
1799 1604
1337 779
1337 1222
1477 171
1477 1079
1155 1818
1155 103
1096 188
1096 1521
594 275
594 887
93 981
93 801
15 298
15 1046
783 122
783 1749
1885 624
1885 1980
256 1187
256 1870
1783 1706
1783 1466
1469 2045
1469 1652
1940 1361
1940 1879
958 1699
958 1052
213 157
213 234
1835 1217
1835 72
1524 1093
1524 706
1433 230
1433 859
1720 1288
1720 1121
800 626
800 400
1498 1800
1498 538
1234 891
1234 1542
1221 95
1221 96
1294 797
1294 1049
479 1514
479 1434
1766 499
1766 1099
1927 1171
1927 1027
1894 1610
1894 1536
541 986
541 979
49 746
49 1555
349 1010
349 414
1703 909
1703 467
447 56
447 359
1104 1323
1104 2031
1265 1592
1265 2046
896 1908
896 486
823 1714
823 710
54 582
54 1215
1029 596
1029 912
1108 744
1108 1656
1408 1781
1408 1504
55 331
55 348
1033 964
1033 223
1459 1949
1459 432
492 920
492 398
584 1151
584 291
1507 1905
1507 382
1643 931
1643 796
1690 729
1690 250
2037 1197
2037 1035
704 682
704 1293
1556 894
1556 1017
517 139
517 1938
1963 1252
1963 777
1617 916
1617 1363
507 1025
507 846
875 1047
875 898
1443 162
1443 828
785 1969
785 1832
91 1493
91 1647
379 1086
379 1962
617 440
617 812
2006 477
2006 489
1290 720
1290 1846
1335 1533
1335 1519
1246 994
1246 778
564 1667
564 1110
402 577
402 1965
841 786
841 1200
825 1501
825 89
758 680
758 283
2017 353
2017 1544
1570 662
1570 810
737 1566
737 74
612 170
612 1512
1292 238
1292 471
1016 1828
1016 1600
871 1400
871 1482
1081 1267
1081 1159
888 346
888 574
765 1396
765 399
1549 913
1549 1354
948 605
948 1162
168 1798
168 1457
701 1844
701 1984
233 811
233 1559
1103 1097
1103 1865
1166 237
1166 991
1204 1518
1204 1331
971 395
971 1087
57 35
57 1273
355 882
355 1019
1503 1076
1503 1461
1761 1101
1761 1158
136 431
136 2020
960 1634
960 333
976 1274
976 1269
2003 1186
2003 789
816 876
816 1861
1084 1397
1084 1038
635 27
635 1183
1588 1491
1588 1005
530 1248
530 936
2027 1994
2027 1201
169 1539
169 31
2018 661
2018 1575
1338 1446
1338 1403
308 555
308 1745
1240 1814
1240 1447
845 1924
845 1558
799 1736
799 601
68 951
68 249
1095 1925
1095 280
1476 929
1476 123
1254 860
1254 315
727 1122
727 529
1934 28
1934 261
1976 1593
1976 147
1148 1666
1148 1722
899 438
899 391
1341 258
1341 965
1382 152
1382 943
802 90
802 722
1827 1632
1827 664
356 1111
356 1721
92 739
92 1807
1860 519
1860 655
1606 412
1606 293
945 1538
945 446
648 1900
648 1256
1719 267
1719 245
1782 983
1782 1724
771 1822
771 23
506 458
506 189
770 1146
770 2009
62 1644
62 137
375 297
375 500
1383 997
1383 1625
1100 453
1100 332
1445 478
1445 363
1789 1413
1789 1365
1364 677
1364 132
454 592
454 550
686 1768
686 1119
321 326
321 751
154 1645
154 1206
1996 794
1996 174
949 422
949 107
1594 439
1594 838
717 1630
717 1409
488 1955
488 1998
1522 685
1522 376
1602 1430
1602 1839
1334 879
1334 531
1624 1495
1624 179
1613 1687
1613 1881
2022 1345
2022 2035
1480 925
1480 961
1352 1308
1352 1639
1954 533
1954 442
700 1116
700 1366
604 1242
604 5
449 310
449 58
1531 205
1531 1003
2011 1815
2011 1564
47 497
47 1701
547 209
547 1883
1199 1359
1199 1054
1508 125
1508 37
651 126
651 1520
1864 36
1864 628
1845 1056
1845 22
1991 1014
1991 804
1257 1178
1257 1113
757 1253
757 627
113 908
113 1816
1708 343
1708 365
959 930
959 1389
1343 676
1343 1421
302 1295
302 67
1874 1302
1874 1571
855 767
855 1982
1763 1468
1763 1416
1453 300
1453 1452
190 787
190 1638
886 1975
886 228
219 304
219 1426
537 1932
537 1682
1563 660
1563 405
1063 465
1063 1137
1220 588
1220 1360
211 1115
211 1394
327 544
327 1784
495 559
495 1026
1973 730
1973 762
6 1729
6 1650
344 697
344 892
649 193
649 1275
1760 745
1760 481
1497 1152
1497 1884
83 1911
83 817
1483 1532
1483 618
1804 1419
1804 1098
257 545
257 595
1370 1697
1370 1872
1266 1198
1266 1379
1435 1393
1435 2040
1711 934
1711 699
671 1516
671 1369
490 1344
490 437
2029 853
2029 242
1066 852
1066 973
666 1757
666 940
1696 1132
1696 470
867 1481
867 695
608 868
608 464
73 1812
73 1304
1755 561
1755 161
451 1509
451 820
873 1188
873 593
1952 652
1952 117
419 1738
419 675
4 2007
4 1131
1779 372
1779 1914
932 1318
932 1793
30 232
30 208
1921 752
1921 114
394 2033
394 1772
1067 1733
1067 1385
1968 1750
1968 1141
1801 1279
1801 1213
1590 1665
1590 337
1791 1811
1791 328
207 1165
207 148
1128 408
1128 927
782 935
782 1785
1373 1974
1373 1771
140 1704
140 1584
347 1045
347 1391
262 1105
262 134
1425 1424
1425 313
1225 915
1225 1923
657 484
657 1074
1677 1651
1677 1671
1 1492
1 1411
1092 732
1092 172
1795 602
1795 150
881 1591
881 734
610 1951
610 1824
554 807
554 204
1384 643
1384 933
225 1995
225 542
1946 513
1946 7
428 173
428 982
821 1167
821 277
1693 824
1693 371
508 806
508 1871
1244 1837
1244 1985
672 318
672 281
314 1462
314 1327
77 1193
77 764
1569 1310
1569 516
1347 1377
1347 665
805 883
805 1928
551 1089
551 1535
1455 1299
1455 61
1653 1587
1653 600
345 1655
345 351
1869 1135
1869 1112
674 1401
674 241
1663 1153
1663 1297
962 741
962 1609
14 1053
14 1356
731 1607
731 728
984 388
984 105
941 1260
941 822
681 769
681 1070
175 1581
175 196
231 1823
231 98
524 403
524 325
1842 377
1842 721
878 1664
878 1732
1182 691
1182 511
566 557
566 1603
714 85
714 153
645 1317
645 1878
893 923
893 64
914 1414
914 625
1916 373
1916 583
278 738
278 2013
1821 102
1821 1499
1611 1560
1611 911
393 425
393 16
1230 998
1230 274
1552 2044
1552 1941
1000 1251
1000 864
1950 251
1950 1189
133 1072
133 715
1786 905
1786 1917
1258 1867
1258 1915
1756 742
1756 1948
1803 1490
1803 1541
1407 1612
1407 1715
2036 424
2036 1657
323 312
323 336
354 1646
354 1388
396 963
396 938
1224 854
1224 426
1608 350
1608 383
880 688
880 1573
644 514
644 641
1438 290
1438 1788
450 1731
450 1780
956 183
956 1517
819 1961
819 252
1970 2041
1970 1228
1604 870
1604 112
779 1752
779 299
1222 1202
1222 803
171 921
171 579
1079 670
1079 295
1818 1262
1818 1618
103 872
103 890
188 317
188 1218
1521 236
1521 216
275 1470
275 639
887 1698
887 690
981 1474
981 362
801 629
801 534
298 589
298 1378
1046 1207
1046 1740
122 1139
122 1769
1749 1718
1749 1309
624 2014
624 692
1980 1543
1980 2028
1187 9
1187 1597
1870 1381
1870 1300
1706 1328
1706 1926
1466 1387
1466 1586
2045 1080
2045 856
1652 773
1652 942
1361 119
1361 1374
1879 1284
1879 1117
1699 309
1699 1305
1052 1489
1052 1886
157 1156
157 155
234 461
234 1746
1217 505
1217 1371
72 253
72 597
1093 837
1093 26
706 1510
706 1057
230 158
230 705
859 521
859 128
1288 813
1288 2001
1121 1935
1121 384
626 108
626 1342
400 1989
400 1250
1800 1709
1800 1004
538 109
538 1212
891 528
891 1176
1542 669
1542 210
95 780
95 1790
96 590
96 483
797 1043
797 1890
1049 38
1049 433
1514 1776
1514 1454
1434 1806
1434 723
499 374
499 1209
1099 1002
1099 1762
1171 1854
1171 1353
1027 1578
1027 613
1610 1857
1610 947
1536 1120
1536 240
986 1138
986 165
979 1662
979 482
746 192
746 560
1555 187
1555 1545
1010 1529
1010 1315
414 640
414 1169
909 897
909 988
467 1990
467 707
56 703
56 570
359 2004
359 1232
1323 1399
1323 407
2031 1700
2031 1015
1592 654
1592 1554
2046 709
2046 1012
1908 1939
1908 1055
486 1767
486 1537
1714 1168
1714 527
710 992
710 1565
582 678
582 1236
1215 366
1215 420
596 788
596 386
912 713
912 1324
744 1276
744 1623
1656 404
1656 781
1781 616
1781 1661
1504 45
1504 1901
331 725
331 198
348 1037
348 1395
964 1505
964 1249
223 1813
223 598
1949 1136
1949 1648
432 1534
432 1205
920 423
920 1140
398 1992
398 877
1151 1450
1151 808
291 503
291 17
1905 322
1905 1689
382 849
382 814
931 679
931 1868
796 1904
796 1546
729 1340
729 1758
250 763
250 129
1197 1574
1197 1679
1035 2047
1035 144
682 1133
682 53
1293 1311
1293 937
894 1912
894 1147
1017 1880
1017 1261
139 124
139 910
1938 457
1938 987
1252 2034
1252 1751
777 944
777 1787
916 491
916 88
1363 1380
1363 1888
1025 1553
1025 1073
846 1123
846 97
1047 342
1047 435
898 178
898 1737
162 1448
162 496
828 1263
828 1585
1969 462
1969 1619
1832 761
1832 966
1493 978
1493 1654
1647 599
1647 1892
1086 1896
1086 907
1962 79
1962 427
440 217
440 2042
812 1190
812 1833
477 1778
477 1725
489 520
489 1145
720 1727
720 301
1846 206
1846 832
1533 1069
1533 972
1519 498
1519 591
994 1028
994 215
778 1759
778 581
1667 43
1667 1048
1110 493
1110 638
577 775
577 1735
1965 975
1965 702
786 115
786 558
1200 1794
1200 255
1501 1161
1501 1898
89 1580
89 369
680 954
680 1485
283 296
283 1149
353 1805
353 766
1544 650
1544 1943
662 1903
662 29
810 615
810 1856
1566 149
1566 842
74 1891
74 1291
170 1458
170 793
1512 630
1512 1670
238 459
238 266
471 830
471 1527
1828 509
1828 634
1600 1034
1600 900
1400 12
1400 1064
1482 272
1482 1417
1267 1238
1267 1429
1159 1241
1159 1596
346 501
346 1694
574 1568
574 1572
1396 389
1396 21
399 358
399 1528
913 1734
913 352
1354 667
1354 553
605 1372
605 1775
1162 1676
1162 452
1798 621
1798 2038
1457 1937
1457 340
1844 719
1844 436
1984 441
1984 1615
811 523
811 411
1559 1351
1559 214
1097 1831
1097 41
1865 668
1865 159
237 1601
237 1730
991 279
991 194
1518 1456
1518 1441
1331 164
1331 1349
395 32
395 50
1087 1852
1087 1484
35 504
35 974
1273 1849
1273 1672
882 573
882 1180
1019 2019
1019 1875
1076 993
1076 409
1461 1415
1461 94
1101 540
1101 924
1158 861
1158 335
431 694
431 1681
2020 1259
2020 303
1634 131
1634 3
333 562
333 1754
1274 792
1274 1550
1269 1398
1269 390
1186 1134
1186 889
789 1287
789 381
876 1041
876 917
1861 607
1861 1078
1397 65
1397 1695
1038 548
1038 1150
27 1557
27 20
1183 687
1183 862
1491 268
1491 556
1005 1420
1005 1107
1248 1090
1248 1173
936 1895
936 1008
1994 270
1994 487
1201 48
1201 1088
1539 809
1539 1863
31 1127
31 182
661 1678
661 320
1575 1083
1575 1836
1446 60
1446 100
1403 726
1403 815
555 1467
555 1184
1745 1058
1745 1773
1814 1463
1814 1850
1447 1691
1447 952
1924 199
1924 292
1558 1986
1558 1208
1736 1631
1736 829
601 754
601 1567
951 1479
951 609
249 1796
249 985
1925 1488
1925 1705
280 1515
280 1614
929 510
929 1826
123 1999
123 1325
860 324
860 1956
315 1876
315 611
1122 906
1122 456
529 790
529 1322
28 1296
28 1629
261 227
261 1289
1593 1024
1593 1589
147 833
147 1511
1666 647
1666 795
1722 2005
1722 364
438 1021
438 485
391 1428
391 476
258 397
258 1314
965 417
965 289
152 1910
152 565
943 1410
943 434
90 415
90 18
722 1640
722 970
1632 743
1632 1465
664 127
664 673
1111 904
1111 444
1721 567
1721 1312
739 235
739 448
1807 865
1807 716
519 1855
519 1126
655 2021
655 52
412 1129
412 1332
293 1972
293 176
1538 1960
1538 1620
446 834
446 1843
1900 106
1900 526
1256 1436
1256 1487
267 141
267 2030
245 578
245 518
983 2
983 185
1724 1191
1724 1931
1822 1336
1822 1303
23 902
23 1321
458 1478
458 1579
189 1118
189 413
1146 1051
1146 1739
2009 247
2009 1243
1644 311
1644 1710
137 1747
137 1922
297 421
297 305
500 990
500 1277
997 1355
997 539
1625 1841
1625 1163
453 469
453 380
332 1039
332 1959
478 1235
478 1282
363 885
363 735
1413 1902
1413 585
1365 835
1365 40
677 1598
677 1174
132 1595
132 120
592 334
592 543
550 696
550 1829
1768 1659
1768 1971
1119 1130
1119 646
326 1329
326 759
751 1847
751 957
1645 512
1645 160
1206 1741
1206 549
794 848
794 1899
174 708
174 104
422 768
422 950
107 1979
107 1920
439 1319
439 1214
838 749
838 200
1630 755
1630 218
1409 698
1409 288
1955 1987
1955 11
1998 410
1998 319
685 1500
685 1280
376 220
376 1392
1430 75
1430 121
1839 1011
1839 895
879 1464
879 1001
531 740
531 1229
1495 259
1495 2032
179 733
179 181
1687 1175
1687 370
1881 1339
1881 1281
1345 338
1345 1431
2035 1635
2035 1674
925 1231
925 844
961 1707
961 1819
1308 851
1308 1320
1639 1893
1639 222
533 263
533 847
442 1726
442 116
1116 1967
1116 1219
1366 367
1366 1472
1242 1044
1242 663
5 273
5 1170
310 1964
310 1094
58 1071
58 1577
205 265
205 329
1003 248
1003 636
1815 1406
1815 1641
1564 221
1564 66
497 1022
497 818
1701 1386
1701 387
209 285
209 784
1883 1346
1883 901
1359 70
1359 1658
1054 711
1054 603
125 1007
125 166
37 1237
37 918
126 614
126 502
1520 1712
1520 532
36 284
36 1023
628 798
628 2043
1056 460
1056 2025
22 622
22 360
1014 254
1014 748
804 78
804 831
1178 1983
1178 536
1113 25
1113 850
1253 1233
1253 1834
627 287
627 135
908 2023
908 2016
1816 59
1816 1060
343 1907
343 1840
365 684
365 101
930 1506
930 569
1389 659
1389 623
676 1031
676 276
1421 1268
1421 1006
1295 99
1295 1981
67 1562
67 1851
1302 1185
1302 269
1571 858
1571 1306
767 1368
767 568
1982 515
1982 1889
1468 1271
1468 243
1416 1797
1416 1307
300 1958
300 1742
1452 1944
1452 1906
787 1853
787 1142
1638 1919
1638 1777
1975 180
1975 1675
228 1018
228 1333
304 246
304 44
1426 999
1426 1439
1932 1548
1932 1367
1682 1838
1682 939
660 81
660 82
405 1348
405 1422
465 34
465 525
1137 693
1137 76
588 606
588 642
1360 167
1360 1765
1115 1227
1115 1179
1394 1211
1394 996
544 1909
544 840
1784 306
1784 443
559 1933
559 955
1026 843
1026 1451
730 989
730 357
762 2008
762 63
