511 1023 75962976
384 94
384 107
94 324
94 212
107 410
107 206
324 401
324 379
212 314
212 163
410 416
410 470
206 109
206 298
401 197
401 214
379 202
379 456
314 44
314 362
163 432
163 413
416 80
416 226
470 38
470 102
109 195
109 263
298 246
298 509
197 271
197 451
214 442
214 480
202 76
202 199
456 477
456 340
44 302
44 448
362 440
362 365
432 478
432 508
413 68
413 305
80 111
80 404
226 20
226 332
38 336
38 19
102 269
102 397
195 243
195 165
263 90
263 510
246 244
246 233
509 325
509 311
271 481
271 39
451 438
451 352
442 476
442 493
480 159
480 188
76 486
76 41
199 450
199 280
477 502
477 110
340 396
340 464
302 215
302 77
448 423
448 421
440 50
440 131
365 118
365 229
478 154
478 388
508 72
508 373
68 43
68 256
305 232
305 489
111 495
111 78
404 11
404 337
20 153
20 170
332 12
332 322
336 264
336 452
19 74
19 177
269 345
269 122
397 482
397 405
243 157
243 253
165 5
165 227
90 331
90 249
510 501
510 309
244 374
244 13
233 366
233 383
325 168
325 465
311 279
311 187
481 504
481 462
39 25
39 46
438 292
438 200
352 237
352 221
476 330
476 255
493 103
493 210
159 235
159 368
188 408
188 89
486 217
486 259
41 391
41 393
450 293
450 65
280 297
280 100
502 360
502 143
110 22
110 334
396 487
396 341
464 201
464 88
215 409
215 497
77 146
77 105
423 137
423 320
421 151
421 425
50 274
50 484
131 310
131 147
118 234
118 238
229 15
229 213
154 364
154 367
388 66
388 498
72 400
72 112
373 342
373 236
43 148
43 503
256 395
256 179
232 129
232 155
489 73
489 132
495 149
495 289
78 138
78 339
11 57
11 167
337 327
337 230
153 96
153 312
170 60
170 75
12 429
12 28
322 10
322 8
264 169
264 412
452 355
452 85
74 113
74 357
177 130
177 7
345 225
345 58
122 282
122 79
482 318
482 158
405 511
405 126
157 431
157 175
253 313
253 350
5 277
5 36
227 286
227 463
331 428
331 37
249 162
249 242
501 231
501 23
309 120
309 203
374 56
374 258
13 398
13 267
366 417
366 134
383 164
383 139
168 193
168 128
465 173
465 270
279 296
279 273
187 474
187 436
504 472
504 6
462 349
462 261
25 205
25 370
46 53
46 295
292 377
292 353
200 114
200 411
237 265
237 262
221 223
221 458
330 454
330 467
255 284
255 70
103 152
103 304
210 178
210 494
235 117
235 181
368 33
368 333
408 144
408 252
89 359
89 106
217 455
217 124
259 140
259 176
391 63
391 4
393 285
393 207
293 499
293 186
65 62
65 329
297 17
297 287
100 375
100 1
360 16
360 403
143 351
143 222
22 386
22 160
334 496
334 241
487 184
487 315
341 240
341 48
201 500
201 115
88 394
88 95
409 437
409 220
497 216
497 328
146 381
146 123
105 288
105 204
137 119
137 9
320 459
320 485
151 260
151 338
425 323
425 380
274 308
274 407
484 30
484 361
310 306
310 219
147 47
147 300
234 389
234 104
238 347
238 87
15 433
15 150
213 420
213 54
364 239
364 444
367 189
367 382
66 424
66 133
498 392
498 276
400 418
400 35
112 14
112 81
342 161
342 457
236 42
236 55
148 248
148 51
503 348
503 209
395 190
395 71
179 266
179 108
129 406
129 473
155 363
155 83
73 121
73 492
132 127
132 346
149 268
149 387
289 141
289 399
138 422
138 471
339 402
339 326
57 319
57 488
167 435
167 49
327 52
327 84
230 466
230 208
96 272
96 257
312 378
312 430
60 59
60 441
75 303
75 460
429 101
429 415
28 427
28 156
10 372
10 64
8 40
8 45
169 321
169 307
412 446
412 299
355 31
355 275
85 32
85 356
113 194
113 92
357 335
357 125
130 245
130 426
7 443
7 192
225 453
225 180
58 445
58 166
282 468
282 447
79 135
79 86
318 505
318 29
158 283
158 145
511 434
511 358
126 142
126 34
431 82
431 27
175 251
175 91
313 390
313 185
350 449
350 506
277 479
277 136
36 183
36 67
286 191
286 18
463 61
463 461
428 469
428 290
37 254
37 376
162 21
162 218
242 172
242 491
231 316
231 344
23 371
23 116
120 228
120 24
203 475
203 281
56 211
56 291
258 182
258 385
398 224
398 174
267 414
267 196
417 99
417 317
134 439
134 171
164 3
164 247
139 369
139 97
193 93
193 250
128 483
128 198
173 490
173 354
270 69
270 98
296 26
296 278
273 419
273 507
474 294
474 2
436 301
436 343
419 58
419 769
58 869
58 875
769 605
769 320
869 580
869 588
875 745
875 56
605 86
605 126
320 595
320 687
580 949
580 738
588 404
588 647
745 157
745 250
56 551
56 39
86 349
86 862
126 582
126 911
595 340
595 903
687 762
687 247
949 422
949 510
738 778
738 725
404 737
404 674
647 929
647 632
157 935
157 300
250 515
250 713
551 628
551 324
39 88
39 167
349 460
349 185
862 996
862 208
582 237
582 217
911 873
911 891
340 439
340 941
903 184
903 716
762 103
762 234
247 616
247 752
422 844
422 936
510 677
510 1021
778 1011
778 710
725 546
725 139
737 652
737 277
674 475
674 81
929 533
929 568
632 260
632 162
935 356
935 156
300 923
300 511
515 920
515 919
713 53
713 118
628 413
628 276
324 608
324 79
88 66
88 466
167 479
167 52
460 426
460 9
185 932
185 795
996 76
996 1005
208 649
208 90
237 874
237 806
217 362
217 767
873 629
873 838
891 399
891 1019
439 831
439 425
941 369
941 603
184 527
184 958
716 914
716 381
103 675
103 403
234 961
234 917
616 290
616 72
752 189
752 726
844 596
844 957
936 780
936 878
677 402
677 488
1021 84
1021 3
1011 122
1011 516
710 940
710 110
546 639
546 758
139 930
139 583
652 1
652 715
277 87
277 113
475 92
475 963
81 637
81 249
533 688
533 134
568 859
568 30
260 566
260 591
162 6
162 598
356 1000
356 498
156 299
156 13
923 423
923 678
511 25
511 740
920 111
920 558
919 988
919 606
53 450
53 641
118 708
118 367
413 969
413 213
276 645
276 984
608 337
608 101
79 211
79 490
66 484
66 967
466 54
466 654
479 169
479 773
52 1008
52 892
426 173
426 499
9 174
9 789
932 63
932 563
795 191
795 305
76 705
76 148
1005 847
1005 286
649 571
649 569
90 200
90 348
874 636
874 700
806 188
806 656
362 896
362 722
767 734
767 976
629 153
629 540
838 964
838 556
399 836
399 627
1019 154
1019 937
831 534
831 410
425 242
425 833
369 1006
369 523
603 51
603 317
527 229
527 653
958 630
958 871
914 744
914 985
381 432
381 176
675 694
675 359
403 992
403 586
961 91
961 187
917 385
917 232
290 870
290 215
72 143
72 309
189 485
189 393
726 374
726 15
596 345
596 433
957 35
957 255
780 388
780 214
878 979
878 570
402 765
402 843
488 729
488 42
84 271
84 497
3 808
3 771
122 258
122 227
516 384
516 123
940 270
940 394
110 739
110 444
639 16
639 107
758 918
758 370
930 650
930 487
583 38
583 89
1 849
1 312
715 11
715 243
87 93
87 731
113 240
113 178
92 203
92 274
963 325
963 20
637 85
637 41
249 685
249 810
688 406
688 670
134 246
134 699
859 865
859 451
30 307
30 192
566 720
566 310
591 679
591 209
6 852
6 612
598 997
598 408
1000 562
1000 543
498 400
498 379
299 272
299 355
13 1002
13 897
423 662
423 380
678 449
678 922
25 532
25 129
740 912
740 231
111 998
111 850
558 447
558 813
988 137
988 166
606 1013
606 99
450 462
450 517
641 946
641 401
708 128
708 452
367 150
367 371
969 241
969 834
213 212
213 609
645 442
645 82
984 904
984 8
337 759
337 195
101 593
101 664
211 689
211 127
490 263
490 303
484 811
484 47
967 474
967 552
54 751
54 140
654 256
654 883
169 287
169 29
773 331
773 124
1008 69
1008 37
892 701
892 684
173 136
173 458
499 962
499 624
174 514
174 473
789 783
789 181
63 704
63 542
563 339
563 418
191 755
191 845
305 330
305 109
705 828
705 158
148 59
148 60
847 311
847 676
286 464
286 495
571 292
571 459
569 186
569 814
200 622
200 71
348 902
348 672
636 943
636 743
700 547
700 954
188 886
188 36
656 1009
656 794
896 910
896 492
722 196
722 983
734 706
734 430
976 909
976 790
153 508
153 805
540 417
540 854
964 199
964 908
556 823
556 341
836 1020
836 67
627 889
627 486
154 219
154 22
937 754
937 549
534 537
534 1012
410 793
410 131
242 934
242 727
833 1003
833 440
1006 472
1006 809
523 436
523 728
51 718
51 590
317 971
317 821
229 599
229 788
653 974
653 493
630 584
630 64
871 180
871 33
744 315
744 695
985 226
985 535
432 171
432 94
176 855
176 480
694 368
694 361
359 680
359 804
992 342
992 683
586 164
586 363
91 364
91 389
187 334
187 839
385 634
385 314
232 279
232 861
870 183
870 980
215 152
215 564
143 560
143 391
309 306
309 600
485 198
485 119
393 925
393 832
374 50
374 318
15 280
15 659
345 692
345 428
433 244
433 504
35 812
35 840
255 116
255 456
388 972
388 445
214 781
214 820
979 351
979 455
570 97
570 876
765 236
765 202
843 327
843 776
729 438
729 222
42 736
42 665
271 398
271 259
497 711
497 777
808 753
808 283
771 573
771 826
258 424
258 968
227 938
227 880
384 671
384 742
123 686
123 894
270 730
270 332
394 224
394 228
739 353
739 999
444 412
444 441
16 352
16 610
107 414
107 443
918 407
918 709
370 201
370 539
650 887
650 512
487 335
487 1018
38 841
38 225
89 297
89 83
849 866
849 74
312 959
312 34
11 837
11 142
243 698
243 114
93 319
93 916
731 772
731 576
240 471
240 995
178 328
178 434
203 944
203 565
274 732
274 614
325 78
325 750
20 23
20 483
85 529
85 724
41 830
41 288
685 115
685 555
810 308
810 787
406 857
406 858
670 982
670 14
246 165
246 522
699 206
699 926
865 895
865 660
451 491
451 130
307 798
307 618
192 770
192 648
720 506
720 987
310 333
310 373
679 667
679 544
209 901
209 95
852 928
852 707
612 631
612 502
997 372
997 172
408 383
408 245
562 28
562 322
543 75
543 220
400 416
400 682
379 146
379 197
272 807
272 975
355 281
355 1001
1002 149
1002 906
897 550
897 43
662 18
662 253
380 230
380 421
449 615
449 574
922 354
922 509
532 856
532 661
129 965
129 177
912 818
912 578
231 966
231 98
998 1004
998 448
850 898
850 221
447 619
447 284
813 513
813 691
137 437
137 282
166 26
166 205
1013 141
1013 151
99 536
99 696
462 877
462 990
517 714
517 655
946 741
946 581
401 697
401 1016
128 155
128 360
452 817
452 326
150 17
150 868
371 545
371 756
241 899
241 835
834 1014
834 329
212 779
212 453
609 567
609 955
442 991
442 748
82 105
82 601
904 519
904 800
8 481
8 454
759 77
759 947
195 347
195 291
593 80
593 658
664 194
664 482
689 784
689 382
127 945
127 594
263 70
263 842
303 457
303 541
811 338
811 960
47 890
47 524
474 160
474 163
552 952
552 463
751 633
751 764
140 888
140 589
256 953
256 863
883 548
883 735
287 267
287 135
29 703
29 182
331 690
331 346
124 476
124 500
69 585
69 420
37 216
37 257
701 559
701 827
684 885
684 461
136 40
136 48
458 2
458 446
962 669
962 775
624 304
624 882
514 1023
514 120
473 621
473 190
783 760
783 7
181 24
181 530
704 365
704 31
542 782
542 989
339 668
339 343
418 395
418 375
755 507
755 293
845 175
845 986
330 642
330 733
109 666
109 316
828 496
828 681
158 254
158 526
59 994
59 1010
60 104
60 860
311 397
311 757
676 298
676 261
464 68
464 749
495 948
495 296
292 702
292 45
459 223
459 376
186 429
186 579
814 377
814 651
622 323
622 427
71 467
71 796
902 264
902 802
672 604
672 5
943 572
943 951
743 553
743 864
547 73
547 905
954 55
954 96
886 824
886 302
36 613
36 635
1009 503
1009 133
794 893
794 117
910 390
910 913
492 785
492 693
196 489
196 712
983 561
983 125
706 924
706 921
430 161
430 977
909 970
909 405
790 108
790 1015
508 57
508 295
805 278
805 900
417 531
417 168
854 774
854 193
199 554
199 65
908 643
908 358
823 431
823 577
341 1007
341 867
1020 825
1020 12
67 626
67 575
889 238
889 1017
486 602
486 763
219 933
219 266
22 218
22 915
754 766
754 147
549 625
549 1022
537 950
537 747
1012 848
1012 144
793 792
793 27
131 801
131 761
934 494
934 392
727 251
727 275
1003 799
1003 62
440 520
440 44
472 268
472 344
809 145
809 803
436 663
436 721
728 717
728 273
718 981
718 587
590 204
590 435
971 289
971 872
821 646
821 61
599 470
599 528
788 927
788 620
974 617
974 46
493 851
493 396
584 521
584 357
64 884
64 786
180 159
180 269
33 846
33 207
315 465
315 973
695 623
695 387
226 132
226 816
535 32
535 611
171 102
171 768
94 638
94 505
855 252
855 239
480 746
480 501
368 468
368 597
361 853
361 386
680 469
680 294
804 100
804 235
342 822
342 673
683 719
683 538
164 557
164 723
363 978
363 829
364 262
364 879
389 170
389 607
334 881
334 939
839 138
839 233
634 106
634 907
314 265
314 321
279 313
279 19
861 797
861 942
183 248
183 644
980 210
980 49
152 409
152 931
564 112
564 415
560 478
560 640
391 179
391 4
306 819
306 350
600 21
600 366
198 791
198 657
119 525
119 121
925 336
925 285
832 815
832 10
50 592
50 518
318 411
318 378
280 993
280 301
659 956
659 477
