255 2047 67645836
21 129
21 203
129 240
129 99
203 98
203 215
240 123
240 196
99 19
99 214
98 32
98 248
215 172
215 43
123 106
123 12
196 40
196 60
19 121
19 211
214 212
214 162
32 42
32 17
248 199
248 234
172 216
172 193
43 96
43 237
106 223
106 204
12 45
12 6
40 192
40 144
60 18
60 220
121 74
121 164
211 1
211 229
212 160
212 16
162 26
162 115
42 90
42 150
17 210
17 49
199 176
199 236
234 225
234 198
216 213
216 14
193 77
193 3
96 116
96 117
237 165
237 71
223 153
223 41
204 230
204 218
45 5
45 246
6 159
6 163
192 20
192 23
144 7
144 156
18 202
18 62
220 107
220 189
74 54
74 10
164 59
164 201
1 36
1 22
229 105
229 191
160 53
160 209
16 27
16 134
26 73
26 147
115 239
115 136
90 111
90 92
150 130
150 75
210 2
210 206
49 95
49 254
176 152
176 244
236 145
236 84
225 120
225 82
198 252
198 205
213 94
213 194
14 65
14 155
77 91
77 174
3 180
3 186
116 127
116 34
117 37
117 38
165 33
165 169
71 184
71 8
153 233
153 222
41 183
41 195
230 179
230 30
218 221
218 143
5 187
5 44
246 104
246 25
159 177
159 63
163 102
163 255
20 89
20 207
23 158
23 154
7 109
7 178
156 253
156 15
202 4
202 119
62 97
62 126
107 13
107 58
189 93
189 226
54 39
54 24
10 103
10 231
59 171
59 250
201 182
201 137
36 101
36 72
22 232
22 131
105 142
105 9
191 188
191 125
53 243
53 76
209 157
209 11
27 140
27 185
134 166
134 85
73 70
73 50
147 29
147 167
239 66
239 31
136 247
136 148
111 242
111 135
92 149
92 68
130 100
130 28
75 219
75 124
2 112
2 235
206 108
206 55
95 161
95 80
254 113
254 78
152 228
152 139
244 175
244 51
145 146
145 128
84 190
84 67
120 249
120 47
82 88
82 56
252 122
252 170
205 168
205 238
94 83
94 69
194 87
194 138
65 217
65 251
155 181
155 57
91 245
91 173
174 48
174 64
180 110
180 133
186 79
186 132
127 227
127 224
34 35
34 200
37 151
37 118
38 52
38 114
33 86
33 141
169 61
169 46
184 208
184 197
8 241
8 81
598 115
598 1514
115 577
115 1730
1514 996
1514 1271
577 1566
577 643
1730 1261
1730 1753
996 743
996 1460
1271 10
1271 1908
1566 371
1566 1798
643 978
643 1123
1261 1700
1261 168
1753 1877
1753 516
743 854
743 812
1460 301
1460 953
10 1531
10 1403
1908 721
1908 6
371 1649
371 1569
1798 605
1798 396
978 1008
978 794
1123 1419
1123 1799
1700 2007
1700 900
168 1596
168 41
1877 1346
1877 933
516 752
516 1361
854 555
854 1221
812 718
812 401
301 1459
301 712
953 1629
953 392
1531 2015
1531 1739
1403 1374
1403 1431
721 1985
721 2009
6 1563
6 253
1649 1149
1649 1422
1569 1788
1569 276
605 419
605 804
396 781
396 783
1008 80
1008 714
794 1264
794 1203
1419 1545
1419 1408
1799 137
1799 114
2007 1691
2007 1273
900 1539
900 1044
1596 352
1596 1752
41 602
41 1870
1346 119
1346 1797
933 450
933 1701
752 930
752 733
1361 1363
1361 134
555 2
555 1634
1221 1321
1221 2031
718 1076
718 216
401 1184
401 778
1459 268
1459 1631
712 1241
712 833
1629 830
1629 1498
392 19
392 394
2015 787
2015 269
1739 2030
1739 64
1374 1228
1374 594
1431 286
1431 1974
1985 558
1985 425
2009 878
2009 1365
1563 358
1563 985
253 1391
253 1131
1149 322
1149 259
1422 1282
1422 1705
1788 408
1788 294
276 63
276 200
419 754
419 1766
804 1871
804 79
781 723
781 1910
783 656
783 1105
80 325
80 308
714 520
714 2025
1264 967
1264 893
1203 1911
1203 1016
1545 1472
1545 1170
1408 1760
1408 1883
137 155
137 1400
114 749
114 500
1691 1599
1691 1240
1273 2024
1273 1150
1539 1970
1539 2006
1044 1029
1044 607
352 943
352 806
1752 291
1752 341
602 1245
602 448
1870 980
1870 663
119 1680
119 1849
1797 158
1797 1001
450 604
450 1253
1701 912
1701 910
930 447
930 491
733 1889
733 1161
1363 274
1363 745
134 251
134 413
2 1132
2 1896
1634 541
1634 832
1321 1562
1321 1538
2031 1175
2031 1242
1076 1602
1076 108
216 1136
216 629
1184 1463
1184 1057
778 349
778 581
268 147
268 1277
1631 1483
1631 993
1241 556
1241 1212
833 1944
833 1620
830 1816
830 1661
1498 78
1498 1315
19 1344
19 1047
394 768
394 415
787 2033
787 381
269 1011
269 264
2030 1518
2030 3
64 367
64 1628
1228 163
1228 1525
594 962
594 2032
286 400
286 1229
1974 578
1974 1198
558 1823
558 788
425 1494
425 1042
878 1307
878 106
1365 657
1365 988
358 1729
358 868
985 1517
985 1725
1391 1312
1391 1656
1131 1640
1131 262
322 1177
322 1314
259 746
259 838
1282 31
1282 343
1705 1148
1705 2045
408 466
408 1950
294 697
294 1650
63 1021
63 1865
200 1369
200 585
754 1424
754 1925
1766 907
1766 327
1871 700
1871 1749
79 354
79 1803
723 872
723 1100
1910 716
1910 161
656 873
656 58
1105 1387
1105 1425
325 1956
325 165
308 1500
308 858
520 1868
520 366
2025 1876
2025 961
967 582
967 1185
893 1202
893 1581
1911 398
1911 762
1016 1335
1016 1537
1472 1024
1472 1114
1170 1931
1170 2028
1760 1686
1760 22
1883 439
1883 1255
155 1855
155 1785
1400 932
1400 529
749 86
749 1262
500 185
500 60
1599 1850
1599 560
1240 1109
1240 1687
2024 85
2024 1281
1150 1723
1150 21
1970 895
1970 1252
2006 46
2006 1577
1029 1292
1029 925
607 673
607 1827
943 1668
943 99
806 1037
806 348
291 1748
291 1178
341 1220
341 2035
1245 1319
1245 1428
448 1404
448 1681
980 1227
980 1259
663 554
663 1448
1680 1587
1680 411
1849 246
1849 889
158 1734
158 5
1001 374
1001 1869
604 1015
604 518
1253 1953
1253 240
912 307
912 365
910 1836
910 708
447 2037
447 434
491 1367
491 1932
1889 543
1889 1054
1161 313
1161 992
274 369
274 1468
745 1556
745 292
251 1938
251 92
413 1107
413 1859
1132 312
1132 1362
1896 1154
1896 1356
541 324
541 1010
832 1874
832 599
1562 1742
1562 1487
1538 223
1538 431
1175 1504
1175 576
1242 710
1242 386
1602 1670
1602 829
108 715
108 237
1136 1886
1136 800
629 329
629 940
1463 482
1463 1288
1057 1864
1057 1773
349 603
349 1838
581 841
581 278
147 1062
147 567
1277 1267
1277 1444
1483 1616
1483 1495
993 966
993 233
556 805
556 1208
1212 1479
1212 655
1944 861
1944 144
1620 649
1620 267
1816 242
1816 1986
1661 2039
1661 417
78 914
78 1536
1315 1975
1315 1622
1344 1971
1344 290
1047 359
1047 1832
768 737
768 1173
415 1952
415 675
2033 409
2033 1709
381 406
381 1199
1011 1907
1011 1547
264 1708
264 1147
1518 1489
1518 1157
3 54
3 270
367 1882
367 2019
1628 1204
1628 368
163 892
163 1635
1525 1393
1525 1329
962 1835
962 1840
2032 1061
2032 405
400 1782
400 1601
1229 1196
1229 1069
578 1945
578 426
1198 1579
1198 984
1823 1559
1823 1707
788 736
788 1133
1494 444
1494 280
1042 1608
1042 210
1307 695
1307 1532
106 1941
106 1230
657 1313
657 1825
988 1309
988 148
1729 1521
1729 89
868 1542
868 48
1517 530
1517 974
1725 1299
1725 1415
1312 857
1312 1465
1656 1881
1656 1488
1640 1445
1640 75
262 339
262 627
1177 387
1177 378
1314 1711
1314 175
746 1516
746 481
838 764
838 1712
31 249
31 1673
343 1138
343 1718
1148 1384
1148 333
2045 1301
2045 4
466 615
466 1842
1950 234
1950 1093
697 1728
697 1763
1650 1410
1650 1901
1021 1829
1021 1110
1865 1958
1865 1735
1369 1802
1369 863
585 1002
585 1704
1424 485
1424 1183
1925 486
1925 1025
907 1217
907 154
327 923
327 504
700 1660
700 727
1749 818
1749 1716
354 457
354 1366
1803 1690
1803 562
872 456
872 1679
1100 647
1100 1845
716 927
716 1906
161 1358
161 315
873 355
873 807
58 1772
58 1573
1387 1743
1387 851
1425 2003
1425 1777
1956 104
1956 796
165 908
165 1695
1500 1678
1500 1904
858 706
858 345
1868 1099
1868 1162
366 217
366 277
1876 869
1876 569
961 1125
961 470
582 1462
582 384
1185 2016
1185 1453
1202 659
1202 172
1581 1594
1581 2001
398 926
398 882
762 209
762 1072
1335 680
1335 1769
1537 1412
1537 1527
1024 1933
1024 1167
1114 1745
1114 1375
1931 464
1931 941
2028 1116
2028 1467
1686 295
1686 68
22 2027
22 438
439 1821
439 1969
1255 375
1255 373
1855 1388
1855 1918
1785 592
1785 337
932 1036
932 1928
529 1796
529 389
86 631
86 1571
1262 726
1262 513
185 1155
185 512
60 1223
60 404
1850 1266
1850 628
560 495
560 306
1109 1144
1109 353
1687 95
1687 608
85 1205
85 682
1281 1434
1281 420
1723 1075
1723 1551
21 1129
21 279
895 1665
895 983
1252 820
1252 421
46 388
46 1610
1577 1289
1577 1376
1292 591
1292 1943
925 958
925 317
673 1586
673 330
1827 1493
1827 13
1668 528
1668 1258
99 972
99 1108
1037 1127
1037 1023
348 507
348 575
1748 1438
1748 1396
1178 881
1178 1079
1220 1000
1220 887
2035 918
2035 1398
1319 1064
1319 143
1428 1353
1428 1898
1404 1632
1404 1887
1681 205
1681 1989
1227 2018
1227 1429
1259 1996
1259 1005
554 544
554 1038
1448 351
1448 756
1587 1421
1587 118
411 1248
411 685
246 334
246 293
889 1612
889 950
1734 1648
1734 968
5 1458
5 1857
374 1995
374 297
1869 1813
1869 1082
1015 103
1015 1643
518 1334
518 679
1953 44
1953 1359
240 1560
240 1350
307 347
307 1703
365 272
365 1328
1836 1824
1836 123
708 1984
708 1135
2037 698
2037 1263
434 250
434 1436
1367 1922
1367 159
1932 416
1932 1688
543 683
543 948
1054 1550
1054 150
313 610
313 519
992 191
992 1592
369 1443
369 1899
1468 57
1468 1750
1556 1020
1556 1519
292 1121
292 816
1938 1671
1938 1503
92 1272
92 891
1107 285
1107 1667
1859 273
1859 1190
312 1197
312 82
1362 25
1362 596
1154 497
1154 20
1356 1693
1356 1168
324 731
324 7
1010 1341
1010 84
1874 999
1874 837
599 1383
599 1406
1742 1098
1742 442
1487 849
1487 1294
223 1535
223 921
431 1276
431 465
1504 1808
1504 1963
576 461
576 1905
710 1834
710 1654
386 645
386 653
1670 1171
1670 1699
829 617
829 846
715 1386
715 399
237 709
237 1084
1886 87
1886 815
800 361
800 922
329 739
329 1987
940 88
940 211
482 1298
482 1861
1288 1965
1288 1733
1864 1145
1864 1206
1773 1160
1773 960
603 505
603 1651
1838 678
1838 1557
841 720
841 232
278 1717
278 32
1062 323
1062 792
567 468
567 126
1267 748
1267 1528
1444 1909
1444 719
1616 356
1616 152
1495 588
1495 1619
966 979
966 551
233 1065
233 527
805 1501
805 1697
1208 502
1208 1071
1479 619
1479 239
655 561
655 288
861 1402
861 1980
144 228
144 1738
649 1672
649 959
267 760
267 903
242 492
242 1727
1986 230
1986 674
2039 1214
2039 859
417 2034
417 15
914 496
914 937
1536 1456
1536 1638
1975 1794
1975 1102
1622 1478
1622 769
1971 1682
1971 877
290 1073
290 1646
359 476
359 382
1832 1059
1832 151
737 455
737 100
1173 1330
1173 1675
1952 1623
1952 1475
675 1895
675 570
409 652
409 1331
1709 735
1709 303
406 1781
406 1250
1199 1942
1199 630
1907 660
1907 50
1547 1219
1547 1068
1708 1776
1708 113
1147 1595
1147 1817
1489 480
1489 1090
1157 693
1157 61
54 51
54 362
270 183
270 459
1882 1089
1882 1056
2019 383
2019 1405
1204 73
1204 1394
368 1666
368 766
892 35
892 998
1635 83
1635 335
1393 1414
1393 1207
1329 969
1329 1007
1835 1153
1835 1246
1840 848
1840 1741
1061 428
1061 1101
405 1310
405 994
1782 1480
1782 1430
1601 484
1601 667
1196 1452
1196 981
1069 1142
1069 275
1945 705
1945 707
426 451
426 696
1579 1169
1579 258
984 1416
984 1216
1559 1449
1559 133
1707 539
1707 1892
736 774
736 1548
1133 1427
1133 2036
444 162
444 810
280 1523
280 1884
1608 977
1608 644
210 917
210 184
695 1085
695 1130
1532 1143
1532 1641
1941 759
1941 1554
1230 1685
1230 1789
1313 701
1313 633
1825 1339
1825 1063
1309 2002
1309 511
148 850
148 1805
1521 1251
1521 1994
89 328
89 206
1542 1644
1542 1022
48 1447
48 668
530 2021
530 252
974 1597
974 1209
1299 1290
1299 1983
1415 564
1415 2008
857 632
857 1713
1465 1222
1465 340
1881 1770
1881 1653
1488 1913
1488 129
1445 1210
1445 1043
75 47
75 970
339 1968
339 1446
627 939
627 221
387 1757
387 747
378 1758
378 34
1711 639
1711 1617
175 574
175 429
1516 433
1516 1275
481 809
481 1779
764 1094
764 1012
1712 770
1712 826
249 2011
249 890
1673 1936
1673 1880
1138 579
1138 207
1718 458
1718 1257
1384 427
1384 822
333 1848
333 839
1301 880
1301 254
4 71
4 319
615 1786
615 1278
1842 1418
1842 178
234 1320
234 235
1093 1357
1093 1923
1728 302
1728 283
1763 1598
1763 488
1410 1018
1410 74
1901 835
1901 2017
1829 523
1829 1890
1110 287
1110 1570
1958 1045
1958 1618
1735 1469
1735 568
1802 1961
1802 1790
863 1342
863 755
1002 546
1002 1338
1704 1187
1704 1611
485 1234
485 634
1183 70
1183 2042
486 1124
486 1497
1025 775
1025 1627
1217 1791
1217 281
154 1860
154 1639
923 899
923 1159
504 1977
504 1609
1660 1117
1660 741
727 364
727 799
818 1092
818 1633
1716 226
1716 671
457 864
457 1584
1366 1327
1366 263
1690 1238
1690 435
562 976
562 1761
456 1624
456 11
1679 738
1679 867
647 1588
647 1960
1845 1957
1845 1863
927 1807
927 66
1906 1397
1906 537
1358 1120
1358 479
315 883
315 1792
355 1152
355 758
807 1243
807 624
1772 49
1772 110
1573 1978
1573 1830
1743 1726
1743 827
851 1035
851 949
2003 475
2003 1300
1777 284
1777 666
104 190
104 1603
796 1128
796 1119
908 121
908 802
1695 664
1695 1437
1678 1759
1678 1417
1904 1856
1904 651
706 1778
706 612
345 1652
345 1720
1099 517
1099 524
1162 179
1162 105
217 1590
217 665
277 1582
277 1572
869 1764
869 1382
569 1141
569 553
1125 534
1125 1828
470 1297
470 909
1462 1800
1462 1891
384 1775
384 478
2016 1477
2016 222
1453 410
1453 814
659 1028
659 1645
172 947
172 1505
1594 934
1594 611
2001 694
2001 1822
926 825
926 1156
882 1439
882 462
209 623
209 732
1072 1647
1072 2012
680 638
680 971
1769 823
1769 1540
1412 935
1412 1534
1527 938
1527 767
1933 691
1933 1930
1167 713
1167 1737
1745 1626
1745 973
1375 1286
1375 489
464 1053
464 1476
941 894
941 460
1116 1606
1116 1381
1467 1325
1467 780
295 385
295 1921
68 791
68 876
2027 1491
2027 1097
438 1669
438 1920
1821 1039
1821 452
1969 616
1969 1576
375 1103
375 1841
373 186
373 1878
1388 1751
1388 1345
1918 1379
1918 744
592 987
592 1997
337 945
337 1754
1036 298
1036 53
1928 2013
1928 1839
1796 831
1796 1336
389 1600
389 218
631 1768
631 346
1571 964
1571 1055
726 672
726 1249
513 40
513 789
1155 896
1155 613
512 1256
512 1244
1223 1333
1223 1998
404 1615
404 9
1266 1508
1266 1058
628 1355
628 597
495 393
495 1095
306 2004
306 1981
1144 138
1144 590
353 1254
353 1482
95 1914
95 149
608 231
608 1385
1205 1663
1205 852
682 847
682 1722
1434 1637
1434 508
420 1413
420 729
1075 65
1075 180
1551 1239
1551 1485
1129 2014
1129 686
279 677
279 538
1665 1464
1665 1747
983 1529
983 797
820 1533
820 1017
421 817
421 1426
388 540
388 120
1610 1991
1610 688
1289 692
1289 182
1376 43
1376 2040
591 192
591 1900
1943 865
1943 321
958 2044
958 853
317 187
317 1030
1586 376
1586 669
330 1993
330 1034
1493 531
1493 198
13 1765
13 1049
528 753
528 689
1258 1232
1258 1844
972 1927
972 506
1108 170
1108 309
1127 1078
1127 1296
1023 828
1023 919
507 1806
507 1946
575 56
575 1555
1438 699
1438 397
1396 117
1396 1553
881 1225
881 422
1079 636
1079 316
1000 314
1000 911
887 370
887 1392
918 1526
918 650
1398 784
1398 1744
1064 1048
1064 449
143 670
143 473
1353 1893
1353 260
1898 1676
1898 1949
1632 1126
1632 1247
1887 153
1887 1118
205 618
205 282
1989 305
1989 1940
2018 266
2018 109
1429 220
1429 52
1996 1990
1996 77
1005 622
1005 757
544 36
544 490
1038 30
1038 1349
351 1962
351 296
756 1211
756 467
1421 1122
1421 430
118 37
118 177
1248 1
1248 1332
685 403
685 493
334 1512
334 379
293 975
293 1111
1612 1134
1612 1721
950 1992
950 1804
1648 566
1648 991
968 169
968 1268
1458 1657
1458 989
1857 509
1857 487
1995 740
1995 304
297 1783
297 1285
1813 954
1813 1052
1082 730
1082 1304
103 1862
103 702
1643 2000
1643 1283
1334 771
1334 107
679 471
679 813
44 1801
44 1706
1359 318
1359 1696
1560 1317
1560 194
1350 1176
1350 76
347 1181
347 842
1703 1575
1703 256
272 212
272 609
1328 1432
1328 965
1824 1236
1824 1621
123 1113
123 637
1984 1226
1984 391
1135 1347
1135 1316
698 1897
698 1677
1263 1318
1263 204
250 901
250 208
1436 1502
1436 1019
1922 904
1922 125
159 1411
159 326
416 1086
416 855
1688 503
1688 1302
683 1655
683 289
948 26
948 98
1550 824
1550 116
150 1481
150 225
610 1524
610 552
519 750
519 956
191 1311
191 1348
1592 916
1592 535
1443 238
1443 141
1899 834
1899 261
57 1988
57 742
1750 1499
1750 197
1020 28
1020 1026
1519 1364
1519 469
1121 72
1121 1087
816 1201
816 1191
1671 91
1671 1368
1503 1401
1503 584
1272 782
1272 1894
891 203
891 1522
285 1873
285 1564
1667 1450
1667 572
273 93
273 1473
1190 443
1190 1218
1197 1853
1197 494
82 332
82 229
25 1193
25 821
596 1964
596 1270
497 1982
497 888
20 2038
20 1284
1693 920
1693 786
1168 533
1168 2005
731 1074
731 1762
7 160
7 761
1341 1172
1341 1625
84 875
84 557
999 1399
999 1630
837 300
837 1343
1383 565
1383 1689
1406 773
1406 454
1098 214
1098 1558
442 1736
442 1046
849 1354
849 942
1294 1182
1294 1937
1535 1440
1535 1372
921 1567
921 776
1276 1979
1276 1591
465 626
465 1509
1808 621
1808 136
1963 140
1963 2010
461 377
461 879
1905 1731
1905 81
1834 1433
1834 299
1654 1370
1654 1091
645 587
645 1795
653 215
653 1174
1171 12
1171 1589
1699 176
1699 1552
617 1902
617 436
846 514
846 1924
1386 1070
1386 1377
399 24
399 711
709 1484
709 111
1084 1939
1084 1235
87 245
87 1195
815 196
815 606
361 1662
361 1269
922 1106
922 866
739 441
739 320
1987 363
1987 27
88 595
88 1215
211 248
211 1104
1298 1810
1298 703
1861 1158
1861 1077
1965 1967
1965 1756
1733 1351
1733 844
1145 547
1145 127
1206 1461
1206 243
1160 135
1160 1583
960 963
960 18
505 45
505 785
1651 580
1651 193
678 1395
678 1151
1557 1040
1557 1719
720 1490
720 1009
232 1352
232 463
1717 1959
1717 1457
32 236
32 986
323 423
323 360
792 432
792 357
468 763
468 311
126 241
126 201
748 661
748 1140
1528 1287
1528 765
1909 1371
1909 474
719 1684
719 1565
356 1096
356 67
152 929
152 1088
588 1186
588 658
1619 16
1619 1013
979 1188
979 219
551 583
551 593
1065 1326
1065 1165
527 559
527 1903
1501 601
1501 1568
1697 772
1697 856
502 1809
502 257
1071 1115
1071 681
619 874
619 1322
239 1746
239 944
561 1050
561 1814
288 181
288 1613
1402 1917
1402 1674
1980 199
1980 29
228 1200
228 522
1738 1976
1738 1033
1672 1274
1672 1373
959 885
959 1819
760 453
760 1474
903 1291
903 130
492 654
492 128
1727 1885
1727 1340
230 1973
230 600
674 915
674 704
1214 845
1214 1506
859 418
859 1929
2034 483
2034 1732
15 795
15 2043
496 1812
496 662
937 1926
937 905
1456 1060
1456 402
1638 676
1638 936
1794 131
1794 1471
1102 526
1102 1003
1478 1826
1478 1032
769 1702
769 1466
1682 542
1682 380
877 625
877 1879
1073 1496
1073 1507
1646 1954
1646 1774
476 722
476 338
382 407
382 94
1059 445
1059 1486
151 446
151 1031
455 1305
455 952
100 331
100 811
1330 1867
1330 840
1675 515
1675 499
1623 871
1623 614
1475 139
1475 1081
1895 164
1895 860
570 1454
570 167
652 532
652 717
1331 412
1331 1442
735 951
735 1852
303 14
303 227
1781 501
1781 843
1250 424
1250 1389
1942 779
1942 97
630 23
630 173
660 1947
660 437
50 990
50 1265
1219 798
1219 1585
1068 928
1068 271
1776 1451
1776 635
113 803
113 1530
1595 395
1595 1189
1817 1715
1817 687
480 1740
480 1544
1090 646
1090 1337
693 1435
693 189
61 2029
61 414
51 1306
51 1194
362 1470
362 549
183 1820
183 1658
459 2022
459 1818
1089 1999
1089 886
1056 1787
1056 2020
383 1784
383 1231
1405 1112
1405 1515
73 1180
73 1642
1394 255
1394 906
1666 1915
1666 1780
766 640
766 1851
35 122
35 946
998 2026
998 1420
83 725
83 1192
335 1303
335 1390
1414 931
1414 440
1207 112
1207 342
969 1714
969 1659
1007 1308
1007 1934
1153 1409
1153 1543
1246 510
1246 898
848 102
848 1295
1741 1137
1741 793
428 1280
428 1510
1101 1833
1101 1146
1310 1710
1310 146
994 620
994 350
1480 2023
1480 372
1430 563
1430 589
484 1324
484 1636
667 1815
667 1607
1452 957
1452 982
981 955
981 819
1142 1593
1142 1067
275 265
275 1972
705 1831
705 884
707 1014
707 1604
451 1694
451 1163
696 55
696 202
1169 33
1169 1455
258 1847
258 62
1416 174
1416 171
1216 1279
1216 1919
1449 801
1449 777
133 247
133 1441
539 224
539 728
1892 573
1892 1793
774 1233
774 1811
1548 724
1548 90
1427 1767
1427 1866
2036 1966
2036 550
162 1360
162 1164
810 336
810 1916
1523 1578
1523 1513
1884 195
1884 897
977 1614
977 1213
644 8
644 132
917 1006
917 1546
184 1875
184 536
1085 648
1085 684
1130 1948
1130 995
1143 1580
1143 1872
1641 1935
1641 38
759 39
759 42
1554 142
1554 59
1685 902
1685 790
1789 836
1789 1066
701 244
701 1888
633 1858
633 870
1339 924
1339 1912
1063 157
1063 862
2002 1541
2002 734
511 1139
511 1423
850 571
850 808
1805 1854
1805 1698
1251 641
1251 2041
1994 96
1994 1771
328 1511
328 1605
206 586
206 1407
1644 1041
1644 1951
1022 1574
1022 1520
1447 101
1447 1683
668 1179
668 1664
2021 166
2021 1549
252 1492
252 17
1597 1724
1597 472
1209 521
1209 642
1290 390
1290 156
1983 2047
1983 1166
564 690
564 525
2008 1843
2008 1955
632 1846
632 1237
1713 310
1713 1380
1222 1027
1222 213
340 1260
340 1004
1770 1080
1770 1561
1653 145
1653 545
1913 1051
1913 1083
129 498
129 751
1210 1378
1210 548
1043 1293
1043 997
47 2046
47 1837
970 477
970 1323
1968 913
1968 69
1446 1692
1446 188
939 344
939 1755
221 124
221 1224
