511 2047 42601
30 500
30 46
500 324
500 491
46 395
46 160
324 16
324 84
491 389
491 435
395 283
395 200
160 335
160 123
16 85
16 222
84 470
84 176
389 503
389 4
435 447
435 147
283 342
283 144
200 469
200 138
335 414
335 117
123 495
123 442
85 466
85 201
222 316
222 402
470 481
470 277
176 296
176 311
503 401
503 208
4 356
4 349
447 440
447 120
147 438
147 368
342 153
342 170
144 308
144 9
469 423
469 291
138 452
138 338
414 92
414 406
117 299
117 45
495 413
495 163
442 242
442 80
466 232
466 130
201 381
201 108
316 446
316 238
402 353
402 361
481 384
481 192
277 148
277 274
296 309
296 106
311 279
311 416
401 65
401 212
208 363
208 19
356 199
356 337
349 87
349 420
440 48
440 225
120 132
120 115
438 411
438 29
368 215
368 230
153 202
153 434
170 126
170 251
308 102
308 429
9 468
9 211
423 134
423 348
291 410
291 165
452 5
452 486
338 355
338 507
92 14
92 25
406 34
406 325
299 155
299 318
45 321
45 3
413 502
413 17
163 136
163 477
242 326
242 407
80 511
80 86
232 217
232 79
130 417
130 267
381 28
381 382
108 228
108 293
446 77
446 177
238 231
238 302
353 367
353 300
361 112
361 183
384 257
384 344
192 375
192 377
148 359
148 351
274 392
274 111
309 91
309 483
106 207
106 249
279 50
279 444
416 273
416 298
65 113
65 22
212 172
212 239
363 329
363 287
19 54
19 328
199 41
199 229
337 55
337 118
87 373
87 182
420 421
420 149
48 323
48 241
225 158
225 26
132 266
132 190
115 398
115 465
411 501
411 441
29 116
29 487
215 315
215 330
230 255
230 250
202 508
202 456
434 439
434 432
126 139
126 166
251 159
251 128
102 105
102 66
429 210
429 24
468 305
468 82
211 284
211 169
134 510
134 478
348 282
348 195
410 387
410 422
165 297
165 454
5 304
5 40
486 474
486 100
355 8
355 38
507 89
507 343
14 184
14 31
25 433
25 189
34 233
34 51
325 369
325 12
155 301
155 393
318 23
318 73
321 157
321 119
3 178
3 143
502 193
502 67
17 504
17 445
136 319
136 209
477 94
477 404
326 360
326 312
407 56
407 2
511 216
511 303
86 455
86 114
217 394
217 88
79 124
79 74
417 339
417 409
267 96
267 496
28 168
28 35
382 289
382 154
228 288
228 164
293 218
293 399
77 278
77 93
177 36
177 364
231 244
231 76
302 167
302 388
367 376
367 240
300 83
300 473
112 52
112 179
183 357
183 214
257 261
257 484
344 340
344 489
375 171
375 271
377 135
377 75
359 60
359 220
351 21
351 494
392 378
392 424
111 221
111 109
91 322
91 180
483 49
483 161
207 463
207 204
249 450
249 125
50 475
50 380
444 396
444 405
273 352
273 476
298 366
298 39
113 437
113 428
22 7
22 11
172 317
172 482
239 145
239 181
329 259
329 141
287 197
287 13
54 268
54 205
328 247
328 334
41 408
41 306
229 294
229 63
55 464
55 281
118 479
118 492
373 346
373 313
182 237
182 18
421 248
421 460
149 467
149 461
323 236
323 453
241 345
241 194
158 151
158 187
26 98
26 104
266 95
266 272
190 332
190 485
398 505
398 131
465 186
465 451
501 426
501 362
441 276
441 430
116 99
116 252
487 493
487 358
315 295
315 146
330 419
330 320
255 223
255 260
250 403
250 129
508 103
508 203
456 425
456 280
439 449
439 462
432 224
432 227
139 133
139 383
166 379
166 412
159 121
159 254
128 101
128 71
105 137
105 127
66 333
66 234
210 286
210 152
24 490
24 27
305 6
305 174
82 196
82 310
284 33
284 331
169 292
169 140
510 397
510 275
478 290
478 472
282 243
282 10
195 391
195 415
387 471
387 263
422 314
422 69
297 341
297 1
454 265
454 15
304 70
304 185
40 270
40 62
474 258
474 57
100 246
100 497
8 374
8 372
38 175
38 256
89 431
89 350
343 68
343 42
184 235
184 150
31 488
31 47
433 32
433 173
189 59
189 400
233 53
233 107
51 245
51 264
369 365
369 253
12 371
12 110
301 418
301 436
393 427
393 499
23 44
23 61
73 269
73 142
157 459
157 370
119 219
119 262
178 90
178 480
143 506
143 97
193 20
193 498
67 285
67 191
504 354
504 213
445 198
445 307
319 162
319 81
209 385
209 226
94 72
94 122
404 386
404 457
360 43
360 509
312 390
312 156
56 347
56 206
2 336
2 458
216 37
216 443
303 78
303 188
455 327
455 58
114 64
114 448
726 434
726 1463
434 1565
434 394
1463 1931
1463 1981
1565 1491
1565 658
394 1782
394 676
1931 148
1931 2010
1981 793
1981 77
1491 341
1491 1812
658 1354
658 1776
1782 1241
1782 554
676 384
676 833
148 292
148 663
2010 738
2010 118
793 918
793 1677
77 1458
77 636
341 139
341 1104
1812 1823
1812 767
1354 1908
1354 40
1776 814
1776 1564
1241 326
1241 1946
554 1707
554 197
384 496
384 1176
833 648
833 209
292 1004
292 1392
663 979
663 464
738 216
738 1189
118 362
118 811
918 1488
918 687
1677 1695
1677 1604
1458 1598
1458 1164
636 528
636 1245
139 795
139 680
1104 854
1104 47
1823 1687
1823 1041
767 1888
767 1567
1908 973
1908 1269
40 380
40 1824
814 747
814 133
1564 1584
1564 1037
326 26
326 1109
1946 1342
1946 902
1707 306
1707 699
197 809
197 635
496 54
496 138
1176 1856
1176 442
648 748
648 862
209 373
209 1875
1004 5
1004 1505
1392 1665
1392 1300
979 2038
979 909
464 1493
464 645
216 582
216 192
1189 1083
1189 1105
362 1561
362 203
811 761
811 1692
1488 1460
1488 1618
687 971
687 408
1695 200
1695 1730
1604 406
1604 363
1598 351
1598 91
1164 1247
1164 1137
528 1447
528 1682
1245 131
1245 799
795 1227
795 1126
680 113
680 1336
854 1678
854 1404
47 1442
47 1802
1687 1890
1687 1852
1041 160
1041 1032
1888 1659
1888 944
1567 1862
1567 45
973 1794
973 313
1269 858
1269 1024
380 1364
380 822
1824 776
1824 1884
747 913
747 407
133 702
133 76
1584 1920
1584 689
1037 2017
1037 1455
26 2007
26 478
1109 66
1109 388
1342 1870
1342 1507
902 360
902 817
306 1495
306 834
699 255
699 539
809 1389
809 1179
635 624
635 534
54 1524
54 1410
138 1978
138 1330
1856 37
1856 897
442 1446
442 764
748 1254
748 867
862 1154
862 1737
373 36
373 1519
1875 1170
1875 1609
5 866
5 877
1505 1171
1505 951
1665 2043
1665 2046
1300 1947
1300 1847
2038 931
2038 1067
909 184
909 770
1493 693
1493 1294
645 820
645 69
582 1190
582 364
192 1084
192 1282
1083 1498
1083 1018
1105 1072
1105 21
1561 462
1561 674
203 301
203 969
761 291
761 9
1692 1329
1692 1941
1460 176
1460 766
1618 803
1618 1723
971 1298
971 654
408 1621
408 405
200 1159
200 396
1730 11
1730 20
406 1766
406 1228
363 1206
363 1162
351 1513
351 236
91 1817
91 283
1247 1791
1247 1613
1137 479
1137 1464
1447 1864
1447 863
1682 383
1682 331
131 1804
131 55
799 1029
799 737
1227 1996
1227 1811
1126 2044
1126 752
113 488
113 1246
1336 1167
1336 1089
1678 401
1678 1216
1404 1800
1404 871
1442 1141
1442 106
1802 1314
1802 1582
1890 934
1890 1653
1852 1184
1852 445
160 1468
160 42
1032 323
1032 1580
1659 1562
1659 1151
944 1134
944 1121
1862 789
1862 786
45 498
45 995
1794 875
1794 1303
313 124
313 243
858 1379
858 1263
1024 725
1024 431
1364 1751
1364 805
822 768
822 10
776 1702
776 1169
1884 755
1884 881
913 1427
913 633
407 2024
407 329
702 1419
702 1836
76 22
76 1415
1920 1506
1920 73
689 1095
689 1666
2017 1988
2017 712
1455 1557
1455 469
2007 234
2007 1236
478 51
478 1578
66 1168
66 715
388 1347
388 1762
1870 1091
1870 121
1507 552
1507 1932
360 1921
360 182
817 1902
817 1013
1495 574
1495 1076
834 1499
834 920
255 1482
255 154
539 503
539 1414
1389 595
1389 1642
1179 1828
1179 1721
624 107
624 807
534 883
534 1577
1524 1548
1524 745
1410 1086
1410 449
1978 264
1978 839
1330 1366
1330 130
37 1172
37 838
897 457
897 546
1446 1136
1446 2013
764 1312
764 123
1254 17
1254 475
867 1522
867 1411
1154 1693
1154 1619
1737 1718
1737 1552
36 1014
36 15
1519 342
1519 1483
1170 885
1170 893
1609 387
1609 481
866 714
866 127
877 933
877 1385
1171 1997
1171 429
951 508
951 1935
2043 1923
2043 774
2046 1403
2046 547
1947 1877
1947 717
1847 1397
1847 566
931 991
931 1636
1067 423
1067 1337
184 548
184 1708
770 1863
770 1035
693 1146
693 135
1294 101
1294 421
820 1048
820 1486
69 1250
69 507
1190 217
1190 490
364 454
364 1536
1084 859
1084 1475
1282 379
1282 2032
1498 1285
1498 97
1018 452
1018 1532
1072 1848
1072 631
21 29
21 271
462 104
462 571
674 612
674 1302
301 1362
301 294
969 632
969 785
291 1461
291 1535
9 227
9 428
1329 89
1329 1122
1941 386
1941 319
176 1789
176 1771
766 1540
766 1529
803 1088
803 347
1723 591
1723 171
1298 85
1298 102
654 1832
654 832
1621 1820
1621 1351
405 1993
405 1689
1159 440
1159 1205
396 735
396 1363
11 998
11 532
20 1005
20 1521
1766 1061
1766 367
1228 816
1228 419
1206 1922
1206 1878
1162 657
1162 1624
1513 1616
1513 1797
236 617
236 1256
1817 1092
1817 1231
283 1704
283 117
1791 327
1791 1662
1613 868
1613 1906
479 864
479 740
1464 1715
1464 1031
1864 941
1864 1264
863 289
863 1178
383 1970
383 1808
331 846
331 1124
1804 1326
1804 230
55 1380
55 32
1029 1270
1029 1606
737 1838
737 181
1996 878
1996 644
1811 1223
1811 1173
2044 744
2044 1494
752 608
752 1679
488 675
488 13
1246 1669
1246 1276
1167 751
1167 1985
1089 1773
1089 1971
401 1466
401 1939
1216 357
1216 1861
1800 225
1800 1251
871 1065
871 899
1141 1077
1141 1006
106 1879
106 57
1314 98
1314 1754
1582 1106
1582 1871
934 968
934 610
1653 1608
1653 1980
1184 1428
1184 2040
445 1152
445 466
1468 603
1468 1569
42 1352
42 1271
323 626
323 1388
1580 698
1580 1384
1562 788
1562 593
1151 1588
1151 248
1134 997
1134 146
1121 1273
1121 334
789 953
789 1426
786 962
786 1113
498 590
498 618
995 1214
995 638
875 976
875 872
1303 540
1303 1872
124 1700
124 1002
243 1572
243 52
1379 967
1379 763
1263 1114
1263 932
725 1952
725 265
431 1487
431 641
1751 427
1751 483
805 2039
805 1017
768 837
768 1699
10 173
10 1023
1702 177
1702 1200
1169 955
1169 303
755 1911
755 1530
881 2031
881 1015
1427 719
1427 254
633 208
633 1412
2024 1937
2024 1437
329 841
329 300
1419 640
1419 819
1836 128
1836 2025
22 1807
22 988
1415 1123
1415 1531
1506 1786
1506 1050
73 1740
73 1663
1095 711
1095 1630
1666 1560
1666 451
1988 555
1988 293
712 1260
712 750
1557 1509
1557 1656
469 688
469 190
234 2020
234 1627
1236 1995
1236 813
51 573
51 1053
1578 1938
1578 665
1168 1846
1168 332
715 1591
715 804
1347 1266
1347 827
1762 1082
1762 1857
1091 576
1091 1547
121 1133
121 244
552 598
552 1099
1932 285
1932 792
1921 1989
1921 1816
182 1203
182 502
1902 439
1902 1650
1013 1307
1013 368
574 353
574 1717
1076 1780
1076 981
1499 917
1499 1235
920 430
920 691
1482 358
1482 1382
154 1801
154 494
503 927
503 500
1414 1120
1414 310
595 771
595 1058
1642 1644
1642 1436
1828 269
1828 1080
1721 320
1721 1180
107 1986
107 679
807 613
807 1603
883 145
883 1671
1577 664
1577 1224
1548 385
1548 1183
745 966
745 1008
1086 392
1086 506
449 1043
449 441
264 70
264 1821
839 1949
839 888
1366 1655
1366 1533
130 2009
130 907
1172 157
1172 831
838 100
838 1810
457 710
457 1465
546 1155
546 1209
1136 2023
1136 1844
2013 1676
2013 1175
1312 144
1312 1393
123 853
123 389
17 6
17 183
475 1600
475 1667
1522 887
1522 784
1411 1916
1411 1934
1693 295
1693 1409
1619 228
1619 493
1718 1402
1718 536
1552 2005
1552 1309
1014 311
1014 224
15 1637
15 672
342 158
342 516
1483 1234
1483 346
885 515
885 1658
893 393
893 416
387 1144
387 667
481 75
481 1377
714 964
714 559
127 1016
127 1156
933 1719
933 1230
1385 1528
1385 425
1997 1147
1997 1332
429 1798
429 716
508 818
508 1969
1935 147
1935 1281
1923 1359
1923 929
774 1841
774 1034
1403 1399
1403 521
547 1481
547 1044
1877 886
1877 1885
717 482
717 39
1397 1474
1397 1196
566 963
566 600
991 1575
991 111
1636 1688
1636 780
423 199
423 777
1337 58
1337 108
548 103
548 2034
1708 260
1708 729
1863 1391
1863 1395
1035 1629
1035 594
1146 1341
1146 542
135 1684
135 165
101 1793
101 775
421 504
421 372
1048 299
1048 282
1486 1795
1486 643
1250 1450
1250 1135
507 1873
507 1097
217 760
217 245
490 1181
490 1683
454 1406
454 1951
1536 1457
1536 1904
859 790
859 1318
1475 62
1475 1602
379 1063
379 349
2032 922
2032 1293
1285 1660
1285 193
97 411
97 284
452 1992
452 915
1532 476
1532 1274
1848 1292
1848 796
631 366
631 151
29 526
29 231
271 948
271 330
104 1360
104 432
571 1308
571 1074
612 1805
612 1026
1302 656
1302 116
1362 856
1362 1344
294 1859
294 1589
632 81
632 705
785 627
785 1900
1461 1583
1461 530
1535 1866
1535 1610
227 936
227 1612
428 1046
428 987
89 296
89 24
1122 1367
1122 1219
386 44
386 1417
319 167
319 426
1789 348
1789 1213
1771 298
1771 1199
1540 1570
1540 556
1529 1192
1529 33
1088 1261
1088 1009
347 607
347 1867
591 724
591 1508
171 229
171 1187
85 286
85 1012
102 1639
102 1315
1832 912
1832 513
832 1039
832 314
1820 1233
1820 2035
1351 1208
1351 207
1993 1720
1993 413
1689 1549
1689 435
440 1625
440 739
1205 276
1205 1696
735 1372
735 1444
1363 444
1363 1592
998 993
998 1545
532 894
532 277
1005 337
1005 1111
1521 1346
1521 1438
1061 1913
1061 233
367 1148
367 1248
816 1069
816 1829
419 1556
419 1745
1922 505
1922 140
1878 1357
1878 1883
657 857
657 1100
1624 1348
1624 1163
1616 677
1616 1283
1797 1478
1797 572
617 340
617 1763
1256 1161
1256 459
1092 202
1092 305
1231 512
1231 824
1704 1744
1704 169
117 721
117 1874
327 1822
327 2041
1662 1022
1662 906
868 142
868 238
1906 527
1906 4
864 1071
864 1153
740 1948
740 1710
1715 322
1715 1030
1031 581
1031 1963
941 1226
941 1010
1264 2002
1264 1492
289 450
289 60
1178 1727
1178 1001
1970 1571
1970 1400
1808 765
1808 1955
846 463
846 412
1124 1512
1124 1672
1326 732
1326 1045
230 720
230 1420
1380 1739
1380 211
32 315
32 16
1270 278
1270 1534
1606 1759
1606 1974
1838 1434
1838 1350
181 1503
181 398
878 268
878 1899
644 23
644 1252
1223 1188
1223 510
1173 433
1173 802
744 903
744 1288
1494 1239
1494 1324
608 1286
608 1597
1679 129
1679 517
675 114
675 495
13 605
13 2047
1669 1197
1669 639
1276 1779
1276 1855
751 201
751 1003
1985 28
1985 849
1773 722
1773 1537
1971 1984
1971 733
1466 797
1466 219
1939 1538
1939 606
357 730
357 1049
1861 365
1861 501
225 19
225 375
1251 1191
1251 186
1065 418
1065 67
899 708
899 568
1077 781
1077 1353
1006 56
1006 1291
1879 660
1879 586
57 1753
57 1383
98 1467
98 509
1754 843
1754 1128
1106 1052
1106 524
1871 1835
1871 1036
968 467
968 1645
610 830
610 1195
1608 1305
1608 852
1980 149
1980 727
1428 1975
1428 1976
2040 456
2040 253
1152 1185
1152 599
466 378
466 87
603 251
603 1514
1569 983
1569 272
1352 288
1352 1484
1271 215
1271 409
626 1775
626 1595
1388 684
1388 274
698 2030
698 1973
1384 564
1384 891
788 1614
788 1249
593 420
593 1803
1588 1607
1588 1140
248 844
248 1021
997 1284
997 443
146 2042
146 1087
1273 1327
1273 1060
334 1158
334 424
953 2016
953 1915
1426 1365
1426 1654
962 731
962 1743
1113 53
1113 390
590 1441
590 823
618 339
618 473
1214 1755
1214 50
638 1706
638 1758
976 1593
976 1075
872 828
872 2022
540 908
540 1028
1872 1471
1872 1834
1700 1544
1700 468
1002 210
1002 18
1572 1405
1572 1622
52 1299
52 952
967 1670
967 369
763 1555
763 1334
1114 1289
1114 1587
932 1711
932 188
1952 1118
1952 579
265 1333
265 882
1487 492
1487 2000
641 826
641 1127
427 880
427 1541
483 1646
483 762
2039 1539
2039 985
1017 956
1017 1903
837 1096
837 682
1699 567
1699 949
173 460
173 914
1023 746
1023 2018
177 756
177 1925
1200 163
1200 759
955 2026
955 497
303 194
303 399
1911 1881
1911 218
1530 1338
1530 794
2031 105
2031 999
1015 422
1015 1901
719 609
719 1579
254 204
254 829
208 64
208 1617
1412 1296
1412 1960
1937 96
1937 1869
1437 1033
1437 1349
841 1840
841 1783
300 1694
300 769
640 734
640 256
819 783
819 262
128 1311
128 1477
2025 1843
2025 1581
1807 801
1807 935
988 1987
988 1944
1123 704
1123 584
1531 307
1531 625
1786 773
1786 1825
1050 1476
1050 461
1740 602
1740 453
1663 74
1663 778
711 1398
711 1929
1630 1301
1630 1854
1560 397
1560 1999
451 1705
451 1936
555 499
555 1709
293 161
293 1558
1260 1193
1260 938
750 1641
750 249
1509 1615
1509 403
1656 1396
1656 438
688 1787
688 531
190 703
190 1661
2020 1451
2020 1728
1627 180
1627 287
1995 560
1995 1876
813 1138
813 43
573 321
573 1590
1053 1950
1053 850
1938 1424
1938 31
665 1277
665 338
1846 519
1846 1553
332 1809
332 1633
1591 1275
1591 529
804 472
804 589
1266 901
1266 1748
827 2021
827 477
1082 1485
1082 879
1857 1381
1857 1143
576 1731
576 1626
1547 808
1547 550
1133 12
1133 458
244 1232
244 178
598 471
598 1909
1099 110
1099 588
285 404
285 1201
792 1586
792 1895
1989 80
1989 798
1816 977
1816 1416
1203 1585
1203 1722
502 1340
502 166
439 1792
439 68
1650 1452
1650 2037
1307 1714
1307 1081
368 1912
368 1956
353 1429
353 865
1717 1496
1717 470
1780 125
1780 1422
981 919
981 312
917 258
917 489
1235 1515
1235 855
430 895
430 1361
691 309
691 518
358 1098
358 1101
1382 537
1382 1386
1801 961
1801 890
494 1525
494 345
927 371
927 179
500 2008
500 1056
1120 1826
1120 1322
310 847
310 1489
771 700
771 1454
1058 1554
1058 120
1644 2027
1644 889
1436 1964
1436 259
269 156
269 1038
1080 361
1080 1027
320 1698
320 514
1180 143
1180 279
1986 1790
1986 1827
679 1691
679 1054
613 223
613 27
1603 159
1603 226
145 376
145 1425
1671 222
1671 325
664 622
664 1090
1224 1129
1224 1210
385 1242
385 1983
1183 1108
1183 46
966 1551
966 71
1008 1479
1008 1469
392 99
392 1649
506 655
506 1278
1043 78
1043 874
441 1842
441 82
70 1355
70 1125
1821 1059
1821 1375
1949 557
1949 1933
888 1652
888 1752
1655 649
1655 1961
1533 1070
1533 1942
2009 1594
2009 1926
907 706
907 1680
157 1000
157 1449
831 1374
831 1725
100 1674
100 1007
1810 1647
1810 1501
710 1401
710 1335
1465 1117
1465 1574
1155 336
1155 652
1209 910
1209 1830
2023 302
2023 1130
1844 2
1844 1157
1676 1819
1676 84
1175 1345
1175 350
144 1651
144 870
1393 869
1393 1516
853 876
853 525
389 1238
389 685
6 1520
6 65
183 1473
183 697
1600 1356
1600 205
1667 486
1667 93
887 1814
887 400
784 1833
784 974
1916 616
1916 1690
1934 1734
1934 1057
295 1965
295 851
1409 873
1409 1953
228 615
228 1376
493 48
493 690
1402 1517
1402 884
536 939
536 1910
2005 1765
2005 1321
1309 996
1309 198
311 943
311 1757
224 1253
224 980
1637 757
1637 247
672 1112
672 2012
158 692
158 1927
516 1316
516 681
1234 553
1234 1768
346 523
346 1747
515 1480
515 317
1658 1566
1658 634
393 41
393 1290
416 923
416 900
1144 707
1144 273
667 1229
667 1716
75 984
75 621
1377 860
1377 484
964 1761
964 1738
559 382
559 2019
1016 1378
1016 1502
1156 241
1156 1142
1719 1806
1719 2006
1230 474
1230 1907
1528 172
1528 651
425 1853
425 1632
1147 1732
1147 1865
1332 1435
1332 1287
1798 1605
1798 1954
716 678
716 355
818 2033
818 661
1969 1237
1969 861
147 1882
147 1546
1281 153
1281 1924
1359 1423
1359 86
929 1319
929 1373
1841 1453
1841 2014
1034 374
1034 646
1399 1306
1399 126
521 1369
521 1839
1481 1280
1481 1497
1044 1431
1044 630
886 1
886 88
1885 2028
1885 815
482 214
482 1268
39 381
39 1850
1474 1310
1474 275
1196 1945
1196 34
963 1073
963 741
600 235
600 1568
1575 35
1575 1620
111 1011
111 1358
1688 1741
1688 162
780 1760
780 668
199 575
199 585
777 1887
777 1149
58 848
58 92
108 1628
108 709
103 620
103 695
2034 596
2034 261
260 978
260 417
729 1756
729 1799
1391 1891
1391 578
1395 191
1395 95
1629 1198
1629 1462
594 916
594 905
1341 270
1341 1831
542 1778
542 1849
1684 455
1684 1845
165 1928
165 1701
1793 2045
1793 800
775 1943
775 1573
504 1215
504 772
372 561
372 942
299 637
299 1894
282 1413
282 220
1795 1774
1795 742
643 1982
643 1643
1450 1979
1450 1408
1135 1225
1135 1490
1873 132
1873 25
1097 1511
1097 1222
760 221
760 892
245 1893
245 845
1181 604
1181 611
1683 1635
1683 965
1406 1917
1406 990
1951 266
1951 825
1457 1116
1457 1686
1904 308
1904 240
790 1668
790 252
1318 1259
1318 1681
62 1387
62 1262
1602 696
1602 1623
1063 257
1063 170
349 1994
349 544
922 1712
922 2011
1293 1784
1293 896
1660 465
1660 297
193 989
193 359
411 992
411 562
284 1880
284 592
1992 1851
1992 1160
915 213
915 1145
476 1139
476 1177
1274 898
1274 38
1292 448
1292 587
796 196
796 1194
366 94
366 437
151 753
151 2015
526 959
526 1255
231 940
231 520
948 986
948 1697
330 1550
330 614
1360 1094
1360 206
432 1576
432 1244
1308 1240
1308 280
1074 535
1074 1443
1805 1328
1805 281
1026 728
1026 356
656 1713
656 1919
116 2003
116 653
856 1272
856 1047
1344 835
1344 1407
1859 1664
1859 1418
1589 1079
1589 1968
81 904
81 1543
705 14
705 580
627 749
627 212
1900 2004
1900 1726
1583 1648
1583 928
530 1131
530 694
1866 1675
1866 328
1610 921
1610 1735
936 1892
936 485
1612 377
1612 90
1046 1174
1046 1132
987 354
987 758
296 335
296 1068
24 2001
24 1685
1367 61
1367 1764
1219 1211
1219 583
44 522
44 1504
1417 666
1417 1769
167 7
167 1025
426 112
426 1317
348 487
348 947
1213 1785
1213 1781
298 1930
298 237
1199 972
1199 1815
1570 122
1570 1267
556 1115
556 779
1192 1432
1192 701
33 232
33 551
1261 3
1261 290
1009 1837
1009 343
607 318
607 134
1867 1040
1867 1320
724 683
724 195
1508 1202
1508 954
229 1212
229 1601
1187 821
1187 1596
286 1518
286 543
1012 1066
1012 141
1639 1085
1639 1243
1315 950
1315 1733
912 1736
912 185
513 1977
513 324
1039 647
1039 352
314 926
314 119
1233 623
1233 541
2035 911
2035 1966
1208 344
1208 1371
207 1991
207 787
1720 601
1720 1221
413 1394
413 1611
1549 1257
1549 975
435 1323
435 659
1625 842
1625 754
739 59
739 743
276 1339
276 304
1696 565
1696 650
1372 982
1372 1940
1444 945
1444 1313
444 8
444 1640
1592 1368
1592 1957
993 414
993 1777
1545 1093
1545 946
894 1042
894 1103
277 152
277 1742
337 511
337 1440
1111 1390
1111 629
1346 549
1346 1207
1438 686
1438 267
1913 1998
1913 558
233 577
233 1914
1148 671
1148 1542
1248 597
1248 1886
1069 1448
1069 250
1829 723
1829 1703
1556 563
1556 1972
1745 1150
1745 480
505 79
505 1078
140 83
140 1599
1357 1110
1357 1634
1883 150
1883 1729
857 168
857 1788
1100 806
1100 1767
1348 1119
1348 436
1163 491
1163 1051
677 1724
677 1750
1283 1459
1283 1456
1478 1439
1478 391
572 415
572 1433
340 155
340 1638
1763 30
1763 619
1161 930
1161 545
459 446
459 1107
202 960
202 1559
305 1868
305 1325
512 736
512 246
824 1563
824 1343
1744 136
1744 994
169 1772
169 63
721 1102
721 1527
1874 1019
1874 782
1822 713
1822 1297
2041 189
2041 840
1022 673
1022 1673
906 569
906 1265
142 1746
142 1967
238 410
238 924
527 1500
527 242
4 718
4 1813
1071 1370
1071 1220
1153 810
1153 1430
1948 333
1948 1217
1710 1470
1710 316
322 1182
322 1896
1030 1218
1030 1958
581 570
581 812
1963 1064
1963 175
1226 1818
1226 1304
1010 1889
1010 533
2002 49
2002 1959
1492 1770
1492 538
450 2036
450 1523
60 1858
60 1898
1727 2029
1727 642
1001 447
1001 1165
1571 1510
1571 1295
1400 1331
1400 1204
765 1421
765 263
1955 1258
1955 72
463 1472
463 395
412 957
412 115
1512 1657
1512 1897
1672 958
1672 1279
732 187
732 1918
1045 970
1045 836
720 402
720 1055
1420 164
1420 1062
1739 1526
1739 1166
211 1905
211 239
315 1860
315 925
16 1990
16 1796
278 1020
278 370
1534 669
1534 1445
1759 1749
1759 628
1974 937
1974 670
1434 1186
1434 174
1350 662
1350 1631
1503 109
1503 791
398 1962
398 137
