127 511 791757524
63 111
63 116
111 53
111 50
116 88
116 67
53 58
53 44
50 43
50 89
88 5
88 19
67 56
67 32
58 80
58 46
44 38
44 84
43 120
43 66
89 6
89 15
5 18
5 55
19 37
19 103
56 114
56 25
32 95
32 35
80 49
80 13
46 87
46 26
38 76
38 81
84 108
84 123
120 8
120 3
66 85
66 14
6 2
6 7
15 17
15 110
18 94
18 65
55 82
55 12
37 93
37 86
103 127
103 28
114 97
114 90
25 71
25 104
95 57
95 23
35 59
35 21
49 83
49 107
13 62
13 109
87 122
87 68
26 99
26 24
76 121
76 112
81 40
81 4
108 98
108 79
123 64
123 30
8 100
8 33
3 126
3 74
85 72
85 75
14 125
14 113
2 9
2 117
7 124
7 118
17 102
17 91
110 61
110 34
94 92
94 119
65 78
65 52
82 77
82 22
12 54
12 27
93 47
93 106
86 69
86 41
127 31
127 115
28 60
28 10
97 45
97 29
90 96
90 101
71 48
71 105
104 70
104 73
57 20
57 16
23 11
23 42
59 1
59 36
21 51
21 39
414 454
414 375
454 26
454 15
375 28
375 437
26 60
26 25
15 242
15 155
28 140
28 82
437 66
437 220
60 62
60 463
25 465
25 386
242 355
242 488
155 67
155 210
140 350
140 194
82 332
82 383
66 271
66 70
220 185
220 438
62 480
62 50
463 173
463 474
465 366
465 169
386 427
386 314
355 470
355 123
488 451
488 249
67 19
67 5
210 103
210 360
350 74
350 8
194 374
194 500
332 145
332 299
383 405
383 275
271 13
271 484
70 342
70 403
185 255
185 397
438 244
438 369
480 428
480 121
50 425
50 31
173 404
173 424
474 416
474 102
366 349
366 153
169 113
169 426
427 295
427 302
314 225
314 334
470 139
470 377
123 7
123 186
451 412
451 393
249 378
249 156
19 76
19 42
5 419
5 107
103 402
103 395
360 434
360 53
74 133
74 69
8 202
8 300
374 420
374 110
500 408
500 476
145 6
145 108
299 354
299 37
405 24
405 368
275 223
275 328
13 22
13 338
484 456
484 131
342 482
342 371
403 234
403 1
255 49
255 417
397 489
397 132
244 288
244 206
369 337
369 47
428 109
428 45
121 398
121 483
425 97
425 281
31 233
31 52
404 364
404 20
424 327
424 492
416 203
416 450
102 461
102 423
349 129
349 10
153 174
153 286
113 152
113 387
426 370
426 435
295 128
295 231
302 134
302 104
225 72
225 373
334 68
334 111
139 93
139 502
377 469
377 436
7 94
7 164
186 182
186 192
412 372
412 84
393 88
393 278
378 453
378 217
156 141
156 509
76 313
76 16
42 481
42 38
419 340
419 276
107 442
107 251
402 39
402 166
395 99
395 511
434 117
434 236
53 183
53 268
133 71
133 308
69 232
69 283
202 211
202 336
300 291
300 196
420 215
420 158
110 119
110 309
408 98
408 253
476 257
476 317
6 30
6 4
108 323
108 112
354 333
354 348
37 163
37 459
24 89
24 198
368 23
368 418
223 346
223 331
328 100
328 57
22 315
22 208
338 216
338 430
456 310
456 227
131 485
131 27
482 260
482 35
371 293
371 272
234 319
234 289
1 12
1 144
49 292
49 353
417 506
417 159
489 204
489 303
132 504
132 491
288 409
288 188
206 77
206 190
337 172
337 180
47 363
47 18
109 32
109 170
45 294
45 433
398 250
398 151
483 218
483 91
97 468
97 90
281 191
281 432
233 246
233 78
52 322
52 279
364 410
364 479
20 385
20 447
327 92
327 460
492 356
492 43
203 11
203 248
450 2
450 122
461 116
461 48
423 226
423 175
129 448
129 115
10 256
10 40
174 150
174 284
286 162
286 200
152 165
152 149
387 388
387 238
370 136
370 266
435 46
435 230
128 17
128 240
231 75
231 298
134 301
134 345
104 277
104 252
72 124
72 245
373 494
373 213
68 339
68 105
111 330
111 247
93 118
93 487
502 221
502 85
469 237
469 394
436 171
436 178
94 335
94 51
164 21
164 280
182 56
182 505
192 267
192 311
372 475
372 497
84 305
84 59
88 179
88 9
278 209
278 296
453 493
453 478
217 44
217 197
141 177
141 390
509 473
509 262
313 79
313 87
16 352
16 205
481 187
481 444
38 29
38 126
340 270
340 73
276 86
276 498
442 325
442 160
251 359
251 142
39 406
39 161
166 396
166 259
99 441
99 181
511 458
511 3
117 326
117 243
236 61
236 222
183 34
183 316
268 127
268 207
71 138
71 496
308 167
308 443
232 306
232 120
283 341
283 422
211 80
211 376
336 449
336 477
291 63
291 407
196 384
196 101
215 380
215 362
158 285
158 431
119 399
119 318
309 146
309 55
98 392
98 143
253 114
253 14
257 83
257 510
317 33
317 499
30 400
30 125
4 199
4 439
323 135
323 413
112 176
112 157
333 467
333 106
348 212
348 321
163 274
163 258
459 307
459 201
89 367
89 95
198 347
198 508
23 471
23 495
418 389
418 41
346 130
346 490
331 343
331 154
100 263
100 36
57 287
57 65
315 379
315 391
208 445
208 472
216 254
216 381
430 168
430 503
310 137
310 344
227 64
227 58
485 228
485 273
27 290
27 361
260 241
260 297
35 358
35 96
293 193
293 229
272 147
272 264
319 415
319 261
289 457
289 184
12 214
12 54
144 265
144 411
292 382
292 455
353 421
353 148
506 312
506 329
159 401
159 351
204 466
204 464
303 501
303 486
504 324
504 304
491 235
491 507
409 239
409 219
188 81
188 189
77 320
77 195
190 224
190 462
172 365
172 452
180 357
180 440
363 282
363 446
18 429
18 269
