31 511 357657
14 7
14 2
7 10
7 4
2 31
2 26
10 18
10 3
4 24
4 15
31 13
31 5
26 1
26 16
18 11
18 19
3 17
3 20
24 12
24 25
15 22
15 29
13 21
13 23
5 8
5 28
1 9
1 30
16 6
16 27
13 165
13 447
165 310
165 86
447 170
447 147
310 134
310 280
86 456
86 448
170 504
170 373
147 138
147 74
134 116
134 327
280 239
280 262
456 120
456 400
448 313
448 2
504 415
504 64
373 83
373 430
138 407
138 216
74 507
74 209
116 289
116 450
327 295
327 465
239 190
239 355
262 228
262 57
120 420
120 328
400 345
400 200
313 3
313 492
2 502
2 494
415 224
415 146
64 251
64 474
83 56
83 312
430 477
430 346
407 68
407 131
216 89
216 510
507 187
507 12
209 397
209 253
289 115
289 461
450 162
450 425
295 45
295 109
465 265
465 441
190 206
190 428
355 174
355 23
228 73
228 234
57 42
57 135
420 283
420 306
328 362
328 196
345 370
345 412
200 391
200 489
3 176
3 37
492 29
492 188
502 47
502 394
494 78
494 238
224 414
224 396
146 225
146 468
251 122
251 361
474 154
474 466
56 214
56 408
312 335
312 51
477 340
477 10
346 260
346 324
68 67
68 210
131 166
131 482
89 59
89 302
510 337
510 198
187 183
187 242
12 309
12 270
397 462
397 61
253 125
253 133
115 404
115 7
461 112
461 255
162 490
162 358
425 102
425 318
45 395
45 418
109 422
109 250
265 288
265 212
441 399
441 181
206 5
206 307
428 76
428 326
174 308
174 296
23 349
23 429
73 156
73 248
234 347
234 110
42 369
42 157
135 320
135 499
283 473
283 279
306 148
306 383
362 476
362 85
196 130
196 333
370 81
370 367
412 189
412 497
391 34
391 71
489 350
489 479
176 315
176 294
37 423
37 26
29 419
29 491
188 25
188 292
47 389
47 197
394 273
394 460
78 186
78 339
238 219
238 163
414 207
414 128
396 374
396 356
225 469
225 431
468 382
468 55
122 378
122 215
361 401
361 254
154 440
154 223
466 113
466 39
214 144
214 301
408 194
408 286
335 436
335 282
51 297
51 505
340 268
340 305
10 111
10 58
260 359
260 338
324 240
324 445
67 311
67 293
210 218
210 88
166 213
166 103
482 334
482 364
59 91
59 357
302 145
302 121
337 182
337 54
198 49
198 348
183 62
183 435
242 434
242 28
309 411
309 149
270 235
270 416
462 137
462 36
61 155
61 377
125 475
125 281
133 108
133 1
404 471
404 32
7 344
7 417
112 442
112 249
255 470
255 368
490 127
490 405
358 124
358 314
102 247
102 123
318 351
318 143
395 376
395 319
418 380
418 506
422 104
422 204
250 409
250 472
288 245
288 150
212 454
212 14
399 167
399 158
181 192
181 304
5 180
5 20
307 481
307 136
76 8
76 363
326 388
326 427
308 483
308 511
296 211
296 258
349 229
349 172
429 52
429 486
156 4
156 290
248 41
248 95
347 300
347 96
110 426
110 263
369 92
369 141
157 341
157 82
320 336
320 9
499 453
499 343
473 27
473 274
279 6
279 317
148 94
148 413
383 271
383 126
476 267
476 30
85 321
85 46
130 402
130 259
333 277
333 75
81 332
81 387
367 168
367 303
189 43
189 451
497 152
497 446
34 264
34 69
71 119
71 276
350 275
350 40
479 60
479 118
315 284
315 193
294 164
294 393
423 70
423 406
26 403
26 50
419 353
419 432
491 90
491 106
25 232
25 365
292 500
292 488
389 287
389 449
197 421
197 231
273 498
273 48
460 202
460 205
186 266
186 17
339 243
339 222
219 458
219 443
163 342
163 437
207 65
207 21
128 424
128 244
374 331
374 79
356 261
356 278
469 330
469 171
431 142
431 15
382 455
382 107
55 153
55 98
378 438
378 464
215 101
215 508
401 31
401 160
254 80
254 485
440 16
440 257
223 252
223 44
113 201
113 22
39 291
39 199
144 179
144 159
301 354
301 35
194 233
194 38
286 509
286 84
436 379
436 256
282 100
282 97
297 132
297 66
505 501
505 298
268 220
268 384
305 139
305 496
111 140
111 53
58 371
58 457
359 246
359 169
338 381
338 203
240 237
240 484
445 227
445 392
311 463
311 495
293 480
293 161
218 372
218 272
88 503
88 151
213 185
213 178
103 173
103 360
334 19
334 195
364 129
364 177
91 105
91 444
357 87
357 226
145 439
145 467
121 322
121 241
182 352
182 99
54 230
54 72
49 323
49 325
348 487
348 285
62 385
62 375
435 117
435 24
434 433
434 93
28 114
28 299
411 11
411 191
149 184
149 77
235 316
235 33
416 175
416 208
137 493
137 410
36 217
36 63
155 221
155 478
377 329
377 459
475 452
475 18
281 386
281 390
108 398
108 366
1 236
1 269
