3 1023 9493792
2 1
2 3
185 342
185 160
342 742
342 285
160 478
160 459
742 145
742 707
285 226
285 778
478 398
478 3
459 592
459 546
145 668
145 504
707 439
707 141
226 529
226 243
778 268
778 970
398 882
398 299
3 590
3 143
592 562
592 260
546 344
546 28
668 357
668 900
504 381
504 168
439 390
439 892
141 286
141 401
529 68
529 823
243 537
243 876
268 531
268 643
970 536
970 700
882 544
882 332
299 186
299 541
590 736
590 579
143 794
143 339
562 460
562 945
260 956
260 487
344 176
344 329
28 2
28 190
357 1011
357 623
900 288
900 844
381 850
381 522
168 269
168 424
390 120
390 172
892 891
892 796
286 77
286 389
401 513
401 626
68 948
68 672
823 896
823 235
537 561
537 566
876 240
876 5
531 641
531 864
643 287
643 978
536 305
536 696
700 66
700 558
544 29
544 516
332 510
332 826
186 48
186 779
541 180
541 471
736 719
736 345
579 746
579 691
794 560
794 245
339 926
339 10
460 231
460 706
945 933
945 19
956 938
956 939
487 497
487 257
176 756
176 744
329 816
329 760
2 936
2 499
190 992
190 118
1011 733
1011 520
623 571
623 273
288 647
288 598
844 1013
844 679
850 47
850 136
522 908
522 392
269 848
269 306
424 997
424 759
120 214
120 628
172 858
172 200
891 525
891 441
796 470
796 737
77 473
77 773
389 57
389 236
513 697
513 402
626 515
626 362
948 78
948 674
672 477
672 440
896 1018
896 687
235 293
235 728
561 400
561 44
566 448
566 210
240 284
240 222
5 407
5 444
641 376
641 296
864 22
864 519
287 807
287 820
978 62
978 123
305 354
305 580
696 72
696 506
66 149
66 461
558 302
558 259
29 209
29 4
516 518
516 772
510 716
510 629
826 443
826 572
48 96
48 351
779 971
779 256
180 656
180 201
471 642
471 336
719 894
719 618
345 24
345 919
746 1001
746 880
691 740
691 480
560 856
560 364
245 695
245 906
926 30
926 769
10 841
10 221
231 985
231 570
706 830
706 984
933 291
933 109
19 276
19 482
938 790
938 133
939 361
939 1009
497 655
497 755
257 967
257 279
756 860
756 399
744 382
744 388
816 611
816 757
760 69
760 855
936 142
936 838
499 819
499 475
992 65
992 606
118 418
118 821
733 89
733 512
520 653
520 469
571 468
571 252
273 463
273 743
647 928
647 651
598 108
598 961
1013 500
1013 304
679 34
679 321
47 916
47 137
136 61
136 586
908 496
908 1000
392 94
392 840
848 621
848 804
306 217
306 476
997 503
997 930
759 227
759 702
214 559
214 467
628 383
628 913
858 502
858 237
200 680
200 633
525 620
525 403
441 965
441 294
470 408
470 754
737 827
737 230
473 250
473 582
773 870
773 564
57 555
57 622
236 893
236 107
697 534
697 665
402 888
402 121
515 704
515 574
362 6
362 12
78 491
78 429
674 1005
674 954
477 863
477 1017
440 859
440 535
1018 314
1018 218
687 488
687 581
293 792
293 1007
728 1003
728 635
400 266
400 663
44 343
44 229
448 849
448 71
210 837
210 249
284 27
284 8
222 367
222 188
407 998
407 416
444 831
444 171
376 999
376 453
296 610
296 255
22 411
22 693
519 194
519 35
807 783
807 426
820 780
820 17
62 701
62 146
123 174
123 866
354 333
354 726
580 113
580 494
72 127
72 274
506 363
506 9
149 923
149 902
461 324
461 949
302 272
302 328
259 153
259 917
209 410
209 612
4 943
4 873
518 337
518 889
772 277
772 464
716 708
716 875
629 652
629 670
443 215
443 412
572 70
572 846
96 184
96 517
351 881
351 723
971 353
971 192
256 125
256 338
656 683
656 619
201 32
201 528
642 698
642 951
336 63
336 175
894 797
894 196
618 857
618 131
24 457
24 427
919 766
919 975
1001 90
1001 59
880 360
880 591
740 603
740 650
480 750
480 883
856 526
856 714
364 450
364 878
695 223
695 163
906 543
906 944
30 37
30 479
769 950
769 824
841 853
841 132
221 117
221 355
985 721
985 675
570 922
570 1012
830 781
830 126
984 356
984 982
291 396
291 297
109 798
109 909
276 962
276 1019
482 729
482 583
790 833
790 600
133 986
133 225
361 330
361 41
1009 977
1009 983
655 692
655 987
755 365
755 745
967 627
967 393
279 244
279 625
860 871
860 490
399 352
399 843
382 384
382 576
388 934
388 884
611 50
611 761
757 82
757 903
69 609
69 451
855 43
855 929
142 254
142 530
838 905
838 242
819 11
819 349
475 915
475 839
65 563
65 406
606 963
606 39
418 144
418 738
821 599
821 800
89 199
89 867
512 422
512 1002
653 673
653 128
469 98
469 474
468 1021
468 167
252 667
252 806
463 316
463 751
743 16
743 995
928 56
928 979
651 203
651 712
108 156
108 666
961 815
961 202
500 508
500 21
304 99
304 483
34 52
34 854
321 83
321 1010
916 155
916 433
137 527
137 554
61 371
61 158
586 669
586 102
496 588
496 49
1000 976
1000 615
94 372
94 552
840 947
840 753
621 110
621 624
804 813
804 550
217 86
217 239
476 784
476 139
503 899
503 946
930 179
930 161
227 208
227 295
702 1015
702 584
559 869
559 85
467 935
467 920
383 785
383 211
913 148
913 322
502 887
502 307
237 941
237 97
680 545
680 578
633 166
633 810
620 267
620 664
403 485
403 768
965 428
965 64
294 658
294 67
408 901
408 710
754 533
754 960
827 366
827 46
230 25
230 752
250 634
250 23
582 280
582 912
870 206
870 348
564 725
564 241
555 685
555 637
622 14
622 173
893 436
893 106
107 154
107 434
534 417
534 918
665 169
665 717
888 822
888 347
121 765
121 575
704 378
704 758
574 493
574 18
6 38
6 80
12 51
12 275
491 1020
491 709
429 205
429 988
1005 817
1005 421
954 404
954 350
863 689
863 13
1017 31
1017 734
859 964
859 147
535 630
535 898
314 763
314 124
218 385
218 927
488 767
488 981
581 36
581 890
792 129
792 95
1007 640
1007 261
1003 442
1003 1
635 419
635 311
266 310
266 130
663 228
663 395
343 73
343 301
229 940
229 101
849 569
849 942
71 955
71 994
837 601
837 973
249 735
249 542
27 540
27 614
8 969
8 649
367 334
367 152
188 193
188 990
998 258
998 492
416 661
416 246
831 567
831 648
171 119
171 851
999 782
999 727
453 303
453 197
610 996
610 380
255 183
255 749
411 319
411 556
693 452
693 832
194 159
194 425
35 271
35 659
783 300
783 1023
426 932
426 788
780 842
780 730
17 33
17 678
701 803
701 1016
146 358
146 248
174 105
174 76
866 93
866 213
333 409
333 140
726 498
726 958
113 925
113 791
494 394
494 432
127 484
127 435
274 907
274 553
363 1004
363 557
9 438
9 980
923 705
923 834
902 374
902 638
324 182
324 690
949 150
949 713
272 762
272 786
328 595
328 952
153 801
153 454
917 671
917 836
410 346
410 103
612 263
612 431
943 770
943 565
873 639
873 377
337 379
337 386
889 616
889 312
277 937
277 521
464 282
464 688
708 84
708 187
875 373
875 910
652 617
652 589
670 539
670 835
215 455
215 53
412 862
412 449
70 724
70 115
846 281
846 151
184 100
184 238
517 437
517 699
881 368
881 88
723 216
723 607
353 686
353 715
192 232
192 646
125 472
125 774
338 924
338 829
683 657
683 895
619 164
619 112
32 318
32 799
528 60
528 58
698 764
698 7
951 92
951 265
63 1014
63 989
175 233
175 135
797 420
797 596
196 966
196 931
857 325
857 430
131 802
131 872
457 814
457 170
427 593
427 1008
766 511
766 811
975 370
975 1006
90 825
90 391
59 852
59 711
360 828
360 677
591 220
591 731
603 514
603 122
650 771
650 748
750 54
750 682
883 290
883 777
526 805
526 644
714 501
714 904
450 313
450 732
878 138
878 631
223 397
223 818
163 538
163 551
543 55
543 594
944 974
944 320
37 387
37 45
479 660
479 413
950 573
950 162
824 234
824 524
853 251
853 178
132 604
132 462
117 885
117 309
355 116
355 298
721 577
721 548
675 359
675 812
922 446
922 953
1012 195
1012 741
781 636
781 270
126 264
126 684
356 505
356 602
982 703
982 676
396 326
396 957
297 283
297 15
798 921
798 212
909 613
909 323
962 42
962 189
1019 481
1019 645
729 694
729 775
583 466
583 224
833 886
833 868
600 662
600 587
986 375
986 165
225 458
225 414
330 308
330 877
41 114
41 486
977 747
977 157
983 253
983 181
692 597
692 808
987 327
987 79
365 809
365 134
745 720
745 262
627 787
627 968
393 972
393 219
244 845
244 341
625 292
625 959
871 335
871 204
490 247
490 847
352 445
352 495
843 879
843 317
384 993
384 608
576 911
576 198
934 423
934 509
884 789
884 315
50 81
50 722
761 865
761 654
82 289
82 447
903 897
903 40
609 739
609 874
451 914
451 369
43 793
43 91
929 991
929 191
254 776
254 568
530 523
530 532
905 74
905 861
242 104
242 340
11 489
11 177
349 20
349 465
915 718
915 111
839 795
839 87
563 331
563 26
406 547
406 681
963 405
963 632
39 507
39 456
144 549
144 1022
738 585
738 278
599 605
599 415
800 75
800 207
