2047 2047 4086
1165 1985
1165 237
1985 1228
1985 1917
237 885
237 1070
1228 1408
1228 1752
1917 496
1917 1094
885 1456
885 95
1070 1230
1070 1525
1408 55
1408 1924
1752 1099
1752 1004
496 2034
496 610
1094 723
1094 1682
1456 492
1456 1227
95 1762
95 517
1230 1897
1230 155
1525 563
1525 1509
55 921
55 833
1924 1076
1924 1849
1099 989
1099 209
1004 1751
1004 1690
2034 1876
2034 320
610 231
610 319
723 1017
723 815
1682 1776
1682 674
492 650
492 2028
1227 244
1227 1016
1762 121
1762 1893
517 1213
517 900
1897 1298
1897 2023
155 1286
155 419
563 1229
563 1718
1509 471
1509 1771
921 665
921 1057
833 547
833 1892
1076 1115
1076 1523
1849 1381
1849 522
989 971
989 1674
209 1692
209 1791
1751 458
1751 2011
1690 1569
1690 1126
1876 177
1876 371
320 2036
320 254
231 1725
231 1954
319 804
319 1334
1017 710
1017 965
815 1520
815 570
1776 305
1776 1910
674 1591
674 1477
650 1658
650 267
2028 407
2028 337
244 36
244 1031
1016 1850
1016 1899
121 280
121 76
1893 1312
1893 272
1213 653
1213 13
900 449
900 383
1298 1470
1298 1328
2023 875
2023 154
1286 1600
1286 49
419 299
419 27
1229 1002
1229 733
1718 52
1718 138
471 207
471 1482
1771 46
1771 96
665 1942
665 1784
1057 1288
1057 984
547 1594
547 238
1892 974
1892 1997
1115 1480
1115 1012
1523 1278
1523 259
1381 2014
1381 1337
522 1335
522 156
971 1429
971 926
1674 136
1674 1034
1692 1364
1692 1881
1791 1325
1791 1101
458 1468
458 20
2011 1145
2011 953
1569 743
1569 1521
1126 725
1126 877
177 464
177 572
371 398
371 23
2036 588
2036 917
254 1737
254 1673
1725 1834
1725 426
1954 24
1954 1925
804 790
804 740
1334 1039
1334 1935
710 558
710 1272
965 1251
965 311
1520 1874
1520 1414
570 969
570 554
305 116
305 1922
1910 828
1910 2044
1591 1688
1591 1249
1477 1342
1477 1073
1658 1842
1658 1549
267 1274
267 412
407 222
407 1496
337 43
337 1809
36 432
36 235
1031 1191
1031 980
1850 899
1850 97
1899 445
1899 436
280 509
280 1763
76 1079
76 1484
1312 671
1312 1371
272 1659
272 584
653 1207
653 230
13 119
13 954
449 1527
449 2041
383 530
383 841
1470 1105
1470 109
1328 1566
1328 1327
875 1757
875 245
154 395
154 418
1600 1697
1600 516
49 544
49 1548
299 1324
299 1511
27 1730
27 1271
1002 491
1002 1168
733 668
733 303
52 679
52 1578
138 600
138 952
207 858
207 128
1482 2032
1482 240
46 1201
46 1583
96 132
96 4
1942 1410
1942 968
1784 1437
1784 1895
1288 664
1288 655
984 997
984 967
1594 1451
1594 1821
238 799
238 189
974 1075
974 1495
1997 142
1997 2030
1480 1289
1480 1829
1012 567
1012 1425
1278 1283
1278 890
259 1624
259 51
2014 213
2014 1919
1337 1497
1337 1777
1335 165
1335 104
156 218
156 1814
1429 935
1429 1396
926 1133
926 1033
136 2025
136 1886
1034 942
1034 38
1364 1572
1364 1655
1881 229
1881 1306
1325 400
1325 1358
1101 332
1101 1047
1468 579
1468 382
20 752
20 1178
1145 1604
1145 1999
953 212
953 78
743 1940
743 1859
1521 1032
1521 453
725 440
725 2003
877 1767
877 1598
464 829
464 1684
572 840
572 1163
398 1753
398 1857
23 1993
23 1535
588 673
588 1459
917 642
917 1952
1737 1443
1737 1020
1673 948
1673 329
1834 370
1834 1894
426 1010
426 110
24 1517
24 1671
1925 1970
1925 236
790 1832
790 2031
740 89
740 957
1039 360
1039 276
1935 107
1935 385
558 1093
558 2043
1272 727
1272 1983
1251 1628
1251 959
311 1256
311 1557
1874 1409
1874 816
1414 476
1414 1117
969 103
969 1744
554 1362
554 1044
116 388
116 966
1922 1061
1922 2007
828 439
828 557
2044 1238
2044 263
1688 1565
1688 915
1249 1759
1249 1629
1342 979
1342 1642
1073 876
1073 1483
1842 1733
1842 1868
1549 575
1549 1793
1274 1275
1274 1945
412 1314
412 143
222 528
222 72
1496 1505
1496 472
43 62
43 986
1809 1069
1809 1343
432 886
432 168
235 309
235 1339
1191 605
1191 812
980 904
980 1783
899 1200
899 1601
97 1349
97 300
445 527
445 422
436 1084
436 780
509 504
509 233
1763 1644
1763 1390
1079 482
1079 599
1484 541
1484 1660
671 1667
671 359
1371 129
1371 577
1659 631
1659 764
584 1161
584 1488
1207 1365
1207 1875
230 1212
230 465
119 84
119 993
954 1501
954 1203
1527 849
1527 1681
2041 490
2041 133
530 903
530 1361
841 145
841 1941
1105 1618
1105 794
109 1616
109 722
1566 205
1566 160
1327 813
1327 1111
1757 1531
1757 92
245 298
245 1864
395 172
395 1264
418 602
418 188
1697 627
1697 294
516 1085
516 1131
544 590
544 373
1548 1040
1548 767
1324 744
1324 1702
1511 1797
1511 540
1730 837
1730 175
1271 1077
1271 1619
491 1643
491 1393
1168 1221
1168 1042
668 2037
668 1411
303 1159
303 1492
679 1030
679 167
1578 1224
1578 856
600 324
600 191
952 366
952 571
858 131
858 1377
128 1734
128 1912
2032 1612
2032 1285
240 848
240 887
1201 934
1201 1360
1583 1823
1583 255
132 896
132 700
4 1724
4 210
1410 1398
1410 186
968 260
968 751
1437 657
1437 1646
1895 1651
1895 762
664 879
664 930
655 1481
655 163
997 864
997 878
967 1455
967 622
1451 769
1451 1198
1821 1947
1821 583
799 1972
799 1267
189 63
189 677
1075 1374
1075 1318
1495 1663
1495 1554
142 531
142 803
2030 1607
2030 1853
1289 629
1289 609
1829 1140
1829 2019
567 327
567 176
1425 349
1425 734
1283 1606
1283 732
890 1232
890 1321
1624 404
1624 271
51 765
51 782
213 1796
213 568
1919 1641
1919 1332
1497 1234
1497 2002
1777 1966
1777 1813
165 1815
165 1128
104 67
104 1054
218 1466
218 2039
1814 1243
1814 378
935 1359
935 1738
1396 613
1396 1794
1133 608
1133 389
1033 1277
1033 865
2025 947
2025 139
1886 1979
1886 391
942 427
942 576
38 551
38 141
1572 763
1572 820
1655 197
1655 486
229 897
229 1426
1306 1507
1306 252
400 620
400 1164
1358 1447
1358 1142
332 265
332 796
1047 1185
1047 1372
579 1964
579 274
382 1457
382 1649
752 1538
752 814
1178 354
1178 1184
1604 1052
1604 1478
1999 1257
1999 1235
212 1338
212 792
78 526
78 690
1940 503
1940 1397
1859 100
1859 150
1032 714
1032 1865
453 1095
453 520
440 1703
440 715
2003 1469
2003 1707
1767 330
1767 800
1598 18
1598 1735
829 746
829 283
1684 105
1684 1555
840 1498
840 403
1163 315
1163 1760
1753 542
1753 1838
1857 352
1857 586
1993 1464
1993 597
1535 1748
1535 830
673 1394
673 1529
1459 82
1459 93
642 635
642 14
1952 1134
1952 268
1443 1562
1443 891
1020 1375
1020 663
948 564
948 1542
329 331
329 1882
370 1672
370 1698
1894 56
1894 1961
1010 127
1010 648
110 927
110 731
1517 1877
1517 786
1671 1676
1671 591
1970 1215
1970 779
236 447
236 742
1832 30
1832 1395
2031 459
2031 945
89 676
89 423
957 1856
957 451
360 314
360 1444
276 1192
276 2027
107 910
107 390
385 1808
385 784
1093 1287
1093 871
2043 1976
2043 1627
727 106
727 873
1983 416
1983 646
1628 1158
1628 1680
959 74
959 1699
1256 923
1256 1190
1557 1789
1557 1981
1409 350
1409 1891
816 607
816 1560
476 1902
476 1580
1117 484
1117 738
103 3
103 1143
1744 1392
1744 455
1362 1858
1362 669
1044 124
1044 181
388 682
388 1299
966 1172
966 706
1061 1772
1061 1226
2007 1479
2007 1515
439 1913
439 1827
557 888
557 1137
1238 336
1238 1431
263 1824
263 227
1565 1563
1565 1564
915 1950
915 1169
1759 1657
1759 1248
1629 85
1629 1711
979 1186
979 466
1642 1914
1642 1199
876 1589
876 1183
1483 249
1483 153
1733 760
1733 1773
1868 1884
1868 1006
575 444
575 1465
1793 843
1793 302
1275 380
1275 1023
1945 287
1945 574
1314 1472
1314 652
143 146
143 9
528 2035
528 973
72 1758
72 258
1505 1620
1505 1831
472 1828
472 1151
62 326
62 1259
986 1545
986 1908
1069 1740
1069 1706
1343 1446
1343 975
886 994
886 521
168 1083
168 31
309 693
309 827
1339 130
1339 1561
605 219
605 1977
812 206
812 970
904 261
904 692
1783 269
1783 1969
1200 1805
1200 1556
1601 811
1601 247
1349 1581
1349 1080
300 1121
300 2029
527 1539
527 1978
422 285
422 1802
1084 1056
1084 1255
780 232
780 1104
504 1656
504 750
233 960
233 1005
1644 838
1644 992
1390 477
1390 35
482 351
482 1026
599 718
599 1345
541 1930
541 44
1660 239
1660 1860
1667 2026
1667 1330
359 1292
359 381
129 1582
129 1883
577 1546
577 1878
631 164
631 333
764 1268
764 1506
1161 2022
1161 1340
1488 174
1488 372
1365 420
1365 862
1875 1379
1875 159
1212 1522
1212 1547
465 1210
465 42
84 2047
84 1568
993 1640
993 1401
1501 1445
1501 1458
1203 117
1203 598
849 1775
849 1182
1681 881
1681 1830
490 1742
490 429
133 785
133 867
903 22
903 296
1361 1279
1361 943
145 1106
145 1386
1941 709
1941 392
1618 712
1618 730
794 506
794 810
1616 1524
1616 1102
722 1036
722 797
205 1295
205 1989
160 533
160 532
813 101
813 137
1111 1743
1111 1795
1531 435
1531 524
92 1059
92 1341
298 1841
298 1792
1864 1177
1864 50
172 1454
172 424
1264 1487
1264 1022
602 402
602 220
188 170
188 508
627 1400
627 1516
294 94
294 933
1085 660
1085 257
1131 40
1131 364
590 1820
590 1346
373 1691
373 548
1040 1322
1040 438
767 1704
767 1237
744 1297
744 1171
1702 1739
1702 685
1797 1415
1797 995
540 1154
540 355
837 1180
837 963
175 1533
175 1119
1077 304
1077 1889
1619 1939
1619 773
1643 1035
1643 234
1393 1595
1393 375
1221 507
1221 749
1042 1994
1042 1885
2037 1253
2037 488
1411 1135
1411 112
1159 250
1159 2009
1492 1352
1492 1610
1030 1948
1030 1603
167 1211
167 1778
1224 1746
1224 1147
856 724
856 339
324 1574
324 645
191 757
191 1403
366 681
366 1356
571 114
571 868
131 788
131 64
1377 1065
1377 1385
1734 1096
1734 2001
1912 839
1912 1233
1612 1861
1612 1127
1285 1833
1285 1189
848 759
848 479
887 1665
887 1810
934 242
934 895
1360 1120
1360 192
1823 1732
1823 158
255 410
255 578
896 1310
896 678
700 861
700 7
1724 497
1724 1986
210 1118
210 1307
1398 202
1398 215
186 580
186 1132
260 1631
260 1645
751 1439
751 201
657 525
657 561
1646 1366
1646 224
1651 1103
1651 246
762 1626
762 318
879 1863
879 818
930 1050
930 940
1481 1526
1481 1803
163 623
163 1421
864 770
864 1636
878 1195
878 924
1455 1428
1455 869
622 126
622 1450
769 852
769 1650
1198 688
1198 1261
1947 1806
1947 1962
583 1550
583 1071
1972 478
1972 204
1267 467
1267 1219
63 1489
63 1350
677 162
677 226
1374 1170
1374 593
1318 291
1318 499
1663 1187
1663 999
1554 857
1554 1679
531 1062
531 91
803 1677
803 1471
1607 1715
1607 1756
1853 1602
1853 1058
629 1150
629 338
609 1686
609 806
1140 1995
1140 925
2019 111
2019 707
327 367
327 892
176 667
176 1696
349 1091
349 1717
734 850
734 1537
1606 1280
1606 1949
732 83
732 1098
1232 1141
1232 1301
1321 450
1321 480
404 855
404 1807
271 1701
271 1197
765 1011
765 10
782 651
782 1319
1796 1066
1796 844
568 625
568 1270
1641 248
1641 221
1332 1144
1332 1086
1234 1816
1234 1436
2002 376
2002 2012
1966 659
1966 1367
1813 716
1813 57
1815 996
1815 1937
1128 1420
1128 1220
67 594
67 511
1054 559
1054 761
1466 348
1466 1347
2039 1693
2039 562
1243 61
1243 729
378 1530
378 628
1359 462
1359 1661
1738 1927
1738 1474
613 939
613 914
1794 791
1794 1313
608 1633
608 1424
389 1216
389 1018
1277 1846
1277 510
865 946
865 859
947 1000
947 911
139 1862
139 1544
1979 1741
1979 606
391 1585
391 1719
427 1918
427 211
576 99
576 1638
551 515
551 264
141 1928
141 889
763 621
763 1504
820 441
820 502
197 401
197 893
486 1653
486 720
897 944
897 312
1426 1373
1426 2024
1507 1269
1507 991
252 325
252 1433
620 1449
620 414
1164 2045
1164 649
1447 1205
1447 397
1142 1632
1142 1389
265 53
265 822
796 1839
796 766
1185 1281
1185 1024
1372 1664
1372 446
1964 1593
1964 1114
274 1067
274 1331
1457 1048
1457 860
1649 1246
1649 1499
1538 560
1538 28
814 317
814 961
354 1768
354 1291
1184 1900
1184 883
1052 1074
1052 703
1478 343
1478 1575
1257 468
1257 1028
1235 1260
1235 1536
1338 1427
1338 344
792 775
792 80
526 550
526 1129
690 916
690 1873
503 1678
503 1714
1397 171
1397 33
100 739
100 1819
150 1225
150 88
714 1668
714 1786
1865 1461
1865 297
1095 1072
1095 990
520 394
520 549
1703 1944
1703 1971
715 19
715 1309
1469 1453
1469 1890
1707 695
1707 756
330 362
330 1728
800 1452
800 1502
18 1747
18 1209
1735 166
1735 87
746 1051
746 687
283 1934
283 905
105 1534
105 1387
1555 1553
1555 415
1498 270
1498 457
403 2020
403 1173
315 987
315 77
1760 334
1760 1541
542 1175
542 37
1838 1634
1838 768
352 113
352 1788
586 535
586 1041
1464 1648
1464 1898
597 1046
597 513
1748 1931
1748 493
830 1003
830 704
1394 1160
1394 1852
1529 632
1529 448
82 802
82 279
93 217
93 161
635 1854
635 866
14 1181
14 2021
1134 1713
1134 1812
268 1592
268 1193
1562 1088
1562 277
891 1911
891 1152
1375 1462
1375 604
663 929
663 214
564 443
564 148
1542 1614
1542 565
331 1413
331 851
1882 301
1882 452
1672 73
1672 1790
1698 1494
1698 1503
56 1675
56 342
1961 421
1961 666
127 694
127 346
648 408
648 902
927 483
927 2016
731 1370
731 592
1877 1300
1877 981
786 2038
786 1844
1676 377
1676 1157
591 958
591 534
1215 1905
1215 387
779 1112
779 1029
447 1822
447 1559
742 1872
742 6
30 745
30 1021
1395 1399
1395 39
459 1998
459 931
945 853
945 1231
676 69
676 1382
423 1955
423 1418
1856 1700
1856 90
451 1871
451 293
314 789
314 1847
1444 1818
1444 983
1192 1254
1192 1901
2027 1685
2027 1136
910 726
910 135
390 307
390 1156
1808 1745
1808 633
784 772
784 1689
1287 1009
1287 1138
871 1956
871 2040
1976 1266
1976 306
1627 15
1627 151
106 1245
106 1785
873 1782
873 65
416 495
416 1155
646 643
646 1240
1158 286
1158 1491
1680 1486
1680 1241
74 1407
74 81
1699 1007
1699 546
923 637
923 798
1190 1179
1190 1623
1789 16
1789 1204
1981 741
1981 1107
350 358
350 835
1891 641
1891 1493
607 152
607 59
1560 1206
1560 1162
1902 122
1902 1303
1580 292
1580 1652
484 1749
484 617
738 1124
738 361
3 1666
3 1383
1143 795
1143 310
1392 295
1392 2017
455 918
455 1968
1858 199
1858 1780
669 1960
669 1761
124 1438
124 1712
181 1781
181 689
682 1599
682 1906
1299 353
1299 922
1172 982
1172 179
706 1357
706 654
1772 1727
1772 819
1226 920
1226 289
1479 60
1479 787
1515 75
1515 1946
1913 185
1913 1412
1827 872
1827 1750
888 1097
888 1769
1137 1647
1137 581
336 1720
336 964
1431 907
1431 582
1824 1787
1824 941
227 1064
227 1063
1563 1851
1563 369
1564 32
1564 1448
1950 1765
1950 1015
1169 34
1169 379
1657 545
1657 1709
1248 1608
1248 1590
85 29
85 1122
1711 805
1711 1943
1186 683
1186 1879
466 1302
466 1798
1914 536
1914 266
1199 120
1199 417
1589 1975
1589 1430
1183 102
1183 241
249 399
249 686
153 977
153 425
760 200
760 1512
1773 618
1773 21
1884 48
1884 1980
1006 70
1006 308
444 1384
444 1416
1465 1669
1465 771
843 1442
843 1
302 1754
302 1217
380 697
380 2046
1023 140
1023 1329
287 1244
287 347
574 134
574 1273
1472 1055
1472 1576
652 356
652 624
146 208
146 783
9 396
9 928
2035 115
2035 1167
973 47
973 470
1758 1417
1758 1540
258 1333
258 1967
1620 1904
1620 1811
1831 845
1831 2010
1828 71
1828 428
1151 475
1151 1282
326 824
326 273
1259 1490
1259 1597
1545 1774
1545 1174
1908 194
1908 1920
1740 1519
1740 817
1706 1996
1706 5
1446 1316
1446 1149
975 1518
975 494
994 518
994 125
521 1951
521 1621
1083 1146
1083 1467
31 949
31 98
693 1888
693 1770
827 603
827 1351
130 2008
130 1317
1561 1552
1561 821
219 955
219 701
1977 405
1977 1262
206 1558
206 832
970 634
970 1087
261 747
261 253
692 1551
692 1587
269 514
269 985
1969 1092
1969 1974
1805 1116
1805 1662
1556 1473
1556 1130
811 691
811 801
247 1089
247 489
1581 1108
1581 282
1080 1355
1080 144
1121 719
1121 1196
2029 612
2029 1223
1539 1586
1539 753
1978 1938
1978 1320
285 713
285 1153
1802 1354
1802 611
1056 672
1056 1308
1255 1348
1255 1990
232 640
232 1963
1104 1019
1104 1826
1656 906
1656 357
750 8
750 781
960 778
960 1353
1005 1721
1005 25
838 1263
838 1723
992 2004
992 1635
477 807
477 187
35 847
35 196
351 1867
351 962
1026 1202
1026 1973
718 1705
718 180
1345 1870
1345 328
1930 1188
1930 793
44 1611
44 874
239 680
239 500
1860 1402
1860 836
2026 721
2026 2013
1330 431
1330 898
1292 1716
1292 1799
381 456
381 1866
1582 1988
1582 473
1883 644
1883 1323
1546 950
1546 661
1878 1125
1878 543
164 1252
164 1485
333 469
333 1695
1268 1082
1268 1596
1506 1617
1506 501
2022 616
2022 198
1340 243
1340 1953
174 1166
174 195
372 1731
372 1639
420 1422
420 1933
862 256
862 433
1379 1840
1379 1984
159 1148
159 1843
1522 735
1522 262
1547 1836
1547 1528
1210 1936
1210 728
42 1239
42 774
2047 461
2047 638
1568 717
1568 481
1640 1326
1640 585
1401 537
1401 190
1445 1368
1445 323
1458 1779
1458 556
117 1613
117 1584
598 123
598 374
1775 601
1775 284
1182 1434
1182 555
881 1476
881 523
1830 386
1830 1315
1742 345
1742 776
429 1378
429 1510
785 2042
785 936
867 1670
867 335
22 684
22 951
296 1290
296 1265
1279 26
1279 1025
943 826
943 901
1106 737
1106 1567
1386 321
1386 626
709 662
709 1683
392 1043
392 1222
712 54
712 1419
730 411
730 569
506 288
506 912
810 552
810 1053
1524 1929
1524 870
1102 1543
1102 118
1036 1880
1036 1508
797 184
797 842
1295 1625
1295 1242
1989 884
1989 937
533 2005
533 1405
532 1982
532 1637
101 596
101 1305
137 228
137 1208
1743 808
1743 615
1795 1250
1795 587
435 1514
435 1532
524 178
524 639
1059 1907
1059 976
1341 538
1341 2033
1841 636
1841 1921
1792 203
1792 705
1177 1214
1177 529
50 1755
50 834
1454 1176
1454 193
424 454
424 614
1487 1766
1487 988
1022 290
1022 1038
402 1588
402 956
220 474
220 754
170 880
170 1605
508 854
508 1710
1400 1311
1400 1622
1516 183
1516 1294
94 1887
94 1236
933 1687
933 1441
660 998
660 1923
257 919
257 909
40 1013
40 1855
364 149
364 882
1820 68
1820 758
1346 505
1346 702
1691 79
1691 1432
548 1463
548 41
1322 1049
1322 696
438 1336
438 341
1704 409
1704 340
1237 1475
1237 708
1297 487
1297 1804
1171 1694
1171 1579
1739 182
1739 863
685 1869
685 45
1415 519
1415 275
995 1027
995 1825
1154 589
1154 365
355 498
355 1113
1180 1380
1180 595
963 1708
963 147
1533 1296
1533 58
1119 2000
1119 1276
304 699
304 281
1889 384
1889 1992
1939 1001
1939 1068
773 1835
773 406
1035 316
1035 1571
234 1722
234 1932
1595 1726
1595 437
375 1957
375 1460
507 1388
507 1391
749 1573
749 1896
1994 11
1994 932
1885 777
1885 619
1253 1110
1253 322
488 1247
488 1916
1135 66
1135 1915
112 413
112 485
250 1435
250 17
2009 539
2009 831
1352 566
1352 675
1610 972
1610 1008
1948 2006
1948 1959
1603 573
1603 1570
1211 1987
1211 1848
1778 1369
1778 1284
1746 108
1746 908
1147 846
1147 1845
724 157
724 755
339 2018
339 2
1574 698
1574 1404
645 647
645 1037
757 1139
757 1100
1403 1817
1403 894
681 1654
681 1440
1356 313
1356 463
114 216
114 825
868 978
868 1258
788 1615
788 1965
64 278
64 1991
1065 1014
1065 1423
1385 2015
1385 1800
1096 1801
1096 748
2001 1090
2001 658
839 1293
839 1630
1233 251
1233 913
1861 12
1861 1081
1127 553
1127 169
1833 393
1833 1304
1189 460
1189 1837
759 442
759 1736
479 430
479 823
1665 1078
1665 1577
1810 86
1810 809
242 1406
242 1903
895 1363
895 1060
1120 225
1120 1764
192 363
192 434
1732 223
1732 1218
158 173
158 656
410 1109
410 1376
578 938
578 1958
1310 736
1310 1194
678 1045
678 1500
861 368
861 1513
7 1123
7 670
497 711
497 1609
1986 1729
1986 630
1118 512
1118 1909
1307 1926
1307 1344
1641 726
1641 761
726 1801
726 1480
761 1640
761 110
1801 744
1801 406
1480 403
1480 1096
1640 693
1640 628
110 599
110 1210
744 1355
744 1244
406 1000
406 1233
403 1843
403 562
1096 392
1096 390
693 778
693 1938
628 777
628 857
599 1456
599 457
1210 1110
1210 1681
1355 1082
1355 415
1244 775
1244 278
1000 1508
1000 1934
1233 1665
1233 1795
1843 782
1843 639
562 1382
562 1677
392 294
392 690
390 427
390 1405
778 1882
778 1408
1938 1468
1938 1352
777 72
777 1373
857 252
857 852
1456 1566
1456 1335
457 1992
457 1619
1110 947
1110 1710
1681 1289
1681 1337
1082 1530
1082 1611
415 1341
415 1998
775 1860
775 734
278 912
278 1610
1508 1032
1508 791
1934 770
1934 1264
1665 2037
1665 317
1795 722
1795 211
782 697
782 666
639 1490
639 125
1382 495
1382 1273
1677 1474
1677 517
294 1116
294 702
690 1599
690 244
427 2009
427 364
1405 634
1405 284
1882 1804
1882 611
1408 338
1408 1063
1468 1850
1468 1402
1352 511
1352 1459
72 367
72 2032
1373 318
1373 74
252 1479
252 1428
852 706
852 355
1566 1946
1566 99
1335 1538
1335 1086
1992 1307
1992 1958
1619 937
1619 371
947 396
947 732
1710 774
1710 916
1289 572
1289 297
1337 37
1337 24
1530 1142
1530 1019
1611 1165
1611 1575
1341 434
1341 1122
1998 864
1998 52
1860 42
1860 555
734 438
734 1578
912 1039
912 1847
1610 337
1610 120
1032 566
1032 178
791 420
791 1733
770 1655
770 1118
1264 68
1264 630
2037 913
2037 1581
317 1213
317 1040
722 595
722 1339
211 129
211 1909
697 53
697 1103
666 189
666 1662
1490 1876
1490 658
125 1333
125 1584
495 1918
495 820
1273 906
1273 1914
1474 97
1474 382
517 1084
517 1754
1116 301
1116 2004
702 1763
702 1558
1599 1054
1599 1893
244 1413
244 1888
2009 1151
2009 1773
364 1618
364 231
634 756
634 484
284 246
284 1230
1804 1
1804 594
611 1124
611 1779
338 1620
338 582
1063 897
1063 905
1850 1330
1850 1769
1402 721
1402 1059
511 180
511 1830
1459 1652
1459 583
367 33
367 1812
2032 183
2032 1048
318 598
318 1065
74 622
74 1401
1479 1089
1479 885
1428 1150
1428 1849
706 1093
706 1964
355 329
355 1852
1946 271
1946 617
99 108
99 1132
1538 1739
1538 1766
1086 1624
1086 772
1307 1173
1307 331
1958 1038
1958 217
937 1923
937 8
371 785
371 2003
396 1771
396 469
732 1471
732 1042
774 708
774 955
916 1141
916 255
572 1649
572 571
297 47
297 1586
37 1137
37 898
24 173
24 826
1142 1033
1142 827
1019 1851
1019 623
1165 481
1165 858
1575 460
1575 536
434 152
434 565
1122 711
1122 1949
864 1354
864 1664
52 148
52 1708
42 45
42 122
555 563
555 1277
438 1780
438 1560
1578 724
1578 1540
1039 1800
1039 81
1847 346
1847 480
337 22
337 1249
120 1979
120 1226
566 50
566 273
178 1969
178 817
420 1492
420 351
1733 548
1733 865
1655 1753
1655 359
1118 1370
1118 1767
68 1642
68 787
630 559
630 1269
913 1088
913 1537
1581 58
1581 478
1213 467
1213 482
1040 1125
1040 1757
595 1288
595 308
1339 677
1339 352
129 1005
129 1596
1909 526
1909 1457
53 1883
53 929
1103 1385
1103 1138
189 1565
189 1895
1662 1155
1662 1999
1876 795
1876 755
658 1684
658 1473
1333 124
1333 471
1584 683
1584 1942
1918 578
1918 570
820 1179
820 1220
906 1781
906 1745
1914 2031
1914 1806
97 752
97 1437
382 968
382 1035
1084 455
1084 1188
1754 983
1754 1021
301 306
301 1396
2004 619
2004 413
1763 1013
1763 195
1558 2033
1558 2011
1054 1522
1054 1775
1893 275
1893 1717
1413 1985
1413 1744
1888 1597
1888 1203
1151 1523
1151 1481
1773 995
1773 676
1618 545
1618 169
231 1145
231 1406
756 581
756 1742
484 1582
484 1548
246 1793
246 644
1230 1639
1230 1469
1 998
1 1533
594 168
594 1632
1124 400
1124 1208
1779 156
1779 280
1620 229
1620 1228
582 1425
582 1656
897 1547
897 942
905 1491
905 1261
1330 502
1330 405
1769 397
1769 656
721 1010
721 1759
1059 1250
1059 936
180 1919
180 304
1830 404
1830 1772
1652 95
1652 1818
583 1127
583 1580
33 176
33 1583
1812 459
1812 957
183 780
183 891
1048 723
1048 1356
598 1047
598 926
1065 2020
1065 524
622 41
622 1008
1401 515
1401 1346
1089 1028
1089 155
885 841
885 653
1150 1441
1150 1349
1849 303
1849 938
1093 1434
1093 1012
1964 816
1964 1403
329 1628
329 875
1852 1951
1852 119
271 401
271 1050
617 1634
617 436
108 174
108 1984
1132 1892
1132 660
1739 1510
1739 1544
1766 282
1766 1312
1624 1928
1624 1066
772 214
772 113
1173 806
1173 1845
331 1266
331 980
1038 789
1038 27
217 1237
217 1195
1923 1313
1923 1229
8 28
8 2043
785 1646
785 1020
2003 1331
2003 159
1771 1190
1771 1156
469 987
469 1044
1471 640
1471 527
1042 1291
1042 695
708 379
708 1835
955 1864
955 1713
1141 1588
1141 1318
255 1732
255 340
1649 1488
1649 1380
571 491
571 138
47 931
47 1429
1586 1499
1586 1365
1137 1071
1137 1826
898 586
898 1427
173 154
173 542
826 327
826 635
1033 624
1033 539
827 1988
827 1433
1851 1666
1851 1062
623 1395
623 1593
481 862
481 224
858 243
858 1933
460 588
460 1813
536 18
536 1884
152 1475
152 1378
565 381
565 62
711 92
711 606
1949 425
1949 283
1354 161
1354 1685
1664 886
1664 1448
148 1760
148 1023
1708 1612
1708 866
45 1073
45 730
122 1397
122 989
563 1714
563 1651
1277 238
1277 932
1780 376
1780 1074
1560 137
1560 1323
724 342
724 1410
1540 261
1540 1484
1800 1443
1800 1707
81 914
81 647
346 1117
346 1462
480 556
480 613
22 1196
22 927
1249 954
1249 86
1979 172
1979 163
1226 369
1226 1461
50 1376
50 1703
273 5
273 1729
1969 1192
1969 975
817 1668
817 388
1492 825
1492 1070
351 876
351 449
548 1871
548 890
865 1015
865 609
1753 235
1753 186
359 106
359 1959
1370 768
1370 446
1767 661
1767 1126
1642 1463
1642 1728
787 2039
787 962
559 576
559 1798
1269 1647
1269 533
1088 1736
1088 751
1537 969
1537 419
58 627
58 80
478 17
478 1109
467 75
467 1903
482 1308
482 1869
1125 1482
1125 923
1757 896
1757 316
1288 207
1288 1970
308 391
308 201
677 1920
677 463
352 372
352 2012
1005 1738
1005 1621
1596 804
1596 1842
526 874
526 1446
1457 506
1457 1064
1883 300
1883 1257
929 412
929 1607
1385 1366
1385 505
1138 1202
1138 1952
1565 1616
1565 1751
1895 1458
1895 398
1155 60
1155 1936
1999 117
1999 242
795 236
795 884
755 992
755 1625
1684 741
1684 1672
1473 1390
1473 877
124 812
124 1350
471 1052
471 1765
683 373
683 802
1942 762
1942 1967
578 151
578 1049
570 357
570 61
1179 625
1179 540
1220 1181
1220 196
1781 673
1781 2036
1745 118
1745 1194
2031 1100
2031 1870
1806 657
1806 882
752 477
752 558
1437 492
1437 1915
968 453
968 678
1035 794
1035 267
455 1212
455 1825
1188 1900
1188 1177
983 541
983 1563
1021 813
1021 1602
306 1715
306 1865
1396 1777
1396 466
619 710
619 593
413 1205
413 758
1013 991
1013 1788
195 279
195 771
2033 30
2033 1937
2011 202
2011 1675
1522 1973
1522 1342
1775 1568
1775 339
275 973
275 458
1717 205
1717 1731
1985 1449
1985 153
1744 1737
1744 922
1597 786
1597 1524
1203 1709
1203 200
1523 1343
1523 296
1481 698
1481 712
995 1081
995 305
676 1022
676 1415
545 1994
545 462
169 1554
169 1328
1145 610
1145 439
1406 1285
1406 1445
581 1219
581 336
1742 2014
1742 853
1582 735
1582 1974
1548 328
1548 1447
1793 1435
1793 1191
644 1418
644 1255
1639 982
1639 141
1469 1258
1469 1193
998 681
998 1158
1533 1862
1533 2040
168 829
168 187
1632 157
1632 553
400 900
400 1417
1208 1153
1208 1776
156 675
156 587
280 1454
280 1108
229 910
229 1983
1228 1030
1228 1136
1425 1489
1425 807
1656 377
1656 880
1547 844
1547 472
942 514
942 1576
1491 1170
1491 1613
1261 978
1261 1527
502 819
502 1256
405 1317
405 840
397 179
397 1526
656 1444
656 1501
1010 175
1010 1555
1759 1041
1759 1338
1250 1310
1250 1235
936 560
936 160
1919 1790
1919 39
304 1334
304 1159
404 1231
404 1306
1772 792
1772 1688
95 907
95 1783
1818 1439
1818 830
1127 1043
1127 65
1580 1924
1580 1134
176 1037
176 142
1583 1819
1583 1859
459 851
459 881
957 1168
957 1098
780 842
780 1392
891 1648
891 66
723 1605
723 1982
1356 1930
1356 632
1047 408
1047 435
926 1268
926 837
2020 824
2020 274
524 1430
524 705
41 889
41 510
1008 1833
1008 1589
515 1965
515 1478
1346 535
1346 1792
1028 575
1028 389
155 600
155 685
841 1407
841 1950
653 1472
653 386
1441 1077
1441 387
1349 1638
1349 1068
303 321
303 847
938 1926
938 128
1434 1304
1434 445
1012 2006
1012 1661
816 1183
816 720
1403 596
1403 1056
1628 1615
1628 993
875 763
875 1364
1951 486
1951 1146
119 418
119 1695
401 1496
401 1160
1050 1265
1050 213
1634 7
1634 360
436 749
436 1243
174 715
174 410
1984 615
1984 147
1892 1606
1892 1829
660 1723
660 1796
1510 915
1510 374
1544 1598
1544 568
282 1083
282 843
1312 523
1312 873
1928 1287
1928 704
1066 493
1066 347
214 1214
214 10
113 130
113 805
806 423
806 579
1845 165
1845 237
1266 974
1266 370
980 2002
980 1171
789 441
789 43
27 107
27 1913
1237 1881
1237 1636
1195 1014
1195 1817
1313 731
1313 1436
1229 1789
1229 2015
28 1007
28 1670
2043 960
2043 232
1646 199
1646 1721
1020 40
1020 551
1331 2046
1331 103
159 158
159 324
1190 499
1190 1003
1156 1528
1156 1130
987 669
987 375
1044 557
1044 1822
640 707
640 281
527 150
527 1787
1291 1139
1291 935
695 1161
695 287
379 1398
379 2038
1835 2017
1835 149
1864 1211
1864 1051
1713 1957
1713 1319
1588 221
1588 2042
1318 1791
1318 1516
1732 1553
1732 530
340 1224
340 958
1488 1840
1488 1541
1380 1875
1380 1058
491 228
491 767
138 114
138 1509
931 605
931 36
1429 56
1429 272
1499 188
1499 1236
1365 1422
1365 1996
1071 1536
1071 16
1826 733
1826 1372
586 166
586 1650
1427 1682
1427 1877
154 123
154 115
542 1133
542 79
327 727
327 1075
635 518
635 302
624 1076
624 208
539 561
539 378
1988 310
1988 1711
1433 1697
1433 1502
1666 249
1666 1910
1062 965
1062 1223
1395 1720
1395 3
1593 144
1593 1689
862 1587
862 972
224 2026
224 1420
243 921
243 799
1933 384
1933 222
588 194
588 1552
1813 215
1813 1388
18 856
18 1741
1884 1844
1884 1432
1475 577
1475 868
1378 831
1378 100
381 1358
381 162
62 1393
62 1246
92 1676
92 1164
606 810
606 298
425 839
425 185
283 164
283 994
161 1095
161 473
1685 899
1685 253
886 475
886 1629
1448 1045
1448 320
1760 642
1760 1034
1023 754
1023 1866
1612 1185
1612 1837
866 1368
866 1663
1073 1374
1073 919
730 1027
730 218
1397 567
1397 1962
989 1700
989 1242
1714 409
1714 1653
1651 1497
1651 1092
238 836
238 1017
932 1147
932 779
376 1200
376 633
1074 694
1074 986
137 946
137 894
1323 1348
1323 953
342 411
342 1438
1410 1977
1410 170
261 219
261 426
1484 407
1484 430
1443 1823
1443 638
1707 1545
1707 289
914 798
914 4
647 1943
647 1550
1117 1221
1117 984
1462 335
1462 1006
556 1369
556 750
613 1657
613 34
1196 14
1196 26
927 354
927 703
954 1939
954 444
86 440
86 612
172 1935
172 307
163 496
163 801
369 1332
369 1929
1461 38
1461 1148
1376 859
1376 1724
1703 691
1703 1416
5 1912
5 452
1729 1551
1729 1024
1192 1466
1192 319
975 1315
975 2028
1668 970
1668 363
388 1280
388 1097
825 1498
825 191
1070 1899
1070 1394
876 167
876 1975
449 2001
449 380
1871 618
1871 1384
890 1838
890 109
1015 1814
1015 765
609 1854
609 1389
235 888
235 322
186 637
186 961
106 797
106 1855
1959 867
1959 1809
768 845
768 928
446 569
446 171
661 353
661 48
1126 1734
1126 686
1463 521
1463 1426
1728 12
1728 204
2039 63
2039 531
962 2
962 1897
576 1674
576 276
1798 1749
1798 1326
1647 1905
1647 263
533 1209
533 664
1736 528
1736 1361
751 1673
751 264
969 654
969 1718
419 811
419 1104
627 648
627 20
80 1945
80 1112
17 908
17 256
1109 1483
1109 2005
75 1163
75 1245
1903 1704
1903 1692
1308 490
1308 432
1869 930
1869 414
1482 227
1482 1549
923 143
923 543
896 1532
896 901
316 746
316 952
207 1579
207 203
1970 1872
1970 1574
391 985
391 1169
201 2025
201 1455
1920 597
1920 1805
463 834
463 602
372 1298
372 1486
2012 1671
2012 1166
1738 1105
1738 1961
1621 784
1621 94
804 934
804 135
1842 1690
1842 71
874 1531
874 1590
1446 83
1446 1234
506 1810
506 1409
1064 949
1064 285
300 198
300 29
1257 197
1257 855
412 1591
412 1357
1607 1971
1607 554
1366 487
1366 591
505 25
505 1386
1202 78
1202 1868
1952 604
1952 1879
1616 1631
1616 1431
1751 1644
1751 1476
1458 1679
1458 454
398 54
398 247
60 1630
60 395
1936 1911
1936 494
117 299
117 1367
242 641
242 1927
236 1061
236 1178
884 1321
884 140
992 696
992 1821
1625 1567
1625 233
741 773
741 861
1672 464
1672 1121
1390 1774
1390 448
877 1404
877 1521
812 1518
812 1856
1350 1908
1350 268
1052 1232
1052 689
1765 1172
1765 549
373 1087
373 356
802 603
802 190
762 1085
762 1785
1967 1345
1967 330
151 399
151 1144
1049 1747
1049 1174
357 692
357 680
61 718
61 893
625 11
625 343
540 1691
540 1294
1181 257
1181 1758
196 883
196 1727
673 84
673 1807
2036 1637
2036 1743
118 46
118 1450
1194 1645
1194 1687
1100 1090
1100 939
1870 959
1870 887
657 193
657 1274
882 1976
882 870
477 1363
477 1347
558 1712
558 1186
492 1572
492 1940
1915 1917
1915 1360
453 394
453 431
678 73
678 1391
794 206
794 1305
267 2022
267 443
1212 1778
1212 1222
1825 1152
1825 230
1900 1716
1900 1557
1177 863
1177 580
541 91
541 311
1563 1464
1563 1259
813 428
813 269
1602 1140
1602 2035
1715 924
1715 1309
1865 790
1865 808
1777 659
1777 2029
466 1595
466 1808
710 210
710 1375
593 1278
593 860
1205 1241
1205 314
758 1507
758 738
991 433
991 184
1788 1201
1788 1470
279 520
279 451
771 1768
771 1505
30 468
30 1867
1937 1215
1937 1251
202 1601
202 1091
1675 1275
1675 1412
1973 1325
1973 1968
1342 59
1342 2016
1568 1904
1568 999
339 917
339 895
973 1669
973 226
458 2019
458 776
205 368
205 525
1731 424
1731 532
1449 550
1449 1827
153 1719
153 1216
1737 869
1737 77
922 1756
922 822
786 1009
786 1424
1524 1834
1524 1419
1709 709
1709 1841
200 498
200 341
1343 220
1343 748
296 846
296 818
698 489
698 667
712 1296
712 1239
1081 93
1081 1761
305 181
305 1135
1022 742
1022 132
1415 945
1415 838
1994 1921
1994 362
462 290
462 251
1554 295
1554 1654
1328 1069
1328 519
610 740
610 1260
439 950
439 1997
1285 1519
1285 240
1445 649
1445 501
1219 1207
1219 1680
336 1762
336 6
2014 1539
2014 674
853 981
853 1794
735 1099
735 145
1974 1799
1974 1302
328 516
328 925
1447 1861
1447 977
1435 1963
1435 1381
1191 614
1191 948
1418 1941
1418 57
1255 88
1255 1495
982 871
982 964
141 1128
141 1119
1258 892
1258 966
1193 1890
1193 1592
681 1585
681 313
1158 1667
1158 1740
1862 1906
1862 1362
2040 1322
2040 416
829 1990
829 918
187 1925
187 1102
157 513
157 1297
553 719
553 225
900 1272
900 1693
1417 1123
1417 941
1153 589
1153 64
1776 1857
1776 1750
675 1901
675 1752
587 260
587 663
1454 701
1454 512
1108 803
1108 2018
910 393
910 1604
1983 35
1983 136
1030 126
1030 1240
1136 1031
1136 662
1489 631
1489 671
807 76
807 2013
377 585
377 688
880 745
880 739
844 1101
844 1873
472 1832
472 483
514 1797
514 350
1576 1477
1576 592
1170 699
1170 1011
1613 1290
1613 1885
978 333
978 292
1527 584
1527 1411
819 1001
819 800
1256 1633
1256 601
1317 646
1317 1878
840 879
840 764
179 1564
179 1853
1526 254
1526 1460
1444 1947
1444 1966
1501 1546
1501 312
175 737
175 1379
1555 1786
1555 1079
1041 979
1041 1442
1338 1699
1338 1511
1310 1060
1310 522
1235 456
1235 872
560 1149
560 1252
160 944
160 1094
1790 1980
1790 1784
39 725
39 1891
1334 2045
1334 1276
1159 1515
1159 1846
1231 1831
1231 1907
1306 1643
1306 700
792 1556
792 1327
1688 507
1688 1399
907 815
907 679
1783 854
1783 309
1439 262
1439 177
830 878
830 96
1043 1414
1043 437
65 1571
65 1184
1924 101
1924 1701
1134 1506
1134 1421
1037 607
1037 835
142 1569
142 504
1819 1286
1819 87
1859 1513
1859 1182
851 1594
851 1324
881 1154
881 1271
1168 1698
1168 1694
1098 270
1098 344
842 729
842 1248
1392 1887
1392 1658
1648 1517
1648 31
66 1300
66 2000
1605 2047
1605 315
1982 1512
1982 450
1930 1299
1930 988
632 814
632 997
408 1735
408 546
435 1617
435 417
1268 1303
1268 1283
837 1981
837 608
824 1485
824 1383
274 250
274 1635
1430 1839
1430 1387
705 69
705 1018
889 849
889 1292
510 345
510 67
1833 687
1833 1520
1589 832
1589 1263
1965 1956
1965 209
1478 1748
1478 1131
535 1730
535 1359
1792 1238
1792 714
575 963
575 796
389 823
389 503
600 15
600 616
685 51
685 534
1407 903
1407 1686
1950 1057
1950 850
1472 1053
1472 2010
386 1279
386 476
1077 1227
1077 904
387 385
387 990
1638 1705
1638 1803
1068 326
1068 105
321 112
321 465
847 1465
847 146
1926 1889
1926 956
128 629
128 760
1304 783
1304 636
445 743
445 809
2006 1626
2006 479
1661 1989
1661 1573
1183 1746
1183 1828
720 1295
720 1600
596 461
596 1820
1056 1175
1056 32
1615 1114
1615 19
993 547
993 717
763 13
763 1115
1364 1453
1364 753
486 366
486 127
1146 1535
1146 1802
418 402
418 1046
1695 650
1695 793
1496 1026
1496 1247
1160 1293
1160 1072
1265 736
1265 23
213 1206
213 1371
7 976
7 544
360 1894
360 713
749 365
749 1858
1243 1896
1243 665
715 1451
715 488
410 85
410 332
615 971
615 1898
147 1725
147 1944
1606 1922
1606 509
1829 574
1829 1329
1723 1678
1723 1978
1796 1529
1796 1487
915 848
915 573
374 291
374 192
1598 1316
1598 564
568 1995
568 1440
1083 1314
1083 1972
843 2023
843 44
523 182
523 248
873 1004
873 1848
1287 1002
1287 940
704 909
704 266
493 682
493 1253
347 1622
347 1534
1214 1764
1214 1311
10 1991
10 139
130 1627
130 943
805 70
805 1016
423 1726
423 643
579 1863
579 1755
165 781
165 259
237 1400
237 1176
974 1262
974 759
370 474
370 951
2002 258
2002 1503
1171 1932
1171 1025
441 134
441 1281
43 358
43 1836
107 131
107 102
1913 104
1913 349
1881 1702
1881 902
1636 2008
1636 1282
1014 1608
1014 2024
1817 265
1817 1111
731 672
731 1254
1436 1198
1436 98
1789 1722
1789 2021
2015 911
2015 1811
1007 1902
1007 621
1670 1120
1670 552
960 1770
960 1197
232 1493
232 1960
199 728
199 2034
1721 757
1721 1542
40 1129
40 1157
551 670
551 1067
2046 1543
2046 383
103 1954
103 1706
158 497
158 277
324 769
324 361
499 655
499 1815
1003 1623
1003 2030
1528 89
1528 1659
1130 1452
1130 422
669 116
669 1931
375 1570
375 716
557 447
557 500
1822 1525
1822 1562
707 668
707 1423
281 651
281 1055
150 747
150 1199
1787 1494
1787 821
1139 620
1139 1187
935 1217
935 1284
1161 334
1161 1080
287 1078
287 1336
1398 1874
1398 1106
2038 529
2038 1816
2017 323
2017 920
149 216
149 766
1211 1204
1211 1614
1051 1344
1051 421
1957 1351
1957 2007
1319 325
1319 967
221 1993
221 1377
2042 2027
2042 1500
1791 49
1791 788
1516 1916
1516 1824
1553 1955
1553 1886
530 1029
530 1270
1224 1180
1224 212
958 90
958 1986
1840 348
1840 537
1541 1603
1541 470
1875 133
1875 1267
1058 1696
1058 590
228 652
228 1320
767 538
767 245
114 1113
114 293
1509 442
1509 21
605 2044
605 1189
36 684
36 485
56 933
56 1036
272 1225
272 1577
188 1782
188 1353
1236 288
1236 1683
1422 2041
1422 121
1996 1514
1996 1340
1536 1301
1536 1987
16 1162
16 1504
733 82
733 286
1372 1880
1372 508
166 1609
166 111
1650 234
1650 1948
1682 1559
1682 828
1877 1467
1877 239
123 55
123 1953
115 1218
115 996
1133 626
1133 223
79 1167
79 1660
727 1107
727 429
1075 1143
1075 833
518 645
518 241
302 9
302 1561
