255 255 42067
129 105
129 199
105 215
105 51
199 101
199 185
215 106
215 64
51 244
51 82
101 170
101 238
185 130
185 205
106 108
106 151
64 32
64 128
244 243
244 85
82 62
82 228
170 93
170 57
238 88
238 114
130 171
130 218
205 246
205 94
108 155
108 54
151 86
151 212
32 189
32 167
128 173
128 58
243 180
243 124
85 79
85 192
62 109
62 175
228 236
228 153
93 3
93 168
57 23
57 225
88 222
88 162
114 230
114 208
171 29
171 161
218 45
218 71
246 15
246 152
94 40
94 44
155 214
155 36
54 221
54 157
86 164
86 231
212 52
212 66
189 104
189 210
167 9
167 25
173 138
173 248
58 56
58 41
180 148
180 123
124 204
124 97
79 176
79 140
192 4
192 91
109 194
109 42
175 47
175 158
236 73
236 136
153 68
153 28
3 13
3 74
168 20
168 133
23 33
23 197
225 90
225 14
222 110
222 139
162 150
162 255
230 92
230 211
208 70
208 177
29 10
29 159
161 5
161 202
45 191
45 18
71 43
71 160
15 39
15 183
152 137
152 6
40 195
40 95
44 249
44 145
214 87
214 174
36 239
36 233
221 216
221 154
157 179
157 48
164 115
164 182
231 156
231 112
52 237
52 7
66 181
66 217
104 163
104 229
210 227
210 240
9 81
9 119
25 27
25 178
138 63
138 100
248 226
248 144
56 203
56 149
41 49
41 76
148 143
148 147
123 31
123 127
204 60
204 253
97 187
97 12
176 99
176 125
140 89
140 65
4 103
4 21
91 146
91 252
194 188
194 232
42 102
42 200
47 207
47 8
158 165
158 190
73 30
73 61
136 46
136 83
68 122
68 172
28 135
28 75
13 219
13 111
74 77
74 34
20 98
20 224
133 53
133 251
33 247
33 196
197 209
197 72
90 201
90 206
14 193
14 121
110 96
110 107
139 2
139 26
150 19
150 22
255 142
255 117
92 126
92 35
211 242
211 245
70 120
70 254
177 198
177 69
10 141
10 134
159 113
159 24
5 11
5 169
202 78
202 116
191 132
191 213
18 250
18 184
43 67
43 80
160 84
160 55
39 17
39 118
183 131
183 37
137 166
137 186
6 59
6 223
195 1
195 220
95 50
95 38
249 235
249 16
145 241
145 234
206 202
206 138
202 180
202 59
138 52
138 65
180 72
180 182
59 228
59 145
52 88
52 104
65 175
65 150
72 129
72 14
182 102
182 192
228 229
228 54
145 203
145 122
88 234
88 166
104 114
104 9
175 96
175 172
150 4
150 146
129 187
129 247
14 221
14 218
102 61
102 110
192 89
192 50
229 128
229 216
54 16
54 212
203 80
203 32
122 160
122 140
234 92
234 238
166 243
166 53
114 244
114 43
9 157
9 176
96 118
96 249
172 28
172 68
4 174
4 137
146 224
146 79
187 117
187 1
247 97
247 101
221 215
221 127
218 25
218 31
61 84
61 21
110 237
110 15
89 77
89 95
50 223
50 78
128 18
128 7
216 211
216 42
16 116
16 255
212 136
212 201
80 100
80 141
32 208
32 3
160 240
160 214
140 111
140 246
92 120
92 51
238 195
238 226
243 171
243 93
53 34
53 119
244 74
244 11
43 132
43 67
157 252
157 112
176 58
176 22
118 60
118 217
249 85
249 177
28 153
28 66
68 199
68 133
174 159
174 193
137 154
137 144
224 41
224 27
79 231
79 64
117 158
117 46
1 123
1 125
97 251
97 40
101 126
101 39
215 194
215 168
127 184
127 108
25 254
25 62
31 49
31 204
84 173
84 198
21 156
21 130
237 250
237 56
15 8
15 227
77 81
77 248
95 191
95 44
223 19
223 253
78 87
78 91
18 107
18 220
7 115
7 47
211 225
211 37
42 230
42 63
116 94
116 235
255 70
255 196
136 219
136 33
201 38
201 69
100 190
100 30
141 186
141 76
208 213
208 232
3 5
3 55
240 149
240 189
214 10
214 73
111 197
111 12
246 135
246 142
120 162
120 239
51 207
51 200
195 164
195 170
226 233
226 241
171 105
171 121
93 222
93 155
34 148
34 134
119 99
119 45
74 86
74 82
11 139
11 17
132 209
132 161
67 26
67 75
252 178
252 6
112 131
112 113
58 83
58 245
22 179
22 71
60 2
60 165
217 29
217 210
85 151
85 242
177 13
177 106
153 57
153 23
66 181
66 163
199 90
199 103
133 24
133 147
159 20
159 98
193 167
193 152
154 236
154 124
144 35
144 143
41 205
41 36
27 188
27 183
231 185
231 48
64 109
64 169
