255 511 473845137
29 56
29 252
56 85
56 127
252 16
252 200
85 46
85 197
127 61
127 68
16 167
16 83
200 36
200 97
46 71
46 176
197 205
197 128
61 232
61 178
68 250
68 201
167 5
167 93
83 138
83 253
36 24
36 158
97 235
97 63
71 152
71 208
176 100
176 239
205 106
205 115
128 254
128 171
232 133
232 67
178 72
178 249
250 12
250 75
201 150
201 234
5 172
5 108
93 137
93 186
138 22
138 84
253 255
253 8
24 43
24 18
158 55
158 74
235 156
235 145
63 110
63 165
152 10
152 33
208 151
208 96
100 163
100 86
239 92
239 58
106 78
106 122
115 42
115 54
254 136
254 217
171 218
171 69
133 231
133 2
67 49
67 248
72 184
72 53
249 80
249 87
12 119
12 32
75 177
75 190
150 181
150 34
234 159
234 38
172 196
172 182
108 70
108 31
137 19
137 73
186 20
186 125
22 140
22 60
84 192
84 155
255 183
255 123
8 193
8 37
43 242
43 141
18 213
18 195
55 175
55 149
74 39
74 191
156 14
156 15
145 90
145 134
110 62
110 30
165 198
165 229
10 64
10 174
33 215
33 112
151 35
151 41
96 212
96 102
163 240
163 241
86 168
86 194
92 21
92 204
58 48
58 169
78 13
78 211
122 117
122 227
42 236
42 129
54 157
54 162
136 9
136 245
217 120
217 179
218 222
218 164
69 107
69 206
231 207
231 170
2 202
2 121
49 224
49 94
248 76
248 126
184 99
184 26
53 28
53 223
80 139
80 148
87 221
87 130
119 11
119 180
32 247
32 101
177 131
177 161
190 228
190 244
181 135
181 166
34 109
34 45
159 173
159 238
38 199
38 104
196 251
196 188
182 225
182 233
70 51
70 118
31 237
31 98
19 91
19 216
73 214
73 187
20 154
20 146
125 143
125 89
140 105
140 47
60 116
60 185
192 40
192 23
155 65
155 44
183 27
183 144
123 4
123 210
193 114
193 209
37 52
37 219
242 230
242 147
141 6
141 132
213 82
213 77
195 220
195 25
175 124
175 88
149 160
149 79
39 50
39 203
191 3
191 189
14 142
14 1
15 59
15 7
90 246
90 57
134 95
134 66
62 153
62 113
30 243
30 103
198 81
198 111
229 17
229 226
312 408
312 388
408 471
408 237
388 473
388 285
471 291
471 451
237 51
237 167
473 400
473 462
285 26
285 160
291 27
291 192
451 496
451 244
51 308
51 80
167 268
167 450
400 362
400 129
462 165
462 498
26 387
26 90
160 191
160 464
27 429
27 211
192 107
192 74
496 28
496 287
244 422
244 140
308 64
308 155
80 209
80 14
268 110
268 49
450 433
450 259
362 235
362 63
129 350
129 501
165 240
165 349
498 444
498 494
387 461
387 48
90 125
90 109
191 95
191 136
464 397
464 409
429 364
429 463
211 337
211 234
107 224
107 12
74 449
74 96
28 60
28 457
287 204
287 13
422 52
422 141
140 36
140 460
64 321
64 33
155 354
155 50
209 385
209 230
14 257
14 77
110 377
110 483
49 330
49 117
433 332
433 35
259 166
259 42
235 413
235 188
63 20
63 158
350 338
350 145
501 428
501 193
240 416
240 499
349 144
349 218
444 276
444 479
494 161
494 115
461 45
461 225
48 83
48 199
125 301
125 177
109 73
109 289
95 164
95 365
136 270
136 423
397 94
397 5
409 105
409 309
364 202
364 351
463 417
463 236
337 176
337 419
234 323
234 99
224 121
224 356
12 430
12 150
449 341
449 22
96 163
96 38
60 503
60 331
457 389
457 448
204 361
204 295
13 327
13 76
52 272
52 345
141 507
141 342
36 261
36 169
460 468
460 401
321 190
321 456
33 175
33 382
354 138
354 284
50 281
50 378
385 252
385 486
230 147
230 251
257 395
257 151
77 118
77 103
377 472
377 315
483 294
483 54
330 91
330 262
117 114
117 130
332 213
332 434
35 249
35 303
166 57
166 292
42 406
42 88
413 474
413 208
188 139
188 247
20 248
20 376
158 58
158 390
338 61
338 131
145 11
145 89
428 366
428 127
193 29
193 217
416 469
416 488
499 339
499 146
144 320
144 360
218 368
218 275
276 201
276 100
479 1
479 137
161 171
161 348
115 168
115 31
45 21
45 454
225 278
225 458
83 465
83 344
199 30
199 470
301 10
301 328
177 62
177 316
73 24
73 371
289 370
289 383
164 277
164 310
365 154
365 346
270 363
270 357
423 283
423 226
94 299
94 398
5 159
5 200
105 372
105 106
309 353
309 59
202 239
202 79
351 120
351 304
417 242
417 142
236 427
236 325
176 128
176 152
419 227
419 477
323 223
323 432
99 178
99 180
121 326
121 490
356 500
356 133
430 198
430 493
150 478
150 47
341 157
341 2
22 215
22 101
163 404
163 504
38 189
38 4
503 497
503 206
331 311
331 373
389 65
389 393
448 399
448 485
361 358
361 16
295 296
295 290
327 39
327 149
76 104
76 489
272 123
272 69
345 442
345 414
507 260
507 153
342 510
342 212
261 418
261 148
169 476
169 97
468 343
468 394
401 280
401 195
190 324
190 421
456 352
456 207
175 216
175 407
382 267
382 254
138 81
138 210
284 143
284 87
281 243
281 415
378 379
378 336
252 271
252 132
486 182
486 282
147 92
147 258
251 298
251 305
395 335
395 412
151 6
151 475
118 264
118 455
103 440
103 116
472 85
472 453
315 297
315 355
294 41
294 443
54 84
54 347
91 72
91 495
262 229
262 481
114 402
114 23
130 186
130 279
213 126
213 220
434 219
434 329
249 509
249 307
303 420
303 441
57 314
57 506
292 232
292 102
406 98
406 466
88 492
88 185
474 46
474 245
208 334
208 381
139 445
139 194
247 9
247 71
248 384
248 274
376 228
376 367
58 306
58 78
390 253
390 241
61 34
61 246
131 403
131 375
11 214
11 392
89 187
89 439
366 174
366 318
127 508
127 265
29 222
29 431
217 82
217 487
469 317
469 319
488 37
488 53
339 134
339 340
146 380
146 55
320 156
320 15
360 273
360 511
368 250
368 438
275 313
275 196
201 484
201 68
100 135
100 40
1 108
1 179
137 391
137 359
171 238
171 112
348 67
348 93
168 75
168 286
31 467
31 446
21 410
21 369
454 269
454 491
278 452
278 203
458 231
458 436
465 205
465 266
344 86
344 424
30 170
30 459
470 8
470 44
10 447
10 32
328 333
328 435
62 263
62 480
316 411
316 183
24 374
24 255
371 221
371 113
370 172
370 405
383 502
383 173
277 197
277 66
310 300
310 426
154 322
154 425
346 124
346 43
363 256
363 17
357 233
357 505
283 56
283 162
226 396
226 184
299 7
299 119
398 293
398 70
159 25
159 3
200 437
200 288
372 302
372 19
106 18
106 122
353 386
353 181
59 482
59 111
