31 63 52
18 3
18 28
3 20
3 9
28 2
28 15
20 1
20 29
9 21
9 8
2 26
2 19
15 17
15 5
1 24
1 25
29 13
29 31
21 14
21 10
8 4
8 27
26 22
26 30
19 11
19 6
17 12
17 7
5 23
5 16
52 20
52 44
20 33
20 60
44 30
44 62
33 35
33 7
60 10
60 23
30 37
30 15
62 59
62 54
35 39
35 14
7 47
7 16
10 36
10 9
23 58
23 50
37 6
37 21
15 25
15 2
59 49
59 32
54 55
54 40
39 24
39 27
14 42
14 34
47 5
47 4
16 18
16 29
36 38
36 57
9 63
9 11
58 19
58 45
50 56
50 12
6 28
6 61
21 13
21 31
25 3
25 26
2 48
2 46
49 51
49 41
32 1
32 43
55 17
55 8
40 22
40 53
