7 2047 955141
3 7
3 1
7 4
7 6
1 5
1 2
876 498
876 64
498 1394
498 286
64 1865
64 1206
1394 1833
1394 1986
286 1510
286 1803
1865 820
1865 1494
1206 2014
1206 1751
1833 508
1833 759
1986 47
1986 789
1510 1582
1510 440
1803 433
1803 1110
820 1128
820 580
1494 134
1494 908
2014 1957
2014 195
1751 1188
1751 978
508 611
508 203
759 1205
759 1314
47 1914
47 1153
789 1832
789 651
1582 1846
1582 1408
440 480
440 1190
433 251
433 327
1110 1868
1110 493
1128 314
1128 842
580 94
580 836
134 1112
134 915
908 1455
908 888
1957 231
1957 178
195 393
195 256
1188 1005
1188 23
978 709
978 364
611 464
611 774
203 1231
203 510
1205 92
1205 45
1314 398
1314 1437
1914 1155
1914 479
1153 1234
1153 1282
1832 419
1832 474
651 1239
651 756
1846 344
1846 2035
1408 112
1408 1062
480 157
480 716
1190 483
1190 185
251 420
251 1381
327 1100
327 505
1868 444
1868 693
493 791
493 1526
314 702
314 2002
842 1678
842 1720
94 1996
94 189
836 1359
836 1939
1112 1011
1112 1316
915 1834
915 386
1455 1826
1455 435
888 342
888 950
231 339
231 33
178 834
178 839
393 285
393 190
256 1656
256 1631
1005 1556
1005 1704
23 1703
23 1343
709 1262
709 354
364 1332
364 1226
464 1707
464 123
774 1123
774 1827
1231 1032
1231 810
510 584
510 223
92 1261
92 1896
45 1087
45 89
398 214
398 1559
1437 1044
1437 725
1155 1299
1155 1566
479 783
479 1312
1234 1883
1234 1676
1282 563
1282 243
419 1328
419 856
474 135
474 1423
1239 432
1239 237
756 910
756 383
344 952
344 983
2035 526
2035 918
112 1478
112 911
1062 152
1062 1614
157 841
157 304
716 1856
716 1517
483 1109
483 126
185 968
185 1124
420 1035
420 1542
1381 980
1381 1096
1100 559
1100 1029
505 279
505 455
444 1322
444 1691
693 1830
693 460
791 1540
791 1456
1526 291
1526 855
702 1798
702 150
2002 422
2002 1257
1678 490
1678 1976
1720 578
1720 469
1996 213
1996 1791
189 975
189 890
1359 1473
1359 619
1939 1721
1939 1278
1011 1154
1011 1522
1316 1762
1316 830
1834 661
1834 1750
386 565
386 1216
1826 898
1826 1763
435 238
435 933
342 1622
342 1102
950 714
950 582
339 408
339 799
33 392
33 937
834 927
834 1928
839 1141
839 2039
285 782
285 1023
190 1050
190 1459
1656 792
1656 1784
1631 1241
1631 2001
1556 1657
1556 958
1704 1425
1704 775
1703 535
1703 1673
1343 263
1343 1815
1262 1729
1262 1693
354 738
354 1247
1332 1017
1332 1624
1226 261
1226 1202
1707 1149
1707 184
123 644
123 188
1123 323
1123 170
1827 1864
1827 542
1032 586
1032 637
810 1618
810 630
584 1852
584 299
223 439
223 1313
1261 501
1261 670
1896 104
1896 992
1087 488
1087 204
89 1168
89 260
214 149
214 1368
1559 1527
1559 1967
1044 1936
1044 1288
725 1585
725 592
1299 566
1299 1246
1566 1038
1566 971
783 1244
783 1818
1312 1177
1312 1025
1883 227
1883 917
1676 972
1676 1839
563 1037
563 989
243 899
243 1093
1328 529
1328 1857
856 298
856 1327
135 12
135 807
1423 733
1423 859
432 1855
432 215
237 594
237 2020
910 786
910 1736
383 1113
383 591
952 1923
952 1534
983 779
983 956
526 1600
526 1106
918 1893
918 1516
1478 1955
1478 139
911 728
911 943
152 509
152 331
1614 217
1614 1116
841 211
841 1875
304 1103
304 757
1856 579
1856 1537
1517 441
1517 1988
1109 750
1109 762
126 552
126 1030
968 1665
968 778
1124 284
1124 1295
1035 547
1035 182
1542 1823
1542 1882
980 309
980 1256
1096 838
1096 159
559 600
559 569
1029 218
1029 425
279 186
279 804
455 95
455 76
1322 862
1322 1069
1691 1358
1691 1635
1830 267
1830 1104
460 875
460 372
1540 290
1540 1186
1456 206
1456 232
291 845
291 1605
855 176
855 748
1798 729
1798 1910
150 999
150 409
422 1373
422 459
1257 328
1257 1597
490 2015
490 1319
1976 1336
1976 1571
578 1170
578 554
469 601
469 1156
213 560
213 241
1791 1060
1791 938
975 1925
975 893
890 696
890 1525
1473 523
1473 1940
619 1685
619 410
1721 447
1721 1732
1278 1964
1278 292
1154 1746
1154 1535
1522 666
1522 1360
1762 593
1762 1021
830 643
830 1698
661 1335
661 1900
1750 415
1750 1974
565 1290
565 1082
1216 813
1216 2043
898 229
898 1738
1763 361
1763 719
238 1395
238 1121
933 348
933 391
1622 1739
1622 1674
1102 1298
1102 40
714 1045
714 2037
582 1392
582 608
408 1538
408 1568
799 352
799 808
392 1705
392 1009
937 524
937 1779
927 38
927 13
1928 1661
1928 1612
1141 1822
1141 903
2039 726
2039 928
782 258
782 802
1023 1806
1023 1985
1050 1629
1050 895
1459 225
1459 1367
792 1842
792 1700
1784 768
1784 14
1241 1413
1241 639
2001 1054
2001 1710
1657 1697
1657 1382
958 1850
958 8
1425 212
1425 1309
775 772
775 1644
535 1349
535 1871
1673 1942
1673 2009
263 1653
263 499
1815 228
1815 1175
1729 22
1729 993
1693 1049
1693 1444
738 1699
738 1973
1247 829
1247 421
1017 1755
1017 75
1624 486
1624 1581
261 374
261 2042
1202 468
1202 674
1149 1098
1149 1075
184 1386
184 475
644 1546
644 1972
188 816
188 81
323 785
323 478
170 564
170 801
1864 655
1864 721
542 1824
542 752
586 1173
586 1445
637 207
637 1041
1618 144
1618 58
630 1491
630 1136
1852 1377
1852 1334
299 1511
299 1086
439 194
439 2012
1313 1152
1313 289
501 916
501 1778
670 1391
670 1932
104 1077
104 221
992 311
992 316
488 1329
488 68
204 761
204 356
1168 1114
1168 1067
260 1911
260 1470
149 1461
149 1252
1368 321
1368 1483
1527 1370
1527 622
1967 1291
1967 1080
1936 877
1936 1371
1288 453
1288 143
1585 1570
1585 1493
592 454
592 247
566 1554
566 1074
1246 844
1246 1489
1038 1339
1038 201
971 1816
971 1828
1244 557
1244 1292
1818 1220
1818 1419
1177 504
1177 966
1025 640
1025 2004
227 555
227 1450
917 25
917 776
972 2041
972 1552
1839 270
1839 764
1037 1143
1037 1194
989 1162
989 1224
899 137
899 1363
1093 470
1093 540
529 1384
529 739
1857 1350
1857 1388
298 174
298 129
1327 1769
1327 430
12 740
12 667
807 1984
807 224
733 1519
733 1264
859 1756
859 857
1855 1885
1855 1400
215 10
215 252
594 404
594 520
2020 2032
2020 636
786 1236
786 362
1736 982
1736 107
1113 1410
1113 735
591 1481
591 1716
1923 1012
1923 871
1534 897
1534 1105
779 979
779 1002
956 1555
956 99
1600 595
1600 335
1106 718
1106 1528
1893 1926
1893 113
1516 1267
1516 31
1955 377
1955 602
139 609
139 1795
728 1924
728 1174
943 1028
943 577
509 49
509 1466
331 495
331 1625
217 623
217 1754
1116 357
1116 1211
211 931
211 1131
1875 449
1875 1372
1103 965
1103 539
757 1634
757 1969
579 319
579 835
1537 325
1537 346
441 1768
441 451
1988 1066
1988 1276
750 1199
750 1513
762 442
762 1385
552 130
552 2006
1030 1687
1030 1718
1665 1662
1665 1195
778 98
778 1232
284 1040
284 397
1295 400
1295 1193
547 823
547 21
182 2016
182 1271
1823 71
1823 664
1882 1642
1882 380
309 1063
309 1337
1256 1065
1256 882
838 832
838 120
159 1682
159 1866
600 1869
600 1480
569 833
569 1577
218 1421
218 265
425 1354
425 1111
186 200
186 1737
804 360
804 220
95 773
95 1431
76 1079
76 852
862 1753
862 1215
1069 1165
1069 250
1358 1357
1358 70
1635 1646
1635 1169
267 1728
267 2033
1104 175
1104 1272
875 527
875 1383
372 1569
372 287
290 341
290 997
1186 136
1186 974
206 180
206 1006
232 727
232 72
845 1545
845 1860
1605 1118
1605 1836
176 1660
176 1802
748 1783
748 1515
729 172
729 1922
1910 537
1910 1849
999 744
999 766
409 1158
409 269
1373 1576
1373 1792
459 598
459 428
328 923
328 210
1597 1198
1597 418
2015 1223
2015 275
1319 1070
1319 515
1336 101
1336 695
1571 1230
1571 1730
1170 669
1170 516
554 1954
554 1799
601 69
601 1340
1156 1512
1156 121
560 1507
560 647
241 1645
241 373
1060 1164
1060 1251
938 29
938 1840
1925 1304
1925 1229
893 355
893 1031
696 1479
696 1781
1525 680
1525 1454
523 1549
523 1307
1940 1225
1940 61
1685 645
1685 1773
410 1200
410 819
447 1027
447 1433
1732 1406
1732 790
1964 1201
1964 376
292 590
292 1654
1746 2017
1746 621
1535 484
1535 571
666 1390
666 1014
1360 1341
1360 401
593 574
593 1880
1021 280
1021 1258
643 332
643 91
1698 617
1698 1606
1335 324
1335 1418
1900 924
1900 1615
415 1429
415 1160
1974 85
1974 1427
1290 1438
1290 36
1082 741
1082 679
813 981
813 1253
2043 1380
2043 1036
229 722
229 329
1738 234
1738 395
361 1843
361 614
719 1508
719 1733
1395 1396
1395 1010
1121 151
1121 1387
348 1217
348 1844
391 632
391 1937
1739 1620
1739 1777
1674 583
1674 746
1298 1877
1298 336
40 1632
40 665
1045 1712
1045 1374
2037 894
2037 1417
1392 700
1392 1426
608 1797
608 920
1538 90
1538 165
1568 371
1568 1351
352 1137
352 1089
808 1664
808 1268
1705 869
1705 732
1009 1018
1009 1742
524 1977
524 1887
1779 1805
1779 1287
38 1994
38 954
13 359
13 1191
1661 683
1661 254
1612 1915
1612 2027
1822 63
1822 1048
903 283
903 1081
726 1485
726 863
928 821
928 1249
258 1670
258 3
802 423
802 1748
1806 1863
1806 2029
1985 1695
1985 67
1629 1342
1629 1643
895 1686
895 413
225 944
225 1669
1367 1599
1367 1015
1842 1770
1842 1580
1700 1056
1700 677
768 1919
768 1989
14 1280
14 1558
1413 892
1413 147
639 1785
639 550
1054 1796
1054 1679
1710 826
1710 1344
1697 1628
1697 340
1382 1094
1382 66
1850 1214
1850 246
8 1242
8 1819
212 1003
212 310
1309 684
1309 166
772 682
772 787
1644 1553
1644 255
1349 985
1349 363
1871 1722
1871 86
1942 724
1942 603
2009 1767
2009 858
1653 1959
1653 940
499 1579
499 1820
228 282
228 1590
1175 1655
1175 414
22 818
22 887
993 448
993 466
1049 83
1049 984
1444 1701
1444 11
1699 562
1699 1266
1973 78
1973 891
829 806
829 481
421 1888
421 1140
1755 109
1755 1
75 54
75 1414
486 1564
486 1744
1581 436
1581 1607
374 160
374 100
2042 676
2042 531
468 503
468 1965
674 1058
674 681
1098 781
1098 1303
1075 947
1075 1847
1386 1898
1386 1608
475 1078
475 1324
1546 1789
1546 1273
1972 1543
1972 458
816 375
816 1520
81 754
81 704
785 959
785 708
478 191
478 1331
564 271
564 1944
801 1901
801 407
655 874
655 1927
721 1530
721 1971
1824 1780
1824 347
752 15
752 1315
1173 1962
1173 1210
1445 1584
1445 1235
207 1531
207 1562
1041 79
1041 103
144 1101
144 1961
58 1723
58 1436
1491 853
1491 870
1136 2046
1136 446
1377 431
1377 1560
1334 1302
1334 30
1511 512
1511 1903
1086 828
1086 575
194 1300
194 1428
2012 861
2012 1740
1152 1092
1152 678
289 1952
289 703
916 519
916 1145
1778 1529
1778 1879
1391 1365
1391 245
1932 1521
1932 1464
1077 1197
1077 1393
221 731
221 822
311 1689
311 1980
316 1122
316 378
1329 1084
1329 932
68 1725
68 672
761 747
761 230
356 1458
356 110
1114 698
1114 242
1067 1422
1067 1858
1911 1892
1911 1861
1470 1321
1470 1353
1461 987
1461 1338
1252 1764
1252 471
321 82
321 1434
1483 697
1483 941
1370 367
1370 1991
622 784
622 1157
1291 1934
1291 796
1080 1134
1080 880
877 1591
877 1279
1371 1890
1371 1870
453 811
453 462
143 1022
143 44
1570 710
1570 628
1493 59
1493 385
454 438
454 1946
247 1019
247 827
1554 990
1554 532
1074 1775
1074 814
844 1841
844 1636
1489 2040
1489 638
1339 543
1339 1115
201 1524
201 949
1816 606
1816 88
1828 573
1828 277
557 618
557 53
1292 1808
1292 427
1220 467
1220 1638
1419 1501
1419 642
504 506
504 1398
966 1563
966 1523
640 192
640 2018
2004 424
2004 687
555 1565
555 1731
1450 259
1450 1059
25 1042
25 1443
776 576
776 1352
2041 1993
2041 1487
1552 1713
1552 2031
270 1064
270 312
764 1248
764 513
1143 164
1143 489
1194 1496
1194 889
1162 1881
1162 1557
1224 1083
1224 2038
137 1192
137 141
1363 365
1363 73
470 233
470 689
540 544
540 921
1384 20
1384 1016
739 653
739 1274
1350 370
1350 1648
1388 491
1388 1848
174 60
174 1129
129 1761
129 904
1769 343
1769 581
430 765
430 688
740 777
740 734
667 886
667 1617
1984 1547
1984 706
224 867
224 1671
1519 967
1519 97
1264 1649
1264 1949
1756 901
1756 865
857 1448
857 87
1885 1902
1885 1786
1400 1895
1400 171
10 1138
10 1859
252 717
252 2005
404 1894
404 445
520 1724
520 912
2032 334
2032 872
636 1498
636 244
1236 16
1236 1259
362 1310
362 1503
982 2003
982 1000
107 1189
107 948
1410 1222
1410 572
735 654
735 1039
1481 196
1481 1741
1716 522
1716 1544
1012 1462
1012 570
871 1668
871 673
897 322
897 248
1105 1951
1105 1465
979 1659
979 925
1002 662
1002 138
1555 939
1555 749
99 264
99 417
595 1862
595 1047
335 366
335 1468
718 1587
718 37
1528 605
1528 1539
1926 518
1926 162
113 1420
113 549
1267 1228
1267 1474
31 730
31 117
377 1097
377 1402
602 1873
602 1475
609 1626
609 668
1795 27
1795 2047
1924 691
1924 402
1174 1702
1174 1596
1028 1979
1028 205
577 1482
577 848
49 767
49 685
1466 561
1466 1621
495 1966
495 607
1625 1055
1625 998
623 723
623 1598
1754 1505
1754 1666
357 631
357 736
1211 906
1211 963
931 390
931 379
1131 751
1131 1998
449 52
449 1412
1372 278
1372 1453
965 1583
965 96
539 173
539 35
1634 84
1634 1209
1969 6
1969 1930
319 1684
319 1159
835 307
835 1467
325 1007
325 815
346 1907
346 1550
1768 337
1768 652
451 1447
451 1001
1066 1825
1066 625
1276 2045
1276 760
1199 1150
1199 620
1513 494
1513 1613
442 19
442 1053
1385 843
1385 541
130 1884
130 416
2006 1330
2006 860
1687 634
1687 1652
1718 629
1718 533
1662 9
1662 902
1195 771
1195 1416
98 1148
98 1782
1232 1135
1232 1692
1040 1364
1040 558
397 1997
397 405
400 1132
400 1958
1193 1296
1193 1013
823 1658
823 1051
21 1551
21 986
2016 711
2016 1548
1271 1694
1271 1405
71 105
71 825
664 80
664 837
1642 42
1642 412
380 1592
380 1690
1063 1471
1063 502
1337 1286
1337 1073
1065 140
1065 1509
882 7
882 1990
832 492
832 1532
120 1492
120 648
1682 239
1682 268
1866 384
1866 969
1869 1240
1869 624
1480 692
1480 1068
833 235
833 1269
1577 18
1577 840
1421 1647
1421 1533
265 74
265 1348
1354 1072
1354 795
1111 472
1111 793
200 596
200 1714
1737 1166
1737 434
360 538
360 281
220 1439
220 127
773 960
773 1452
1431 656
1431 477
1079 303
1079 1325
852 1179
852 1726
1753 1326
1753 1878
1215 315
1215 803
1165 1912
1165 28
250 1119
250 1749
1357 1518
1357 568
70 145
70 1294
1646 976
1646 1790
1169 1995
1169 854
1728 1637
1728 429
2033 817
2033 181
175 1284
175 1829
1272 1411
1272 1589
527 179
527 1604
1383 1181
1383 1772
1569 1375
1569 77
287 660
287 2023
341 208
341 1804
997 1572
997 715
136 635
136 1611
974 1727
974 465
180 1853
180 1318
1006 452
1006 226
727 1176
727 485
72 1809
72 663
1545 1982
1545 1588
1860 694
1860 496
1118 125
1118 396
1836 1486
1836 1968
1660 93
1660 1630
1802 249
1802 1913
1783 1463
1783 1681
1515 1346
1515 1938
172 935
172 1708
1922 1178
1922 961
537 1960
537 108
1849 17
1849 1034
744 1909
744 1204
766 2044
766 1999
1158 1947
1158 2010
269 1743
269 534
1576 57
1576 240
1792 487
1792 338
598 1085
598 1355
428 333
428 1277
923 461
923 456
210 1451
210 1683
1198 657
1198 2024
418 556
418 1147
1223 1766
1223 1052
275 633
275 300
1070 1504
1070 1281
515 406
515 1243
101 1810
101 2030
695 988
695 794
1230 262
1230 1677
1730 1899
1730 1108
669 511
669 128
516 1366
516 1333
1954 922
1954 753
1799 1595
1799 909
69 1650
69 1024
1340 358
1340 1435
1512 1196
1512 411
121 153
121 65
1507 1180
1507 1020
647 1709
647 1886
1645 1935
1645 883
373 24
373 995
1164 2034
1164 1227
1251 1943
1251 1415
29 111
29 742
1840 2036
1840 253
1304 1536
1304 1238
1229 1734
1229 798
355 2028
355 330
1031 1641
1031 1183
1479 780
1479 934
1781 528
1781 2013
680 1151
680 712
1454 1275
1454 1187
1549 26
1549 991
1307 34
1307 55
1225 627
1225 1891
61 1609
61 457
645 1488
645 1872
1773 158
1773 610
1200 1317
1200 1905
819 885
819 1167
1027 977
1027 864
1433 1401
1433 1213
1406 1639
1406 133
790 1362
790 308
1201 1800
1201 1283
376 699
376 169
590 851
590 1404
1654 1469
1654 914
2017 769
2017 326
621 1043
621 1978
484 970
484 1289
571 658
571 1610
1390 1918
1390 219
1014 873
1014 350
1341 146
1341 1897
401 1460
401 881
574 1306
574 1812
1880 351
1880 1090
280 905
280 497
1258 1499
1258 1603
332 168
332 1212
91 1514
91 295
617 866
617 686
1606 1500
1606 131
324 2025
324 1260
1418 62
1418 1619
924 1221
924 1807
1615 403
1615 1876
1429 183
1429 641
1160 1981
1160 1845
85 1219
85 962
1427 809
1427 41
1438 399
1438 1956
36 1403
36 106
741 1811
741 1774
679 1759
679 1573
981 525
981 1130
1253 585
1253 1874
1380 1948
1380 1345
1036 387
1036 671
722 1142
722 2000
329 122
329 1305
234 1680
234 868
395 1265
395 1185
1843 1838
1843 305
614 368
614 257
1508 788
1508 797
1733 1706
1733 1794
1396 545
1396 1627
1010 1735
1010 1399
151 51
151 32
1387 118
1387 690
1217 4
1217 1771
1844 1835
1844 850
632 1788
632 996
1937 846
1937 589
1620 926
1620 274
1777 1920
1777 1715
583 1139
583 1633
746 615
746 957
1877 155
1877 426
336 831
336 1747
1632 770
1632 812
665 197
665 955
1712 154
1712 1120
1374 604
1374 1146
894 273
894 1441
1417 1250
1417 1776
700 567
700 1793
1426 1906
1426 114
1797 56
1797 1813
920 1026
920 536
90 1446
90 500
165 394
165 1575
371 293
371 1046
1351 1378
1351 1484
1137 1430
1137 115
1089 1361
1089 907
1664 1233
1664 1323
1268 824
1268 1931
869 1076
869 1497
732 951
732 1945
1018 1125
1018 163
1742 900
1742 649
1977 209
1977 1837
1887 675
1887 626
1805 313
1805 1117
1287 302
1287 148
1994 216
1994 222
954 879
954 306
359 46
359 369
1191 1297
1191 50
683 720
683 288
254 463
254 1172
1915 994
1915 272
2027 389
2027 301
63 1477
63 2008
1048 119
1048 1667
283 1356
283 1107
1081 1765
1081 1561
1485 320
1485 1651
863 551
863 646
821 755
821 913
1249 318
1249 1308
1670 919
1670 1760
3 450
3 2021
423 1245
423 1696
1748 1917
1748 884
1863 1301
1863 1144
2029 5
2029 1126
1695 1207
1695 266
67 1440
67 946
1342 193
1342 1171
1643 553
1643 1953
1686 849
1686 1623
413 1033
413 713
944 1567
944 116
1669 1182
1669 1983
1599 1099
1599 1908
1015 650
1015 345
1770 167
1770 124
1580 878
1580 763
1056 1933
1056 382
677 381
677 1602
1919 349
1919 2019
1989 1916
1989 1457
1280 39
1280 199
1558 1091
1558 1640
892 48
892 705
147 587
147 530
1785 942
1785 1593
550 1851
550 1218
1796 1757
1796 1071
1679 930
1679 1541
826 43
826 1389
1344 187
1344 1407
1628 1376
1628 294
340 805
340 1975
1094 1476
1094 1717
66 973
66 1449
1214 2007
1214 1397
246 1950
246 613
1242 1963
1242 1672
1819 1688
1819 177
1003 546
1003 1057
310 1184
310 1821
684 745
684 1133
166 936
166 737
682 476
682 1293
787 1311
787 2011
1553 659
1553 588
255 964
255 929
985 1208
985 1320
363 1987
363 1161
1722 388
1722 1970
86 1254
86 758
724 1490
724 1255
603 1601
603 198
1767 612
1767 616
858 1263
858 1502
1959 2
1959 1163
940 437
940 353
1579 1663
1579 1594
1820 945
1820 517
282 482
282 142
1590 1347
1590 473
1655 1203
1655 2026
414 1004
414 202
818 743
818 1061
887 1008
887 1369
448 514
448 521
466 701
466 1941
83 597
83 1854
984 1929
984 1578
1701 507
1701 1270
11 236
11 1831
562 953
562 1867
1266 1237
1266 276
78 1472
78 1379
891 1817
891 1285
806 1432
806 1752
481 1787
481 1801
1888 296
1888 161
1140 156
1140 443
109 548
109 132
1 1711
1 1675
54 1921
54 1127
1414 896
1414 1586
1564 1409
1564 1758
1744 800
1744 317
436 847
436 1616
1607 707
1607 1745
160 2022
160 1814
100 297
100 1442
676 1424
676 1992
531 1095
531 1889
503 1088
503 1904
1965 1719
1965 102
1058 599
1058 1506
681 1574
681 1495
