1023 2047 19
674 404
674 350
404 596
404 40
350 406
350 786
596 66
596 250
40 1006
40 44
406 620
406 16
786 642
786 625
66 736
66 237
250 830
250 644
1006 978
1006 550
44 555
44 338
620 263
620 153
16 247
16 305
642 731
642 271
625 732
625 774
736 487
736 211
237 557
237 1005
830 45
830 915
644 948
644 832
978 843
978 748
550 904
550 417
555 927
555 763
338 323
338 46
263 169
263 315
153 676
153 383
247 31
247 1020
305 409
305 93
731 205
731 878
271 477
271 347
732 217
732 590
774 864
774 219
487 889
487 37
211 396
211 819
557 53
557 87
1005 660
1005 65
45 273
45 814
915 286
915 899
948 11
948 936
832 877
832 276
843 685
843 341
748 182
748 865
904 825
904 86
417 579
417 479
927 343
927 302
763 890
763 823
323 846
323 392
46 961
46 275
169 739
169 15
315 67
315 456
676 1009
676 604
383 738
383 333
31 862
31 143
1020 480
1020 818
409 599
409 973
93 982
93 100
205 654
205 779
878 512
878 64
477 228
477 34
347 129
347 583
217 828
217 47
590 58
590 842
864 683
864 427
219 299
219 856
889 876
889 536
37 461
37 332
396 96
396 752
819 837
819 330
53 25
53 125
87 566
87 517
660 564
660 710
65 83
65 847
273 368
273 582
814 560
814 605
286 639
286 168
899 857
899 593
11 335
11 413
936 723
936 254
877 962
877 280
276 41
276 231
685 1015
685 759
341 430
341 940
182 164
182 606
865 880
865 998
825 148
825 400
86 10
86 848
579 990
579 352
479 960
479 753
343 991
343 358
302 720
302 742
890 190
890 925
823 805
823 589
846 875
846 142
392 329
392 503
961 939
961 249
275 420
275 970
739 460
739 595
15 601
15 201
67 362
67 540
456 516
456 84
1009 27
1009 337
604 159
604 646
738 943
738 730
333 451
333 139
862 316
862 270
143 617
143 581
480 12
480 434
818 908
818 504
599 881
599 680
973 653
973 386
982 903
982 18
100 859
100 61
654 79
654 441
779 214
779 726
512 702
512 495
64 575
64 226
228 576
228 291
34 592
34 171
129 717
129 893
583 778
583 109
828 785
828 833
47 200
47 238
58 232
58 304
842 297
842 478
683 820
683 498
427 149
427 542
299 158
299 1000
856 366
856 897
876 207
876 664
536 319
536 13
461 157
461 301
332 598
332 766
96 509
96 363
752 607
752 551
837 930
837 776
330 986
330 48
25 378
25 866
125 292
125 972
566 570
566 772
517 162
517 50
564 124
564 442
710 140
710 324
83 14
83 208
847 628
847 629
368 657
368 632
582 218
582 177
560 348
560 464
605 728
605 565
639 749
639 707
168 160
168 310
857 1017
857 69
593 490
593 5
335 716
335 782
413 68
413 173
723 656
723 145
254 773
254 621
962 854
962 183
280 950
280 999
41 197
41 444
231 298
231 357
1015 277
1015 6
759 989
759 136
430 838
430 74
940 977
940 1016
164 170
164 666
606 709
606 9
880 519
880 72
998 81
998 775
148 418
148 697
400 993
400 353
10 663
10 706
848 698
848 673
990 835
990 966
352 1019
352 188
960 873
960 199
753 92
753 373
991 458
991 980
358 130
358 436
720 923
720 788
742 919
742 181
190 671
190 206
925 765
925 17
805 251
805 762
589 75
589 85
875 166
875 622
142 937
142 965
329 334
329 339
503 610
503 844
939 929
939 486
249 959
249 90
420 71
420 113
970 975
970 627
460 635
460 54
595 440
595 554
601 861
601 253
201 608
201 422
362 393
362 1004
540 26
540 144
516 887
516 321
84 684
84 22
27 470
27 1
337 849
337 523
159 916
159 858
646 331
646 252
943 398
943 1018
730 300
730 76
451 675
451 282
139 789
139 909
316 7
316 374
270 165
270 59
617 547
617 303
581 624
581 769
12 938
12 274
434 473
434 345
908 387
908 94
504 496
504 401
881 803
881 82
680 845
680 388
653 21
653 561
386 538
386 545
903 289
903 421
18 108
18 439
859 242
859 735
61 979
61 535
79 328
79 800
441 640
441 951
214 24
214 202
726 541
726 322
702 453
702 727
495 855
495 314
575 777
575 410
226 423
226 724
576 123
576 1007
291 953
291 342
592 103
592 701
171 997
171 119
717 466
717 266
893 175
893 154
778 518
778 52
109 725
109 29
785 336
785 796
833 692
833 801
200 737
200 361
238 215
238 255
232 658
232 146
304 98
304 30
297 391
297 926
478 829
478 70
820 39
820 747
498 325
498 578
149 600
149 351
542 56
542 210
158 317
158 967
1000 585
1000 515
366 976
366 924
897 834
897 795
207 415
207 116
664 931
664 530
319 73
319 235
13 681
13 985
157 285
157 105
301 390
301 840
598 312
598 213
766 261
766 389
509 370
509 863
363 670
363 467
607 813
607 602
551 794
551 448
930 816
930 672
776 395
776 910
986 318
986 89
48 824
48 375
378 918
378 500
866 450
866 995
292 172
292 768
972 546
972 668
570 584
570 23
772 614
772 891
162 438
162 760
50 894
50 1011
124 385
124 767
442 952
442 28
140 781
140 1021
324 246
324 588
14 901
14 556
208 944
208 223
628 879
628 900
629 88
629 259
657 686
657 102
632 802
632 804
218 344
218 326
177 243
177 209
348 369
348 712
464 122
464 963
728 513
728 826
565 626
565 770
749 913
749 429
707 196
707 694
160 8
160 905
310 1003
310 708
1017 483
1017 97
69 784
69 984
490 1014
490 126
5 704
5 808
716 764
716 112
782 715
782 152
68 968
68 49
173 62
173 203
656 224
656 543
145 114
145 718
773 745
773 115
621 558
621 634
854 507
854 356
183 216
183 563
950 571
950 184
999 227
999 921
197 55
197 414
444 376
444 827
298 810
298 771
357 983
357 722
277 811
277 851
6 505
6 892
989 920
989 954
136 19
136 981
838 279
838 992
74 80
74 591
977 110
977 155
1016 77
1016 151
170 99
170 911
666 822
666 128
709 754
709 514
9 283
9 349
519 750
519 121
72 405
72 567
81 527
81 743
775 185
775 174
418 141
418 987
697 807
697 689
993 212
993 886
353 631
353 741
663 472
663 649
706 118
706 57
698 580
698 740
673 225
673 922
835 806
835 127
966 817
966 957
1019 812
1019 377
188 432
188 137
873 630
873 569
199 587
199 1023
92 528
92 463
373 539
373 278
458 403
458 424
980 955
980 411
130 233
130 106
436 721
436 35
923 619
923 204
788 783
788 586
919 793
919 443
181 360
181 163
671 508
671 437
206 836
206 359
765 839
765 499
17 91
17 907
251 531
251 633
762 645
762 384
75 258
75 193
85 637
85 945
166 947
166 568
622 609
622 994
937 872
937 447
965 491
965 260
334 615
334 511
339 290
339 78
610 111
610 882
844 525
844 885
929 32
929 268
486 20
486 240
959 946
959 340
90 682
90 860
71 687
71 147
113 399
113 942
975 425
975 287
627 482
627 651
635 659
635 521
54 220
54 428
440 888
440 751
554 705
554 379
861 272
861 33
253 502
253 135
608 306
608 896
422 883
422 488
393 449
393 446
1004 267
1004 868
26 372
26 265
144 906
144 313
887 176
887 821
321 459
321 695
684 36
684 492
22 677
22 489
470 537
470 354
1 43
1 1010
849 248
849 194
523 573
523 63
916 799
916 468
858 452
858 520
331 574
331 988
252 42
252 412
398 667
398 678
1018 95
1018 895
300 932
300 2
76 269
76 132
675 107
675 798
282 665
282 533
789 522
789 281
909 457
909 1022
7 949
7 307
374 941
374 815
165 474
165 402
59 150
59 616
547 618
547 688
303 262
303 553
624 548
624 647
769 714
769 594
938 455
938 603
274 382
274 138
473 792
473 636
345 711
345 3
387 643
387 529
94 552
94 101
496 120
496 597
401 131
401 187
803 1012
803 465
82 471
82 256
845 426
845 729
388 51
388 257
21 935
21 367
561 719
561 284
538 791
538 245
545 1008
545 133
289 850
289 613
421 308
421 134
108 912
108 974
439 544
439 661
242 690
242 612
735 394
735 691
979 294
979 652
535 293
535 506
328 532
328 853
800 577
800 650
640 958
640 433
951 371
951 484
24 700
24 733
202 234
202 167
541 407
541 884
322 4
322 179
453 241
453 381
727 191
727 180
855 871
855 638
314 713
314 928
777 60
777 874
410 648
410 445
423 192
423 408
724 841
724 524
123 38
123 469
1007 655
1007 264
953 198
953 703
342 696
342 756
103 746
103 852
701 364
701 898
997 104
997 493
119 790
119 757
466 311
466 186
266 693
266 346
175 295
175 933
154 734
154 559
518 117
518 161
52 230
52 934
725 431
725 296
29 572
29 236
336 156
336 996
796 809
796 494
692 831
692 229
801 222
801 780
737 419
737 761
361 435
361 462
215 917
215 365
255 454
255 914
658 902
658 485
146 744
146 476
98 699
98 869
30 178
30 501
391 964
391 562
926 475
926 320
829 679
829 416
70 510
70 1001
39 380
39 309
747 956
747 327
325 355
325 497
578 221
578 239
600 195
600 662
351 288
351 549
56 971
56 669
210 787
210 1013
317 244
317 758
967 641
967 189
585 867
585 534
515 797
515 755
976 481
976 1002
924 969
924 526
834 397
834 611
795 870
795 623
815 59
815 1233
59 1364
59 287
1233 1279
1233 587
1364 600
1364 259
287 580
287 68
1279 589
1279 484
587 227
587 1482
600 780
600 1855
259 1880
259 862
580 994
580 1329
68 1709
68 1494
589 1347
589 973
484 274
484 156
227 592
227 1253
1482 1262
1482 1744
780 1892
780 1190
1855 1921
1855 829
1880 1022
1880 2022
862 396
862 749
994 304
994 47
1329 1366
1329 1912
1709 1611
1709 1041
1494 1242
1494 1042
1347 1361
1347 1986
973 182
973 1872
274 1593
274 1935
156 1428
156 49
592 1846
592 211
1253 1811
1253 521
1262 1573
1262 100
1744 975
1744 337
1892 1601
1892 764
1190 1097
1190 477
1921 1198
1921 667
829 705
829 279
1022 1153
1022 1375
2022 1513
2022 1927
396 583
396 464
749 339
749 1175
304 146
304 1171
47 1103
47 1618
1366 98
1366 1412
1912 817
1912 394
1611 1720
1611 1651
1041 31
1041 1126
1242 820
1242 381
1042 739
1042 989
1361 1719
1361 2019
1986 962
1986 1764
182 1864
182 2034
1872 1765
1872 328
1593 998
1593 2039
1935 1920
1935 1959
1428 718
1428 242
49 1235
49 290
1846 713
1846 926
211 781
211 136
1811 1928
1811 1384
521 751
521 1930
1573 679
1573 665
100 2038
100 275
975 1749
975 1138
337 323
337 1160
1601 1566
1601 1662
764 112
764 1105
1097 442
1097 1889
477 1220
477 1695
1198 1382
1198 774
667 1987
667 327
705 824
705 1294
279 1585
279 1574
1153 1893
1153 1248
1375 1926
1375 45
1513 329
1513 666
1927 716
1927 1875
583 1421
583 1124
464 1706
464 2004
339 1420
339 1453
1175 1187
1175 799
146 880
146 483
1171 814
1171 1202
1103 1388
1103 1795
1618 1199
1618 1971
98 1332
98 63
1412 111
1412 865
817 957
817 896
394 2023
394 538
1720 1036
1720 1331
1651 1524
1651 905
31 805
31 138
1126 619
1126 410
820 830
820 1950
381 1791
381 36
739 539
739 1117
989 176
989 928
1719 1947
1719 848
2019 480
2019 797
962 1851
962 1411
1764 494
1764 335
1864 726
1864 608
2034 1283
2034 584
1765 2016
1765 1596
328 882
328 901
998 1057
998 50
2039 2002
2039 1176
1920 1201
1920 1883
1959 1089
1959 21
718 1668
718 530
242 1395
242 1967
1235 1196
1235 1441
290 67
290 1152
713 1045
713 1511
926 540
926 1100
781 1014
781 197
136 1572
136 64
1928 1423
1928 459
1384 654
1384 1173
751 1664
751 261
1930 992
1930 1772
679 932
679 245
665 1978
665 1501
2038 1119
2038 1351
275 920
275 594
1749 168
1749 528
1138 1448
1138 369
323 898
323 1615
1160 1547
1160 1133
1566 1999
1566 362
1662 189
1662 1194
112 155
112 866
1105 1489
1105 389
442 1529
442 965
1889 60
1889 519
1220 669
1220 988
1695 206
1695 1849
1382 200
1382 402
774 434
774 2042
1987 582
1987 1234
327 1048
327 482
824 1739
824 651
1294 184
1294 567
1585 1278
1585 364
1574 1044
1574 794
1893 1393
1893 902
1248 694
1248 1704
1926 1533
1926 802
45 950
45 1653
329 115
329 481
666 750
666 33
716 1643
716 846
1875 550
1875 908
1421 244
1421 376
1124 129
1124 895
1706 87
1706 581
2004 162
2004 1682
1420 2027
1420 533
1453 1409
1453 1029
1187 277
1187 1479
799 316
799 256
880 869
880 1975
483 1797
483 195
814 1953
814 461
1202 225
1202 1777
1388 1141
1388 1478
1795 2024
1795 318
1199 573
1199 94
1971 216
1971 1255
1332 1492
1332 552
63 1290
63 735
111 308
111 1779
865 173
865 1955
957 467
957 407
896 1575
896 1083
2023 1913
2023 1485
538 836
538 971
1036 635
1036 1345
1331 1040
1331 433
1524 73
1524 1006
905 350
905 1879
805 1731
805 492
138 181
138 1925
619 1020
619 1330
410 1937
410 199
830 2041
830 1755
1950 1663
1950 1185
1791 549
1791 2013
36 3
36 18
539 768
539 418
1117 1177
1117 317
176 729
176 1402
928 607
928 233
1947 1043
1947 1339
848 1379
848 331
480 747
480 1055
797 1632
797 1024
1851 1842
1851 682
1411 1624
1411 1256
494 1534
494 284
335 1052
335 1488
726 289
726 1838
608 1046
608 961
1283 1703
1283 890
584 28
584 1267
2016 1656
2016 1802
1596 708
1596 1567
882 1589
882 1627
901 953
901 923
1057 1640
1057 1616
50 1391
50 1960
2002 1530
2002 2025
1176 228
1176 1518
1201 1969
1201 1901
1883 844
1883 89
1089 1718
1089 727
21 598
21 1917
1668 1284
1668 187
530 1061
530 457
1395 511
1395 1439
1967 688
1967 1390
1196 1962
1196 832
1441 426
1441 465
67 1246
67 785
1152 603
1152 553
1045 1617
1045 69
1511 1009
1511 90
540 1252
540 66
1100 234
1100 1350
1014 253
1014 719
197 1010
197 559
1572 711
1572 117
64 833
64 1729
1423 446
1423 522
459 429
459 1200
654 2026
654 604
1173 1984
1173 566
1664 627
1664 403
261 1407
261 1184
992 569
992 1311
1772 827
1772 1125
932 1215
932 721
245 976
245 231
1978 1762
1978 1051
1501 1426
1501 676
1119 1307
1119 25
1351 1650
1351 30
920 1848
920 823
594 2012
594 1605
168 1754
168 1850
528 1268
528 899
1448 360
1448 641
369 884
369 1735
898 1302
898 558
1615 1776
1615 1608
1547 1824
1547 478
1133 789
1133 1472
1999 1717
1999 172
362 536
362 96
189 537
189 670
1194 1304
1194 1405
155 1733
155 1938
866 1310
866 933
1489 1763
1489 1957
389 1214
389 1684
1529 1746
1529 796
965 681
965 1300
60 37
60 491
519 1276
519 927
669 689
669 639
988 1865
988 1908
206 1644
206 1005
1849 1753
1849 1000
200 264
200 1121
402 1537
402 1496
434 760
434 1787
2042 595
2042 408
582 431
582 185
1234 652
1234 1881
1048 1122
1048 1736
482 1569
482 1805
1739 1178
1739 356
651 1897
651 770
184 704
184 2035
567 860
567 254
1278 1415
1278 1381
364 585
364 1759
1044 106
1044 1817
794 454
794 968
1393 1793
1393 265
902 1554
902 1681
694 1109
694 475
1704 118
1704 1287
1533 1509
1533 53
802 366
802 210
950 910
950 1312
1653 671
1653 849
115 990
115 678
481 297
481 1544
750 1435
750 1933
33 432
33 1140
1643 1167
1643 401
846 843
846 1162
550 1886
550 1839
908 38
908 1591
244 646
244 476
376 221
376 1306
129 778
129 1951
895 1587
895 892
87 1344
87 1397
581 505
581 108
162 1221
162 1972
1682 1466
1682 1861
2027 590
2027 1066
533 1410
533 1365
1409 1946
1409 1295
1029 1188
1029 999
277 436
277 470
1479 222
1479 1326
316 1994
316 2015
256 74
256 1257
869 32
869 904
1975 497
1975 1023
1797 938
1797 1064
195 270
195 1774
1953 1154
1953 1224
461 1559
461 821
225 405
225 1505
1777 1130
1777 1338
1141 55
1141 1392
1478 378
1478 1833
2024 1687
2024 1619
318 1320
318 816
573 171
573 1135
94 571
94 1929
216 1981
216 303
1255 1377
1255 1106
1492 756
1492 135
552 226
552 2
1290 20
1290 372
735 1523
735 1305
308 214
308 525
1779 1625
1779 557
173 1238
173 1819
1955 1859
1955 240
467 1271
467 633
407 1322
407 819
1575 4
1575 841
1083 319
1083 672
1913 1099
1913 1800
1485 315
1485 1250
836 1888
836 921
971 1867
971 872
635 979
635 1525
1345 1542
1345 1814
1040 1725
1040 1370
433 1137
433 861
73 507
73 12
1006 1030
1006 1661
350 1037
350 1249
1879 105
1879 1658
1731 2045
1731 793
492 1581
492 166
181 1090
181 1333
1925 776
1925 527
1020 1483
1020 1170
1330 870
1330 1680
1937 947
1937 153
199 390
199 1157
2041 1936
2041 1080
1755 1015
1755 1556
1663 1654
1663 286
1185 1815
1185 281
549 963
549 1562
2013 1919
2013 997
3 828
3 900
18 612
18 1677
768 1583
768 133
418 701
418 662
1177 1168
1177 876
317 1602
317 51
729 10
729 1272
1402 883
1402 626
607 1403
607 2046
233 1943
233 1780
1043 1038
1043 273
1339 629
1339 320
1379 1245
1379 1218
331 422
331 875
747 972
747 1104
1055 1512
1055 1459
1632 48
1632 1477
1024 1629
1024 576
1842 430
1842 1714
682 1151
682 1560
1624 1298
1624 1885
1256 1896
1256 809
1534 8
1534 851
284 930
284 803
1052 913
1052 1931
1488 1487
1488 322
289 561
289 1760
1838 413
1838 1118
1046 993
1046 1143
961 39
961 1432
1703 616
1703 795
890 1419
890 1075
28 217
28 1634
1267 258
1267 404
1656 1730
1656 1004
1802 1781
1802 1711
708 1470
708 1156
1567 743
1567 762
1589 1826
1589 1707
1627 709
1627 634
953 440
953 1101
923 825
923 1822
1640 628
1640 208
1616 1745
1616 1174
1391 192
1391 564
1960 344
1960 655
1530 212
1530 1456
2025 695
2025 1069
228 1701
228 1564
1518 1993
1518 1816
1969 1614
1969 132
1901 1801
1901 1503
844 84
844 160
89 193
89 1164
1718 1689
1718 1522
727 773
727 2032
598 570
598 1565
1917 1486
1917 1068
1284 733
1284 734
187 1490
187 280
1061 1243
1061 1237
457 1067
457 1588
511 341
511 602
1439 1647
1439 1363
688 262
688 982
1390 925
1390 1309
1962 5
1962 1884
832 1799
832 1430
426 1416
426 336
465 937
465 1427
1246 1424
1246 81
785 857
785 813
603 157
603 1495
553 435
553 674
1617 1273
1617 810
69 575
69 874
1009 630
1009 1062
90 42
90 247
1252 472
1252 400
66 119
66 1868
234 560
234 906
1350 120
1350 1073
253 88
253 673
719 1982
719 1785
1010 1798
1010 1228
559 1049
559 954
711 1231
711 1078
117 917
117 1259
833 1782
833 1418
1729 1621
1729 1216
446 202
446 1990
522 1323
522 145
429 1145
429 1673
1200 1028
1200 545
2026 765
2026 572
604 1180
604 622
1984 1139
1984 551
566 1965
566 839
627 1633
627 1906
403 893
403 1510
1407 179
1407 878
1184 757
1184 255
569 1400
569 1191
1311 986
1311 1047
827 1923
827 409
1125 2006
1125 1870
1215 1127
1215 1905
721 224
721 736
976 1722
976 249
231 1291
231 909
1762 1603
1762 1465
1051 1142
1051 1226
1426 574
1426 707
676 439
676 1308
1307 1429
1307 438
25 1856
25 1598
1650 485
1650 151
30 859
30 806
1848 1019
1848 742
823 840
823 61
2012 204
2012 1655
1605 1491
1605 9
1754 1873
1754 237
1850 1645
1850 2040
1268 1150
1268 1635
899 596
899 700
360 1462
360 490
641 593
641 1932
884 1207
884 967
1735 941
1735 642
1302 1321
1302 1317
558 93
558 1230
1776 301
1776 663
1608 276
1608 510
1824 2044
1824 1324
478 2036
478 769
789 775
789 958
1472 1053
1472 35
1717 891
1717 474
172 1376
172 786
536 1440
536 1367
96 1
96 110
537 219
537 1916
670 257
670 1863
1304 252
1304 1086
1405 1033
1405 22
1733 936
1733 282
1938 1988
1938 58
1310 706
1310 122
933 190
933 1520
1763 1222
1763 658
1957 1258
1957 1111
1214 944
1214 1193
1684 1683
1684 940
1746 1713
1746 353
796 312
796 664
681 755
681 1809
1300 1699
1300 1113
37 77
37 1788
491 1723
491 324
1276 1778
1276 1546
927 911
927 1394
689 740
689 359
639 1498
639 1076
1865 175
1865 2011
1908 1446
1908 1293
1644 1179
1644 116
1005 1521
1005 638
1753 294
1753 1948
1000 83
1000 1458
264 332
264 380
1121 399
1121 1894
1537 728
1537 623
1496 1874
1496 1679
760 1438
760 260
1787 1674
1787 597
595 501
595 894
408 918
408 2037
431 1123
431 1433
185 1918
185 11
652 532
652 995
1881 1349
1881 82
1122 357
1122 1690
1736 154
1736 847
1569 1712
1569 792
1805 1646
1805 615
1178 463
1178 1270
356 964
356 617
1897 1914
1897 1129
770 1543
770 514
704 1227
704 1056
2035 1116
2035 1071
860 1059
860 697
254 842
254 398
1415 1506
1415 1672
1381 579
1381 1769
585 479
585 232
1759 1398
1759 758
106 1450
106 128
1817 1995
1817 730
454 1767
454 1481
968 837
968 723
1793 1149
1793 2003
265 1288
265 203
1554 141
1554 886
1681 367
1681 969
1109 818
1109 1961
475 714
475 1900
118 1710
118 383
1287 292
1287 1301
1509 201
1509 147
53 1473
53 1974
366 62
366 114
210 1649
210 188
910 546
910 1519
1312 1944
1312 1693
671 127
671 56
849 302
849 517
990 1436
990 285
678 1016
678 377
297 1532
297 1898
1544 1354
1544 220
1435 1829
1435 1922
1933 1515
1933 703
432 605
432 1882
1140 952
1140 1737
1167 1766
1167 529
401 1857
401 469
843 699
843 534
1162 1548
1162 649
1886 556
1886 1858
1839 1335
1839 1783
38 2047
38 125
1591 450
1591 2018
646 250
646 720
476 1579
476 526
221 1093
221 86
1306 1641
1306 330
778 1631
778 1639
1951 311
1951 854
1587 790
1587 1082
892 748
892 1003
1344 1887
1344 1638
1397 1789
1397 2020
505 391
505 1063
108 97
108 1102
1221 1346
1221 392
1972 1902
1972 2007
1466 498
1466 345
1861 1240
1861 395
590 984
590 130
1066 754
1066 609
1410 1454
1410 1557
1365 614
1365 1360
1946 1264
1946 40
1295 1652
1295 916
1188 1359
1188 267
999 1751
999 702
436 563
436 473
470 1794
470 1146
222 1871
222 1742
1326 1334
1326 269
1994 1115
1994 452
2015 1949
2015 1756
74 2031
74 1847
1257 737
1257 266
32 370
32 919
904 1924
904 1008
497 1558
497 881
1023 1281
1023 2005
938 543
938 268
1064 647
1064 599
270 167
270 1399
1774 1835
1774 1904
1154 1743
1154 1471
1224 126
1224 1189
1559 447
1559 788
821 541
821 72
405 1738
405 495
1505 412
1505 489
1130 488
1130 1018
1338 1039
1338 1812
55 1203
55 656
1392 109
1392 1526
378 959
378 744
1833 1136
1833 1163
1687 1232
1687 1686
1619 1536
1619 1161
1320 236
1320 1667
816 466
816 981
171 877
171 365
1135 1600
1135 508
571 414
571 738
1929 1266
1929 1642
1981 1685
1981 1091
303 1484
303 1771
1377 660
1377 54
1106 263
1106 1628
756 300
756 1531
135 686
135 1954
226 643
226 1985
2 41
2 934
20 246
20 80
372 158
372 1469
1523 1205
1523 1497
1305 7
1305 949
214 1213
214 779
525 1025
525 568
1625 1941
1625 170
557 1555
557 174
1238 838
1238 92
1819 382
1819 1144
1859 169
1859 1592
240 565
240 351
1271 1514
1271 1698
633 1442
633 1507
1322 588
1322 1535
819 1561
819 1578
4 1970
4 1528
841 326
841 1752
319 131
319 321
672 1678
672 1502
1099 1660
1099 1408
1800 712
1800 191
315 1878
315 1623
1250 1747
1250 767
1888 1671
1888 1675
921 1945
921 644
1867 1012
1867 1095
872 235
872 140
979 1269
979 1577
1525 85
1525 1074
1542 746
1542 291
1814 2014
1814 283
1725 1508
1725 1011
1370 363
1370 374
1137 725
1137 1866
861 1553
861 931
507 417
507 980
12 966
12 375
1030 1210
1030 783
1661 586
1661 1748
1037 1606
1037 305
1249 863
1249 1107
105 1050
105 1297
1658 1192
1658 977
2045 1241
2045 1997
793 1568
793 215
1581 379
1581 493
166 696
166 1702
1090 871
1090 640
1333 1373
1333 867
776 1691
776 468
527 974
527 855
1483 903
1483 601
1170 1595
1170 371
870 1952
870 1716
1680 1907
1680 811
947 1094
947 858
153 1461
153 1282
390 1260
390 715
1157 1313
1157 385
1936 445
1936 611
1080 424
1080 299
1015 1843
1015 272
1556 1891
1556 194
1654 1475
1654 1983
286 1457
286 1263
1815 1757
1815 1425
281 1834
281 864
963 388
963 198
1562 1236
1562 520
1919 1877
1919 1854
997 148
997 1876
828 621
828 1820
900 393
900 1910
612 1688
612 873
1677 1182
1677 1996
1583 441
1583 150
133 691
133 1166
701 1372
701 2030
662 1002
662 856
1168 1956
1168 1337
876 722
876 397
1602 425
1602 1571
51 1840
51 1108
10 1437
10 1280
1272 1832
1272 1169
883 2017
883 419
626 657
626 196
1403 102
1403 943
2046 1836
2046 1750
1943 17
1943 1721
1780 772
1780 79
1038 310
1038 1597
273 420
273 1665
629 1784
629 1807
320 451
320 637
1245 349
1245 912
1218 945
1218 547
422 23
422 1590
875 134
875 1406
972 1576
972 121
1104 13
1104 123
1512 1740
1512 1630
1459 1808
1459 361
48 107
48 1211
1477 76
1477 1694
1629 223
1629 355
576 1413
576 955
430 1247
430 1380
1714 1383
1714 1357
1151 78
1151 914
1560 460
1560 562
1298 139
1298 897
1885 1549
1885 342
1896 1676
1896 241
809 1342
809 759
8 43
8 1790
851 1092
851 591
930 1550
930 668
803 542
803 845
913 1134
913 1909
1931 1934
1931 1979
1487 1538
1487 1219
322 1806
322 1261
561 1013
561 1480
1760 1378
1760 1609
413 1452
413 991
1118 186
1118 741
993 325
993 710
1143 163
1143 1031
39 1054
39 1991
1432 1355
1432 1499
616 1318
616 1148
795 879
795 1058
1419 1007
1419 288
1075 1087
1075 852
217 65
217 1989
1634 1992
1634 1732
258 207
258 1844
404 1229
404 437
1730 1818
1730 411
1004 1869
1004 1504
1781 766
1781 428
1711 340
1711 46
1470 1110
1470 70
1156 578
1156 1303
743 152
743 143
762 1223
762 1607
1826 2043
1826 784
1707 471
1707 1463
709 16
709 624
634 822
634 763
440 218
440 1315
1101 1401
1101 1980
825 512
825 487
1822 1289
1822 1254
628 853
628 486
208 1212
208 500
1745 1823
1745 942
1174 149
1174 2008
192 807
192 229
564 1845
564 502
344 15
344 1810
655 1206
655 1158
212 625
212 1327
1456 449
1456 307
695 1758
695 453
1069 1217
1069 26
1701 144
1701 1314
1564 165
1564 75
1993 1610
1993 1636
1816 462
1816 34
1614 732
1614 985
132 1803
132 1527
1801 515
1801 752
1503 1417
1503 1968
84 1369
84 1451
160 348
160 1195
193 1852
193 1027
1164 2033
1164 1183
1689 1666
1689 52
1522 338
1522 685
773 1958
773 1942
2032 1599
2032 935
570 1540
570 1341
1565 1292
1565 1444
1486 421
1486 2009
1068 1336
1068 101
733 271
733 1563
734 1434
734 1708
1490 2029
1490 104
280 745
280 180
1243 680
1243 1032
1237 1696
1237 384
1067 19
1067 835
1588 1464
1588 352
341 1128
341 531
602 1098
602 1021
1647 798
1647 1017
1363 1077
1363 1570
262 1159
262 1131
982 238
982 503
925 777
925 1474
1309 1299
1309 443
5 632
5 1209
1884 1821
1884 1637
1799 1853
1799 693
1430 456
1430 1368
1416 313
1416 1431
336 1197
336 1517
937 1998
937 386
1427 373
1427 142
1424 996
1424 1715
81 1552
81 1274
857 1371
857 427
813 544
813 278
157 1296
157 948
1495 771
1495 183
435 692
435 1516
674 1353
674 1727
1273 1114
1273 1551
810 209
810 1072
575 1026
575 159
874 230
874 683
630 6
630 1796
1062 1825
1062 987
42 1404
42 95
247 677
247 1539
472 1285
472 71
400 915
400 1389
119 1132
119 295
1868 620
1868 343
560 334
560 57
906 834
906 787
120 1275
120 1626
1073 516
1073 1239
88 687
88 1620
673 791
673 506
1982 205
1982 960
1785 496
1785 1911
1798 1841
1798 1584
1228 251
1228 761
1049 1775
1049 346
954 978
954 2021
1231 1340
1231 1977
1078 1396
1078 1155
917 423
917 524
1259 618
1259 1770
1782 1890
1782 239
1418 983
1418 1612
1621 1348
1621 2000
1216 1964
1216 1582
202 314
202 951
1990 124
1990 1325
1323 661
1323 868
145 1728
145 812
1145 1594
1145 1352
1673 1445
1673 298
1028 1147
1028 731
545 606
545 1084
765 499
765 1172
572 1356
572 753
1180 1741
1180 44
622 416
622 808
1139 1831
1139 2010
551 1467
551 946
1965 455
1965 888
839 1374
839 1449
1633 358
1633 1081
1906 1120
1906 1692
893 296
893 1319
1510 1244
1510 406
179 650
179 309
878 800
878 1460
757 415
757 1204
255 907
255 518
1400 1828
1400 509
1191 513
1191 1648
986 164
986 1385
1047 306
1047 631
1923 1085
1923 887
409 804
409 1966
2006 27
2006 1493
1870 1422
1870 523
1127 1895
1127 956
1905 636
1905 1443
224 1761
224 1697
736 1768
736 1328
1722 1208
1722 1096
249 555
249 1079
1291 2028
1291 1813
909 248
909 1541
1603 1455
1603 889
1465 1830
1465 24
1142 548
1142 1939
1226 1724
1226 724
574 1316
574 1447
707 1580
707 354
439 113
439 1286
1308 1112
1308 103
1429 1277
1429 333
438 1186
438 1773
1856 177
1856 675
1598 243
1598 717
485 293
485 659
151 698
151 1940
859 929
859 1804
806 1915
806 2001
1019 1734
1019 653
742 554
742 1034
840 850
840 1700
61 648
61 577
204 1088
204 1358
1655 885
1655 137
1491 1500
1491 1165
9 1973
9 368
1873 684
1873 1669
237 91
237 178
1645 347
1645 1001
2040 1065
2040 610
1150 1903
1150 504
1635 1476
1635 1414
596 1387
596 1225
700 1963
700 645
1462 690
1462 1786
490 801
490 1545
593 970
593 161
1932 1837
1932 1604
1207 1622
1207 1070
967 535
967 922
941 826
941 1792
642 1386
642 448
1321 458
1321 387
1317 1862
1317 1035
93 939
93 1181
1230 1251
1230 213
301 99
301 1860
663 613
663 1265
276 1976
276 924
510 1362
510 831
2044 1468
2044 1899
1324 1613
1324 782
2036 1827
2036 444
769 1657
769 29
775 14
775 1726
958 1705
958 1586
1053 1659
1053 1670
35 1060
35 1343
