1 255 21
221 174
221 33
174 239
174 251
33 244
33 237
239 118
239 77
251 176
251 4
244 87
244 117
237 140
237 138
118 249
118 217
77 64
77 186
176 226
176 109
4 46
4 104
87 60
87 164
117 124
117 234
140 218
140 236
138 192
138 19
249 232
249 76
217 227
217 29
64 182
64 245
186 70
186 213
226 125
226 63
109 106
109 132
46 40
46 3
104 190
104 201
60 127
60 38
164 144
164 37
124 159
124 206
234 121
234 197
218 171
218 219
236 200
236 54
192 73
192 94
19 91
19 141
232 89
232 187
76 6
76 170
227 56
227 150
29 188
29 20
182 173
182 205
245 123
245 110
70 12
70 177
213 165
213 214
125 74
125 147
63 162
63 30
106 152
106 119
132 41
132 148
40 111
40 78
3 247
3 100
190 156
190 62
201 209
201 246
127 9
127 160
38 15
38 163
144 255
144 215
37 181
37 115
159 68
159 35
206 135
206 133
121 126
121 179
197 23
197 224
171 168
171 146
219 154
219 107
200 99
200 134
54 101
54 16
73 250
73 207
94 137
94 225
91 252
91 34
141 161
141 93
89 90
89 128
187 228
187 253
6 67
6 145
170 49
170 231
56 194
56 75
150 169
150 130
188 32
188 180
20 191
20 48
173 108
173 88
205 196
205 241
123 129
123 235
110 2
110 142
12 71
12 95
177 24
177 31
165 8
165 10
214 66
214 114
74 14
74 58
147 136
147 36
162 69
162 222
30 149
30 105
152 7
152 11
119 79
119 39
41 43
41 82
148 98
148 86
111 189
111 195
78 26
78 220
247 112
247 27
100 131
100 96
156 242
156 240
62 103
62 50
209 158
209 153
246 198
246 59
9 155
9 45
160 61
160 212
15 230
15 22
163 172
163 13
255 21
255 97
215 229
215 183
181 167
181 47
115 72
115 44
68 18
68 204
35 92
35 5
135 184
135 139
133 208
133 51
126 28
126 55
179 178
179 1
23 151
23 120
224 52
224 65
168 102
168 233
146 202
146 57
154 193
154 223
107 17
107 42
99 143
99 25
134 199
134 243
101 216
101 175
16 116
16 80
250 238
250 157
207 254
207 203
137 122
137 85
225 211
225 166
252 248
252 53
34 210
34 81
161 113
161 185
93 84
93 83
