255 255 39686
7 173
7 125
173 33
173 37
125 216
125 183
33 56
33 64
37 242
37 6
216 230
216 47
183 57
183 248
56 227
56 74
64 176
64 69
242 236
242 116
6 43
6 90
230 188
230 168
47 97
47 151
57 136
57 223
248 22
248 82
227 123
227 49
74 65
74 95
176 61
176 31
69 79
69 210
236 9
236 36
116 232
116 17
43 175
43 21
90 195
90 80
188 67
188 101
168 81
168 159
97 78
97 107
151 253
151 219
136 193
136 18
223 164
223 85
22 202
22 186
82 70
82 191
123 62
123 39
49 126
49 72
65 108
65 179
95 4
95 113
61 124
61 91
31 254
31 52
79 86
79 207
210 161
210 229
9 174
9 249
36 138
36 102
232 132
232 16
17 137
17 2
175 109
175 246
21 5
21 28
195 152
195 131
80 122
80 189
67 150
67 142
101 25
101 217
81 40
81 251
159 225
159 252
78 141
78 169
107 213
107 119
253 38
253 228
219 1
219 172
193 250
193 54
18 66
18 59
164 89
164 204
85 83
85 23
202 184
202 145
186 63
186 181
70 162
70 146
191 106
191 55
62 218
62 35
39 60
39 24
126 226
126 197
72 221
72 239
108 192
108 212
179 154
179 148
4 171
4 46
113 200
113 180
124 41
124 30
91 77
91 68
254 118
254 205
52 160
52 255
86 211
86 14
207 185
207 135
161 167
161 170
229 8
229 3
174 187
174 13
249 120
249 201
138 224
138 149
102 241
102 76
132 45
132 114
16 100
16 194
137 234
137 75
2 15
2 198
109 87
109 11
246 103
246 245
5 48
5 84
28 166
28 144
152 121
152 71
131 32
131 208
122 50
122 165
189 51
189 233
150 92
150 88
142 99
142 139
25 129
25 20
217 58
217 240
40 73
40 244
251 42
251 190
225 134
225 130
252 153
252 237
141 133
141 53
169 10
169 209
213 127
213 220
119 235
119 203
38 111
38 94
228 44
228 196
1 110
1 112
172 96
172 117
250 163
250 140
54 115
54 243
66 222
66 177
59 98
59 158
89 34
89 12
204 214
204 147
83 156
83 206
23 215
23 128
184 19
184 105
145 199
145 27
63 29
63 178
181 157
181 143
162 104
162 247
146 26
146 231
106 93
106 238
55 155
55 182
35 61
35 174
61 129
61 42
174 10
174 2
129 244
129 151
42 249
42 126
10 185
10 95
2 74
2 47
244 203
244 98
151 78
151 122
249 238
249 195
126 154
126 52
185 93
185 161
95 24
95 64
74 5
74 123
47 253
47 172
203 245
203 56
98 86
98 184
78 135
78 49
122 237
122 156
238 127
238 38
195 186
195 105
154 143
154 141
52 155
52 243
93 34
93 23
161 17
161 125
24 199
24 144
64 240
64 109
5 138
5 178
123 39
123 116
253 158
253 55
172 103
172 210
245 197
245 179
56 16
56 241
86 131
86 83
184 188
184 71
135 159
135 231
49 139
49 36
237 140
237 80
156 28
156 19
127 251
127 222
38 75
38 70
186 85
186 73
105 137
105 29
143 247
143 254
141 88
141 193
155 25
155 218
243 27
243 194
34 20
34 128
23 221
23 94
17 11
17 111
125 227
125 164
199 62
199 171
144 100
144 198
240 22
240 235
109 215
109 217
138 41
138 150
178 175
178 219
39 242
39 173
116 212
116 142
158 32
158 216
55 252
55 149
103 176
103 50
210 246
210 9
197 66
197 132
179 91
179 209
16 112
16 170
241 1
241 69
131 204
131 79
83 214
83 6
188 162
188 196
71 205
71 119
159 63
159 108
231 236
231 213
139 44
139 101
36 207
36 58
140 183
140 255
80 192
80 26
28 92
28 160
19 239
19 65
251 43
251 102
222 187
222 163
75 169
75 31
70 206
70 106
85 201
85 4
73 224
73 118
137 12
137 60
29 67
29 229
247 124
247 191
254 110
254 13
88 8
88 114
193 250
193 40
25 248
25 225
218 18
218 76
27 226
27 96
194 117
194 87
20 208
20 51
128 30
128 202
221 46
221 165
94 99
94 33
11 148
11 189
111 121
111 115
227 45
227 48
164 57
164 54
62 182
62 130
171 181
171 68
100 166
100 104
198 230
198 147
22 37
22 223
235 233
235 14
215 53
215 7
217 21
217 82
41 168
41 167
150 81
150 97
175 177
175 77
219 153
219 152
242 120
242 180
173 211
173 59
212 107
212 3
142 190
142 113
32 136
32 234
216 220
216 89
252 15
252 133
149 134
149 200
176 145
176 232
50 72
50 146
246 228
246 90
9 157
9 84
