1023 2047 29
826 679
826 401
679 201
679 392
401 135
401 974
201 316
201 381
392 803
392 1
135 475
135 510
974 69
974 166
316 403
316 481
381 54
381 411
803 965
803 595
1 713
1 687
475 805
475 260
510 617
510 20
69 384
69 626
166 257
166 347
403 292
403 561
481 178
481 816
54 603
54 446
411 259
411 558
965 552
965 205
595 870
595 489
713 119
713 146
687 380
687 225
805 653
805 452
260 761
260 839
617 329
617 399
20 644
20 333
384 45
384 861
626 815
626 631
257 996
257 961
347 79
347 126
292 110
292 872
561 493
561 591
178 992
178 610
816 952
816 938
603 531
603 48
446 460
446 67
259 76
259 342
558 360
558 533
552 652
552 1002
205 46
205 831
870 619
870 633
489 608
489 699
119 36
119 665
146 136
146 332
380 977
380 476
225 630
225 280
653 613
653 374
452 492
452 852
761 766
761 1001
839 423
839 654
329 800
329 536
399 232
399 121
644 153
644 19
333 940
333 680
45 242
45 623
861 944
861 778
815 528
815 269
631 74
631 44
996 775
996 231
961 256
961 1023
79 173
79 790
126 532
126 657
110 718
110 261
872 161
872 42
493 666
493 620
591 641
591 920
992 498
992 515
610 836
610 639
952 132
952 902
938 690
938 404
531 801
531 130
48 915
48 865
460 804
460 960
67 860
67 549
76 612
76 221
342 330
342 23
360 722
360 5
533 26
533 134
652 479
652 416
1002 637
1002 501
46 616
46 1021
831 459
831 636
619 82
619 379
633 437
633 564
608 55
608 237
699 685
699 513
36 502
36 465
665 569
665 9
136 675
136 7
332 1014
332 554
977 509
977 914
476 418
476 862
630 367
630 400
280 632
280 424
613 102
613 128
374 645
374 731
492 830
492 72
852 473
852 407
766 337
766 112
1001 297
1001 673
423 147
423 140
654 537
654 155
800 993
800 320
536 122
536 39
232 614
232 756
121 35
121 884
153 100
153 176
19 83
19 969
940 193
940 795
680 326
680 303
242 81
242 745
623 559
623 955
944 270
944 203
778 907
778 334
528 892
528 120
269 721
269 530
74 989
74 457
44 168
44 811
775 741
775 474
231 689
231 277
256 557
256 75
1023 723
1023 149
173 949
173 389
790 912
790 584
532 86
532 439
657 484
657 328
718 808
718 15
261 373
261 733
161 736
161 378
42 897
42 290
666 363
666 933
620 886
620 397
641 560
641 189
920 867
920 858
498 873
498 980
515 883
515 444
836 522
836 746
639 319
639 412
132 958
132 96
902 900
902 596
690 405
690 254
404 864
404 57
801 364
801 923
130 445
130 111
915 505
915 340
865 942
865 565
804 90
804 351
960 291
960 541
860 904
860 511
549 183
549 877
612 634
612 953
221 40
221 906
330 296
330 284
23 211
23 692
722 299
722 420
5 932
5 835
26 249
26 200
134 706
134 821
479 390
479 41
416 642
416 967
637 226
637 375
501 628
501 709
616 265
616 539
1021 152
1021 77
459 206
459 472
636 368
636 358
82 518
82 213
379 888
379 519
437 755
437 598
564 742
564 10
55 663
55 701
237 66
237 359
685 818
685 670
513 683
513 1015
502 995
502 29
465 937
465 503
569 749
569 791
9 174
9 990
675 395
675 71
7 609
7 768
1014 304
1014 295
554 871
554 4
509 443
509 480
914 943
914 757
418 60
418 838
862 394
862 783
367 796
367 788
400 919
400 964
632 30
632 171
424 478
424 65
102 574
102 218
128 2
128 268
645 32
645 391
731 555
731 966
830 959
830 720
72 309
72 470
473 607
473 855
407 325
407 986
337 287
337 700
112 707
112 12
297 458
297 876
673 975
673 917
147 123
147 188
140 640
140 483
537 466
537 863
155 1006
155 142
993 227
993 353
320 499
320 991
122 196
122 735
39 517
39 869
614 262
614 535
756 764
756 782
35 605
35 223
884 293
884 567
100 341
100 946
176 383
176 93
83 979
83 546
969 524
969 47
193 73
193 246
795 117
795 998
326 850
326 202
303 547
303 682
81 253
81 643
745 345
745 108
559 868
559 760
955 243
955 56
270 170
270 204
203 338
203 350
907 396
907 893
334 264
334 27
892 144
892 698
120 899
120 307
721 792
721 429
530 925
530 556
989 159
989 422
457 68
457 393
168 335
168 282
811 156
811 849
741 504
741 728
474 97
474 114
689 523
689 177
277 209
277 908
557 928
557 988
75 263
75 739
723 450
723 495
149 787
149 674
949 825
949 438
389 705
389 627
912 578
912 34
584 710
584 891
86 844
86 238
439 95
439 579
484 730
484 279
328 929
328 664
808 286
808 931
15 999
15 366
373 840
373 655
733 691
733 250
736 841
736 901
378 421
378 769
897 661
897 529
290 856
290 471
363 240
363 357
933 538
933 285
886 234
886 827
397 704
397 950
560 984
560 463
189 921
189 377
867 777
867 43
858 913
858 543
873 507
873 810
980 562
980 659
883 274
883 922
444 154
444 288
522 230
522 970
746 651
746 820
319 89
319 33
412 432
412 802
958 22
958 983
96 235
96 496
900 244
900 151
596 694
596 527
405 276
405 410
254 842
254 165
864 298
864 773
57 310
57 275
364 107
364 1012
923 724
923 355
445 848
445 512
111 141
111 845
505 1013
505 649
340 926
340 748
942 684
942 772
565 813
565 247
90 327
90 905
351 985
351 987
291 255
291 500
541 454
541 725
904 751
904 600
511 435
511 486
183 109
183 797
877 162
877 590
634 382
634 1000
953 207
953 318
40 936
40 59
906 361
906 1003
296 553
296 331
284 267
284 809
211 248
211 145
692 233
692 793
299 581
299 317
420 386
420 896
932 1011
932 84
835 228
835 934
249 185
249 847
200 807
200 434
706 106
706 506
821 812
821 750
390 370
390 823
41 667
41 278
642 449
642 583
967 939
967 714
226 676
226 786
375 51
375 31
628 124
628 215
709 828
709 874
265 973
265 236
539 87
539 834
152 266
152 451
77 762
77 758
206 184
206 514
472 781
472 252
368 313
368 819
358 217
358 754
518 894
518 18
213 133
213 832
888 671
888 1020
519 945
519 212
755 776
755 734
598 17
598 453
742 88
742 968
10 551
10 602
663 545
663 743
701 660
701 315
66 461
66 794
359 599
359 105
818 573
818 491
670 951
670 143
683 428
683 520
1015 843
1015 833
995 467
995 3
29 148
29 273
937 853
937 647
503 570
503 621
749 650
749 314
791 789
791 577
174 222
174 323
990 719
990 624
395 494
395 771
71 464
71 604
609 413
609 462
768 294
768 911
304 417
304 879
295 125
295 592
871 80
871 348
4 427
4 924
443 167
443 1010
480 784
480 585
943 163
943 534
757 618
757 716
60 308
60 14
838 306
838 763
394 442
394 343
783 62
783 469
796 576
796 220
788 889
788 447
919 824
919 305
964 175
964 415
30 487
30 164
171 436
171 971
478 216
478 402
65 37
65 638
574 695
574 186
218 956
218 371
2 219
2 115
268 406
268 817
32 866
32 542
391 588
391 349
555 711
555 224
966 24
966 881
959 806
959 697
720 365
720 1004
309 688
309 814
470 1005
470 208
607 606
607 702
855 715
855 78
325 137
325 851
986 726
986 98
287 550
287 356
700 747
700 160
707 150
707 388
12 339
12 344
458 433
458 516
876 1022
876 302
975 129
975 540
917 629
917 656
123 179
123 352
188 455
188 25
640 981
640 568
483 857
483 954
466 158
466 195
863 477
863 615
1006 648
1006 957
142 669
142 693
227 729
227 875
353 190
353 28
499 16
499 635
991 740
991 1007
196 703
196 301
735 885
735 239
517 696
517 1008
869 229
869 113
262 717
262 8
535 601
535 169
764 283
764 1016
782 131
782 372
605 994
605 336
223 947
223 890
293 182
293 440
567 1018
567 880
341 92
341 312
946 737
946 677
383 672
383 116
93 910
93 50
979 21
979 194
546 846
546 385
524 172
524 594
47 497
47 103
73 64
73 770
246 646
246 485
117 192
117 94
998 744
998 941
850 346
850 456
202 104
202 468
547 918
547 180
682 408
682 767
253 962
253 1019
643 738
643 597
345 490
345 85
108 245
108 387
868 61
868 258
760 139
760 482
243 13
243 563
56 271
56 70
170 976
170 369
204 525
204 362
338 829
338 611
350 678
350 774
396 752
396 426
893 431
893 658
264 281
264 508
27 272
27 214
144 300
144 948
698 854
698 38
899 63
899 668
307 837
307 409
792 157
792 425
429 526
429 593
925 321
925 441
556 882
556 488
159 708
159 322
422 99
422 582
68 898
68 49
393 759
393 289
335 241
335 311
282 580
282 1017
156 712
156 376
849 58
849 935
504 903
504 963
728 662
728 11
97 53
97 197
114 419
114 982
523 1009
523 779
177 909
177 198
209 566
209 822
908 210
908 586
928 521
928 52
988 354
988 127
263 681
263 916
739 587
739 887
450 878
450 859
495 571
495 187
787 895
787 251
674 780
674 589
825 138
825 727
438 6
438 575
705 448
705 799
627 398
627 191
578 785
578 930
34 798
34 732
710 765
710 572
891 548
891 324
844 430
844 622
238 753
238 199
95 91
95 118
579 544
579 978
730 181
730 101
279 997
279 927
929 414
929 972
664 625
664 686
1627 186
1627 1348
186 971
186 487
1348 1246
1348 1953
971 1961
971 829
487 1145
487 1545
1246 1485
1246 670
1953 1812
1953 897
1961 295
1961 410
829 1719
829 600
1145 1263
1145 418
1545 929
1545 54
1485 1363
1485 518
670 1905
670 187
1812 1057
1812 1393
897 978
897 1429
295 1364
295 443
410 1811
410 723
1719 1851
1719 1357
600 1550
600 1113
1263 113
1263 606
418 1150
418 1832
929 56
929 1004
54 1082
54 678
1363 321
1363 464
518 1481
518 1514
1905 1253
1905 1663
187 447
187 1656
1057 368
1057 77
1393 579
1393 1938
978 1841
978 1005
1429 1975
1429 1129
1364 1149
1364 338
443 1696
443 99
1811 1071
1811 676
723 37
723 845
1851 1233
1851 1637
1357 538
1357 544
1550 717
1550 588
1113 615
1113 903
113 1533
113 601
606 1897
606 856
1150 732
1150 80
1832 407
1832 1446
56 1075
56 1588
1004 218
1004 1109
1082 1484
1082 1008
678 1448
678 1846
321 50
321 1031
464 528
464 667
1481 2016
1481 422
1514 350
1514 1723
1253 837
1253 385
1663 1047
1663 1307
447 1067
447 1472
1656 736
1656 1926
368 1401
368 1701
77 906
77 1998
579 5
579 992
1938 879
1938 1092
1841 44
1841 645
1005 1781
1005 984
1975 516
1975 661
1129 1640
1129 75
1149 642
1149 2024
338 1028
338 634
1696 1957
1696 284
99 1094
99 162
1071 104
1071 220
676 1578
676 1136
37 97
37 1695
845 554
845 1752
1233 1741
1233 1516
1637 1896
1637 379
538 1354
538 11
544 1362
544 1450
717 1954
717 684
588 1487
588 1386
615 1105
615 1424
903 1718
903 326
1533 203
1533 96
601 560
601 1503
1897 1134
1897 961
856 370
856 592
732 119
732 1671
80 633
80 226
407 1349
407 1211
1446 988
1446 730
1075 1170
1075 433
1588 1398
1588 563
218 681
218 1302
1109 1490
1109 616
1484 1746
1484 766
1008 1331
1008 1174
1448 1293
1448 320
1846 1153
1846 1382
50 1132
50 310
1031 1565
1031 559
528 1830
528 1409
667 589
667 1845
2016 134
2016 1522
422 415
422 778
350 1020
350 276
1723 1934
1723 853
837 1806
837 62
385 2017
385 501
1047 1066
1047 767
1307 278
1307 1391
1067 1673
1067 1600
1472 12
1472 810
736 1850
736 1679
1926 545
1926 356
1401 141
1401 426
1701 1447
1701 1365
906 4
906 42
1998 1606
1998 1328
5 534
5 822
992 7
992 1130
879 1755
879 1297
1092 552
1092 953
44 1557
44 1224
645 263
645 1706
1781 335
1781 409
984 249
984 491
516 1443
516 1972
661 1822
661 507
1640 949
1640 1108
75 1371
75 1680
642 216
642 1959
2024 1318
2024 1906
1028 458
1028 742
634 1337
634 679
1957 868
1957 769
284 1200
284 1521
1094 1907
1094 915
162 1278
162 1967
104 1309
104 758
220 572
220 1128
1578 696
1578 1359
1136 725
1136 1147
97 669
97 1314
1695 577
1695 1579
554 360
554 1836
1752 878
1752 1510
1741 1804
1741 1796
1516 1220
1516 1218
1896 49
1896 638
379 2036
379 1306
1354 524
1354 1925
11 1566
11 815
1362 1667
1362 934
1450 1766
1450 89
1954 956
1954 1609
684 707
684 1044
1487 1316
1487 1570
1386 101
1386 1367
1105 652
1105 1422
1424 1707
1424 1734
1718 540
1718 30
326 147
326 801
203 1512
203 1708
96 969
96 1284
560 1433
560 2018
1503 1376
1503 626
1134 1899
1134 1657
961 499
961 1919
370 1702
370 34
592 1801
592 1342
119 1324
119 289
1671 799
1671 692
633 23
633 1649
226 1655
226 993
1349 848
1349 1684
1211 686
1211 708
988 2028
988 112
730 1901
730 1525
1170 421
1170 1915
433 1683
433 1945
1398 489
1398 1725
563 1195
563 1931
681 467
681 986
1302 1466
1302 247
1490 401
1490 531
616 1645
616 761
1746 635
1746 764
766 1252
766 855
1331 594
1331 1693
1174 1916
1174 960
1293 1769
1293 1074
320 671
320 438
1153 1377
1153 1895
1382 1209
1382 967
1132 1464
1132 1248
310 1189
310 1048
1565 1902
1565 21
559 583
559 1509
1830 1646
1830 659
1409 1372
1409 347
589 1165
589 1590
1845 1212
1845 1151
134 1614
134 1213
1522 512
1522 1351
415 591
415 1152
778 18
778 1793
1020 1918
1020 532
276 2021
276 593
1934 266
1934 1070
853 1705
853 1865
1806 1875
1806 1597
62 1764
62 492
2017 788
2017 1258
501 238
501 1040
1066 72
1066 1403
767 222
767 1726
278 509
278 1621
1391 308
1391 115
1673 1154
1673 1664
1600 672
1600 569
12 1064
12 428
810 789
810 827
1850 1513
1850 1624
1679 894
1679 1454
545 1181
545 280
356 322
356 719
141 253
141 1394
426 1626
426 1407
1447 1877
1447 851
1365 63
1365 414
4 891
4 1589
42 150
42 1603
1606 1069
1606 2011
1328 922
1328 889
534 1561
534 1023
822 1546
822 1929
7 557
7 1428
1130 1524
1130 341
1755 1795
1755 1880
1297 232
1297 2009
552 22
552 1469
953 1496
953 1093
1557 1538
1557 1133
1224 1400
1224 488
263 390
263 1280
1706 1615
1706 1799
335 776
335 1885
409 69
409 700
249 712
249 2032
491 1054
491 43
1443 364
1443 958
1972 640
1972 1312
1822 1748
1822 1437
507 704
507 1374
949 131
949 783
1108 67
1108 620
1371 721
1371 126
1680 1355
1680 1527
216 1379
216 1622
1959 714
1959 675
1318 1670
1318 354
1906 506
1906 715
458 229
458 728
742 382
742 1531
1337 1853
1337 1711
679 1053
679 517
868 1784
868 1221
769 1529
769 706
1200 1699
1200 1122
1521 1191
1521 1347
1907 1241
1907 1330
915 852
915 1698
1278 332
1278 138
1967 1505
1967 1499
1309 294
1309 901
758 1739
758 484
572 701
572 590
1128 1988
1128 132
696 1168
696 139
1359 1483
1359 314
725 1890
725 1884
1147 68
1147 937
669 575
669 457
1314 1978
1314 1924
577 1949
577 1339
1579 1630
1579 1185
360 1458
360 823
1836 1878
1836 926
878 2023
878 1369
1510 1777
1510 292
1804 110
1804 2013
1796 1951
1796 494
1220 1642
1220 120
1218 490
1218 1757
49 757
49 784
638 1405
638 739
2036 689
2036 337
1306 2029
1306 1291
524 265
524 1966
1925 1922
1925 1245
1566 1406
1566 1650
815 1239
815 1608
1667 435
1667 384
934 1338
934 602
1766 543
1766 944
89 2005
89 1772
956 329
956 333
1609 1325
1609 1633
707 2033
707 93
1044 893
1044 1110
1316 508
1316 1688
1570 831
1570 199
101 1576
101 2027
1367 1903
1367 876
652 10
652 693
1422 1158
1422 1334
1707 1352
1707 1276
1734 233
1734 1182
540 1029
540 259
30 1201
30 1140
147 716
147 690
801 301
801 1770
1512 562
1512 1580
1708 649
1708 574
969 916
969 299
1284 1231
1284 787
1433 2037
1433 872
2018 55
2018 486
1376 1814
1376 1855
626 1270
626 1126
1899 41
1899 965
1657 1613
1657 724
499 36
499 994
1919 286
1919 1404
1702 1440
1702 372
34 135
34 1648
1801 502
1801 493
1342 866
1342 1593
1324 1255
1324 470
289 1343
289 1242
799 1817
799 331
692 380
692 630
23 804
23 279
1649 680
1649 977
1655 548
1655 705
993 111
993 923
848 1735
848 2007
1684 1100
1684 1250
686 323
686 657
708 1887
708 267
2028 1106
2028 854
112 1392
112 907
1901 1548
1901 932
1525 8
1525 904
421 1244
421 1789
1915 1813
1915 662
1683 1857
1683 224
1945 1086
1945 520
489 1808
489 163
1725 533
1725 1249
1195 1854
1195 955
1931 1908
1931 941
467 504
467 727
986 1251
986 1690
1466 397
1466 474
247 215
247 1965
401 466
401 1860
531 1989
531 482
1645 1873
1645 610
761 1943
761 796
635 1356
635 1101
764 722
764 1920
1252 425
1252 1837
855 1762
855 733
594 133
594 38
1693 1815
1693 1605
1916 1402
1916 1383
960 1710
960 697
1769 566
1769 311
1074 1861
1074 1482
671 324
671 624
438 1115
438 735
1377 366
1377 1749
1895 248
1895 165
1209 1968
1209 1368
967 1946
967 1568
1464 225
1464 803
1248 614
1248 413
1189 149
1189 1586
1048 40
1048 191
1902 461
1902 411
21 1187
21 1473
583 1135
583 1024
1509 1553
1509 343
1646 1030
1646 16
659 234
659 1674
1372 1758
1372 1774
347 1598
347 1421
1165 1304
1165 1050
1590 117
1590 1178
1212 1730
1212 318
1151 1167
1151 1434
1614 342
1614 1083
1213 1632
1213 571
512 1492
512 262
1351 873
1351 1508
591 858
591 2
1152 1847
1152 274
18 1767
18 747
1793 207
1793 1768
1918 1914
1918 1744
532 1055
532 821
2021 330
2021 160
593 76
593 313
266 1891
266 270
1070 1596
1070 406
1705 1468
1705 1411
1865 1026
1865 625
1875 35
1875 157
1597 377
1597 1036
1764 1581
1764 1269
492 395
492 1863
788 621
788 327
1258 1012
1258 1517
238 83
238 553
1040 1010
1040 1843
72 1868
72 2039
1403 161
1403 440
222 710
222 1871
1726 1435
1726 445
509 619
509 304
1621 1999
1621 269
308 396
308 336
115 1390
115 1682
1154 1694
1154 668
1664 1298
1664 371
672 798
672 223
569 258
569 2038
1064 1229
1064 805
428 573
428 197
789 195
789 1571
827 309
827 398
1513 208
1513 883
1624 568
1624 1274
894 1833
894 73
1454 756
1454 1463
1181 637
1181 885
280 1819
280 598
322 1601
322 930
719 1022
719 100
253 570
253 1444
1394 1562
1394 957
1626 1963
1626 1198
1407 1983
1407 1928
1877 945
1877 102
851 989
851 1408
63 1751
63 2015
414 743
414 1859
891 1295
891 1913
1589 748
1589 170
150 1619
150 1173
1603 990
1603 1247
1069 1958
1069 1327
2011 1104
2011 618
922 1014
922 1982
889 465
889 1555
1561 794
1561 109
1023 1162
1023 496
1546 658
1546 875
1929 651
1929 1497
557 1294
557 1230
1428 1802
1428 550
1524 468
1524 1042
341 1831
341 541
1795 1594
1795 946
1880 1091
1880 1528
232 913
232 448
2009 1273
2009 1495
22 1131
22 792
1469 585
1469 1090
1496 66
1496 1602
1093 1948
1093 1577
1538 1137
1538 896
1133 1618
1133 244
1400 1607
1400 181
488 251
488 46
390 260
390 1413
1280 814
1280 1754
1615 17
1615 850
1799 1267
1799 374
776 1792
776 1462
1885 1388
1885 1049
69 345
69 887
700 1856
700 352
712 1634
712 655
2032 1103
2032 1051
1054 772
1054 549
43 1625
43 1574
364 2014
364 424
958 1271
958 479
640 1148
640 1870
1312 1731
1312 1729
1748 217
1748 1116
1437 1932
1437 1007
704 86
704 1717
1374 1436
1374 537
131 58
131 1011
783 306
783 91
67 1573
67 1788
620 840
620 1061
721 1166
721 1776
126 1535
126 1123
1355 1225
1355 1197
1527 1869
1527 1747
1379 1380
1379 1518
1622 954
1622 1672
714 128
714 629
675 555
675 1927
1670 319
1670 939
354 1451
354 1199
506 1313
506 1321
715 774
715 1558
229 221
229 1980
728 882
728 1697
382 2044
382 1188
1531 1888
1531 273
1853 1412
1853 1063
1711 81
1711 290
1053 558
1053 921
517 1502
517 1886
1784 1021
1784 808
1221 1981
1221 863
1529 189
1529 1260
706 1033
706 847
1699 1595
1699 184
1122 966
1122 1160
1191 171
1191 1279
1347 632
1347 242
1241 812
1241 452
1330 779
1330 281
852 924
852 1442
1698 79
1698 94
332 1569
332 627
138 522
138 392
1505 1037
1505 175
1499 2020
1499 703
294 1582
294 503
901 198
901 523
1739 500
1739 71
484 1867
484 1068
701 307
701 1305
590 1350
590 1478
1988 1820
1988 1536
132 121
132 765
1168 74
1168 1210
139 1941
139 1395
1483 1039
1483 892
314 1124
314 1991
1890 1944
1890 1827
1884 434
1884 388
68 752
68 1016
937 1583
937 173
575 1097
575 1681
457 1839
457 2046
1978 129
1978 1095
1924 1970
1924 1904
1949 546
1949 261
1339 515
1339 1127
1630 1889
1630 146
1185 1921
1185 1641
1458 1418
1458 1078
823 824
823 656
1878 1009
1878 1326
926 1265
926 1923
2023 210
2023 1184
1369 475
1369 1013
1777 1616
1777 288
292 1692
292 84
110 1985
110 1760
2013 834
2013 1117
1951 373
1951 1236
494 423
494 1065
1642 1389
1642 346
120 991
120 213
490 416
490 1002
1757 1283
1757 1275
757 914
757 807
784 1540
784 1658
1405 826
1405 264
739 791
739 1662
689 1933
689 1215
337 383
337 1399
2029 1807
2029 1427
1291 1156
1291 442
265 912
265 1470
1966 811
1966 1310
1922 317
1922 900
1245 975
1245 60
1406 417
1406 1288
1650 1266
1650 391
1239 480
1239 118
1608 1862
1608 1385
435 1977
435 387
384 759
384 206
1338 2026
1338 1935
602 973
602 1139
543 1046
543 1842
944 505
944 1500
2005 2047
2005 174
1772 196
1772 1666
329 1375
329 2025
333 688
333 164
1325 1018
1325 1089
1633 561
1633 1898
2033 1438
2033 1549
93 153
93 865
893 1823
893 860
1110 1511
1110 1175
508 1617
508 400
1688 1087
1688 2004
831 1453
831 1084
199 143
199 353
1576 293
1576 359
2027 61
2027 1286
1903 987
1903 1311
876 998
876 1940
10 641
10 437
693 2008
693 1303
1158 780
1158 1628
1334 15
1334 1319
1352 26
1352 644
1276 597
1276 1532
233 1498
233 239
1182 1551
1182 861
1029 1208
1029 734
259 1285
259 1728
1201 936
1201 485
1140 1876
1140 1176
716 483
716 1141
690 1979
690 1623
301 795
301 683
1770 272
1770 1102
562 431
562 1261
1580 881
1580 529
649 1027
649 408
574 959
574 1829
916 1146
916 1783
299 70
299 1530
1231 432
1231 1620
787 1636
787 806
2037 237
2037 29
872 613
872 351
55 402
55 1203
486 1264
486 664
1814 1756
1814 98
1855 116
1855 849
1270 2002
1270 802
1126 430
1126 328
41 1301
41 241
965 1797
965 1111
1613 1262
1613 13
724 1194
724 446
36 781
36 1894
994 1844
994 1969
286 762
286 48
1404 1881
1404 194
1440 1736
1440 27
372 974
372 348
135 1015
135 2003
1648 45
1648 869
502 927
502 1493
493 200
493 1773
866 556
866 1431
1593 1947
1593 1143
1255 106
1255 1563
470 1360
470 177
1343 1
1343 1219
1242 653
1242 2042
1817 1202
1817 654
331 917
331 1268
380 436
380 1879
630 498
630 1604
804 1119
804 303
279 646
279 1971
680 456
680 1144
977 1973
977 1554
548 1724
548 1471
705 1461
705 193
111 1214
111 963
923 1882
923 2045
1735 252
1735 361
2007 1417
2007 441
1100 1322
1100 1378
1250 682
1250 316
323 833
323 1849
657 1810
657 2034
1887 145
1887 82
267 378
267 857
1106 3
1106 1803
854 888
854 389
1392 168
1392 1381
907 825
907 205
1548 908
1548 1465
932 674
932 1235
8 864
8 24
904 775
904 2022
1244 268
1244 1523
1789 1281
1789 159
1813 176
1813 1691
662 250
662 1587
1857 1639
1857 1006
224 687
224 439
1086 25
1086 609
520 282
520 236
1808 1794
1808 636
163 192
163 472
533 1205
533 227
1249 1384
1249 393
1854 1547
1854 1035
955 1387
955 2010
1908 1017
1908 607
941 580
941 940
504 1644
504 608
727 1292
727 525
1251 665
1251 1651
1690 838
1690 938
397 1121
397 694
474 925
474 628
215 1911
215 718
1965 305
1965 283
466 1675
466 1232
1860 699
1860 1912
1989 114
1989 1743
482 997
482 871
1873 158
1873 92
610 1222
610 623
1943 1893
1943 450
796 547
796 1172
1356 285
1356 1419
1101 1099
1101 235
722 1930
722 970
1920 800
1920 1519
425 88
425 1423
1837 754
1837 919
1762 1892
1762 521
733 768
733 1118
133 1647
133 832
38 1317
38 842
1815 1216
1815 1456
1605 749
1605 514
1402 1937
1402 358
1383 1476
1383 1678
1710 2031
1710 1346
697 1507
697 581
566 760
566 931
311 1787
311 1333
1861 1186
1861 296
1482 1196
1482 1611
324 355
324 315
624 1190
624 1414
1115 1575
1115 1474
735 890
735 952
366 1425
366 1001
1749 910
1749 527
248 1169
248 179
165 1669
165 476
1968 231
1968 1019
1368 1585
1368 1848
1946 1775
1946 819
1568 1180
1568 344
225 785
225 1430
803 1900
803 155
614 1700
614 691
413 920
413 209
149 564
149 902
1586 726
1586 444
40 1501
40 905
191 1096
191 1041
461 455
461 586
411 1676
411 275
1187 20
1187 156
1473 983
1473 1486
1135 729
1135 427
1024 1994
1024 576
1553 166
1553 976
343 746
343 300
1030 1397
1030 47
16 1056
16 1722
234 950
234 362
1674 877
1674 1703
1758 843
1758 1552
1774 740
1774 1441
1598 567
1598 1426
1421 1457
1421 1992
1304 2041
1304 367
1050 369
1050 1541
117 909
117 1163
1178 603
1178 846
1730 419
1730 1073
318 1072
318 895
1167 841
1167 1358
1434 412
1434 399
342 612
342 1479
1083 1192
1083 142
1632 212
1632 1733
571 477
571 1960
1492 1974
1492 1515
262 471
262 1745
873 1459
873 420
1508 1475
1508 287
858 817
858 972
2 1488
2 962
1847 1652
1847 535
274 1460
274 813
1767 1373
1767 140
747 1753
747 713
207 33
207 136
1768 605
1768 981
1914 599
1914 1361
1744 1289
1744 947
1055 1765
1055 245
821 1204
821 999
330 256
330 1335
160 1259
160 103
76 536
76 1177
313 1308
313 1098
1891 1986
1891 6
270 1520
270 1564
1596 1300
1596 201
406 169
406 2043
1468 1164
1468 1332
1411 1081
1411 1366
1026 790
1026 816
625 1759
625 429
35 867
35 277
157 1287
157 334
377 968
377 797
1036 1142
1036 666
1581 1858
1581 1455
1269 663
1269 1805
395 95
395 32
1863 1714
1863 996
621 1791
621 473
327 1227
327 1976
1012 1025
1012 449
1517 2035
1517 1952
83 786
83 459
553 125
553 738
1010 214
1010 1591
1843 1420
1843 578
1868 639
1868 1677
2039 731
2039 1125
161 478
161 1798
440 1686
440 1864
710 1206
710 1917
1871 1738
1871 211
1435 1217
1435 1599
445 1987
445 830
619 1299
619 78
304 513
304 1584
1999 519
1999 551
269 899
269 1737
396 745
396 64
336 1045
336 951
1390 497
1390 151
1682 1996
1682 297
1694 820
1694 1909
668 1085
668 1480
1298 363
1298 874
371 404
371 1439
798 1653
798 52
223 1874
223 202
258 2006
258 1340
2038 647
2038 839
1229 1712
1229 1544
805 777
805 1732
573 770
573 1542
197 1629
197 1727
195 1993
195 1704
1571 1592
1571 1984
309 886
309 1955
398 1370
398 622
208 188
208 1713
883 2040
883 530
568 1155
568 2000
1274 31
1274 1782
1833 183
1833 190
73 818
73 1834
756 312
756 1543
1463 460
1463 178
637 1159
637 230
885 1828
885 1052
1819 1038
1819 14
598 755
598 1964
1601 526
1601 1237
930 127
930 1852
1022 1824
1022 9
100 1504
100 381
570 943
570 51
1444 1120
1444 1336
1562 911
1562 1257
957 918
957 365
1963 685
1963 1396
1198 793
1198 240
1983 1415
1983 1410
1928 677
1928 1059
945 340
945 1556
102 2012
102 660
989 1296
989 1962
1408 1610
1408 182
1751 185
1751 1643
2015 85
2015 1635
743 1243
743 1809
1859 57
1859 405
1295 596
1295 167
1913 1445
1913 1721
748 257
748 243
170 1956
170 1058
1619 2030
1619 584
1173 1539
1173 1800
990 1654
990 1742
1247 1432
1247 862
1958 1990
1958 942
1327 771
1327 124
1104 782
1104 711
618 1826
618 1290
1014 1315
1014 1638
1982 698
1982 617
465 246
465 1238
1555 1112
1555 1171
794 65
794 137
109 836
109 59
1162 123
1162 933
496 394
496 152
658 172
658 650
875 1661
875 144
651 1032
651 1816
1497 611
1497 469
1294 1344
1294 403
1230 1750
1230 1995
1802 154
1802 1077
550 985
550 219
468 1567
468 1659
1042 1161
1042 751
1831 1256
1831 1193
541 859
541 454
1594 1477
1594 108
946 835
946 1631
1091 1076
1091 1872
1528 228
1528 2019
913 2001
913 809
448 1687
448 1003
1273 122
1273 1740
1495 325
1495 631
1131 1780
1131 884
792 1838
792 1494
585 1689
585 928
1090 1491
1090 1942
66 1715
66 255
1602 1079
1602 1088
1948 511
1948 357
1577 298
1577 1761
1137 302
1137 1883
896 539
896 753
1618 130
1618 1223
244 1763
244 105
1607 1997
1607 1866
181 1665
181 107
251 1452
251 880
46 1060
46 1254
260 90
260 720
1413 39
1413 386
814 1685
814 898
1754 1534
1754 582
17 1234
17 1560
850 1000
850 565
1267 995
1267 1910
374 964
374 1537
1792 709
1792 1114
1462 1345
1462 979
1388 495
1388 1207
1049 1716
1049 1489
345 695
345 1840
887 1778
887 375
1856 1771
1856 1183
352 1323
352 1449
1634 1779
1634 980
655 28
655 1277
1103 376
1103 1559
1051 1329
1051 1034
772 643
772 1825
549 702
549 1572
1625 1179
1625 1821
1574 481
1574 595
2014 1416
2014 1660
424 1835
424 1341
1271 1668
1271 271
479 349
479 737
1148 451
1148 773
1870 1467
1870 1157
1731 510
1731 744
1729 463
1729 453
217 828
217 648
1116 1043
1116 1785
1932 87
1932 1107
1007 148
1007 19
86 1709
86 741
1717 673
1717 542
1436 1818
1436 1226
537 1612
537 948
58 604
58 1228
1011 1240
1011 462
306 204
306 1138
91 587
91 1272
1573 1950
1573 53
1788 1790
1788 1936
840 982
840 254
1061 339
1061 180
1166 870
1166 291
1776 1720
1776 1506
1535 1062
1535 763
1123 1939
1123 1320
1225 935
1225 1786
1197 750
1197 1353
1869 844
1869 1526
1747 1282
1747 1080
