255 255 259258612
74 107
74 58
107 13
107 56
58 228
58 79
13 77
13 218
56 31
56 246
228 142
228 167
79 38
79 150
77 146
77 120
218 184
218 151
31 108
31 230
246 121
246 110
142 159
142 69
167 152
167 106
38 163
38 225
150 19
150 97
146 157
146 231
120 125
120 95
184 20
184 96
151 46
151 86
108 83
108 239
230 35
230 8
121 176
121 198
110 133
110 166
159 186
159 187
69 172
69 145
152 224
152 28
106 248
106 154
163 144
163 188
225 76
225 138
19 136
19 208
97 233
97 115
157 17
157 117
231 247
231 127
125 33
125 185
95 90
95 10
20 37
20 219
96 213
96 212
46 177
46 189
86 39
86 202
83 209
83 71
239 244
239 238
35 21
35 124
8 102
8 171
176 26
176 253
198 201
198 162
133 34
133 100
166 61
166 158
186 3
186 237
187 91
187 93
172 103
172 50
145 32
145 134
224 29
224 232
28 11
28 192
248 207
248 140
154 67
154 216
144 70
144 18
188 180
188 94
76 181
76 57
138 128
138 149
136 215
136 251
208 204
208 235
233 41
233 101
115 195
115 217
17 229
17 245
117 175
117 234
247 80
247 137
127 22
127 47
33 242
33 182
185 40
185 53
90 62
90 4
10 59
10 223
37 30
37 23
219 48
219 243
213 221
213 105
212 7
212 147
177 129
177 183
189 109
189 78
39 113
39 45
202 130
202 210
209 220
209 72
71 15
71 55
244 98
244 54
238 14
238 203
21 178
21 214
124 51
124 141
102 226
102 249
171 114
171 60
26 190
26 236
253 123
253 211
201 196
201 42
162 161
162 87
34 200
34 240
100 254
100 169
61 73
61 9
158 68
158 174
3 116
3 153
237 227
237 66
91 119
91 160
93 122
93 81
103 99
103 6
50 104
50 111
32 135
32 27
134 49
134 155
29 126
29 132
232 63
232 143
11 179
11 5
192 164
192 252
207 191
207 131
140 1
140 12
67 82
67 16
216 165
216 173
70 194
70 148
18 52
18 118
180 88
180 43
94 89
94 205
181 65
181 64
57 193
57 250
128 75
128 112
149 84
149 24
215 2
215 197
251 25
251 168
204 206
204 85
235 92
235 199
41 170
41 156
101 139
101 255
195 241
195 44
217 222
217 36
80 41
80 110
41 127
41 229
110 46
110 233
127 57
127 201
229 128
229 79
46 176
46 92
233 165
233 40
57 131
57 48
201 107
201 223
128 218
128 1
79 224
79 205
176 212
176 114
92 194
92 225
165 247
165 21
40 148
40 116
131 204
131 72
48 180
48 37
107 207
107 94
223 81
223 98
218 36
218 65
1 195
1 56
224 181
224 217
205 243
205 255
212 230
212 250
114 185
114 132
194 140
194 104
225 58
225 191
247 172
247 221
21 108
21 28
148 241
148 147
116 99
116 84
204 106
204 34
72 11
72 237
180 111
180 244
37 6
37 33
207 231
207 153
94 9
94 25
81 197
81 210
98 168
98 159
36 216
36 14
65 31
65 228
195 50
195 113
56 232
56 171
181 213
181 167
217 17
217 130
243 214
243 75
255 49
255 86
230 129
230 29
250 97
250 4
185 39
185 215
132 251
132 124
140 226
140 27
104 74
104 54
58 154
58 193
191 77
191 66
172 73
172 89
221 248
221 209
108 102
108 252
28 88
28 67
241 16
241 53
147 219
147 64
99 253
99 170
84 8
84 198
106 161
106 144
34 119
34 68
11 149
11 71
237 178
237 10
111 24
111 155
244 82
244 203
6 136
6 5
33 184
33 249
231 90
231 117
153 200
153 3
9 42
9 192
25 190
25 76
197 152
197 38
210 169
210 246
168 189
168 236
159 23
159 157
216 163
216 120
14 60
14 55
31 227
31 44
228 145
228 93
50 125
50 87
113 179
113 22
232 121
232 187
171 134
171 199
213 61
213 235
167 138
167 78
17 15
17 254
130 12
130 91
214 83
214 242
75 47
75 208
49 183
49 62
86 100
86 18
129 133
129 59
29 186
29 173
97 177
97 166
4 51
4 118
39 13
39 95
215 70
215 32
251 143
251 234
124 137
124 7
226 19
226 105
27 220
27 126
74 146
74 182
54 238
54 141
154 109
154 63
193 174
193 196
77 2
77 112
66 245
66 150
73 52
73 43
89 115
89 139
248 96
248 135
209 188
209 156
102 162
102 206
252 158
252 45
88 151
88 211
67 222
67 85
16 123
16 142
53 122
53 240
219 35
219 30
64 20
64 69
253 175
253 239
170 160
170 26
8 103
8 101
198 202
198 164
