63 511 532
16 49
16 37
49 1
49 52
37 30
37 38
1 7
1 27
52 32
52 46
30 58
30 44
38 45
38 51
7 14
7 39
27 41
27 61
32 62
32 23
46 2
46 18
58 34
58 21
44 40
44 57
45 31
45 54
51 6
51 12
14 28
14 5
39 4
39 22
41 15
41 47
61 11
61 3
62 56
62 48
23 26
23 36
2 43
2 60
18 9
18 63
34 20
34 25
21 10
21 8
40 35
40 19
57 17
57 13
31 33
31 29
54 59
54 55
6 24
6 53
12 42
12 50
313 100
313 108
100 180
100 291
108 317
108 324
180 378
180 340
291 130
291 379
317 121
317 184
324 83
324 267
378 199
378 411
340 415
340 36
130 122
130 256
379 300
379 38
121 98
121 97
184 440
184 451
83 101
83 345
267 282
267 154
199 217
199 202
411 407
411 147
415 55
415 434
36 470
36 144
122 28
122 380
256 259
256 453
300 501
300 464
38 374
38 270
98 435
98 413
97 252
97 134
440 264
440 137
451 351
451 115
101 142
101 225
345 268
345 105
282 445
282 233
154 314
154 458
217 308
217 312
202 177
202 504
407 107
407 68
147 67
147 307
55 468
55 330
434 241
434 474
470 290
470 65
144 14
144 309
28 306
28 276
380 254
380 273
259 162
259 446
453 258
453 368
501 363
501 95
464 262
464 485
374 284
374 183
270 402
270 238
435 384
435 118
413 425
413 27
252 44
252 449
134 133
134 492
264 246
264 86
137 323
137 349
351 500
351 429
115 370
115 509
142 212
142 189
225 43
225 305
268 90
268 205
105 194
105 395
445 42
445 436
233 418
233 62
314 80
314 367
458 181
458 432
308 502
308 350
312 152
312 427
177 331
177 472
504 143
504 419
107 338
107 161
68 201
68 494
67 40
67 112
307 158
307 275
468 279
468 438
330 506
330 11
241 439
241 49
474 393
474 229
290 6
290 66
65 405
65 375
14 63
14 253
309 79
309 388
306 119
306 335
276 93
276 231
254 7
254 120
273 319
273 242
162 170
162 200
446 34
446 260
258 381
258 179
368 480
368 371
363 495
363 423
95 441
95 88
262 483
262 23
485 408
485 1
284 103
284 164
183 476
183 342
402 227
402 488
238 169
238 466
384 132
384 72
118 30
118 304
425 387
425 102
27 9
27 360
44 77
44 13
449 109
449 203
133 297
133 277
492 148
492 462
246 17
246 325
86 332
86 422
323 366
323 46
349 428
349 104
500 499
500 218
429 16
429 400
370 139
370 85
509 357
509 286
212 447
212 196
189 339
189 348
43 443
43 240
305 328
305 247
90 389
90 377
205 19
205 457
194 125
194 478
395 354
395 150
42 226
42 406
436 73
436 333
418 361
418 376
62 210
62 215
80 188
80 444
367 416
367 320
181 54
181 401
432 394
432 316
502 248
502 424
350 50
350 448
152 487
152 221
427 392
427 469
331 397
331 45
472 353
472 69
143 362
143 409
419 417
419 274
338 172
338 216
161 136
161 303
201 255
201 163
494 508
494 208
40 12
40 207
112 386
112 295
158 18
158 87
275 57
275 131
279 21
279 76
438 224
438 48
506 190
506 214
11 99
11 182
439 175
439 47
49 341
49 61
393 505
393 81
229 460
229 365
6 167
6 251
66 135
66 82
405 437
405 263
375 198
375 266
63 213
63 403
253 160
253 294
79 292
79 111
388 490
388 414
119 318
119 326
335 4
335 463
93 257
93 168
231 20
231 461
7 280
7 25
120 70
120 171
319 165
319 239
242 2
242 84
170 479
170 75
200 92
200 228
34 5
34 283
260 41
260 3
381 123
381 456
179 157
179 219
480 22
480 352
371 178
371 89
495 484
495 116
423 382
423 71
441 310
441 166
88 138
88 497
483 329
483 91
23 94
23 64
408 110
408 8
1 193
1 234
103 285
103 455
164 140
164 412
476 272
476 58
342 293
342 204
227 399
227 486
488 146
488 369
169 431
169 489
466 404
466 261
132 315
132 51
72 385
72 60
30 29
30 336
304 498
304 289
387 33
387 191
102 481
102 236
9 209
9 288
360 235
360 355
77 467
77 390
13 347
13 426
109 37
109 396
203 244
203 496
297 372
297 106
277 127
277 511
148 222
148 507
462 24
462 442
17 430
17 346
325 298
325 185
332 173
332 344
422 287
422 391
366 503
366 230
46 296
46 35
428 358
428 373
104 113
104 155
499 53
499 96
218 420
218 124
16 149
16 343
400 250
400 473
139 299
139 364
85 359
85 281
357 383
357 475
286 117
286 186
447 245
447 187
196 15
196 337
339 301
339 265
348 39
348 278
443 223
443 421
240 232
240 249
328 302
328 237
247 220
247 151
389 153
389 26
377 174
377 176
19 450
19 156
457 114
457 192
125 465
125 141
478 459
478 471
354 334
354 32
150 327
150 128
226 159
226 433
406 482
406 510
73 322
73 493
333 52
333 78
361 398
361 195
376 10
376 206
210 211
210 477
215 197
215 356
188 129
188 311
444 74
444 59
416 56
416 491
320 454
320 145
54 410
54 321
401 269
401 126
394 452
394 31
316 243
316 271
