255 255 13963
240 255
240 10
255 165
255 172
10 82
10 98
165 189
165 205
172 101
172 153
82 24
82 133
98 199
98 119
189 56
189 164
205 40
205 136
101 134
101 183
153 68
153 158
24 19
24 173
133 209
133 206
199 140
199 71
119 9
119 13
56 61
56 33
164 192
164 224
40 152
40 111
136 78
136 246
134 76
134 188
183 63
183 208
68 177
68 46
158 94
158 20
19 207
19 60
173 8
173 169
209 62
209 148
206 178
206 194
140 52
140 154
71 211
71 72
9 250
9 128
13 66
13 200
61 32
61 57
33 22
33 110
192 223
192 124
224 236
224 239
152 146
152 244
111 3
111 167
78 1
78 252
246 221
246 64
76 151
76 109
188 215
188 29
63 187
63 212
208 145
208 232
177 88
177 102
46 35
46 120
94 143
94 201
20 171
20 73
207 16
207 93
60 54
60 193
8 170
8 39
169 38
169 14
62 233
62 225
148 162
148 89
178 103
178 50
194 53
194 241
52 96
52 176
154 156
154 92
211 112
211 197
72 47
72 247
250 161
250 21
128 7
128 42
66 130
66 106
200 242
200 191
32 34
32 237
57 190
57 114
22 214
22 25
110 79
110 217
223 107
223 150
124 202
124 186
236 168
236 67
239 254
239 157
146 48
146 196
244 90
244 204
3 86
3 84
167 105
167 6
1 37
1 12
252 175
252 185
221 41
221 70
64 77
64 219
151 181
151 243
109 226
109 131
215 28
215 149
29 15
29 174
187 65
187 179
212 83
212 234
145 117
145 59
232 228
232 253
88 137
88 31
102 210
102 99
35 122
35 43
120 135
120 198
143 160
143 49
201 11
201 100
171 104
171 248
73 116
73 216
16 51
16 108
93 127
93 17
54 91
54 245
193 180
193 182
170 45
170 229
39 147
39 18
38 118
38 163
14 222
14 58
233 36
233 139
225 95
225 44
162 85
162 74
89 26
89 231
103 238
103 142
50 81
50 80
53 138
53 113
241 30
241 126
96 69
96 5
176 97
176 159
156 55
156 4
92 75
92 23
112 144
112 27
197 132
197 251
47 203
47 249
247 195
247 218
161 155
161 166
21 230
21 115
7 184
7 87
42 213
42 121
130 220
130 2
106 125
106 227
242 129
242 123
191 235
191 141
27 13
27 89
13 25
13 142
89 194
89 205
25 192
25 4
142 216
142 35
194 95
194 117
205 233
205 106
192 12
192 163
4 37
4 224
216 68
216 58
35 211
35 20
95 1
95 49
117 78
117 11
233 2
233 116
106 165
106 166
12 34
12 56
163 9
163 154
37 195
37 128
224 228
224 179
68 225
68 45
58 208
58 59
211 212
211 97
20 158
20 75
1 218
1 54
49 140
49 217
78 100
78 213
11 57
11 237
2 240
2 93
116 96
116 15
165 82
165 21
166 50
166 125
34 65
34 255
56 187
56 161
9 14
9 164
154 8
154 197
195 221
195 235
128 190
128 167
228 181
228 180
179 254
179 134
225 159
225 153
45 170
45 251
208 219
208 248
59 186
59 127
212 160
212 210
97 16
97 243
158 123
158 60
75 148
75 113
218 157
218 43
54 40
54 143
140 196
140 71
217 204
217 74
100 80
100 84
213 174
213 129
57 70
57 229
237 124
237 19
240 104
240 42
93 147
93 79
96 183
96 69
15 191
15 171
82 156
82 92
21 198
21 246
50 139
50 177
125 18
125 226
65 253
65 62
255 41
255 227
187 109
187 47
161 73
161 101
14 193
14 230
164 55
164 207
8 247
8 245
197 209
197 184
221 51
221 199
235 162
235 146
190 103
190 48
167 105
167 152
181 215
181 26
180 36
180 206
254 238
254 178
134 61
134 32
159 232
159 145
153 244
153 130
170 231
170 39
251 77
251 7
219 83
219 120
248 107
248 5
186 188
186 169
127 33
127 81
160 63
160 17
210 118
210 172
16 44
16 252
243 220
243 88
123 122
123 24
60 30
60 175
148 138
148 242
113 236
113 201
157 94
157 6
43 126
43 67
40 98
40 86
143 76
143 99
196 64
196 110
71 23
71 185
204 234
204 102
74 151
74 114
80 141
80 72
84 90
84 52
174 189
174 182
129 249
129 168
70 91
70 31
229 223
229 133
124 202
124 3
19 112
19 38
104 87
104 131
42 135
42 137
147 28
147 222
79 53
79 136
183 241
183 108
69 22
69 144
191 46
191 132
171 214
171 121
156 10
156 111
92 176
92 150
198 173
198 239
246 155
246 85
139 66
139 119
177 149
177 200
18 250
18 29
226 115
226 203
