511 1023 2867
199 381
199 342
381 463
381 272
342 353
342 473
463 376
463 484
272 338
272 351
353 352
353 33
473 12
473 221
376 482
376 286
484 354
484 106
338 197
338 294
351 238
351 460
352 382
352 214
33 96
33 288
12 295
12 244
221 42
221 356
482 17
482 402
286 218
286 418
354 316
354 364
106 254
106 276
197 161
197 415
294 67
294 118
238 481
238 14
460 43
460 339
382 93
382 497
214 363
214 315
96 321
96 466
288 91
288 445
295 378
295 1
244 425
244 25
42 9
42 449
356 298
356 111
17 143
17 38
402 112
402 271
218 185
218 343
418 459
418 291
316 480
316 475
364 140
364 421
254 237
254 281
276 398
276 108
161 383
161 116
415 318
415 154
67 399
67 471
118 56
118 226
481 293
481 248
14 127
14 476
43 182
43 371
339 504
339 251
93 219
93 452
497 267
497 302
363 64
363 346
315 104
315 500
321 76
321 268
466 252
466 373
91 80
91 132
445 105
445 179
378 464
378 468
1 188
1 131
425 190
425 241
25 147
25 256
9 144
9 70
449 331
449 326
298 322
298 296
111 235
111 422
143 152
143 245
38 317
38 176
112 394
112 234
271 178
271 262
185 184
185 45
343 292
343 416
459 458
459 186
291 438
291 196
480 396
480 208
475 15
475 73
140 198
140 365
421 349
421 35
237 361
237 490
281 498
281 261
398 95
398 333
108 3
108 77
383 387
383 145
116 212
116 290
318 260
318 158
154 265
154 231
399 246
399 242
471 24
471 159
56 486
56 203
226 65
226 192
293 34
293 29
248 320
248 153
127 462
127 447
476 5
476 269
182 249
182 88
371 431
371 110
504 172
504 31
251 312
251 66
219 311
219 89
452 358
452 253
267 314
267 285
302 46
302 465
64 407
64 434
346 233
346 44
104 282
104 280
500 506
500 115
76 247
76 209
268 299
268 125
252 223
252 201
373 350
373 453
80 63
80 455
132 301
132 30
105 428
105 39
179 274
179 6
464 426
464 508
468 491
468 149
188 432
188 224
131 4
131 230
190 114
190 409
241 211
241 259
147 374
147 368
256 275
256 479
144 502
144 427
70 37
70 410
331 505
331 87
326 372
326 406
322 113
322 414
296 2
296 478
235 228
235 148
422 204
422 170
152 213
152 327
245 379
245 270
317 403
317 472
176 98
176 390
394 36
394 277
234 61
234 395
178 429
178 222
262 119
262 283
184 26
184 220
45 278
45 180
292 162
292 337
416 323
416 232
458 369
458 123
186 28
186 16
438 450
438 499
196 336
196 507
396 377
396 308
208 328
208 304
15 510
15 324
73 456
73 442
198 47
198 289
365 386
365 142
349 266
349 210
35 263
35 134
361 408
361 117
490 8
490 483
498 156
498 496
261 27
261 360
95 307
95 257
333 84
333 325
3 273
3 62
77 439
77 167
387 359
387 78
145 391
145 160
212 420
212 41
290 255
290 287
260 393
260 503
158 151
158 133
265 128
265 493
231 370
231 495
246 22
246 124
242 121
242 48
24 404
24 430
159 310
159 86
486 19
486 494
203 389
203 303
65 169
65 384
192 340
192 189
34 357
34 129
29 94
29 52
320 83
320 72
153 103
153 332
462 309
462 107
447 487
447 441
5 474
5 173
269 443
269 122
249 130
249 469
88 100
88 139
431 367
431 50
110 21
110 225
172 58
172 202
31 388
31 206
312 135
312 329
66 440
66 334
311 467
311 451
89 444
89 385
358 7
358 57
253 137
253 509
314 236
314 454
285 187
285 194
46 297
46 492
465 284
465 348
407 85
407 250
434 366
434 164
233 97
233 392
44 60
44 424
282 305
282 99
280 81
280 227
506 485
506 54
115 138
115 49
247 150
247 345
209 217
209 355
299 457
299 13
125 207
125 136
223 400
223 10
201 436
201 347
350 55
350 319
453 300
453 53
63 195
63 344
455 335
455 380
301 174
301 264
30 279
30 330
428 433
428 51
39 68
39 200
274 75
274 11
6 168
6 109
426 243
426 146
508 181
508 92
491 477
491 155
149 18
149 437
432 191
432 417
224 20
224 120
4 171
4 446
230 177
230 412
114 240
114 216
409 401
409 165
211 79
211 341
259 82
259 175
374 470
374 435
368 90
368 397
275 306
275 71
479 69
479 102
502 193
502 23
427 489
427 126
37 488
37 157
410 166
410 313
505 362
505 101
87 413
87 411
372 423
372 40
406 511
406 215
113 258
113 183
414 501
414 32
2 74
2 205
478 163
478 448
228 405
228 59
148 141
148 461
204 229
204 239
170 375
170 419
531 821
531 372
821 1014
821 595
372 251
372 702
1014 850
1014 558
595 410
595 512
251 402
251 491
702 889
702 993
850 11
850 660
558 169
558 236
410 884
410 316
512 292
512 440
402 15
402 748
491 415
491 184
889 216
889 848
993 343
993 188
11 280
11 204
660 403
660 380
169 897
169 189
236 904
236 358
884 700
884 552
316 355
316 800
292 86
292 513
440 313
440 591
15 352
15 877
748 499
748 319
415 422
415 816
184 962
184 233
216 661
216 385
848 538
848 927
343 869
343 666
188 642
188 646
280 946
280 210
204 720
204 468
403 277
403 21
380 260
380 808
897 501
897 541
189 181
189 696
904 219
904 129
358 860
358 870
700 733
700 838
552 780
552 553
355 548
355 772
800 715
800 203
86 103
86 338
513 667
513 477
313 310
313 915
591 432
591 744
352 914
352 6
877 273
877 437
499 692
499 489
319 379
319 162
422 173
422 383
816 919
816 742
962 304
962 981
233 638
233 730
661 823
661 443
385 874
385 381
538 657
538 625
927 676
927 197
869 581
869 528
666 701
666 684
642 544
642 990
646 19
646 464
946 314
946 895
210 90
210 486
720 640
720 909
468 227
468 458
277 934
277 987
21 539
21 697
260 392
260 992
808 592
808 285
501 312
501 29
541 96
541 675
181 301
181 398
696 953
696 518
219 330
219 143
129 818
129 472
860 245
860 441
870 161
870 958
733 42
733 494
838 533
838 607
780 565
780 371
553 467
553 546
548 202
548 945
772 332
772 526
715 186
715 600
203 339
203 226
103 282
103 128
338 239
338 315
667 653
667 947
477 325
477 25
310 941
310 469
915 859
915 525
432 31
432 722
744 856
744 404
914 208
914 1023
6 698
6 880
273 989
273 3
437 155
437 471
692 290
692 400
489 988
489 217
379 690
379 347
162 435
162 258
173 858
173 574
383 346
383 374
919 583
919 44
742 119
742 487
304 627
304 774
981 92
981 368
638 554
638 1017
730 943
730 38
823 168
823 1012
443 602
443 427
874 827
874 37
381 979
381 154
657 148
657 896
625 264
625 728
676 14
676 658
197 810
197 726
581 50
581 644
528 43
528 871
701 738
701 298
684 523
684 804
544 462
544 294
990 959
990 971
19 751
19 735
464 693
464 80
314 49
314 391
895 144
895 917
90 73
90 283
486 626
486 705
640 401
640 950
909 444
909 584
227 378
227 763
458 603
458 1003
934 853
934 419
987 218
987 52
539 1006
539 393
697 606
697 560
392 643
392 164
992 1010
992 93
592 176
592 248
285 113
285 75
312 879
312 635
29 503
29 824
96 317
96 926
675 340
675 207
301 67
301 242
398 655
398 476
953 350
953 936
518 998
518 429
330 145
330 307
143 534
143 91
818 755
818 997
472 163
472 150
245 268
245 797
441 886
441 614
161 149
161 111
958 826
958 637
42 442
42 408
494 928
494 757
533 882
533 679
607 474
607 220
565 731
565 762
371 931
371 873
467 165
467 739
546 133
546 354
202 318
202 893
945 564
945 961
332 809
332 680
526 341
526 925
186 937
186 714
600 615
600 214
339 586
339 351
226 582
226 79
282 900
282 571
128 923
128 671
239 783
239 124
315 221
315 760
653 500
653 694
947 406
947 972
325 107
325 515
25 159
25 1013
941 674
941 825
469 543
469 2
859 475
859 929
525 492
525 509
31 167
31 708
722 624
722 138
856 645
856 670
404 506
404 69
208 892
208 802
1023 608
1023 857
698 85
698 63
880 215
880 9
989 192
989 641
3 507
3 508
155 811
155 123
471 36
471 790
290 519
290 71
400 244
400 116
988 253
988 820
217 940
217 846
690 580
690 601
347 328
347 125
435 46
435 752
258 451
258 754
858 651
858 336
574 452
574 999
346 633
346 986
374 951
374 648
583 575
583 386
44 567
44 262
119 362
119 939
487 281
487 1020
627 289
627 7
774 331
774 933
92 815
92 758
368 903
368 801
554 782
554 303
1017 382
1017 231
943 232
943 867
38 299
38 852
168 333
168 597
1012 115
1012 954
602 142
602 8
427 151
427 724
827 237
827 865
37 295
37 650
979 594
979 794
154 854
154 284
148 966
148 389
896 200
896 784
264 647
264 527
728 320
728 240
14 793
14 413
658 481
658 881
810 596
810 250
726 418
726 844
50 137
50 830
644 806
644 423
43 704
43 613
871 976
871 112
738 576
738 899
298 737
298 98
523 551
523 82
804 39
804 678
462 87
462 297
294 357
294 619
959 335
959 975
971 550
971 353
751 22
751 656
735 561
735 266
693 773
693 688
80 664
80 439
49 293
49 344
391 616
391 247
144 965
144 54
917 805
917 412
73 984
73 974
283 456
283 572
626 562
626 849
705 187
705 88
401 483
401 271
950 246
950 831
444 814
444 878
584 327
584 490
378 631
378 24
763 532
763 769
603 126
603 447
1003 1000
1003 274
853 463
853 426
419 409
419 717
218 621
218 172
52 716
52 174
1006 672
1006 405
393 967
393 279
606 691
606 296
560 746
560 740
643 537
643 213
164 445
164 776
1010 109
1010 224
93 32
93 851
176 252
176 424
248 342
248 795
113 505
113 713
75 1007
75 108
879 196
879 612
635 587
635 695
503 829
503 952
824 399
824 916
317 190
317 387
926 259
926 1016
340 604
340 778
207 803
207 786
67 479
67 547
242 255
242 579
655 585
655 498
476 223
476 514
350 1021
350 195
936 238
936 632
998 455
998 736
429 322
429 65
145 461
145 887
307 57
307 275
534 942
534 269
91 1019
91 388
755 568
755 18
997 139
997 4
163 182
163 756
150 875
150 121
268 446
268 771
797 1
797 687
886 677
886 425
614 60
614 872
149 622
149 898
111 598
111 557
826 921
826 23
637 978
637 855
442 263
442 1001
408 885
408 605
928 938
928 171
757 485
757 117
882 578
882 466
679 59
679 673
474 876
474 110
220 375
220 609
731 370
731 193
762 228
762 95
931 556
931 13
873 278
873 288
165 206
165 323
739 329
739 480
133 53
133 964
354 27
354 249
318 791
318 663
893 681
893 177
564 348
564 35
961 980
961 76
809 407
809 570
680 749
680 845
341 623
341 488
925 920
925 669
937 191
937 434
714 894
714 775
615 261
615 417
214 944
214 770
586 450
586 205
351 72
351 932
582 1011
582 20
79 97
79 721
900 807
900 78
571 158
571 122
923 140
923 745
671 234
671 211
783 662
783 265
124 963
124 390
221 267
221 535
760 414
760 520
500 725
500 866
694 484
694 994
406 996
406 359
972 396
972 504
107 321
107 639
515 420
515 74
159 620
159 64
1013 812
1013 837
674 366
674 906
825 286
825 1015
543 654
543 516
2 787
2 180
475 890
475 727
929 222
929 511
492 160
492 431
509 157
509 573
167 183
167 411
708 272
708 120
624 617
624 41
138 862
138 153
645 449
645 326
670 478
670 566
506 394
506 135
69 789
69 448
892 709
892 703
802 685
802 345
608 369
608 741
857 729
857 765
85 753
85 356
63 48
63 956
215 34
215 416
9 55
9 45
192 26
192 907
641 493
641 969
507 152
507 229
508 524
508 334
811 529
811 949
123 256
123 796
36 89
36 81
790 194
790 588
519 460
519 114
71 384
71 842
244 360
244 373
116 365
116 1005
253 618
253 257
820 948
820 254
940 521
940 799
846 510
846 649
580 682
580 68
601 522
601 732
328 438
328 225
125 270
125 788
46 545
46 457
752 628
752 910
451 118
451 542
754 230
754 276
651 891
651 33
336 710
336 577
452 840
452 209
999 759
999 51
633 918
633 16
986 58
986 985
951 430
951 1004
648 1022
648 127
575 834
575 847
386 983
386 593
567 861
567 611
262 178
262 364
362 912
362 99
939 569
939 833
281 141
281 70
1020 686
1020 536
289 497
289 337
7 302
7 146
331 62
331 324
933 84
933 636
815 1009
815 798
758 287
758 902
903 610
903 924
801 47
801 106
782 156
782 630
303 835
303 652
382 589
382 10
231 104
231 1002
232 517
232 559
867 170
867 395
299 495
299 134
852 300
852 839
333 935
333 711
597 377
597 930
115 1018
115 719
954 901
954 130
142 768
142 734
8 175
8 361
151 764
151 629
724 905
724 101
237 599
237 349
865 305
865 308
295 785
295 864
650 913
650 428
594 819
594 132
794 563
794 102
854 100
854 777
284 767
284 822
966 957
966 888
389 540
389 955
200 241
200 243
784 473
784 668
647 995
647 212
527 105
527 311
320 699
320 781
240 61
240 883
793 723
793 911
413 761
413 707
481 454
481 421
881 367
881 970
596 743
596 28
250 56
250 747
418 828
418 363
844 465
844 590
137 199
137 198
830 147
830 863
806 991
806 779
423 792
423 291
704 131
704 179
613 436
613 66
976 817
976 482
112 665
112 12
576 470
576 712
899 968
899 40
737 5
737 83
98 185
98 908
551 922
551 166
82 201
82 555
39 306
39 813
678 868
678 977
87 689
87 453
297 136
297 77
357 973
357 960
619 832
619 841
335 634
335 235
975 836
975 1008
550 496
550 459
353 718
353 530
22 706
22 94
656 549
656 982
561 683
561 17
266 766
266 502
773 309
773 750
688 376
688 659
664 843
664 30
439 433
439 397
