1 255 61
243 80
243 200
80 237
80 185
200 119
200 6
237 151
237 93
185 136
185 199
119 206
119 13
6 253
6 95
151 64
151 205
93 128
93 164
136 12
136 58
199 25
199 39
206 132
206 156
13 198
13 229
253 217
253 168
95 219
95 98
64 120
64 117
205 226
205 177
128 41
128 138
164 165
164 33
12 186
12 188
58 67
58 72
25 96
25 74
39 240
39 231
132 246
132 182
156 50
156 142
198 26
198 43
229 203
229 1
217 220
217 5
168 194
168 38
219 123
219 171
98 255
98 248
120 209
120 20
117 129
117 152
226 73
226 202
177 85
177 4
41 254
41 158
138 10
138 127
165 108
165 150
33 2
33 242
186 83
186 18
188 148
188 8
67 40
67 196
72 143
72 78
96 160
96 49
74 211
74 23
240 232
240 137
231 113
231 187
246 193
246 116
182 11
182 86
50 175
50 124
142 214
142 35
26 60
26 145
43 195
43 228
203 234
203 131
1 75
1 210
220 44
220 238
5 173
5 225
194 161
194 147
38 89
38 141
123 16
123 63
171 84
171 88
255 112
255 32
248 94
248 105
209 22
209 223
20 36
20 81
129 14
129 42
152 59
152 130
73 47
73 149
202 166
202 170
85 218
85 65
4 146
4 100
254 101
254 56
158 99
158 62
10 213
10 207
127 178
127 29
108 19
108 111
150 135
150 71
2 61
2 76
242 154
242 244
83 184
83 230
18 201
18 27
148 122
148 241
8 107
8 7
40 252
40 251
196 179
196 28
143 102
143 249
78 221
78 55
160 24
160 174
49 30
49 37
211 121
211 69
23 183
23 235
232 144
232 181
137 109
137 57
113 126
113 77
187 189
187 91
193 133
193 192
116 222
116 104
11 216
11 140
86 118
86 139
175 247
175 46
124 45
124 227
214 163
214 176
35 68
35 17
60 157
60 90
145 21
145 9
195 224
195 54
228 191
228 103
234 190
234 52
131 159
131 51
75 180
75 92
210 31
210 153
44 239
44 236
238 70
238 233
173 155
173 106
225 15
225 3
161 134
161 169
147 115
147 245
89 97
89 208
141 204
141 48
16 79
16 197
63 34
63 215
84 167
84 87
88 114
88 162
112 212
112 110
32 66
32 125
94 250
94 172
105 82
105 53
