63 127 3324963
34 17
34 55
17 30
17 56
55 35
55 42
30 21
30 53
56 61
56 50
35 39
35 28
42 13
42 59
21 22
21 11
53 23
53 32
61 36
61 24
50 7
50 3
39 48
39 4
28 31
28 16
13 45
13 19
59 46
59 62
22 18
22 63
11 40
11 51
23 37
23 41
32 20
32 33
36 12
36 5
24 9
24 47
7 8
7 38
3 44
3 49
48 25
48 57
4 58
4 43
31 6
31 54
16 10
16 14
45 29
45 26
19 52
19 15
46 27
46 60
62 2
62 1
118 33
118 110
33 39
33 14
110 121
110 40
39 77
39 31
14 103
14 90
121 25
121 20
40 125
40 106
77 12
77 68
31 51
31 79
103 91
103 108
90 21
90 111
25 102
25 48
20 15
20 63
125 124
125 36
106 32
106 83
12 22
12 35
68 95
68 1
51 105
51 87
79 82
79 7
91 16
91 115
108 76
108 23
21 29
21 100
111 98
111 26
102 6
102 84
48 116
48 11
15 46
15 3
63 107
63 71
124 80
124 114
36 88
36 117
32 60
32 45
83 74
83 65
22 61
22 104
35 92
35 70
95 67
95 59
1 78
1 120
105 47
105 42
87 24
87 127
82 85
82 50
7 97
7 119
16 34
16 81
115 62
115 86
76 75
76 72
23 28
23 123
29 94
29 43
100 113
100 69
98 19
98 58
26 96
26 56
6 30
6 37
84 64
84 73
116 10
116 101
11 55
11 18
46 99
46 4
3 53
3 89
107 9
107 54
71 126
71 27
80 93
80 13
114 8
114 57
88 112
88 41
117 38
117 122
60 52
60 49
45 109
45 5
74 66
74 44
65 2
65 17
