255 2047 328
34 64
34 74
64 95
64 213
74 58
74 229
95 255
95 19
213 20
213 231
58 157
58 244
229 79
229 186
255 208
255 49
19 96
19 63
20 225
20 241
231 137
231 38
157 3
157 202
244 220
244 123
79 89
79 75
186 207
186 7
208 31
208 223
49 124
49 65
96 116
96 175
63 132
63 177
225 138
225 211
241 243
241 187
137 73
137 166
38 195
38 148
3 26
3 32
202 193
202 54
220 194
220 93
123 153
123 112
89 59
89 99
75 77
75 44
207 176
207 204
7 100
7 16
31 217
31 203
223 35
223 197
124 11
124 78
65 23
65 163
116 248
116 87
175 33
175 85
132 190
132 15
177 10
177 118
138 185
138 181
211 14
211 37
243 86
243 239
187 76
187 113
73 145
73 13
166 216
166 139
195 114
195 205
148 126
148 6
26 120
26 224
32 83
32 70
193 57
193 109
54 39
54 55
194 245
194 162
93 24
93 160
153 121
153 158
112 212
112 40
59 88
59 180
99 201
99 171
77 129
77 117
44 80
44 156
176 84
176 61
204 28
204 238
100 252
100 127
16 67
16 169
217 247
217 249
203 56
203 110
35 22
35 200
197 131
197 236
11 173
11 102
78 144
78 46
23 199
23 233
163 5
163 82
248 108
248 12
87 119
87 142
33 152
33 97
85 179
85 2
190 161
190 53
15 146
15 107
10 71
10 214
118 246
118 222
185 125
185 41
181 196
181 81
14 159
14 167
37 25
37 1
86 36
86 147
239 45
239 52
76 219
76 221
113 21
113 104
145 101
145 240
13 4
13 136
216 184
216 178
139 128
139 183
114 155
114 115
205 165
205 72
126 62
126 164
6 254
6 191
120 29
120 47
224 226
224 143
83 111
83 182
70 51
70 27
57 98
57 250
109 134
109 251
39 218
39 232
55 141
55 215
245 91
245 69
162 242
162 42
24 94
24 234
160 122
160 210
121 66
121 235
158 230
158 106
212 206
212 8
40 105
40 130
88 30
88 48
180 170
180 9
201 151
201 228
171 90
171 50
129 140
129 18
117 188
117 149
80 133
80 172
156 92
156 168
84 43
84 227
61 192
61 103
28 135
28 60
238 189
238 174
252 237
252 253
127 209
127 198
67 68
67 150
169 17
169 154
891 283
891 77
283 1041
283 772
77 843
77 1034
1041 163
1041 1936
772 1119
772 1924
843 1491
843 1156
1034 834
1034 127
163 1630
163 1964
1936 2003
1936 255
1119 261
1119 112
1924 1333
1924 2034
1491 658
1491 1030
1156 951
1156 1327
834 184
834 1619
127 789
127 110
1630 510
1630 1676
1964 1677
1964 1802
2003 1599
2003 212
255 1127
255 343
261 1739
261 1945
112 1697
112 1596
1333 1719
1333 108
2034 1465
2034 714
658 1453
658 791
1030 204
1030 389
951 1472
951 509
1327 1742
1327 1345
184 1890
184 1553
1619 1132
1619 1839
789 1852
789 795
110 1813
110 782
510 1841
510 1666
1676 138
1676 445
1677 25
1677 871
1802 100
1802 1671
1599 292
1599 95
212 2023
212 2033
1127 1521
1127 631
343 1450
343 860
1739 69
1739 994
1945 735
1945 846
1697 1740
1697 569
1596 1369
1596 661
1719 826
1719 763
108 765
108 36
1465 812
1465 642
714 1266
714 248
1453 500
1453 1443
791 324
791 231
204 194
204 1182
389 958
389 347
1472 290
1472 749
509 2045
509 1662
1742 1227
1742 1722
1345 1637
1345 1289
1890 1319
1890 1002
1553 828
1553 1006
1132 238
1132 1798
1839 775
1839 975
1852 113
1852 1481
795 1625
795 1926
1813 479
1813 1875
782 1851
782 216
1841 1302
1841 144
1666 1286
1666 1825
138 150
138 744
445 544
445 218
25 1997
25 1011
871 790
871 523
100 106
100 450
1671 1401
1671 1284
292 1356
292 856
95 1190
95 1219
2023 497
2023 1761
2033 1325
2033 465
1521 1502
1521 1556
631 1909
631 1786
1450 182
1450 1086
860 768
860 1396
69 464
69 823
994 1385
994 746
735 1920
735 833
846 186
846 383
1740 1136
1740 1123
569 668
569 142
1369 82
1369 1194
661 660
661 822
826 293
826 1056
763 944
763 1917
765 936
765 1009
36 1820
36 516
812 1149
812 1299
642 1680
642 796
1266 1326
1266 365
248 265
248 474
500 1383
500 1683
1443 81
1443 1004
324 666
324 1764
231 918
231 914
194 855
194 988
1182 1547
1182 1436
958 1091
958 352
347 754
347 955
290 1055
290 1857
749 798
749 302
2045 154
2045 1824
1662 850
1662 987
1227 1067
1227 613
1722 885
1722 1976
1637 78
1637 451
1289 1897
1289 561
1319 1604
1319 1387
1002 1180
1002 476
828 1130
828 1295
1006 1110
1006 701
238 1597
238 1968
1798 1198
1798 1617
775 1585
775 1160
975 1007
975 1475
113 829
113 519
1481 1358
1481 346
1625 1800
1625 1211
1926 121
1926 1437
479 1019
479 125
1875 990
1875 1728
1851 1262
1851 773
216 508
216 1570
1302 1868
1302 1492
144 74
144 609
1286 1393
1286 1462
1825 1378
1825 853
150 1400
150 131
744 1231
744 949
544 1873
544 262
218 140
218 738
1997 120
1997 329
1011 1185
1011 757
790 368
790 1931
523 1826
523 1688
106 1483
106 731
450 398
450 1448
1401 1468
1401 139
1284 1650
1284 407
1356 1713
1356 1049
856 1648
856 725
1190 1898
1190 627
1219 893
1219 1349
497 577
497 1527
1761 1105
1761 978
1325 664
1325 198
465 153
465 1860
1502 1427
1502 1129
1556 205
1556 607
1909 556
1909 1258
1786 1471
1786 1196
182 694
182 1343
1086 1623
1086 1255
768 148
768 7
1396 1053
1396 376
464 1243
464 378
823 1167
823 1974
1385 1781
1385 1707
746 563
746 23
1920 1891
1920 152
833 1277
833 491
186 43
186 1411
383 588
383 824
1136 323
1136 493
1123 38
1123 1751
668 1382
668 762
142 165
142 1554
82 1310
82 1995
1194 1831
1194 1029
660 1224
660 1371
822 104
822 1241
293 1689
293 931
1056 1181
1056 682
944 504
944 864
1917 1138
1917 946
936 759
936 1770
1009 141
1009 1667
1820 490
1820 10
516 1766
516 75
1149 612
1149 124
1299 1064
1299 1225
1680 1013
1680 1714
796 307
796 771
1326 1919
1326 438
365 2026
365 1959
265 1500
265 367
474 469
474 1953
1383 737
1383 1252
1683 1203
1683 1558
81 2029
81 1693
1004 1624
1004 600
666 55
666 1622
1764 2047
1764 634
918 1536
918 1921
914 1360
914 656
855 67
855 416
988 1461
988 1482
1547 118
1547 340
1436 381
1436 200
1091 97
1091 1509
352 1027
352 459
754 1937
754 325
955 1529
955 417
1055 1748
1055 721
1857 1236
1857 1409
798 1445
798 481
302 615
302 1967
154 1512
154 859
1824 1838
1824 1451
850 1861
850 610
987 159
987 876
1067 892
1067 1794
613 1463
613 1444
885 1015
885 1256
1976 412
1976 1732
78 1591
78 671
451 375
451 395
1897 1690
1897 1050
561 1494
561 1611
1604 1426
1604 320
1387 133
1387 1610
1180 1843
1180 520
476 1422
476 48
1130 89
1130 1983
1295 1430
1295 1222
1110 984
1110 1988
701 1737
701 1139
1597 840
1597 996
1968 1960
1968 1804
1198 1566
1198 250
1617 1519
1617 1312
1585 1741
1585 1803
1160 526
1160 690
1007 426
1007 999
1475 1542
1475 1161
829 1865
829 1779
519 1386
519 1254
1358 192
1358 1771
346 1706
346 2005
1800 1932
1800 1805
1211 839
1211 1330
121 1955
121 566
1437 1293
1437 188
1019 1439
1019 699
125 319
125 2031
990 1340
990 1665
1728 683
1728 1098
1262 310
1262 1555
773 1864
773 805
508 1159
508 954
1570 1245
1570 432
1868 373
1868 1173
1492 258
1492 835
74 912
74 1503
609 1900
609 1908
1393 546
1393 1361
1462 638
1462 767
1378 1206
1378 98
853 552
853 28
1400 2011
1400 393
131 968
131 1606
1231 1506
1231 1866
949 1168
949 1874
1873 1237
1873 1357
262 1907
262 1347
140 1063
140 1157
738 1828
738 614
120 1815
120 385
329 1362
329 1395
1185 1452
1185 677
757 1207
757 1726
368 709
368 961
1931 2017
1931 1957
1826 1756
1826 339
1688 1417
1688 73
1483 750
1483 312
731 636
731 1809
398 1583
398 674
1448 37
1448 635
1468 1992
1468 1568
139 1614
139 1984
1650 322
1650 484
407 287
407 838
1713 1703
1713 183
1049 1746
1049 350
1648 529
1648 1059
725 1421
725 1353
1898 430
1898 991
627 137
627 1188
893 865
893 1093
1349 756
1349 985
577 1000
577 793
1527 1479
1527 598
1105 937
1105 1581
978 691
978 1562
664 633
664 270
198 1586
198 1654
153 1695
153 34
1860 60
1860 1499
1427 246
1427 732
1129 1922
1129 214
205 358
205 1291
607 2008
607 1734
556 1711
556 447
1258 1902
1258 32
1471 966
1471 274
1196 1054
1196 92
694 1368
694 327
1343 252
1343 943
1623 2013
1623 1042
1255 1692
1255 1651
148 2007
148 896
7 221
7 1753
1053 1702
1053 575
376 1230
376 1085
1243 836
1243 1051
378 1672
378 1477
1167 439
1167 1003
1974 1532
1974 1652
1781 223
1781 802
1707 531
1707 564
563 956
563 1336
23 415
23 1440
1891 525
1891 512
152 1674
152 858
1277 1608
1277 1540
491 808
491 251
43 27
43 1379
1411 989
1411 86
588 1257
588 11
824 1146
824 524
323 505
323 1787
493 1952
493 982
38 1261
38 976
1751 316
1751 880
1382 874
1382 1031
762 1072
762 2037
165 605
165 147
1554 1947
1554 1962
1310 1297
1310 1633
1995 619
1995 30
1831 1691
1831 1557
1029 1973
1029 457
1224 1109
1224 1080
1371 1731
1371 1620
104 571
104 437
1241 1399
1241 1285
1689 123
1689 1855
931 849
931 1572
1181 967
1181 1675
682 652
682 645
504 557
504 890
864 1760
864 88
1138 354
1138 934
946 2042
946 1847
759 697
759 1584
1770 539
1770 1381
141 1975
141 2041
1667 1317
1667 777
490 1020
490 224
10 193
10 1862
1766 1669
1766 1776
75 1567
75 545
612 54
612 1278
124 1916
124 1645
1064 559
1064 349
1225 257
1225 1605
1013 953
1013 83
1714 242
1714 2028
307 454
307 696
771 494
771 1424
1919 1985
1919 1954
438 1359
438 1632
2026 1040
2026 972
1959 1187
1959 684
1500 734
1500 180
367 199
367 2
469 1388
469 1478
1953 923
1953 532
737 410
737 167
1252 727
1252 1493
1203 66
1203 857
1558 1446
1558 1283
2029 44
2029 84
1693 688
1693 1265
1624 562
1624 9
600 13
600 1154
55 1822
55 1892
1622 1705
1622 1300
2047 400
2047 399
634 1174
634 1795
1536 905
1536 938
1921 970
1921 1971
1360 1894
1360 1487
656 1321
656 267
67 919
67 1788
416 1331
416 1905
1461 1205
1461 962
1482 1107
1482 111
118 185
118 24
340 176
340 1643
381 422
381 816
200 742
200 1755
97 1375
97 1106
1509 1052
1509 1384
1027 1830
1027 591
459 685
459 443
1937 1197
1937 411
325 1510
325 521
1529 1508
1529 1501
417 1950
417 170
1748 1090
1748 53
721 1390
721 1927
1236 91
1236 1014
1409 743
1409 669
1445 1354
1445 1496
481 630
481 915
615 1083
615 1332
1967 429
1967 46
1512 963
1512 527
859 1488
859 941
1838 434
1838 917
1451 453
1451 1783
1861 1084
1861 848
610 1752
610 1210
159 1836
159 463
876 568
876 70
892 143
892 326
1794 1158
1794 845
1463 498
1463 409
1444 1844
1444 371
1015 336
1015 2002
1256 87
1256 886
412 1111
412 1320
1732 1077
1732 570
1591 158
1591 1818
671 960
671 1550
375 249
375 1249
395 741
395 278
1690 273
1690 797
1050 873
1050 1112
1494 1376
1494 1827
1611 294
1611 533
1426 1561
1426 363
320 425
320 2015
133 21
133 1432
1610 676
1610 678
1843 1313
1843 245
520 260
520 580
1422 51
1422 1269
48 1274
48 888
89 1598
89 40
1983 602
1983 1901
1430 1228
1430 61
1222 29
1222 1895
984 687
984 1516
1988 109
1988 49
1737 644
1737 964
1139 1005
1139 179
840 761
840 382
996 1801
996 1778
1960 589
1960 301
1804 4
1804 1402
1566 770
1566 1308
250 718
250 1896
1519 1397
1519 1096
1312 979
1312 467
1741 146
1741 2039
1803 640
1803 1541
526 924
526 45
690 1213
690 646
426 752
426 787
999 210
999 1534
1542 1963
1542 1887
1161 1251
1161 414
1865 1148
1865 328
1779 1246
1779 717
1386 335
1386 458
1254 1819
1254 275
192 1587
192 730
1771 272
1771 1552
1706 1821
1706 215
2005 12
2005 1147
1932 1435
1932 1273
1805 1403
1805 1016
839 723
839 1789
1330 883
1330 585
1955 1022
1955 477
566 2027
566 594
1293 939
1293 1046
188 881
188 820
1439 515
1439 547
699 1162
699 33
319 1871
319 1169
2031 1930
2031 2038
1340 554
1340 541
1665 1736
1665 203
683 1670
683 233
1098 622
1098 174
310 420
310 1694
1555 1806
1555 3
1864 15
1864 1990
805 751
805 1497
1159 974
1159 209
954 337
954 786
1245 360
1245 748
432 1743
432 950
373 1134
373 1104
1173 693
1173 655
258 959
258 256
835 558
835 729
912 1490
912 706
1503 1679
1503 929
1900 1191
1900 1564
1908 1021
1908 596
546 374
546 1903
1361 911
1361 403
638 1199
638 172
767 611
767 1951
1206 1923
1206 689
98 1281
98 1079
552 922
552 1853
28 1155
28 1533
2011 1075
2011 825
393 1028
393 862
968 878
968 576
1606 496
1606 1279
1506 1116
1506 226
1866 71
1866 1125
1168 2001
1168 355
1874 308
1874 1910
1237 1374
1237 1171
1357 672
1357 20
1907 1431
1907 998
1347 769
1347 2032
1063 1738
1063 1647
1157 1687
1157 632
1828 149
1828 1808
614 673
614 2019
1815 423
1815 1438
385 659
385 1725
1362 1398
1362 1172
1395 1405
1395 1081
1452 1877
1452 755
677 1520
677 195
1207 1590
1207 965
1726 1329
1726 2010
709 1418
709 1518
961 372
961 309
2017 461
2017 536
1957 879
1957 1301
1756 1250
1756 513
339 1879
339 2009
1417 1408
1417 866
73 810
73 1876
750 362
750 1582
312 819
312 103
636 1193
636 935
1809 181
1809 534
1583 1047
1583 1889
674 171
674 1282
37 837
37 788
635 1718
635 1958
1992 1656
1992 1423
1568 1913
1568 311
1614 90
1614 1799
1984 1
1984 1842
322 2024
322 817
484 419
484 1267
287 105
287 244
838 502
838 1202
1703 1607
1703 1170
183 1364
183 1088
1746 2030
1746 1298
350 617
350 1280
529 387
529 488
1059 794
1059 1686
1421 117
1421 1592
1353 1495
1353 235
430 1263
430 1145
991 1476
991 128
137 122
137 50
1188 1454
1188 870
865 187
865 1101
1093 219
1093 1232
756 1414
756 65
985 681
985 1189
1000 366
1000 1549
793 8
793 1858
1479 173
1479 428
598 2040
598 1613
937 618
937 1253
1581 2000
1581 2021
691 572
691 832
1562 338
1562 396
633 1723
633 624
270 161
270 1208
1586 1646
1586 2043
1654 1603
1654 1772
1695 948
1695 1600
34 206
34 712
60 1628
60 1505
1499 747
1499 565
246 981
246 847
732 1948
732 236
1922 898
1922 288
214 587
214 1150
358 813
358 698
1291 277
1291 1769
2008 1065
2008 1100
1734 1627
1734 1911
1711 1784
1711 1673
447 1324
447 778
1902 225
1902 715
32 1348
32 1790
966 1859
966 518
274 1653
274 1560
1054 1602
1054 93
92 1043
92 799
1368 1441
1368 665
327 1089
327 1724
252 616
252 728
943 1415
943 1539
2013 582
2013 1288
1042 875
1042 68
1692 361
1692 2016
1651 1186
1651 1242
2007 114
2007 1535
896 1057
896 1214
221 647
221 1987
1753 814
1753 736
1702 1447
1702 202
575 921
575 35
1230 468
1230 650
1085 695
1085 1978
836 1507
836 806
1051 713
1051 663
1672 1372
1672 1137
1477 1513
1477 64
439 1459
439 1701
1003 1334
1003 1504
1532 234
1532 1275
1652 1940
1652 155
223 942
223 1217
802 1017
802 780
531 1122
531 774
564 1850
564 2044
956 852
956 440
1336 1943
1336 39
415 115
415 427
1440 1906
1440 511
525 300
525 1601
512 1636
512 1823
1674 851
1674 1074
858 357
858 1303
1608 550
1608 268
1540 553
1540 623
808 760
808 359
251 895
251 1220
27 1247
27 2012
1379 318
1379 1551
989 1893
989 1480
86 894
86 19
1257 603
1257 52
11 482
11 129
1146 1062
1146 1712
524 1234
524 1977
505 1659
505 1904
1787 2022
1787 740
1952 1704
1952 641
982 344
982 1548
1261 1846
1261 1720
976 764
976 1087
316 271
316 745
880 1183
880 1152
874 1664
874 96
1031 2018
1031 1961
1072 1811
1072 1729
2037 1260
2037 1469
605 56
605 435
147 471
147 1341
1947 1287
1947 1307
1962 1708
1962 1886
1297 969
1297 76
1633 1082
1633 282
619 1316
619 1780
30 230
30 1233
1691 626
1691 803
1557 1204
1557 654
1973 1412
1973 134
457 1323
457 1097
1109 574
1109 2020
1080 807
1080 1215
1731 377
1731 1782
1620 1069
1620 1458
571 1996
571 1854
437 651
437 31
1399 2035
1399 404
1285 1271
1285 1337
123 418
123 1305
1855 1979
1855 1498
849 514
849 157
1572 551
1572 285
967 726
967 1165
1675 900
1675 1594
652 703
652 503
645 1434
645 1878
557 592
557 535
890 831
890 370
1760 1767
1760 637
88 913
88 818
354 1151
354 85
934 297
934 1994
2042 1425
2042 1716
1847 722
1847 1609
697 1641
697 538
1584 243
1584 1899
539 196
539 620
1381 952
1381 1176
1975 1392
1975 1715
2041 313
2041 298
1317 333
1317 1928
777 1489
777 1294
1020 1118
1020 1391
224 160
224 189
193 190
193 657
1862 276
1862 542
1669 145
1669 1730
1776 1758
1776 1124
1567 102
1567 1012
545 305
545 1612
54 1660
54 583
1278 1008
1278 1115
1916 653
1916 353
1645 1696
1645 321
559 286
559 460
349 63
349 1367
257 692
257 421
1605 1574
1605 906
953 1467
953 801
83 473
83 1918
242 1774
242 1221
2028 1184
2028 41
454 1366
454 388
696 480
696 384
494 156
494 456
1424 1486
1424 1579
1985 266
1985 1642
1954 1635
1954 595
1359 1121
1359 578
1632 1457
1632 1989
1040 332
1040 1073
972 1545
972 940
1187 1754
1187 1522
684 1037
684 1142
734 263
734 1685
180 507
180 1793
199 1449
199 1318
2 1033
2 1524
1388 908
1388 1394
1478 1834
1478 1807
923 597
923 842
532 604
532 1068
410 1133
410 1812
167 844
167 475
727 151
727 1455
1493 241
1493 239
66 1538
66 483
857 380
857 889
1446 1571
1446 315
1283 1092
1283 815
44 1442
44 809
84 501
84 1200
688 680
688 506
1265 783
1265 1634
562 1544
562 229
9 779
9 909
13 1563
13 175
1154 639
1154 217
1822 57
1822 345
1892 1304
1892 1972
1705 560
1705 517
1300 1276
1300 1314
400 1528
400 945
399 1195
399 1663
1174 191
1174 289
1795 649
1795 1484
905 1933
905 72
938 487
938 1925
970 253
970 930
1971 1991
1971 863
1894 1543
1894 1661
1487 1023
1487 530
1321 177
1321 899
267 711
267 495
919 449
919 1938
1788 1678
1788 901
1331 303
1331 1010
1905 164
1905 716
1205 116
1205 1244
962 1163
962 1259
1107 776
1107 1270
111 971
111 348
185 1575
185 386
24 1235
24 1835
176 1268
176 543
1643 1727
1643 1164
422 264
422 402
816 1980
816 1559
742 1352
742 379
1755 1537
1755 811
1375 455
1375 1177
1106 208
1106 667
1052 1816
1052 1413
1384 861
1384 107
1830 1578
1830 1322
591 1762
591 1765
685 436
685 397
443 1792
443 1024
1197 197
1197 207
411 1880
411 1095
1510 675
1510 1914
521 869
521 599
1508 700
1508 1419
1501 1546
1501 130
1950 1631
1950 330
170 925
170 168
1090 739
1090 2004
53 306
53 920
1390 485
1390 1102
1927 1410
1927 472
91 910
91 1044
1014 581
1014 1629
743 877
743 237
669 296
669 1466
1354 648
1354 1078
1496 957
1496 1135
630 401
630 1580
915 586
915 997
1083 1058
1083 269
1332 1638
1332 1416
429 784
429 247
46 593
46 549
963 1328
963 670
527 1229
527 1941
1488 291
1488 904
941 540
941 1039
434 1618
434 1380
917 1511
917 222
453 1881
453 1025
1783 1749
1783 992
1084 431
1084 1810
848 902
848 232
1752 916
1752 753
1210 433
1210 284
1836 702
1836 254
463 705
463 331
568 1026
568 1515
70 1791
70 1946
143 1103
143 1998
326 470
326 1577
1158 390
1158 1849
845 341
845 854
498 94
498 1216
409 1817
409 1060
1844 6
1844 1595
371 391
371 1745
336 686
336 166
2002 314
2002 903
87 304
87 1406
886 1869
886 1530
1111 1698
1111 628
1320 1763
1320 1108
1077 1309
1077 2006
570 884
570 1131
158 220
158 317
1818 281
1818 1885
960 1615
960 1032
1550 1076
1550 1456
249 452
249 724
1249 213
1249 1389
741 1942
741 708
278 995
278 927
273 1970
273 99
797 1934
797 1066
873 2014
873 492
1112 766
1112 1684
1376 1699
1376 555
1827 1777
1827 1710
294 1884
294 601
533 887
533 405
1561 1175
1561 643
363 462
363 1346
425 1485
425 424
2015 1949
2015 448
21 1747
21 1238
1432 1179
1432 1882
676 1209
676 5
678 1872
678 47
1313 2036
1313 1351
245 1773
245 882
260 394
260 625
580 1226
580 1981
51 1517
51 446
1269 201
1269 1335
1274 1750
1274 1912
888 977
888 441
1598 1589
1598 392
40 897
40 792
602 1593
602 1655
1901 1061
1901 1840
1228 162
1228 608
61 1986
61 983
29 1965
29 1639
1895 1373
1895 1038
687 1420
687 1018
1516 1363
1516 986
109 1626
109 1944
49 1616
49 132
644 1721
644 590
964 1094
964 211
1005 442
1005 1757
179 548
179 606
761 1114
761 1829
382 1290
382 973
1801 62
1801 1514
1778 1035
1778 528
589 1272
589 1523
301 1433
301 1474
4 364
4 259
1402 1709
1402 1460
770 584
770 16
1308 1338
1308 928
718 1113
718 781
1896 1370
1896 499
1397 1525
1397 1365
1096 827
1096 408
979 537
979 926
467 1144
467 1141
146 42
146 1759
2039 1621
2039 907
640 1526
640 567
1541 227
1541 1292
924 1099
924 26
45 240
45 1733
1213 1935
1213 295
646 1814
646 406
752 1296
752 1863
787 478
787 573
210 1218
210 1700
1534 1668
1534 489
1963 1473
1963 1573
1887 1870
1887 135
1251 280
1251 1117
414 1775
414 1036
1148 1982
1148 758
328 1201
328 342
1246 1785
1246 1969
717 178
717 1470
335 1837
335 1350
458 947
458 1999
1819 1143
1819 1428
275 1833
275 1153
1587 1120
1587 1856
730 1264
730 1867
272 868
272 1682
1552 486
1552 369
1821 1649
1821 59
215 1588
215 522
12 1166
12 351
1147 279
1147 17
1435 22
1435 1404
1273 830
1273 1071
1403 119
1403 466
1016 444
1016 821
723 1464
723 1915
1789 841
1789 1657
883 710
883 1311
585 932
585 1240
1022 579
1022 1640
477 704
477 1178
2027 1377
2027 1966
594 1407
594 1565
939 1045
939 1342
1046 1306
1046 1993
881 1128
881 58
820 126
820 662
515 1658
515 1239
547 933
547 1939
1162 79
1162 1796
33 621
33 1644
1871 2025
1871 1845
1169 980
1169 867
1930 1576
1930 800
2038 1048
2038 804
554 80
554 719
541 1223
541 1888
1736 228
1736 1569
203 1315
203 1797
1670 299
1670 1344
233 733
233 413
622 629
622 785
174 720
174 872
420 14
420 1429
1694 1929
1694 1126
1806 1883
1806 1735
3 2046
3 1248
15 1848
15 1717
1990 1768
1990 993
751 1681
751 356
1497 1956
1497 679
974 1339
974 1070
209 101
209 169
337 136
337 1744
786 1192
786 1832
360 1212
360 1140
748 1001
748 1531
1743 18
1743 707
950 1355
950 334
