31 511 38
27 3
27 9
3 30
3 21
9 14
9 24
30 31
30 26
21 17
21 15
14 20
14 13
24 10
24 5
31 7
31 6
26 28
26 18
17 11
17 19
15 29
15 8
20 22
20 1
13 2
13 23
10 12
10 16
5 4
5 25
445 34
445 305
34 337
34 435
305 278
305 215
337 74
337 509
435 189
435 449
278 247
278 259
215 376
215 495
74 39
74 77
509 36
509 104
189 9
189 67
449 350
449 479
247 472
247 470
259 416
259 56
376 271
376 220
495 198
495 359
39 116
39 12
77 196
77 191
36 299
36 258
104 363
104 283
9 91
9 251
67 374
67 205
350 313
350 274
479 92
479 179
472 188
472 135
470 302
470 181
416 488
416 256
56 386
56 316
271 131
271 417
220 47
220 380
198 390
198 121
359 118
359 382
116 130
116 401
12 136
12 231
196 62
196 180
191 186
191 422
299 19
299 155
258 420
258 476
363 37
363 311
283 315
283 236
91 134
91 176
251 211
251 301
374 432
374 235
205 156
205 102
313 288
313 128
274 273
274 394
92 172
92 140
179 173
179 275
188 160
188 303
135 414
135 347
302 446
302 100
181 471
181 508
488 321
488 507
256 408
256 219
386 184
386 384
316 164
316 71
131 177
131 166
417 123
417 161
47 57
47 18
380 22
380 421
390 232
390 178
121 269
121 339
118 393
118 424
382 505
382 405
130 58
130 307
401 332
401 192
136 331
136 342
231 369
231 455
62 212
62 63
180 392
180 427
186 340
186 124
422 6
422 66
19 25
19 207
155 395
155 84
420 146
420 490
476 197
476 501
37 4
37 98
311 217
311 292
315 27
315 45
236 429
236 248
134 365
134 132
176 249
176 143
211 26
211 8
301 199
301 266
432 438
432 461
235 163
235 462
156 371
156 333
102 289
102 328
288 489
288 322
128 356
128 206
273 381
273 425
394 492
394 487
172 360
172 122
140 88
140 444
173 285
173 241
275 494
275 293
160 89
160 511
303 463
303 120
414 276
414 324
347 90
347 297
446 204
446 281
100 41
100 234
471 110
471 426
508 457
508 79
321 361
321 436
507 82
507 270
408 112
408 400
219 183
219 246
184 255
184 225
384 260
384 96
164 491
164 227
71 466
71 498
177 85
177 298
166 447
166 33
123 99
123 291
161 242
161 126
57 296
57 117
18 451
18 481
22 7
22 210
421 48
421 467
232 216
232 30
178 460
178 431
269 1
269 218
339 375
339 483
393 52
393 480
424 203
424 153
505 233
505 389
405 388
405 506
58 412
58 69
307 364
307 182
332 284
332 95
192 10
192 458
331 294
331 434
342 86
342 439
369 351
369 226
455 403
455 50
212 459
212 72
63 306
63 341
392 404
392 200
427 51
427 437
340 24
340 378
124 418
124 329
6 149
6 167
66 464
66 379
25 267
25 28
207 165
207 145
395 442
395 40
84 101
84 13
146 223
146 391
490 2
490 148
197 168
197 230
501 147
501 32
4 42
4 484
98 162
98 499
217 152
217 44
292 253
292 326
27 221
27 105
45 318
45 240
429 193
429 503
248 244
248 107
365 335
365 456
132 419
132 113
249 265
249 11
143 3
143 415
26 344
26 314
8 502
8 452
199 125
199 478
266 31
266 440
438 133
438 154
461 83
461 482
163 103
163 334
462 453
462 500
371 213
371 75
333 295
333 413
289 150
289 111
328 65
328 195
489 38
489 5
322 97
322 493
356 290
356 64
206 35
206 171
381 477
381 336
425 309
425 68
492 59
492 229
487 398
487 396
360 443
360 357
122 54
122 151
88 114
88 287
444 15
444 214
285 137
285 338
241 115
241 510
494 16
494 78
293 174
293 157
89 428
89 73
511 262
511 129
463 106
463 70
120 257
120 486
276 158
276 264
324 450
324 87
90 346
90 433
297 323
297 187
204 504
204 43
281 397
281 286
41 202
41 127
234 279
234 310
110 170
110 474
426 352
426 46
457 263
457 367
79 372
79 14
361 383
361 373
436 325
436 354
82 308
82 468
270 473
270 430
112 250
112 139
400 80
400 190
183 272
183 348
246 300
246 243
255 282
255 387
225 81
225 222
260 208
260 49
96 366
96 209
491 469
491 304
227 268
227 410
466 228
466 238
498 20
498 370
85 239
85 448
298 320
298 465
447 61
447 319
33 108
33 21
99 254
99 454
291 411
291 245
242 385
242 399
126 277
126 362
296 237
296 423
117 138
117 93
451 368
451 409
481 119
481 312
7 224
7 353
210 377
210 441
48 185
48 142
467 17
467 475
216 402
216 76
30 175
30 485
460 358
460 407
431 201
431 159
1 53
1 109
218 141
218 194
375 60
375 330
483 497
483 252
52 261
52 94
480 29
480 345
203 496
203 280
153 343
153 144
233 349
233 355
389 406
389 317
388 23
388 169
506 327
506 55
