1023 2047 92
80 79
80 296
79 709
79 729
296 1011
296 780
709 760
709 292
729 502
729 986
1011 126
1011 368
780 90
780 607
760 261
760 747
292 301
292 350
502 336
502 738
986 657
986 842
126 932
126 170
368 946
368 509
90 160
90 856
607 254
607 375
261 112
261 1015
747 123
747 576
301 38
301 326
350 486
350 943
336 108
336 393
738 838
738 348
657 471
657 716
842 409
842 919
932 418
932 828
170 213
170 49
946 385
946 824
509 419
509 873
160 626
160 52
856 850
856 832
254 120
254 753
375 386
375 744
112 362
112 786
1015 1
1015 508
123 392
123 779
576 527
576 771
38 406
38 504
326 111
326 840
486 407
486 662
943 218
943 374
108 332
108 820
393 327
393 196
838 655
838 372
348 966
348 268
471 707
471 635
716 927
716 977
409 789
409 592
919 87
919 300
418 266
418 226
828 672
828 887
213 575
213 995
49 34
49 861
385 260
385 405
824 182
824 387
419 673
419 880
873 982
873 890
626 862
626 583
52 306
52 121
850 588
850 787
832 688
832 601
120 340
120 669
753 42
753 633
386 6
386 664
744 62
744 346
362 549
362 488
786 754
786 572
1 251
1 440
508 373
508 957
392 715
392 653
779 183
779 639
527 897
527 478
771 904
771 865
406 310
406 247
504 801
504 449
111 724
111 495
840 529
840 303
407 264
407 371
662 759
662 269
218 155
218 413
374 171
374 18
332 217
332 69
820 276
820 874
327 976
327 3
196 886
196 902
655 972
655 649
372 11
372 660
966 894
966 74
268 498
268 645
707 402
707 996
635 335
635 206
927 816
927 803
977 616
977 425
789 961
789 138
592 518
592 1008
87 462
87 910
300 151
300 752
266 991
266 974
226 541
226 323
672 416
672 195
887 194
887 293
575 298
575 561
995 97
995 157
34 173
34 231
861 60
861 33
260 580
260 245
405 499
405 998
182 243
182 521
387 355
387 66
673 64
673 677
880 515
880 65
982 777
982 867
890 620
890 204
862 44
862 725
583 844
583 658
306 193
306 674
121 22
121 703
588 879
588 365
787 43
787 36
688 313
688 895
601 56
601 210
340 548
340 7
669 611
669 930
42 438
42 78
633 732
633 944
6 57
6 484
664 839
664 924
62 650
62 723
346 411
346 923
549 133
549 149
488 150
488 1010
754 104
754 937
572 179
572 143
251 631
251 778
440 737
440 497
373 519
373 537
957 233
957 35
715 714
715 692
653 397
653 431
183 360
183 704
639 417
639 917
897 775
897 1016
478 705
478 451
904 965
904 141
865 640
865 125
310 647
310 325
247 500
247 316
801 308
801 623
449 525
449 743
724 532
724 863
495 805
495 219
529 543
529 598
303 956
303 644
264 107
264 905
371 101
371 253
759 59
759 31
269 770
269 140
155 45
155 188
413 825
413 713
171 236
171 540
18 467
18 20
217 595
217 95
69 554
69 211
276 422
276 153
874 167
874 131
976 197
976 700
3 331
3 466
886 756
886 630
902 686
902 377
972 51
972 501
649 606
649 578
11 4
11 597
660 679
660 769
894 209
894 695
74 341
74 733
498 617
498 201
645 896
645 330
402 848
402 315
996 761
996 837
335 162
335 476
206 970
206 885
816 280
816 798
803 244
803 646
616 511
616 137
425 683
425 843
961 939
961 420
138 854
138 720
518 847
518 482
1008 517
1008 13
462 28
462 682
910 398
910 551
151 750
151 656
752 926
752 829
991 590
991 582
974 741
974 558
541 994
541 562
323 869
323 267
416 105
416 826
195 964
195 993
194 522
194 263
293 628
293 914
298 115
298 544
561 1021
561 909
97 817
97 1003
157 363
157 359
173 58
173 773
231 317
231 818
60 981
60 866
33 473
33 309
580 278
580 568
245 46
245 671
499 726
499 792
998 629
998 321
243 450
243 915
521 685
521 463
355 237
355 166
66 567
66 717
64 809
64 971
677 103
677 632
515 711
515 881
65 452
65 526
777 845
777 119
867 922
867 10
620 230
620 437
204 846
204 93
44 822
44 755
725 849
725 899
844 118
844 370
658 870
658 399
193 334
193 439
674 586
674 152
22 337
22 27
703 659
703 701
879 191
879 766
365 918
365 456
43 958
43 680
36 510
36 530
313 694
313 950
895 39
895 92
56 223
56 1012
210 347
210 423
548 161
548 383
7 364
7 1000
611 168
611 666
930 547
930 286
438 145
438 593
78 246
78 795
732 565
732 913
944 369
944 14
57 338
57 88
484 802
484 274
839 232
839 248
924 512
924 307
650 322
650 396
723 279
723 571
411 165
411 221
923 29
923 641
133 643
133 689
149 921
149 536
150 324
150 954
1010 983
1010 470
104 481
104 445
937 900
937 8
179 295
179 600
143 154
143 130
631 480
631 539
778 109
778 574
737 702
737 781
497 441
497 1022
519 948
519 999
537 21
537 569
233 691
233 878
35 1020
35 82
714 834
714 169
692 534
692 718
397 464
397 189
431 708
431 136
360 302
360 421
704 676
704 447
417 740
417 808
917 99
917 5
775 949
775 96
1016 619
1016 531
705 560
705 736
451 129
451 663
965 782
965 557
141 751
141 91
640 941
640 262
125 164
125 491
647 690
647 192
325 208
325 602
500 882
500 139
316 533
316 215
308 460
308 224
623 490
623 992
525 429
525 933
743 457
743 354
532 68
532 783
863 352
863 448
805 94
805 975
219 622
219 358
543 552
543 730
598 63
598 176
956 225
956 132
644 275
644 774
107 135
107 430
905 433
905 785
101 624
101 249
253 553
253 573
59 242
59 381
31 343
31 953
770 790
770 763
140 72
140 432
45 181
45 15
188 819
188 239
825 23
825 835
713 257
713 661
236 55
236 797
540 903
540 454
467 70
467 901
20 764
20 272
595 857
595 668
95 791
95 349
554 507
554 670
211 503
211 459
422 722
422 318
153 550
153 505
167 207
167 496
131 124
131 190
197 291
197 784
700 177
700 739
331 585
331 648
466 516
466 475
756 934
756 158
630 864
630 731
686 1006
686 339
377 227
377 612
51 468
51 745
501 146
501 911
606 627
606 599
578 297
578 938
4 727
4 523
597 114
597 465
679 813
679 144
769 642
769 458
209 494
209 681
695 71
695 357
341 841
341 928
733 284
733 693
617 113
617 214
201 687
201 367
896 815
896 893
330 391
330 591
848 884
848 379
315 545
315 652
761 579
761 234
837 675
837 836
162 888
162 712
476 987
476 528
970 1009
970 483
885 734
885 749
280 314
280 75
798 281
798 320
244 376
244 48
646 830
646 952
511 742
511 807
137 487
137 390
683 81
683 868
843 199
843 83
939 876
939 408
420 414
420 581
854 384
854 312
720 615
720 395
847 988
847 258
482 514
482 772
517 852
517 765
13 697
13 148
28 17
28 53
682 235
682 12
398 698
398 184
551 748
551 728
750 305
750 584
656 969
656 342
926 19
926 77
829 538
829 250
590 699
590 696
582 285
582 127
741 625
741 89
558 492
558 403
994 804
994 967
562 9
562 50
869 891
869 960
267 86
267 613
105 920
105 477
826 962
826 110
964 128
964 889
993 556
993 559
522 1004
522 594
263 212
263 270
628 200
628 596
914 634
914 404
115 356
115 394
544 990
544 493
1021 851
1021 442
909 935
909 925
817 25
817 351
1003 955
1003 283
363 2
363 319
359 434
359 289
58 610
58 973
773 485
773 609
317 872
317 951
818 608
818 40
981 936
981 116
866 474
866 929
473 366
473 542
309 883
309 1019
278 444
278 678
568 54
568 455
46 443
46 412
671 205
671 461
726 333
726 435
792 799
792 156
629 577
629 1017
321 256
321 37
450 389
450 959
915 378
915 41
685 426
685 821
463 472
463 1007
237 436
237 810
166 506
166 388
567 945
567 241
717 520
717 76
809 916
809 122
971 30
971 16
103 1013
103 907
632 277
632 222
711 178
711 198
881 98
881 428
452 304
452 220
526 1023
526 667
845 328
845 117
119 875
119 931
922 47
922 329
10 767
10 1001
230 142
230 758
437 654
437 908
846 427
846 282
93 638
93 424
822 273
822 800
755 796
755 604
849 980
849 776
899 984
899 186
118 587
118 997
370 636
370 134
870 811
870 255
399 287
399 757
334 906
334 563
439 940
439 345
586 833
586 788
152 252
152 853
337 203
337 524
27 380
27 489
659 299
659 570
701 382
701 229
191 469
191 26
766 163
766 621
918 400
918 603
456 401
456 942
958 721
958 311
680 979
680 271
510 823
510 1002
530 947
530 453
694 32
694 912
950 415
950 978
39 637
39 344
92 67
92 175
223 871
223 665
1012 546
1012 968
347 589
347 555
423 353
423 24
161 860
161 706
383 1005
383 746
364 174
364 768
1000 106
1000 187
168 814
168 159
666 812
666 84
547 294
547 100
286 479
286 614
145 73
145 735
593 855
593 288
246 963
246 892
795 61
795 859
565 605
565 710
913 240
913 618
369 172
369 290
14 216
14 102
338 898
338 806
88 877
88 719
802 228
802 85
274 762
274 361
232 794
232 410
248 265
248 446
512 535
512 831
307 651
307 985
322 827
322 180
396 989
396 564
279 147
279 513
571 202
571 238
165 566
165 1014
221 1018
221 858
29 793
29 684
641 185
641 259
867 1378
867 1106
1378 350
1378 1334
1106 500
1106 732
350 1928
350 623
1334 1412
1334 263
500 738
500 197
732 1622
732 1807
1928 311
1928 609
623 1486
623 1079
1412 1241
1412 106
263 1879
263 626
738 1351
738 860
197 159
197 1188
1622 1767
1622 1147
1807 1145
1807 1817
311 371
311 181
609 970
609 806
1486 77
1486 1501
1079 1939
1079 485
1241 1934
1241 897
106 671
106 1510
1879 904
1879 1842
626 126
626 772
1351 2023
1351 1196
860 790
860 303
159 1983
159 1112
1188 1114
1188 372
1767 390
1767 190
1147 1841
1147 1313
1145 1970
1145 1263
1817 1987
1817 1487
371 1468
371 1430
181 998
181 1464
970 1617
970 610
806 1383
806 1905
77 1325
77 224
1501 658
1501 98
1939 1109
1939 50
485 1199
485 1406
1934 627
1934 980
897 1831
897 1563
671 2003
671 439
1510 1554
1510 1528
904 1630
904 267
1842 481
1842 1972
126 742
126 1110
772 1887
772 2009
2023 1898
2023 1153
1196 1857
1196 1782
790 1385
790 885
303 1133
303 1462
1983 1384
1983 1783
1112 231
1112 367
1114 1836
1114 1744
372 511
372 1276
390 1542
390 1829
190 1137
190 1439
1841 65
1841 872
1313 1573
1313 1431
1970 844
1970 1303
1263 382
1263 877
1987 1605
1987 1832
1487 7
1487 1000
1468 484
1468 1423
1430 1224
1430 204
998 635
998 264
1464 533
1464 214
1617 921
1617 366
610 1239
610 1551
1383 1330
1383 324
1905 832
1905 736
1325 121
1325 1517
224 1370
224 60
658 18
658 166
98 672
98 59
1109 1702
1109 436
50 1957
50 69
1199 964
1199 1754
1406 768
1406 361
627 1881
627 529
980 132
980 1120
1831 620
1831 1128
1563 1845
1563 633
2003 482
2003 1320
439 1973
439 1703
1554 1231
1554 1625
1528 1997
1528 1632
1630 431
1630 417
267 706
267 25
481 441
481 451
1972 1950
1972 471
742 1648
742 48
1110 1889
1110 387
1887 1472
1887 1871
2009 323
2009 2007
1898 464
1898 17
1153 452
1153 1438
1857 11
1857 91
1782 208
1782 1066
1385 1183
1385 1862
885 849
885 889
1133 398
1133 1590
1462 397
1462 26
1384 1237
1384 601
1783 1742
1783 1875
231 653
231 535
367 107
367 376
1836 124
1836 287
1744 1407
1744 259
511 295
511 504
1276 1136
1276 1191
1542 1124
1542 333
1829 818
1829 1642
1137 1721
1137 837
1439 2015
1439 994
65 751
65 1552
872 689
872 1519
1573 771
1573 546
1431 240
1431 1425
844 1255
844 102
1303 31
1303 1429
382 1176
382 1169
877 1063
877 583
1605 1701
1605 428
1832 1471
1832 665
7 715
7 1523
1000 1869
1000 218
484 1741
484 1455
1423 152
1423 419
1224 1293
1224 1069
204 426
204 667
635 1238
635 707
264 1102
264 1958
533 499
533 92
214 134
214 596
921 2042
921 1606
366 1607
366 639
1239 774
1239 383
1551 355
1551 1724
1330 1816
1330 591
324 859
324 1977
832 950
832 155
736 1414
736 85
121 1036
121 1679
1517 517
1517 1788
1370 1745
1370 722
60 429
60 1781
18 447
18 1175
166 1165
166 246
672 1068
672 1206
59 1804
59 1049
1702 1559
1702 973
436 356
436 622
1957 360
1957 1158
69 1779
69 1189
964 704
964 1290
1754 628
1754 1596
768 898
768 1322
361 42
361 1935
1881 743
1881 1752
529 266
529 1700
132 1216
132 1421
1120 1619
1120 276
620 129
620 1637
1128 388
1128 651
1845 1952
1845 339
633 189
633 1999
482 1043
482 520
1320 279
1320 1853
1973 1467
1973 1210
1703 95
1703 1418
1231 1743
1231 1886
1625 1089
1625 72
1997 1726
1997 1010
1632 199
1632 1048
431 241
431 1720
417 1644
417 2024
706 1157
706 1986
25 1692
25 840
441 66
441 1214
451 475
451 1072
1950 1704
1950 229
471 978
471 2033
1648 1655
1648 1395
48 1560
48 1954
1889 812
1889 1020
387 1930
387 1670
1472 735
1472 373
1871 21
1871 1201
323 1060
323 223
2007 1925
2007 1117
464 670
464 810
17 842
17 1163
452 766
452 1350
1438 817
1438 1800
11 1921
11 281
91 1198
91 1547
208 2047
208 1345
1066 1424
1066 939
1183 687
1183 1537
1862 574
1862 1766
849 1762
849 851
889 1566
889 577
398 739
398 1168
1590 381
1590 1798
397 169
397 255
26 1416
26 773
1237 1558
1237 147
601 1366
601 683
1742 2035
1742 148
1875 804
1875 128
653 1780
653 1734
535 1465
535 351
107 1116
107 1892
376 927
376 582
124 1658
124 853
287 930
287 1598
1407 1382
1407 1555
259 634
259 1451
295 178
295 257
504 1105
504 1539
1136 559
1136 1164
1191 414
1191 548
1124 38
1124 1859
333 966
333 598
818 473
818 590
1642 47
1642 1835
1721 1586
1721 1651
837 1146
837 1638
2015 694
2015 1874
994 1610
994 269
751 1017
751 1820
1552 1718
1552 1636
689 649
689 449
1519 1536
1519 1562
771 1671
771 2016
546 1814
546 254
240 2028
240 1108
1425 79
1425 1495
1255 1979
1255 247
102 1949
102 1810
31 380
31 705
1429 273
1429 630
1176 1851
1176 1405
1169 1915
1169 881
1063 1012
1063 1574
583 402
583 692
1701 550
1701 450
428 951
428 93
1471 824
1471 46
665 10
665 194
715 1964
715 1004
1523 660
1523 830
1869 1149
1869 418
218 24
218 1368
1741 1993
1741 1460
1455 1985
1455 280
152 1311
152 28
419 1248
419 811
1293 1927
1293 1520
1069 611
1069 1883
426 684
426 613
667 652
667 203
1238 488
1238 277
707 1823
707 1524
1102 411
1102 1895
1958 1040
1958 1298
499 1434
499 1633
92 984
92 644
134 1931
134 726
596 1335
596 167
2042 638
2042 1634
1606 1440
1606 1229
1607 760
1607 1828
639 1864
639 880
774 185
774 1708
383 965
383 1878
355 1428
355 1388
1724 1310
1724 245
1816 1171
1816 1613
591 1885
591 1687
859 1130
859 131
1977 570
1977 1763
950 1074
950 150
155 1664
155 912
1414 796
1414 1867
85 985
85 1790
1036 747
1036 1746
1679 115
1679 304
517 184
517 894
1788 1916
1788 285
1745 1454
1745 1748
722 581
722 793
429 470
429 1057
1781 234
1781 183
447 1417
447 1505
1175 1458
1175 1681
1165 201
1165 1932
246 1268
246 2025
1068 1078
1068 931
1206 886
1206 770
1804 614
1804 1527
1049 922
1049 923
1559 1769
1559 805
973 1324
973 1304
356 917
356 1033
622 215
622 916
360 1208
360 432
1158 541
1158 1257
1779 1348
1779 901
1189 187
1189 33
704 1159
704 783
1290 1618
1290 1597
628 1861
628 1616
1596 717
1596 250
898 74
898 1784
1322 1608
1322 676
42 103
42 1393
1935 1968
1935 1774
743 924
743 444
1752 1354
1752 744
266 698
266 1546
1700 960
1700 664
1216 1212
1216 848
1421 1626
1421 225
1619 501
1619 1534
276 1381
276 539
129 1891
129 206
1637 938
1637 19
388 1266
388 925
651 2018
651 1908
1952 1180
1952 1926
339 1540
339 191
189 1475
189 532
1999 2002
1999 1561
1043 1008
1043 2029
520 1484
520 813
279 1490
279 219
1853 1686
1853 510
1467 222
1467 1824
1210 1599
1210 1643
95 1969
95 1870
1418 278
1418 659
1743 603
1743 1900
1886 1833
1886 764
1089 663
1089 1751
72 1426
72 740
1726 1872
1726 1591
1010 1167
1010 497
199 836
199 158
1048 1951
1048 1578
241 76
241 526
1720 1082
1720 1811
1644 1683
1644 302
2024 1469
2024 1346
1157 1427
1157 1445
1986 617
1986 909
1692 1856
1692 1260
840 952
840 370
66 57
66 1488
1214 1275
1214 1740
475 1620
475 800
1072 1349
1072 2037
1704 515
1704 1960
229 230
229 110
978 777
978 1966
2033 1115
2033 120
1655 616
1655 2040
1395 1755
1395 75
1560 1372
1560 1712
1954 274
1954 1621
812 349
812 327
1020 1682
1020 1821
1930 1144
1930 895
1670 300
1670 457
735 1300
735 1376
373 1315
373 395
21 15
21 1976
1201 1967
1201 305
1060 1244
1060 1185
223 252
223 1055
1925 1356
1925 1209
1117 1529
1117 1685
670 352
670 862
810 101
810 217
842 878
842 272
1163 12
1163 619
766 137
766 498
1350 1549
1350 1938
817 1526
817 1061
1800 749
1800 188
1921 1452
1921 1140
281 354
281 407
1198 2006
1198 1656
1547 1332
1547 695
2047 558
2047 1880
1345 1474
1345 741
1424 1515
1424 1760
939 1556
939 1674
687 934
687 784
1537 81
1537 527
574 1899
574 801
1766 2004
1766 118
1762 89
1762 1758
851 8
851 782
1566 317
1566 688
577 815
577 1387
739 51
739 554
1168 122
1168 237
381 1504
381 1942
1798 1847
1798 833
169 1837
169 1946
255 1907
255 932
1416 953
1416 1678
773 780
773 1433
1558 1497
1558 53
147 1409
147 1991
1366 850
1366 700
683 1522
683 512
2035 534
2035 1256
148 316
148 1855
804 786
804 331
128 1235
128 803
1780 1195
1780 873
1734 100
1734 838
1465 2020
1465 1031
351 834
351 1699
1116 1896
1116 723
1892 1142
1892 1222
927 1593
927 911
582 1654
582 1357
1658 1463
1658 753
853 406
853 709
930 661
930 1215
1598 870
1598 1264
1382 769
1382 1571
1555 1084
1555 1770
634 68
634 863
1451 1065
1451 1819
178 1735
178 587
257 1756
257 149
1105 117
1105 1944
1539 36
1539 1232
559 703
559 1544
1164 1513
1164 1912
414 394
414 1258
548 1250
548 435
38 820
38 654
1859 809
1859 941
966 693
966 133
598 1918
598 1978
473 459
473 1296
590 330
590 307
47 170
47 656
1835 1917
1835 983
1586 942
1586 799
1651 341
1651 1077
1146 871
1146 808
1638 142
1638 1689
694 545
694 1491
1874 875
1874 1981
1610 1809
1610 551
269 1341
269 1543
1017 476
1017 827
1820 2026
1820 926
1718 55
1718 82
1636 195
1636 39
649 516
649 233
449 156
449 1581
1536 1323
1536 1466
1562 1518
1562 580
1671 490
1671 506
2016 2011
2016 472
1814 990
1814 474
254 164
254 865
2028 478
2028 956
1108 34
1108 1714
79 1364
79 442
1495 713
1495 363
1979 899
1979 319
247 599
247 552
1949 835
1949 1297
1810 1305
1810 238
380 1152
380 1287
705 1516
705 540
273 1403
273 138
630 677
630 518
1851 113
1851 1396
1405 1301
1405 1877
1915 823
1915 1923
881 275
881 139
1012 1844
1012 1660
1574 1016
1574 762
402 1002
402 1410
692 1444
692 1747
550 637
550 1379
450 1278
450 1511
951 1478
951 585
93 1994
93 841
824 2031
824 1217
46 207
46 1716
10 1806
10 907
194 1211
194 1006
1964 696
1964 308
1004 1173
1004 1840
660 6
660 731
830 708
830 754
1149 1125
1149 326
418 374
418 1398
24 1295
24 385
1368 675
1368 750
1993 557
1993 294
1460 1271
1460 918
1985 135
1985 2005
280 1888
280 1594
1311 2010
1311 1246
28 94
28 84
1248 2043
1248 1481
811 1794
811 1294
1927 205
1927 968
1520 855
1520 261
611 1601
611 1662
1883 141
1883 16
684 1865
684 724
613 1962
613 104
652 1984
652 220
203 1818
203 27
488 976
488 888
277 845
277 1483
1823 1377
1823 561
1524 1207
1524 1197
411 864
411 1308
1895 959
1895 493
1040 943
1040 1989
1298 1673
1298 1291
1434 538
1434 162
1633 1897
1633 299
984 1019
984 1422
644 146
644 1344
1931 1103
1931 1600
726 125
726 928
1335 1267
1335 1568
167 483
167 86
638 756
638 416
1634 673
1634 1436
1440 1449
1440 1245
1229 2046
1229 1635
760 1056
760 1113
1828 1119
1828 1338
1864 1091
1864 1584
880 56
880 2027
185 1787
185 915
1708 963
1708 1882
965 130
965 597
1878 1029
1878 868
1428 1369
1428 974
1388 508
1388 1963
1310 1494
1310 1162
245 35
245 403
1171 775
1171 1575
1613 995
1613 400
1885 346
1885 1827
1687 1441
1687 720
1130 1694
1130 758
131 1277
131 1404
570 251
570 22
1763 4
1763 1213
1074 734
1074 1826
150 1058
150 111
1664 645
1664 1333
912 807
912 542
796 681
796 1194
1867 1473
1867 711
985 648
985 144
1790 1647
1790 157
747 1094
747 947
1746 1541
1746 1812
115 1027
115 61
304 1321
304 1508
184 1587
184 1737
894 566
894 408
1916 1022
1916 987
285 902
285 910
1454 1236
1454 1090
1748 631
1748 1186
581 236
581 212
793 819
793 235
470 1661
470 198
1057 1849
1057 1663
234 1698
234 650
183 1340
183 1791
1417 179
1417 1355
1505 1328
1505 945
1458 1557
1458 52
1681 161
1681 1028
201 2014
201 1894
1932 1521
1932 996
1268 1001
1268 320
2025 1227
2025 1253
1078 1657
1078 1717
931 87
931 1948
886 1015
886 1225
770 290
770 1358
614 1713
614 982
1527 1924
1527 1797
922 2036
922 710
923 569
923 1489
1769 748
1769 933
805 690
805 1151
1324 335
1324 1696
1304 553
1304 379
917 328
917 755
1033 879
1033 1123
215 1514
215 1386
916 1623
916 1913
1208 523
1208 846
432 1047
432 163
541 1665
541 293
1257 524
1257 1037
1348 503
1348 283
901 1956
901 856
187 123
187 2021
33 1706
33 377
1159 1612
1159 1104
783 718
783 1270
1618 140
1618 364
1597 641
1597 1062
1861 1592
1861 1446
1616 716
1616 1413
717 1955
717 63
250 1279
250 594
74 1778
74 427
1784 216
1784 1097
1608 1777
1608 701
676 1936
676 2032
103 420
103 1054
1393 1690
1393 1719
1968 759
1968 1722
1774 180
1774 160
924 1045
924 655
444 1411
444 1174
1354 1890
1354 437
744 1838
744 378
698 1059
698 763
1546 646
1546 1761
960 876
960 1996
664 1148
664 1982
1212 338
1212 556
848 196
848 1014
1626 1190
1626 1342
225 1178
225 340
501 1286
501 869
1534 1076
1534 1127
1381 489
1381 1360
539 1401
539 445
1891 1893
1891 70
206 1933
206 1283
938 1727
938 571
19 1219
19 714
1266 253
1266 857
925 358
925 386
2018 49
2018 1531
1908 1793
1908 1170
1180 1709
1180 288
1926 1457
1926 1482
1540 1666
1540 721
191 1503
191 1909
1475 602
1475 507
532 1707
532 568
2002 425
2002 1282
1561 971
1561 1753
1008 458
1008 1380
2029 662
2029 1858
1484 1669
1484 1166
813 1902
813 1530
1490 1496
1490 1649
219 1272
219 547
1686 1092
1686 1154
510 41
510 1576
222 2030
222 612
1824 505
1824 1080
1599 1240
1599 310
1643 119
1643 579
1969 725
1969 405
1870 1677
1870 1764
278 1477
278 1640
659 1443
659 1995
603 920
603 362
1900 588
1900 1801
1833 448
1833 668
764 43
764 1795
663 1319
663 1538
1751 286
1751 1738
1426 54
1426 1375
740 209
740 1011
1872 1343
1872 1822
1591 342
1591 45
1167 455
1167 776
497 446
497 791
836 521
836 1459
158 993
158 396
1951 1711
1951 1646
1578 494
1578 666
76 1242
76 2038
526 779
526 1676
1082 1866
1082 1572
1811 1013
1811 1100
1683 1259
1683 604
302 1852
302 1203
1469 1614
1469 972
1346 401
1346 1442
1427 1044
1427 1675
1445 1226
1445 1839
617 192
617 1160
909 1181
909 892
1856 454
1856 1773
1260 1945
1260 1860
952 1071
952 825
370 785
370 1086
57 1052
57 1400
1488 605
1488 1697
1275 468
1275 1533
1740 1371
1740 1251
1620 884
1620 40
800 621
800 1026
1349 1394
1349 789
2037 944
2037 1284
515 1922
515 14
1960 882
1960 712
230 313
230 32
110 1585
110 1347
777 337
777 114
1966 977
1966 249
1115 1192
1115 389
120 1050
120 592
616 544
616 1182
2040 997
2040 384
1755 462
1755 1631
75 549
75 1589
1372 1318
1372 2013
1712 1579
1712 443
274 555
274 1953
1621 767
1621 1768
349 243
349 1628
327 949
327 213
1682 262
1682 798
1821 1302
1821 1392
1144 211
1144 1731
895 2034
895 438
300 1629
300 1868
457 83
457 1179
1300 477
1300 632
1376 679
1376 232
1315 399
1315 831
395 30
395 168
15 647
15 903
1976 502
1976 986
1967 1850
1967 674
305 3
305 890
1244 469
1244 1420
1185 453
1185 642
252 298
252 643
1055 699
1055 1650
1356 1085
1356 1479
1209 1757
1209 1150
1529 1327
1529 1739
1685 981
1685 1233
352 1959
352 1595
862 440
862 1099
101 318
101 1039
217 1274
217 1512
878 839
878 1803
272 1911
272 1796
12 430
12 685
619 746
619 1096
137 1843
137 1980
498 109
498 412
1549 1910
1549 145
1938 1184
1938 78
1526 1507
1526 1920
1061 781
1061 345
749 1249
749 1415
188 1805
188 937
1452 404
1452 315
1140 433
1140 828
354 413
354 576
407 67
407 495
2006 1220
2006 940
1656 1499
1656 913
1332 1126
1332 44
695 989
695 854
558 80
558 1705
1880 1288
1880 1580
1474 1506
1474 415
741 325
741 1775
1515 344
1515 1331
1760 514
1760 1476
1556 946
1556 108
1674 893
1674 1221
934 177
934 607
784 788
784 1645
81 116
81 936
527 359
527 1906
1899 1863
1899 1408
801 935
801 171
2004 1200
2004 1834
118 615
118 1947
89 509
89 1306
1758 1243
1758 624
8 296
8 1668
782 1353
782 1073
317 900
317 176
688 1095
688 1470
815 2039
815 1064
1387 1023
1387 757
51 1
51 682
554 256
554 1876
122 1725
122 291
237 347
237 1776
1504 578
1504 463
1942 584
1942 1611
1847 151
1847 239
833 1155
833 228
1837 1223
1837 1733
1946 1688
1946 802
1907 727
1907 563
932 1352
932 1456
953 1087
953 1134
1678 719
1678 906
780 314
780 1736
1433 73
1433 1998
1497 1492
1497 1604
53 1367
53 1365
1409 737
1409 258
1991 348
1991 1437
850 691
850 1792
700 567
700 270
1522 1307
1522 795
512 409
512 730
534 1024
534 62
1256 1615
1256 479
316 309
316 1312
1855 1659
1855 1498
786 1143
786 1914
331 1129
331 1397
1235 954
1235 1710
803 874
803 2022
1195 1034
1195 586
873 71
873 1247
100 467
100 37
838 1971
838 1772
2020 562
2020 487
1031 1765
1031 1172
834 2017
834 847
1699 227
1699 1941
1896 105
1896 1901
723 948
723 1447
1142 816
1142 979
1222 1854
1222 1493
1593 1500
1593 1825
911 480
911 312
1654 1299
1654 461
1357 1067
1357 334
1463 392
1463 1234
753 852
753 321
406 1723
406 1588
709 991
709 322
661 1548
661 1550
1215 284
1215 1992
870 410
870 1316
1264 1053
1264 962
769 600
769 958
1571 1609
1571 575
1084 1389
1084 1042
1770 1138
1770 1339
68 1269
68 1005
863 1603
863 23
1065 1502
1065 1359
1819 957
1819 589
1735 866
1735 537
587 297
587 248
1756 543
1756 528
149 513
149 1254
117 988
117 1309
1944 1399
1944 391
36 1461
36 1003
1232 165
1232 1265
703 96
703 1545
1544 2045
1544 1961
1513 1943
1513 1570
1912 1903
1912 967
394 565
394 955
1258 1940
1258 186
1250 1273
1250 210
435 1525
435 5
820 618
820 593
654 153
654 680
809 1361
809 636
941 2001
941 175
693 1161
693 29
133 357
133 1432
1918 1187
1918 1565
1978 1485
1978 112
459 88
459 536
1296 829
1296 531
330 821
330 896
307 2044
307 822
170 564
170 1374
656 1135
656 1583
1917 961
1917 226
983 271
983 1177
942 728
942 686
799 1582
799 629
341 1281
341 1081
1077 1532
1077 1732
871 423
871 1139
808 1032
808 573
142 1567
142 1046
1689 858
1689 1025
545 465
545 1802
1491 787
1491 1329
875 1070
875 1653
1981 595
1981 1088
1809 486
1809 1131
551 1041
551 2000
1341 375
1341 778
1543 1641
1543 174
476 1098
476 765
827 2012
827 1204
2026 975
2026 64
926 154
926 992
55 99
55 999
82 1602
82 657
195 1450
195 265
39 1035
39 393
516 792
516 1749
233 353
233 97
156 1693
156 697
1581 794
1581 1285
1323 1627
1323 1848
1466 530
1466 929
1518 1009
1518 1051
580 1337
580 1317
490 1289
490 919
506 1695
506 1904
2011 193
2011 1107
472 58
472 1750
990 466
990 1691
474 606
474 1373
164 1759
164 1639
865 1974
865 1435
478 306
478 1553
956 1569
956 292
34 1448
34 1990
1714 20
1714 282
1364 1193
1364 1873
442 1652
442 1228
713 1391
713 2
363 752
363 90
899 1830
899 496
319 745
319 369
599 1884
599 1937
552 2008
552 1624
835 244
835 1075
1297 1362
1297 422
1305 522
1305 1453
238 268
238 343
1152 905
1152 1919
1287 332
1287 1786
1516 1156
1516 1007
540 260
540 733
1403 1815
1403 1122
138 908
138 200
677 608
677 1808
518 434
518 1785
113 9
113 560
1396 1480
1396 1314
1301 1402
1301 1262
1877 456
1877 492
823 572
823 1021
1923 2019
1923 1280
275 625
275 1672
139 797
139 1018
1844 1101
1844 1680
1660 702
1660 289
1016 1326
1016 969
762 1419
762 1715
1002 1730
1002 1252
1410 1975
1410 1564
1444 1261
1444 1789
1747 1846
1747 525
637 368
637 242
1379 1141
1379 1230
1278 2041
1278 13
1511 301
1511 182
1478 814
1478 1390
585 1728
585 1929
1994 1771
1994 861
841 826
841 1132
2031 519
2031 491
1217 1083
1217 761
207 1205
207 1813
1716 640
1716 1965
1806 1202
1806 1684
907 1509
907 1799
1211 1988
1211 329
1006 1118
1006 365
696 173
696 1030
308 1121
308 1336
1173 1292
1173 202
1840 843
1840 336
6 678
6 1535
731 891
731 887
708 914
708 669
754 143
754 421
1125 424
1125 1729
326 1111
326 1363
374 136
374 460
1398 1218
1398 221
1295 883
1295 729
385 1093
385 1667
675 172
675 1577
750 127
750 1038
