31 63 6953680
23 4
23 8
4 17
4 15
8 11
8 12
17 31
17 30
15 19
15 26
11 18
11 6
12 1
12 21
31 5
31 2
30 14
30 27
19 24
19 16
26 3
26 28
18 20
18 29
6 25
6 7
1 10
1 9
21 22
21 13
6 21
6 15
21 30
21 51
15 60
15 7
30 22
30 45
51 63
51 34
60 42
60 28
7 54
7 53
22 62
22 50
45 14
45 25
63 55
63 38
34 32
34 48
42 23
42 43
28 5
28 10
54 27
54 40
53 1
53 4
62 44
62 17
50 59
50 31
14 16
14 49
25 8
25 35
55 56
55 47
38 3
38 58
32 37
32 12
48 9
48 19
23 61
23 33
43 57
43 18
5 24
5 41
10 29
10 36
27 13
27 39
40 26
40 2
1 20
1 11
4 52
4 46
