1023 2047 3173893
861 140
861 793
140 505
140 745
793 960
793 163
505 814
505 775
745 249
745 322
960 936
960 3
163 408
163 290
814 361
814 416
775 293
775 935
249 667
249 766
322 662
322 215
936 438
936 747
3 180
3 773
408 526
408 561
290 186
290 245
361 274
361 1003
416 87
416 371
293 295
293 299
935 55
935 605
667 651
667 197
766 982
766 845
662 314
662 776
215 897
215 968
438 610
438 594
747 34
747 226
180 99
180 101
773 228
773 613
526 260
526 841
561 682
561 49
186 987
186 406
245 571
245 642
274 811
274 301
1003 159
1003 535
87 646
87 354
371 714
371 450
295 24
295 742
299 59
299 208
55 190
55 133
605 266
605 80
651 1011
651 616
197 265
197 398
982 661
982 802
845 983
845 494
314 871
314 443
776 694
776 821
897 806
897 875
968 977
968 259
610 120
610 307
594 584
594 725
34 454
34 579
226 67
226 47
99 840
99 719
101 947
101 791
228 158
228 135
613 882
613 919
260 176
260 890
841 229
841 601
682 873
682 461
49 244
49 734
987 402
987 23
406 598
406 649
571 721
571 844
642 843
642 41
811 356
811 905
301 14
301 410
159 684
159 108
535 876
535 455
646 32
646 327
354 369
354 994
714 387
714 784
450 203
450 799
24 383
24 805
742 432
742 755
59 261
59 336
208 284
208 1
190 603
190 36
133 472
133 413
266 728
266 944
80 330
80 991
1011 173
1011 178
616 119
616 403
265 653
265 122
398 608
398 546
661 762
661 107
802 622
802 885
983 341
983 888
494 943
494 688
871 909
871 880
443 753
443 11
694 298
694 702
821 895
821 404
806 713
806 606
875 666
875 727
977 303
977 392
259 866
259 193
120 837
120 423
307 316
307 400
584 626
584 746
725 139
725 100
454 547
454 851
579 846
579 538
67 807
67 907
47 411
47 607
840 5
840 70
719 352
719 820
947 378
947 285
791 710
791 305
158 283
158 980
135 213
135 78
882 674
882 927
919 82
919 860
176 738
176 786
890 514
890 560
229 698
229 1001
601 142
601 838
873 313
873 942
461 940
461 1019
244 446
244 708
734 620
734 886
402 487
402 320
23 801
23 296
598 863
598 13
649 195
649 457
721 272
721 971
844 912
844 557
843 767
843 427
41 988
41 686
356 978
356 503
905 145
905 464
14 156
14 520
410 267
410 832
684 641
684 98
108 855
108 542
876 624
876 550
455 463
455 10
32 623
32 121
327 95
327 30
369 257
369 319
994 500
994 570
387 532
387 294
784 111
784 347
203 723
203 144
799 600
799 777
383 565
383 867
805 757
805 65
432 396
432 513
755 692
755 97
261 891
261 425
336 395
336 959
284 899
284 554
1 937
1 868
603 730
603 187
36 348
36 617
472 638
472 475
413 469
413 530
728 384
728 892
944 588
944 498
330 640
330 681
991 268
991 470
173 453
173 276
178 585
178 488
119 635
119 1018
403 507
403 166
653 224
653 441
122 788
122 460
608 54
608 992
546 340
546 884
762 632
762 558
107 722
107 33
622 185
622 675
885 634
885 539
341 1006
341 925
888 379
888 504
943 592
943 207
688 218
688 559
909 191
909 279
880 759
880 116
753 729
753 1005
11 576
11 787
298 663
298 961
702 945
702 21
895 825
895 221
404 168
404 219
713 114
713 830
606 422
606 86
666 639
666 650
727 126
727 355
303 785
303 130
392 321
392 175
866 414
866 954
193 631
193 141
837 993
837 368
423 575
423 60
316 578
316 599
400 967
400 995
626 485
626 673
746 986
746 227
139 424
139 636
100 874
100 700
547 184
547 847
851 44
851 288
846 442
846 127
538 691
538 839
807 810
807 211
907 238
907 589
411 812
411 586
607 502
607 822
5 217
5 996
70 466
70 474
352 772
352 154
820 417
820 477
378 628
378 364
285 57
285 800
710 955
710 896
305 923
305 678
283 518
283 962
980 633
980 201
213 129
213 38
78 527
78 90
674 1002
674 74
927 779
927 174
82 768
82 391
860 1010
860 478
738 483
738 169
786 1016
786 489
514 496
514 326
560 930
560 715
698 83
698 796
1001 976
1001 974
142 143
142 188
838 1022
838 813
313 703
313 277
942 172
942 19
940 611
940 921
1019 499
1019 790
446 889
446 951
708 522
708 430
620 390
620 687
886 523
886 763
487 439
487 69
320 375
320 255
801 312
801 524
296 123
296 486
863 676
863 668
13 12
13 816
195 695
195 214
457 780
457 521
272 151
272 181
971 381
971 155
912 157
912 709
557 979
557 194
767 476
767 712
427 374
427 94
988 1013
988 325
686 724
686 952
978 306
978 969
503 243
503 118
145 200
145 789
464 595
464 45
156 798
156 53
520 88
520 764
267 230
267 878
832 685
832 544
641 612
641 975
98 407
98 415
855 958
855 367
542 637
542 950
624 690
624 431
550 590
550 247
463 740
463 1007
10 536
10 359
623 256
623 774
121 71
121 533
95 222
95 292
30 344
30 972
257 516
257 517
319 102
319 862
500 382
500 37
570 625
570 448
532 246
532 964
294 543
294 64
111 61
111 1004
347 419
347 894
723 216
723 564
144 465
144 273
600 73
600 405
777 452
777 984
565 421
565 956
867 146
867 177
757 161
757 28
65 92
65 761
396 566
396 490
513 733
513 281
692 933
692 471
97 795
97 164
891 339
891 966
425 128
425 337
395 654
395 989
959 864
959 898
899 581
899 152
554 270
554 278
937 741
937 280
868 792
868 525
730 52
730 31
187 949
187 629
348 670
348 205
617 693
617 932
638 630
638 437
475 262
475 760
469 48
469 902
530 529
530 705
384 783
384 89
892 645
892 20
588 109
588 412
498 289
498 739
640 1000
640 658
681 597
681 365
268 818
268 831
470 555
470 770
453 76
453 752
276 386
276 165
585 568
585 311
488 664
488 204
635 63
635 291
1018 286
1018 269
507 445
507 223
166 824
166 771
224 429
224 735
441 16
441 376
788 696
788 239
460 534
460 929
54 25
54 72
992 182
992 556
340 160
340 26
884 346
884 1023
632 948
632 562
558 198
558 973
722 512
722 574
33 42
33 132
185 808
185 531
675 963
675 209
634 901
634 904
539 540
539 602
1006 50
1006 252
925 545
925 79
379 66
379 310
504 593
504 138
592 451
592 394
207 253
207 829
218 125
218 853
559 328
559 852
191 957
191 922
279 859
279 308
759 552
759 938
116 918
116 444
729 883
729 35
1005 596
1005 826
576 836
576 324
787 254
787 604
663 781
663 202
961 736
961 458
945 551
945 468
21 849
21 828
825 271
825 1012
221 233
221 655
168 934
168 718
219 877
219 147
114 1021
114 492
830 351
830 409
422 809
422 75
86 842
86 804
639 225
639 342
650 235
650 850
126 91
126 210
355 232
355 572
785 749
785 737
130 51
130 258
321 910
321 659
175 456
175 648
414 511
414 264
954 587
954 928
631 591
631 869
141 914
141 22
993 567
993 915
368 153
368 717
575 689
575 920
60 275
60 621
578 6
578 652
599 124
599 1008
967 426
967 263
995 865
995 758
485 96
485 707
673 4
673 338
986 440
986 393
227 29
227 399
424 750
424 467
636 858
636 618
874 345
874 946
700 370
700 212
184 304
184 248
847 112
847 287
44 823
44 110
288 803
288 924
442 657
442 817
127 7
127 435
691 236
691 363
839 528
839 242
810 985
810 179
211 926
211 699
238 418
238 39
589 380
589 748
812 148
812 372
586 827
586 199
502 234
502 506
822 366
822 731
217 389
217 318
996 106
996 27
466 999
466 965
474 819
474 778
772 315
772 62
154 671
154 848
417 879
417 751
477 627
477 241
628 362
628 680
364 377
364 43
57 881
57 459
800 701
800 903
955 515
955 17
896 357
896 329
923 150
923 113
678 665
678 754
518 679
518 220
962 893
962 647
633 335
633 732
201 162
201 2
129 644
129 726
38 401
38 93
527 360
527 397
90 970
90 482
1002 434
1002 136
74 1015
74 183
779 998
779 104
174 797
174 782
768 484
768 669
391 131
391 683
1010 373
1010 510
478 900
478 171
483 716
483 917
169 756
169 68
1016 906
1016 916
489 854
489 317
496 563
496 913
326 358
326 981
930 582
930 501
715 720
715 8
83 619
83 385
796 834
796 833
976 15
976 743
974 911
974 105
143 134
143 251
188 189
188 9
1022 509
1022 309
813 835
813 332
703 84
703 856
277 706
277 548
172 115
172 103
19 577
19 18
611 85
611 240
921 508
921 580
499 388
499 167
790 660
790 815
889 300
889 473
951 231
951 939
522 349
522 672
430 81
430 941
390 609
390 334
687 990
687 549
523 491
523 480
763 196
763 541
439 282
439 769
69 331
69 908
375 697
375 447
255 40
255 870
312 302
312 353
524 953
524 569
123 462
123 573
486 677
486 1017
676 615
676 350
668 887
668 481
12 519
12 493
816 449
816 765
695 420
695 343
214 46
214 433
780 1009
780 872
521 614
521 250
151 436
151 428
181 323
181 479
381 583
381 58
155 495
155 333
157 643
157 206
709 192
709 1014
979 117
979 1020
194 553
194 56
476 297
476 931
712 170
712 711
374 137
374 77
94 149
94 997
1013 237
1013 794
325 656
325 537
724 497
724 744
952 704
952 857
1383 1195
1383 190
1195 1304
1195 894
190 1151
190 413
1304 884
1304 900
894 1860
894 314
1151 2009
1151 743
413 1785
413 1120
884 1692
884 929
900 761
900 2001
1860 14
1860 901
314 1620
314 678
2009 1354
2009 1981
743 680
743 785
1785 1472
1785 1245
1120 1854
1120 333
1692 477
1692 307
929 1925
929 1668
761 1266
761 1442
2001 891
2001 1285
14 278
14 183
901 1994
901 1223
1620 1293
1620 2047
678 1783
678 126
1354 226
1354 19
1981 797
1981 1895
680 1219
680 1845
785 167
785 40
1472 516
1472 674
1245 1619
1245 1969
1854 155
1854 1683
333 2046
333 1026
477 657
477 1083
307 1079
307 971
1925 1207
1925 944
1668 1587
1668 1598
1266 397
1266 406
1442 899
1442 1222
891 1050
891 1102
1285 912
1285 994
278 1146
278 1797
183 748
183 1217
1994 253
1994 1547
1223 366
1223 261
1293 954
1293 910
2047 1612
2047 171
1783 1642
1783 1085
126 96
126 1538
226 1816
226 1734
19 986
19 1676
797 609
797 381
1895 1818
1895 174
1219 1976
1219 1483
1845 1416
1845 1214
167 1627
167 1862
40 1645
40 658
516 1095
516 1764
674 528
674 1525
1619 347
1619 895
1969 593
1969 122
155 2021
155 814
1683 594
1683 86
2046 2040
2046 1503
1026 2025
1026 959
657 1848
657 1001
1083 519
1083 1540
1079 1228
1079 67
971 611
971 684
1207 438
1207 211
944 13
944 1463
1587 87
1587 1273
1598 1352
1598 1634
397 838
397 1011
406 831
406 1807
899 1159
899 1982
1222 877
1222 1284
1050 866
1050 1731
1102 1446
1102 721
912 1958
912 1820
994 1048
994 1150
1146 255
1146 1336
1797 659
1797 1145
748 1646
748 1421
1217 1309
1217 871
253 460
253 1664
1547 1803
1547 1341
366 1360
366 1795
261 2020
261 1916
954 127
954 990
910 1451
910 1310
1612 1093
1612 1459
171 628
171 1423
1642 1371
1642 76
1085 1893
1085 1054
96 363
96 824
1538 269
1538 1119
1816 358
1816 798
1734 2035
1734 240
986 420
986 1269
1676 973
1676 175
609 1206
609 605
381 186
381 57
1818 1460
1818 1808
174 1484
174 1000
1976 1669
1976 485
1483 1522
1483 108
1416 89
1416 1362
1214 854
1214 675
1627 829
1627 1493
1862 914
1862 1078
1645 1809
1645 845
658 352
658 1530
1095 150
1095 1364
1764 41
1764 792
528 529
528 1237
1525 911
1525 217
347 1856
347 1495
895 1411
895 1593
593 321
593 189
122 847
122 1380
2021 553
2021 969
814 329
814 1858
594 1218
594 303
86 604
86 576
2040 1025
2040 1108
1503 2044
1503 1685
2025 1617
2025 2018
959 600
959 1949
1848 1881
1848 1382
1001 733
1001 640
519 1259
519 1953
1540 1288
1540 1649
1228 751
1228 1333
67 391
67 625
611 1629
611 967
684 201
684 1853
438 1131
438 1952
211 1951
211 1631
13 524
13 1771
1463 536
1463 1287
87 410
87 1466
1273 1588
1273 1556
1352 1051
1352 1636
1634 1829
1634 1403
838 1578
838 457
1011 1907
1011 1497
831 491
831 667
1807 44
1807 1487
1159 532
1159 407
1982 1454
1982 819
877 677
877 750
1284 856
1284 1932
866 1199
866 1761
1731 1037
1731 1042
1446 1481
1446 1186
721 202
721 401
1958 1473
1958 1621
1820 949
1820 1966
1048 1005
1048 1527
1150 1946
1150 1236
255 1499
255 1101
1336 1595
1336 1028
659 95
659 1897
1145 100
1145 803
1646 1455
1646 1763
1421 377
1421 43
1309 1185
1309 1135
871 324
871 178
460 876
460 862
1664 998
1664 1413
1803 17
1803 1514
1341 1127
1341 196
1360 1689
1360 679
1795 1258
1795 298
2020 142
2020 1381
1916 416
1916 4
127 1533
127 1137
990 1989
990 1365
1451 1509
1451 33
1310 599
1310 421
1093 55
1093 1171
1459 153
1459 139
628 1262
628 945
1423 177
1423 1474
1371 1729
1371 951
76 852
76 494
1893 325
1893 59
1054 1516
1054 123
363 934
363 197
824 39
824 1357
269 874
269 955
1119 1292
1119 469
358 1518
358 506
798 93
798 455
2035 227
2035 993
240 484
240 1329
420 357
420 1318
1269 1059
1269 1947
973 957
973 1959
175 1500
175 1404
1206 1098
1206 185
605 1688
605 1444
186 1647
186 898
57 1640
57 1389
1460 663
1460 1751
1808 688
1808 757
1484 1227
1484 962
1000 1878
1000 727
1669 996
1669 450
485 1600
485 396
1522 922
1522 1554
108 1859
108 566
89 38
89 1429
1362 1928
1362 267
854 771
854 1671
675 1762
675 530
829 1010
829 338
1493 305
1493 1824
914 796
914 1103
1078 2041
1078 1614
1809 711
1809 376
845 638
845 221
352 521
352 812
1530 1296
1530 1911
150 1080
150 1656
1364 1963
1364 569
41 428
41 304
792 946
792 1077
529 114
529 1558
1237 355
1237 813
911 1920
911 1170
217 1234
217 1221
1856 1608
1856 2017
1495 1176
1495 1532
1411 1141
1411 1107
1593 440
1593 1905
321 326
321 478
189 99
189 1678
847 673
847 1852
1380 634
1380 1832
553 166
553 668
969 390
969 402
329 306
329 1084
1858 1368
1858 367
1218 24
1218 436
303 1370
303 1121
604 1544
604 909
576 531
576 1781
1025 1535
1025 1526
1108 753
1108 556
2044 1998
2044 867
1685 1114
1685 63
1617 1456
1617 571
2018 1331
2018 1720
600 950
600 1559
1949 1246
1949 1844
1881 1633
1881 830
1382 379
1382 1847
733 15
733 370
640 310
640 1468
1259 926
1259 1406
1953 1707
1953 938
1288 118
1288 842
1649 1972
1649 1888
751 316
751 1110
1333 412
1333 62
391 449
391 893
625 1686
625 1931
1629 1044
1629 1158
967 621
967 1955
201 192
201 1980
1853 461
1853 1347
1131 534
1131 1999
1952 353
1952 762
1951 219
1951 1801
1631 1814
1631 1747
524 296
524 1618
1771 1975
1771 670
536 2010
536 336
1287 535
1287 1081
410 1690
410 563
1466 1191
1466 427
1588 1419
1588 1677
1556 31
1556 1301
1051 1438
1051 1321
1636 1166
1636 1679
1829 543
1829 907
1403 1550
1403 77
1578 1624
1578 1813
457 539
457 1021
1907 1855
1907 654
1497 1737
1497 280
491 1776
491 1977
667 1109
667 384
44 1992
44 1804
1487 1253
1487 1653
532 1672
532 368
407 1861
407 908
1454 1019
1454 1709
819 1346
819 1967
677 985
677 906
750 497
750 133
856 1799
856 603
1932 289
1932 1045
1199 1568
1199 330
1761 509
1761 1782
1037 1271
1037 473
1042 1482
1042 1827
1481 865
1481 744
1186 372
1186 991
202 1754
202 1308
401 380
401 503
1473 135
1473 245
1621 1249
1621 250
949 834
949 1973
1966 1644
1966 362
1005 281
1005 752
1527 1022
1527 2034
1946 1594
1946 2012
1236 88
1236 1923
1499 1589
1499 1562
1101 1153
1101 168
1595 1209
1595 1139
1028 180
1028 92
95 586
95 1515
1897 1800
1897 1779
100 763
100 230
803 1415
803 514
1455 1092
1455 1990
1763 415
1763 1400
377 1632
377 1563
43 1884
43 652
1185 1701
1185 960
1135 897
1135 596
324 868
324 1359
178 35
178 1927
876 948
876 1008
862 1407
862 1512
998 47
998 264
1413 474
1413 70
17 90
17 933
1514 595
1514 541
1127 643
1127 591
196 1812
196 745
1689 1175
1689 1954
679 1055
679 237
1258 1846
1258 517
298 728
298 82
142 1780
142 481
1381 1123
1381 1805
416 1938
416 839
4 1505
4 1940
1533 1067
1533 468
1137 2026
1137 75
1989 1511
1989 626
1365 513
1365 184
1509 1433
1509 52
33 1591
33 302
599 656
599 164
421 963
421 268
55 12
55 30
1171 276
1171 156
153 1778
153 1436
139 1458
139 187
1262 837
1262 423
945 1213
945 781
177 765
177 223
1474 1711
1474 1018
1729 607
1729 832
951 2005
951 1988
852 920
852 1655
494 2022
494 275
325 859
325 791
59 966
59 262
1516 1623
1516 229
123 1597
123 1626
934 685
934 393
197 1604
197 1680
39 265
39 510
1357 548
1357 869
874 1523
874 430
955 749
955 1180
1292 1427
1292 687
469 409
469 222
1518 1691
1518 137
506 697
506 1939
93 346
93 1724
455 1486
455 1833
227 317
227 775
993 1601
993 198
484 1264
484 979
1329 238
1329 111
357 977
357 1385
1318 1851
1318 1280
1059 102
1059 1053
1947 1461
1947 726
957 162
957 257
1959 1392
1959 1840
1500 1106
1500 1144
1404 499
1404 294
1098 1133
1098 1651
185 1944
185 1834
1688 1244
1688 1408
1444 1313
1444 833
1647 431
1647 614
898 83
898 1009
1640 354
1640 987
1389 772
1389 835
663 364
663 1874
1751 1
1751 1220
688 1375
688 1757
757 1584
757 779
1227 784
1227 1488
962 141
962 1660
1878 371
1878 1745
727 777
727 1873
996 714
996 22
450 374
450 134
1600 2031
1600 682
396 182
396 204
922 1450
922 107
1554 1012
1554 459
1859 2015
1859 1592
566 1712
566 1188
38 2008
38 1210
1429 1194
1429 1440
1928 42
1928 1521
267 1674
267 300
771 1536
771 1156
1671 925
1671 23
1762 2036
1762 1477
530 637
530 1583
1010 1140
1010 747
338 1414
338 568
305 1448
305 836
1824 1950
1824 1363
796 1449
796 1736
1103 1453
1103 224
2041 692
2041 1300
1614 1007
1614 887
711 1417
711 451
376 1713
376 690
638 974
638 1099
221 1750
221 112
521 918
521 151
812 1281
812 61
1296 760
1296 683
1911 456
1911 800
1080 515
1080 1148
1656 1791
1656 1792
1963 1566
1963 1276
569 1410
569 1498
428 1714
428 332
304 919
304 1163
946 526
946 8
1077 1004
1077 1096
114 403
114 1157
1558 1182
1558 1164
355 172
355 1670
813 1602
813 489
1920 1071
1920 849
1170 618
1170 940
1234 212
1234 1432
1221 795
1221 1494
1608 1349
1608 1162
2017 1681
2017 989
1176 1311
1176 648
1532 471
1532 1344
1141 1613
1141 496
1107 1577
1107 1787
440 1366
440 209
1905 1902
1905 1394
326 1181
326 1326
478 921
478 1819
99 130
99 414
1678 1682
1678 686
673 932
673 930
1852 1327
1852 493
634 550
634 997
1832 666
1832 79
166 1580
166 822
668 1551
668 1435
390 1169
390 956
402 1248
402 1622
306 636
306 1772
1084 1312
1084 263
1368 48
1368 1187
367 1576
367 1766
24 1049
24 511
436 1060
436 1849
1370 1531
1370 46
1121 1882
1121 1485
1544 972
1544 56
909 602
909 311
531 1869
531 992
1781 1567
1781 1738
1535 470
1535 176
1526 627
1526 25
753 9
753 498
556 458
556 1238
1998 234
1998 1205
867 1088
867 615
1114 1322
1114 169
63 1087
63 20
1456 375
1456 1723
571 995
571 382
1331 208
1331 1174
1720 290
1720 549
950 482
950 225
1559 1872
1559 756
1246 858
1246 1315
1844 116
1844 2042
1633 1173
1633 592
830 1348
830 16
379 619
379 128
1847 863
1847 913
15 1755
15 1422
370 480
370 1372
310 1350
310 809
1468 1230
1468 1667
926 1356
926 7
1406 417
1406 426
1707 1501
1707 579
938 359
938 1986
118 1875
118 110
842 1257
842 818
1972 158
1972 501
1888 1225
1888 1211
316 1549
316 1278
1110 272
1110 720
412 1056
412 1758
62 312
62 120
449 1469
449 214
893 194
893 215
1686 1590
1686 252
1931 1306
1931 1941
1044 1831
1044 287
1158 1184
1158 1759
621 1694
621 259
1955 36
1955 1903
192 1480
192 582
1980 29
1980 258
461 1863
461 463
1347 562
1347 54
534 386
534 1393
1999 404
1999 279
353 1793
353 34
762 1517
762 318
219 1510
219 218
1801 740
1801 1929
1814 1038
1814 875
1747 1704
1747 1268
296 235
296 1870
1618 1537
1618 840
1975 5
1975 1557
670 1673
670 1661
2010 213
2010 1325
336 343
336 1294
535 641
535 1708
1081 422
1081 518
1690 1147
1690 1279
563 702
563 1240
1191 958
1191 892
427 1541
427 1418
1419 608
1419 146
1677 581
1677 1725
31 1070
31 165
1301 60
1301 1867
1438 1167
1438 1232
1321 138
1321 1369
1166 148
1166 1479
1679 1290
1679 1732
543 345
543 1358
907 776
907 2002
1550 322
1550 1332
77 555
77 140
1624 1710
1624 583
1813 1921
1813 2043
539 1865
539 78
1021 1397
1021 1942
1855 978
1855 1706
654 689
654 598
1737 1718
1737 573
280 1299
280 160
1776 709
1776 297
1977 260
1977 1978
1109 143
1109 1168
384 216
384 1806
1992 3
1992 292
1804 339
1804 1233
1253 1900
1253 2045
1653 1231
1653 1089
1672 671
1672 1402
368 1263
368 1465
1861 843
1861 850
908 885
908 32
1019 1476
1019 782
1709 2011
1709 1871
1346 936
1346 106
1967 313
1967 578
985 1524
985 873
906 1242
906 104
497 1441
497 580
133 1024
133 1247
1799 662
1799 284
603 1788
603 1420
289 1043
289 1936
1045 1405
1045 419
1568 1377
1568 1155
330 1742
330 1534
509 1528
509 799
1782 1260
1782 508
1271 452
1271 1970
473 360
473 1261
1482 1399
1482 1830
1827 94
1827 589
865 1002
865 1743
744 1177
744 2023
372 655
372 181
991 660
991 632
1754 1471
1754 72
1308 1052
1308 1241
380 1317
380 432
503 45
503 1964
135 282
135 6
245 1239
245 1746
1249 882
1249 764
250 851
250 1091
834 418
834 1014
1973 805
1973 1609
1644 199
1644 323
362 365
362 109
281 1894
281 2016
752 1904
752 475
1022 1302
1022 154
2034 2032
2034 1040
1594 780
1594 1112
2012 1822
2012 1784
88 1628
88 1519
1923 447
1923 1727
1589 448
1589 1836
1562 1896
1562 1132
1153 1345
1153 737
168 1886
168 883
1209 1250
1209 1698
1139 349
1139 931
180 115
180 970
92 1129
92 492
586 49
586 808
1515 1270
1515 691
1800 1254
1800 1908
1779 1828
1779 161
763 1581
763 623
230 1630
230 411
1415 51
1415 1462
514 943
514 629
1092 890
1092 1041
1990 512
1990 1842
415 525
415 1073
1400 389
1400 1974
1632 446
1632 964
1563 254
1563 825
1884 105
1884 1615
652 768
652 1277
1701 1374
1701 735
960 405
960 301
897 1997
897 705
596 1789
596 1255
868 547
868 1212
1359 1291
1359 1993
35 117
35 1744
1927 937
1927 1478
948 483
948 1197
1008 434
1008 1817
1407 1387
1407 558
1512 639
1512 1200
47 179
47 1684
264 1665
264 1775
474 145
474 567
70 1717
70 472
90 441
90 823
933 1036
933 1142
595 564
595 1638
541 1546
541 788
643 1890
643 1767
591 1193
591 1401
1812 65
1812 1579
745 1883
745 1716
1175 1774
1175 828
1954 815
1954 464
1055 315
1055 1570
237 84
237 1203
1846 236
1846 251
517 1275
517 247
728 713
728 1082
82 1015
82 1006
1780 1149
1780 1748
481 984
481 101
1123 1172
1123 952
1805 1715
1805 861
1938 295
1938 633
839 1719
839 870
1505 1839
1505 794
1940 1843
1940 1957
1067 1794
1067 1355
468 1637
468 1470
2026 855
2026 928
75 1965
75 241
1511 886
1511 1124
626 878
626 1165
513 1229
513 1115
184 557
184 665
1433 613
1433 1282
52 1353
52 26
1591 398
1591 1857
302 443
302 2028
656 1386
656 642
164 1215
164 1143
963 1489
963 1837
268 706
268 2027
12 319
12 1730
30 540
30 1735
276 1643
276 1898
156 442
156 1885
1778 1283
1778 1447
1436 669
1436 2007
1458 392
1458 1504
187 1003
187 124
837 820
837 1390
423 939
423 888
1213 902
1213 1367
781 2019
781 1739
765 651
765 1379
223 653
223 1979
1711 1074
1711 1066
1018 507
1018 1090
607 1030
607 1635
832 612
832 1017
2005 533
2005 299
1988 980
1988 806
920 98
920 1409
1655 1343
1655 2038
2022 1338
2022 1490
275 826
275 53
859 802
859 616
791 552
791 1866
966 308
966 1702
262 1564
262 320
1623 1571
1623 649
229 1889
229 597
1597 610
1597 462
1626 1740
1626 1880
685 1256
685 1798
393 1125
393 1603
1604 789
1604 770
1680 1901
1680 1425
265 1161
265 399
510 1457
510 1138
548 131
548 734
869 1825
869 170
1523 841
1523 351
430 1777
430 1693
749 1295
749 1265
1180 1424
1180 707
1427 769
1427 759
687 1057
687 1937
409 246
409 1821
222 1507
222 1876
1691 644
1691 982
137 746
137 601
697 1437
697 69
1939 527
1939 523
346 935
346 159
1724 1910
1724 1569
1486 271
1486 1152
1833 132
1833 961
317 334
317 1208
775 66
775 152
1601 1320
1601 846
198 1823
198 617
1264 787
1264 630
979 129
979 68
238 453
238 1388
111 2029
111 1330
977 1560
977 1068
1385 1384
1385 585
1851 1616
1851 1072
1280 2024
1280 904
102 2000
102 860
1053 21
1053 881
1461 1599
1461 1034
726 335
726 927
162 924
162 288
257 915
257 378
1392 1508
1392 1543
1840 1027
1840 560
1106 1226
1106 73
1144 778
1144 205
499 821
499 1705
294 256
294 27
1133 864
1133 1492
1651 703
1651 2003
1944 676
1944 1467
1834 1323
1834 520
1244 465
1244 624
1408 85
1408 505
1313 1696
1313 1069
833 233
833 620
431 1956
431 1945
614 1810
614 1204
83 1650
83 741
1009 488
1009 373
354 1398
354 736
987 1430
987 344
772 889
772 1659
835 1434
835 1267
364 1016
364 495
1874 1915
1874 1189
1 1031
1 361
1220 1948
1220 293
1375 394
1375 18
1757 645
1757 1094
1584 383
1584 1648
779 342
779 790
784 1625
784 1340
1488 554
1488 2006
141 738
141 1224
1660 1136
1660 1930
371 1491
371 1586
1745 1029
1745 1314
777 350
777 988
1873 424
1873 817
714 1697
714 661
22 1064
22 1596
374 207
374 490
134 941
134 467
2031 1529
2031 701
682 1297
682 1202
182 1652
182 1395
204 248
204 1850
1450 1657
1450 1811
107 1105
107 1334
1012 905
1012 1753
459 1439
459 1770
2015 81
2015 1914
1592 388
1592 1760
1712 981
1712 1033
1188 220
1188 1339
2008 1128
2008 1298
1210 1190
1210 1251
1194 331
1194 10
1440 1117
1440 739
42 786
42 1887
1521 1700
1521 266
1674 811
1674 1378
300 1023
300 1548
1536 801
1536 188
1156 1773
1156 163
925 340
925 1376
23 2030
23 395
2036 968
2036 1324
1477 1933
1477 1991
637 574
637 1235
1583 1097
1583 766
1140 773
1140 385
747 827
747 1826
1414 1319
1414 429
568 356
568 1496
1448 844
1448 1722
836 903
836 1428
1950 622
1950 1431
1363 1116
1363 696
1449 565
1449 1726
1736 486
1736 157
1453 1666
1453 1201
224 754
224 1104
692 1086
692 1272
1300 708
1300 74
1007 1062
1007 173
887 647
887 425
1417 1971
1417 1663
451 1574
451 1610
1713 147
1713 1426
690 249
690 1513
974 767
974 285
1099 1909
1099 793
1750 1926
1750 681
112 121
112 718
918 712
918 1838
151 1443
151 722
1281 1703
1281 731
61 1307
61 1961
760 193
760 479
683 546
683 1922
456 1935
456 2004
800 635
800 804
515 239
515 327
1148 1076
1148 1960
1791 1891
1791 454
1792 1464
1792 1675
1566 570
1566 1196
1276 232
1276 1565
1410 400
1410 1605
1498 590
1498 191
1714 2
1714 1303
332 437
332 1768
919 1520
919 715
1163 283
1163 1552
526 1035
526 1983
8 37
8 1475
1004 328
1004 2037
1096 1113
1096 1835
403 1373
403 195
1157 1542
1157 1183
1182 1445
1182 91
1164 732
1164 1134
172 1252
172 50
1670 369
1670 742
1602 125
1602 273
489 646
489 1765
1071 1892
1071 1879
849 58
849 277
618 1575
618 309
940 433
940 1733
212 1699
212 672
1432 71
1432 2014
795 274
795 2033
1494 1786
1494 522
1349 1687
1349 1160
1162 144
1162 1342
1681 880
1681 1841
989 1452
989 1877
1311 1741
1311 487
648 723
648 1335
471 729
471 1555
1344 1198
1344 1065
1613 872
1613 857
496 119
496 1790
1577 783
1577 1943
1787 1796
1787 953
1366 476
1366 1752
209 1987
209 699
1902 1351
1902 1996
1394 28
1394 975
1181 542
1181 500
1326 716
1326 561
921 693
921 1274
1819 1391
1819 1899
130 923
130 1984
414 810
414 758
1682 1020
1682 719
686 587
686 538
932 270
932 1769
930 551
930 1032
1327 1305
1327 1919
493 243
493 113
550 1361
550 1130
997 1061
997 1058
666 1934
666 1639
79 1962
79 1582
1580 1100
1580 1179
822 1918
822 695
1551 502
1551 1924
1435 774
1435 698
1169 730
1169 965
956 97
956 1654
1248 577
1248 999
1622 1756
1622 724
636 439
636 244
1772 1802
1772 1968
1312 1178
1312 1607
263 1658
263 848
48 466
48 1506
1187 1906
1187 1662
1576 664
1576 1868
1766 1995
1766 1539
1049 650
1049 2039
511 1118
511 1013
1060 200
1060 1553
1849 1573
1849 1695
1531 710
1531 1606
46 1641
46 1316
1882 1337
1882 348
1485 1122
1485 606
972 210
972 1864
56 584
56 1328
602 717
602 504
311 228
311 942
1869 694
1869 896
992 444
992 917
1567 1192
1567 242
1738 291
1738 408
470 1063
470 231
176 1243
176 1039
627 537
627 206
25 1585
25 286
9 544
9 387
498 1749
498 545
458 1502
458 1815
1238 1985
1238 341
234 1561
234 1075
1205 1111
1205 879
1088 1728
1088 11
615 1572
615 80
1322 853
1322 1046
169 103
169 1286
1087 1412
1087 149
20 435
20 947
375 725
375 1154
1723 631
1723 1216
995 203
995 1721
382 559
382 807
208 983
208 136
1174 572
1174 1917
290 700
290 1047
549 916
549 976
482 1126
482 1913
225 1289
225 337
1872 816
1872 755
756 1611
756 704
858 1396
858 588
1315 1912
1315 445
116 2013
116 575
2042 1545
2042 64
