2047 2047 889704311
860 1669
860 730
1669 1301
1669 302
730 916
730 1585
1301 419
1301 763
302 1746
302 492
916 1372
916 318
1585 253
1585 1155
419 2022
419 989
763 319
763 649
1746 1719
1746 1201
492 486
492 1378
1372 326
1372 74
318 480
318 1475
253 711
253 939
1155 313
1155 1991
2022 426
2022 1524
989 254
989 799
319 1212
319 154
649 19
649 414
1719 1579
1719 1577
1201 579
1201 869
486 1940
486 892
1378 1689
1378 1637
326 288
326 425
74 1239
74 178
480 1414
480 123
1475 363
1475 1633
711 851
711 1893
939 1403
939 132
313 2020
313 897
1991 664
1991 516
426 1369
426 1073
1524 786
1524 798
254 40
254 845
799 435
799 669
1212 574
1212 731
154 864
154 159
19 345
19 448
414 1154
414 1089
1579 115
1579 164
1577 782
1577 1544
579 609
579 1200
869 314
869 1960
1940 1043
1940 620
892 411
892 1625
1689 1211
1689 577
1637 389
1637 954
288 1068
288 700
425 289
425 638
1239 723
1239 404
178 1995
178 1735
1414 1302
1414 2025
123 1249
123 1264
363 1595
363 813
1633 883
1633 950
851 1809
851 507
1893 2008
1893 218
1403 2011
1403 779
132 248
132 1628
2020 1752
2020 1110
897 1322
897 739
664 551
664 1930
516 191
516 1409
1369 1342
1369 1097
1073 1044
1073 2041
786 832
786 1070
798 1330
798 1743
40 988
40 367
845 569
845 1361
435 1718
435 104
669 162
669 1096
574 1069
574 275
731 1272
731 96
864 1888
864 410
159 276
159 1001
345 1635
345 1782
448 1757
448 548
1154 344
1154 616
1089 280
1089 330
115 2040
115 155
164 1717
164 1319
782 2019
782 1927
1544 1580
1544 979
609 565
609 1035
1200 776
1200 1015
314 1840
314 961
1960 691
1960 1847
1043 1050
1043 1941
620 1257
620 291
411 396
411 1198
1625 1591
1625 1578
1211 382
1211 108
577 255
577 1206
389 85
389 1077
954 1711
954 209
1068 1100
1068 1848
700 408
700 1529
289 1714
289 758
638 1957
638 1002
723 1918
723 1433
404 562
404 1175
1995 1268
1995 1286
1735 1391
1735 1808
1302 98
1302 413
2025 625
2025 68
1249 1992
1249 805
1264 103
1264 749
1595 1520
1595 820
813 1859
813 1312
883 282
883 754
950 76
950 211
1809 1656
1809 899
507 1500
507 1773
2008 311
2008 274
218 915
218 369
2011 1162
2011 942
779 1831
779 1667
248 483
248 383
1628 948
1628 57
1752 457
1752 359
1110 955
1110 1186
1322 695
1322 1236
739 15
739 349
551 137
551 1032
1930 1048
1930 1501
191 462
191 524
1409 770
1409 909
1342 502
1342 743
1097 1298
1097 2034
1044 1431
1044 920
2041 69
2041 1559
832 1134
832 898
1070 1516
1070 1122
1330 675
1330 1129
1743 1556
1743 1851
988 995
988 109
367 210
367 1797
569 1981
569 1817
1361 1274
1361 956
1718 1209
1718 1165
104 1055
104 923
162 1519
162 1284
1096 148
1096 1250
1069 1360
1069 1745
275 226
275 1019
1272 301
1272 1732
96 993
96 671
1888 905
1888 207
410 1832
410 2043
276 1891
276 1415
1001 990
1001 1722
1635 1086
1635 1199
1782 1280
1782 1522
1757 1853
1757 1867
548 1883
548 1837
344 37
344 755
616 1733
616 1034
280 546
280 1024
330 1038
330 1028
2040 871
2040 894
155 1410
155 1950
1717 31
1717 1617
1319 88
1319 90
2019 1811
2019 501
1927 232
1927 1179
1580 1171
1580 742
979 140
979 1095
565 1935
565 1221
1035 1036
1035 1252
776 699
776 1025
1015 1849
1015 1784
1840 1430
1840 163
961 188
961 201
691 1434
691 1961
1847 2013
1847 49
1050 1094
1050 1457
1941 1402
1941 299
1257 608
1257 836
291 1898
291 1676
396 1672
396 1477
1198 47
1198 1943
1591 336
1591 1482
1578 177
1578 751
382 1008
382 469
108 1030
108 1875
255 2006
255 1543
1206 91
1206 1654
85 220
85 849
1077 2029
1077 1454
1711 1003
1711 1346
209 1099
209 1598
1100 792
1100 1873
1848 1919
1848 1653
408 1098
408 844
1529 466
1529 380
1714 1910
1714 504
758 1083
758 484
1957 1318
1957 1107
1002 1685
1002 489
1918 881
1918 1138
1433 1863
1433 1538
562 1603
562 1210
1175 1815
1175 1147
1268 1347
1268 1081
1286 1866
1286 596
1391 1936
1391 13
1808 1136
1808 1105
98 885
98 390
413 829
413 1663
625 1329
625 1007
68 394
68 1730
1992 2038
1992 1467
805 1180
805 1911
103 623
103 1737
749 247
749 366
1520 525
1520 219
820 1561
820 160
1859 1694
1859 65
1312 681
1312 1638
282 914
282 1642
754 199
754 1309
76 2044
76 801
211 846
211 1128
1656 1376
1656 381
899 707
899 1478
1500 1869
1500 1652
1773 116
1773 1993
311 1985
311 1725
274 542
274 1438
915 667
915 757
369 1205
369 1395
1162 558
1162 839
942 708
942 1647
1831 840
1831 418
1667 1607
1667 1902
483 522
483 62
383 1115
383 1428
948 1380
948 1989
57 987
57 1202
457 93
457 2023
359 926
359 1333
955 1245
955 933
1186 1839
1186 1143
695 1294
695 75
1236 1623
1236 446
15 930
15 998
349 1018
349 513
137 1152
137 293
1032 1123
1032 1583
1048 536
1048 1571
1501 1569
1501 1358
462 701
462 1643
524 819
524 1401
770 1912
770 494
909 901
909 36
502 725
502 1973
743 350
743 300
1298 1768
1298 1988
2034 1670
2034 1659
1431 624
1431 1791
920 1573
920 1076
69 1622
69 1365
1559 1754
1559 2042
1134 1435
1134 597
898 719
898 1818
1516 595
1516 1142
1122 26
1122 149
675 1822
675 1112
1129 213
1129 157
1556 621
1556 422
1851 1594
1851 1108
995 1012
995 424
109 1586
109 1793
210 190
210 1444
1797 1405
1797 918
1981 886
1981 1279
1817 493
1817 1336
1274 1657
1274 1163
956 648
956 133
1209 614
1209 456
1165 260
1165 454
1055 77
1055 1487
923 1728
923 1750
1519 1072
1519 626
1284 1091
1284 421
148 634
148 976
1250 1459
1250 324
1360 553
1360 738
1745 1400
1745 1248
226 2047
226 362
1019 1056
1019 265
301 973
301 338
1732 1530
1732 400
993 688
993 1592
671 604
671 465
905 1042
905 877
207 1984
207 442
1832 1624
1832 499
2043 1300
2043 97
1891 48
1891 1228
1415 809
1415 518
990 1861
990 1852
1722 795
1722 1323
1086 1922
1086 854
1199 32
1199 2039
1280 1825
1280 374
1522 764
1522 811
1853 1858
1853 312
1867 1952
1867 1779
1883 1972
1883 1601
1837 1920
1837 986
37 281
37 1339
755 1885
755 1518
1733 238
1733 610
1034 944
1034 1682
546 593
546 1281
1024 1872
1024 1448
1038 181
1038 340
1028 515
1028 721
871 306
871 1244
894 2
894 495
1410 138
1410 1699
1950 1291
1950 1141
31 587
31 1241
1617 1864
1617 1807
88 817
88 592
90 1947
90 796
1811 715
1811 1909
501 156
501 1203
232 1216
232 372
1179 588
1179 1709
1171 121
1171 967
742 714
742 1238
140 759
140 1061
1095 748
1095 734
1935 1531
1935 1082
1221 439
1221 531
1036 170
1036 643
1252 1124
1252 1423
699 1447
699 285
1025 746
1025 144
1849 452
1849 236
1784 250
1784 612
1430 1106
1430 841
163 1426
163 124
188 1160
188 2016
201 161
201 127
1434 1016
1434 1876
1961 17
1961 361
2013 1137
2013 136
49 2018
49 1310
1094 45
1094 1340
1457 1188
1457 957
1402 182
1402 773
299 966
299 729
608 356
608 576
836 1207
836 1541
1898 1844
1898 527
1676 1996
1676 945
1672 1650
1672 584
1477 654
1477 481
47 599
47 1838
1943 1763
1943 878
336 1916
336 2004
1482 1697
1482 479
177 1411
177 821
751 601
751 169
1008 900
1008 1778
469 1998
469 399
1030 1491
1030 997
1875 1386
1875 1177
2006 1103
2006 769
1543 555
1543 1884
91 198
91 619
1654 1783
1654 120
220 112
220 1445
849 1219
849 1420
2029 1829
2029 2015
1454 963
1454 395
1003 21
1003 1111
1346 639
1346 752
1099 1572
1099 184
1598 1363
1598 1608
792 473
792 1118
1873 1006
1873 171
1919 653
1919 1489
1653 1158
1653 122
1098 959
1098 853
844 662
844 277
466 203
466 1980
380 34
380 1093
1910 1393
1910 1273
504 1528
504 1502
1083 1917
1083 2000
484 582
484 1253
1318 1009
1318 777
1107 1269
1107 1651
1685 510
1685 1116
489 1064
489 1104
881 1455
881 1877
1138 1293
1138 687
1863 1311
1863 629
1538 810
1538 292
1603 1790
1603 538
1210 1823
1210 907
1815 523
1815 1899
1147 893
1147 1348
1347 912
1347 1173
1081 659
1081 1789
1866 1053
1866 134
596 66
596 447
1936 1449
1936 407
13 16
13 14
1136 884
1136 444
1105 951
1105 251
885 733
885 679
390 432
390 1755
829 334
829 1213
1663 1965
1663 1399
1329 1429
1329 937
1007 200
1007 1508
394 1688
394 1679
1730 1724
1730 196
2038 18
2038 453
1467 270
1467 705
1180 87
1180 704
1911 1170
1911 750
623 1495
623 1908
1737 214
1737 941
247 570
247 870
366 273
366 20
525 1408
525 1662
219 1684
219 1630
1561 1715
1561 82
160 1589
160 969
1694 30
1694 257
65 1765
65 1800
681 1835
681 970
1638 1240
1638 485
914 1157
914 1967
1642 1674
1642 23
199 376
199 72
1309 1704
1309 968
2044 960
2044 59
801 1227
801 1011
846 283
846 1139
1128 1971
1128 141
1376 1949
1376 806
381 1341
381 99
707 1234
707 875
1478 1062
1478 165
1869 187
1869 879
1652 71
1652 1021
116 347
116 635
1993 838
1993 496
1985 339
1985 308
1725 1287
1725 732
542 1126
542 1246
1438 2002
1438 1969
667 644
667 455
757 903
757 1485
1205 1321
1205 1222
1395 192
1395 794
558 1151
558 802
839 952
839 631
708 1125
708 358
1647 1388
1647 353
840 1929
840 443
418 331
418 1886
1607 1826
1607 927
1902 420
1902 953
522 78
522 1614
62 249
62 1148
1115 1014
1115 1619
1428 1397
1428 1468
1380 526
1380 1359
1989 1039
1989 8
987 305
987 1634
1202 1906
1202 2045
93 602
93 710
2023 1915
2023 1005
926 346
926 663
1333 1446
1333 1461
1245 1590
1245 965
933 585
933 1013
1839 575
1839 2001
1143 497
1143 622
1294 559
1294 790
75 1419
75 252
1623 1149
1623 233
446 1261
446 642
930 741
930 661
998 865
998 1087
1018 423
1018 1878
513 1756
513 1774
1152 317
1152 1285
293 11
293 1987
1123 1740
1123 1191
1583 1764
1583 1587
536 478
536 767
1571 321
1571 1705
1569 315
1569 1189
1358 1214
1358 833
701 1700
701 971
1643 1547
1643 397
819 1990
819 1720
1401 1606
1401 117
1912 1229
1912 791
494 1469
494 1153
901 1464
901 228
36 686
36 101
725 740
725 567
1973 1668
1973 498
350 262
350 1350
300 1418
300 1953
1768 1256
1768 880
1988 591
1988 1354
1670 1554
1670 676
1659 256
1659 1167
624 1813
624 1218
1791 1540
1791 1255
1573 1736
1573 698
1076 1551
1076 335
1622 1488
1622 1078
1365 1080
1365 403
1754 73
1754 477
2042 826
2042 1313
1435 1413
1435 1986
597 1215
597 1792
719 1484
719 1458
1818 858
1818 1925
595 744
595 1494
1142 1243
1142 1565
26 53
26 1109
149 2005
149 1063
1822 1517
1822 51
1112 296
1112 1220
213 1536
213 2028
157 230
157 1600
621 1648
621 852
422 1631
422 1442
1594 309
1594 673
1108 1649
1108 1117
1012 1453
1012 1088
424 1963
424 1392
1586 857
1586 772
1793 690
1793 89
190 1462
190 175
1444 996
1444 589
1405 1
1405 287
918 528
918 1632
886 1525
886 1332
1279 867
1279 22
493 1903
493 1887
1336 1702
1336 981
1657 1932
1657 660
1163 722
1163 1937
648 166
648 417
133 322
133 449
614 685
614 1251
456 459
456 716
260 2036
260 1951
454 1846
454 1805
77 561
77 783
1487 1568
1487 1328
1728 1597
1728 1466
1750 1660
1750 677
1072 84
1072 1101
626 1690
626 780
1091 224
1091 665
421 1504
421 1132
634 1226
634 1738
976 434
976 303
1459 1271
1459 1537
324 474
324 70
553 598
553 263
738 167
738 1865
1400 1004
1400 1944
1248 430
1248 3
2047 774
2047 1978
362 111
362 1785
1056 1581
1056 307
265 1955
265 110
973 590
973 503
338 235
338 583
1530 56
1530 1193
400 1379
400 1555
688 1355
688 1977
1592 1769
1592 1786
604 1948
604 1767
465 1874
465 1582
1042 982
1042 1010
877 1493
877 1761
1984 1734
1984 58
442 52
442 1296
1624 150
1624 64
499 1276
499 1506
1300 843
1300 1966
97 1824
97 1687
48 1384
48 682
1228 278
1228 1295
809 379
809 850
518 1045
518 1820
1861 1760
1861 768
1852 241
1852 1204
795 1681
795 1994
1323 1775
1323 1156
1922 128
1922 1345
854 176
854 320
32 1860
32 342
2039 83
2039 532
1825 1695
1825 1292
374 1225
374 1708
764 1233
764 1759
811 563
811 1422
1858 1834
1858 1390
312 1905
312 264
1952 983
1952 617
1779 1254
1779 279
1972 1814
1972 1803
1601 1799
1601 712
1920 464
1920 812
986 825
986 445
281 242
281 377
1339 1843
1339 1303
1885 100
1885 1308
1518 33
1518 726
238 1889
238 1626
610 1862
610 1671
944 1610
944 1174
1682 1119
1682 102
593 6
593 1913
1281 1513
1281 373
1872 529
1872 436
1448 1197
1448 1451
181 934
181 1472
340 385
340 535
515 1161
515 451
721 938
721 724
306 2003
306 1394
1244 709
1244 212
2 1102
2 92
495 1979
495 386
138 1928
138 603
1699 636
1699 876
1291 1613
1291 2021
1141 1113
1141 1683
587 1549
587 594
1241 261
1241 549
1864 1693
1864 286
1807 1810
1807 1260
817 1615
817 1497
592 1744
592 689
1947 1079
1947 1277
796 1856
796 114
715 1604
715 928
1909 847
1909 1880
156 586
156 1232
1203 217
1203 1675
1216 297
1216 1144
372 678
372 668
588 887
588 173
1709 1479
1709 613
121 415
121 258
967 541
967 2026
714 268
714 1041
1238 142
1238 1290
759 1023
759 940
1061 231
1061 468
748 560
748 2046
734 1307
734 1439
1531 61
1531 1692
1082 991
1082 775
439 1349
439 1481
531 1534
531 1440
170 60
170 1686
643 891
643 152
1124 1357
1124 713
1423 1356
1423 1576
1447 429
1447 1510
285 1338
285 225
746 1833
746 1956
144 1270
144 1196
452 27
452 341
236 1812
236 1262
250 1052
250 1739
612 1539
612 1787
1106 1558
1106 1208
841 1776
841 1645
1426 787
1426 856
124 1183
124 1490
1160 651
1160 402
2016 1306
2016 633
161 222
161 943
127 756
127 1801
1016 2009
1016 543
1876 1982
1876 95
17 1373
17 1762
361 911
361 1337
1137 1127
1137 702
136 1496
136 44
2018 151
2018 1798
1310 571
1310 547
45 1503
45 1923
1340 1168
1340 949
1188 1432
1188 818
957 1470
957 827
182 1605
182 24
773 1031
773 9
966 245
966 1896
729 1231
729 697
356 2032
356 508
576 145
576 355
1207 482
1207 1842
1541 890
1541 866
1844 1593
1844 1498
527 1621
527 1599
1996 572
1996 2035
945 441
945 351
1650 1416
1650 1897
584 1562
584 793
654 1471
654 1612
481 1020
481 872
599 1855
599 1297
1838 143
1838 1182
1763 1680
1763 1075
878 1065
878 1278
1916 640
1916 889
2004 1933
2004 55
1697 471
1697 1364
479 1845
479 1904
1411 129
1411 1698
821 189
821 656
601 1114
601 506
169 1523
169 964
900 1375
900 1552
1778 1882
1778 204
1998 267
1998 674
399 1027
399 1184
1491 488
1491 1511
997 1456
997 1247
1386 1146
1386 1850
1177 1135
1177 984
1103 1326
1103 1588
769 2024
769 304
555 1772
555 1381
1884 1983
1884 1892
198 153
198 266
619 1673
619 1509
1783 1267
1783 1040
120 1192
120 1532
112 581
112 1758
1445 906
1445 606
1219 46
1219 1224
1420 1382
1420 146
1829 1368
1829 874
2015 1741
2015 632
963 38
963 298
395 131
395 1190
21 552
21 842
1111 1047
1111 1259
639 1049
639 401
752 1646
752 1942
1572 1242
1572 1406
184 1959
184 1781
1363 717
1363 25
1608 533
1608 316
473 371
473 1176
1118 873
1118 816
1006 1596
1006 828
171 1616
171 1954
653 1636
653 239
1489 537
1489 1836
1158 628
1158 929
122 512
122 728
959 680
959 1145
853 958
853 491
662 81
662 868
277 1721
277 375
203 834
203 936
1980 1427
1980 646
34 1480
34 487
1093 1178
1093 1366
1393 328
1393 1505
1273 1514
1273 215
1528 627
1528 1574
1502 778
1502 1299
1917 992
1917 1424
2000 554
2000 437
582 835
582 323
1253 1804
1253 2033
1009 244
1009 505
777 1017
777 50
1269 39
1269 1067
1651 1545
1651 409
510 788
510 1258
1116 1821
1116 384
1064 1166
1064 946
1104 1974
1104 398
1455 1976
1455 325
1877 727
1877 641
1293 392
1293 2031
687 1550
687 1512
1311 185
1311 1000
629 1362
629 823
810 1194
810 888
292 657
292 1970
1790 433
1790 1563
538 193
538 2010
1823 1412
1823 1521
907 1766
907 672
523 800
523 470
1899 735
1899 861
893 1317
893 781
1348 564
1348 1051
912 1499
912 804
1173 86
1173 831
659 1999
659 530
1789 125
1789 1071
1053 855
1053 737
134 1159
134 1841
66 352
66 1975
447 1316
447 962
1449 290
1449 1726
407 837
407 696
16 327
16 859
14 67
14 1777
884 848
884 246
444 208
444 557
951 1133
951 1527
251 310
251 2017
733 922
733 1575
679 1046
679 1320
432 234
432 1542
1755 760
1755 1723
334 500
334 1747
1213 803
1213 1305
1965 1696
1965 521
1399 1665
1399 5
1429 935
1429 1627
937 978
937 1691
200 2012
200 1187
1508 556
1508 1639
1688 450
1688 1389
1679 1946
1679 365
1724 1037
1724 896
196 1706
196 630
18 1609
18 830
453 771
453 1425
270 1640
270 1611
705 467
705 348
87 1140
87 80
704 1217
704 1968
1170 205
1170 1237
750 972
750 994
1495 1564
1495 974
1908 902
1908 1713
214 1771
214 904
941 329
941 1059
570 545
570 240
870 130
870 895
273 985
273 618
20 416
20 1421
1408 650
1408 999
1662 387
1662 1794
1684 1383
1684 1560
1630 1567
1630 1074
1715 637
1715 202
82 272
82 1263
1589 1901
1589 1900
969 1931
969 412
30 2037
30 1655
257 431
257 35
1765 683
1765 1486
1800 1871
1800 179
1835 544
1835 1130
970 666
970 1463
1240 645
1240 910
485 79
485 670
1157 917
1157 1460
1967 1742
1967 1334
1674 221
1674 808
23 1997
23 12
376 745
376 1437
72 519
72 223
1704 1780
1704 1727
968 1351
968 789
960 1385
960 824
59 509
59 1934
1227 1150
1227 1796
1011 1914
1011 370
283 1907
283 158
1139 578
1139 736
1971 1819
1971 427
141 863
141 1325
1949 259
1949 1620
806 271
806 1266
1341 1748
1341 1644
99 947
99 1677
1234 428
1234 378
875 2014
875 1701
1062 1058
1062 1964
165 1324
165 1026
187 692
187 684
879 655
879 1868
71 1938
71 1557
1021 243
1021 391
347 42
347 1060
635 1795
635 1939
838 1090
838 566
496 573
496 1314
339 1374
339 611
308 10
308 797
1287 1054
1287 172
732 1770
732 1533
1126 605
1126 237
1246 460
1246 126
2002 1854
2002 1629
1969 980
1969 1962
644 1707
644 43
455 1678
455 438
903 694
903 1066
1485 461
1485 1223
1321 1407
1321 105
1222 174
1222 1181
192 463
192 822
794 753
794 932
1151 1352
1151 2027
802 440
802 1235
952 862
952 1436
631 1327
631 388
1125 1121
1125 7
358 1283
358 766
1388 1172
1388 925
353 1120
353 1398
1929 2007
1929 706
443 135
443 517
331 607
331 54
1886 1169
1886 119
1826 600
1826 520
927 652
927 1370
420 718
420 1881
953 1371
953 332
78 1921
78 1828
1614 490
1614 1483
249 921
249 931
1148 747
1148 337
1014 785
1014 1857
1619 183
1619 107
1397 472
1397 333
1468 1443
1468 1526
526 1618
526 147
1359 1546
1359 1602
1039 360
1039 1515
8 693
8 815
305 1535
305 1288
1634 1057
1634 762
1906 1344
1906 458
2045 534
2045 1282
602 1289
602 1396
710 1029
710 1731
1915 197
1915 658
1005 94
1005 1343
346 1661
346 1387
663 1353
663 511
1446 1185
1446 180
1461 1377
1461 1164
1590 1548
1590 720
965 647
965 139
585 1802
585 1703
1013 1710
1013 913
575 2030
575 195
2001 1584
2001 882
497 1806
497 1890
622 1553
622 206
559 1566
559 284
790 475
790 1085
1419 1474
1419 28
252 1658
252 1315
1149 1033
1149 539
233 227
233 113
1261 1830
1261 1716
642 343
642 1870
741 1879
741 476
661 765
661 550
865 919
865 1753
1087 1895
1087 1751
423 1195
423 1507
1878 1666
1878 568
1756 295
1756 1304
1774 368
1774 229
317 1749
317 63
1285 269
1285 106
11 1452
11 194
1987 1404
1987 1022
1740 975
1740 784
1191 1331
1191 1092
1764 1473
1764 1641
1587 1924
1587 540
478 393
478 1664
767 29
767 814
321 1450
321 1827
1705 294
1705 1476
315 1729
315 924
1189 1265
1189 406
1214 908
1214 1816
833 1465
833 1958
1700 761
1700 580
971 354
971 186
1547 977
1547 1275
397 4
397 357
1990 514
1990 1926
1720 1441
1720 1335
1606 1570
1606 118
117 405
117 1084
1229 1230
1229 1417
791 168
791 364
1469 1712
1469 615
1153 703
1153 1894
1464 1367
1464 1131
228 1492
228 41
686 216
686 1788
101 1945
101 807
989 193
989 579
193 110
193 930
579 860
579 130
110 1986
110 1425
930 455
930 1110
860 1661
860 2001
130 85
130 1969
1986 841
1986 234
1425 807
1425 346
455 305
455 77
1110 1349
1110 596
1661 490
1661 303
2001 1210
2001 912
85 213
85 258
1969 274
1969 1132
841 95
841 742
234 1648
234 1060
807 1195
807 493
346 1352
346 505
305 884
305 708
77 1041
77 838
1349 438
1349 797
596 104
596 1154
490 1966
490 1684
303 172
303 5
1210 558
1210 1053
912 344
912 923
213 1621
213 1729
258 248
258 984
274 448
274 188
1132 1656
1132 1241
95 46
95 99
742 478
742 1624
1648 1945
1648 217
1060 115
1060 739
1195 2016
1195 279
493 951
493 124
1352 322
1352 1525
505 332
505 214
884 285
884 1554
708 471
708 1952
1041 2005
1041 2003
838 1115
838 245
438 694
438 1155
797 1081
797 1322
104 1557
104 904
1154 594
1154 916
1966 1908
1966 1543
1684 1881
1684 1024
172 953
172 1412
5 1341
5 544
558 1084
558 848
1053 1499
1053 1651
344 142
344 482
923 1193
923 983
1621 879
1621 896
1729 1460
1729 1653
248 492
248 554
984 1663
984 1097
448 1769
448 1752
188 1186
188 1354
1656 1765
1656 1598
1241 1933
1241 582
46 1705
46 1247
99 1270
99 1703
478 1757
478 1282
1624 239
1624 1639
1945 1375
1945 1994
217 316
217 674
115 1454
115 14
739 601
739 889
2016 549
2016 1072
279 1756
279 1490
951 921
951 1989
124 2011
124 1148
322 90
322 645
1525 1278
1525 452
332 311
332 1633
214 1576
214 1518
285 1428
285 741
1554 1365
1554 1328
471 1231
471 1357
1952 1903
1952 1118
2005 69
2005 1592
2003 1387
2003 341
1115 1540
1115 255
245 1237
245 393
694 1232
694 1054
1155 920
1155 1835
1081 1779
1081 1098
1322 702
1322 976
1557 454
1557 313
904 267
904 1508
594 1185
594 1558
916 424
916 758
1908 1486
1908 237
1543 1289
1543 1572
1881 670
1881 401
1024 1814
1024 866
953 914
953 67
1412 1303
1412 1754
1341 710
1341 1184
544 521
544 1156
1084 1056
1084 260
848 223
848 30
1499 1717
1499 832
1651 954
1651 568
142 92
142 413
482 1010
482 1191
1193 819
1193 45
983 584
983 1789
879 40
879 476
896 79
896 1301
1460 1248
1460 359
1653 1333
1653 560
492 333
492 625
554 837
554 730
1663 284
1663 1675
1097 1123
1097 1415
1769 943
1769 1438
1752 114
1752 1848
1186 620
1186 1942
1354 570
1354 1149
1765 1992
1765 377
1598 163
1598 83
1933 1863
1933 156
582 1613
582 1845
1705 1403
1705 1797
1247 835
1247 468
1270 1180
1270 1842
1703 1916
1703 676
1757 2000
1757 823
1282 808
1282 1383
239 1611
239 872
1639 1725
1639 1853
1375 1230
1375 1824
1994 1737
1994 1167
316 1025
316 1803
674 1880
674 1475
1454 1171
1454 862
14 1250
14 140
601 469
601 1843
889 1285
889 483
549 215
549 1034
1072 924
1072 1368
1756 1671
1756 1031
1490 201
1490 1731
921 1280
921 610
1989 1074
1989 22
2011 1548
2011 232
1148 1831
1148 186
90 118
90 1641
645 1003
645 429
1278 1277
1278 2025
452 145
452 974
311 1477
311 386
1633 1999
1633 1637
1576 1016
1576 1632
1518 795
1518 1727
1428 1491
1428 1091
741 1129
741 1569
1365 194
1365 1114
1328 1826
1328 1188
1231 1430
1231 1239
1357 780
1357 1906
1903 1094
1903 345
1118 1583
1118 1685
69 1552
69 2021
1592 527
1592 447
1387 614
1387 602
341 139
341 1819
1540 350
1540 1046
255 1665
255 961
1237 892
1237 1704
393 1911
393 1898
1232 1136
1232 198
1054 1836
1054 1574
920 1514
920 1214
1835 1949
1835 390
1779 592
1779 1108
1098 173
1098 306
702 132
702 546
976 1045
976 82
454 784
454 1429
313 327
313 553
267 106
267 295
1508 679
1508 1706
1185 1855
1185 1391
1558 548
1558 1573
424 351
424 1947
758 530
758 1874
1486 374
1486 1852
237 878
237 1424
1289 1308
1289 1748
1572 578
1572 1339
670 1447
670 773
401 1504
401 42
1814 1655
1814 821
866 363
866 1494
914 1732
914 1311
67 1178
67 112
1303 1939
1303 463
1754 1877
1754 1825
710 1564
710 1450
1184 1022
1184 1275
521 205
521 1338
1156 113
1156 1150
1056 1792
1056 357
260 1750
260 474
223 1720
223 340
30 138
30 1221
1717 725
1717 1064
832 1246
832 853
954 1141
954 721
568 1216
568 467
92 1182
92 901
413 329
413 501
1010 352
1010 1304
1191 987
1191 996
819 1015
819 370
45 1904
45 16
584 133
584 1913
1789 337
1789 675
40 216
40 384
476 1590
476 209
79 1200
79 833
1301 235
1301 1659
1248 627
1248 388
359 1408
359 273
1333 56
1333 711
560 1758
560 818
333 1001
333 15
625 1068
625 122
837 551
837 1093
730 212
730 1810
284 233
284 1786
1675 1067
1675 1815
1123 1151
1123 518
1415 736
1415 907
943 1718
943 1644
1438 1951
1438 456
114 479
114 542
1848 2014
1848 1453
620 1169
620 175
1942 533
1942 109
570 10
570 499
1149 1131
1149 1052
1992 910
1992 791
377 632
377 1561
163 1726
163 1206
83 557
83 576
1863 658
1863 1166
156 1828
156 1535
1613 2046
1613 577
1845 1423
1845 1369
1403 1970
1403 757
1797 307
1797 642
835 1859
835 613
468 1484
468 1794
1180 929
1180 858
1842 1638
1842 790
1916 43
1916 1437
676 1948
676 1929
2000 1955
2000 398
823 1400
823 1209
808 647
808 300
1383 1610
1383 1189
1611 1723
1611 1385
872 680
872 755
1725 292
1725 1077
1853 396
1853 1932
1230 1039
1230 368
1824 1112
1824 443
1737 687
1737 630
1167 2047
1167 1076
1025 831
1025 182
1803 796
1803 148
1880 1507
1880 1722
1475 465
1475 988
1171 1713
1171 236
862 1555
862 1900
1250 1635
1250 247
140 54
140 1620
469 1865
469 1258
1843 123
1843 709
1285 1235
1285 1396
483 1405
483 219
215 575
215 1070
1034 1467
1034 1559
924 517
924 1830
1368 1305
1368 1522
1671 1614
1671 430
1031 1048
1031 12
201 1065
201 952
1731 1390
1731 229
1280 564
1280 1030
610 652
610 1821
1074 1920
1074 1672
22 1389
22 1381
1548 990
1548 1196
232 931
232 1623
1831 1104
1831 563
186 940
186 221
118 1622
118 1181
1641 1297
1641 2035
1003 1106
1003 1057
429 294
429 781
1277 1936
1277 1273
2025 302
2025 152
145 167
145 1593
974 100
974 767
1477 1165
1477 1861
386 1283
386 80
1999 814
1999 1743
1637 199
1637 731
1016 968
1016 605
1632 966
1632 677
795 524
795 1102
1727 701
1727 1673
1491 1958
1491 428
1091 1846
1091 1439
1129 1960
1129 18
1569 1971
1569 1008
194 365
194 787
1114 238
1114 400
1826 1806
1826 2022
1188 1862
1188 581
1430 146
1430 629
1239 1909
1239 852
780 691
780 1735
1906 28
1906 1751
1094 1082
1094 263
345 1456
345 1295
1583 1509
1583 1362
1685 26
1685 1516
1552 1105
1552 1801
2021 38
2021 361
527 1366
527 593
447 678
447 70
614 523
614 1636
602 704
602 1134
139 1782
139 2004
1819 877
1819 1515
350 1409
350 117
1046 439
1046 855
1665 34
1665 1631
961 291
961 2017
892 1628
892 1035
1704 511
1704 1351
1911 1844
1911 460
1898 1530
1898 1886
1136 1967
1136 378
198 973
198 162
1836 1122
1836 1203
1574 552
1574 684
1514 228
1514 732
1214 1838
1214 1013
1949 849
1949 861
390 1038
390 537
592 394
592 1788
1108 1359
1108 595
173 1451
173 1953
306 1217
306 540
132 355
132 33
546 141
546 127
1045 75
1045 426
82 624
82 908
784 847
784 874
1429 2008
1429 1532
327 1582
327 1787
553 1448
553 312
106 491
106 19
295 726
295 703
679 1715
679 1811
1706 1987
1706 1599
1855 1029
1855 166
1391 2015
1391 1938
548 84
548 24
1573 789
1573 1470
351 1407
351 252
1947 268
1947 699
530 845
530 1941
1874 1889
1874 927
374 1370
374 1348
1852 331
1852 227
878 641
878 1876
1424 1993
1424 185
1308 1649
1308 1234
1748 1358
1748 174
578 720
578 1229
1339 111
1339 1740
1447 815
1447 769
773 656
773 1935
1504 73
1504 1192
42 1316
42 427
1655 640
1655 717
821 1350
821 774
363 728
363 1841
1494 1818
1494 1600
1732 1462
1732 1666
1311 496
1311 317
1178 1103
1178 240
112 184
112 567
1939 922
1939 942
463 1762
463 178
1877 1795
1877 1878
1825 1834
1825 446
1564 1710
1564 851
1450 409
1450 718
1022 650
1022 1036
1275 587
1275 1101
205 1090
205 950
1338 1875
1338 998
113 1657
113 196
1150 1728
1150 1527
1792 1194
1792 890
357 143
357 1604
1750 472
1750 1856
474 464
474 1222
1720 1719
1720 1879
340 897
340 536
138 1251
138 179
1221 607
1221 128
725 1026
725 103
1064 1978
1064 888
1246 1690
1246 444
853 1346
853 898
1141 477
1141 962
721 1923
721 604
1216 39
1216 1153
467 539
467 1314
1182 1021
1182 251
901 1177
901 72
329 323
329 756
501 772
501 23
352 1040
352 737
1304 664
1304 1781
987 1172
987 1702
996 1380
996 1680
1015 753
1015 1694
370 1930
370 385
1904 2033
1904 108
16 1586
16 1399
133 1991
133 777
1913 416
1913 1190
337 1854
337 1566
675 1419
675 489
216 970
216 1784
384 959
384 335
1590 515
1590 806
209 1612
209 1919
1200 1645
1200 1957
833 1224
833 956
235 1780
235 343
1659 1211
1659 719
627 1551
627 1012
388 11
388 1095
1408 619
1408 1956
273 1323
273 857
56 871
56 1119
711 1087
711 2024
1758 336
1758 1714
818 449
818 1238
1001 571
1001 190
15 210
15 1812
1068 1007
1068 1744
122 1567
122 622
551 535
551 131
1093 598
1093 1676
212 1760
212 749
1810 1979
1810 1049
233 420
233 1266
1786 7
1786 1493
1067 1646
1067 809
1815 2002
1815 1159
1151 1506
1151 1482
518 1995
518 1746
736 1476
736 1885
907 1775
907 1829
1718 1519
1718 1174
1644 1130
1644 1272
1951 1226
1951 932
456 57
456 1510
479 1325
479 1111
542 668
542 1568
2014 1589
2014 1849
1453 160
1453 32
1169 2044
1169 1315
175 78
175 870
533 864
533 328
109 715
109 1577
10 1145
10 994
499 61
499 981
1131 96
1131 556
1052 383
1052 1501
910 939
910 583
791 591
791 1163
632 1073
632 1464
1561 586
1561 1823
1726 1215
1726 1981
1206 470
1206 1236
557 121
557 480
576 982
576 653
658 980
658 1619
1166 1324
1166 20
1828 1345
1828 136
1535 948
1535 97
2046 1204
2046 1524
577 144
577 423
1423 876
1423 798
1369 1414
1369 1607
1970 51
1970 997
757 949
757 734
307 1187
307 1618
642 1892
642 498
1859 522
1859 885
613 1089
613 748
1484 698
1484 1749
1794 451
1794 1588
929 945
929 902
858 1069
858 993
1638 1461
1638 1738
790 1677
790 1867
43 171
43 181
1437 354
1437 1793
1948 960
1948 1242
1929 293
1929 9
1955 1959
1955 2032
398 101
398 1340
1400 746
1400 1674
1209 869
1209 89
647 1344
647 1264
300 1697
300 1560
1610 760
1610 1245
1189 1912
1189 621
1723 1667
1723 1207
1385 1984
1385 900
680 1591
680 417
755 686
755 486
292 893
292 137
1077 905
1077 1260
396 977
396 934
1932 1445
1932 1734
1039 2037
1039 648
368 606
368 733
1112 1625
1112 297
443 1267
443 1259
687 875
687 1579
630 244
630 310
2047 206
2047 1660
1076 2012
1076 682
831 1839
831 299
182 461
182 1142
796 320
796 397
148 29
148 972
1507 1107
1507 707
1722 93
1722 880
465 1505
465 768
988 1693
988 1965
1713 17
1713 256
236 550
236 1047
1555 177
1555 1176
1900 497
1900 1117
1635 839
1635 863
247 1458
247 1634
54 356
54 967
1620 76
1620 1075
1865 150
1865 644
1258 1398
1258 1921
123 1128
123 1709
709 1332
709 1269
1235 1946
1235 1658
1396 643
1396 714
1405 1537
1405 665
219 623
219 1042
575 776
575 771
1070 1721
1070 1943
1467 1585
1467 37
1559 638
1559 134
517 1416
517 147
1830 481
1830 200
1305 1485
1305 925
1522 506
1522 1608
1614 512
1614 1127
430 1347
430 1279
1048 1044
1048 187
12 775
12 793
1065 1517
1065 126
952 407
952 1392
1390 315
1390 635
229 1502
229 1696
564 1059
564 168
1030 59
1030 1298
652 1642
652 654
1821 422
1821 353
1920 325
1920 928
1672 1413
1672 842
1389 580
1389 1872
1381 1626
1381 487
990 1360
990 4
1196 812
1196 1654
931 3
931 955
1623 1256
1623 1975
1104 87
1104 1602
563 1668
563 442
940 1386
940 1478
221 1761
221 288
1622 782
1622 241
1181 938
1181 1997
1297 1286
1297 1071
2035 1329
2035 689
1106 820
1106 1944
1057 1393
1057 958
294 913
294 867
781 1512
781 882
1936 1681
1936 1931
1273 1934
1273 1796
302 655
302 828
152 308
152 326
167 1361
167 441
1593 525
1593 1707
100 48
100 1887
767 895
767 779
1165 963
1165 503
1861 415
1861 747
1283 1597
1283 1062
80 257
80 1816
814 1139
814 935
1743 1864
1743 1798
199 339
199 504
731 1753
731 1840
968 646
968 1271
605 1866
605 314
966 1371
966 348
677 391
677 1678
524 1587
524 1372
1102 1320
1102 1321
701 1326
701 1033
1673 1116
1673 764
1958 1940
1958 1745
428 1712
428 1596
1846 1689
1846 2042
1439 1832
1439 1032
1960 1212
1960 1158
18 1290
18 1687
1971 1225
1971 1124
1008 1915
1008 277
365 1179
365 484
787 1692
787 1606
238 1161
238 2034
400 64
400 1
1806 1078
1806 1857
2022 2038
2022 1433
1862 405
1862 750
581 1353
581 1473
146 1479
146 1498
629 992
629 1670
1909 1771
1909 2028
852 964
852 31
691 1708
691 1378
1735 176
1735 169
28 1928
28 915
1751 151
1751 1471
1082 220
1082 802
263 660
263 158
1456 1870
1456 1817
1295 1133
1295 157
1509 588
1509 362
1362 440
1362 1257
26 661
26 672
1516 1198
1516 801
1105 287
1105 364
1801 458
1801 1061
38 250
38 1183
361 1017
361 883
1366 1549
1366 1925
593 2007
593 1449
678 434
678 516
70 941
70 1244
523 1691
523 86
1636 559
1636 1809
704 485
704 50
1134 1847
1134 1800
1782 1733
1782 1480
2004 1296
2004 1050
877 1126
877 514
1515 1442
1515 639
1409 799
1409 1427
117 1331
117 1135
439 1890
439 1406
855 1014
855 44
34 1140
34 271
1631 2020
1631 304
291 543
291 41
2017 971
2017 222
1628 1313
1628 321
1035 183
1035 887
511 894
511 281
1351 1099
1351 765
1844 1011
1844 1088
460 918
460 1472
1530 1662
1530 2
1886 1121
1886 1113
1967 978
1967 412
378 47
378 1643
973 933
973 1534
162 1138
162 1420
1122 692
1122 1595
1203 1006
1203 683
552 1337
552 1905
684 541
684 657
228 1679
228 1742
732 1446
732 269
1838 1531
1838 1342
1013 926
1013 1695
849 278
849 231
861 298
861 1907
1038 986
1038 995
537 1051
537 243
394 1465
394 528
1788 1199
1788 1650
1359 868
1359 282
595 1652
595 1284
1451 2040
1451 1755
1953 566
1953 379
1217 1441
1217 946
540 1521
540 590
355 706
355 208
33 170
33 917
141 830
141 712
127 1541
127 1227
75 1043
75 2023
426 1100
426 1837
624 1418
624 1927
908 1571
908 729
847 1615
847 342
874 561
874 1990
2008 1686
2008 1497
1532 659
1532 1698
1582 507
1582 603
1787 1500
1787 161
1448 1869
1448 1533
312 509
312 991
491 813
491 1249
19 1851
19 406
726 264
726 1974
703 488
703 631
1715 573
1715 792
1811 1799
1811 759
1987 843
1987 1020
1599 1306
1599 204
1029 1526
1029 1302
166 508
166 850
2015 1355
2015 1402
1938 369
1938 788
84 770
84 154
24 1682
24 957
789 319
789 1785
1470 669
1470 1312
1407 1334
1407 599
252 224
252 25
268 380
268 1924
699 1327
699 1466
845 1092
845 688
1941 803
1941 763
1889 301
1889 2029
927 275
927 1455
1370 754
1370 2006
1348 1276
1348 903
331 696
331 1901
227 13
227 309
641 1265
641 1503
1876 296
1876 1581
1993 1487
1993 947
185 1440
185 425
1649 1205
1649 1553
1234 1982
1234 153
1358 1274
1358 1983
174 1700
174 2018
720 1961
720 1520
1229 135
1229 81
111 318
111 810
1740 1860
1740 1317
815 1562
815 532
769 253
769 1601
656 265
656 633
1935 597
1935 1896
73 547
73 510
1192 1539
1192 502
1316 2041
1316 1536
427 408
427 1891
640 854
640 1893
717 1220
717 538
1350 1580
1350 1899
774 1773
774 1973
728 1410
728 826
1841 1542
1841 225
1818 1894
1818 262
1600 695
1600 1431
1462 165
1462 211
1666 846
1666 1998
496 909
496 1037
317 1964
317 53
1103 1882
1103 1747
240 1457
240 1058
184 202
184 1009
567 129
567 1469
922 626
922 2013
942 1144
942 2045
1762 1496
1762 766
178 1019
178 1640
1795 727
1795 700
1878 8
1878 1213
1834 436
1834 1770
446 276
446 667
1710 1463
1710 1079
851 1730
851 495
409 21
409 60
718 1529
718 1063
650 242
650 1202
1036 373
1036 2030
587 1143
587 1833
1101 612
1101 1850
1090 1162
1090 1544
950 266
950 979
1875 666
1875 1374
998 1363
998 844
1657 58
1657 1397
196 1736
196 1716
1728 1223
1728 1873
1527 1005
1527 1768
1194 685
1194 713
890 195
890 1488
143 218
143 1152
1604 1255
1604 392
472 2010
472 1711
1856 585
1856 1309
464 65
464 1218
1222 618
1222 572
1719 1086
1719 944
1879 1683
1879 804
897 466
897 125
536 347
536 290
1251 1000
1251 1197
179 1336
179 402
607 462
607 1630
128 1164
128 1513
1026 899
1026 500
103 1293
103 2009
1978 418
1978 1822
888 1570
888 1310
1690 286
1690 1002
444 817
444 1884
1346 1281
1346 261
898 836
898 1468
477 1028
477 1617
962 91
962 197
1923 419
1923 1233
604 366
604 1664
39 1291
39 36
1153 783
1153 1240
539 811
539 600
1314 1578
1314 1481
1021 2019
1021 1968
251 1492
251 634
1177 1980
1177 283
72 965
72 52
323 203
323 1252
756 800
756 119
772 735
772 1109
23 785
23 55
1040 1376
1040 1432
737 1546
737 616
664 1120
664 761
1781 1629
1781 431
1172 410
1172 1996
1702 1175
1702 1804
1380 1495
1380 1395
1680 1988
1680 1724
753 975
753 1404
1694 663
1694 6
1930 2027
1930 1422
385 1985
385 824
2033 88
2033 457
108 1160
108 513
1586 615
1586 94
1399 1616
1399 1868
1991 289
1991 1262
777 1080
777 1263
416 545
416 421
1190 27
1190 1287
1854 1384
1854 1605
1566 1055
1566 716
1419 1914
1419 611
489 1603
489 865
970 414
970 805
1784 1972
1784 192
959 693
959 1767
335 116
335 254
515 1411
515 1701
806 149
806 636
1612 334
1612 2036
1919 1902
1919 738
1645 1288
1645 1318
1957 453
1957 520
1224 1790
1224 1083
956 246
956 1802
1780 1085
1780 723
343 1373
343 697
1211 2043
1211 1299
719 827
719 919
1551 752
1551 673
1012 671
1012 399
11 98
11 1147
1095 1977
1095 936
619 358
619 1883
1956 1435
1956 475
1323 999
1323 519
857 1335
857 1452
871 562
871 35
1119 1741
1119 1307
1087 1772
1087 1219
2024 349
2024 1783
336 743
336 1168
1714 1511
1714 1018
449 1027
449 1208
1238 834
1238 529
571 435
571 1330
190 1976
190 1963
210 745
210 107
1812 1594
1812 1937
1007 1173
1007 1820
1744 62
1744 1382
1567 375
1567 249
622 1444
622 1201
535 555
535 1538
131 829
131 724
598 969
598 1910
1676 372
1676 1356
1760 608
1760 840
749 617
749 164
1979 102
1979 589
1049 637
1049 762
420 159
420 1550
1266 1922
1266 1545
7 825
7 1766
1493 1926
1493 526
1646 207
1646 330
809 1261
809 744
2002 1426
2002 433
1159 1228
1159 1443
1506 382
1506 1004
1482 155
1482 1764
1995 1778
1995 1575
1746 886
1746 404
1476 395
1476 1763
1885 189
1885 1367
1775 367
1775 1813
1829 270
1829 1401
1519 649
1519 937
1174 1292
1174 1377
1130 272
1130 822
1272 1474
1272 891
1226 1827
1226 1268
932 1459
932 1950
57 1483
57 1808
1510 371
1510 662
1325 1394
1325 1584
1111 376
1111 1170
668 856
668 1888
1568 816
1568 105
1589 1688
1589 411
1849 338
1849 1364
160 1609
160 1523
32 1023
32 985
2044 1858
2044 403
1315 1647
1315 180
78 1388
78 381
870 1627
870 565
864 1417
864 1254
328 49
328 1319
715 751
715 881
1577 437
1577 531
1145 68
1145 1699
994 1954
994 1096
61 280
61 1379
981 1421
981 389
96 1436
96 1897
556 705
556 569
383 1125
383 71
1501 1777
1501 473
939 906
939 859
583 387
583 1294
591 1066
591 873
1163 1871
1163 1774
1073 432
1073 740
1464 2026
1464 1759
586 445
586 1489
1823 74
1823 778
1215 1157
1215 1556
1981 1895
1981 1805
470 681
470 1962
1236 259
1236 1434
121 609
121 120
480 63
480 786
982 2039
982 794
653 1669
653 2031
980 1791
980 191
1619 1918
1619 1776
1324 690
1324 1807
20 1739
20 1300
1345 66
1345 1146
136 226
136 651
948 1137
948 534
97 494
97 722
1204 1243
1204 230
1524 1547
1524 360
144 1528
144 911
423 1565
423 324
876 574
876 1343
798 628
798 450
1414 1917
1414 459
1607 1253
1607 1563
