1023 1023 1
749 763
749 820
763 285
763 751
820 401
820 466
285 758
285 975
751 337
751 860
401 153
401 244
466 558
466 465
758 266
758 851
975 320
975 920
337 833
337 47
860 190
860 410
153 152
153 893
244 178
244 601
558 810
558 464
465 985
465 222
266 962
266 111
851 173
851 566
320 228
320 414
920 887
920 505
833 363
833 37
47 403
47 138
190 292
190 857
410 824
410 606
152 937
152 660
893 106
893 14
178 656
178 956
601 768
601 830
810 415
810 13
464 333
464 188
985 429
985 310
222 377
222 921
962 156
962 278
111 517
111 537
173 2
173 527
566 587
566 255
228 982
228 267
414 340
414 9
887 122
887 706
505 441
505 577
363 389
363 165
37 644
37 701
403 385
403 44
138 856
138 794
292 770
292 523
857 569
857 744
824 572
824 425
606 659
606 594
937 248
937 488
660 46
660 477
106 5
106 997
14 591
14 453
656 728
656 157
956 602
956 832
768 455
768 99
830 409
830 1008
415 316
415 625
13 746
13 584
333 691
333 629
188 734
188 21
429 1014
429 853
310 628
310 968
377 373
377 520
921 640
921 272
156 542
156 526
278 249
278 185
517 884
517 172
537 750
537 321
2 809
2 949
527 846
527 214
587 273
587 914
255 66
255 220
982 907
982 959
267 759
267 696
340 191
340 945
9 159
9 445
122 307
122 194
706 620
706 176
441 419
441 790
577 745
577 118
389 208
389 12
165 631
165 381
644 662
644 676
701 548
701 779
385 697
385 330
44 397
44 65
856 544
856 535
794 812
794 306
770 73
770 619
523 819
523 657
569 1020
569 324
744 1019
744 724
572 813
572 739
425 637
425 246
659 171
659 972
594 849
594 882
248 1010
248 653
488 87
488 944
46 679
46 169
477 698
477 63
5 164
5 709
997 736
997 7
591 291
591 26
453 48
453 180
728 368
728 772
157 70
157 711
602 721
602 774
832 590
832 507
455 483
455 553
99 1011
99 79
409 515
409 702
1008 718
1008 151
316 77
316 496
625 979
625 953
746 604
746 694
584 142
584 898
691 775
691 731
629 452
629 347
734 1006
734 41
21 450
21 428
1014 994
1014 460
853 335
853 3
628 889
628 643
968 83
968 301
373 678
373 283
520 960
520 276
640 408
640 100
272 886
272 326
542 31
542 209
526 827
526 184
249 64
249 580
185 892
185 867
884 245
884 206
172 486
172 437
750 570
750 237
321 210
321 773
809 282
809 528
949 605
949 50
846 992
846 561
214 67
214 433
273 761
273 93
914 375
914 713
66 563
66 192
220 374
220 457
907 933
907 801
959 935
959 290
759 667
759 899
696 447
696 978
191 638
191 788
945 984
945 341
159 908
159 293
445 538
445 567
307 879
307 845
194 469
194 741
620 842
620 742
176 376
176 1015
419 723
419 258
790 690
790 897
745 805
745 354
118 843
118 494
208 531
208 777
12 670
12 369
631 869
631 877
381 201
381 380
662 964
662 586
676 318
676 905
548 610
548 467
779 803
779 778
697 998
697 1004
330 300
330 440
397 518
397 687
65 506
65 664
544 603
544 852
535 296
535 621
812 1023
812 242
306 451
306 134
73 485
73 1013
619 941
619 183
819 144
819 623
657 980
657 177
1020 792
1020 576
324 703
324 225
1019 876
1019 148
724 143
724 405
813 89
813 924
739 859
739 585
637 313
637 726
246 674
246 288
171 988
171 253
972 200
972 595
849 780
849 323
882 86
882 60
1010 96
1010 940
653 1012
653 150
87 735
87 894
944 140
944 139
679 651
679 511
169 931
169 680
698 128
698 85
63 499
63 911
164 1
164 715
709 568
709 395
736 319
736 34
7 946
7 166
291 459
291 295
26 131
26 158
48 658
48 431
180 168
180 652
368 6
368 757
772 902
772 730
70 448
70 986
711 649
711 557
721 289
721 18
774 901
774 69
590 304
590 215
507 146
507 599
483 136
483 71
553 287
553 186
1011 695
1011 110
79 950
79 552
515 829
515 365
702 755
702 966
718 202
718 356
151 1016
151 254
77 915
77 438
496 614
496 989
979 90
979 231
953 909
953 999
604 727
604 717
694 545
694 264
142 642
142 421
898 529
898 390
775 991
775 793
731 854
731 286
452 929
452 733
347 35
347 125
1006 462
1006 589
41 752
41 72
450 541
450 881
428 573
428 716
994 58
994 756
460 280
460 270
335 990
335 392
3 105
3 181
889 145
889 360
643 1009
643 436
83 235
83 765
301 699
301 665
678 519
678 896
283 325
283 618
960 540
960 782
276 91
276 309
408 913
408 68
100 379
100 329
886 127
886 271
326 904
326 632
31 353
31 416
209 712
209 554
827 683
827 39
184 350
184 747
64 484
64 564
580 611
580 948
892 241
892 160
867 216
867 926
245 80
245 866
206 120
206 806
486 583
486 400
437 75
437 398
570 479
570 204
237 512
237 571
210 995
210 367
773 20
773 16
282 919
282 472
528 918
528 627
605 795
605 654
50 27
50 449
992 838
992 1007
561 987
561 4
67 117
67 613
433 303
433 218
761 798
761 135
93 24
93 636
375 161
375 198
713 556
713 391
563 1003
563 954
192 97
192 863
374 783
374 221
457 474
457 630
933 641
933 336
801 418
801 468
935 471
935 366
290 205
290 501
667 729
667 916
899 203
899 555
447 339
447 754
978 149
978 906
638 355
638 917
788 549
788 378
984 740
984 835
341 338
341 432
908 681
908 189
293 811
293 789
538 895
538 575
567 532
567 305
879 402
879 708
845 764
845 115
469 312
469 766
741 247
741 382
842 925
842 42
742 372
742 470
376 84
376 331
1015 182
1015 298
723 229
723 384
258 767
258 848
690 608
690 677
897 719
897 55
805 399
805 784
354 95
354 582
843 648
843 934
494 692
494 302
531 430
531 738
777 769
777 279
670 476
670 970
369 349
369 387
869 874
869 596
877 650
877 386
201 498
201 29
380 256
380 993
964 141
964 420
586 434
586 102
318 107
318 524
905 958
905 655
610 551
610 885
467 463
467 359
803 396
803 1018
778 932
778 207
998 263
998 536
1004 217
1004 233
300 170
300 52
440 816
440 371
518 51
518 971
687 504
687 762
506 259
506 826
664 62
664 284
603 74
603 113
852 600
852 17
296 424
296 388
621 132
621 844
1023 693
1023 275
242 834
242 196
451 197
451 328
134 327
134 281
485 28
485 57
1013 38
1013 322
941 357
941 870
183 983
183 828
144 154
144 364
623 1021
623 435
980 831
980 880
177 799
177 550
792 348
792 439
576 274
576 722
703 969
703 562
225 669
225 871
876 910
876 633
148 59
148 487
143 539
143 543
405 815
405 277
89 771
89 955
924 516
924 952
859 250
859 262
585 108
585 40
313 578
313 223
726 94
726 900
674 10
674 513
288 705
288 234
988 123
988 343
253 239
253 514
200 345
200 423
595 36
595 53
780 458
780 666
323 232
323 404
86 43
86 116
60 645
60 473
96 961
96 836
940 668
940 92
1012 647
1012 855
150 864
150 865
735 546
735 174
894 936
894 942
140 261
140 817
139 525
139 226
651 61
651 903
511 193
511 534
931 748
931 689
680 732
680 351
128 720
128 406
85 967
85 426
499 25
499 257
911 294
911 8
1 646
1 957
715 493
715 927
568 837
568 491
395 635
395 1001
319 634
319 167
34 710
34 427
946 54
946 311
166 119
166 503
459 480
459 963
295 101
295 682
131 78
131 489
158 560
158 497
658 213
658 155
431 574
431 45
168 797
168 500
652 704
652 422
6 492
6 15
757 785
757 976
902 490
902 175
730 878
730 346
448 622
448 394
986 411
986 442
649 673
649 802
557 179
557 251
289 612
289 297
18 393
18 928
901 607
901 240
69 671
69 130
304 593
304 195
215 861
215 243
146 624
146 804
599 317
599 104
136 362
136 443
71 308
71 129
287 822
287 219
186 126
186 839
695 814
695 592
110 211
110 383
950 808
950 238
552 943
552 502
829 76
829 753
365 315
365 314
755 626
755 923
966 875
966 598
202 818
202 370
356 796
356 407
1016 862
1016 268
254 495
254 1022
915 112
915 663
438 481
438 121
614 342
614 821
989 912
989 299
90 454
90 230
231 417
231 162
909 825
909 807
999 977
999 841
727 890
727 800
717 252
717 413
545 883
545 939
264 684
264 965
642 891
642 224
421 888
421 344
529 616
529 98
390 787
390 334
991 212
991 588
793 109
793 227
854 1017
854 81
286 133
286 850
929 522
929 1000
733 947
733 840
35 475
35 510
125 11
125 33
462 265
462 332
589 847
589 858
752 776
752 23
72 1002
72 974
541 686
541 781
881 478
881 49
573 661
573 103
716 137
716 609
58 521
58 82
756 700
756 508
280 743
280 530
270 358
270 56
990 114
990 565
392 737
392 938
105 124
105 579
181 685
181 533
145 163
145 187
360 617
360 981
1009 22
1009 559
436 973
436 672
235 147
235 361
765 786
765 32
699 615
699 597
665 88
665 509
519 199
519 482
896 260
896 760
325 236
325 791
618 868
618 269
540 996
540 456
782 461
782 446
91 30
91 1005
309 922
309 352
913 581
913 547
68 639
68 444
379 675
379 873
329 725
329 872
127 688
127 823
271 19
271 714
904 951
904 707
632 412
632 930
919 612
919 907
612 410
612 135
907 200
907 513
410 130
410 1008
135 892
135 906
200 872
200 63
513 928
513 67
130 349
130 247
1008 31
1008 40
892 1017
892 807
906 284
906 944
872 418
872 66
63 582
63 553
928 610
928 546
67 38
67 780
349 967
349 1007
247 791
247 330
31 348
31 713
40 289
40 671
1017 685
1017 686
807 285
807 92
284 624
284 571
944 202
944 730
418 899
418 216
66 641
66 989
582 731
582 632
553 74
553 909
610 241
610 1010
546 652
546 661
38 846
38 982
780 834
780 522
967 874
967 688
1007 19
1007 943
791 177
791 76
330 296
330 959
348 82
348 739
713 456
713 421
289 300
289 903
671 8
671 311
685 423
685 117
686 728
686 324
285 862
285 940
92 923
92 316
624 336
624 619
571 690
571 514
202 599
202 848
730 462
730 837
899 738
899 609
216 978
216 103
641 172
641 499
989 863
989 379
731 567
731 576
632 320
632 361
74 915
74 121
909 46
909 312
241 366
241 325
1010 931
1010 850
652 400
652 594
661 445
661 245
846 859
846 1016
982 4
982 527
834 323
834 153
522 222
522 107
874 342
874 294
688 383
688 566
19 483
19 917
943 386
943 820
177 310
177 489
76 733
76 104
296 57
296 722
959 326
959 975
82 595
82 785
739 814
739 71
456 875
456 882
421 776
421 777
300 393
300 203
903 295
903 838
8 166
8 767
311 921
311 475
423 639
423 287
117 936
117 376
728 137
728 110
324 901
324 68
862 65
862 229
940 88
940 396
923 385
923 244
316 384
316 952
336 254
336 167
619 623
619 828
690 918
690 7
514 583
514 1001
599 1021
599 658
848 677
848 538
462 833
462 354
837 635
837 283
738 589
738 845
609 539
609 711
978 443
978 774
103 620
103 246
172 983
172 556
499 910
499 408
863 419
863 960
379 700
379 491
567 926
567 231
576 736
576 924
320 253
320 151
361 185
361 518
915 831
915 335
121 94
121 699
46 15
46 540
312 32
312 191
366 508
366 615
325 742
325 422
931 142
931 398
850 757
850 290
400 922
400 961
594 297
594 20
445 380
445 226
245 279
245 548
859 235
859 853
1016 1005
1016 276
4 401
4 435
527 779
527 788
323 564
323 1022
153 826
153 17
222 729
222 270
107 126
107 162
342 865
342 825
294 1
294 448
383 790
383 415
566 631
566 912
483 844
483 617
917 781
917 654
386 817
386 362
820 333
820 302
310 355
310 854
489 101
489 43
733 551
733 1004
104 176
104 23
57 741
57 250
722 995
722 569
326 528
326 680
975 938
975 987
595 509
595 770
785 180
785 114
814 962
814 322
71 132
71 712
875 492
875 812
882 212
882 277
776 403
776 941
777 881
777 45
393 60
393 596
203 868
203 705
295 436
295 430
838 308
838 98
166 122
166 102
767 704
767 720
921 824
921 149
475 79
475 534
639 727
639 958
287 313
287 487
936 236
936 390
376 593
376 880
137 895
137 668
110 953
110 925
901 963
901 406
68 307
68 157
65 192
65 221
229 168
229 782
88 352
88 916
396 630
396 799
385 460
385 832
244 552
244 196
384 992
384 996
952 811
952 414
254 267
254 81
167 90
167 933
623 645
623 194
828 956
828 424
918 545
918 532
7 345
7 479
583 574
583 934
1001 511
1001 932
1021 607
1021 971
658 315
658 3
677 879
677 115
538 626
538 378
833 561
833 263
354 735
354 842
635 976
635 769
283 148
283 160
589 797
589 420
845 215
845 112
539 282
539 695
711 760
711 687
443 964
443 762
774 467
774 530
620 116
620 721
246 633
246 536
983 667
983 429
556 179
556 146
910 783
910 823
408 638
408 581
419 993
419 248
960 391
960 861
700 891
700 988
491 484
491 714
926 485
926 388
231 143
231 28
736 466
736 208
924 948
924 278
253 404
253 515
151 494
151 145
185 984
185 150
518 1003
518 211
831 190
831 230
335 965
335 878
94 597
94 579
699 974
699 188
15 51
15 368
540 795
540 505
32 34
32 591
191 357
191 835
508 477
508 1009
615 517
615 745
742 980
742 334
422 240
422 317
142 47
142 876
398 702
398 529
757 304
757 900
290 829
290 99
922 201
922 13
961 603
961 344
297 789
297 337
20 697
20 679
380 869
380 669
226 951
226 426
279 692
279 726
548 535
548 441
235 756
235 939
853 937
853 930
1005 178
1005 994
276 598
276 516
401 1013
401 425
435 970
435 748
779 703
779 258
788 985
788 986
564 225
564 48
1022 275
1022 220
826 44
826 893
17 318
17 800
729 468
729 498
270 523
270 678
126 54
126 749
162 747
162 449
865 24
865 792
825 106
825 905
1 343
1 9
448 26
448 62
790 187
790 360
415 91
415 199
631 501
631 238
912 206
912 647
844 601
844 256
617 472
617 175
781 260
781 801
654 806
654 184
817 682
817 461
362 259
362 706
333 764
333 439
302 716
302 488
355 30
355 629
854 732
854 18
101 929
101 744
43 849
43 249
551 813
551 329
1004 651
1004 463
176 966
176 628
23 286
23 625
741 793
741 321
250 125
250 784
995 755
995 979
569 350
569 531
528 537
528 473
680 717
680 305
938 431
938 86
987 127
987 873
509 228
509 493
770 650
770 237
180 446
180 830
114 656
114 991
962 80
962 1006
322 432
322 787
132 883
132 210
712 392
712 224
492 133
492 11
812 331
812 480
212 590
212 818
277 50
277 6
403 274
403 218
941 634
941 136
881 627
881 255
45 105
45 810
60 775
60 858
596 798
596 866
868 85
868 227
705 469
705 510
436 242
436 694
430 524
430 751
308 763
308 340
98 131
98 453
122 299
122 836
102 642
102 555
704 346
704 197
720 708
720 559
824 608
824 839
149 183
149 356
79 144
79 935
534 108
534 156
727 542
727 21
958 580
958 374
313 353
313 753
487 544
487 338
236 557
236 955
390 314
390 213
593 306
593 541
880 719
880 981
895 78
895 5
668 606
668 42
953 908
953 568
925 696
925 207
963 815
963 459
406 427
406 904
307 563
307 359
157 471
157 999
192 804
192 95
221 56
221 851
168 262
168 303
782 291
782 577
352 640
352 495
916 572
916 754
630 163
630 2
799 413
799 217
460 440
460 164
832 942
832 691
552 118
552 1020
196 653
196 347
992 234
992 840
996 265
996 565
811 233
811 12
414 123
414 637
267 672
267 856
81 765
81 502
90 394
90 666
933 72
933 670
645 889
645 870
194 319
194 689
956 898
956 701
424 997
424 602
545 41
545 476
532 264
532 186
345 490
345 519
479 586
479 585
574 428
574 266
934 327
934 914
511 363
511 147
932 87
932 339
607 718
607 395
971 252
971 138
315 154
315 947
3 169
3 451
879 268
879 1018
115 298
115 957
626 232
626 584
378 570
378 725
561 507
561 662
263 723
263 710
735 375
735 486
842 588
842 621
976 33
976 605
769 341
769 750
148 109
148 481
160 786
160 159
797 113
797 411
420 927
420 36
215 1000
215 768
112 139
112 165
282 616
282 665
695 195
695 100
760 707
760 648
687 14
687 819
964 49
964 676
762 442
762 261
467 111
467 614
530 683
530 281
116 618
116 377
721 171
721 543
633 73
633 482
536 698
536 405
667 877
667 573
429 549
429 273
179 504
179 946
146 890
146 578
783 902
783 417
823 97
823 600
638 465
638 128
581 888
581 773
993 25
993 75
248 972
248 657
391 643
391 1023
861 209
861 611
891 954
891 709
988 155
988 170
484 894
484 554
714 1015
714 805
485 455
485 746
388 332
388 37
143 758
143 772
28 351
28 29
466 973
466 887
208 301
208 61
948 659
948 945
278 53
278 181
404 886
404 740
515 802
515 816
494 649
494 897
145 458
145 119
984 124
984 913
150 243
150 1014
1003 558
1003 70
211 977
211 161
190 497
190 1012
230 681
230 743
965 1002
965 457
878 808
878 438
597 675
597 920
579 182
579 35
974 389
974 173
188 433
188 871
51 968
51 450
368 636
368 129
795 478
795 969
505 521
505 525
34 239
34 198
591 474
591 503
357 293
357 885
835 371
835 59
477 622
477 470
1009 412
1009 512
517 77
517 381
745 437
745 407
980 214
980 272
334 1011
334 950
240 841
240 506
317 16
317 660
47 520
47 990
876 796
876 269
702 827
702 402
529 496
529 55
304 604
304 120
900 409
900 64
829 809
829 855
99 189
99 193
201 58
201 778
13 949
13 328
603 821
603 223
344 526
344 464
789 69
789 364
337 734
337 271
697 22
697 794
679 367
679 447
869 911
869 141
669 358
669 434
951 369
951 373
426 724
426 84
692 27
692 843
726 452
726 370
535 860
535 822
441 663
441 896
756 693
756 134
939 387
939 251
937 715
937 560
930 761
930 152
178 174
178 867
994 372
994 382
598 140
598 52
516 83
516 771
1013 1019
1013 89
425 737
425 280
970 592
970 416
748 674
748 292
703 399
703 562
258 257
258 533
985 613
985 547
986 444
986 219
225 644
225 500
48 884
48 673
275 998
275 96
220 397
220 587
44 759
44 204
893 288
893 454
318 752
318 847
800 550
800 10
468 766
468 852
498 205
498 857
523 158
523 684
678 575
678 664
54 309
54 655
749 646
749 93
747 864
747 803
449 39
449 365
