127 255 481220
53 119
53 125
119 52
119 123
125 48
125 107
52 18
52 95
123 9
123 54
48 71
48 73
107 124
107 87
18 5
18 82
95 16
95 80
9 12
9 89
54 77
54 62
71 4
71 59
73 101
73 81
124 50
124 120
87 31
87 84
5 121
5 35
82 103
82 70
16 68
16 20
80 47
80 75
12 23
12 72
89 7
89 63
77 28
77 90
62 60
62 39
4 69
4 98
59 83
59 57
101 22
101 51
81 91
81 46
50 17
50 114
120 97
120 45
31 61
31 117
84 49
84 127
121 29
121 26
35 2
35 100
103 6
103 74
70 55
70 14
68 64
68 33
20 88
20 109
47 122
47 25
75 56
75 85
23 30
23 65
72 32
72 126
7 37
7 102
63 94
63 13
28 106
28 113
90 19
90 8
60 15
60 34
39 93
39 110
69 96
69 67
98 111
98 86
83 99
83 11
57 40
57 36
22 118
22 79
51 3
51 108
91 58
91 66
46 27
46 38
17 78
17 41
114 21
114 105
97 44
97 76
45 116
45 92
61 1
61 24
117 115
117 112
49 104
49 10
127 43
127 42
145 34
145 140
34 198
34 147
140 11
140 157
198 188
198 31
147 59
147 94
11 84
11 72
157 69
157 190
188 168
188 79
31 122
31 35
59 176
59 180
94 76
94 43
84 4
84 200
72 54
72 64
69 47
69 161
190 154
190 78
168 108
168 159
79 138
79 195
122 66
122 149
35 85
35 212
176 158
176 77
180 181
180 49
76 250
76 229
43 144
43 53
4 142
4 134
200 82
200 25
54 173
54 92
64 252
64 27
47 80
47 90
161 226
161 201
154 160
154 45
78 235
78 68
108 148
108 155
159 246
159 244
138 71
138 211
195 204
195 52
66 234
66 146
149 106
149 247
85 21
85 93
212 133
212 88
158 57
158 15
77 65
77 125
181 116
181 175
49 131
49 13
250 217
250 55
229 171
229 99
144 178
144 22
53 174
53 91
142 5
142 231
134 24
134 105
82 51
82 20
25 127
25 184
173 170
173 245
92 48
92 14
252 192
252 100
27 7
27 206
80 172
80 19
90 238
90 166
226 223
226 33
201 9
201 156
160 10
160 86
45 253
45 75
235 208
235 120
68 56
68 169
148 74
148 240
155 232
155 219
246 37
246 30
244 224
244 58
71 96
71 26
211 126
211 216
204 139
204 83
52 95
52 97
234 129
234 153
146 40
146 136
106 164
106 50
247 150
247 23
21 18
21 167
93 186
93 215
133 221
133 3
88 16
88 207
57 185
57 117
15 205
15 98
65 109
65 152
125 107
125 121
116 213
116 62
175 163
175 233
131 203
131 114
13 28
13 249
217 115
217 32
55 111
55 251
171 41
171 162
99 189
99 130
178 128
178 104
22 241
22 199
174 42
174 67
91 177
91 230
5 243
5 220
231 179
231 123
24 210
24 239
105 12
105 209
51 87
51 242
20 119
20 29
127 81
127 143
184 61
184 236
170 101
170 113
245 255
245 218
48 38
48 118
14 182
14 63
192 102
192 197
100 110
100 191
7 46
7 194
206 103
206 196
172 202
172 6
19 1
19 165
238 8
238 237
166 183
166 228
223 132
223 254
33 141
33 112
9 135
9 187
156 193
156 89
10 124
10 73
86 39
86 60
253 227
253 70
75 225
75 137
208 36
208 44
120 222
120 17
56 214
56 2
169 151
169 248
