7 511 694243
2 4
2 3
4 7
4 6
3 5
3 1
360 167
360 357
167 310
167 448
357 217
357 505
310 134
310 124
448 493
448 252
217 440
217 13
505 125
505 114
134 61
134 302
124 280
124 117
493 343
493 414
252 323
252 266
440 371
440 11
13 394
13 129
125 476
125 108
114 437
114 358
61 174
61 10
302 420
302 42
280 23
280 500
117 90
117 34
343 270
343 22
414 417
414 81
323 411
323 422
266 75
266 225
371 139
371 33
11 56
11 359
394 254
394 353
129 248
129 290
476 391
476 74
108 284
108 278
437 490
437 204
358 441
358 86
174 405
174 45
10 471
10 27
420 327
420 216
42 87
42 18
23 214
23 84
500 432
500 166
90 313
90 265
34 381
34 387
270 53
270 349
22 226
22 67
417 7
417 36
81 346
81 396
411 269
411 474
422 143
422 55
75 453
75 161
225 271
225 255
139 326
139 165
33 345
33 348
56 482
56 428
359 486
359 315
254 187
254 71
353 52
353 169
248 101
248 155
290 312
290 9
391 182
391 201
74 95
74 429
284 57
284 488
278 159
278 236
490 118
490 436
204 156
204 477
441 378
441 6
86 58
86 469
405 263
405 463
45 39
45 194
471 509
471 366
27 393
27 138
327 352
327 245
216 268
216 445
87 127
87 424
18 192
18 364
214 287
214 272
84 24
84 47
432 475
432 419
166 197
166 330
313 306
313 259
265 386
265 164
381 46
381 121
387 97
387 369
53 107
53 115
349 60
349 350
226 367
226 154
67 126
67 456
7 112
7 444
36 462
36 93
346 196
346 85
396 96
396 153
269 307
269 485
474 199
474 434
143 370
143 17
55 257
55 498
453 181
453 203
161 503
161 191
271 311
271 78
255 407
255 26
326 229
326 215
165 338
165 365
345 158
345 409
348 286
348 511
482 152
482 198
428 103
428 184
486 89
486 337
315 279
315 449
187 446
187 336
71 147
71 180
52 111
52 4
169 102
169 480
101 211
101 273
155 317
155 105
312 41
312 288
9 256
9 130
182 99
182 8
201 408
201 175
95 212
95 135
429 435
429 70
57 171
57 442
488 261
488 466
159 380
159 210
236 427
236 37
118 316
118 202
436 240
436 379
156 15
156 418
477 328
477 321
378 322
378 406
6 478
6 507
58 292
58 150
469 137
469 497
263 334
263 415
463 457
463 473
39 314
39 403
194 438
194 347
509 375
509 398
366 98
366 451
393 461
393 43
138 5
138 35
352 113
352 228
245 388
245 301
268 235
268 339
445 502
445 495
127 38
127 19
424 413
424 421
192 14
192 468
364 94
364 389
287 62
287 237
272 51
272 133
24 132
24 66
47 489
47 384
475 465
475 173
419 232
419 100
197 397
197 354
330 305
330 356
306 253
306 49
259 109
259 390
386 221
386 506
164 351
164 239
46 355
46 206
121 186
121 224
97 65
97 80
369 467
369 331
107 455
107 383
115 220
115 376
60 40
60 163
350 454
350 88
367 250
367 299
154 79
154 110
126 318
126 300
456 496
456 282
112 460
112 29
444 172
444 162
462 433
462 246
93 382
93 209
196 483
196 426
85 249
85 294
96 142
96 160
153 296
153 281
307 131
307 219
485 148
485 332
199 69
199 275
434 329
434 183
370 443
370 31
17 234
17 146
257 77
257 258
498 410
498 504
181 399
181 372
203 508
203 244
503 222
503 50
191 16
191 395
311 241
311 82
78 178
78 207
407 362
407 333
26 177
26 295
229 20
229 291
215 238
215 223
338 205
338 28
365 308
365 319
158 92
158 341
409 123
409 361
286 298
286 431
511 200
511 510
152 195
152 141
198 251
198 218
103 430
103 188
184 283
184 373
89 122
89 487
337 190
337 491
279 458
279 277
449 340
449 293
446 309
446 119
336 151
336 479
147 30
147 260
180 128
180 63
111 213
111 116
4 297
4 48
102 59
102 247
480 157
480 439
211 484
211 44
273 91
273 344
317 72
317 492
105 68
105 243
41 450
41 374
288 274
288 472
256 76
256 402
130 385
130 54
99 262
99 324
8 452
8 185
408 459
408 145
175 404
175 276
212 416
212 289
135 120
135 230
435 149
435 363
70 140
70 304
171 231
171 368
442 12
442 179
261 392
261 32
466 168
466 464
380 106
380 83
210 425
210 335
427 170
427 208
37 320
37 2
316 412
316 73
202 470
202 401
240 447
240 25
379 242
379 176
15 342
15 325
418 499
418 136
328 303
328 267
321 285
321 64
322 494
322 144
406 227
406 400
478 21
478 3
507 193
507 481
292 501
292 189
150 377
150 423
137 264
137 104
497 233
497 1
