63 63 2
10 52
10 59
52 29
52 12
59 27
59 37
29 44
29 49
12 30
12 26
27 18
27 45
37 60
37 47
44 50
44 2
49 32
49 42
30 9
30 41
26 23
26 6
18 56
18 34
45 25
45 38
60 17
60 13
47 7
47 24
50 61
50 62
2 33
2 36
32 57
32 16
42 4
42 51
9 58
9 39
41 15
41 20
23 14
23 54
6 3
6 8
56 48
56 28
34 46
34 53
25 11
25 5
38 31
38 19
17 40
17 1
13 21
13 43
7 55
7 35
24 22
24 63
9 61
9 49
61 30
61 24
49 41
49 35
30 38
30 32
24 55
24 50
41 47
41 26
35 22
35 57
38 15
38 16
32 8
32 62
55 13
55 31
50 60
50 12
47 44
47 37
26 53
26 6
22 2
22 17
57 39
57 4
15 52
15 27
16 25
16 5
8 1
8 42
62 18
62 20
13 28
13 48
31 45
31 14
60 3
60 21
12 58
12 29
44 63
44 56
37 23
37 54
53 59
53 34
6 19
6 7
2 33
2 11
17 51
17 43
39 10
39 36
4 46
4 40
