63 511 176799020
49 40
49 60
40 52
40 50
60 62
60 6
52 33
52 23
50 5
50 19
62 9
62 15
6 17
6 11
33 21
33 63
23 41
23 13
5 16
5 37
19 12
19 43
9 24
9 22
15 31
15 61
17 14
17 25
11 27
11 34
21 29
21 32
63 58
63 46
41 42
41 35
13 51
13 53
16 36
16 57
37 56
37 18
12 38
12 48
43 59
43 2
24 26
24 3
22 10
22 30
31 47
31 20
61 4
61 54
14 8
14 1
25 28
25 44
27 55
27 7
34 45
34 39
332 197
332 293
197 415
197 31
293 53
293 194
415 358
415 154
31 37
31 504
53 268
53 217
194 288
194 116
358 245
358 96
154 452
154 114
37 378
37 381
504 260
504 160
268 52
268 181
217 199
217 12
288 464
288 349
116 231
116 361
245 382
245 45
96 10
96 300
452 403
452 61
114 162
114 368
378 130
378 200
381 188
381 345
260 62
260 462
160 20
160 235
52 287
52 109
181 282
181 206
199 437
199 398
12 328
12 77
464 488
464 355
349 207
349 312
231 276
231 65
361 493
361 369
382 333
382 277
45 232
45 339
10 279
10 29
300 42
300 447
403 396
403 395
61 314
61 289
162 455
162 51
368 334
368 85
130 294
130 348
200 298
200 225
188 257
188 406
345 212
345 118
62 468
62 123
462 169
462 69
20 316
20 79
235 399
235 449
287 59
287 457
109 21
109 47
282 219
282 56
206 505
206 243
437 394
437 87
398 296
398 46
328 35
328 19
77 325
77 410
488 510
488 30
355 13
355 150
207 238
207 240
312 75
312 431
276 327
276 254
65 98
65 481
493 167
493 151
369 165
369 25
333 392
333 149
277 22
277 156
232 281
232 107
339 270
339 176
279 487
279 306
29 140
29 330
42 223
42 460
447 34
447 302
396 485
396 442
395 365
395 458
314 375
314 84
289 88
289 237
455 214
455 174
51 385
51 272
334 344
334 44
85 1
85 489
294 159
294 91
348 177
348 376
298 291
298 417
225 82
225 244
257 273
257 258
406 297
406 120
212 27
212 459
118 424
118 370
468 441
468 274
123 129
123 397
169 100
169 496
69 239
69 209
316 478
316 414
79 486
79 16
399 418
399 71
449 48
449 377
59 58
59 136
457 494
457 429
21 24
21 182
47 353
47 303
219 428
219 393
56 60
56 250
505 275
505 374
243 134
243 14
394 74
394 128
87 178
87 412
296 338
296 364
46 145
46 405
35 121
35 502
19 106
19 155
325 173
325 497
410 55
410 430
510 122
510 50
30 435
30 320
13 166
13 467
150 342
150 147
238 337
238 425
240 347
240 2
75 135
75 310
431 402
431 227
327 359
327 356
254 179
254 213
98 308
98 108
481 83
481 472
167 196
167 322
151 187
151 9
165 253
165 111
25 420
25 266
392 362
392 263
149 17
149 482
22 8
22 70
156 124
156 202
281 41
281 480
107 255
107 228
270 164
270 216
176 413
176 93
487 384
487 436
306 234
306 367
140 271
140 474
330 503
330 229
223 215
223 443
460 329
460 264
34 203
34 72
302 352
302 40
485 445
485 80
442 439
442 319
365 137
365 192
458 127
458 466
375 153
375 76
84 252
84 426
88 463
88 191
237 432
237 110
214 304
214 7
174 451
174 491
385 201
385 180
272 456
272 401
344 501
344 371
44 261
44 97
1 242
1 508
489 318
489 350
159 315
159 49
91 446
91 453
177 90
177 67
376 411
376 183
291 57
291 168
417 360
417 373
82 450
82 95
244 247
244 33
273 307
273 211
258 6
258 139
297 286
297 241
120 64
120 321
27 285
27 138
459 226
459 132
424 284
424 366
370 434
370 259
441 292
441 171
274 267
274 278
129 81
129 490
397 102
397 126
100 63
100 477
496 331
496 105
239 193
239 495
209 112
209 204
478 73
478 483
414 476
414 269
486 101
486 484
16 4
16 222
418 146
418 404
71 131
71 283
48 251
48 23
377 299
377 354
58 92
58 163
136 372
136 205
494 440
494 189
429 511
429 444
24 86
24 184
182 407
182 433
353 419
353 208
303 454
303 461
428 248
428 113
393 198
393 305
60 99
60 152
250 11
250 186
275 421
275 311
374 336
374 387
134 471
134 117
14 295
14 220
74 400
74 408
128 221
128 363
178 351
178 195
412 133
412 28
338 475
338 224
364 326
364 43
145 340
145 390
405 343
405 391
121 26
121 427
502 262
502 172
106 175
106 280
155 506
155 157
173 422
173 380
497 346
497 357
55 379
55 218
430 15
430 341
122 38
122 246
50 125
50 185
435 143
435 190
320 465
320 438
166 103
166 265
467 324
467 158
342 473
342 236
147 423
147 409
337 469
337 498
425 54
425 18
347 104
347 5
2 256
2 416
135 249
135 141
310 301
310 492
402 89
402 78
227 36
227 448
359 144
359 68
356 94
356 335
179 313
179 230
213 386
213 509
308 470
308 115
108 388
108 39
83 161
83 290
472 170
472 119
196 66
196 3
322 148
322 142
187 500
187 507
9 233
9 210
253 479
253 499
111 389
111 309
420 32
420 383
266 323
266 317
