1023 1023 277814771
737 735
737 770
735 147
735 517
770 892
770 867
147 988
147 662
517 658
517 554
892 475
892 545
867 435
867 336
988 65
988 93
662 536
662 816
658 235
658 677
554 756
554 419
475 789
475 119
545 544
545 596
435 264
435 380
336 905
336 790
65 6
65 856
93 889
93 779
536 94
536 403
816 444
816 970
235 100
235 1004
677 313
677 531
756 83
756 202
419 893
419 222
789 571
789 966
119 885
119 950
544 590
544 224
596 608
596 644
264 427
264 75
380 299
380 553
905 484
905 887
790 322
790 639
6 174
6 282
856 983
856 955
889 369
889 925
779 492
779 381
94 168
94 886
403 69
403 913
444 424
444 958
970 1023
970 193
100 785
100 393
1004 628
1004 641
313 844
313 253
531 273
531 759
83 883
83 689
202 247
202 250
893 17
893 533
222 909
222 651
571 437
571 276
966 784
966 914
885 772
885 334
950 547
950 974
590 659
590 268
224 864
224 345
608 90
608 404
644 471
644 507
427 135
427 182
75 637
75 415
299 179
299 496
553 1013
553 986
484 580
484 602
887 874
887 705
322 511
322 745
639 871
639 825
174 39
174 845
282 829
282 828
983 838
983 782
955 366
955 107
369 991
369 211
925 248
925 569
492 579
492 749
381 928
381 501
168 612
168 409
886 294
886 1021
69 647
69 397
913 722
913 127
424 32
424 679
958 164
958 386
1023 695
1023 564
193 869
193 698
785 994
785 303
393 142
393 857
628 1
628 954
641 72
641 180
844 455
844 49
253 412
253 443
273 50
273 776
759 77
759 454
883 956
883 155
689 87
689 204
247 746
247 570
250 460
250 557
17 968
17 870
533 265
533 975
909 249
909 535
651 305
651 620
437 839
437 434
276 879
276 428
784 803
784 377
914 146
914 732
772 552
772 676
334 640
334 495
547 130
547 169
974 815
974 726
659 4
659 25
268 671
268 228
864 795
864 21
345 292
345 476
90 236
90 491
404 951
404 897
471 314
471 615
507 520
507 167
135 60
135 834
182 177
182 157
637 232
637 665
415 692
415 358
179 701
179 349
496 604
496 499
1013 980
1013 173
986 510
986 900
580 524
580 542
602 851
602 166
874 673
874 653
705 1006
705 539
511 567
511 354
745 342
745 981
871 611
871 1018
825 242
825 212
39 729
39 696
845 106
845 89
829 436
829 982
828 270
828 704
838 413
838 296
782 868
782 85
366 800
366 526
107 773
107 458
991 813
991 483
211 389
211 462
248 360
248 884
569 506
569 331
579 31
579 13
749 917
749 245
928 804
928 283
501 587
501 930
612 116
612 238
409 896
409 209
294 390
294 940
1021 513
1021 643
647 97
647 143
397 244
397 230
722 203
722 683
127 494
127 237
32 932
32 717
679 407
679 133
164 451
164 895
386 730
386 229
695 865
695 262
564 814
564 798
869 251
869 178
698 63
698 52
994 733
994 595
303 512
303 272
142 716
142 826
857 315
857 353
1 824
1 132
954 108
954 560
72 796
72 852
180 405
180 298
455 485
455 200
49 70
49 205
412 919
412 66
443 410
443 223
50 1022
50 566
776 201
776 285
77 797
77 337
454 858
454 710
956 488
956 540
155 190
155 24
87 482
87 842
204 502
204 139
746 801
746 267
570 848
570 220
460 474
460 74
557 720
557 976
968 319
968 788
870 694
870 73
265 942
265 655
975 439
975 1015
249 866
249 827
535 43
535 145
305 678
305 807
620 486
620 525
839 872
839 448
434 221
434 67
879 972
879 159
428 271
428 721
803 113
803 192
377 344
377 681
146 962
146 391
732 33
732 765
552 216
552 195
676 348
676 284
640 979
640 908
495 111
495 257
130 999
130 792
169 275
169 332
815 791
815 582
726 794
726 465
4 1007
4 371
25 541
25 674
671 186
671 915
228 898
228 702
795 129
795 317
21 53
21 433
292 967
292 227
476 37
476 500
236 820
236 388
491 487
491 532
951 217
951 120
897 503
897 372
314 697
314 452
615 594
615 76
520 927
520 862
167 1011
167 7
60 876
60 690
834 153
834 583
177 948
177 626
157 761
157 1012
232 719
232 152
665 185
665 736
692 191
692 714
358 961
358 103
701 414
701 373
349 882
349 431
604 598
604 162
499 985
499 953
980 534
980 215
173 744
173 670
510 783
510 293
900 84
900 26
524 605
524 27
542 996
542 199
851 543
851 148
166 780
166 47
673 136
673 347
653 20
653 738
1006 764
1006 350
539 855
539 112
567 446
567 645
354 699
354 42
342 731
342 197
981 302
981 751
611 989
611 402
1018 686
1018 479
242 808
242 918
212 854
212 652
729 504
729 707
696 498
696 832
106 786
106 408
89 246
89 91
436 957
436 767
982 546
982 618
270 724
270 425
704 758
704 755
413 588
413 327
296 530
296 881
868 384
868 300
85 14
85 693
800 947
800 392
526 649
526 1016
773 505
773 110
458 304
458 124
813 624
813 559
483 359
483 585
389 926
389 64
462 117
462 101
360 638
360 339
884 417
884 338
506 597
506 923
331 493
331 341
31 3
31 551
13 489
13 715
917 1001
917 362
245 515
245 901
804 41
804 573
283 406
283 675
587 181
587 802
930 316
930 158
116 261
116 550
238 760
238 613
896 367
896 398
209 156
209 537
390 741
390 170
940 274
940 241
513 937
513 154
643 668
643 529
97 308
97 861
143 149
143 19
244 593
244 5
230 266
230 902
203 809
203 98
683 669
683 873
494 841
494 321
237 468
237 318
932 118
932 766
717 295
717 35
407 708
407 846
133 131
133 442
451 941
451 646
895 833
895 470
730 518
730 375
229 18
229 600
865 810
865 743
262 634
262 581
814 233
814 591
798 29
798 877
251 631
251 88
178 609
178 376
63 586
63 254
52 137
52 328
733 642
733 516
595 196
595 210
512 400
512 231
272 490
272 787
716 835
716 630
826 781
826 382
315 187
315 837
353 40
353 616
824 340
824 394
132 768
132 949
108 875
108 850
560 748
560 763
796 812
796 747
852 703
852 728
405 509
405 464
298 753
298 379
485 684
485 96
200 1010
200 635
70 416
70 860
205 935
205 622
919 277
919 899
66 548
66 799
410 610
410 163
223 189
223 387
1022 297
1022 312
566 346
566 291
201 352
201 125
285 78
285 11
797 183
797 806
337 592
337 936
858 161
858 514
710 365
710 480
488 922
488 356
540 625
540 921
190 663
190 672
24 450
24 1000
482 987
482 36
842 998
842 469
502 401
502 572
139 256
139 243
801 329
801 556
267 931
267 399
848 102
848 821
220 1014
220 664
474 680
474 55
74 54
74 859
720 830
720 648
976 734
976 456
319 939
319 99
788 700
788 561
694 440
694 438
73 891
73 95
942 739
942 888
655 549
655 481
439 666
439 432
1015 374
1015 840
866 38
866 57
827 48
827 617
43 934
43 355
145 775
145 943
678 324
678 718
807 81
807 309
486 198
486 263
525 769
525 71
872 904
872 61
448 335
448 777
221 903
221 423
67 657
67 326
972 528
972 984
159 467
159 62
271 323
271 184
721 269
721 134
113 682
113 30
192 301
192 357
344 278
344 56
681 288
681 601
962 997
962 774
391 627
391 938
33 219
33 325
765 632
765 621
216 667
216 969
195 430
195 727
348 1008
348 568
284 115
284 562
979 1020
979 750
908 457
908 654
111 240
111 819
257 995
257 978
999 805
999 757
792 333
792 289
275 208
275 1009
332 422
332 849
791 151
791 933
582 589
582 447
794 123
794 863
465 165
465 426
1007 817
1007 138
371 330
371 23
541 361
541 890
674 929
674 9
186 150
186 574
915 691
915 603
898 255
898 555
702 160
702 963
129 395
129 623
317 343
317 378
53 68
53 385
433 563
433 822
967 307
967 44
227 880
227 907
37 478
37 916
500 140
500 894
820 687
820 459
388 740
388 920
487 709
487 218
532 754
532 472
217 656
217 836
120 1002
120 906
503 449
503 706
372 279
372 818
697 650
697 290
452 823
452 206
594 128
594 521
76 79
76 12
927 661
927 363
862 742
862 1005
1011 383
1011 122
7 51
7 992
876 523
876 421
690 964
690 59
153 952
153 370
583 10
583 175
948 445
948 92
626 527
626 723
761 629
761 606
1012 252
1012 104
719 959
719 2
152 144
152 599
185 924
185 16
736 239
736 946
191 141
191 105
714 688
714 441
961 171
961 461
103 584
103 843
414 114
414 351
373 463
373 636
882 260
882 368
431 126
431 910
598 1019
598 176
162 713
162 477
985 960
985 847
953 944
953 685
534 793
534 15
215 121
215 46
744 945
744 34
670 45
670 878
783 752
783 420
293 207
293 965
84 762
84 287
26 711
26 831
605 990
605 411
27 778
27 281
996 1017
996 80
199 234
199 473
543 214
543 86
148 712
148 971
780 22
780 614
47 453
47 1003
136 993
136 225
347 194
347 213
20 576
20 364
738 508
738 660
764 280
764 226
350 912
350 320
855 466
855 558
112 259
112 8
446 575
446 311
645 258
645 853
699 418
699 619
42 577
42 109
731 607
731 973
197 188
197 771
302 429
302 519
751 911
751 82
989 58
989 286
402 396
402 522
686 538
686 565
479 310
479 811
808 578
808 306
918 633
918 977
854 28
854 497
652 725
652 172
473 133
473 390
133 511
133 358
390 966
390 747
511 666
511 208
358 868
358 785
966 305
966 375
747 237
747 361
666 175
666 735
208 280
208 864
868 32
868 738
785 176
785 983
305 519
305 381
375 802
375 144
237 1003
237 786
361 720
361 926
175 366
175 670
735 970
735 293
280 297
280 922
864 815
864 988
32 158
32 73
738 28
738 892
176 635
176 691
983 476
983 177
519 759
519 848
381 483
381 279
802 568
802 860
144 259
144 109
1003 446
1003 202
786 34
786 233
720 547
720 351
926 647
926 33
366 103
366 160
670 453
670 93
970 382
970 956
293 878
293 867
297 899
297 941
922 776
922 87
815 188
815 194
988 182
988 30
158 83
158 341
73 841
73 679
28 426
28 72
892 67
892 799
635 914
635 311
691 765
691 495
476 90
476 398
177 312
177 210
759 243
759 571
848 156
848 887
483 875
483 639
279 905
279 687
568 842
568 911
860 227
860 562
259 919
259 126
109 159
109 255
446 667
446 236
202 449
202 985
34 664
34 201
233 413
233 689
547 491
547 273
351 549
351 740
647 806
647 310
33 1018
33 544
103 220
103 430
160 451
160 142
453 854
453 332
93 943
93 971
382 445
382 136
956 489
956 810
878 959
878 468
867 906
867 832
899 550
899 504
941 736
941 425
776 778
776 662
87 657
87 400
188 234
188 37
194 636
194 143
182 460
182 883
30 284
30 885
83 789
83 908
341 534
341 1020
841 546
841 18
679 17
679 85
426 478
426 716
72 557
72 923
67 120
67 137
799 469
799 323
914 904
914 167
311 197
311 523
765 795
765 682
495 54
495 756
90 891
90 790
398 1021
398 697
312 482
312 1005
210 605
210 79
243 730
243 27
571 436
571 917
156 57
156 427
887 207
887 416
875 792
875 71
639 626
639 921
905 364
905 11
687 492
687 98
842 801
842 7
911 793
911 168
227 399
227 228
562 101
562 734
919 758
919 480
126 713
126 186
159 535
159 607
255 335
255 122
667 214
667 286
236 66
236 955
449 677
449 972
985 196
985 407
664 183
664 229
201 705
201 212
413 319
413 377
689 578
689 498
491 452
491 89
273 317
273 292
549 742
549 916
740 404
740 277
806 440
806 268
310 533
310 20
1018 808
1018 973
544 809
544 378
220 613
220 993
430 326
430 139
451 960
451 189
142 257
142 82
854 187
854 625
332 153
332 424
943 537
943 119
971 174
971 700
445 76
445 100
136 573
136 748
489 641
489 471
810 247
810 1023
959 362
959 253
468 745
468 769
906 16
906 501
832 204
832 383
550 337
550 470
504 967
504 161
736 92
736 744
425 68
425 645
778 772
778 84
662 986
662 839
657 304
657 503
400 285
400 467
234 671
234 434
37 961
37 610
636 138
636 13
143 296
143 26
460 1015
460 520
883 901
883 584
284 369
284 244
885 846
885 518
789 859
789 314
908 42
908 600
534 565
534 386
1020 291
1020 824
546 418
546 5
18 269
18 940
17 731
17 951
85 619
85 81
478 221
478 438
716 15
716 118
557 763
557 135
923 770
923 648
120 294
120 1008
137 766
137 327
469 693
469 405
323 39
323 606
904 861
904 145
167 254
167 698
197 1014
197 665
523 437
523 354
795 707
795 991
682 543
682 558
54 727
54 595
756 656
756 694
891 370
891 710
790 695
790 1010
1021 599
1021 805
697 574
697 587
482 827
482 334
1005 528
1005 761
605 170
605 14
79 456
79 1019
730 330
730 55
27 408
27 289
436 163
436 831
917 680
917 61
57 591
57 64
427 105
427 992
207 800
207 423
416 976
416 299
792 125
792 185
71 604
71 166
626 601
626 107
921 771
921 722
364 592
364 141
11 692
11 1022
492 1009
492 798
98 512
98 686
801 222
801 239
7 637
7 298
793 978
793 463
168 990
168 572
399 373
399 45
228 743
228 741
101 833
101 927
734 155
734 78
758 46
758 203
480 261
480 342
713 115
713 394
186 157
186 444
535 23
535 829
607 994
607 957
335 879
335 569
122 884
122 850
214 2
214 812
286 295
286 219
66 900
66 968
955 116
955 856
677 235
677 412
972 818
972 8
196 70
196 762
407 258
407 843
183 379
183 325
229 858
229 684
705 391
705 151
212 241
212 690
319 603
319 421
377 388
377 108
578 60
578 696
498 306
498 948
452 35
452 608
89 749
89 559
317 579
317 94
292 704
292 910
742 41
742 979
916 590
916 250
404 567
404 372
277 545
277 124
440 502
440 853
268 198
268 1007
533 171
533 857
20 260
20 487
808 406
808 350
973 43
973 912
809 481
809 643
378 616
378 553
613 1000
613 688
993 178
993 950
326 953
326 882
139 783
139 814
960 750
960 246
189 963
189 807
257 767
257 69
82 414
82 3
187 726
187 931
625 338
625 56
153 929
153 340
424 564
424 989
537 563
537 580
119 102
119 211
174 653
174 380
700 263
700 526
76 106
76 582
100 685
100 712
573 162
573 387
748 173
748 946
641 936
641 621
471 447
471 869
247 343
247 462
1023 781
1023 540
362 737
362 127
253 701
253 555
745 97
745 834
769 209
769 63
16 733
16 435
501 200
501 165
204 702
204 525
383 725
383 357
337 952
337 644
470 817
470 538
967 773
967 464
161 458
161 324
92 813
92 348
744 442
744 363
68 865
68 149
645 536
645 907
772 566
772 669
84 937
84 622
986 36
986 517
839 509
839 804
304 969
304 443
503 117
503 249
285 99
285 583
467 336
467 62
671 384
671 796
434 389
434 913
961 593
961 768
610 10
610 715
138 880
138 459
13 821
13 663
296 419
296 531
26 215
26 649
1015 485
1015 355
520 91
520 31
901 252
901 345
584 718
584 890
369 184
369 524
244 510
244 457
846 942
846 816
518 561
518 962
859 717
859 676
314 811
314 820
42 316
42 192
600 847
600 129
565 267
565 276
386 152
386 226
291 871
291 822
824 308
824 609
418 256
418 755
5 275
5 393
269 265
269 521
940 889
940 248
731 594
731 368
951 410
951 111
619 974
619 58
81 490
81 38
221 513
221 272
438 300
438 623
15 918
15 51
118 411
118 826
763 88
763 934
135 282
135 344
770 589
770 1013
648 774
648 278
294 660
294 614
1008 598
1008 728
766 4
766 732
327 855
327 374
693 371
693 655
405 754
405 231
39 455
39 53
606 548
606 977
861 25
861 6
145 556
145 551
254 932
254 650
698 365
698 474
1014 617
1014 240
665 429
665 746
437 397
437 134
354 823
354 596
707 500
707 954
991 1016
991 615
543 218
543 982
558 1004
558 213
727 309
727 496
595 466
595 44
656 996
656 830
694 95
694 497
370 441
370 320
710 333
710 123
695 376
695 862
1010 539
1010 640
599 631
599 86
805 721
805 402
574 206
574 933
587 838
587 516
827 939
827 514
334 780
334 779
528 828
528 302
761 819
761 873
170 242
170 169
14 1002
14 575
456 52
456 935
1019 271
1019 154
330 757
330 958
55 760
55 24
408 150
408 515
289 581
289 782
163 396
163 266
831 494
831 283
680 318
680 281
61 224
61 844
591 920
591 554
64 877
64 522
105 642
105 353
992 851
992 301
800 347
800 148
423 752
423 19
976 461
976 975
299 195
299 29
125 532
125 938
185 629
185 205
604 711
604 346
166 586
166 674
601 114
601 699
107 981
107 897
771 506
771 898
722 709
722 541
592 488
592 232
141 274
141 164
692 307
692 508
1022 683
1022 896
1009 632
1009 191
798 845
798 999
512 270
512 110
686 132
686 121
222 903
222 238
239 439
239 313
637 678
637 675
298 924
298 611
978 651
978 866
463 658
463 947
990 465
990 787
572 96
572 9
373 349
373 576
45 472
45 245
743 450
743 965
741 499
741 179
833 287
833 895
927 825
927 420
155 944
155 322
78 216
78 475
46 652
46 409
203 560
203 40
261 130
261 894
342 454
342 753
115 180
115 840
394 797
394 403
157 837
157 945
444 876
444 331
23 193
23 634
829 597
829 422
994 949
994 751
957 262
957 230
879 672
879 928
569 585
569 624
884 618
884 915
850 113
850 433
2 570
2 290
812 980
812 50
295 852
295 902
219 395
219 385
900 706
900 646
968 128
968 74
116 251
116 12
856 477
856 723
235 432
235 1017
412 628
412 870
818 359
818 729
8 638
8 48
70 104
70 542
762 392
762 507
258 668
258 719
843 930
843 21
379 181
379 552
325 681
325 530
858 602
858 577
684 775
684 49
391 888
391 777
151 872
151 479
241 77
241 708
690 147
690 352
603 356
603 321
421 612
421 484
388 964
388 654
108 788
108 863
60 1012
60 225
696 998
696 835
306 620
306 703
948 59
948 486
35 80
35 1
608 661
608 791
749 784
749 836
559 264
559 367
579 360
579 288
94 673
94 190
704 739
704 849
910 415
910 803
41 1006
41 172
979 448
979 75
590 764
590 217
250 984
250 527
567 630
567 199
372 588
372 223
545 794
545 431
124 505
124 881
502 714
502 329
853 995
853 909
198 339
198 925
1007 146
1007 874
171 131
171 428
857 493
857 417
260 328
260 303
487 112
487 47
406 140
406 893
350 659
350 1001
43 627
43 401
912 315
912 724
481 22
481 633
643 987
643 529
616 1011
616 886
553 65
553 997
