127 2047 38
44 87
44 90
87 3
87 47
90 13
90 92
3 61
3 82
47 1
47 26
13 100
13 108
92 12
92 101
61 4
61 70
82 29
82 10
1 57
1 21
26 48
26 107
100 65
100 64
108 120
108 28
12 15
12 75
101 112
101 23
4 121
4 6
70 106
70 63
29 60
29 126
10 91
10 117
57 30
57 127
21 34
21 43
48 58
48 115
107 37
107 67
65 79
65 113
64 125
64 118
120 122
120 81
28 36
28 49
15 59
15 11
75 86
75 46
112 16
112 39
23 104
23 110
121 94
121 76
6 41
6 20
106 116
106 27
63 72
63 96
60 71
60 111
126 54
126 66
91 19
91 9
117 68
117 8
30 74
30 123
127 40
127 124
34 35
34 78
43 25
43 103
58 95
58 102
115 85
115 14
37 56
37 2
67 32
67 114
79 84
79 73
113 51
113 93
125 22
125 42
118 45
118 105
122 62
122 98
81 7
81 33
36 50
36 5
49 109
49 77
59 88
59 55
11 31
11 83
86 69
86 97
46 38
46 89
16 53
16 80
39 99
39 52
104 17
104 24
110 18
110 119
55 1824
55 1035
1824 642
1824 1730
1035 996
1035 481
642 817
642 1137
1730 127
1730 1990
996 234
996 726
481 759
481 168
817 1795
817 649
1137 1041
1137 245
127 1607
127 29
1990 1690
1990 1728
234 1170
234 1372
726 214
726 733
759 539
759 876
168 1998
168 682
1795 1381
1795 1935
649 198
649 1954
1041 1748
1041 336
245 2043
245 709
1607 823
1607 1346
29 1414
29 768
1690 393
1690 1008
1728 341
1728 1716
1170 1841
1170 1104
1372 858
1372 1610
214 1718
214 614
733 77
733 1993
539 1682
539 241
876 866
876 1942
1998 1326
1998 219
682 1437
682 1294
1381 973
1381 377
1935 1397
1935 1262
198 1637
198 1160
1954 937
1954 683
1748 832
1748 251
336 420
336 717
2043 148
2043 965
709 1645
709 1634
823 634
823 618
1346 1608
1346 207
1414 261
1414 1356
768 1855
768 1250
393 200
393 1673
1008 854
1008 802
341 1215
341 1618
1716 1178
1716 1512
1841 916
1841 606
1104 498
1104 1112
858 1409
858 1377
1610 1569
1610 262
1718 1797
1718 954
614 1163
614 473
77 1353
77 778
1993 1125
1993 1072
1682 1839
1682 183
241 1860
241 255
866 48
866 57
1942 1520
1942 1960
1326 401
1326 1893
219 1116
219 1808
1437 549
1437 299
1294 1696
1294 1139
973 412
973 895
377 1837
377 652
1397 687
1397 2021
1262 1910
1262 1625
1637 510
1637 1111
1160 282
1160 1685
937 1087
937 497
683 752
683 1396
832 1359
832 391
251 364
251 1
420 311
420 119
717 1120
717 19
148 1514
148 1048
965 1653
965 69
1645 1462
1645 1175
1634 246
1634 2024
634 744
634 126
618 1230
618 1495
1608 1920
1608 118
207 231
207 1966
261 1167
261 1078
1356 1906
1356 176
1855 478
1855 518
1250 1090
1250 547
200 301
200 1354
1673 421
1673 867
854 334
854 537
802 1721
802 573
1215 1624
1215 1148
1618 641
1618 1969
1178 560
1178 1007
1512 1705
1512 1028
916 856
916 1054
606 776
606 1626
498 1022
498 1113
1112 1422
1112 310
1409 1094
1409 1045
1377 1219
1377 646
1569 608
1569 1912
262 2008
262 885
1797 28
1797 1894
954 321
954 1558
1163 798
1163 1541
473 62
473 1260
1353 1419
1353 1490
778 72
778 808
1125 1594
1125 78
1072 2028
1072 999
1839 1985
1839 1473
183 386
183 64
1860 1854
1860 990
255 240
255 1869
48 297
48 1704
57 455
57 546
1520 1108
1520 1858
1960 1697
1960 427
401 392
401 1806
1893 786
1893 8
1116 743
1116 309
1808 1360
1808 1591
549 1758
549 268
299 159
299 236
1696 626
1696 379
1139 264
1139 1259
412 403
412 1279
895 356
895 329
1837 1907
1837 1590
652 1135
652 673
687 1317
687 1217
2021 1097
2021 2046
1910 1390
1910 1534
1625 1711
1625 1438
510 1962
510 2041
1111 1247
1111 1734
282 1475
282 1033
1685 669
1685 1150
1087 936
1087 7
497 542
497 1132
752 1679
752 1367
1396 1214
1396 816
1359 1484
1359 1352
391 385
391 479
364 1324
364 340
1 565
1 70
311 423
311 910
119 26
119 1823
1120 250
1120 1047
19 1211
19 1234
1514 178
1514 417
1048 416
1048 1061
1653 784
1653 1248
69 512
69 1918
1462 381
1462 1011
1175 1258
1175 1103
246 1389
246 1529
2024 1859
2024 927
744 1245
744 94
126 1695
126 440
1230 507
1230 441
1495 110
1495 1155
1920 1828
1920 380
118 1400
118 1571
231 1578
231 1827
1966 1201
1966 1036
1167 794
1167 640
1078 1232
1078 1813
1906 151
1906 577
176 2010
176 1647
478 95
478 1511
518 1573
518 1834
1090 992
1090 1663
547 1764
547 27
301 237
301 390
1354 285
1354 1699
421 535
421 1988
867 144
867 1192
334 1276
334 1915
537 934
537 1661
1721 1771
1721 1671
573 756
573 450
1624 260
1624 1540
1148 409
1148 1069
641 1023
641 685
1969 763
1969 1693
560 1670
560 105
1007 942
1007 169
1705 721
1705 1509
1028 466
1028 465
856 1884
856 1114
1054 1307
1054 284
776 644
776 704
1626 1472
1626 545
1022 1773
1022 2
1113 10
1113 527
1422 994
1422 1483
310 1794
310 601
1094 900
1094 938
1045 1123
1045 645
1219 918
1219 331
646 923
646 1365
608 1416
608 130
1912 1405
1912 122
2008 165
2008 1533
885 1363
885 489
28 323
28 1838
1894 1740
1894 1500
321 1736
321 1368
1558 1714
1558 1865
798 725
798 24
1541 318
1541 966
62 874
62 1063
1260 1627
1260 698
1419 85
1419 1767
1490 1502
1490 1434
72 1982
72 312
808 32
808 1338
1594 1288
1594 753
78 1141
78 622
2028 1236
2028 343
999 1349
999 482
1985 947
1985 940
1473 1598
1473 1792
386 1489
386 1819
64 723
64 172
1854 525
1854 305
990 679
990 1964
240 2019
240 1013
1869 707
1869 1056
297 11
297 1415
1704 1812
1704 1286
455 1617
455 460
546 1765
546 1945
1108 167
1108 1458
1858 1182
1858 712
1697 177
1697 775
427 772
427 987
392 980
392 213
1806 432
1806 1162
786 610
786 41
8 1796
8 362
743 1780
743 711
309 1298
309 1768
1360 496
1360 774
1591 1199
1591 1638
1758 1256
1758 433
268 664
268 1849
159 1280
159 600
236 1127
236 1325
626 484
626 559
379 375
379 367
264 1015
264 769
1259 661
1259 631
403 1513
403 1678
1279 1128
1279 1319
356 1432
356 984
329 1833
329 373
1907 1287
1907 1380
1590 865
1590 1975
1135 582
1135 1622
673 2013
673 1153
1317 1582
1317 915
1217 1091
1217 1546
1097 1289
1097 1300
2046 1238
2046 1430
1390 1200
1390 504
1534 1538
1534 273
1711 1252
1711 887
1438 361
1438 1122
1962 1332
1962 506
2041 819
2041 648
1247 1184
1247 1124
1734 93
1734 829
1475 617
1475 1853
1033 1025
1033 182
669 1039
669 107
1150 157
1150 863
936 224
936 376
7 263
7 742
542 893
542 773
1132 4
1132 828
1679 313
1679 777
1367 102
1367 1588
1214 1822
1214 1772
816 598
816 278
1484 1266
1484 457
1352 1342
1352 1179
385 963
385 1830
479 204
479 1388
1324 186
1324 1507
340 135
340 1486
565 1172
565 280
70 1564
70 616
423 1421
423 326
910 589
910 1898
26 750
26 1762
1823 283
1823 745
250 790
250 755
1047 112
1047 1082
1211 651
1211 635
1234 602
1234 567
178 407
178 1712
417 320
417 1016
416 1862
416 51
1061 210
1061 325
784 1444
784 586
1248 716
1248 1362
512 2005
512 196
1918 98
1918 748
381 624
381 590
1011 1334
1011 636
1258 1406
1258 187
1103 1606
1103 1991
1389 1576
1389 1158
1529 653
1529 469
1859 1680
1859 1938
927 1186
927 1684
1245 604
1245 1882
94 116
94 2001
1695 398
1695 1019
440 813
440 976
507 174
507 1493
441 1503
441 1193
110 989
110 1508
1155 563
1155 1423
1828 1429
1828 907
380 1451
380 87
1400 754
1400 1939
1571 258
1571 1304
1578 983
1578 35
1827 1210
1827 1986
1201 732
1201 904
1036 1044
1036 2032
794 363
794 831
640 620
640 395
1232 842
1232 208
1813 762
1813 1151
151 370
151 1322
577 483
577 1270
2010 1614
2010 971
1647 517
1647 734
95 71
95 1522
1511 1224
1511 509
1573 351
1573 1096
1834 1040
1834 138
992 352
992 1930
1663 995
1663 1850
1764 179
1764 475
27 1681
27 986
237 1257
237 1385
390 665
390 1775
285 232
285 1225
1699 948
1699 603
535 1046
535 1249
1988 889
1988 718
144 1479
144 847
1192 244
1192 531
1276 1029
1276 843
1915 1285
1915 1399
934 523
934 1782
1661 404
1661 286
1771 1542
1771 1333
1671 1600
1671 217
756 569
756 584
450 903
450 860
260 663
260 1034
1540 108
1540 1631
409 1283
409 1919
1069 345
1069 1203
1023 453
1023 1316
685 674
685 696
763 2031
763 1521
1693 480
1693 335
1670 1914
1670 670
105 39
105 1547
942 911
942 225
169 242
169 1454
721 720
721 133
1509 1755
1509 175
466 1972
466 568
465 1239
465 974
1884 1999
1884 322
1114 821
1114 554
1307 1641
1307 1525
284 1386
284 1873
644 2000
644 22
704 1171
704 1644
1472 1278
1472 1790
545 886
545 1424
1773 1413
1773 1018
2 1119
2 771
10 1442
10 686
527 558
527 1384
994 21
994 1464
1483 1003
1483 1024
1794 472
1794 1478
601 1851
601 1613
900 53
900 814
938 209
938 2007
1123 424
1123 337
645 1640
645 359
918 884
918 17
331 1926
331 522
923 1098
923 382
1365 456
1365 350
1416 300
1416 1089
130 59
130 1531
1405 588
1405 400
122 1995
122 414
165 1461
165 1757
1533 656
1533 739
1363 1769
1363 781
489 975
489 220
323 1668
323 729
1838 513
1838 1032
1740 536
1740 1989
1500 1315
1500 1336
1736 747
1736 1751
1368 1070
1368 1932
1714 1189
1714 1138
1865 1871
1865 668
725 621
725 555
24 1223
24 1941
318 1566
318 1140
966 780
966 1664
874 474
874 2045
1063 993
1063 256
1627 1001
1627 1793
698 1703
698 1488
85 444
85 1012
1767 869
1767 1715
1502 564
1502 909
1434 9
1434 448
1982 901
1982 706
312 571
312 852
32 1747
32 1476
1338 875
1338 56
1288 1669
1288 2018
753 1379
753 881
1141 75
1141 1305
622 1194
622 1899
1236 1708
1236 1968
343 5
343 467
1349 701
1349 1636
482 804
482 1799
947 90
947 405
940 239
940 2020
1598 429
1598 946
1792 503
1792 83
1489 920
1489 117
1819 1466
1819 1642
723 1348
723 88
172 1275
172 1581
525 764
525 156
305 46
305 1055
679 1157
679 1227
1964 265
1964 1997
2019 1264
2019 1272
1013 1314
1013 1000
707 195
707 1689
1056 1809
1056 1382
11 1313
11 1355
1415 1940
1415 1100
1812 1955
1812 1209
1286 1323
1286 1922
1617 587
1617 791
460 33
460 6
1765 1370
1765 1544
1945 613
1945 1343
167 556
167 142
1458 355
1458 143
1182 125
1182 731
712 1847
712 1504
177 228
177 1459
775 136
775 1632
772 139
772 705
987 1376
987 34
980 1246
980 1303
213 1536
213 1109
432 1891
432 1077
1162 493
1162 1159
610 1498
610 1351
41 131
41 833
1796 1038
1796 1518
362 1131
362 76
1780 850
1780 1691
711 519
711 1068
1298 1079
1298 1190
1768 1662
1768 1725
496 1951
496 908
774 1403
774 1791
1199 1879
1199 520
1638 672
1638 708
1256 1080
1256 883
433 1965
433 348
664 1506
664 2039
1849 109
1849 502
1280 1832
1280 1577
600 914
600 970
1127 1391
1127 415
1325 728
1325 1554
484 1892
484 1786
559 899
559 1143
375 387
375 861
367 442
367 639
1015 997
1015 63
769 1457
769 882
661 1169
661 1505
631 462
631 1117
1513 366
1513 809
1678 1523
1678 1426
1128 1037
1128 1719
1319 715
1319 1494
1432 1701
1432 1402
984 1616
984 623
1833 1687
1833 585
373 1477
373 1527
1287 1726
1287 1058
1380 820
1380 274
865 1992
865 873
1975 815
1975 961
582 1885
582 1800
1622 1785
1622 1909
2013 978
2013 1331
1153 1110
1153 615
1582 1244
1582 785
915 12
915 193
1091 1205
1091 185
1546 411
1546 1911
1289 1146
1289 548
1300 13
1300 1516
1238 949
1238 1829
1430 92
1430 211
1200 880
1200 1136
504 1877
504 1961
1538 1970
1538 1052
273 1958
273 79
1252 654
1252 468
887 1676
887 935
361 578
361 1002
1122 1881
1122 1501
1332 657
1332 1152
506 1706
506 871
819 1330
819 431
648 1802
648 40
1184 1710
1184 2040
1124 1269
1124 1216
93 153
93 81
829 710
829 1866
617 1231
617 1347
1853 1049
1853 1845
1025 1207
1025 1311
182 1713
182 770
1039 1196
1039 2022
107 1731
107 1361
157 84
157 1934
863 1206
863 1273
224 1761
224 206
376 511
376 1427
263 1492
263 1195
742 328
742 1549
893 277
893 737
773 1485
773 259
4 1329
4 1868
828 1561
828 1395
313 515
313 2023
777 1240
777 428
102 730
102 1358
1588 103
1588 495
1822 1254
1822 1763
1772 425
1772 1482
598 218
598 1176
278 1856
278 1129
1266 1924
1266 562
457 1732
457 1107
1342 1408
1342 1102
1179 1650
1179 319
963 1174
963 1651
1830 1974
1830 1952
204 1551
204 1655
1388 1318
1388 1081
186 1963
186 1878
1507 788
1507 1441
135 1393
135 538
1486 439
1486 1383
1172 834
1172 1480
280 344
280 1154
1564 969
1564 1756
616 1168
616 981
1421 389
1421 892
326 73
326 1825
589 599
589 1565
1898 597
1898 1308
750 979
750 1074
1762 746
1762 346
283 839
283 2047
745 1826
745 192
790 2038
790 1720
755 576
755 1142
112 1943
112 487
1082 1609
1082 1870
651 595
651 1589
635 408
635 1328
602 1183
602 760
567 16
567 1675
407 1228
407 897
1712 931
1712 1904
320 1233
320 216
1016 848
1016 1401
1862 1277
1862 1057
51 998
51 1470
210 905
210 365
325 42
325 697
1444 959
1444 647
586 1180
586 801
716 1443
716 2025
1362 1798
1362 1222
2005 222
2005 929
196 357
196 524
98 25
98 1118
748 2029
748 680
624 114
624 199
590 1628
590 703
1334 894
1334 1913
636 132
636 1950
1406 1198
1406 1066
187 855
187 1973
1606 812
1606 1021
1991 459
1991 526
1576 1717
1576 1364
1158 1557
1158 1524
653 1570
653 492
469 853
469 290
1680 694
1680 1452
1938 1996
1938 295
1186 783
1186 1268
1684 276
1684 957
604 1006
604 921
1882 632
1882 1694
116 1937
116 1820
2001 1890
2001 1579
398 1243
398 1978
1019 499
1019 962
813 688
813 458
976 1530
976 18
174 371
174 1688
1493 1735
1493 249
1503 840
1503 1603
1193 1567
1193 2035
989 1345
989 2026
1508 1463
1508 944
563 1291
563 902
1423 1601
1423 896
1429 1657
1429 941
907 1903
907 1166
1451 2014
1451 943
87 378
87 1630
754 1555
754 561
1939 800
1939 945
258 1615
258 1947
1304 677
1304 810
983 681
983 977
35 913
35 1983
1210 1065
1210 1774
1986 14
1986 917
732 227
732 1528
904 1981
904 1161
1044 1387
1044 596
2032 1009
2032 1010
363 494
363 1177
831 436
831 1499
620 307
620 104
395 1959
395 338
842 243
842 1126
208 1744
208 1586
762 1374
762 805
1151 360
1151 477
370 291
370 579
1322 1857
1322 1897
483 1778
483 826
1270 1948
1270 1867
1614 1944
1614 1053
971 1327
971 152
517 2033
517 111
734 767
734 1776
71 1133
71 1967
1522 1874
1522 1639
1224 533
1224 1237
509 594
509 134
351 272
351 1263
1096 426
1096 1394
1040 827
1040 1357
138 1147
138 1562
352 1552
352 1481
1930 793
1930 870
995 1568
995 61
1850 796
1850 1537
179 1292
179 1931
475 1510
475 1149
1681 1864
1681 1337
986 1115
986 749
1257 1783
1257 1060
1385 1677
1385 878
665 534
665 194
1775 1435
1775 500
232 303
232 2004
1225 700
1225 317
948 2012
948 1560
603 1093
603 476
1046 1076
1046 203
1249 161
1249 1953
889 435
889 1208
718 864
718 1784
1479 1801
1479 124
847 572
847 166
244 2015
244 1450
531 173
531 1433
1029 190
1029 751
843 574
843 342
1285 1814
1285 1770
1399 1439
1399 44
523 912
523 1817
1782 430
1782 1635
404 818
404 1088
286 2003
286 212
1542 1659
1542 1130
1333 1265
1333 1707
1600 316
1600 1164
217 45
217 1803
569 868
569 660
584 129
584 1887
903 766
903 955
860 741
860 215
663 1753
663 1593
1034 1724
1034 1810
108 543
108 722
1631 1956
1631 1836
1283 257
1283 1702
1919 1014
1919 1927
345 1787
345 1468
1203 1290
1203 1743
453 630
453 1848
1316 675
1316 121
674 1917
674 463
696 1299
696 418
2031 1916
2031 464
1521 287
1521 1297
480 1173
480 570
335 1339
335 1777
1914 1204
1914 1491
670 1804
670 633
39 1604
39 550
1547 230
1547 353
911 1226
911 155
225 486
225 1487
242 1425
242 930
1454 671
1454 43
720 253
720 197
133 1446
133 879
1755 695
1755 189
175 1517
175 566
1972 1750
1972 396
568 529
568 86
1239 1875
1239 713
974 530
974 1788
1999 1431
1999 451
322 1737
322 845
821 443
821 247
554 544
554 797
1641 445
1641 137
1525 471
1525 1977
1386 1213
1386 2006
1873 659
1873 65
2000 31
2000 1253
22 402
22 952
1171 803
1171 1447
1644 374
1644 765
1278 1071
1278 91
1790 953
1790 532
886 1043
886 932
1424 906
1424 446
1413 205
1413 1017
1018 271
1018 1596
1119 96
1119 1185
771 100
771 1905
1442 1818
1442 1595
686 82
686 795
558 1749
558 1059
1384 347
1384 1267
21 1005
21 2037
1464 1896
1464 1545
1003 1971
1003 1543
1024 397
1024 1306
472 1095
472 890
1478 171
1478 792
1851 233
1851 1766
1613 1901
1613 1027
53 593
53 1563
814 787
814 1835
209 628
209 1449
2007 1980
2007 516
424 592
424 581
337 1369
337 964
1640 1526
1640 1729
359 1261
359 528
884 846
884 1366
17 1106
17 2002
1926 449
1926 154
522 2027
522 1455
1098 690
1098 1666
382 1548
382 1683
456 612
456 23
350 1620
350 406
300 662
300 1092
1089 501
1089 308
59 557
59 699
1531 1923
1531 252
588 676
588 1646
400 667
400 958
1995 1020
1995 658
414 141
414 1738
1461 106
1461 591
1757 2034
1757 1976
656 1888
656 925
739 605
739 160
1769 1583
1769 115
781 761
781 1448
975 1030
975 735
220 2017
220 1456
1668 1843
1668 1191
729 1648
729 1741
513 1723
513 2030
1032 719
1032 369
536 1889
536 1553
1989 37
1989 394
1315 1602
1315 1440
1336 1144
1336 1321
747 20
747 279
1751 1241
1751 1760
1070 822
1070 1672
1932 1852
1932 789
1189 1949
1189 1445
1138 80
1138 727
1871 922
1871 1188
668 452
668 146
621 836
621 1274
555 1722
555 1341
1223 1619
1223 288
1941 988
1941 485
1566 47
1566 956
1140 1752
1140 1229
780 226
780 637
1664 553
1664 66
474 551
474 1652
2045 540
2045 877
993 191
993 1574
256 1925
256 223
1001 655
1001 2009
1793 541
1793 188
1703 1633
1703 113
1488 1515
1488 324
444 521
444 293
1012 851
1012 1660
869 349
869 1665
1715 1417
1715 757
564 1612
564 49
909 514
909 1979
9 170
9 1050
448 437
448 684
901 1436
901 607
706 824
706 54
571 1181
571 269
852 627
852 779
1747 1535
1747 1550
1476 1398
1476 678
875 1872
875 508
56 933
56 650
1669 461
1669 1605
2018 315
2018 857
1379 128
1379 1928
881 1921
881 201
75 97
75 1840
1305 434
1305 1075
1194 1895
1194 1597
1899 1929
1899 1754
1708 1629
1708 862
1968 2011
1968 267
5 99
5 354
467 1900
467 1134
701 1587
701 1599
1636 1064
1636 991
804 1412
804 333
1799 1469
1799 447
90 985
90 1335
405 1312
405 36
239 1815
239 1410
2020 1883
2020 1453
429 422
429 145
946 1658
946 1099
503 1861
503 693
83 410
83 1811
920 413
920 1623
117 491
117 470
1466 1062
1466 838
1642 296
1642 714
1348 1539
1348 1460
88 1086
88 254
1275 609
1275 1281
1581 58
1581 74
764 1373
764 1145
156 1709
156 1654
46 202
46 1378
1055 782
1055 872
1157 358
1157 38
1227 419
1227 1789
265 1418
265 304
1997 1031
1997 488
1264 1886
1264 1821
1272 327
1272 1467
1314 982
1314 552
1000 388
1000 837
195 967
195 1987
1689 1004
1689 1585
1809 184
1809 339
1382 740
1382 1674
1313 270
1313 1105
1355 643
1355 52
1940 1957
1940 1309
1100 919
1100 811
1955 438
1955 1465
1209 1497
1209 619
1323 1575
1323 611
1922 1073
1922 924
587 1559
587 1197
791 1296
791 1350
33 1580
33 302
6 1474
6 1936
1370 1745
1370 1411
1544 1739
1544 1242
613 1946
613 738
1343 2036
1343 67
556 1293
556 150
142 30
142 298
355 229
355 1251
143 101
143 806
125 123
125 266
731 163
731 625
1847 248
1847 1532
1504 1692
1504 147
228 1042
228 1404
1459 15
1459 1846
136 1428
136 162
1632 1842
1632 841
139 399
139 1221
705 1202
705 1742
1376 384
1376 580
34 702
34 1165
1246 1156
1246 575
1303 1733
1303 50
1536 292
1536 1876
1109 120
1109 1084
1891 1592
1891 372
1077 1284
1077 1984
493 1686
493 844
1159 1083
1159 314
1498 1844
1498 3
1351 1407
1351 1320
131 1375
131 1392
833 1085
833 724
1038 332
1038 1572
1518 2042
1518 1295
1131 235
1131 1933
76 1667
76 951
850 960
850 1649
1691 1621
1691 758
519 1255
519 164
1068 490
1068 1816
1079 1271
1079 891
1190 1220
1190 1759
1662 1310
1662 1471
1725 1067
1725 238
1951 1880
1951 1371
908 68
908 289
1403 888
1403 181
1791 180
1791 849
1879 1611
1879 629
520 1212
520 294
672 1556
672 1994
708 1863
708 1908
1080 859
1080 1496
883 275
883 1101
1965 1187
1965 1698
348 807
348 1656
1506 898
1506 692
2039 1700
2039 149
109 368
109 89
502 1807
502 2044
1832 1340
1832 939
1577 1218
1577 638
914 1235
914 830
970 583
970 221
1391 1643
1391 330
415 281
415 140
728 2016
728 972
1554 306
1554 1727
1892 1051
1892 454
1786 158
1786 1831
899 1344
899 928
1143 383
1143 968
387 1420
387 950
861 60
861 1805
442 1121
442 1584
639 1902
639 505
997 1746
997 926
63 736
63 1519
1457 1781
1457 1282
882 666
882 1302
1169 799
1169 835
1505 1301
1505 1026
462 691
462 689
1117 1779
1117 825
