2047 2047 9827297
1807 682
1807 770
682 2046
682 1382
770 1800
770 1866
2046 20
2046 237
1382 1457
1382 1960
1800 746
1800 627
1866 28
1866 1050
20 1655
20 607
237 647
237 1780
1457 1956
1457 642
1960 1631
1960 1797
746 258
746 1717
627 1245
627 1013
28 1428
28 1607
1050 660
1050 697
1655 722
1655 928
607 1806
607 1127
647 217
647 1533
1780 1030
1780 951
1956 209
1956 1846
642 1202
642 399
1631 661
1631 1304
1797 246
1797 1952
258 472
258 737
1717 1946
1717 1506
1245 973
1245 689
1013 1752
1013 371
1428 459
1428 42
1607 1676
1607 312
660 1194
660 1034
697 671
697 1332
722 1434
722 561
928 353
928 351
1806 904
1806 1261
1127 1893
1127 1313
217 1132
217 1832
1533 221
1533 1379
1030 1776
1030 1863
951 898
951 1185
209 822
209 1966
1846 1578
1846 1362
1202 1891
1202 357
399 1335
399 1805
661 1119
661 1939
1304 1647
1304 758
246 855
246 1724
1952 1563
1952 1789
472 1637
472 1531
737 177
737 216
1946 1521
1946 615
1506 800
1506 959
973 1605
973 775
689 130
689 1509
1752 449
1752 342
371 397
371 1145
459 1721
459 1078
42 1154
42 381
1676 1033
1676 875
312 762
312 496
1194 1943
1194 1598
1034 1450
1034 1519
671 1042
671 1037
1332 1766
1332 1857
1434 1630
1434 1430
561 591
561 676
353 192
353 233
351 932
351 463
904 625
904 1971
1261 126
1261 223
1893 1775
1893 22
1313 2034
1313 927
1132 227
1132 1921
1832 59
1832 1408
221 513
221 1435
1379 1996
1379 1100
1776 176
1776 686
1863 1242
1863 533
898 447
898 1144
1185 2016
1185 563
822 77
822 1680
1966 946
1966 1473
1578 1615
1578 601
1362 730
1362 2018
1891 5
1891 735
357 525
357 679
1335 1734
1335 899
1805 799
1805 721
1119 484
1119 811
1939 915
1939 1014
1647 297
1647 681
758 1142
758 1268
855 1183
855 728
1724 1961
1724 1568
1563 1990
1563 868
1789 470
1789 1888
1637 878
1637 836
1531 1328
1531 1587
177 694
177 1367
216 343
216 1968
1521 1934
1521 1027
615 871
615 446
800 1935
800 821
959 1236
959 884
1605 337
1605 804
775 1517
775 562
130 1652
130 573
1509 1938
1509 395
449 1584
449 219
342 727
342 1162
397 637
397 1822
1145 1845
1145 79
1721 1834
1721 1860
1078 1250
1078 604
1154 1440
1154 826
381 634
381 231
1033 1383
1033 852
875 329
875 667
762 123
762 1718
496 1041
496 1798
1943 842
1943 1072
1598 1597
1598 473
1450 834
1450 1264
1519 1699
1519 453
1042 330
1042 416
1037 598
1037 1088
1766 1357
1766 1767
1857 2031
1857 1978
1630 1133
1630 631
1430 1715
1430 116
591 1540
591 1900
676 156
676 382
192 1436
192 941
233 1787
233 1603
932 1173
932 881
463 1944
463 782
625 465
625 4
1971 1906
1971 547
126 630
126 354
223 1862
223 84
1775 1746
1775 1965
22 1462
22 1254
2034 1622
2034 1285
927 1701
927 464
227 501
227 1669
1921 1094
1921 292
59 333
59 1325
1408 133
1408 1641
513 1781
513 13
1435 1632
1435 1469
1996 1873
1996 110
1100 1316
1100 1782
176 622
176 274
686 1355
686 742
1242 208
1242 736
533 994
533 220
447 1720
447 1936
1144 1644
1144 426
2016 302
2016 557
563 1638
563 1786
77 1703
77 1290
1680 1237
1680 1836
946 1890
946 10
1473 917
1473 169
1615 1722
1615 279
601 278
601 1401
730 1186
730 107
2018 896
2018 1467
5 250
5 1872
735 1861
735 1585
525 582
525 1548
679 750
679 1176
1734 1260
1734 969
899 726
899 569
799 1885
799 1420
721 1973
721 1886
484 1738
484 588
811 767
811 1218
915 1823
915 66
1014 1184
1014 224
297 249
297 1625
681 1743
681 955
1142 590
1142 1692
1268 1220
1268 778
1183 968
1183 1920
728 78
728 349
1961 1552
1961 1001
1568 1794
1568 922
1990 1931
1990 1815
868 356
868 1319
470 1672
470 1754
1888 995
1888 1255
878 431
878 1683
836 831
836 281
1328 1689
1328 1663
1587 526
1587 934
694 1661
694 141
1367 6
1367 1059
343 1852
343 2038
1968 2001
1968 1485
1934 1928
1934 232
1027 592
1027 1201
871 2039
871 410
446 1134
446 198
1935 1455
1935 153
821 1470
821 140
1236 823
1236 331
884 1574
884 262
337 1561
337 504
804 1657
804 1998
1517 1343
1517 752
562 543
562 1691
1652 1156
1652 1447
573 1305
573 1193
1938 1095
1938 1768
395 40
395 1130
1584 433
1584 2027
219 1444
219 242
727 1223
727 1386
1162 271
1162 1229
637 1670
637 1281
1822 1233
1822 766
1845 1600
1845 284
79 603
79 113
1834 1125
1834 683
1860 1726
1860 827
1250 467
1250 1115
604 907
604 1610
1440 1922
1440 46
826 1560
826 1564
634 856
634 1868
231 1375
231 1168
1383 109
1383 1814
852 345
852 1320
329 974
329 226
667 1164
667 790
123 522
123 749
1718 1067
1718 518
1041 34
1041 1453
1798 1508
1798 75
842 1542
842 1999
1072 991
1072 1421
1597 993
1597 377
473 702
473 1081
834 1942
834 612
1264 69
1264 251
1699 1820
1699 684
453 1195
453 1682
330 1204
330 1759
416 2042
416 1011
598 515
598 1546
1088 624
1088 1514
1357 1927
1357 393
1767 1107
1767 2045
2031 733
2031 106
1978 1356
1978 1629
1133 521
1133 1147
631 259
631 1984
1715 1403
1715 1141
116 1830
116 1526
1540 1937
1540 1366
1900 98
1900 614
156 1897
156 1602
382 512
382 115
1436 508
1436 897
941 471
941 839
1787 11
1787 1982
1603 1727
1603 474
1173 164
1173 1894
881 63
881 617
1944 1816
1944 1199
782 1410
782 1166
465 1530
465 308
4 1750
4 448
1906 1604
1906 651
547 165
547 1052
630 759
630 199
354 85
354 524
1862 564
1862 1993
84 520
84 1364
1746 1274
1746 1986
1965 1910
1965 187
1462 1867
1462 1406
1254 1576
1254 1389
1622 1948
1622 458
1285 1286
1285 146
1701 1710
1701 1109
464 25
464 268
501 1639
501 874
1669 306
1669 29
1094 1425
1094 1957
292 1474
292 2024
333 1654
333 289
1325 1575
1325 1958
133 414
133 1441
1641 1964
1641 1932
1781 1929
1781 70
13 1292
13 1153
1632 1075
1632 253
1469 1550
1469 761
1873 1528
1873 235
110 559
110 1620
1316 92
1316 1833
1782 1621
1782 779
622 38
622 1483
274 407
274 1972
1355 942
1355 1843
742 1849
742 506
208 2009
208 1284
736 1871
736 1321
994 445
994 1842
220 200
220 851
1720 218
1720 1779
1936 1523
1936 1494
1644 1175
1644 536
426 1590
426 360
302 1105
302 24
557 299
557 636
1638 1407
1638 1908
1786 860
1786 574
1703 462
1703 1231
1290 1482
1290 1559
1237 534
1237 1023
1836 1653
1836 1707
1890 1486
1890 2008
10 687
10 108
917 285
917 1829
169 1404
169 1025
1722 415
1722 87
279 1417
279 211
278 252
278 481
1401 100
1401 1753
1186 1962
1186 589
107 699
107 1831
896 985
896 1475
1467 440
1467 1828
250 1758
250 103
1872 1159
1872 1306
1861 390
1861 1399
1585 885
1585 748
582 774
582 706
1548 724
1548 147
750 1198
750 455
1176 475
1176 307
1260 128
1260 1511
969 1981
969 1681
726 783
726 425
569 1599
569 1228
1885 101
1885 1197
1420 891
1420 586
1973 30
1973 1426
1886 1243
1886 583
1738 149
1738 577
588 1480
588 551
767 1659
767 741
1218 1827
1218 1736
1823 1262
1823 1579
66 1189
66 1537
1184 1979
1184 1858
224 1138
224 476
249 1876
249 72
1625 1057
1625 1216
1743 1468
1743 1091
955 499
955 613
590 51
590 1211
1692 1303
1692 556
1220 347
1220 916
778 1288
778 645
968 1491
968 286
1920 9
1920 1196
78 1706
78 1811
349 136
349 1695
1552 1241
1552 1009
1001 925
1001 2000
1794 290
1794 517
922 132
922 1909
1931 1345
1931 1277
1815 1739
1815 866
356 1566
356 1174
1319 434
1319 364
1672 751
1672 1337
1754 1338
1754 2003
995 327
995 628
1255 454
1255 400
431 1024
431 1348
1683 1387
1683 1456
831 15
831 1696
281 1400
281 1411
1689 1422
1689 1783
1663 620
1663 487
526 796
526 466
934 1252
934 964
1661 322
1661 365
141 879
141 1361
6 960
6 1741
1059 162
1059 339
1852 1029
1852 1395
2038 378
2038 1918
2001 1967
2001 1346
1485 1606
1485 633
1928 1128
1928 1518
232 1553
232 228
592 771
592 1795
1201 1008
1201 361
2039 1257
2039 696
410 1012
410 877
1134 1235
1134 419
198 21
198 1988
1455 1974
1455 1924
153 833
153 1
1470 794
1470 1577
140 1020
140 1591
823 1224
823 1903
331 243
331 595
1574 618
1574 144
262 1953
262 1160
1561 725
1561 1803
504 1490
504 1510
1657 99
1657 619
1998 1870
1998 3
1343 435
1343 83
752 1129
752 575
543 1618
543 987
1691 581
1691 1167
1156 1307
1156 155
1447 962
1447 1592
1305 1391
1305 444
1193 937
1193 838
1095 1593
1095 1671
1768 429
1768 1777
40 911
40 422
1130 1207
1130 548
433 90
433 398
2027 50
2027 62
1444 1697
1444 424
242 478
242 1283
1223 58
1223 707
1386 1266
1386 980
271 273
271 825
1229 401
1229 1841
1670 664
1670 1733
1281 1398
1281 1864
1233 355
1233 948
766 695
766 1169
1600 183
1600 1163
284 460
284 1015
603 541
603 784
113 845
113 1477
1125 1157
1125 1801
683 1549
683 488
1726 1991
1726 311
827 572
827 1280
467 848
467 171
1115 1869
1115 490
907 791
907 1854
1610 903
1610 272
1922 1124
1922 1495
46 801
46 1668
1560 1478
1560 1452
1564 1351
1564 981
856 912
856 889
1868 1106
1868 305
1375 122
1375 602
1168 1208
1168 2015
109 961
109 1150
1814 1501
1814 55
345 1449
345 606
1320 178
1320 41
974 1022
974 402
226 1658
226 646
1164 1172
1164 413
790 716
790 154
522 139
522 1513
749 740
749 64
1067 167
1067 1840
518 71
518 599
34 1844
34 483
1453 1636
1453 764
1508 949
1508 1040
75 1117
75 1688
1542 1951
1542 714
1999 1221
1999 158
991 404
991 174
1421 887
1421 1330
993 168
993 1763
377 1149
377 910
702 1136
702 1507
1081 142
1081 310
1942 1412
1942 984
612 1712
612 717
69 1429
69 956
251 1170
251 1069
1820 1111
1820 348
684 2035
684 1855
1195 1825
1195 763
1682 1895
1682 1804
1204 1881
1204 369
1759 33
1759 815
2042 1028
2042 1219
1011 194
1011 287
515 1976
515 1289
1546 97
1546 1269
624 544
624 658
1514 715
1514 1323
1927 570
1927 567
393 1484
393 2029
1107 498
1107 1675
2045 947
2045 47
733 1500
733 296
106 436
106 60
1356 1066
1356 1446
1629 283
1629 2013
521 366
521 403
1147 1557
1147 509
259 2
259 1101
1984 552
1984 743
1403 1969
1403 68
1141 1497
1141 303
1830 1302
1830 1393
1526 502
1526 438
1937 1116
1937 52
1366 540
1366 304
98 843
98 1793
614 186
614 1200
1897 977
1897 443
1602 718
1602 824
512 1865
512 1217
115 1046
115 781
508 893
508 568
897 125
897 1524
471 44
471 282
839 1340
839 1045
11 332
11 1234
1982 594
1982 653
1727 1226
1727 672
474 820
474 1601
164 1460
164 857
1894 844
1894 2006
63 1686
63 317
617 1626
617 205
1816 1772
1816 127
1199 1784
1199 1529
1410 553
1410 1505
1166 95
1166 545
1530 1889
1530 1892
308 1792
308 773
1750 854
1750 776
448 972
448 202
1604 442
1604 1191
651 54
651 1007
165 1402
165 817
1052 1222
1052 1148
759 432
759 2044
199 386
199 1817
85 1244
85 1913
524 35
524 952
564 1354
564 1749
1993 970
1993 1322
520 632
520 1392
1364 510
1364 731
1274 1139
1274 325
1986 1581
1986 301
1910 420
1910 294
187 514
187 1240
1867 1297
1867 2020
1406 1344
1406 674
1576 828
1576 293
1389 1048
1389 1326
1948 1762
1948 1301
458 1036
458 837
1286 1731
1286 853
146 411
146 1074
1710 145
1710 318
1109 807
1109 1532
25 1728
25 732
268 207
268 405
1639 1643
1639 810
874 57
874 818
306 1471
306 623
29 1613
29 427
1425 1060
1425 67
1957 1414
1957 531
1474 160
1474 1690
2024 957
2024 1959
1654 788
1654 1427
289 1253
289 1353
1575 738
1575 1085
1958 1086
1958 1839
414 745
414 1293
1441 492
1441 1118
1964 649
1964 530
1932 1859
1932 370
1929 1975
1929 491
70 1004
70 560
1292 191
1292 1773
1153 1544
1153 2023
1075 1405
1075 201
253 1372
253 1572
1550 1919
1550 861
761 1092
761 597
1528 1925
1528 943
235 1273
235 1423
559 1879
559 138
1620 1341
1620 1279
92 958
92 816
1833 1520
1833 1878
1621 953
1621 266
779 546
779 341
38 535
38 511
1483 1851
1483 797
407 27
407 185
1972 1267
1972 456
942 1409
942 196
1843 657
1843 1853
1849 1314
1849 180
506 260
506 719
2009 1616
2009 990
1284 659
1284 1418
1871 585
1871 2026
1321 367
1321 184
445 1291
445 869
1842 76
1842 1258
200 373
200 705
851 1917
851 190
218 1901
218 986
1779 1570
1779 1213
1523 785
1523 708
1494 757
1494 1949
1175 175
1175 668
536 1397
536 1016
1590 1667
1590 324
360 2036
360 1315
1105 39
1105 1296
24 17
24 89
299 913
299 280
636 629
636 648
1407 1419
1407 729
1908 805
1908 2017
860 263
860 713
574 179
574 469
462 966
462 239
1231 16
1231 352
1482 596
1482 1678
1559 901
1559 497
534 1352
534 368
1023 1026
1023 1002
1653 1719
1653 65
1707 423
1707 1454
1486 73
1486 1263
2008 616
2008 1465
687 1760
687 1702
108 976
108 383
285 550
285 275
1829 173
1829 700
1404 230
1404 846
1025 1757
1025 1432
415 1178
415 1203
87 1977
87 1053
1417 36
1417 906
211 264
211 1915
252 809
252 256
481 81
481 1248
100 808
100 1725
1753 1666
1753 1476
1962 189
1962 1179
589 1342
589 1856
699 523
699 685
1831 1324
1831 1512
985 441
985 1764
1475 1270
1475 587
440 335
440 375
1828 295
1828 1308
1758 1748
1758 1368
103 1778
103 1791
1159 701
1159 1070
1306 222
1306 939
390 870
390 1488
1399 1498
1399 1442
885 93
885 2022
748 519
748 134
774 1700
774 862
706 1294
706 1068
724 680
724 1555
147 1941
147 379
1198 340
1198 1693
455 1230
455 254
475 640
475 850
307 245
307 1809
128 1256
128 2032
1511 94
1511 639
1981 538
1981 120
1681 1278
1681 1662
783 670
783 923
425 394
425 489
1599 787
1599 1685
1228 876
1228 1567
101 769
101 1496
1197 1210
1197 291
891 1339
891 1363
586 1384
586 1463
30 626
30 2014
1426 1238
1426 1110
1243 56
1243 2007
583 406
583 1329
149 975
149 859
577 314
577 549
1480 1609
1480 580
551 1215
551 880
1659 930
1659 1573
741 1152
741 269
1827 1043
1827 1954
1736 2011
1736 1788
1262 982
1262 1905
1579 849
1579 265
1189 1044
1189 1623
1537 1439
1537 1923
1979 1525
1979 1916
1858 936
1858 1443
1138 1492
1138 1099
476 691
476 1664
1876 1617
1876 344
72 277
72 1120
1057 1190
1057 300
1216 812
1216 1687
1468 1648
1468 690
1091 813
1091 1608
499 117
499 539
613 1674
613 1914
51 2037
51 1874
1211 1209
1211 129
1303 346
1303 1318
556 1945
556 1543
347 1312
347 1821
916 710
916 1677
1288 798
1288 316
645 298
645 1006
1491 1464
1491 408
286 1108
286 1347
9 832
9 1388
1196 362
1196 1902
1706 1459
1706 872
1811 2025
1811 882
136 1140
136 1875
1695 1438
1695 780
1241 1065
1241 565
1009 940
1009 170
925 2021
925 118
2000 997
2000 578
290 1063
290 1295
517 1489
517 1556
132 693
132 1887
1909 605
1909 111
1345 704
1345 1017
1277 747
1277 1650
1739 119
1739 313
866 1080
866 1177
1566 1378
1566 905
1174 867
1174 1545
434 1904
434 919
364 542
364 863
751 888
751 172
1337 1812
1337 74
1338 1381
1338 772
2003 1785
2003 1882
327 566
327 1350
628 1802
628 656
454 1390
454 971
400 1907
400 1765
1024 1847
1024 1010
1348 675
1348 1113
1387 1735
1387 1732
1456 1327
1456 181
15 1431
15 439
1696 2043
1696 1205
1400 1515
1400 1098
1411 461
1411 1097
1422 655
1422 892
1783 1983
1783 1645
620 840
620 2010
487 1926
487 152
796 1535
796 1232
466 1649
466 1994
1252 159
1252 998
964 1562
964 197
322 1635
322 1349
365 1640
365 1089
879 82
879 1374
1361 1056
1361 1737
960 999
960 1227
1741 385
1741 1729
162 1810
162 1714
339 182
339 1415
1029 143
1029 417
1395 864
1395 806
378 1376
378 1744
1918 493
1918 1084
1967 926
1967 1565
1346 257
1346 1058
1606 430
1606 1527
633 1992
633 1336
1128 309
1128 1989
1518 2005
1518 1987
1553 1035
1553 1076
228 593
228 1790
771 692
771 1182
1795 792
1795 1756
1008 503
1008 505
361 1018
361 1745
1257 1448
1257 756
696 1627
696 8
1012 193
1012 858
877 1740
877 935
1235 412
1235 188
419 1062
419 532
21 753
21 1716
1988 638
1988 1126
1974 760
1974 1487
1924 1334
1924 195
833 244
833 2004
1 486
1 1039
794 1371
794 18
1577 1955
1577 688
1020 865
1020 1096
1591 529
1591 213
1224 315
1224 7
1903 1225
1903 204
243 1761
243 2030
595 1771
595 1522
618 384
618 1300
144 1275
144 1770
1953 131
1953 1947
1160 1883
1160 479
725 124
725 1538
1803 1112
1803 19
1490 1950
1490 921
1510 114
1510 652
99 802
99 1246
619 104
619 933
1870 1611
1870 754
3 1458
3 929
435 734
435 389
83 918
83 786
1129 1665
1129 1774
575 795
575 1047
1618 247
1618 1838
987 793
987 1331
581 579
581 137
1167 992
1167 1413
1307 979
1307 1824
155 319
155 240
962 1472
962 1813
1592 151
1592 1021
1391 53
1391 1061
444 88
444 1032
937 450
937 1705
838 611
838 1416
1593 437
1593 1704
1671 1247
1671 1151
429 328
429 1880
1777 608
1777 270
911 334
911 1265
422 1624
422 908
1207 32
1207 418
548 1898
548 135
90 830
90 238
398 363
398 1461
50 380
50 1188
62 1835
62 1122
1697 703
1697 350
424 654
424 1536
478 1466
478 161
1283 1818
1283 1940
58 902
58 212
707 91
707 1848
1266 1121
1266 609
980 920
980 1589
273 1534
273 1271
825 1911
825 600
401 1077
401 485
1841 1090
1841 241
664 421
664 1394
1733 326
1733 1711
1398 210
1398 1747
1864 1104
1864 739
355 650
355 451
948 215
948 954
695 1970
695 49
1169 1451
1169 1877
183 2028
183 1137
1163 1628
1163 1064
460 457
460 669
1015 1896
1015 1634
541 1259
541 2012
784 1673
784 1102
845 206
845 12
1477 428
1477 1796
1157 1311
1157 1073
1801 321
1801 777
1549 1123
1549 148
488 1003
488 1899
1991 873
1991 1539
311 1541
311 883
572 2033
572 1424
1280 1370
1280 1310
848 1586
848 965
171 267
171 1282
1869 516
1869 989
490 1433
490 963
791 1580
791 1019
1854 2047
1854 643
903 814
903 1380
272 584
272 829
1124 1751
1124 2041
1495 1679
1495 480
801 261
801 507
1668 1912
1668 983
1478 1396
1478 105
1452 288
1452 1143
1351 1055
1351 23
981 214
981 1594
912 803
912 1651
889 1837
889 678
1106 374
1106 1633
305 1005
305 665
122 1684
122 1656
602 225
602 1723
1208 1317
1208 1582
2015 2002
2015 1963
961 677
961 121
1150 768
1150 1180
1501 1299
1501 96
55 755
55 1071
1449 1082
1449 1038
606 1051
606 1980
178 1516
178 203
41 336
41 558
1022 1093
1022 663
402 1713
402 86
1658 1769
1658 61
646 255
646 890
1172 1596
1172 26
413 1850
413 248
716 1377
716 1499
154 468
154 2040
139 1547
139 1385
1513 978
1513 391
740 723
740 610
64 571
64 1708
167 895
167 358
1840 1135
1840 112
71 1595
71 1808
599 1373
599 1031
1844 1114
1844 886
483 996
483 1206
1636 1049
1636 1933
764 477
764 1493
949 1309
949 1287
1040 1619
1040 1554
1117 765
1117 662
1688 924
1688 576
1951 1660
1951 1612
714 1985
714 1583
1221 1161
1221 537
158 1103
158 1276
404 1437
404 1333
174 1997
174 500
887 1569
887 1504
1330 338
1330 1239
168 554
168 1481
1763 744
1763 1558
1149 1819
1149 1502
910 1087
910 819
1136 1479
1136 841
1507 555
1507 2019
142 1930
142 914
310 1742
310 528
1412 1212
1412 1181
984 1826
984 388
1712 1298
1712 43
717 150
717 938
1429 276
1429 720
956 1359
956 1995
1170 847
1170 1165
1069 236
1069 1799
1111 482
1111 1000
348 376
348 673
2035 1755
2035 1642
1855 359
1855 1131
1825 1146
1825 1079
763 644
763 1698
1895 1614
1895 950
1804 711
1804 234
1881 1646
1881 621
369 163
369 666
33 835
33 392
815 37
815 1588
1028 1365
1028 1187
1219 452
1219 1884
194 967
194 527
287 1709
287 48
1976 945
1976 1369
1289 1249
1289 789
97 1054
97 641
1269 494
1269 45
544 102
544 1551
658 1158
658 1155
715 900
715 712
1323 635
1323 1445
570 988
570 1083
567 387
567 931
1484 1214
1484 909
2029 229
2029 1192
498 372
498 80
1675 1360
1675 1171
947 157
947 698
47 14
47 1358
1500 409
1500 1694
296 396
296 495
436 1503
436 323
60 166
60 709
1066 1571
1066 1730
1446 1272
1446 320
283 944
283 31
2013 894
2013 1251
1501 1594
1501 505
1594 1268
1594 1529
505 805
505 107
1268 1140
1268 1381
1529 1743
1529 1888
805 54
805 673
107 1911
107 1876
1140 1651
1140 1559
1381 998
1381 425
1743 532
1743 1765
1888 818
1888 1603
54 328
54 1565
673 786
673 411
1911 1645
1911 162
1876 1941
1876 1151
1651 207
1651 1763
1559 389
1559 1434
998 1128
998 594
425 364
425 1363
532 1956
532 232
1765 284
1765 1278
818 1503
818 443
1603 881
1603 1281
328 534
328 920
1565 733
1565 1534
786 1571
786 1043
411 472
411 1092
1645 1545
1645 1682
162 75
162 760
1941 1460
1941 1158
1151 1097
1151 736
207 1368
207 943
1763 1401
1763 573
389 674
389 358
1434 1187
1434 1893
1128 935
1128 1685
594 198
594 1230
364 1391
364 1587
1363 1811
1363 1561
1956 1157
1956 412
232 1977
232 1312
284 1678
284 1365
1278 448
1278 1842
1503 2017
1503 1033
443 1520
443 377
881 1448
881 1697
1281 895
1281 1972
534 828
534 1435
920 1581
920 826
733 346
733 1722
1534 42
1534 1275
1571 98
1571 1115
1043 1613
1043 259
472 1709
472 161
1092 1499
1092 145
1545 1329
1545 1656
1682 1088
1682 1495
75 489
75 692
760 2026
760 1261
1460 385
1460 1663
1158 559
1158 722
1097 1548
1097 831
736 1960
736 1609
1368 469
1368 931
943 1992
943 1672
1401 1334
1401 1205
573 529
573 1947
674 1384
674 1490
358 1129
358 1753
1187 1247
1187 1818
1893 1083
1893 822
935 1735
935 396
1685 1946
1685 433
198 310
198 1076
1230 7
1230 614
1391 1912
1391 295
1587 887
1587 1479
1811 2013
1811 1730
1561 1744
1561 615
1157 1505
1157 1761
412 1003
412 2047
1977 811
1977 110
1312 1637
1312 253
1678 809
1678 208
1365 34
1365 1348
448 782
448 264
1842 1288
1842 1850
2017 1606
2017 1834
1033 789
1033 1065
1520 834
1520 1078
377 738
377 294
1448 1170
1448 1616
1697 1896
1697 1870
895 2010
895 603
1972 1496
1972 222
828 1426
828 106
1435 431
1435 1223
1581 701
1581 1807
826 136
826 1265
346 1591
346 190
1722 1585
1722 582
42 1620
42 1750
1275 55
1275 1414
98 793
98 165
1115 589
1115 976
1613 90
1613 639
259 1756
259 847
1709 333
1709 1463
161 1939
161 1166
1499 1039
1499 1120
145 848
145 1925
1329 967
1329 1813
1656 1358
1656 356
1088 50
1088 261
1495 1865
1495 471
489 1309
489 1819
692 2014
692 1841
2026 864
2026 894
1261 1792
1261 1160
385 81
385 1269
1663 804
1663 439
559 717
559 491
722 1060
722 74
1548 1305
1548 1258
831 766
831 20
1960 183
1960 393
1609 1421
1609 949
469 1652
469 1580
931 1442
931 530
1992 1148
1992 490
1672 2024
1672 463
1334 1406
1334 1085
1205 1708
1205 1398
529 1346
529 1815
1947 927
1947 1380
1384 1713
1384 447
1490 566
1490 140
1129 924
1129 120
1753 1558
1753 1098
1247 1232
1247 150
1818 1920
1818 1723
1083 2006
1083 126
822 1595
822 1794
1735 972
1735 493
396 1757
396 1864
1946 1772
1946 1665
433 1028
433 462
310 1454
310 728
1076 13
1076 268
7 1241
7 1017
614 1214
614 1872
1912 962
1912 1432
295 685
295 1416
887 918
887 1075
1479 1614
1479 160
2013 1601
2013 587
1730 1485
1730 576
1744 1898
1744 59
615 206
615 367
1505 199
1505 1436
1761 1219
1761 1011
1003 1402
1003 203
2047 1010
2047 1615
811 1664
811 250
110 922
110 362
1637 303
1637 1231
253 1803
253 1476
809 313
809 1527
208 1138
208 1718
34 574
34 1760
1348 1916
1348 664
782 241
782 1769
264 483
264 953
1288 1596
1288 1566
1850 741
1850 1980
1606 1073
1606 189
1834 1061
1834 851
789 1244
789 405
1065 1220
1065 1492
834 635
834 1569
1078 79
1078 342
738 633
738 416
294 269
294 488
1170 680
1170 384
1616 537
1616 361
1896 1783
1896 1589
1870 698
1870 810
2010 1037
2010 1283
603 1626
603 1452
1496 402
1496 1539
222 973
222 1726
1426 457
1426 591
106 1910
106 1001
431 323
431 638
1223 1935
1223 1800
701 727
701 1631
1807 863
1807 1549
136 1568
136 453
1265 329
1265 536
1591 1469
1591 1172
190 992
190 1702
1585 1372
1585 1812
582 345
582 593
1620 1516
1620 192
1750 97
1750 1981
55 365
55 620
1414 1021
1414 436
793 1397
793 1274
165 1355
165 1968
589 1962
589 149
976 562
976 813
90 421
90 401
639 1393
639 2000
1756 1885
1756 1005
847 1113
847 1688
333 172
333 263
1463 1070
1463 791
1939 1798
1939 885
1166 1879
1166 696
1039 1171
1039 154
1120 1207
1120 287
848 122
848 606
1925 763
1925 147
967 1019
967 213
1813 58
1813 1256
1358 1493
1358 1069
356 217
356 409
50 770
50 48
261 314
261 1108
1865 901
1865 1104
471 1377
471 1094
1309 82
1309 1994
1819 1567
1819 477
2014 1006
2014 1141
1841 1513
1841 200
864 572
864 2039
894 135
894 1251
1792 961
1792 1698
1160 853
1160 1817
81 533
81 251
1269 1895
1269 704
804 487
804 876
439 1050
439 428
717 347
717 616
491 930
491 38
1060 1932
1060 1074
74 752
74 1176
1305 363
1305 554
1258 1228
1258 1578
766 9
766 1771
20 519
20 987
183 1182
183 700
393 626
393 1167
1421 435
1421 1295
949 413
949 792
1652 830
1652 129
1580 1514
1580 977
1442 1200
1442 1327
530 1462
530 2037
1148 1139
1148 889
490 583
490 176
2024 1741
2024 397
463 1142
463 498
1406 1936
1406 282
1085 1877
1085 904
1708 1618
1708 971
1398 1453
1398 860
1346 996
1346 974
1815 12
1815 531
927 1736
927 1695
1380 745
1380 262
1713 1249
1713 1375
447 1831
447 1477
566 631
566 1506
140 1661
140 93
924 873
924 632
120 1143
120 308
1558 548
1558 843
1098 124
1098 1830
1232 879
1232 202
150 1400
150 1487
1920 1389
1920 870
1723 1890
1723 77
2006 1822
2006 1225
126 854
126 1978
1595 742
1595 137
1794 1564
1794 1845
972 317
972 1133
493 270
493 598
1757 657
1757 984
1864 708
1864 928
1772 651
1772 942
1665 1869
1665 1100
1028 762
1028 141
462 612
462 1227
1454 1072
1454 1209
728 1438
728 8
13 1857
13 1806
268 276
268 649
1241 372
1241 1371
1017 1843
1017 1310
1214 1579
1214 1270
1872 31
1872 1009
962 494
962 507
1432 522
1432 501
685 518
685 1973
1416 688
1416 424
918 214
918 816
1075 1486
1075 1102
1614 1989
1614 427
160 1213
160 1323
1601 1366
1601 344
587 995
587 1396
1485 1629
1485 658
576 668
576 278
1898 2001
1898 29
59 1051
59 1787
206 235
206 1012
367 1390
367 1908
199 318
199 226
1436 981
1436 1944
1219 1550
1219 839
1011 795
1011 1789
1402 1660
1402 526
203 1478
203 914
1010 997
1010 1322
1615 1986
1615 388
1664 417
1664 734
250 1915
250 862
922 936
922 1712
362 418
362 406
303 1468
303 28
1231 2015
1231 1512
1803 934
1803 970
1476 64
1476 166
313 459
313 1635
1527 1297
1527 399
1138 1107
1138 1862
1718 939
1718 1982
574 2032
574 1793
1760 815
1760 524
1916 731
1916 1047
664 1235
664 309
241 1764
241 1489
1769 1302
1769 485
483 434
483 1388
953 283
953 872
1596 579
1596 1488
1566 1119
1566 1183
741 902
741 838
1980 187
1980 1644
1073 152
1073 581
189 495
189 707
1061 381
1061 1095
851 116
851 1563
1244 1294
1244 316
405 332
405 1156
1220 671
1220 343
1492 148
1492 1178
635 1532
635 1624
1569 1443
1569 1799
79 679
79 442
342 1042
342 1965
633 1852
633 1740
416 414
416 194
269 91
269 896
488 3
488 1248
680 1440
680 118
384 1484
384 1045
537 19
537 256
361 407
361 716
1783 1196
1783 1466
1589 665
1589 1197
698 1004
698 1344
810 1687
810 341
1037 375
1037 1153
1283 61
1283 1313
1626 767
1626 517
1452 765
1452 1816
402 159
402 571
1539 319
1539 1538
973 855
973 739
1726 373
1726 737
457 240
457 1937
591 1837
591 1229
1910 867
1910 1887
1001 1026
1001 1881
323 845
323 1461
638 92
638 866
1935 823
1935 941
1800 2040
1800 535
727 907
727 33
1631 1959
1631 713
863 960
863 1135
1549 103
1549 1024
1568 10
1568 890
453 1147
453 849
329 921
329 906
536 1904
536 772
1469 2
1469 223
1172 965
1172 1321
992 798
992 63
1702 1112
1702 622
1372 408
1372 785
1812 66
1812 1301
345 1677
345 1124
593 1121
593 86
1516 779
1516 903
192 1599
192 712
97 784
97 53
1981 156
1981 101
365 966
365 1280
620 749
620 39
1021 1694
1021 497
436 60
436 117
1397 833
1397 874
1274 35
1274 139
1355 637
1355 2007
1968 1861
1968 1584
1962 634
1962 567
149 790
149 1471
562 1068
562 403
813 1889
813 5
421 170
421 1222
401 729
401 185
1393 917
1393 1991
2000 650
2000 258
1885 644
1885 1942
1005 22
1005 1362
1113 52
1113 1472
1688 324
1688 1226
172 916
172 608
263 625
263 1291
1070 1361
1070 426
791 1408
791 234
1798 115
1798 709
885 1689
885 1290
1879 69
1879 476
696 1788
696 528
1171 1041
1171 1643
154 1680
154 23
1207 1373
1207 1023
287 1762
287 1502
122 1030
122 1282
606 1116
606 357
763 768
763 27
147 1636
147 105
1019 684
1019 88
213 1343
213 1168
58 861
58 1441
1256 1714
1256 754
1493 1975
1493 355
1069 1298
1069 619
217 56
217 929
409 1500
409 1425
770 561
770 1103
48 465
48 327
314 2041
314 991
1108 1044
1108 1767
901 1922
901 6
1104 654
1104 1647
1377 301
1377 1450
1094 131
1094 1827
82 1874
82 1449
1994 1286
1994 1796
1567 40
1567 1445
477 905
477 686
1006 1907
1006 1034
1141 1691
1141 1508
1513 1236
1513 705
200 1059
200 575
572 721
572 950
2039 1821
2039 748
135 1931
135 595
1251 370
1251 788
961 1392
961 677
1698 1693
1698 546
853 1923
853 1459
1817 419
1817 1177
533 1357
533 646
251 1306
251 1279
1895 1929
1895 2012
704 478
704 882
487 2008
487 1998
876 1099
876 1470
1050 807
1050 96
428 577
428 1086
347 174
347 803
616 773
616 1091
930 1809
930 900
38 114
38 525
1932 1524
1932 1988
1074 1605
1074 1465
752 138
752 1878
1176 1315
1176 78
363 1464
363 1266
554 1530
554 553
1228 1724
1228 76
1578 1134
1578 1515
9 1457
9 1335
1771 1554
1771 321
519 1921
519 271
987 188
987 878
1182 775
1182 832
700 1866
700 724
626 177
626 1918
1167 422
1167 695
435 1630
435 808
1295 1952
1295 1686
413 1127
413 1175
792 1523
792 481
830 99
830 449
129 629
129 1602
1514 1210
1514 467
977 94
977 243
1200 580
1200 1114
1327 1671
1327 1778
1462 776
1462 1759
2037 865
2037 125
1139 1385
1139 1259
889 565
889 1475
583 1071
583 326
176 1412
176 1840
1741 473
1741 1728
397 1424
397 1020
1142 516
1142 613
498 1369
498 228
1936 1699
1936 302
282 1732
282 550
1877 95
1877 197
904 980
904 21
1618 1277
1618 940
971 353
971 2027
1453 1081
1453 1149
860 820
860 293
996 720
996 1536
974 1063
974 1786
12 164
12 184
531 1240
531 1221
1736 1597
1736 1016
1695 1987
1695 1
745 1379
745 1455
262 706
262 374
1249 1649
1249 1048
1375 1089
1375 1456
1831 797
1831 1242
1477 1703
1477 1446
631 857
631 1382
1506 1659
1506 824
1661 817
1661 460
93 1737
93 1029
873 1304
873 325
632 946
632 1650
1143 123
1143 1543
308 1715
308 1150
548 1906
548 359
843 378
843 1215
124 1430
124 157
1830 1860
1830 371
879 1437
879 1820
202 1317
202 1276
1400 1185
1400 1243
1487 655
1487 642
1389 181
1389 605
870 267
870 925
1890 759
1890 32
77 2042
77 1676
1822 697
1822 515
1225 1192
1225 62
854 2023
854 1451
1978 560
1978 1326
742 312
742 2004
137 957
137 986
1564 1900
1564 1933
1845 1193
1845 557
317 1262
317 1705
1133 266
1133 1824
270 2033
270 908
598 47
598 1417
657 835
657 667
984 1928
984 732
708 1984
708 280
928 819
928 1109
651 1356
651 1394
942 1169
942 1159
1869 437
1869 596
1100 1901
1100 1610
762 1692
762 1710
141 1623
141 1203
612 621
612 334
1227 1491
1227 1517
1072 1330
1072 446
1209 985
1209 1667
1438 254
1438 1555
8 315
8 1791
1857 245
1857 641
1806 1224
1806 221
276 1509
276 1025
649 558
649 1046
372 1776
372 1212
1371 461
1371 947
1843 794
1843 193
1310 607
1310 1118
1579 249
1579 1617
1270 1093
1270 926
31 1731
31 1784
1009 675
1009 1919
494 2019
494 452
507 1271
507 837
522 611
522 958
501 630
501 496
518 340
518 609
1973 1052
1973 1829
688 1154
688 1914
424 480
424 400
214 1481
214 892
816 1700
816 1588
1486 128
1486 504
1102 1405
1102 1964
1989 564
1989 1814
427 1525
427 858
1213 544
1213 1359
1323 1035
1323 1648
1366 1683
1366 111
344 891
344 585
995 339
995 1254
1396 827
1396 298
1629 636
1629 1180
658 586
658 877
668 49
668 1999
278 350
278 982
2001 681
2001 482
29 239
29 1186
1051 549
1051 1234
1787 1507
1787 750
235 87
235 51
1012 132
1012 1924
1390 915
1390 1195
1908 113
1908 1482
318 45
318 796
226 1828
226 1106
981 719
981 1174
1944 841
1944 1926
1550 1797
1550 260
839 369
839 44
795 945
795 1785
1789 1851
1789 479
1660 1990
1660 1795
526 1202
526 1969
1478 1418
1478 1053
914 1958
914 799
997 1013
997 975
1322 142
1322 1560
1986 871
1986 67
388 703
388 1899
417 1189
417 990
734 1640
734 859
1915 1777
1915 290
862 306
862 486
936 1431
936 1318
1712 354
1712 1745
418 774
418 1755
406 628
406 1608
1468 291
1468 647
28 1611
28 952
2015 1260
2015 1639
1512 968
1512 761
934 311
934 913
970 1439
970 912
64 275
64 392
166 1082
166 1593
459 1627
459 1000
1635 702
1635 1208
1297 1711
1297 71
399 420
399 662
1107 1669
1107 1805
1862 387
1862 4
939 195
939 1303
1982 1090
1982 1410
2032 778
2032 1696
1793 1738
1793 1706
815 1040
815 1105
524 1950
524 211
731 415
731 1122
1047 225
1047 963
1235 1957
1235 1480
309 1542
309 1036
1764 969
1764 1370
1489 1739
1489 1273
1302 959
1302 272
485 451
485 143
434 468
434 1716
1388 1774
1388 542
283 1917
283 643
872 584
872 1407
579 1849
579 1884
1488 1541
1488 568
1119 2038
1119 856
1183 1779
1183 1905
902 499
902 1296
838 1032
838 1378
187 210
187 1264
1644 755
1644 880
152 540
152 2022
581 951
581 1079
495 1458
495 130
707 1552
707 85
381 1546
381 1531
1095 305
1095 1655
116 2035
116 1758
1563 1267
1563 604
1294 1345
1294 1058
316 500
316 445
332 1853
332 18
1156 1909
1156 410
671 1572
671 1856
343 1181
343 1055
148 1211
148 661
1178 1285
1178 938
1532 1255
1532 1162
1624 1316
1624 173
1443 999
1443 783
1799 1996
1799 351
679 1204
679 771
442 144
442 456
1042 380
1042 2030
1965 178
1965 1173
1852 1802
1852 1504
1740 806
1740 1206
414 1886
414 1607
194 390
194 1894
91 65
91 1354
896 747
896 1749
3 112
3 1721
1248 1008
1248 146
1440 1201
1440 1057
118 523
118 242
1484 1679
1484 1953
1045 175
1045 617
19 1943
19 2043
256 678
256 57
407 1144
407 297
716 1007
716 84
1196 179
1196 1675
1466 1137
1466 134
665 1658
665 1131
1197 555
1197 1216
1004 648
1004 510
1344 1621
1344 464
1687 257
1687 80
341 182
341 1883
375 30
375 1535
1153 1634
1153 1768
61 429
61 1123
1313 599
1313 956
767 1997
767 1136
517 1590
517 994
765 911
765 466
1816 2003
1816 545
159 255
159 230
571 1444
571 1528
319 2036
319 121
1538 1556
1538 1325
855 1257
855 153
739 850
739 1979
373 1324
373 543
737 299
737 919
240 933
240 1839
1937 1707
1937 1844
1837 988
1837 1781
1229 1633
1229 1483
867 204
867 41
1887 955
1887 1734
1026 1194
1026 764
1881 289
1881 1360
845 1754
845 220
1461 1420
1461 1832
92 1742
92 444
866 897
866 349
823 511
823 1054
941 1342
941 624
2040 1245
2040 1966
535 155
535 394
907 669
907 273
33 1422
33 1125
1959 379
1959 109
713 1331
713 1338
960 683
960 1846
1135 1748
1135 842
103 508
103 1993
1024 592
1024 780
10 521
10 1383
890 68
890 1263
1147 1971
1147 1690
849 360
849 236
921 740
921 274
906 2021
906 16
1904 171
1904 1163
772 1239
772 744
2 1164
2 108
223 1238
223 527
965 725
965 1080
1321 1126
1321 539
798 1586
798 386
63 1319
63 656
1112 2005
1112 398
622 2044
622 844
408 246
408 1498
785 1337
785 286
66 1727
66 438
1301 1974
1301 1427
1677 836
1677 1717
1124 1668
1124 1773
1121 1237
1121 25
86 1823
86 1352
779 588
779 337
903 1790
903 1804
1599 1934
1599 753
712 898
712 432
784 454
784 395
53 11
53 180
156 538
156 455
101 209
101 1066
966 666
966 1287
1280 1022
1280 1386
749 840
749 300
39 70
39 1746
1694 1766
1694 1970
497 514
497 899
60 710
60 1628
117 1897
117 989
833 1314
833 1002
874 1467
874 1913
35 1951
35 1575
139 216
139 1349
637 1161
637 205
2007 1027
2007 1015
1861 288
1861 1423
1584 1526
1584 948
634 1336
634 2034
567 964
567 1995
790 1751
790 694
1471 1976
1471 423
1068 265
1068 1130
403 2002
403 338
1889 237
1889 829
5 307
5 368
170 1049
170 24
1222 1927
1222 1825
729 1582
729 852
185 1985
185 1949
917 618
917 563
1991 492
1991 1945
650 869
650 1963
258 1056
258 893
644 1038
644 1403
1942 83
1942 1447
22 1409
22 2020
1362 169
1362 1364
52 1253
52 1641
1472 1836
1472 743
324 846
324 352
1226 777
1226 1547
916 1399
916 322
608 285
608 676
625 1132
625 1428
1291 541
1291 151
1361 1855
1361 640
426 1067
426 1961
1408 366
1408 1604
234 1188
234 1087
115 1562
115 2025
709 382
709 1198
1689 825
1689 348
1290 1880
1290 168
69 1521
69 1570
476 17
476 814
1788 690
1788 610
528 2016
528 689
1041 1573
1041 1780
1643 470
1643 1252
1680 547
1680 1473
23 163
23 1413
1373 1902
1373 1233
1023 714
1023 1930
1762 1184
1762 1191
1502 1654
1502 1833
1030 1775
1030 746
1282 1859
1282 502
1116 1858
1116 569
357 663
357 1084
768 1673
768 1642
27 1064
27 1701
1636 1328
1636 1101
105 552
105 503
684 1289
684 652
88 1519
88 691
1343 201
1343 1199
1168 1891
1168 1632
861 1948
861 751
1441 224
1441 229
1714 1340
1714 1838
754 1284
754 1625
1975 15
1975 682
355 158
355 1720
1298 1882
1298 2031
619 244
619 1871
56 1395
56 715
929 1062
929 1190
1500 1367
1500 1146
1425 1801
1425 127
561 1292
561 1218
1103 886
1103 430
465 1892
465 441
327 623
327 238
2041 1411
2041 1574
991 1540
991 1848
1044 883
1044 590
1767 1376
1767 821
1922 993
1922 440
6 43
6 2045
654 1983
654 1518
1647 336
1647 659
301 1415
301 1350
1450 1307
1450 247
131 1537
131 513
1827 506
1827 1619
1874 1031
1874 36
1449 277
1449 1246
1286 46
1286 167
1796 1145
1796 512
40 1670
40 1808
1445 1533
1445 1598
905 787
905 1111
686 1553
686 1433
1907 1646
1907 1674
1034 601
1034 212
1691 1339
1691 1653
1508 1873
1508 320
1236 602
1236 1733
705 1511
705 730
1059 196
1059 1014
575 89
575 645
721 756
721 1835
950 404
950 1299
1821 279
1821 1612
748 1826
748 1110
1931 219
1931 718
595 1250
595 248
370 1583
370 1954
788 1308
788 672
1392 1429
1392 1018
677 781
677 757
1693 1300
1693 1684
546 1341
546 1847
1923 102
1923 1272
1459 1179
1459 484
419 1903
419 296
1177 1557
1177 1867
1357 391
1357 1332
646 1419
646 726
1306 1752
1306 509
1279 884
1279 100
1929 627
1929 875
2012 1810
2012 1940
478 104
478 1333
882 954
882 1747
2008 802
2008 1955
1998 723
1998 376
1099 1868
1099 1351
1470 711
1470 186
807 1592
807 868
96 699
96 578
577 1854
577 1404
1086 335
1086 252
174 1347
174 304
803 1320
803 1551
773 800
773 670
1091 1096
1091 1577
1809 330
1809 812
900 72
900 551
114 450
114 944
525 1497
525 909
1524 1662
1524 1725
1988 191
1988 1217
1605 26
1605 2009
1465 1729
1465 983
138 1967
138 1719
1878 1600
1878 1875
1315 1293
1315 119
78 1165
78 1522
1464 1311
1464 979
1266 520
1266 978
1530 923
1530 1117
553 73
553 735
1724 932
1724 910
76 1666
76 597
1134 233
1134 331
1515 1387
1515 1770
1457 1863
1457 133
1335 1681
1335 474
1554 1155
1554 1474
321 2046
321 2011
1921 1494
1921 1152
271 1638
271 888
188 1622
188 1353
878 693
878 1938
775 937
775 1782
832 758
832 556
1866 2028
1866 2018
724 600
724 660
177 218
177 231
1918 801
1918 1077
422 37
422 570
695 687
695 1657
1630 215
1630 769
808 383
808 653
1952 292
1952 475
1686 1576
1686 14
1127 458
1127 1704
1175 2029
1175 1510
1523 281
1523 227
481 1374
481 1544
