31 255 7335
10 24
10 30
24 4
24 22
30 25
30 2
4 29
4 31
22 12
22 8
25 3
25 19
2 14
2 27
29 1
29 21
31 11
31 6
12 15
12 9
8 18
8 13
3 20
3 28
19 17
19 7
14 26
14 5
27 23
27 16
68 170
68 20
170 55
170 147
20 145
20 195
55 223
55 218
147 200
147 177
145 166
145 164
195 165
195 98
223 222
223 94
218 39
218 90
200 29
200 209
177 128
177 158
166 214
166 96
164 191
164 246
165 219
165 77
98 150
98 21
222 124
222 237
94 248
94 120
39 254
39 193
90 46
90 27
29 190
29 173
209 75
209 235
128 49
128 142
158 212
158 63
214 26
214 247
96 233
96 73
191 25
191 89
246 252
246 229
219 59
219 78
77 51
77 22
150 185
150 24
21 40
21 204
124 244
124 146
237 109
237 163
248 54
248 117
120 135
120 9
254 251
254 199
193 119
193 118
46 153
46 116
27 35
27 154
190 239
190 56
173 130
173 131
75 53
75 215
235 11
235 86
49 148
49 14
142 232
142 227
212 221
212 85
63 34
63 72
26 8
26 100
247 115
247 230
233 182
233 141
73 79
73 125
25 64
25 13
89 197
89 1
252 243
252 160
229 216
229 231
59 140
59 88
78 61
78 47
51 249
51 174
22 32
22 205
185 180
185 31
24 18
24 33
40 159
40 242
204 76
204 97
244 28
244 211
146 139
146 203
109 162
109 17
163 126
163 187
54 138
54 92
117 178
117 228
135 184
135 136
9 169
9 67
251 238
251 83
199 71
199 66
119 255
119 202
118 186
118 210
153 50
153 240
116 87
116 134
35 107
35 161
154 101
154 121
239 65
239 110
56 189
56 192
130 175
130 15
131 151
131 81
53 127
53 12
215 43
215 234
11 82
11 58
86 2
86 168
148 19
148 245
14 201
14 3
232 133
232 152
227 91
227 144
221 213
221 80
85 129
85 188
34 6
34 114
72 113
72 208
8 181
8 45
100 253
100 37
115 38
115 176
230 194
230 106
182 95
182 241
141 60
141 57
79 108
79 23
125 206
125 84
64 217
64 122
13 42
13 70
197 74
197 172
1 99
1 183
243 112
243 149
160 171
160 143
216 105
216 179
231 207
231 62
140 41
140 5
88 155
88 167
61 10
61 52
47 226
47 198
249 111
249 220
174 4
174 137
32 250
32 225
205 48
205 224
180 103
180 44
31 156
31 196
18 157
18 104
33 236
33 93
159 7
159 102
242 123
242 132
76 69
76 16
97 30
97 36
