127 2047 462
47 70
47 78
70 55
70 52
78 19
78 3
55 32
55 76
52 4
52 29
19 9
19 119
3 5
3 49
32 102
32 95
76 16
76 53
4 103
4 89
29 86
29 46
9 125
9 84
119 17
119 15
5 92
5 88
49 65
49 127
102 1
102 34
95 66
95 50
16 101
16 2
53 28
53 90
103 124
103 7
89 30
89 117
86 97
86 71
46 108
46 41
125 38
125 96
84 37
84 82
17 21
17 63
15 42
15 104
92 111
92 83
88 110
88 61
65 6
65 120
127 58
127 99
1 48
1 81
34 79
34 60
66 59
66 51
50 77
50 12
101 69
101 113
2 112
2 8
28 43
28 27
90 106
90 116
124 74
124 26
7 54
7 87
30 109
30 126
117 39
117 20
97 13
97 40
71 67
71 80
108 118
108 36
41 57
41 64
38 91
38 85
96 31
96 35
37 14
37 10
82 100
82 45
21 56
21 105
63 72
63 107
42 11
42 122
104 18
104 23
111 114
111 33
83 22
83 93
110 121
110 94
61 115
61 75
6 25
6 123
120 98
120 24
58 68
58 62
99 44
99 73
559 501
559 1868
501 1318
501 528
1868 1528
1868 340
1318 256
1318 773
528 193
528 1163
1528 1669
1528 1530
340 166
340 1374
256 27
256 1656
773 352
773 924
193 1955
193 305
1163 174
1163 1876
1669 1355
1669 304
1530 980
1530 945
166 801
166 204
1374 954
1374 1139
27 1935
27 512
1656 1280
1656 1329
352 322
352 603
924 552
924 783
1955 1326
1955 864
305 1277
305 1447
174 61
174 721
1876 377
1876 1587
1355 581
1355 527
304 1887
304 1041
980 1967
980 646
945 293
945 799
801 1508
801 97
204 2024
204 834
954 407
954 1640
1139 1210
1139 1979
1935 208
1935 676
512 1544
512 454
1280 1674
1280 496
1329 1721
1329 876
322 1490
322 83
603 1926
603 837
552 1690
552 1765
783 132
783 702
1326 806
1326 1906
864 500
864 749
1277 336
1277 1442
1447 484
1447 1348
61 1190
61 703
721 21
721 446
377 1963
377 1768
1587 246
1587 1114
581 631
581 1078
527 162
527 1526
1887 965
1887 1487
1041 1707
1041 696
1967 350
1967 827
646 573
646 1024
293 1479
293 1913
799 267
799 963
1508 1054
1508 647
97 1083
97 1044
2024 421
2024 1502
834 918
834 51
407 1320
407 1080
1640 420
1640 607
1210 441
1210 1045
1979 1189
1979 367
208 1203
208 936
676 1007
676 1588
1544 342
1544 1978
454 1201
454 745
1674 447
1674 39
496 1664
496 794
1721 523
1721 1961
876 376
876 383
1490 893
1490 1994
83 729
83 1793
1926 410
1926 1100
837 1245
837 308
1690 1865
1690 72
1765 2022
1765 822
132 781
132 1807
702 1022
702 1311
806 754
806 1366
1906 1760
1906 1975
500 1918
500 597
749 824
749 712
336 77
336 1271
1442 380
1442 58
484 248
484 969
1348 1025
1348 519
1190 1202
1190 1378
703 1520
703 1941
21 1106
21 534
446 412
446 1207
1963 311
1963 1584
1768 570
1768 1904
246 398
246 1439
1114 1790
1114 1306
631 750
631 838
1078 997
1078 165
162 1706
162 1650
1526 868
1526 535
965 463
965 679
1487 1749
1487 608
1707 8
1707 414
696 1135
696 599
350 1227
350 991
827 243
827 1748
573 1645
573 1740
1024 36
1024 1474
1479 921
1479 1477
1913 300
1913 704
267 485
267 1461
963 663
963 347
1054 572
1054 677
647 1123
647 146
1083 1567
1083 1684
1044 469
1044 1223
421 1128
421 1832
1502 433
1502 725
918 1193
918 978
51 1780
51 339
1320 915
1320 1188
1080 730
1080 1788
420 1869
420 1074
607 1661
607 1406
441 1344
441 161
1045 1503
1045 628
1189 734
1189 1489
367 891
367 1356
1203 1441
1203 355
936 450
936 935
1007 1154
1007 1427
1588 1346
1588 964
342 343
342 901
1978 262
1978 929
1201 237
1201 1783
745 1235
745 121
447 896
447 1381
39 957
39 1301
1664 13
1664 265
794 349
794 1369
523 1915
523 578
1961 889
1961 1776
376 811
376 52
383 1860
383 738
893 1735
893 1705
1994 1375
1994 839
729 331
729 840
1793 685
1793 1222
410 1580
410 1006
1100 932
1100 1781
1245 1597
1245 661
308 403
308 440
1865 1151
1865 1424
72 1638
72 764
2022 409
2022 1267
822 2033
822 75
781 1646
781 1984
1807 1287
1807 670
1022 1919
1022 1901
1311 2032
1311 1415
754 374
754 1434
1366 263
1366 1695
1760 1787
1760 1886
1975 1820
1975 740
1918 197
1918 40
597 1328
597 1118
824 1817
824 1742
712 604
712 315
77 266
77 1399
1271 1675
1271 1562
380 777
380 1672
58 466
58 798
248 1947
248 1880
969 1885
969 1636
1025 1462
1025 1040
519 1314
519 774
1202 533
1202 1533
1378 1196
1378 488
1520 2029
1520 2021
1941 988
1941 741
1106 1066
1106 787
534 1377
534 1810
412 15
412 2023
1207 641
1207 1950
311 1821
311 1989
1584 1127
1584 125
570 1032
570 250
1904 2010
1904 1712
398 1072
398 732
1439 1191
1439 543
1790 638
1790 1581
1306 1211
1306 951
750 372
750 1546
838 714
838 3
997 2011
997 1771
165 666
165 169
1706 561
1706 79
1650 1148
1650 1077
868 775
868 312
535 1816
535 516
463 60
463 867
679 659
679 987
1749 1373
1749 564
608 50
608 1759
8 897
8 1138
414 1173
414 1336
1135 506
1135 213
599 1907
599 1541
1227 1974
1227 733
991 141
991 1070
243 1505
243 992
1748 1922
1748 571
1645 364
1645 251
1740 1304
1740 529
36 1152
36 1850
1474 1685
1474 180
921 1394
921 62
1477 167
1477 57
300 1416
300 90
704 1642
704 955
485 695
485 1819
1461 629
1461 151
663 1361
663 106
347 1798
347 148
572 80
572 449
677 299
677 1075
1123 1140
1123 369
146 170
146 317
1567 718
1567 353
1684 1833
1684 233
469 244
469 1144
1223 673
1223 1764
1128 744
1128 5
1832 1550
1832 231
433 1778
433 1693
725 568
725 451
1193 1644
1193 690
978 101
978 1692
1780 1488
1780 301
339 796
339 1458
915 1576
915 1958
1188 1176
1188 816
730 33
730 444
1788 549
1788 354
1869 667
1869 910
1074 35
1074 1476
1661 874
1661 1607
1406 459
1406 524
1344 81
1344 974
161 1181
161 1608
1503 257
1503 136
628 1911
628 1058
734 1255
734 1108
1489 909
1489 814
891 95
891 1635
1356 271
1356 1445
1441 156
1441 85
355 273
355 967
450 1720
450 1594
935 751
935 55
1154 1893
1154 966
1427 464
1427 1767
1346 332
1346 1031
964 1613
964 778
343 2027
343 588
901 736
901 112
262 1752
262 1299
929 1938
929 1111
237 1239
237 1563
1783 404
1783 1113
1235 1908
1235 1996
121 104
121 1934
896 1527
896 462
1381 1300
1381 1898
957 509
957 1264
1301 1218
1301 2001
13 1945
13 1679
265 2040
265 882
349 86
349 424
1369 1170
1369 387
1915 1420
1915 873
578 37
578 1668
889 1972
889 49
1776 959
1776 1178
811 1418
811 283
52 747
52 1341
1860 384
1860 1990
738 950
738 1841
1735 1429
1735 1857
1705 366
1705 284
1375 602
1375 836
839 168
839 760
331 1259
331 719
840 173
840 1156
685 1892
685 1192
1222 914
1222 477
1580 1298
1580 363
1006 348
1006 1433
932 2038
932 994
1781 888
1781 1847
1597 601
1597 1872
661 1746
661 1775
403 589
403 1155
440 1042
440 1657
1151 1696
1151 373
1424 1992
1424 1408
1638 278
1638 1506
764 1389
764 2004
409 805
409 66
1267 1739
1267 709
2033 640
2033 809
75 1363
75 1529
1646 48
1646 634
1984 74
1984 499
1287 1064
1287 1543
670 1437
670 1289
1919 460
1919 1182
1901 1471
1901 361
2032 4
2032 480
1415 649
1415 199
374 471
374 289
1434 152
1434 1603
263 92
263 1013
1695 138
1695 306
1787 1711
1787 925
1886 1028
1886 930
1820 329
1820 818
740 1268
740 1269
197 177
197 1430
40 1000
40 1733
1328 569
1328 731
1118 2037
1118 813
1817 1814
1817 1660
1742 1877
1742 917
604 1988
604 1856
315 530
315 1501
266 1491
266 990
1399 981
1399 879
1675 448
1675 1910
1562 1579
1562 1249
777 1618
777 611
1672 802
1672 550
466 1456
466 761
798 1784
798 1384
1947 53
1947 365
1880 102
1880 652
1885 1091
1885 227
1636 1067
1636 2006
1462 869
1462 1680
1040 1818
1040 1717
1314 443
1314 1332
774 346
774 1435
533 1829
533 580
1533 560
1533 482
1196 1436
1196 399
488 971
488 662
2029 1985
2029 856
2021 861
2021 1352
988 1797
988 292
741 1809
741 513
1066 1265
1066 890
787 1747
787 1459
1377 942
1377 474
1810 1951
1810 576
15 1976
15 815
2023 1815
2023 1770
641 1589
641 675
1950 1004
1950 1931
1821 118
1821 1511
1989 1195
1989 590
1127 1622
1127 532
125 1391
125 1251
1032 1357
1032 1828
250 503
250 669
2010 626
2010 321
1712 1536
1712 1159
1072 1970
1072 1449
732 1849
732 1124
1191 639
1191 1699
543 788
543 200
638 1199
638 1763
1581 1030
1581 694
1211 716
1211 1323
951 1084
951 984
372 1551
372 2000
1546 617
1546 1761
714 1290
714 389
3 1654
3 379
2011 69
2011 1244
1771 1365
1771 1882
666 1414
666 1079
169 757
169 902
561 1840
561 844
79 1405
79 394
1148 214
1148 983
1077 54
1077 668
775 1510
775 230
312 1376
312 1457
1816 178
1816 400
516 1166
516 1595
60 1601
60 1021
867 1744
867 1094
659 452
659 223
987 205
987 1283
1373 1591
1373 1103
564 1104
564 405
50 923
50 1143
1759 1284
1759 2018
897 934
897 46
1138 422
1138 1593
1173 113
1173 1734
1336 1110
1336 171
506 1017
506 133
213 426
213 335
1907 1534
1907 150
1541 201
1541 853
1974 812
1974 2007
733 1146
733 154
141 1730
141 1206
1070 65
1070 1649
1505 1256
1505 1916
992 892
992 1864
1922 334
1922 1599
571 1125
571 922
364 1902
364 859
251 1313
251 776
1304 1936
1304 126
529 625
529 297
1152 124
1152 1753
1850 989
1850 1382
1685 1297
1685 1141
180 1647
180 140
1394 1683
1394 1927
62 941
62 1633
167 1120
167 303
57 2016
57 885
1416 1981
1416 1697
90 913
90 1676
1642 1133
1642 748
955 1257
955 1379
695 378
695 478
1819 531
1819 428
629 610
629 1596
151 1327
151 784
1361 877
1361 1956
106 707
106 360
1798 1403
1798 1278
148 247
148 525
80 904
80 1158
449 1621
449 458
299 445
299 557
1075 491
1075 870
1140 1393
1140 682
369 149
369 260
170 272
170 906
317 345
317 1160
718 1096
718 1659
353 1971
353 546
1833 1362
1833 762
233 1492
233 1048
244 295
244 1029
1144 1349
1144 1093
673 648
673 1234
1764 290
1764 795
744 1932
744 943
5 854
5 1875
1550 325
1550 67
231 1652
231 59
1778 1303
1778 73
1693 467
1693 1570
568 1960
568 388
451 84
451 191
1644 277
1644 686
690 692
690 616
101 858
101 1276
1692 1736
1692 618
1488 1204
1488 11
301 1900
301 1370
796 1909
796 1008
1458 1246
1458 1397
1576 1987
1576 298
1958 1410
1958 842
1176 1729
1176 655
816 470
816 976
33 30
33 1839
444 1851
444 235
549 1665
549 1073
354 241
354 1792
667 785
667 878
910 949
910 952
35 1134
35 1310
1476 1673
1476 724
874 1801
874 1053
1607 1565
1607 1928
459 1248
459 1263
524 886
524 1678
81 1831
81 973
974 1197
974 2002
1181 1331
1181 658
1608 1777
1608 1525
257 510
257 1648
136 1662
136 286
1911 1944
1911 1966
1058 1466
1058 566
1255 1057
1255 847
1108 1338
1108 591
909 1758
909 207
814 596
814 1554
95 575
95 381
1635 999
1635 1708
271 995
271 368
1445 1095
1445 1623
156 91
156 1796
85 314
85 1117
273 34
273 1519
967 1836
967 786
1720 1848
1720 1779
1594 1015
1594 678
751 2036
751 1905
55 1260
55 953
1893 2019
1893 1924
966 900
966 185
464 907
464 1228
1767 225
1767 160
332 93
332 1425
1031 280
1031 456
1613 253
1613 739
778 1574
778 494
2027 1774
2027 1033
588 390
588 1243
736 1552
736 1431
112 1894
112 1925
1752 998
1752 1718
1299 1419
1299 1089
1938 1137
1938 782
1111 341
1111 1700
1239 1653
1239 1507
1563 190
1563 268
404 475
404 258
1113 226
1113 287
1908 1921
1908 1549
1996 938
1996 1612
104 423
104 468
1934 865
1934 1731
1527 234
1527 413
462 310
462 808
1300 1295
1300 1854
1898 1481
1898 1157
509 1806
509 1107
1264 1162
1264 574
1218 240
1218 982
2001 1184
2001 895
1945 323
1945 2047
1679 238
1679 1531
2040 1345
2040 1238
882 294
882 1545
86 722
86 826
424 261
424 1101
1170 1559
1170 962
387 1001
387 1564
1420 320
1420 1368
873 1413
873 344
37 753
37 1312
1668 436
1668 1899
1972 155
1972 183
49 119
49 1514
959 606
959 1866
1178 1522
1178 1709
1418 1325
1418 1920
283 70
283 1803
747 1824
747 845
1341 1883
1341 1220
384 42
384 562
1990 726
1990 1937
950 2025
950 1213
1841 582
1841 633
1429 1216
1429 1455
1857 1923
1857 1224
366 622
366 1799
284 737
284 912
602 18
602 1785
836 1713
836 1261
168 767
168 831
760 1482
760 1698
1259 1998
1259 157
719 1604
719 108
173 1694
173 1282
1156 442
1156 1386
1892 333
1892 1738
1192 23
1192 540
914 1942
914 1230
477 109
477 1422
1298 319
1298 1794
363 875
363 947
348 1561
348 1959
1433 137
1433 1351
2038 1438
2038 6
994 159
994 1003
888 1495
888 521
1847 711
1847 1512
601 1509
601 852
1872 1448
1872 1296
1746 1846
1746 621
1775 2039
1775 370
589 977
589 1334
1155 1871
1155 1952
1042 96
1042 833
1657 1047
1657 735
1696 1954
1696 1766
373 1560
373 338
1992 1149
1992 1583
1408 107
1408 1500
278 1483
278 99
1506 1252
1506 1214
1389 1629
1389 644
2004 396
2004 1641
805 281
805 1446
66 47
66 2041
1739 548
1739 1236
709 2015
709 406
640 285
640 1226
809 176
809 1811
1363 835
1363 681
1529 1726
1529 1012
48 89
48 849
634 427
634 1769
74 1782
74 221
499 1387
499 1524
1064 1537
1064 1842
1543 1225
1543 1063
1437 1322
1437 1756
1289 1725
1289 194
460 206
460 1997
1182 1307
1182 1497
1471 2003
1471 1862
361 940
361 1317
4 1145
4 1027
480 1823
480 483
649 944
649 520
199 2012
199 766
471 1822
471 1532
289 1275
289 871
152 1076
152 252
1603 614
1603 1023
92 105
92 358
1013 1010
1013 1884
138 1086
138 1478
306 1914
306 526
1711 2034
1711 1547
925 1396
925 689
1028 1677
1028 780
930 131
930 768
329 1582
329 1830
818 88
818 1691
1268 1605
1268 359
1269 1172
1269 1473
177 1285
177 567
1430 800
1430 612
1000 1791
1000 637
1733 202
1733 1703
569 1658
569 1968
731 1484
731 1930
2037 457
2037 1198
813 1097
813 672
1814 1879
1814 1233
1660 1051
1660 1912
1877 1177
1877 620
917 1957
917 926
1988 643
1988 598
1856 1350
1856 291
530 558
530 1804
1501 789
1501 911
1491 114
1491 894
990 927
990 1592
981 492
981 1929
879 1273
879 1279
448 792
448 1949
1910 946
1910 1450
1579 431
1579 972
1249 1443
1249 1714
1618 63
1618 583
611 1844
611 2026
802 919
802 594
550 1092
550 1136
1456 504
1456 1786
761 1380
761 486
1784 1637
1784 31
1384 1624
1384 382
53 1339
53 1321
365 465
365 717
102 1407
102 22
652 1891
652 1215
1091 905
1091 1874
227 76
227 1183
1067 1802
1067 1616
2006 2009
2006 356
869 1186
869 565
1680 2043
1680 2046
1818 417
1818 1401
1717 887
1717 1281
443 937
443 432
1332 2031
1332 1881
346 1682
346 20
1435 1598
1435 1557
1829 537
1829 1486
580 1398
580 100
560 274
560 1701
482 1538
482 1602
1436 147
1436 1689
399 1523
399 746
971 229
971 71
662 216
662 1121
1985 1619
1985 691
856 803
856 143
861 212
861 825
1352 1704
1352 461
1797 577
1797 179
292 538
292 699
1809 1294
1809 1254
513 635
513 1727
1265 899
1265 587
890 908
890 846
1747 1221
1747 275
1459 1878
1459 765
942 1626
942 1452
474 1610
474 1068
1951 489
1951 807
576 1762
576 255
1976 1359
1976 1982
815 820
815 862
1815 1973
1815 1242
1770 1367
1770 585
1589 770
1589 551
675 1722
675 1417
1004 1440
1004 14
1931 210
1931 1750
118 1499
118 1082
1511 1315
1511 1539
1195 1102
1195 1917
590 1772
590 1813
1622 1751
1622 158
532 653
532 1291
1391 139
1391 1896
1251 220
1251 797
1357 1272
1357 1494
1828 1105
1828 933
503 1185
503 790
669 1964
669 1451
626 1016
626 1627
321 857
321 683
1536 203
1536 1115
1159 1513
1159 632
1970 56
1970 186
1449 134
1449 1250
1849 68
1849 209
1124 371
1124 38
639 1253
639 1122
1699 1516
1699 1335
788 1939
788 755
200 1639
200 1795
1199 1867
1199 700
1763 1757
1763 110
1030 1237
1030 687
694 1897
694 437
716 1467
716 249
1323 129
1323 1666
1084 1337
1084 2044
984 1153
984 1614
1551 830
1551 502
2000 2
2000 181
617 1889
617 1556
1761 1980
1761 1853
1290 1081
1290 43
389 309
389 217
1654 1475
1654 823
379 821
379 779
69 1421
69 330
1244 958
1244 1432
1365 515
1365 671
1882 727
1882 163
1414 2013
1414 939
1079 1710
1079 1586
757 228
757 1991
902 804
902 654
1840 1342
1840 327
844 759
844 490
1405 1903
1405 554
394 82
394 1347
214 438
214 903
983 41
983 1426
54 16
54 17
668 1205
668 928
1510 2005
1510 968
230 44
230 1615
1376 1805
1376 1404
1457 1826
1457 743
178 395
178 1180
400 586
400 1388
1166 487
1166 1360
1595 1670
1595 916
1601 684
1601 324
1021 851
1021 697
1744 1946
1744 401
1094 1262
1094 1858
452 1800
452 898
223 1383
223 1060
205 130
205 497
1283 1129
1283 1651
1591 756
1591 555
1103 660
1103 313
1104 1634
1104 1715
405 884
405 391
923 609
923 595
1143 1600
1143 993
1284 1444
1284 771
2018 1302
2018 397
934 375
934 1468
46 145
46 1843
422 188
422 476
1593 1364
1593 1732
113 98
113 542
1734 316
1734 1340
1110 472
1110 175
171 1553
171 10
1017 1845
1017 1039
133 1209
133 429
426 1130
426 416
335 122
335 600
1534 1428
1534 508
150 1147
150 1150
201 1518
201 418
853 473
853 2035
812 1643
812 1515
2007 763
2007 1743
1146 187
1146 522
154 866
154 1088
1730 698
1730 9
1206 960
1206 613
65 184
65 103
1649 706
1649 351
1256 224
1256 276
1916 1542
1916 142
892 1020
892 24
1864 772
1864 218
334 411
334 1631
1599 680
1599 357
1125 45
1125 645
922 1011
922 1671
1902 1371
1902 1169
859 211
859 1099
1313 1288
1313 556
776 948
776 455
1936 1606
1936 1049
126 1745
126 872
625 1052
625 1571
297 1330
297 419
124 507
124 1174
1753 2008
1753 1164
989 650
989 1071
1382 1993
1382 1229
1297 245
1297 1617
1141 1498
1141 1986
1647 393
1647 495
140 1504
140 12
1683 1861
1683 511
1927 1609
1927 1062
941 517
941 627
1633 539
1633 514
1120 553
1120 1402
303 1977
303 195
2016 881
2016 337
885 1119
885 1870
1981 592
1981 1005
1697 579
1697 135
913 302
913 425
1676 115
1676 1548
1133 931
1133 518
748 1754
748 189
1257 1175
1257 630
1379 1655
1379 164
378 222
378 362
478 1969
478 1018
531 1999
531 19
428 986
428 1090
610 385
610 624
1596 985
1596 1131
1327 116
1327 1469
784 1126
784 1400
877 279
877 841
1956 1687
1956 493
707 1472
707 1046
360 479
360 144
1403 1286
1403 1568
1278 1632
1278 1240
247 970
247 123
525 1686
525 1625
904 832
904 1453
1158 817
1158 563
1621 1965
1621 1043
458 1463
458 1187
445 1773
445 1812
557 439
557 1578
491 25
491 810
870 1837
870 254
1393 434
1393 1372
682 415
682 1855
149 1217
149 708
260 605
260 1716
272 1395
272 1132
906 956
906 1308
345 26
345 1232
1160 1241
1160 793
1096 1470
1096 688
1659 1019
1659 1454
1971 1480
1971 636
546 769
546 1270
1362 236
1362 435
762 819
762 1789
1492 128
1492 1590
1048 120
1048 1569
295 2028
295 1390
1029 1353
1029 723
1349 1873
1349 296
1093 1358
1093 1085
648 481
648 153
1234 1888
1234 1423
290 1741
290 1179
795 843
795 1555
1932 1962
1932 2020
943 1825
943 318
854 1540
854 1142
1875 1895
1875 1575
325 29
325 1620
67 1231
67 307
1652 1087
1652 1681
59 1319
59 1208
1303 979
1303 623
73 1719
73 1167
467 1109
467 1293
1570 1835
1570 192
1960 1050
1960 1168
388 1933
388 642
84 1
84 1194
191 710
191 215
277 1834
277 996
686 264
686 728
692 855
692 1038
616 498
616 848
858 288
858 1728
1276 1116
1276 1465
1736 1572
1736 1628
618 1324
618 536
1204 1035
1204 453
11 232
11 386
1900 1292
1900 259
1370 1343
1370 1305
1909 1333
1909 693
1008 127
1008 1385
1246 1464
1246 1493
1397 593
1397 1940
1987 791
1987 2042
298 1663
298 182
1410 1219
1410 1112
842 1026
842 1517
1729 196
1729 1055
655 1702
655 1566
470 1056
470 1212
976 541
976 1460
30 1948
30 545
1839 78
1839 860
1851 1535
1851 32
235 850
235 1485
1665 2045
1665 1737
1073 651
1073 1258
241 758
241 270
1792 1863
1792 1983
785 829
785 1611
878 219
878 713
949 1098
949 111
952 2017
952 172
1134 1034
1134 1890
1310 975
1310 705
1673 28
1673 1069
724 880
724 2030
1801 392
1801 1161
1053 1274
1053 1577
1565 664
1565 615
1928 1630
1928 2014
1248 1953
1248 1165
1263 1036
1263 547
886 863
886 1065
1678 1392
1678 408
1831 1496
1831 1723
973 584
973 1827
1197 1558
1197 282
2002 752
2002 1002
1331 7
1331 1808
658 1009
658 665
1777 328
1777 1943
1525 1037
1525 1521
510 326
510 242
1648 657
1648 269
1662 1200
1662 920
286 1316
286 1354
1944 1838
1944 94
1966 1585
1966 198
1466 1995
1466 1412
566 1171
566 1688
1057 1247
1057 1852
847 1573
847 828
1338 674
1338 720
591 961
591 1409
1758 1309
1758 1411
207 544
207 715
596 656
596 402
1554 64
1554 1014
575 505
575 239
381 1859
381 1059
999 1724
999 87
1708 1266
1708 701
995 1061
995 619
368 1755
368 117
1095 1667
1095 883
1623 430
1623 742
