31 63 45157292
10 29
10 13
29 30
29 21
13 27
13 31
30 28
30 14
21 6
21 7
27 22
27 3
31 1
31 2
28 16
28 19
14 15
14 12
6 4
6 18
7 20
7 9
22 23
22 25
3 11
3 24
1 17
1 5
2 26
2 8
15 57
15 24
57 29
57 31
24 18
24 62
29 33
29 17
31 45
31 36
18 58
18 30
62 23
62 1
33 41
33 16
17 32
17 52
45 8
45 39
36 4
36 46
58 9
58 11
30 3
30 51
23 35
23 14
1 2
1 21
41 27
41 37
16 13
16 7
32 60
32 40
52 26
52 5
8 50
8 48
39 63
39 43
4 55
4 6
46 12
46 20
9 44
9 10
11 47
11 19
3 59
3 22
51 53
51 61
35 34
35 25
14 54
14 28
2 49
2 42
21 38
21 56
