255 255 9619
164 8
164 140
8 105
8 110
140 181
140 150
105 116
105 207
110 253
110 55
181 19
181 87
150 196
150 93
116 81
116 186
207 222
207 131
253 252
253 231
55 249
55 46
19 165
19 106
87 211
87 153
196 200
196 238
93 177
93 246
81 107
81 7
186 227
186 47
222 188
222 217
131 154
131 25
252 146
252 62
231 130
231 41
249 53
249 197
46 117
46 183
165 244
165 221
106 215
106 210
211 218
211 85
153 75
153 198
200 83
200 95
238 167
238 6
177 142
177 86
246 112
246 69
107 219
107 225
7 212
7 82
227 108
227 120
47 20
47 230
188 74
188 35
217 173
217 31
154 76
154 36
25 226
25 67
146 78
146 4
62 239
62 68
130 49
130 12
41 242
41 248
53 38
53 30
197 152
197 21
117 94
117 156
183 191
183 104
244 139
244 73
221 121
221 17
215 163
215 60
210 96
210 45
218 119
218 127
85 149
85 101
75 179
75 39
198 189
198 202
83 24
83 157
95 64
95 234
167 237
167 223
6 190
6 240
142 182
142 48
86 255
86 118
112 14
112 134
69 195
69 162
219 23
219 28
225 114
225 10
212 33
212 113
82 2
82 228
108 148
108 161
120 229
120 245
20 201
20 178
230 160
230 63
74 204
74 1
35 5
35 11
173 88
173 159
31 247
31 205
76 171
76 97
36 123
36 90
226 175
226 89
67 15
67 133
78 72
78 98
4 84
4 187
239 174
239 29
68 128
68 129
49 43
49 194
12 111
12 65
242 176
242 216
248 80
248 250
38 34
38 61
30 172
30 9
152 57
152 236
21 51
21 102
94 122
94 42
156 126
156 22
191 180
191 214
104 16
104 184
139 158
139 192
73 168
73 109
121 125
121 233
17 71
17 151
163 209
163 37
60 141
60 185
96 18
96 124
45 52
45 147
119 220
119 243
127 100
127 32
149 251
149 232
101 203
101 145
179 224
179 138
39 27
39 136
189 254
189 56
202 99
202 135
24 26
24 50
157 103
157 79
64 59
64 169
234 143
234 3
237 77
237 54
223 213
223 170
190 40
190 241
240 235
240 193
182 137
182 91
48 44
48 206
255 66
255 132
118 199
118 166
14 92
14 115
134 58
134 155
195 144
195 70
162 208
162 13
4 77
4 158
77 208
77 224
158 204
158 13
208 98
208 99
224 230
224 58
204 184
204 244
13 199
13 37
98 107
98 175
99 138
99 51
230 134
230 54
58 82
58 254
184 150
184 154
244 121
244 42
199 218
199 80
37 11
37 249
107 247
107 29
175 151
175 63
138 59
138 15
51 164
51 90
134 161
134 48
54 31
54 116
82 182
82 106
254 225
254 62
150 83
150 194
154 185
154 64
121 112
121 216
42 69
42 85
218 101
218 128
80 248
80 144
11 241
11 210
249 156
249 146
247 250
247 202
29 81
29 152
151 3
151 205
63 93
63 105
59 96
59 173
15 127
15 27
164 18
164 165
90 235
90 188
161 215
161 94
48 246
48 78
31 176
31 66
116 16
116 180
182 174
182 227
106 193
106 21
225 125
225 252
62 76
62 211
83 55
83 71
194 142
194 228
185 200
185 24
64 72
64 92
112 45
112 167
216 70
216 137
69 237
69 75
85 141
85 133
101 126
101 88
128 147
128 115
248 32
248 234
144 172
144 219
241 191
241 10
210 222
210 65
156 19
156 155
146 109
146 44
250 166
250 73
202 231
202 162
81 245
81 113
152 17
152 86
3 68
3 226
205 1
205 108
93 159
93 243
105 46
105 160
96 118
96 97
173 41
173 214
127 217
127 36
27 114
27 49
18 198
18 163
165 201
165 140
235 67
235 192
188 168
188 177
215 149
215 5
94 20
94 178
246 187
246 233
78 207
78 52
176 206
176 242
66 30
66 169
16 183
16 39
180 43
180 129
174 238
174 212
227 131
227 186
193 213
193 251
21 28
21 223
125 14
125 197
252 9
252 122
76 117
76 229
211 35
211 157
55 25
55 33
71 135
71 190
142 220
142 60
228 22
228 26
200 91
200 23
24 171
24 195
72 123
72 38
92 236
92 74
45 170
45 61
167 239
167 53
70 240
70 132
137 2
137 110
237 120
237 6
75 143
75 119
141 221
141 130
133 56
133 124
126 84
126 102
88 179
88 47
147 95
147 104
115 100
115 89
32 40
32 79
234 145
234 189
172 103
172 50
219 148
219 203
191 196
191 153
10 139
10 87
222 255
222 232
65 57
65 12
19 181
19 7
155 34
155 136
109 253
109 209
44 111
44 8
