2047 2047 10
1793 489
1793 133
489 1101
489 7
133 168
133 1549
1101 1192
1101 1706
7 180
7 1824
168 1672
168 735
1549 571
1549 1389
1192 1662
1192 485
1706 1869
1706 321
180 727
180 1977
1824 710
1824 1315
1672 966
1672 1322
735 1591
735 753
571 1610
571 519
1389 569
1389 1992
1662 741
1662 212
485 1925
485 1909
1869 181
1869 945
321 1064
321 1039
727 1074
727 1510
1977 88
1977 1546
710 1729
710 1535
1315 531
1315 1313
966 5
966 1746
1322 831
1322 105
1591 444
1591 1964
753 1841
753 1386
1610 820
1610 1658
519 1166
519 576
569 71
569 589
1992 743
1992 2038
741 1569
741 220
212 104
212 1774
1925 1550
1925 436
1909 1207
1909 2014
181 1327
181 1740
945 1432
945 57
1064 545
1064 782
1039 521
1039 1825
1074 1966
1074 857
1510 305
1510 836
88 734
88 807
1546 1218
1546 982
1729 497
1729 61
1535 1330
1535 1275
531 36
531 461
1313 1304
1313 923
5 971
5 1226
1746 1410
1746 1681
831 1946
831 567
105 1777
105 534
444 326
444 1571
1964 529
1964 144
1841 2004
1841 756
1386 696
1386 1080
820 416
820 1943
1658 879
1658 1446
1166 1409
1166 640
576 1384
576 814
71 325
71 1651
589 1198
589 1495
743 500
743 695
2038 1353
2038 1648
1569 950
1569 1453
220 1976
220 1901
104 450
104 1849
1774 1619
1774 1830
1550 1268
1550 1486
436 895
436 1593
1207 1408
1207 400
2014 1996
2014 468
1327 24
1327 659
1740 662
1740 1035
1432 817
1432 845
57 113
57 425
545 1083
545 1004
782 1989
782 107
521 1450
521 490
1825 2008
1825 235
1966 279
1966 783
857 204
857 1400
305 2025
305 118
836 1632
836 864
734 166
734 1416
807 201
807 1397
1218 1001
1218 649
982 20
982 1854
497 1831
497 456
61 1846
61 1852
1330 603
1330 1788
1275 968
1275 732
36 123
36 701
461 1514
461 1790
1304 102
1304 1843
923 368
923 1345
971 397
971 856
1226 361
1226 1025
1410 709
1410 528
1681 1883
1681 1554
1946 928
1946 1814
567 818
567 125
1777 1350
1777 624
534 1063
534 1583
326 1773
326 1263
1571 1395
1571 907
529 1635
529 915
144 1791
144 312
2004 611
2004 1615
756 164
756 1650
696 323
696 1100
1080 1005
1080 547
416 850
416 754
1943 646
1943 594
879 661
879 1191
1446 821
1446 1759
1409 223
1409 344
640 555
640 349
1384 1123
1384 1876
814 792
814 578
325 1666
325 1948
1651 1894
1651 1858
1198 763
1198 232
1495 1152
1495 733
500 138
500 1523
695 740
695 1363
1353 13
1353 95
1648 1539
1648 518
950 309
950 1743
1453 1603
1453 719
1976 1042
1976 53
1901 422
1901 331
450 338
450 1589
1849 839
1849 825
1619 1160
1619 604
1830 867
1830 865
1268 1875
1268 1534
1486 66
1486 278
895 910
895 1705
1593 1428
1593 1125
1408 738
1408 145
400 924
400 1347
1996 1889
1996 651
468 1565
468 1057
24 1403
24 430
659 2036
659 1697
662 563
662 1336
1035 1582
1035 1620
817 1861
817 458
845 948
845 1828
113 63
113 97
425 481
425 1059
1083 1508
1083 1029
1004 1312
1004 525
1989 1789
1989 1131
107 1055
107 1128
1450 677
1450 777
490 724
490 1984
2008 560
2008 1047
235 2018
235 30
279 1343
279 679
783 744
783 1219
204 1498
204 1368
1400 911
1400 1420
2025 501
2025 728
118 360
118 550
1632 992
1632 1555
864 503
864 1826
166 205
166 1880
1416 2041
1416 676
201 1111
201 692
1397 1835
1397 562
1001 229
1001 941
649 1098
649 1935
20 537
20 1930
1854 127
1854 934
1831 946
1831 462
456 1092
456 445
1846 1346
1846 91
1852 1434
1852 1383
603 1711
603 1148
1788 1473
1788 488
968 601
968 1077
732 19
732 1143
123 487
123 427
701 1853
701 1341
1514 1091
1514 1140
1790 426
1790 1908
102 616
102 383
1843 1829
1843 1694
368 417
368 1273
1345 388
1345 559
397 1827
397 622
856 745
856 1484
361 73
361 4
1025 2024
1025 480
709 1862
709 319
528 52
528 936
1883 1082
1883 1779
1554 190
1554 1671
928 1882
928 1426
1814 1459
1814 149
818 62
818 826
125 1914
125 731
1350 315
1350 1906
624 1956
624 251
1063 1811
1063 477
1583 1768
1583 467
1773 1437
1773 179
1263 1188
1263 526
1395 80
1395 1296
907 1479
907 797
1635 226
1635 1607
915 433
915 317
1791 1663
1791 2016
312 1175
312 381
611 1728
611 762
1615 702
1615 1461
164 382
164 780
1650 914
1650 539
323 1531
323 1742
1100 1492
1100 561
1005 282
1005 1919
547 185
547 1954
850 666
850 1837
754 1622
754 35
646 678
646 1216
594 1668
594 656
661 1530
661 154
1191 428
1191 1753
821 1985
821 112
1759 935
1759 1533
223 26
223 1612
344 1021
344 586
555 259
555 973
349 1097
349 1311
1123 1507
1123 1485
1876 1802
1876 1819
792 767
792 1467
578 1447
578 1032
1666 1284
1666 217
1948 352
1948 1864
1894 86
1894 2031
1858 1731
1858 419
763 940
763 1142
232 1910
232 471
1152 408
1152 511
733 736
733 1685
138 1329
138 1378
1523 920
1523 1117
740 1303
740 1399
1363 1763
1363 766
13 1118
13 1300
95 1543
95 664
1539 2020
1539 1228
518 729
518 1823
309 1096
309 1242
1743 274
1743 28
1603 1213
1603 993
719 513
719 551
1042 339
1042 1815
53 289
53 1981
422 1781
422 1857
331 1309
331 700
338 22
338 1542
1589 544
1589 99
839 739
839 1859
825 129
825 241
1160 375
1160 1210
604 962
604 593
867 1120
867 2033
865 1528
865 1732
1875 1766
1875 574
1534 1817
1534 1703
66 978
66 453
278 588
278 216
910 1771
910 47
1705 1022
1705 1056
1428 141
1428 1733
1125 336
1125 307
738 871
738 1751
145 644
145 1027
924 806
924 898
1347 693
1347 810
1889 295
1889 1778
651 1942
651 261
1565 1497
1565 1617
1057 1932
1057 1086
1403 1205
1403 1924
430 1997
430 1026
2036 916
2036 1860
1697 136
1697 527
563 1739
563 85
1336 1563
1336 219
1582 999
1582 789
1620 484
1620 1411
1861 1921
1861 1652
458 1138
458 236
948 314
948 779
1828 301
1828 496
63 689
63 665
97 870
97 253
481 530
481 237
1059 1221
1059 25
1508 1262
1508 2023
1029 396
1029 1252
1312 449
1312 707
525 1647
525 221
1789 1952
1789 378
1131 600
1131 364
1055 54
1055 463
1128 1256
1128 1806
677 1556
677 1673
777 92
777 1839
724 925
724 240
1984 1595
1984 367
560 83
560 1264
1047 1553
1047 1051
2018 1482
2018 1896
30 862
30 922
1343 479
1343 354
679 84
679 1782
744 2005
744 1969
1219 1691
1219 804
1498 1362
1498 1460
1368 1119
1368 1855
911 1067
911 197
1420 243
1420 130
501 1752
501 584
728 1834
728 405
360 1448
360 778
550 15
550 650
992 1661
992 1490
1555 1012
1555 1276
503 225
503 2009
1826 608
1826 799
205 1877
205 931
1880 974
1880 2010
2041 34
2041 582
676 117
676 951
1111 1886
1111 1639
692 2017
692 150
1835 687
1835 316
562 1812
562 213
229 747
229 957
941 1340
941 1885
1098 553
1098 109
1935 1513
1935 1717
537 67
537 1150
1930 1920
1930 49
127 1429
127 929
934 45
934 861
946 186
946 1155
462 1801
462 1770
1092 1431
1092 1807
445 1214
445 610
1346 346
1346 629
91 1468
91 1113
1434 1440
1434 938
1383 830
1383 76
1711 1087
1711 1808
1148 1631
1148 1372
1473 1941
1473 288
488 1288
488 1624
601 1153
601 886
1077 1227
1077 1776
19 1822
19 252
1143 42
1143 1084
487 1913
487 1784
427 1756
427 211
1853 275
1853 1578
1341 369
1341 1458
1091 120
1091 1388
1140 694
1140 765
426 994
426 452
1908 451
1908 423
616 2026
616 1836
383 1676
383 37
1829 742
1829 1470
1694 139
1694 546
417 1016
417 391
1273 759
1273 1714
388 848
388 921
559 1541
559 975
1827 1337
1827 1660
622 1521
622 504
745 668
745 1176
1484 538
1484 39
73 956
73 1335
4 276
4 2045
2024 1840
2024 1321
480 1073
480 281
1862 1390
1862 1608
319 318
319 623
52 1030
52 1182
936 215
936 1344
1082 1398
1082 1326
1779 647
1779 1931
190 1654
190 800
1671 142
1671 385
1882 1212
1882 119
1426 548
1426 29
1459 967
1459 1277
149 885
149 1231
62 90
62 1715
826 991
826 874
1914 1590
1914 587
731 1687
731 421
315 486
315 1451
1906 1682
1906 1127
1956 541
1956 1949
251 1646
251 1396
1811 1950
1811 1215
477 672
477 1850
1768 639
1768 1693
467 1561
467 976
1437 1491
1437 794
179 1255
179 68
1188 686
1188 1184
526 328
526 570
80 48
80 768
1296 1246
1296 1972
1479 1792
1479 94
797 1361
797 284
226 2027
226 1895
1607 184
1607 602
433 1900
433 1963
317 770
317 1959
1663 751
1663 1253
2016 1358
2016 330
1175 1912
1175 631
381 752
381 809
1728 1144
1728 1803
762 598
762 464
702 846
702 987
1461 1193
1461 1633
382 87
382 1374
780 1933
780 1629
914 1799
914 370
539 1424
539 1499
1531 1121
1531 69
1742 406
1742 609
1492 1115
1492 206
561 1566
561 1725
282 1422
282 153
1919 958
1919 2029
185 718
185 990
1954 942
1954 606
666 1738
666 1988
1837 175
1837 482
1622 1061
1622 1538
35 384
35 1576
678 1870
678 1798
1216 633
1216 1070
1668 896
1668 377
656 1734
656 1634
1530 961
1530 75
154 933
154 1562
428 371
428 2039
1753 1965
1753 1145
1985 188
1985 1699
112 1295
112 813
935 714
935 1068
1533 1506
1533 193
26 260
26 287
1612 1573
1612 1760
1021 642
1021 1349
586 851
586 1135
259 1251
259 1007
973 1678
973 1171
1097 1170
1097 1844
1311 1915
1311 943
1507 508
1507 1094
1485 580
1485 308
1802 1041
1802 55
1819 1455
1819 1114
767 1050
767 1249
1467 543
1467 1359
1447 1653
1447 1365
1032 1505
1032 1445
1284 98
1284 1918
217 167
217 618
352 1342
352 1301
1864 684
1864 1183
86 1621
86 1982
2031 165
2031 1613
1731 828
1731 1509
419 1165
419 473
940 1745
940 658
1142 1370
1142 573
1910 1302
1910 1679
471 1247
471 1449
408 1040
408 926
511 182
511 337
736 581
736 1052
1685 1168
1685 1222
1329 1203
1329 1974
1378 1401
1378 1851
920 903
920 983
1117 876
1117 1971
1303 210
1303 1209
1399 1066
1399 1527
1763 1475
1763 1899
766 1435
766 248
1118 844
1118 1477
1300 100
1300 1065
1543 1452
1543 1494
664 1520
664 891
2020 171
2020 1238
1228 1955
1228 855
729 963
729 2046
1823 1206
1823 1232
1096 183
1096 1991
1242 1845
1242 1501
274 121
274 512
28 835
28 1239
1213 703
1213 1636
993 1551
993 250
513 552
513 191
551 1318
551 1348
339 972
339 1489
1815 579
1815 1998
289 1587
289 583
1981 605
1981 641
1781 2011
1781 1124
1857 1637
1857 1695
1309 1331
1309 628
700 883
700 654
22 135
22 1518
1542 705
1542 1418
544 685
544 1655
99 854
99 9
739 341
739 1179
1859 1034
1859 667
129 437
129 1079
241 535
241 1323
375 1442
375 1724
1210 1767
1210 386
962 1709
962 790
593 536
593 124
1120 1903
1120 1579
2033 1240
2033 906
1528 1721
1528 291
1732 74
1732 1282
1766 1923
1766 1391
574 1873
574 1031
1817 1008
1817 1669
1703 1575
1703 207
978 96
978 1402
453 1559
453 1108
588 494
588 1267
216 1053
216 775
1771 228
1771 1597
47 620
47 265
1022 1338
1022 81
1056 1892
1056 652
141 155
141 841
1733 50
1733 721
336 413
336 1785
307 1888
307 1133
871 293
871 1628
1751 1291
1751 1245
644 918
644 1328
1027 1271
1027 238
806 773
806 245
898 1317
898 373
693 1786
693 448
810 1757
810 614
295 597
295 1980
1778 1258
1778 887
1942 1723
1942 592
261 1927
261 1334
1497 415
1497 1139
1617 1686
1617 1493
1932 1599
1932 801
1086 648
1086 172
1205 1033
1205 103
1924 357
1924 1796
1997 1043
1997 1254
1026 242
1026 134
916 626
916 1185
1860 132
1860 2015
136 680
136 1235
527 1983
527 1352
1739 1594
1739 509
85 1156
85 829
1563 1204
1563 1195
219 56
219 947
999 195
999 1044
789 1596
789 1158
484 8
484 1749
1411 267
1411 440
1921 1
1921 41
1652 514
1652 304
1138 442
1138 904
236 1013
236 1897
314 1320
314 868
779 399
779 720
301 333
301 1478
496 89
496 1887
689 1225
689 1382
665 264
665 93
870 1986
870 1412
253 1102
253 1465
530 1975
530 1581
237 493
237 791
1221 1719
1221 660
25 163
25 1427
1262 1961
1262 491
2023 1517
2023 272
396 838
396 1028
1252 772
1252 2037
449 365
449 1754
707 1818
707 126
1647 1532
1647 1684
221 760
221 506
1952 447
1952 612
378 1014
378 833
600 1545
600 1379
364 515
364 1821
54 959
54 1809
463 1548
463 510
1256 996
1256 1813
1806 329
1806 1287
1556 502
1556 989
1673 1234
1673 615
92 1314
92 1606
1839 200
1839 1229
925 1847
925 1488
240 160
240 2012
1595 411
1595 1020
367 1439
367 294
83 1953
83 310
1264 244
1264 1867
1553 884
1553 1186
1051 1472
1051 498
1482 655
1482 889
1896 1795
1896 726
862 2032
862 1800
922 393
922 713
479 1037
479 1999
354 671
354 290
84 853
84 283
1782 894
1782 1902
2005 1371
2005 1665
1969 558
1969 1878
1691 1904
1691 1236
804 2003
804 523
1362 1122
1362 1261
1460 899
1460 1496
1119 1023
1119 1425
1855 1233
1855 909
1067 189
1067 1626
197 38
197 1289
243 1357
243 798
130 389
130 808
1752 2002
1752 1471
584 266
584 1780
1834 737
1834 1926
405 1003
405 1141
1448 443
1448 231
778 1208
778 208
15 2028
15 114
650 2042
650 997
1661 1469
1661 454
1490 1045
1490 1369
1012 675
1012 2035
1276 863
1276 1810
225 877
225 1522
2009 1712
2009 892
608 888
608 1116
799 1957
799 1430
1877 1820
1877 270
931 1298
931 764
974 78
974 46
2010 1503
2010 1250
34 1104
34 1062
582 1483
582 115
117 398
117 457
951 1281
951 979
1886 262
1886 1787
1639 1333
1639 1463
2017 342
2017 1891
150 1480
150 1656
687 209
687 1423
316 902
316 1700
1812 1072
1812 239
213 1211
213 1129
747 1159
747 2001
957 1601
957 335
1340 2021
1340 1993
1885 256
1885 12
553 564
553 1438
109 2030
109 255
1513 2019
1513 499
1717 1457
1717 1764
67 811
67 1075
1150 202
1150 1659
1920 1310
1920 1019
49 1433
49 1945
1429 1667
1429 1167
929 1970
929 412
45 1710
45 218
861 1557
861 627
186 522
186 1772
1155 805
1155 2034
1801 673
1801 446
1770 681
1770 1922
1431 1928
1431 2022
1807 1015
1807 32
1214 1614
1214 1376
610 1202
610 1441
346 1305
346 1126
629 1805
629 439
1468 697
1468 394
1113 1270
1113 1417
1440 21
1440 392
938 932
938 1356
830 901
830 699
76 1456
76 900
1087 873
1087 1223
1808 1707
1808 1163
1631 1618
1631 1577
1372 1726
1372 414
1941 577
1941 233
288 595
288 438
1288 882
1288 1797
1624 401
1624 1354
1153 1638
1153 824
886 787
886 258
1227 1987
1227 1939
1776 1172
1776 269
1822 359
1822 410
252 59
252 1380
42 1641
42 1266
1084 1580
1084 1642
1913 568
1913 348
1784 1722
1784 1762
1756 540
1756 2044
211 1308
211 1257
275 2043
275 77
1578 1916
1578 1605
369 1174
369 964
1458 954
1458 2013
120 1476
120 788
1388 516
1388 1512
694 1018
694 785
765 1180
765 706
994 1794
994 263
452 815
452 1504
451 1540
451 1995
423 653
423 969
2026 758
2026 33
1836 1187
1836 1584
1676 1324
1676 2047
37 320
37 1848
742 998
742 1978
1470 140
1470 1325
139 690
139 965
546 913
546 542
1016 575
1016 1547
391 746
391 1602
759 1259
759 2000
1714 234
1714 1404
848 859
848 1585
921 1071
921 1294
1541 1351
1541 101
975 143
975 1151
1337 1623
1337 1046
1660 691
1660 14
1521 1106
1521 617
504 1112
504 1866
668 1474
668 303
1176 347
1176 875
538 407
538 1702
39 1280
39 1524
956 1146
956 465
1335 698
1335 1716
276 1598
276 1292
2045 1024
2045 1011
1840 254
1840 505
1321 1224
1321 297
1073 533
1073 1758
281 1675
281 1929
1390 1735
1390 1761
1608 1436
1608 351
318 823
318 1393
623 869
623 402
1030 23
1030 1220
1182 682
1182 1364
215 1248
215 795
1344 557
1344 1960
1398 311
1398 432
1326 478
1326 866
647 147
647 1816
1931 376
1931 1173
1654 847
1654 343
800 722
800 1157
142 128
142 372
385 230
385 725
1212 1201
1212 300
119 1375
119 1874
548 306
548 16
29 379
29 1683
967 472
967 1373
1277 366
1277 1307
885 840
885 390
1231 1838
1231 1381
90 596
90 1863
1715 194
1715 517
991 1269
991 1058
874 1414
874 1748
1590 1727
1590 607
587 1290
587 1502
1687 1905
1687 1765
421 1842
421 985
486 632
486 995
1451 1940
1451 285
1682 1161
1682 82
1127 1006
1127 3
541 51
541 1701
1949 1898
1949 1704
1646 495
1646 362
1396 643
1396 79
1950 613
1950 1544
1215 1769
1215 1194
672 1744
672 1560
1850 1511
1850 268
639 1002
639 832
1693 1670
1693 356
1561 1413
1561 431
976 749
976 1630
1491 1962
1491 424
794 1017
794 2040
1255 1339
1255 1944
68 1881
68 176
686 980
686 137
1184 60
1184 1938
328 1385
328 927
570 2007
570 507
48 1199
48 708
768 298
768 1419
1246 730
1246 1968
1972 912
1972 1536
1792 520
1792 711
94 17
94 1069
1361 1865
1361 663
284 156
284 1718
2027 683
2027 816
1895 1038
1895 198
184 246
184 1552
602 1286
602 1586
1900 549
1900 1893
1963 786
1963 893
770 222
770 322
1959 340
1959 151
751 881
751 161
1253 157
1253 106
1358 1616
1358 1500
330 387
330 1526
1912 1783
1912 858
631 852
631 635
752 1197
752 277
809 469
809 1244
1144 1162
1144 1755
1803 905
1803 1137
598 65
598 1951
464 1713
464 1515
846 174
846 1081
987 286
987 327
1193 1076
1193 1890
1633 1736
1633 849
87 1911
87 70
1374 1568
1374 955
1933 1169
1933 919
1629 44
1629 1406
1799 476
1799 1879
370 986
370 1937
1424 1696
1424 159
1499 1872
1499 1529
1121 1688
1121 625
69 292
69 247
406 1698
406 1230
609 1394
609 981
1115 1680
1115 1010
206 257
206 10
1566 1355
1566 860
1725 1189
1725 1285
1422 380
1422 748
153 1677
153 715
958 1149
958 645
2029 429
2029 152
718 1103
718 313
990 116
990 1078
942 108
942 1627
606 842
606 199
1738 1443
1738 1260
1988 1690
1988 1090
175 18
175 1134
482 345
482 1649
1061 1109
1061 302
1538 1036
1538 636
384 1708
384 1674
1576 1178
1576 1316
1870 1105
1870 1907
1798 43
1798 793
633 872
633 704
1070 669
1070 1306
896 843
896 1487
377 1741
377 403
1734 1462
1734 1243
1634 803
1634 1644
961 280
961 1917
75 455
75 1737
933 395
933 1332
1562 249
1562 554
371 1136
371 1088
2039 1645
2039 619
1965 1832
1965 1689
1145 1958
1145 1657
188 1272
188 1200
1699 939
1699 784
1295 1884
1295 1147
813 1973
813 1692
714 1085
714 1947
1068 1730
1068 949
1506 332
1506 1588
193 1278
193 148
260 1265
260 812
287 1664
287 483
1573 1392
1573 420
1760 988
1760 556
642 755
642 1611
1349 590
1349 1407
851 1181
851 196
1135 203
1135 441
1251 1049
1251 475
1007 1190
1007 771
1678 1564
1678 1107
1171 1720
1171 953
1170 1093
1170 897
1844 1592
1844 1481
1915 524
1915 670
943 1747
943 637
508 358
508 1377
1094 1241
1094 1519
580 819
580 187
308 1293
308 466
1041 1297
1041 1367
55 1572
55 27
1455 599
1455 110
1114 409
1114 170
1050 952
1050 64
1249 1856
1249 40
543 1196
543 1454
1359 1415
1359 834
1653 273
1653 532
1365 1804
1365 1048
1505 717
1505 1466
1445 621
1445 1570
98 470
98 434
1918 31
1918 674
167 2006
167 1525
618 1237
618 776
1342 630
1342 757
1301 162
1301 890
684 944
684 774
1183 158
1183 572
1621 131
1621 761
1982 1994
1982 565
165 750
165 111
1613 1177
1613 1609
828 638
828 657
1509 1625
1509 435
1165 1154
1165 1990
473 1604
473 460
1745 781
1745 1936
658 1009
658 880
1370 6
1370 585
573 1967
573 1130
1302 2
1302 634
1679 1095
1679 169
1247 591
1247 299
1449 363
1449 1979
1040 1360
1040 1217
926 1054
926 1558
182 1833
182 1387
337 796
337 459
581 418
581 214
1052 827
1052 1405
1168 1274
1168 1110
1222 878
1222 1366
1203 1516
1203 192
1974 1444
1974 1464
1401 146
1401 350
1851 1574
1851 1099
903 404
903 324
983 1299
983 1132
876 977
876 917
1971 1000
1971 930
210 1164
210 802
1209 723
1209 1319
1066 984
1066 937
1527 769
1527 1537
1475 822
1475 1283
1899 1868
1899 1089
1435 122
1435 474
248 353
248 58
844 960
844 1643
1477 1421
1477 1600
100 716
100 1750
1065 173
1065 271
1452 970
1452 1567
1494 908
1494 566
1520 224
1520 72
891 355
891 1640
171 334
171 492
1238 1871
1238 11
1955 178
1955 837
855 177
855 227
963 688
963 374
2046 1934
2046 1279
1206 1060
1206 296
1232 1775
1232 712
1890 199
1890 812
199 1502
199 306
812 1817
812 1194
1502 1846
1502 674
306 1041
306 360
1817 638
1817 956
1194 1433
1194 521
1846 1384
1846 1002
674 1641
674 1909
1041 1324
1041 1959
360 1958
360 600
638 251
638 1929
956 2035
956 380
1433 1678
1433 1638
521 1738
521 1373
1384 1228
1384 1620
1002 1075
1002 230
1641 136
1641 1864
1909 1813
1909 1567
1324 125
1324 325
1959 214
1959 1473
1958 898
1958 986
600 697
600 1539
251 1725
251 66
1929 1504
1929 1158
2035 1650
2035 1683
380 906
380 460
1678 50
1678 583
1638 1703
1638 711
1738 211
1738 1681
1373 833
1373 1127
1228 1477
1228 1860
1620 1072
1620 1866
1075 283
1075 780
230 1114
230 354
136 1331
136 1047
1864 23
1864 1130
1813 1830
1813 634
1567 726
1567 1565
125 1996
125 1529
325 947
325 1465
214 869
214 1707
1473 1935
1473 1391
898 1668
898 348
986 1437
986 1895
697 1306
697 977
1539 203
1539 692
1725 644
1725 1133
66 1676
66 804
1504 1021
1504 885
1158 849
1158 495
1650 1007
1650 1042
1683 1423
1683 1274
906 1594
906 794
460 1754
460 496
50 1941
50 1329
583 44
583 179
1703 212
1703 121
711 410
711 1459
211 43
211 1885
1681 645
1681 1892
833 1913
833 1609
1127 407
1127 91
1477 729
1477 1285
1860 1655
1860 919
1072 259
1072 1242
1866 99
1866 736
283 2020
283 679
780 1735
780 768
1114 102
1114 83
354 1766
354 16
1331 143
1331 563
1047 1562
1047 1938
23 482
23 1999
1130 1736
1130 1610
1830 1339
1830 1224
634 1862
634 1953
726 814
726 1370
1565 1353
1565 1972
1996 1942
1996 1452
1529 84
1529 1142
947 1190
947 546
1465 1038
1465 1356
869 775
869 1870
1707 928
1707 241
1935 854
1935 92
1391 1342
1391 1547
1668 3
1668 1111
348 266
348 1313
1437 35
1437 741
1895 1060
1895 1694
1306 1600
1306 1789
977 890
977 68
203 1429
203 1132
692 973
692 1263
644 876
644 1106
1133 1148
1133 1240
1676 549
1676 506
804 137
804 452
1021 1173
1021 1682
885 628
885 490
849 1230
849 1976
495 1538
495 515
1007 1337
1007 1359
1042 623
1042 707
1423 800
1423 1089
1274 166
1274 1732
1594 556
1594 194
794 1499
794 296
1754 420
1754 1027
496 1208
496 1522
1941 615
1941 685
1329 578
1329 1421
44 767
44 383
179 1914
179 522
212 1484
212 400
121 1528
121 350
410 244
410 1975
1459 1249
1459 1040
43 227
43 326
1885 1017
1885 1827
645 701
645 1630
1892 542
1892 1801
1913 1695
1913 842
1609 327
1609 284
407 1410
407 893
91 632
91 1420
729 834
729 841
1285 72
1285 517
1655 491
1655 761
919 1584
919 1777
259 1049
259 642
1242 661
1242 1634
99 1805
99 1795
736 499
736 1024
2020 1916
2020 276
679 1590
679 1379
1735 1983
1735 552
768 1236
768 1544
102 1729
102 113
83 2004
83 879
1766 1743
1766 1001
16 1945
16 1239
143 675
143 1375
563 1924
563 723
1562 1085
1562 336
1938 965
1938 1841
482 17
482 1296
1999 953
1999 1441
1736 1548
1736 1381
1610 1660
1610 551
1339 792
1339 1748
1224 1377
1224 445
1862 1431
1862 1680
1953 608
1953 1315
814 1404
814 1540
1370 338
1370 1005
1353 328
1353 1374
1972 1176
1972 1110
1942 698
1942 684
1452 769
1452 1763
84 1122
84 1926
1142 530
1142 2023
1190 1555
1190 1340
546 1136
546 142
1038 414
1038 1727
1356 1708
1356 1033
775 925
775 756
1870 415
1870 441
928 1226
928 1344
241 586
241 1849
854 1209
854 547
92 210
92 1677
1342 237
1342 252
1547 1714
1547 1517
3 1965
3 376
1111 1856
1111 821
266 1543
266 832
1313 1553
1313 1626
35 205
35 286
741 1073
741 1745
1060 604
1060 1853
1694 196
1694 1037
1600 712
1600 1393
1789 375
1789 884
890 1899
890 287
68 1361
68 1986
1429 1076
1429 655
1132 1438
1132 728
973 1872
973 187
1263 1270
1263 1974
876 1784
876 65
1106 844
1106 1288
1148 1453
1148 1119
1240 544
1240 1786
549 1570
549 714
506 525
506 1783
137 1197
137 718
452 164
452 1837
1173 1376
1173 710
1682 225
1682 340
628 1476
628 519
490 1966
490 860
1230 42
1230 753
1976 1791
1976 450
1538 1221
1538 864
515 334
515 371
1337 59
1337 1657
1359 1649
1359 1943
623 1299
623 635
707 1084
707 150
800 1685
800 1448
1089 1564
1089 1550
166 1859
166 1741
1732 1605
1732 417
556 1348
556 512
194 1000
194 289
1499 897
1499 37
296 1761
296 1364
420 1461
420 453
1027 1599
1027 1709
1208 527
1208 1328
1522 261
1522 2043
615 1368
615 278
685 1588
685 254
578 1957
578 1
1421 193
1421 1389
767 1927
767 36
383 1825
383 863
1914 1196
1914 255
522 825
522 390
1484 309
1484 2008
400 256
400 1760
1528 528
1528 716
350 562
350 988
244 917
244 274
1975 302
1975 954
1249 1010
1249 272
1040 601
1040 1205
227 1259
227 1264
326 1295
326 28
1017 1016
1017 1951
1827 1026
1827 1651
701 771
701 1734
1630 1446
1630 93
542 130
542 907
1801 807
1801 1303
1695 507
1695 648
842 135
842 488
327 1327
327 301
284 891
284 2041
1410 282
1410 428
893 459
893 616
632 264
632 45
1420 1193
1420 1869
834 1802
834 1838
841 1728
841 1363
72 421
72 727
517 1633
517 1268
491 1919
491 2032
761 438
761 735
1584 1282
1584 1460
1777 1601
1777 935
1049 217
1049 550
642 802
642 982
661 1490
661 636
1634 786
1634 170
1805 1679
1805 501
1795 732
1795 580
499 298
499 1150
1024 232
1024 1746
1916 275
1916 733
276 466
276 873
1590 2026
1590 293
1379 204
1379 1096
1983 618
1983 1068
552 1039
552 1411
1236 95
1236 985
1544 124
1544 724
1729 1271
1729 722
113 1104
113 1670
2004 539
2004 1467
879 1686
879 625
1743 1345
1743 1750
1001 1304
1001 815
1945 843
1945 1310
1239 1500
1239 1481
675 355
675 269
1375 474
1375 983
1924 1383
1924 1371
723 469
723 358
1085 1269
1085 2018
336 313
336 923
965 471
965 1237
1841 46
1841 1971
17 1762
17 77
1296 40
1296 7
953 790
953 188
1441 15
1441 132
1548 427
1548 1143
1381 1541
1381 426
1660 148
1660 1902
551 126
551 592
792 81
792 715
1748 260
1748 737
1377 2011
1377 914
445 425
445 1747
1431 484
1431 1962
1680 1079
1680 904
608 1332
608 1070
1315 412
1315 1961
1404 250
1404 1059
1540 958
1540 946
338 1648
338 1696
1005 215
1005 1188
328 1352
328 1407
1374 1619
1374 111
1176 971
1176 1445
1110 374
1110 508
698 881
698 368
684 1052
684 1687
769 1101
769 1812
1763 1894
1763 929
1122 1293
1122 1022
1926 739
1926 432
530 1781
530 1124
2023 201
2023 681
1555 1833
1555 760
1340 1673
1340 868
1136 942
1136 1390
142 1851
142 667
414 1366
414 950
1727 316
1727 1767
1708 418
1708 1624
1033 1852
1033 1898
925 419
925 927
756 918
756 1607
415 579
415 1744
441 572
441 1807
1226 1191
1226 1091
1344 82
1344 1843
586 192
586 1213
1849 19
1849 1513
1209 300
1209 1170
547 777
547 1501
210 1455
210 2028
1677 1868
1677 1409
237 649
237 1629
252 1003
252 1969
1714 1785
1714 1518
1517 961
1517 140
1965 959
1965 691
376 827
376 184
1856 1218
1856 1214
821 431
821 526
1543 774
1543 772
832 1871
832 332
1553 2039
1553 1486
1626 61
1626 1067
205 307
205 1029
286 20
286 1874
1073 1334
1073 1667
1745 1286
1745 901
604 867
604 887
1853 169
1853 1113
196 922
196 1212
1037 1751
1037 388
712 920
712 875
1393 1739
1393 1982
375 209
375 1887
884 159
884 1684
1899 974
1899 270
287 1537
287 1032
1361 29
1361 1566
1986 1877
1986 58
1076 1314
1076 1575
655 1439
655 1479
1438 609
1438 18
728 650
728 485
1872 880
1872 811
187 1149
187 1520
1270 2044
1270 1202
1974 246
1974 33
1784 206
1784 1699
65 1147
65 1369
844 1769
844 1454
1288 74
1288 1587
1453 888
1453 1251
1119 529
1119 1628
544 30
544 1988
1786 830
1786 612
1570 53
1570 782
714 945
714 116
525 1645
525 1138
1783 968
1783 262
1197 652
1197 1276
718 1086
718 1169
164 808
164 1656
1837 1998
1837 161
1376 1280
1376 1906
710 1632
710 1715
225 805
225 874
340 449
340 703
1476 2013
1476 98
519 817
519 1835
1966 1400
1966 523
860 1187
860 1294
42 1386
42 128
753 671
753 704
1791 1960
1791 1129
450 1163
450 1604
1221 1305
1221 107
864 1931
864 473
334 806
334 373
371 416
371 477
59 921
59 1077
1657 120
1657 364
1649 534
1649 1418
1943 708
1943 1582
1299 520
1299 1542
635 1742
635 717
1084 1436
1084 2017
150 1552
150 803
1685 198
1685 1225
1448 1947
1448 1905
1564 108
1564 213
1550 476
1550 1396
1859 824
1859 1444
1741 1415
1741 915
1605 1713
1605 1973
417 112
417 818
1348 1697
1348 1135
512 1884
512 1994
1000 909
1000 87
289 1661
289 1523
897 1917
897 167
37 359
37 1692
1761 1186
1761 984
1364 1710
1364 695
1461 665
1461 1923
453 133
453 1443
1599 2021
1599 747
1709 1568
1709 1516
527 1549
527 443
1328 367
1328 86
261 122
261 280
2043 1901
2043 1979
1368 118
1368 1403
278 1616
278 430
1588 903
1588 502
254 1179
254 613
1957 689
1957 823
1 1589
1 1826
193 535
193 1252
1389 165
1389 1378
1927 207
1927 602
36 1985
36 1012
1825 764
1825 816
863 639
863 1997
1196 478
1196 773
255 836
255 1206
825 696
825 1069
390 857
390 398
309 366
309 719
2008 1200
2008 819
256 1861
256 240
1760 1847
1760 1712
528 702
528 1863
716 347
716 339
562 595
562 1273
988 1993
988 932
917 1818
917 839
274 2014
274 1556
302 1585
302 784
954 1888
954 1245
1010 700
1010 236
272 1956
272 1335
601 605
601 329
1205 810
1205 320
1259 852
1259 1597
1264 1425
1264 396
1295 239
1295 1928
28 1987
28 158
1016 372
1016 144
1951 1406
1951 1779
1026 1318
1026 975
1651 785
1651 1721
771 352
771 1873
1734 160
1734 317
1446 751
1446 619
93 1724
93 247
130 1720
130 670
907 788
907 295
807 377
807 384
1303 22
1303 1278
507 1809
507 669
648 141
648 1882
135 1642
135 1897
488 896
488 1387
1327 392
1327 1733
301 109
301 560
891 1474
891 1722
2041 1297
2041 657
282 996
282 1053
428 208
428 27
459 70
459 1220
616 461
616 970
264 610
264 1671
45 1800
45 312
1193 993
1193 1277
1869 458
1869 1125
1802 1933
1802 1621
1838 2001
1838 1234
1728 265
1728 463
1363 75
1363 1954
421 912
421 1300
727 1780
727 2
1633 1526
1633 1666
1268 969
1268 1358
1919 344
1919 1434
2032 809
2032 1737
438 14
438 1758
735 1492
735 1216
1282 76
1282 38
1460 614
1460 1839
1601 1121
1601 114
935 1485
935 202
217 606
217 1048
550 285
550 1559
802 1876
802 242
982 268
982 871
1490 1330
1490 1535
636 1572
636 1850
786 500
786 234
170 175
170 1755
1679 153
1679 1652
501 573
501 1878
732 2045
732 361
580 1341
580 941
298 1357
298 1489
1150 1654
1150 1463
232 1840
232 1536
1746 1458
1746 1829
275 2031
275 939
733 223
733 200
466 1964
466 1740
873 1006
873 1816
2026 630
2026 88
293 621
293 980
204 1046
204 486
1096 1004
1096 1145
618 776
618 1778
1068 587
1068 1623
1039 189
1039 749
1411 94
1411 1009
95 1162
95 553
985 47
985 908
124 21
124 1675
724 423
724 405
1271 926
1271 1227
722 1719
722 1472
1104 281
1104 1478
1670 362
1670 1937
539 440
539 878
1467 2006
1467 299
1686 577
1686 899
625 1617
625 1716
1345 1491
1345 1880
1750 1731
1750 593
1304 1533
1304 643
815 1639
815 1382
843 69
843 465
1310 1968
1310 1592
1500 394
1500 1323
1481 1155
1481 1726
355 565
355 1144
269 1246
269 1462
474 1175
474 1457
983 1561
983 1388
1383 117
1383 357
1371 1471
1371 382
469 2037
469 548
358 1496
358 750
1269 1254
1269 183
2018 1494
2018 998
313 1140
313 1272
923 1449
923 1577
471 1267
471 1806
1237 1056
1237 1691
46 90
46 1612
1971 584
1971 1563
1762 389
1762 1281
77 1256
77 1450
40 305
40 837
7 951
7 1105
790 1044
790 574
188 948
188 1081
15 1243
15 1126
132 557
132 989
427 1672
427 1435
1143 2019
1143 1321
1541 1093
1541 149
426 883
426 1289
148 1058
148 721
1902 1255
1902 6
126 2005
126 403
592 1907
592 105
81 1292
81 168
715 97
715 492
260 1788
260 145
737 1511
737 1157
2011 1771
2011 949
914 2046
914 511
425 1346
425 1611
1747 409
1747 493
484 294
484 2007
1962 1108
1962 171
1079 2042
1079 1128
904 1980
904 1508
1332 462
1332 916
1070 693
1070 228
412 1248
412 683
1961 1034
1961 1215
250 1088
250 1109
1059 2029
1059 892
958 1178
958 52
946 687
946 1814
1648 1184
1648 1182
1696 1636
1696 505
215 494
215 791
1188 408
1188 1918
1352 1238
1352 1185
1407 582
1407 174
1619 454
1619 1470
111 9
111 1427
971 640
971 475
1445 1622
1445 1881
374 829
374 770
508 793
508 1116
881 55
881 1082
368 342
368 1591
1052 1307
1052 611
1687 123
1687 393
1101 561
1101 290
1812 249
1812 738
1894 1702
1894 1416
929 1265
929 349
1293 2002
1293 433
1022 748
1022 1530
739 590
739 1925
432 60
432 1858
1781 1799
1781 1401
1124 1857
1124 243
201 783
201 1646
681 1625
681 1325
1833 1910
1833 1828
760 1177
760 1521
1673 558
1673 1354
868 882
868 1606
942 1602
942 866
1390 706
1390 404
1851 395
1851 369
667 570
667 1865
1366 967
1366 963
950 742
950 801
316 730
316 447
1767 1794
1767 1765
418 1199
418 859
1624 1338
1624 1764
1852 1397
1852 1020
1898 545
1898 127
419 104
419 569
927 533
927 960
918 682
918 1372
1607 1867
1607 1192
579 952
579 663
1744 1911
1744 596
572 1934
572 324
1807 399
1807 1063
1191 1615
1191 437
1091 333
1091 1596
82 1904
82 429
1843 503
1843 900
192 1380
192 1948
1213 755
1213 966
19 436
19 1398
1513 386
1513 1164
300 664
300 1015
1170 151
1170 1903
777 510
777 1614
1501 624
1501 343
1455 100
1455 1578
2028 1261
2028 651
1868 216
1868 190
1409 1701
1409 540
649 1456
649 1580
1629 1819
1629 1759
1003 1247
1003 744
1969 1803
1969 1653
1785 1424
1785 567
1518 101
1518 944
961 1430
961 1749
140 1663
140 672
959 1991
959 1137
691 424
691 851
827 1483
827 1355
184 106
184 363
1218 1842
1218 163
1214 1804
1214 905
431 1350
431 277
526 315
526 1308
774 1950
774 1822
772 401
772 1115
1871 2012
1871 185
332 1165
332 292
2039 964
2039 1322
1486 877
1486 337
61 872
61 796
1067 1107
1067 1989
307 470
307 1071
1029 1546
1029 937
20 514
20 1222
1874 666
1874 1509
1334 1189
1334 1757
1667 1557
1667 1466
1286 1333
1286 1099
901 1250
901 894
867 1408
867 858
887 853
887 279
169 1854
169 617
1113 659
1113 1912
922 678
922 1603
1212 235
1212 976
1751 1756
1751 89
388 997
388 1711
920 599
920 994
875 889
875 1203
1739 978
1739 1482
1982 1146
1982 688
209 85
209 479
1887 152
1887 1693
159 538
159 991
1684 509
1684 1574
974 311
974 24
270 1283
270 25
1537 1706
1537 1834
1032 115
1032 1253
29 524
29 467
1566 752
1566 1103
1877 1798
1877 1700
58 162
58 1061
1314 138
1314 1525
1575 1920
1575 1320
1439 1233
1439 1908
1479 656
1479 1793
609 291
609 1787
18 379
18 1475
650 1367
650 1019
485 633
485 31
880 1054
880 778
811 1098
811 1156
1149 314
1149 631
1520 1347
1520 253
2044 861
2044 955
1202 1090
1202 626
246 1772
246 345
33 1505
33 831
206 154
206 2024
1699 351
1699 835
1147 176
1147 1097
1369 1647
1369 233
1769 518
1769 673
1454 848
1454 34
74 218
74 845
1587 54
1587 448
888 2036
888 597
1251 1507
1251 103
529 172
529 78
1628 1810
1628 1662
30 1583
30 516
1988 4
1988 1235
830 513
830 1094
612 1468
612 1074
53 1168
53 2016
782 1844
782 1836
945 797
945 1992
116 1704
116 1257
1645 1554
1645 813
1138 787
1138 341
968 1301
968 1970
262 57
262 1637
652 1664
652 26
1276 1875
1276 1112
1086 1752
1086 346
1169 446
1169 353
808 1560
808 1848
1656 856
1656 1705
1998 229
1998 1312
161 646
161 1598
1280 226
1280 451
1906 444
1906 957
1632 1669
1632 1658
1715 1946
1715 1977
805 543
805 855
874 653
874 745
449 798
449 1260
703 1181
703 536
2013 962
2013 1008
98 310
98 795
817 1717
817 422
1835 1385
1835 709
1400 1030
1400 457
523 1493
523 480
1187 627
1187 1035
1294 838
1294 754
1386 731
1386 356
128 1984
128 1343
671 658
671 1172
704 1995
704 1576
1960 676
1960 660
1129 641
1129 766
1163 1051
1163 762
1604 781
1604 555
1305 979
1305 1939
107 2027
107 1118
1931 1095
1931 662
473 757
473 49
806 1309
806 131
373 1936
373 1824
416 822
416 1718
477 1545
477 1955
921 934
921 1768
1077 1889
1077 1883
120 64
120 335
364 197
364 1571
534 1643
534 554
1418 51
1418 487
708 318
708 1123
1582 173
1582 591
520 1631
520 1399
1542 1586
1542 1241
1742 594
1742 1896
717 647
717 258
1436 1644
1436 686
2017 1773
2017 273
1552 1317
1552 532
803 413
803 1551
198 1360
198 1498
1225 1154
1225 1770
1947 1161
1947 381
1905 1879
1905 936
108 1195
108 1087
213 1217
213 1952
476 1244
476 1055
1396 930
1396 1488
824 677
824 1414
1444 67
1444 828
1415 411
1415 1531
915 1262
915 2034
1713 321
1713 541
1973 191
1973 1011
112 559
112 1211
818 1210
818 498
1697 680
1697 12
1135 1078
1135 1497
1884 1593
1884 1419
1994 245
1994 2025
909 1940
909 1062
87 2009
87 1797
1661 589
1661 1036
1523 1514
1523 862
1917 1031
1917 763
167 1362
167 1134
359 180
359 1690
1692 186
1692 434
1186 1117
1186 1665
984 2033
984 1532
1710 607
1710 1326
695 1635
695 1043
665 1198
665 1102
1923 1153
1923 725
133 1512
133 2047
1443 1440
1443 385
2021 575
2021 1753
747 13
747 80
1568 694
1568 288
1516 1900
1516 713
1549 999
1549 1451
443 2015
443 910
367 79
367 195
86 155
86 297
122 1428
122 1066
280 1823
280 1426
1901 119
1901 743
1979 2022
1979 622
118 1141
118 1506
1403 2038
1403 1290
1616 2040
1616 981
430 1013
430 995
903 1447
903 1152
502 1166
502 378
1179 267
1179 1057
613 1815
613 439
689 1776
689 330
823 319
823 1558
1589 1480
1589 1080
1826 1891
1826 759
535 1392
535 1100
1252 134
1252 1160
165 1139
165 779
1378 456
1378 847
207 391
207 397
602 304
602 222
1985 564
1985 271
1012 840
1012 1524
764 1275
764 1922
816 1581
816 1207
639 1316
639 895
1997 1775
1997 1921
478 1365
478 41
773 746
773 1045
836 1845
836 1963
1206 1608
1206 322
696 177
696 1151
1069 585
1069 1201
857 1266
857 181
398 1171
398 248
366 1821
366 1204
719 1831
719 1811
1200 73
1200 481
819 147
819 1808
1861 987
1861 765
240 1967
240 1279
1847 846
1847 2003
1712 1464
1712 1782
702 576
702 1432
1863 1527
1863 931
347 1131
347 263
339 1723
339 365
595 1978
595 455
1273 1595
1273 1394
1993 1083
1993 220
932 789
932 1790
1818 1469
1818 720
839 1349
839 571
2014 48
2014 820
1556 1167
1556 924
1585 1291
1585 489
784 5
784 620
1888 1487
1888 1417
1245 497
1245 56
700 654
700 442
236 1689
236 629
1956 2030
1956 1659
1335 129
1335 1298
605 1832
605 531
329 39
329 1422
810 566
810 1698
320 219
320 537
852 1442
852 468
1597 1413
1597 603
1425 1730
1425 943
396 699
396 758
239 2010
239 483
1928 1231
1928 1284
1987 1050
1987 224
158 1287
158 1174
372 637
372 826
144 1796
144 690
1406 32
1406 902
1779 1495
1779 156
1318 62
1318 1930
975 1180
975 734
785 1302
785 1014
1721 435
1721 402
352 504
352 1405
1873 1065
1873 71
160 1412
160 1159
317 1519
317 1820
751 1510
751 1064
619 139
619 96
1724 1351
1724 323
247 63
247 940
1720 1219
1720 257
670 911
670 1949
788 1855
788 938
295 1618
295 913
377 1573
377 221
384 10
384 568
22 1336
22 1886
1278 370
1278 1534
1809 1018
1809 308
669 110
669 1932
141 1311
141 1915
1882 1503
1882 668
1642 850
1642 387
1897 146
1897 1229
896 1674
896 1183
1387 1092
1387 11
392 972
392 238
1733 182
1733 1515
109 1688
109 933
560 740
560 1613
1474 1944
1474 178
1722 1025
1722 705
1297 231
1297 2000
657 799
657 464
996 472
996 1774
1053 303
1053 1640
208 1627
208 1028
27 870
27 1223
70 598
70 1023
1220 1990
1220 581
461 406
461 331
970 1579
970 1395
610 1258
610 157
1671 588
1671 992
1800 990
1800 1120
312 865
312 1232
993 1319
993 1402
1277 1893
1277 886
458 1981
458 1569
1125 1792
1125 8
