255 255 608878
204 141
204 121
141 90
141 95
121 174
121 209
90 255
90 6
95 61
95 39
174 223
174 221
209 120
209 59
255 45
255 172
6 73
6 79
61 50
61 150
39 200
39 178
223 246
223 40
221 125
221 105
120 231
120 247
59 104
59 250
45 220
45 86
172 114
172 198
73 244
73 76
79 29
79 11
50 25
50 49
150 219
150 42
200 63
200 192
178 66
178 214
246 108
246 9
40 107
40 152
125 201
125 8
105 15
105 228
231 183
231 213
247 113
247 222
104 74
104 134
250 193
250 69
220 154
220 82
86 60
86 184
114 115
114 187
198 211
198 237
244 165
244 85
76 232
76 98
29 1
29 128
11 180
11 123
25 102
25 230
49 166
49 37
219 48
219 127
42 68
42 148
63 80
63 72
192 77
192 161
66 197
66 169
214 91
214 93
108 35
108 208
9 173
9 106
107 26
107 145
152 240
152 21
201 38
201 206
8 226
8 65
15 245
15 119
228 212
228 229
183 87
183 3
213 158
213 71
113 159
113 215
222 138
222 57
74 175
74 253
134 194
134 143
193 34
193 235
69 44
69 132
154 75
154 109
82 117
82 24
60 92
60 234
184 58
184 14
115 99
115 55
187 62
187 96
211 56
211 189
237 186
237 112
165 191
165 210
85 47
85 140
232 252
232 97
98 242
98 89
1 27
1 153
128 216
128 171
180 151
180 185
123 136
123 207
102 16
102 254
230 126
230 205
166 251
166 5
37 101
37 238
48 7
48 100
127 195
127 227
68 131
68 46
148 176
148 67
80 130
80 12
72 162
72 84
77 18
77 28
161 155
161 52
197 164
197 190
169 33
169 129
91 236
91 233
93 32
93 78
35 19
35 217
208 167
208 142
173 23
173 4
106 43
106 54
26 225
26 88
145 81
145 17
240 94
240 243
21 196
21 135
38 248
38 83
206 133
206 2
226 122
226 241
65 70
65 149
245 139
245 64
119 20
119 116
212 146
212 177
229 199
229 202
87 160
87 156
3 110
3 30
158 168
158 157
71 51
71 103
159 53
159 163
215 218
215 203
138 36
138 147
57 170
57 124
175 182
175 239
253 10
253 188
194 41
194 31
143 179
143 13
34 224
34 137
235 111
235 249
44 144
44 118
132 181
132 22
42 225
42 4
225 19
225 93
4 30
4 149
19 39
19 215
93 194
93 101
30 54
30 94
149 26
149 71
39 185
39 157
215 65
215 207
194 50
194 86
101 158
101 196
54 38
54 177
94 59
94 61
26 128
26 137
71 135
71 131
185 244
185 252
157 184
157 138
65 162
65 55
207 234
207 209
50 161
50 187
86 44
86 47
158 133
158 156
196 240
196 142
38 40
38 108
177 167
177 28
59 175
59 7
61 199
61 127
128 121
128 119
137 120
137 6
135 220
135 129
131 178
131 45
244 73
244 205
252 9
252 181
184 66
184 10
138 87
138 188
162 239
162 219
55 223
55 227
234 173
234 216
209 97
209 22
161 34
161 186
187 221
187 134
44 83
44 212
47 190
47 183
133 213
133 195
156 222
156 25
240 80
240 217
142 145
142 210
40 64
40 53
108 122
108 172
167 254
167 68
28 152
28 191
175 174
175 146
7 18
7 154
199 214
199 63
127 228
127 164
121 8
121 229
119 143
119 248
120 140
120 242
6 233
6 204
220 115
220 150
129 70
129 56
178 77
178 103
45 163
45 21
73 91
73 102
205 238
205 110
9 98
9 193
181 35
181 139
66 90
66 27
10 171
10 230
87 211
87 253
188 95
188 57
239 201
239 130
219 165
219 202
223 32
223 62
227 104
227 11
173 170
173 60
216 245
216 81
97 58
97 192
22 169
22 109
34 14
34 198
186 182
186 126
221 15
221 235
134 75
134 29
83 132
83 166
212 31
212 118
190 88
190 237
183 46
183 179
213 226
213 117
195 37
195 41
222 203
222 17
25 147
25 49
80 136
80 141
217 255
217 79
145 153
145 123
210 189
210 20
64 100
64 247
53 52
53 13
122 23
122 82
172 111
172 107
254 85
254 12
68 168
68 232
152 246
152 124
191 251
191 114
174 180
174 16
146 151
146 113
18 43
18 89
154 67
154 125
214 48
214 160
63 241
63 24
228 33
228 51
164 155
164 218
8 78
8 5
229 116
229 96
143 243
143 236
248 74
248 159
140 1
140 200
242 2
242 231
233 208
233 76
204 176
204 206
115 36
115 250
150 224
150 112
70 99
70 249
56 105
56 3
77 144
77 106
103 197
103 84
163 148
163 92
21 72
21 69
