15 1023 9
10 14
10 4
14 15
14 1
4 11
4 7
15 2
15 13
1 6
1 5
11 3
11 8
7 12
7 9
777 515
777 648
515 245
515 957
648 754
648 505
245 473
245 204
957 611
957 689
754 850
754 423
505 35
505 430
473 699
473 175
204 328
204 766
611 66
611 724
689 102
689 839
850 781
850 566
423 607
423 180
35 69
35 187
430 369
430 38
699 730
699 101
175 29
175 443
328 6
328 153
766 194
766 481
66 662
66 440
724 613
724 13
102 714
102 856
839 715
839 875
781 193
781 147
566 863
566 643
607 216
607 221
180 435
180 64
69 78
69 492
187 758
187 236
369 945
369 896
38 93
38 654
730 817
730 935
101 788
101 237
29 558
29 923
443 84
443 43
6 480
6 85
153 703
153 865
194 851
194 915
481 168
481 76
662 489
662 557
440 691
440 513
613 956
613 330
13 495
13 630
714 930
714 110
856 829
856 104
715 51
715 465
875 178
875 883
193 524
193 820
147 927
147 181
863 922
863 27
643 998
643 79
216 813
216 618
221 157
221 716
435 986
435 283
64 978
64 747
78 404
78 981
492 326
492 198
758 540
758 100
236 359
236 53
945 996
945 397
896 670
896 801
93 660
93 830
654 661
654 422
817 604
817 135
935 1012
935 185
788 39
788 778
237 637
237 542
558 340
558 486
923 744
923 990
84 573
84 847
43 30
43 702
480 346
480 595
85 620
85 968
703 136
703 736
865 825
865 512
851 26
851 532
915 280
915 943
168 815
168 287
76 89
76 301
489 737
489 559
557 585
557 975
691 332
691 914
513 374
513 261
956 134
956 926
330 144
330 152
495 459
495 256
630 320
630 202
930 40
930 676
110 602
110 722
829 244
829 296
104 564
104 310
51 726
51 550
465 274
465 298
178 336
178 636
883 130
883 872
524 980
524 592
820 612
820 240
927 633
927 950
181 174
181 295
922 228
922 124
27 617
27 399
998 42
998 429
79 19
79 47
813 378
813 674
618 576
618 3
157 529
157 666
716 97
716 551
986 114
986 226
283 388
283 507
978 598
978 279
747 997
747 205
404 439
404 920
981 251
981 599
326 857
326 591
198 718
198 827
540 877
540 783
100 895
100 807
359 392
359 841
53 56
53 123
996 798
996 463
397 219
397 770
670 179
670 262
801 356
801 543
660 398
660 732
830 105
830 653
661 380
661 903
422 112
422 75
604 156
604 545
135 478
135 965
1012 831
1012 605
185 248
185 544
39 833
39 794
778 864
778 600
637 514
637 876
542 695
542 803
340 471
340 753
486 626
486 528
744 163
744 420
990 673
990 269
573 417
573 560
847 1010
847 379
30 288
30 534
702 347
702 741
346 243
346 728
595 383
595 116
620 252
620 225
968 257
968 901
136 191
136 509
736 913
736 855
825 348
825 646
512 491
512 474
26 775
26 327
532 657
532 789
280 59
280 547
943 299
943 549
815 506
815 873
287 693
287 985
89 663
89 494
301 227
301 910
737 213
737 81
559 366
559 309
585 672
585 525
975 4
975 862
332 734
332 450
914 628
914 488
374 312
374 858
261 209
261 1001
134 99
134 629
926 349
926 686
144 17
144 769
152 377
152 810
459 461
459 171
256 151
256 822
320 149
320 784
202 126
202 797
40 406
40 767
676 942
676 232
602 57
602 496
722 14
722 795
244 419
244 517
296 668
296 845
564 664
564 52
310 933
310 642
726 908
726 339
550 932
550 364
274 1000
274 192
298 692
298 281
336 562
336 536
636 363
636 229
130 241
130 386
872 834
872 195
980 457
980 264
592 852
592 880
612 683
612 34
240 999
240 433
633 960
633 684
950 61
950 414
174 824
174 526
295 849
295 234
228 806
228 466
124 487
124 467
617 946
617 969
399 83
399 254
42 73
42 902
429 385
429 143
19 936
19 772
47 142
47 701
378 782
378 215
674 211
674 622
576 48
576 302
3 304
3 253
529 352
529 503
666 11
666 961
97 868
97 832
551 808
551 203
114 482
114 516
226 265
226 353
388 966
388 107
507 925
507 1003
598 360
598 318
279 139
279 271
997 939
997 15
205 652
205 972
439 150
439 370
920 266
920 988
251 828
251 1020
599 395
599 539
857 740
857 36
591 677
591 448
718 426
718 8
827 428
827 565
877 947
877 249
783 634
783 432
895 538
895 170
807 292
807 694
392 483
392 756
841 860
841 442
56 522
56 698
123 900
123 1009
798 1002
798 16
463 731
463 982
219 755
219 993
770 411
770 614
179 300
179 447
262 669
262 259
356 96
356 710
543 508
543 220
398 308
398 709
732 341
732 603
105 719
105 776
653 74
653 475
380 396
380 739
903 774
903 1022
112 207
112 376
75 63
75 792
156 582
156 1023
545 647
545 892
478 276
478 323
965 563
965 799
831 687
831 535
605 387
605 479
248 431
248 1019
544 258
544 206
833 129
833 917
794 904
794 460
864 574
864 584
600 342
600 303
514 132
514 1017
876 446
876 278
695 472
695 416
803 44
803 407
471 752
471 224
753 437
753 882
626 581
626 667
528 881
528 373
163 121
163 597
420 631
420 948
673 133
673 238
269 1011
269 58
417 588
417 293
560 315
560 941
1010 314
1010 12
379 523
379 1005
288 854
288 938
534 62
534 958
347 88
347 424
741 704
741 572
243 929
243 146
728 212
728 120
383 351
383 456
116 182
116 790
252 18
252 119
225 321
225 77
257 273
257 541
901 764
901 934
191 501
191 885
509 651
509 109
913 645
913 24
855 720
855 727
348 742
348 705
646 575
646 233
491 484
491 750
474 964
474 20
775 155
775 291
327 394
327 843
657 804
657 445
789 650
789 401
59 316
59 504
547 609
547 717
299 811
299 690
549 553
549 246
506 697
506 338
873 771
873 344
693 743
693 641
985 578
985 919
663 247
663 725
494 284
494 425
227 738
227 9
910 608
910 949
213 1004
213 294
81 67
81 711
366 367
366 518
309 520
309 329
672 570
672 368
525 884
525 154
4 685
4 357
862 640
862 1013
734 208
734 65
450 173
450 1006
628 887
628 976
488 70
488 365
312 729
312 297
858 907
858 844
209 678
209 45
1001 688
1001 735
99 95
99 164
629 285
629 405
349 763
349 878
686 869
686 418
17 485
17 787
769 462
769 90
377 410
377 994
810 117
810 623
461 821
461 809
171 402
171 912
151 141
151 289
822 375
822 415
149 589
149 434
784 1016
784 452
126 37
126 723
797 140
797 632
406 210
406 270
767 610
767 906
942 984
942 510
232 953
232 113
57 275
57 733
496 87
496 190
14 962
14 838
795 675
795 477
419 793
419 438
517 86
517 103
668 971
668 931
845 696
845 184
664 436
664 973
52 172
52 577
933 826
933 840
642 400
642 382
908 218
908 569
339 773
339 970
932 959
932 167
364 231
364 987
1000 335
1000 552
192 627
192 470
692 916
692 469
281 846
281 354
562 593
562 590
536 954
536 759
363 358
363 161
229 761
229 531
241 408
241 800
386 995
386 239
834 561
834 681
195 307
195 928
457 498
457 421
264 41
264 409
852 118
852 177
880 131
880 786
683 659
683 745
34 94
34 453
999 28
999 897
433 1018
433 861
960 322
960 924
684 337
684 548
61 412
61 115
414 362
414 267
824 680
824 127
526 444
526 521
849 197
849 427
234 656
234 235
806 169
806 751
466 1
466 1015
487 1007
487 819
467 888
467 196
946 757
946 814
969 837
969 874
83 596
83 305
254 568
254 166
73 350
73 393
902 325
902 22
385 519
385 458
143 635
143 222
936 511
936 454
772 890
772 148
142 199
142 71
701 451
701 658
782 802
782 579
215 894
215 713
211 805
211 891
622 160
622 317
48 111
48 818
302 870
302 313
304 1021
304 108
253 449
253 82
352 848
352 183
503 21
503 334
11 333
11 991
961 780
961 188
868 403
868 963
832 644
832 319
808 98
808 214
203 921
203 1008
482 384
482 128
516 866
516 158
265 639
265 91
353 889
353 343
966 615
966 721
107 381
107 391
925 918
925 493
1003 533
1003 217
360 879
360 679
318 594
318 746
139 768
139 165
271 706
271 361
939 779
939 765
15 983
15 992
652 867
652 32
972 816
972 355
150 853
150 749
370 940
370 263
266 796
266 951
988 260
988 762
828 413
828 708
1020 616
1020 189
395 567
395 80
539 497
539 33
740 268
740 835
36 977
36 7
677 555
677 5
448 606
448 812
426 1014
426 823
8 974
8 331
428 186
428 871
565 556
565 390
947 625
947 250
249 898
249 546
634 201
634 621
432 893
432 748
538 137
538 441
170 836
170 389
292 665
292 176
694 311
694 242
483 255
483 122
756 49
756 649
860 106
860 306
442 682
442 952
522 324
522 54
698 859
698 937
900 455
900 25
1009 468
1009 909
1002 624
1002 886
16 23
16 2
731 619
731 554
982 162
982 145
755 502
755 500
993 68
993 46
411 138
411 707
614 944
614 290
300 530
300 583
447 955
447 31
669 899
669 527
259 371
259 125
96 842
96 372
710 712
710 223
508 979
508 967
220 587
220 50
308 345
308 490
709 159
709 55
341 60
341 277
603 286
603 655
719 700
719 671
776 911
776 282
74 499
74 638
475 785
475 200
396 537
396 476
739 10
739 464
774 905
774 571
1022 72
1022 580
207 272
207 601
376 989
376 791
63 92
63 230
792 586
792 760
