7 1023 37
3 6
3 5
6 2
6 7
5 4
5 1
659 208
659 283
208 495
208 350
283 103
283 238
495 698
495 1006
350 838
350 841
103 95
103 338
238 42
238 796
698 610
698 56
1006 521
1006 868
838 676
838 427
841 529
841 488
95 194
95 561
338 307
338 31
42 118
42 885
796 856
796 621
610 730
610 358
56 259
56 294
521 288
521 110
868 30
868 849
676 943
676 167
427 130
427 448
529 250
529 368
488 1011
488 182
194 5
194 119
561 178
561 414
307 467
307 614
31 862
31 205
118 777
118 43
885 391
885 669
856 995
856 136
621 87
621 757
730 6
730 423
358 554
358 180
259 281
259 457
294 147
294 577
288 905
288 507
110 756
110 923
30 755
30 210
849 551
849 398
943 114
943 1
167 303
167 92
130 104
130 169
448 184
448 749
250 499
250 974
368 702
368 872
1011 506
1011 286
182 629
182 865
5 958
5 142
119 340
119 932
178 609
178 28
414 831
414 861
467 437
467 692
614 878
614 686
862 316
862 123
205 203
205 964
777 29
777 992
43 837
43 517
391 930
391 770
669 1015
669 61
995 573
995 105
136 176
136 107
87 528
87 469
757 866
757 784
6 710
6 514
423 443
423 731
554 482
554 380
180 916
180 623
281 190
281 50
457 896
457 464
147 792
147 893
577 509
577 526
905 152
905 515
507 909
507 466
756 122
756 651
923 421
923 960
755 891
755 353
210 921
210 72
551 284
551 681
398 654
398 737
114 979
114 513
1 382
1 220
303 935
303 82
92 984
92 228
104 97
104 112
169 341
169 270
184 990
184 171
749 524
749 843
499 501
499 728
974 256
974 750
702 955
702 263
872 276
872 642
506 975
506 126
286 362
286 977
629 847
629 360
865 665
865 345
958 127
958 249
142 904
142 312
340 783
340 556
932 389
932 390
609 444
609 566
28 632
28 191
831 282
831 342
861 34
861 791
437 22
437 588
692 172
692 720
878 968
878 9
686 627
686 445
316 2
316 888
123 215
123 839
203 49
203 599
964 218
964 922
29 907
29 565
992 591
992 233
837 544
837 582
517 584
517 115
930 1016
930 137
770 882
770 854
1015 850
1015 440
61 948
61 199
573 146
573 558
105 800
105 912
176 354
176 583
107 598
107 476
528 552
528 961
469 157
469 848
866 333
866 605
784 991
784 186
710 826
710 581
514 741
514 484
443 301
443 325
731 693
731 679
482 574
482 317
380 993
380 446
916 738
916 291
623 959
623 559
190 80
190 569
50 113
50 60
896 211
896 647
464 682
464 179
792 429
792 1023
893 299
893 709
509 148
509 11
526 26
526 670
152 622
152 570
515 949
515 257
909 200
909 1013
466 683
466 344
122 504
122 889
651 165
651 754
421 716
421 810
960 823
960 260
891 827
891 500
353 994
353 611
921 689
921 54
72 292
72 121
284 24
284 378
681 538
681 640
654 883
654 906
737 898
737 62
979 47
979 231
513 736
513 804
382 760
382 67
220 248
220 652
935 859
935 108
82 311
82 734
984 55
984 38
228 832
228 981
97 527
97 516
112 125
112 201
341 483
341 432
270 910
270 14
990 920
990 769
171 302
171 902
524 929
524 454
843 997
843 261
501 376
501 875
728 957
728 367
256 241
256 887
750 491
750 1017
955 733
955 699
263 111
263 564
276 379
276 772
642 143
642 204
975 944
975 747
126 703
126 633
362 418
362 575
977 435
977 617
847 19
847 534
360 821
360 807
665 606
665 828
345 96
345 722
127 917
127 790
249 946
249 913
904 458
904 613
312 541
312 799
783 567
783 706
556 536
556 1018
389 636
389 75
390 71
390 106
444 479
444 634
566 10
566 272
632 812
632 694
191 945
191 77
282 229
282 355
342 585
342 135
34 808
34 950
791 998
791 185
22 763
22 388
588 36
588 746
172 402
172 438
720 664
720 83
968 237
968 425
9 988
9 786
627 830
627 64
445 894
445 857
2 931
2 579
888 768
888 748
215 141
215 493
839 117
839 602
49 814
49 835
599 173
599 938
218 876
218 649
922 637
922 98
907 352
907 900
565 936
565 764
591 195
591 315
233 644
233 170
544 687
544 405
582 834
582 17
584 1020
584 630
115 404
115 158
1016 160
1016 937
137 819
137 189
882 416
882 285
854 456
854 685
850 965
850 548
440 678
440 23
948 1007
948 901
199 954
199 645
146 870
146 386
558 254
558 767
800 465
800 319
912 181
912 314
354 775
354 978
583 735
583 76
598 751
598 144
476 481
476 16
552 120
552 797
961 758
961 711
157 511
157 766
848 999
848 860
333 996
333 37
605 947
605 871
991 397
991 159
186 197
186 563
826 680
826 258
581 25
581 761
741 244
741 253
484 600
484 413
301 525
301 787
325 638
325 674
693 1000
693 393
679 381
679 385
574 277
574 505
317 252
317 330
993 616
993 334
446 371
446 628
738 520
738 357
291 449
291 956
959 68
959 781
559 473
559 986
80 607
80 969
569 497
569 430
113 451
113 653
60 21
60 785
211 370
211 243
647 725
647 759
682 780
682 592
179 1014
179 177
429 926
429 300
1023 688
1023 187
299 52
299 973
709 903
709 188
148 65
148 615
11 90
11 406
26 394
26 612
670 387
670 971
622 773
622 662
570 273
570 217
949 139
949 811
257 268
257 822
200 63
200 347
1013 129
1013 102
683 7
683 79
344 267
344 53
504 155
504 571
889 304
889 74
165 918
165 323
754 422
754 124
716 908
716 373
810 895
810 225
823 705
823 596
260 572
260 403
827 494
827 145
500 601
500 410
994 708
994 12
611 161
611 78
689 255
689 392
54 91
54 296
292 164
292 384
121 412
121 661
24 845
24 48
378 326
378 980
538 4
538 739
640 604
640 798
883 33
883 400
906 789
906 463
898 419
898 765
62 223
62 236
47 976
47 395
231 663
231 842
736 100
736 424
804 829
804 349
760 213
760 44
67 641
67 1009
248 3
248 207
652 212
652 1002
859 562
859 224
108 940
108 369
311 782
311 339
734 168
734 656
55 726
55 778
38 327
38 295
832 409
832 271
981 175
981 461
527 880
527 590
516 836
516 489
125 555
125 279
201 890
201 578
483 892
483 407
432 671
432 753
910 417
910 318
14 603
14 214
920 41
920 510
769 480
769 989
302 485
302 149
902 221
902 985
929 620
929 280
454 262
454 802
997 478
997 308
261 934
261 486
376 695
376 99
875 743
875 477
957 646
957 269
367 94
367 140
241 202
241 963
887 460
887 546
491 657
491 704
1017 740
1017 762
733 597
733 375
699 305
699 356
111 475
111 232
564 648
564 503
379 399
379 863
772 1005
772 864
143 84
143 502
204 433
204 911
944 779
944 631
747 987
747 707
703 366
703 771
633 154
633 684
418 817
418 351
575 498
575 490
435 86
435 332
617 359
617 717
19 668
19 364
534 718
534 803
821 58
821 328
807 853
807 361
606 673
606 32
828 700
828 153
96 128
96 650
722 496
722 939
917 677
917 329
790 639
790 439
946 138
946 426
913 523
913 801
458 453
458 372
613 877
613 442
541 745
541 234
799 1021
799 919
567 851
567 690
706 227
706 401
536 672
536 1010
1018 335
1018 242
636 942
636 447
75 8
75 824
71 951
71 776
106 251
106 697
479 618
479 411
634 881
634 788
10 109
10 322
272 873
272 712
812 209
812 855
694 953
694 962
945 626
945 230
77 539
77 415
229 624
229 655
355 246
355 1012
585 1001
585 73
135 727
135 240
808 701
808 70
950 899
950 818
998 595
998 134
185 396
185 57
763 274
763 874
388 93
388 879
36 235
36 297
746 568
746 530
402 535
402 545
438 487
438 723
664 867
664 643
83 310
83 983
237 532
237 619
425 85
425 336
988 589
988 39
786 542
786 278
830 348
830 1003
64 166
64 383
894 428
894 174
857 553
857 549
931 343
931 580
579 925
579 434
768 193
768 101
748 1019
748 196
141 805
141 774
493 713
493 794
117 557
117 363
602 452
602 852
814 928
814 287
835 844
835 547
173 666
173 331
938 192
938 206
876 846
876 289
649 809
649 586
637 27
637 970
98 13
98 675
352 884
352 309
900 924
900 540
936 813
936 594
764 265
764 815
195 46
195 471
315 966
315 293
644 941
644 275
170 59
170 337
687 420
687 715
405 150
405 365
834 89
834 313
17 45
17 816
1020 869
1020 744
630 537
630 914
404 219
404 245
158 18
158 226
160 15
160 298
937 587
937 625
819 216
819 533
189 66
189 724
416 436
416 825
285 952
285 658
456 264
456 696
685 324
685 897
965 927
965 518
548 512
548 131
678 455
678 519
23 247
23 531
1007 151
1007 306
901 35
901 508
954 967
954 163
645 820
645 81
870 915
870 732
386 550
386 576
254 377
254 972
767 162
767 806
465 470
465 431
319 116
319 691
181 742
181 982
314 198
314 522
775 450
775 719
978 320
978 752
735 714
735 132
76 729
76 183
751 795
751 51
144 474
144 459
481 290
481 408
16 1008
16 346
120 635
120 441
797 886
797 492
758 858
758 472
711 933
711 20
511 88
511 660
766 321
766 840
999 462
999 266
860 543
860 721
996 793
996 560
37 239
37 156
947 69
947 608
871 593
871 222
397 833
397 374
159 1004
159 667
197 40
197 1022
563 133
563 468
