255 511 118857642
195 151
195 5
151 101
151 64
5 176
5 23
101 66
101 106
64 190
64 248
176 19
176 250
23 75
23 149
66 164
66 48
106 135
106 200
190 159
190 56
248 80
248 129
19 171
19 121
250 137
250 252
75 103
75 141
149 53
149 240
164 59
164 155
48 181
48 213
135 127
135 201
200 226
200 28
159 84
159 202
56 160
56 156
80 9
80 234
129 233
129 14
171 154
171 140
121 192
121 72
137 107
137 222
252 238
252 199
103 115
103 46
141 34
141 209
53 83
53 183
240 97
240 105
59 128
59 112
155 146
155 173
181 71
181 92
213 74
213 29
127 50
127 245
201 242
201 110
226 120
226 20
28 35
28 57
84 225
84 194
202 87
202 211
160 191
160 100
156 95
156 86
9 216
9 82
234 197
234 69
233 37
233 18
14 131
14 113
154 39
154 134
140 147
140 204
192 47
192 157
72 217
72 55
107 104
107 49
222 166
222 150
238 193
238 169
199 54
199 232
115 203
115 254
46 77
46 253
34 70
34 36
209 67
209 11
83 38
83 126
183 215
183 230
97 96
97 68
105 21
105 237
128 17
128 10
112 205
112 187
146 7
146 76
173 161
173 210
71 94
71 117
92 109
92 123
74 244
74 2
29 40
29 196
50 208
50 78
245 65
245 218
242 102
242 179
110 246
110 174
120 1
120 111
20 124
20 224
35 132
35 229
57 235
57 249
225 143
225 25
194 3
194 162
87 219
87 152
211 178
211 236
191 188
191 172
100 62
100 91
95 138
95 32
86 153
86 136
216 24
216 186
82 108
82 88
197 27
197 175
69 44
69 15
37 33
37 163
18 22
18 180
131 16
131 89
113 122
113 52
39 167
39 145
134 182
134 43
147 116
147 73
204 168
204 119
47 228
47 207
157 231
157 227
217 41
217 8
55 221
55 51
104 247
104 158
49 243
49 223
166 184
166 12
150 45
150 13
193 31
193 133
169 165
169 214
54 114
54 177
232 130
232 6
203 58
203 255
254 185
254 63
77 206
77 93
253 148
253 241
70 170
70 212
36 118
36 90
67 26
67 85
11 239
11 142
38 81
38 60
126 4
126 144
215 99
215 125
230 251
230 98
96 220
96 61
68 139
68 79
21 189
21 42
237 198
237 30
357 367
357 53
367 345
367 141
53 210
53 157
345 131
345 136
141 291
141 360
210 332
210 230
157 142
157 74
131 56
131 375
136 486
136 66
291 390
291 17
360 191
360 342
332 215
332 222
230 264
230 216
142 225
142 457
74 175
74 419
56 266
56 335
375 384
375 115
486 418
486 164
66 255
66 463
390 428
390 410
17 272
17 417
191 439
191 341
342 63
342 231
215 110
215 34
222 377
222 143
264 464
264 362
216 339
216 70
225 316
225 174
457 340
457 293
175 14
175 412
419 16
419 494
266 201
266 133
335 280
335 372
384 212
384 282
115 52
115 461
418 256
418 139
164 57
164 76
255 126
255 99
463 327
463 77
428 438
428 429
410 490
410 58
272 32
272 334
417 421
417 446
439 348
439 159
341 233
341 306
63 18
63 111
231 232
231 337
110 138
110 102
34 479
34 71
377 504
377 120
143 172
143 350
464 415
464 125
362 144
362 64
339 15
339 472
70 98
70 85
316 447
316 286
174 380
174 287
340 336
340 468
293 361
293 369
14 75
14 366
412 456
412 108
16 444
16 30
494 329
494 97
201 148
201 462
133 400
133 150
280 297
280 217
372 73
372 308
212 356
212 424
282 151
282 51
52 45
52 381
461 29
461 509
256 257
256 359
139 237
139 478
57 379
57 165
76 267
76 65
126 408
126 3
99 86
99 309
327 270
327 373
77 62
77 35
438 103
438 294
429 242
429 259
490 432
490 441
58 411
58 249
32 492
32 281
334 313
334 358
421 25
421 488
446 28
446 22
348 160
348 300
159 185
159 403
233 275
233 72
306 278
306 183
18 219
18 106
111 406
111 321
232 82
232 423
337 451
337 109
138 47
138 104
102 179
102 214
479 396
479 498
71 448
71 420
504 181
504 279
120 416
120 5
172 224
172 89
350 206
350 262
415 475
415 245
125 364
125 197
144 469
144 431
64 354
64 268
15 502
15 323
472 283
472 405
98 79
98 26
85 378
85 507
447 315
447 473
286 331
286 248
380 437
380 347
287 101
287 382
336 485
336 251
468 122
468 166
361 510
361 346
369 208
369 23
75 314
75 288
366 171
366 385
456 81
456 459
108 94
108 135
444 213
444 176
30 187
30 371
329 271
329 80
97 8
97 93
148 42
148 188
462 477
462 127
400 54
400 169
150 96
150 190
297 10
297 236
217 252
217 330
73 195
73 290
308 140
308 100
356 250
356 391
424 349
424 343
151 88
151 435
51 333
51 501
45 401
45 161
381 173
381 113
29 204
29 260
509 298
509 476
257 199
257 399
359 91
359 352
237 301
237 147
478 320
478 422
379 69
379 6
165 511
165 325
267 506
267 20
65 299
65 121
408 87
408 312
3 246
3 90
86 481
86 261
309 376
309 482
270 344
270 430
373 145
373 365
62 184
62 235
35 78
35 368
103 465
103 118
294 303
294 37
242 317
242 351
259 192
259 254
432 92
432 123
441 146
441 324
411 467
411 328
249 12
249 425
492 1
492 489
281 269
281 117
313 36
313 116
358 319
358 397
25 433
25 474
488 239
488 434
28 59
28 234
22 68
22 305
160 129
160 24
300 149
300 442
185 11
185 383
403 386
403 491
275 137
275 154
72 263
72 244
278 458
278 276
183 46
183 21
219 440
219 499
106 228
106 503
406 105
406 227
321 202
321 409
82 2
82 107
423 124
423 43
451 480
451 392
109 130
109 155
47 338
47 196
104 322
104 402
179 119
179 49
214 198
214 453
396 211
396 353
498 203
498 302
448 398
448 452
420 265
420 292
181 284
181 156
279 277
279 95
416 27
416 238
5 83
5 500
224 497
224 505
89 61
89 50
206 304
206 55
262 247
262 218
475 205
475 44
245 7
245 445
364 389
364 427
197 40
197 487
469 455
469 84
431 220
431 170
354 484
354 168
268 112
268 229
502 388
502 19
323 182
323 296
283 295
283 318
405 496
405 240
79 307
79 114
26 178
26 13
378 163
378 241
507 177
507 311
315 374
315 274
473 326
473 394
331 443
331 41
248 508
248 413
437 258
437 426
347 194
347 48
101 289
101 310
382 162
382 186
485 128
485 226
251 393
251 153
122 221
122 167
166 460
166 134
510 355
510 193
346 404
346 370
208 243
208 60
23 454
23 450
314 39
314 38
288 483
288 253
171 285
171 9
385 466
385 363
81 132
81 189
459 471
459 414
94 200
94 207
135 436
135 273
213 4
213 31
176 180
176 209
187 493
187 407
371 223
371 495
271 152
271 449
80 470
80 395
8 33
8 158
93 387
93 67
