255 2047 530653
159 26
159 50
26 44
26 241
50 223
50 30
44 161
44 134
241 254
241 168
223 243
223 230
30 138
30 174
161 239
161 169
134 17
134 175
254 79
254 8
168 83
168 142
243 121
243 85
230 115
230 71
138 226
138 210
174 101
174 12
239 14
239 235
169 204
169 100
17 208
17 94
175 38
175 27
79 62
79 247
8 107
8 13
83 191
83 10
142 215
142 18
121 246
121 32
85 135
85 187
115 95
115 211
71 198
71 236
226 40
226 205
210 72
210 233
101 60
101 80
12 214
12 183
14 143
14 81
235 224
235 111
204 154
204 2
100 155
100 77
208 41
208 89
94 73
94 238
38 122
38 76
27 201
27 163
62 57
62 180
247 104
247 78
107 184
107 82
13 148
13 36
191 133
191 137
10 199
10 193
215 217
215 75
18 153
18 24
246 249
246 130
32 170
32 113
135 162
135 136
187 200
187 221
95 228
95 70
211 149
211 63
198 118
198 35
236 166
236 99
40 129
40 132
205 244
205 152
72 195
72 58
233 69
233 141
60 124
60 15
80 242
80 245
214 220
214 90
183 25
183 87
143 188
143 43
81 84
81 190
224 46
224 88
111 219
111 20
154 146
154 55
2 186
2 1
155 144
155 225
77 3
77 240
41 68
41 110
89 197
89 127
73 45
73 207
238 67
238 160
122 65
122 182
76 48
76 28
201 120
201 11
163 117
163 139
57 61
57 31
180 64
180 251
104 234
104 216
78 164
78 255
184 177
184 74
82 37
82 114
148 53
148 178
36 150
36 229
133 105
133 206
137 7
137 253
199 16
199 96
193 237
193 125
217 106
217 176
75 19
75 158
153 189
153 248
24 92
24 123
249 33
249 151
130 145
130 59
170 196
170 209
113 252
113 157
162 147
162 102
136 56
136 171
200 29
200 231
221 203
221 222
228 49
228 6
70 103
70 47
149 4
149 232
63 34
63 9
118 128
118 173
35 212
35 165
166 108
166 126
99 213
99 54
129 116
129 86
132 119
132 42
244 172
244 5
152 156
152 97
195 185
195 52
58 66
58 131
69 39
69 227
141 51
141 179
124 140
124 192
15 181
15 21
242 250
242 93
245 109
245 23
220 202
220 194
90 98
90 167
25 91
25 218
87 112
87 22
1230 1437
1230 299
1437 65
1437 163
299 428
299 1038
65 1618
65 141
163 1723
163 348
428 7
428 135
1038 1538
1038 739
1618 1035
1618 377
141 589
141 881
1723 56
1723 1231
348 1322
348 772
7 363
7 793
135 1624
135 1609
1538 656
1538 324
739 1965
739 394
1035 551
1035 1681
377 817
377 639
589 859
589 1711
881 1979
881 249
56 1735
56 1456
1231 799
1231 432
1322 217
1322 210
772 1557
772 1661
363 325
363 1882
793 5
793 1857
1624 1265
1624 483
1609 518
1609 1794
656 446
656 1372
324 1793
324 1233
1965 134
1965 1796
394 637
394 1871
551 220
551 1643
1681 995
1681 136
817 549
817 1751
639 1752
639 1835
859 13
859 2005
1711 1961
1711 544
1979 75
1979 1886
249 1724
249 1646
1735 11
1735 1318
1456 1914
1456 1935
799 97
799 807
432 1669
432 1451
217 1330
217 747
210 741
210 594
1557 1830
1557 1714
1661 1108
1661 1135
325 683
325 3
1882 1931
1882 578
5 1568
5 1912
1857 1610
1857 800
1265 1119
1265 1766
483 229
483 1433
518 540
518 1689
1794 1410
1794 1583
446 1064
446 457
1372 245
1372 1905
1793 935
1793 466
1233 411
1233 553
134 21
134 204
1796 1366
1796 207
637 1884
637 1873
1871 1951
1871 318
220 2045
220 1025
1643 616
1643 169
995 1750
995 471
136 465
136 1845
549 1638
549 1224
1751 279
1751 1401
1752 417
1752 1336
1835 804
1835 2040
13 2011
13 1589
2005 2013
2005 1341
1961 197
1961 344
544 913
544 818
75 1946
75 1910
1886 1902
1886 808
1724 543
1724 1069
1646 1650
1646 1266
11 1927
11 178
1318 69
1318 239
1914 1211
1914 848
1935 14
1935 493
97 1592
97 1964
807 455
807 1234
1669 1942
1669 1630
1451 1874
1451 757
1330 1952
1330 586
747 1784
747 777
741 761
741 724
594 2023
594 53
1830 48
1830 1580
1714 951
1714 534
1108 1070
1108 116
1135 831
1135 1790
683 1365
683 942
3 51
3 1925
1931 2
1931 474
578 1602
578 1105
1568 1526
1568 820
1912 264
1912 682
1610 927
1610 1798
800 1911
800 763
1119 1240
1119 830
1766 1203
1766 1367
229 787
229 1421
1433 231
1433 1380
540 424
540 1972
1689 1346
1689 1148
1410 1368
1410 276
1583 967
1583 118
1064 1987
1064 1939
457 1459
457 704
245 170
245 1804
1905 1846
1905 1435
935 1
935 1385
466 1323
466 1772
411 1593
411 370
553 29
553 931
21 501
21 791
204 420
204 851
1366 1374
1366 559
207 385
207 1110
1884 1603
1884 1263
1873 1993
1873 470
1951 678
1951 1112
318 1309
318 175
2045 981
2045 1658
1025 1056
1025 858
616 609
616 96
169 252
169 1862
1750 744
1750 1615
471 1606
471 725
465 566
465 840
1845 37
1845 2022
1638 1662
1638 292
1224 1776
1224 1648
279 2028
279 1524
1401 1701
1401 223
417 771
417 1966
1336 1555
1336 722
804 253
804 525
2040 1501
2040 1360
2011 1499
2011 402
1589 290
1589 1399
2013 883
2013 1417
1341 1398
1341 963
197 1118
197 738
344 1594
344 672
913 1291
913 1876
818 107
818 1586
1946 1001
1946 1415
1910 1408
1910 1450
1902 1326
1902 345
808 508
808 1822
543 1574
543 1908
1069 115
1069 193
1650 729
1650 2031
1266 1400
1266 1887
1927 1771
1927 1201
178 366
178 854
69 1511
69 1094
239 1208
239 1387
1211 1241
1211 125
848 1164
848 1738
14 208
14 1518
493 1532
493 404
1592 1507
1592 86
1964 652
1964 1003
455 1960
455 289
1234 1007
1234 1853
1942 903
1942 1622
1630 2047
1630 259
1874 734
1874 444
757 923
757 1969
1952 1569
1952 581
586 226
586 608
1784 1791
1784 1799
777 1773
777 413
761 1049
761 1100
724 835
724 966
2023 109
2023 1617
53 1547
53 1482
48 1131
48 182
1580 1155
1580 906
951 521
951 1395
534 1675
534 1236
1070 1922
1070 382
116 311
116 275
831 1121
831 1034
1790 328
1790 224
1365 1770
1365 165
942 414
942 1954
51 731
51 112
1925 497
1925 1957
2 233
2 1500
474 916
474 100
1602 140
1602 1923
1105 2027
1105 407
1526 337
1526 709
820 1087
820 1660
264 563
264 918
682 1405
682 1371
927 1457
927 1286
1798 751
1798 1245
1911 1591
1911 571
763 1717
763 910
1240 815
1240 1672
830 1851
830 105
1203 2024
1203 449
1367 1768
1367 875
787 358
787 565
1421 408
1421 1090
231 68
231 700
1380 55
1380 1584
424 132
424 1814
1972 1867
1972 1844
1346 1226
1346 801
1148 868
1148 1066
1368 806
1368 43
276 114
276 1010
967 2042
967 541
118 1694
118 529
1987 1797
1987 511
1939 1192
1939 361
1459 694
1459 1519
704 1996
704 888
170 585
170 636
1804 595
1804 1424
1846 850
1846 1575
1435 1479
1435 317
1 901
1 1989
1385 1720
1385 612
1323 234
1323 653
1772 73
1772 691
1593 1310
1593 1731
370 1163
370 1691
29 980
29 1425
931 778
931 1843
501 880
501 1176
791 359
791 822
420 752
420 64
851 1958
851 634
1374 1340
1374 567
559 782
559 1820
385 816
385 720
1110 556
1110 1144
1603 533
1603 1045
1263 1448
1263 624
1993 1999
1993 1780
470 269
470 1063
678 356
678 1550
1112 138
1112 591
1309 1351
1309 1763
175 1158
175 855
981 1907
981 1709
1658 1173
1658 117
1056 596
1056 1362
858 189
858 945
609 1009
609 22
96 1423
96 977
252 919
252 1075
1862 1111
1862 46
744 1253
744 517
1615 1137
1615 12
1606 162
1606 327
725 1354
725 1656
566 1431
566 1206
840 990
840 882
37 314
37 745
2022 1229
2022 2043
1662 1152
1662 209
292 478
292 492
1776 1074
1776 1475
1648 1847
1648 839
2028 1489
2028 1027
1524 316
1524 1199
1701 735
1701 1016
223 1639
223 442
771 2008
771 833
1966 1535
1966 160
1555 1188
1555 180
722 400
722 2021
253 62
253 76
525 575
525 1963
1501 1060
1501 1466
1360 1861
1360 960
1499 1570
1499 1842
402 1659
402 1901
290 1778
290 1577
1399 946
1399 1306
883 606
883 1250
1417 203
1417 756
1398 983
1398 1287
963 335
963 301
1118 288
1118 568
738 1429
738 610
1594 969
1594 1841
672 1940
672 869
1291 1571
1291 1732
1876 304
1876 1307
107 448
107 862
1586 285
1586 1338
1001 1839
1001 1598
1415 519
1415 274
1408 479
1408 159
1450 843
1450 1718
1326 997
1326 1859
345 1745
345 1587
508 941
508 20
1822 270
1822 250
1574 2046
1574 1977
1908 740
1908 1743
115 1697
115 1620
193 144
193 1642
729 1872
729 1471
2031 1103
2031 698
1400 657
1400 811
1887 775
1887 1655
1771 1463
1771 982
1201 1924
1201 1684
366 1806
366 1563
854 88
854 347
1511 1169
1511 80
1094 1196
1094 1396
1208 1430
1208 1244
1387 342
1387 1893
1241 1412
1241 688
125 873
125 1664
1164 528
1164 503
1738 894
1738 1136
208 1280
208 1854
1518 1170
1518 554
1532 1959
1532 1476
404 938
404 1005
1507 836
1507 516
86 1558
86 383
652 429
652 1926
1003 1512
1003 2036
1960 789
1960 18
289 524
289 1693
1007 1984
1007 201
1853 1041
1853 1050
903 1540
903 1688
1622 944
1622 1204
2047 200
2047 111
259 825
259 952
734 430
734 1636
444 1581
444 1864
923 1174
923 1455
1969 1452
1969 1981
1569 1077
1569 240
581 560
581 1225
226 1376
226 1361
608 1107
608 1529
1791 1913
1791 480
1799 1971
1799 838
1773 176
1773 760
413 2034
413 89
1049 1894
1049 464
1100 686
1100 1779
835 870
835 16
966 1179
966 1708
109 891
109 1213
1617 186
1617 1889
1547 1418
1547 1096
1482 1353
1482 1301
1131 506
1131 1542
182 1014
182 1549
1155 948
1155 697
906 750
906 473
521 1478
521 1674
1395 953
1395 1826
1675 320
1675 710
1236 94
1236 666
1922 2006
1922 872
382 1897
382 539
311 681
311 659
275 102
275 1707
1121 1184
1121 1403
1034 827
1034 914
328 266
328 542
224 796
224 1855
1770 268
1770 706
165 265
165 353
414 1885
414 198
1954 1467
1954 1088
731 2038
731 241
112 1918
112 1300
497 2026
497 153
1957 1898
1957 640
233 2009
233 340
1500 1440
1500 1018
916 959
916 296
100 1831
100 67
140 184
140 1824
1923 1071
1923 598
2027 1443
2027 1676
407 1825
407 509
337 876
337 399
709 579
709 1345
1087 1481
1087 1955
1660 481
1660 1903
563 1442
563 1810
918 154
918 1517
1405 1132
1405 1838
1371 1202
1371 1562
1457 1383
1457 537
1286 422
1286 1262
751 295
751 1024
1245 766
1245 794
1591 1364
1591 776
571 1645
571 1406
1717 2001
1717 1150
910 1880
910 392
815 956
815 1858
1672 1222
1672 1761
1851 437
1851 63
105 1147
105 1464
2024 1238
2024 25
449 1296
449 1930
1768 689
1768 1462
875 15
875 1673
358 1185
358 1666
565 341
565 812
408 1502
408 1775
1090 258
1090 1123
68 1091
68 60
700 1414
700 515
55 235
55 1017
1584 1125
1584 555
132 490
132 1474
1814 212
1814 315
1867 979
1867 1377
1844 897
1844 463
1226 988
1226 386
801 550
801 1895
868 768
868 101
1066 950
1066 1679
806 824
806 1975
43 716
43 1531
114 1444
114 1247
1010 693
1010 1608
2042 955
2042 1205
541 1916
541 410
1694 1214
1694 947
529 1235
529 81
1797 987
1797 1019
511 1699
511 1210
1192 1055
1192 1604
361 828
361 577
694 495
694 1883
1519 482
1519 1317
1996 441
1996 372
888 535
888 701
585 1420
585 1273
636 1073
636 1677
595 54
595 1687
1424 1819
1424 1052
850 569
850 152
1575 713
1575 1316
1479 1189
1479 313
317 985
317 499
901 1453
901 1242
1989 714
1989 191
1720 230
1720 679
612 1657
612 364
234 398
234 1626
653 435
653 1802
73 1095
73 932
691 1539
691 1992
1310 1106
1310 1685
1731 1726
1731 1219
1163 512
1163 1521
1691 1807
1691 986
980 439
980 133
1425 727
1425 545
778 322
778 145
1843 42
1843 1491
880 795
880 1130
1176 826
1176 1099
359 1260
359 1328
822 52
822 1578
752 395
752 196
64 1085
64 1829
1958 1600
1958 1573
634 1156
634 964
1340 587
1340 803
567 1426
567 1252
782 874
782 303
1820 1572
1820 962
816 758
816 603
720 1484
720 343
556 1703
556 172
1144 1363
1144 893
533 1081
533 642
1045 1389
1045 119
1448 1093
1448 127
624 371
624 1496
1999 937
1999 334
1780 965
1780 262
269 1217
269 90
1063 82
1063 695
356 1715
356 349
1550 1321
1550 849
138 190
138 904
591 974
591 572
1351 961
1351 1619
1763 1303
1763 352
1158 415
1158 928
855 802
855 1493
1907 1611
1907 1124
1709 685
1709 619
1173 1848
1173 1756
117 1472
117 1739
596 468
596 1276
1362 1141
1362 113
189 895
189 130
945 774
945 1869
1009 1760
1009 1454
22 91
22 600
1423 662
1423 943
977 1154
977 845
919 1953
919 813
1075 1485
1075 601
1111 387
1111 1086
46 216
46 459
1253 1991
1253 1976
517 604
517 726
1137 993
1137 1329
12 38
12 1503
162 514
162 860
327 1042
327 707
1354 443
1354 1109
1656 1297
1656 1551
1431 915
1431 1283
1206 1113
1206 215
990 1375
990 1683
882 257
882 790
314 1786
314 958
745 1704
745 110
1229 675
1229 583
2043 779
2043 661
1152 879
1152 2019
209 33
209 896
478 1823
478 1652
492 1216
492 87
1074 673
1074 401
1475 31
1475 1962
1847 188
1847 167
839 247
839 333
1489 1928
1489 1343
1027 1649
1027 1026
316 108
316 690
1199 620
1199 488
735 676
735 339
1016 1162
1016 66
1639 1333
1639 1020
442 148
442 1579
2008 2000
2008 271
833 564
833 1072
1535 40
1535 1264
160 1722
160 1974
1188 412
1188 374
180 1850
180 1641
400 1509
400 1076
2021 1255
2021 1381
62 354
62 1325
76 1033
76 218
575 1212
575 2004
1963 93
1963 1525
1060 238
1060 832
1466 475
1466 255
1861 614
1861 1497
960 1765
960 1441
1570 1536
1570 1808
1842 1257
1842 338
1659 1560
1659 139
1901 149
1901 1510
1778 445
1778 1062
1577 1700
1577 507
946 1949
946 1082
1306 1665
1306 643
606 1631
606 1284
1250 717
1250 1545
203 1220
203 1900
756 120
756 1267
983 307
983 1048
1287 1541
1287 650
335 1758
335 121
301 1037
301 878
288 1324
288 1801
568 733
568 1546
1429 291
1429 2016
610 1051
610 1079
969 1730
969 1151
1841 1616
1841 306
1940 319
1940 1334
869 77
869 502
1571 1279
1571 1407
1732 1293
1732 1438
304 336
304 151
1307 783
1307 1411
448 1358
448 1749
862 205
862 1193
285 1812
285 1133
1338 8
1338 970
1839 35
1839 1277
1598 1599
1598 1783
519 505
519 705
274 1670
274 187
479 1520
479 1840
159 1160
159 379
843 1021
843 912
1718 605
1718 1218
997 1122
997 908
1859 32
1859 532
1745 1469
1745 396
1587 142
1587 1427
941 1836
941 1175
20 1356
20 885
270 1157
270 1397
250 1932
250 1938
2046 842
2046 1182
1977 531
1977 841
740 866
740 6
1743 462
1743 369
1697 1488
1697 1337
1620 592
1620 1251
144 1896
144 484
1642 1115
1642 1713
1872 332
1872 174
1471 1327
1471 460
1103 419
1103 1818
698 1379
698 1171
657 853
657 723
811 743
811 1647
775 123
775 1249
1655 1809
1655 500
1463 1868
1463 1480
982 41
982 1271
1924 1888
1924 1746
1684 34
1684 1651
1806 890
1806 1644
1563 1190
1563 39
88 647
88 1678
347 476
347 1268
1169 992
1169 405
80 329
80 391
1196 1821
1196 1159
1396 1126
1396 1237
1430 846
1430 1605
1244 1789
1244 680
342 1181
342 2044
1893 1934
1893 976
1412 297
1412 1036
688 378
688 1878
873 922
873 1413
1664 968
1664 498
528 1145
528 1653
503 1394
503 244
894 2012
894 1728
1136 436
1136 1298
1280 350
1280 409
1854 631
1854 667
1170 663
1170 1533
554 702
554 998
1959 1416
1959 293
1476 692
1476 485
938 1875
938 1223
1005 2020
1005 1342
836 957
836 552
516 847
516 1566
1558 1285
1558 1117
383 1552
383 754
429 618
429 181
1926 1254
1926 1039
1512 1865
1512 351
2036 917
2036 143
789 1022
789 1530
18 1748
18 1315
524 1335
524 1402
1693 856
1693 645
1984 1139
1984 1167
201 2032
201 1305
1041 644
1041 1866
1050 126
1050 1281
1540 71
1540 47
1688 536
1688 283
944 1596
944 1634
1204 973
1204 613
200 1004
200 1289
111 467
111 821
825 785
825 749
952 263
952 1754
430 1759
430 298
1636 557
1636 1774
1581 1359
1581 1142
1864 625
1864 1817
1174 1302
1174 1008
1455 909
1455 1968
1452 611
1452 1856
1981 627
1981 773
1077 260
1077 2033
240 1994
240 1473
560 668
560 17
1225 489
1225 1990
1376 300
1376 1943
1361 810
1361 934
1107 999
1107 251
1529 45
1529 1140
1913 1278
1913 1576
480 438
480 1543
1971 1564
1971 780
838 1921
838 206
176 1629
176 1221
760 1101
760 871
2034 1513
2034 421
89 797
89 128
1894 1487
1894 83
464 1409
464 24
686 562
686 1654
1779 227
1779 1258
870 1956
870 1347
16 403
16 1986
1179 44
1179 1031
1708 504
1708 376
891 362
891 602
1213 526
1213 718
186 1373
186 1198
1889 1737
1889 582
1418 373
1418 1243
1096 491
1096 1006
1353 886
1353 388
1301 949
1301 1065
506 390
506 59
1542 50
1542 278
1014 1040
1014 232
1549 1982
1549 1465
948 1030
948 584
697 1445
697 1470
750 137
750 1498
473 1514
473 1261
1478 477
1478 9
1674 103
1674 1083
953 287
953 753
1826 1446
1826 1194
320 2017
320 975
710 902
710 453
94 1246
94 1183
666 277
666 1904
2006 1837
2006 323
872 147
872 1863
1897 1788
1897 1828
539 737
539 192
681 1046
681 867
659 2041
659 905
102 805
102 99
1707 30
1707 926
1184 629
1184 1792
1403 1084
1403 1177
827 898
827 469
914 61
914 1565
266 1506
266 1149
542 173
542 1015
796 1468
796 1919
1855 155
1855 1948
268 486
268 1143
706 1120
706 2018
265 425
265 1997
353 814
353 78
1885 1613
1885 1207
198 887
198 621
1467 416
1467 1516
1088 696
1088 4
2038 381
2038 267
241 1092
241 242
1918 1378
1918 748
1300 1663
1300 461
2026 728
2026 171
153 458
153 1129
1898 146
1898 177
640 1744
640 1067
2009 641
2009 225
340 1275
340 487
1440 1811
1440 1331
1018 755
1018 1187
959 1832
959 1762
296 194
296 1632
1831 2014
1831 213
67 590
67 1357
184 664
184 1515
1824 256
1824 784
1071 1089
1071 195
598 1607
598 834
1443 593
1443 254
1676 1308
1676 1769
1825 1495
1825 1186
509 36
509 907
876 1057
876 281
399 1813
399 1637
579 1635
579 1256
1345 58
1345 1787
1481 1047
1481 746
1955 2029
1955 940
481 1449
481 2025
1903 1692
1903 1544
1442 1013
1442 389
1810 1348
1810 674
154 863
154 85
1517 92
1517 26
1132 261
1132 588
1838 599
1838 1834
1202 384
1202 1460
1562 454
1562 1716
1383 1477
1383 920
537 1114
537 1554
422 1553
422 228
1262 1671
1262 884
295 576
295 1228
1024 418
1024 522
766 1000
766 1712
794 1153
794 1259
1364 646
1364 786
776 1504
776 527
1645 1270
1645 450
1406 1319
1406 1168
2001 1386
2001 2007
1150 1747
1150 1432
1880 243
1880 1528
392 742
392 770
956 546
956 1920
1858 1486
1858 809
1222 150
1222 452
1761 221
1761 921
437 1332
437 1597
63 1349
63 1344
1147 622
1147 933
1464 711
1464 49
1238 28
1238 654
25 426
25 1304
1296 857
1296 423
1930 617
1930 900
689 978
689 368
1462 1180
1462 1044
15 1944
15 310
1673 1350
1673 1461
1185 1492
1185 823
1666 819
1666 106
341 721
341 367
812 1215
812 1436
1502 360
1502 991
1775 1950
1775 1392
258 671
258 925
1123 865
1123 1172
1091 70
1091 1508
60 202
60 1945
1414 798
1414 638
515 1248
515 580
235 703
235 972
1017 1419
1017 1736
1125 655
1125 1370
555 1980
555 561
490 1877
490 520
1474 1534
1474 1320
212 1595
212 1097
315 628
315 237
979 1733
979 1870
1377 630
1377 1588
897 1355
897 829
463 1833
463 712
988 1860
988 1393
386 10
386 185
550 286
550 1727
1895 131
1895 788
768 1628
768 736
101 1929
101 1767
950 889
950 844
1679 626
1679 1933
824 1029
824 1312
1975 1080
1975 719
716 1937
716 984
1531 1705
1531 877
1444 1815
1444 971
1247 1695
1247 658
693 1232
693 615
1608 1881
1608 1161
955 451
955 1892
1205 222
1205 597
1916 273
1916 1178
410 899
410 1781
1214 1548
1214 911
947 23
947 1915
1235 1061
1235 375
81 1891
81 623
987 472
987 2030
1019 1983
1019 1209
1699 1719
1699 1559
1210 1269
1210 1721
1055 1852
1055 1439
1604 1803
1604 1527
828 1800
828 1686
577 393
577 759
495 687
495 1116
1883 161
1883 570
482 1777
482 936
1317 762
1317 294
441 1601
441 1890
372 1612
372 1146
535 84
535 767
701 380
701 547
1420 309
1420 211
1273 1059
1273 708
1073 1741
1073 1970
1677 1523
1677 27
54 852
54 1028
1687 72
1687 365
1819 510
1819 179
1052 74
1052 558
569 1936
569 19
152 924
152 1795
713 496
713 246
1316 1023
1316 2002
1189 939
1189 122
313 284
313 684
985 1078
985 1973
499 1274
499 158
1453 1706
1453 633
1242 312
1242 280
714 2039
714 1985
191 2010
191 1627
230 1640
230 1166
679 1314
679 989
1657 837
1657 1696
364 732
364 308
398 1011
398 1988
1626 431
1626 1404
435 434
435 660
1802 1138
1802 2035
1095 1742
1095 1299
932 1978
932 1582
1539 1755
1539 1682
1992 1458
1992 632
1106 1879
1106 2015
1685 1239
1685 156
1726 166
1726 305
1219 1505
1219 573
512 1849
512 1585
1521 1311
1521 1288
1807 1054
1807 1058
986 1633
986 1195
439 1614
439 1917
133 548
133 1227
727 357
727 397
545 1764
545 427
322 1295
322 1128
145 523
145 1621
42 219
42 1197
1491 1127
1491 321
795 1384
795 649
1130 665
1130 1757
826 781
826 1313
1099 1053
1099 1998
1260 214
1260 765
1328 1282
1328 1782
52 1906
52 715
1578 699
1578 1165
395 1447
395 79
196 1667
196 1391
1085 157
1085 1680
1829 440
1829 456
1600 1294
1600 302
1573 168
1573 1827
1156 1537
1156 1134
964 1339
964 1012
587 1382
587 538
803 1899
803 2037
1426 1740
1426 1434
1252 129
1252 199
874 513
874 1102
303 635
303 183
1572 1494
1572 1002
962 1947
962 1068
758 861
758 1805
603 248
603 1729
1484 1490
1484 1483
343 1623
343 282
1703 792
1703 1032
172 164
172 574
1363 1272
1363 1522
893 677
893 996
1081 764
1081 236
642 864
642 1428
1389 1098
1389 98
119 2003
119 124
1093 346
1093 1561
127 494
127 1043
371 769
371 1690
1496 607
1496 1567
937 1785
937 406
334 1422
334 326
965 1668
965 1702
262 651
262 355
1217 272
1217 57
90 1590
90 892
82 1725
82 1369
695 1698
695 1625
1715 1909
1715 669
349 730
349 447
1321 1816
1321 1388
849 1290
849 1753
190 1390
190 1556
904 670
904 1710
974 648
974 1352
572 330
572 1995
961 954
961 930
1619 1734
1619 331
1303 104
1303 994
352 1967
352 433
415 1191
415 1292
928 929
928 1941
802 95
802 1104
1493 1200
1493 530
