31 63 58074730
26 29
26 13
29 6
29 11
13 23
13 27
6 31
6 9
11 19
11 16
23 25
23 20
27 1
27 21
31 14
31 4
9 8
9 10
19 30
19 12
16 5
16 7
25 24
25 3
20 28
20 22
1 17
1 2
21 18
21 15
61 10
61 53
10 40
10 54
53 7
53 34
40 48
40 42
54 13
54 19
7 37
7 30
34 55
34 63
48 33
48 1
42 9
42 28
13 51
13 12
19 38
19 15
37 5
37 32
30 46
30 26
55 57
55 29
63 20
63 44
33 8
33 62
1 35
1 50
9 41
9 22
28 49
28 16
51 36
51 52
12 23
12 59
38 2
38 6
15 4
15 27
5 11
5 17
32 47
32 56
46 60
46 58
26 39
26 25
57 45
57 3
29 43
29 18
20 31
20 21
44 24
44 14
