31 511 73615
10 20
10 25
20 7
20 29
25 27
25 2
7 21
7 19
29 6
29 30
27 11
27 12
2 24
2 15
21 18
21 8
19 26
19 17
6 28
6 9
30 23
30 3
11 1
11 4
12 31
12 16
24 22
24 5
15 13
15 14
185 508
185 238
508 305
508 429
238 463
238 259
305 124
305 221
429 181
429 46
463 424
463 251
259 316
259 225
124 146
124 136
221 366
221 107
181 140
181 116
46 210
46 294
424 12
424 445
251 134
251 334
316 193
316 195
225 509
225 288
146 465
146 131
136 277
136 248
366 55
366 73
107 99
107 485
140 220
140 198
116 344
116 400
210 495
210 256
294 278
294 122
12 243
12 319
445 380
445 370
134 299
134 480
334 85
334 297
193 142
193 438
195 430
195 222
509 202
509 433
288 339
288 178
465 473
465 460
131 54
131 283
277 82
277 434
248 375
248 348
55 6
55 497
73 374
73 314
99 31
99 39
485 330
485 200
220 117
220 138
198 280
198 423
344 89
344 171
400 472
400 127
495 269
495 141
256 477
256 43
278 207
278 443
122 369
122 392
243 236
243 289
319 102
319 120
380 180
380 48
370 161
370 119
299 63
299 87
480 304
480 23
85 260
85 163
297 414
297 457
142 40
142 114
438 164
438 61
430 309
430 20
222 396
222 371
202 240
202 302
433 201
433 254
339 499
339 318
178 25
178 139
473 179
473 413
460 15
460 62
54 274
54 135
283 415
283 331
82 42
82 26
434 121
434 388
375 300
375 328
348 250
348 70
6 287
6 354
497 505
497 351
374 17
374 437
314 144
314 412
31 159
31 478
39 106
39 398
330 125
330 1
200 467
200 53
117 212
117 173
138 411
138 153
280 261
280 475
423 29
423 177
89 311
89 490
171 123
171 441
472 67
472 384
127 147
127 109
269 323
269 94
141 353
141 156
477 174
477 234
43 290
43 382
207 101
207 298
443 273
443 474
369 19
369 389
392 494
392 489
236 439
236 349
289 95
289 410
102 175
102 428
120 340
120 376
180 284
180 492
48 199
48 275
161 488
161 404
119 393
119 407
63 115
63 308
87 487
87 502
304 479
304 446
23 440
23 14
260 431
260 197
163 391
163 219
414 312
414 56
457 327
457 335
40 10
40 385
114 427
114 5
164 154
164 155
61 59
61 27
309 4
309 191
20 471
20 496
396 417
396 409
371 301
371 501
240 394
240 408
302 75
302 52
201 228
201 464
254 129
254 401
499 22
499 133
318 258
318 112
25 295
25 469
139 447
139 80
179 78
179 368
413 253
413 2
15 37
15 167
62 466
62 88
274 69
274 425
135 325
135 34
415 118
415 379
331 216
331 372
42 462
42 233
26 242
26 337
121 128
121 215
388 306
388 145
300 338
300 257
328 267
328 150
250 96
250 448
70 239
70 182
287 98
287 456
354 229
354 170
505 126
505 486
351 397
351 286
17 166
17 510
437 390
437 346
144 450
144 507
412 188
412 307
159 491
159 232
478 148
478 84
106 38
106 358
398 192
398 184
125 403
125 108
1 503
1 363
467 422
467 249
53 268
53 435
212 105
212 386
173 58
173 421
411 57
411 272
153 416
153 285
261 356
261 276
475 213
475 322
29 83
29 262
177 211
177 71
311 100
311 132
490 402
490 350
123 246
123 459
441 329
441 104
67 92
67 321
384 218
384 320
147 252
147 74
109 151
109 365
323 317
323 176
94 223
94 194
353 76
353 165
156 9
156 451
174 18
174 436
234 65
234 504
290 271
290 405
382 137
382 455
101 45
101 361
298 226
298 143
273 419
273 326
474 158
474 255
19 315
19 500
389 230
389 41
494 152
494 35
489 196
489 36
439 444
439 470
349 476
349 79
95 204
95 266
410 453
410 461
175 203
175 77
428 264
428 342
340 442
340 21
376 13
376 51
284 378
284 11
492 426
492 130
199 341
199 187
275 458
275 241
488 90
488 227
404 16
404 452
393 377
393 66
407 28
407 30
115 110
115 291
308 189
308 217
487 206
487 483
502 60
502 157
479 347
479 387
446 360
446 209
440 332
440 362
14 81
14 162
431 511
431 420
197 224
197 303
391 359
391 244
219 418
219 454
312 91
312 364
56 8
56 190
327 345
327 506
335 493
335 355
10 352
10 399
385 498
385 357
427 333
427 484
5 3
5 93
154 373
154 231
155 324
155 214
59 310
59 113
27 172
27 64
4 282
4 237
191 468
191 68
471 7
471 296
496 169
496 449
417 205
417 432
409 33
409 24
301 44
301 381
501 245
501 97
394 343
394 183
408 168
408 149
75 367
75 86
52 406
52 383
228 160
228 247
464 265
464 482
129 313
129 281
401 186
401 270
22 32
22 111
133 50
133 336
258 293
258 49
112 208
112 292
295 103
295 279
469 235
469 72
447 481
447 263
80 395
80 47
