2047 2047 43
1473 592
1473 1505
592 335
592 278
1505 1929
1505 623
335 1911
335 475
278 1580
278 1703
1929 1049
1929 35
623 870
623 1298
1911 163
1911 301
475 199
475 37
1580 1310
1580 781
1703 1068
1703 1769
1049 1940
1049 213
35 646
35 1280
870 147
870 1922
1298 759
1298 1938
163 1762
163 331
301 1401
301 93
199 1680
199 295
37 1714
37 1615
1310 73
1310 232
781 892
781 1082
1068 605
1068 432
1769 663
1769 989
1940 236
1940 1377
213 571
213 391
646 266
646 575
1280 902
1280 1585
147 333
147 173
1922 1230
1922 1927
759 1037
759 261
1938 1727
1938 1546
1762 648
1762 694
331 1474
331 1930
1401 1820
1401 1176
93 991
93 454
1680 1808
1680 1358
295 1917
295 1277
1714 562
1714 956
1615 240
1615 1295
73 1984
73 373
232 1627
232 450
892 1595
892 741
1082 1369
1082 919
605 350
605 1008
432 320
432 115
663 1710
663 629
989 472
989 703
236 1376
236 511
1377 1838
1377 1581
571 1438
571 314
391 975
391 1385
266 1586
266 1303
575 1584
575 1494
902 238
902 1090
1585 1832
1585 1624
333 865
333 490
173 96
173 1331
1230 560
1230 802
1927 859
1927 1743
1037 1465
1037 1691
261 1055
261 357
1727 656
1727 131
1546 630
1546 1479
648 618
648 1721
694 1992
694 1041
1474 1667
1474 1833
1930 794
1930 1204
1820 1289
1820 1509
1176 374
1176 610
991 1859
991 572
454 1458
454 209
1808 894
1808 1772
1358 1844
1358 1178
1917 386
1917 1964
1277 1730
1277 1659
562 565
562 448
956 1807
956 816
240 256
240 553
1295 1372
1295 1391
1984 1633
1984 1242
373 1419
373 1410
1627 260
1627 1208
450 1424
450 1268
1595 1564
1595 835
741 586
741 821
1369 1368
1369 304
919 1018
919 1315
350 390
350 500
1008 234
1008 252
320 1912
320 946
115 1810
115 760
1710 1285
1710 666
629 222
629 633
472 88
472 1205
703 1244
703 1619
1376 602
1376 143
511 1648
511 1895
1838 1827
1838 738
1581 1202
1581 128
1438 1236
1438 1449
314 424
314 722
975 1549
975 1225
1385 286
1385 1158
1586 1642
1586 992
1303 1812
1303 1464
1584 873
1584 949
1494 124
1494 626
238 1309
238 504
1090 2006
1090 1958
1832 844
1832 1947
1624 1674
1624 830
865 579
865 132
490 1378
490 954
96 691
96 410
1331 1768
1331 306
560 476
560 1941
802 1443
802 750
859 1194
859 1862
1743 842
1743 347
1465 863
1465 56
1691 730
1691 1447
1055 799
1055 1541
357 687
357 631
656 886
656 248
131 2026
131 1757
630 620
630 742
1479 874
1479 1647
618 1072
618 1961
1721 319
1721 1281
1992 90
1992 1248
1041 559
1041 1382
1667 66
1667 94
1833 1866
1833 1051
794 1243
794 345
1204 1441
1204 1951
1289 856
1289 1426
1509 1264
1509 1192
374 517
374 1431
610 136
610 1739
1859 284
1859 1177
572 718
572 412
1458 1628
1458 1661
209 1404
209 1023
894 653
894 944
1772 1032
1772 1501
1844 1442
1844 481
1178 441
1178 769
386 507
386 1251
1964 1802
1964 675
1730 774
1730 192
1659 564
1659 1880
565 364
565 1389
448 903
448 780
1807 712
1807 904
816 550
816 758
256 1571
256 52
553 840
553 1944
1372 1241
1372 293
1391 715
1391 1321
1633 2031
1633 936
1242 1448
1242 969
1419 177
1419 99
1410 1097
1410 1160
260 1087
260 1722
1208 146
1208 1403
1424 291
1424 1311
1268 1554
1268 1610
1564 467
1564 1826
835 297
835 354
586 33
586 1010
821 1754
821 1006
1368 973
1368 62
304 982
304 67
1018 1210
1018 522
1315 2018
1315 1381
390 1731
390 332
500 1522
500 978
234 1327
234 1563
252 1366
252 1863
1912 1066
1912 1777
946 1673
946 1860
1810 987
1810 413
760 1096
760 26
1285 817
1285 1726
666 706
666 403
222 634
222 1126
633 858
633 1301
88 1455
88 208
1205 805
1205 71
1244 590
1244 624
1619 1504
1619 1547
602 1654
602 542
143 2015
143 1000
1648 1390
1648 1367
1895 1621
1895 1823
1827 1894
1827 523
738 1620
738 191
1202 1020
1202 922
128 1451
128 985
1236 1982
1236 911
1449 1561
1449 104
424 1872
424 1356
722 820
722 1088
1549 138
1549 1463
1225 336
1225 608
286 1540
286 369
1158 1943
1158 1031
1642 1738
1642 92
992 1953
992 1770
1812 1671
1812 1815
1464 458
1464 1835
873 1330
873 548
949 974
949 1046
124 1728
124 953
626 1406
626 485
1309 827
1309 117
504 510
504 272
2006 2011
2006 158
1958 1089
1958 13
844 1476
844 340
1947 1394
1947 279
1674 654
1674 1271
830 660
830 617
579 486
579 2025
132 869
132 1512
1378 948
1378 157
954 657
954 670
691 89
691 2029
410 1187
410 848
1768 1814
1768 1116
306 1783
306 797
476 1583
476 1091
1941 555
1941 2013
1443 1969
1443 1338
750 866
750 1238
1194 1887
1194 1482
1862 1788
1862 746
842 568
842 1785
347 356
347 958
863 1191
863 20
56 1148
56 546
730 85
730 3
1447 970
1447 341
799 1684
799 159
1541 1131
1541 134
687 914
687 628
631 82
631 1811
886 1865
886 721
248 396
248 1379
2026 1888
2026 1085
1757 1012
1757 1325
620 940
620 688
742 152
742 1873
874 1886
874 420
1647 533
1647 2042
1072 740
1072 1229
1961 1669
1961 1206
319 2000
319 1025
1281 1333
1281 1128
90 737
90 905
1248 1692
1248 1521
559 366
559 1632
1382 212
1382 1220
66 570
66 1201
94 189
94 1573
1866 1353
1866 358
1051 1383
1051 1197
1243 380
1243 32
345 1711
345 1047
1441 649
1441 693
1951 1346
1951 455
856 1733
856 2023
1426 1970
1426 1138
1264 1685
1264 479
1192 43
1192 692
517 1215
517 1782
1431 713
1431 569
136 445
136 1265
1739 1044
1739 2037
284 1299
284 861
1177 1304
1177 1223
718 119
718 1250
412 1566
412 714
1628 509
1628 59
1661 862
1661 242
1404 342
1404 1637
1023 1062
1023 1609
653 1101
653 408
944 1069
944 172
1032 164
1032 204
1501 1396
1501 299
1442 1371
1442 2039
481 1854
481 1013
441 785
441 833
769 783
769 459
507 1079
507 137
1251 42
1251 1976
1802 269
1802 281
675 1054
675 1349
774 727
774 595
192 58
192 1577
564 10
564 743
1880 1104
1880 211
364 891
364 1478
1389 977
1389 1113
903 1713
903 2047
780 913
780 918
712 1904
712 1080
904 717
904 782
550 825
550 174
758 1749
758 2010
1571 960
1571 1511
52 495
52 932
840 1699
840 247
1944 1656
1944 423
1241 1694
1241 69
293 1136
293 1129
715 8
715 1284
1321 1956
1321 1415
2031 734
2031 929
936 9
936 604
1448 1625
1448 1946
969 1897
969 1915
177 1267
177 1364
99 65
99 1342
1097 1850
1097 18
1160 1570
1160 539
1087 1125
1087 398
1722 1189
1722 477
146 385
146 997
1403 381
1403 1360
291 1890
291 298
1311 806
1311 901
1554 1475
1554 409
1610 440
1610 1803
467 581
467 1007
1826 594
1826 2028
297 834
297 1119
354 487
354 1485
33 1175
33 788
1010 1907
1010 400
1754 63
1754 753
1006 1050
1006 1525
973 1919
973 1421
62 76
62 81
982 1824
982 25
67 518
67 122
1210 1386
1210 984
522 1775
522 1168
2018 1876
2018 1183
1381 144
1381 1799
1731 421
1731 839
332 326
332 433
1522 1855
1522 1173
978 1074
978 508
1327 1453
1327 84
1563 786
1563 154
1366 17
1366 129
1863 1114
1863 262
1066 1649
1066 530
1777 1452
1777 1004
1673 274
1673 583
1860 1217
1860 346
987 300
987 621
413 1428
413 627
1096 1258
1096 931
26 1221
26 405
817 1009
817 1408
1726 435
1726 1843
706 2040
706 86
403 287
403 1560
634 470
634 908
1126 1515
1126 1718
858 1997
858 868
1301 1518
1301 1276
1455 1657
1455 1745
208 1059
208 962
805 878
805 705
71 1989
71 1355
590 349
590 422
624 755
624 218
1504 1293
1504 1889
1547 1026
1547 1519
1654 751
1654 699
542 707
542 1550
2015 1535
2015 1818
1000 1164
1000 867
1390 233
1390 1569
1367 912
1367 404
1621 265
1621 384
1823 1318
1823 153
1894 635
1894 1028
523 710
523 492
1620 1936
1620 1294
191 849
191 1980
1020 503
1020 1537
922 757
922 792
1451 103
1451 1672
985 1908
985 1269
1982 245
1982 418
911 964
911 1247
1561 338
1561 1341
104 1122
104 681
1872 1967
1872 809
1356 1797
1356 1499
820 1603
820 302
1088 512
1088 600
138 971
138 593
1463 1423
1463 1359
336 1781
336 149
608 1981
608 251
1540 1398
1540 1765
369 328
369 451
1943 1324
1943 30
1031 351
1031 662
1738 402
1738 1991
92 244
92 1015
1953 2041
1953 1261
1770 1926
1770 818
1671 360
1671 210
1815 1913
1815 527
458 1154
458 1253
1835 6
1835 680
1330 1589
1330 133
548 513
548 1629
974 1155
974 1179
1046 50
1046 2044
1728 1836
1728 1262
953 48
953 1469
1406 1411
1406 1071
485 263
485 447
827 1898
827 1233
117 1034
117 1831
510 1520
510 1678
272 1975
272 1534
2011 1715
2011 5
158 1652
158 118
1089 225
1089 1156
13 2024
13 1053
1476 1901
1476 744
340 1542
340 1900
1394 1130
1394 1925
279 1287
279 2038
654 1809
654 1607
1271 884
1271 599
660 1024
660 1450
617 1103
617 2035
486 2032
486 563
2025 1111
2025 194
869 1459
869 1562
1512 1157
1512 554
948 87
948 1884
157 1594
157 444
657 1822
657 1774
670 249
670 857
89 339
89 1357
2029 1921
2029 921
1187 125
1187 46
848 1557
848 1864
1814 990
1814 466
1116 168
1116 1791
1783 334
1783 1263
797 419
797 1345
1583 1601
1583 1209
1091 1198
1091 1245
555 711
555 4
2013 1645
2013 1283
1969 924
1969 1397
1338 1143
1338 1965
866 822
866 519
1238 1937
1238 561
1887 465
1887 668
1482 456
1482 515
1788 257
1788 1237
746 775
746 601
568 180
568 1214
1785 1185
1785 1255
356 1083
356 1093
958 708
958 130
1191 1186
1191 323
20 1222
20 1972
1148 1780
1148 1503
546 460
546 551
85 1793
85 1971
3 70
3 1923
970 824
970 1565
341 860
341 230
1684 1132
1684 1574
159 1696
159 2
1131 44
1131 1903
134 494
134 1658
914 732
914 637
628 1365
628 309
82 1120
82 1719
1811 1614
1811 1697
1865 720
1865 1548
721 1528
721 1910
396 107
396 330
1379 1747
1379 947
1888 1960
1888 1061
1085 502
1085 589
1012 1600
1012 1963
1325 747
1325 1677
940 1030
940 925
688 1254
688 482
152 917
152 1794
1873 15
1873 726
1886 241
1886 1790
420 933
420 1798
533 1751
533 1737
2042 397
2042 1099
740 1555
740 1002
1229 187
1229 728
1669 224
1669 1300
1206 1420
1206 966
2000 343
2000 979
1025 1905
1025 39
1333 1707
1333 1336
1128 416
1128 1705
737 1374
737 784
905 1067
905 1108
1692 1337
1692 296
1521 120
1521 489
366 582
366 968
1632 1320
1632 852
212 38
212 1322
1220 547
1220 937
570 1933
570 893
1201 803
1201 311
189 749
189 1527
1573 729
1573 1196
1353 1146
1353 1853
358 672
358 2016
1383 1422
1383 109
1197 647
1197 463
380 1246
380 645
32 815
32 27
1711 988
1711 650
1047 2002
1047 1019
649 1166
649 1568
693 171
693 388
1346 1892
1346 689
455 1470
455 525
1733 1
1733 1171
2023 442
2023 361
1970 665
1970 1821
1138 271
1138 1076
1685 1118
1685 61
479 1292
479 613
43 148
43 1323
692 1729
692 1395
1215 156
1215 754
1782 1724
1782 353
713 1429
713 1235
569 1839
569 1409
445 1107
445 1689
1265 1487
1265 526
1044 831
1044 167
2037 1290
2037 11
1299 1666
1299 1240
861 520
861 2036
1304 716
1304 896
1223 2012
1223 1551
119 765
119 101
1250 497
1250 1849
1566 828
1566 762
714 496
714 735
509 900
509 612
59 1174
59 1536
862 763
862 231
242 1590
242 45
342 1553
342 1425
1637 1313
1637 1764
1062 2017
1062 1599
1609 1995
1609 417
1101 91
1101 1841
408 2009
408 28
1069 362
1069 723
172 155
172 1273
164 207
164 1760
204 1110
204 443
1396 237
1396 36
299 1688
299 1005
1371 221
1371 1414
2039 1077
2039 464
1854 1591
1854 127
1013 541
1013 576
785 1709
785 1516
833 667
833 724
783 178
783 255
459 175
459 275
1079 1819
1079 1029
137 531
137 312
42 1813
42 1036
1976 607
1976 217
269 7
269 573
281 1698
281 166
1054 14
1054 709
1349 229
1349 814
727 195
727 1616
595 1753
595 1533
58 303
58 1665
1577 1471
1577 910
10 1870
10 1530
743 1472
743 1817
1104 1928
1104 363
211 1058
211 1510
891 890
891 1948
1478 1314
1478 1027
977 434
977 264
1113 162
1113 1606
1713 1388
1713 596
2047 1362
2047 1868
913 1638
913 952
918 268
918 1282
1904 528
1904 643
1080 801
1080 534
717 1918
717 1286
782 365
782 258
825 1861
825 682
174 832
174 1939
1749 1651
1749 642
2010 123
2010 228
960 2019
960 483
1511 683
1511 382
495 1759
495 855
932 31
932 79
1699 1959
1699 1162
247 462
247 1602
1656 1200
1656 41
423 1653
423 880
1694 505
1694 121
69 813
69 1063
1136 1232
1136 819
1129 77
1129 552
8 790
8 1352
1284 1725
1284 945
1956 1593
1956 907
1415 1275
1415 1014
734 1021
734 752
929 102
929 1655
9 1045
9 273
604 1017
604 942
1625 1466
1625 916
1946 585
1946 1145
1897 437
1897 1001
1915 1945
1915 847
1267 317
1267 1662
1364 327
1364 1239
65 587
65 186
1342 1351
1342 49
1850 838
1850 1064
18 1842
18 1613
1570 1993
1570 179
539 1848
539 1630
1125 540
1125 1133
398 1954
398 1681
1189 1878
1189 798
477 378
477 1033
385 426
385 401
997 1994
997 439
381 2043
381 1539
1360 882
1360 383
1890 308
1890 21
298 406
298 1124
806 1857
806 1856
901 1095
901 536
1475 1316
1475 1611
409 1750
409 1881
440 766
440 574
1803 658
1803 395
581 1016
581 1142
1007 1758
1007 928
594 632
594 837
2028 2033
2028 598
834 603
834 939
1119 1748
1119 529
487 1598
487 1979
1485 696
1485 1670
1175 934
1175 999
788 1468
788 1498
1907 1339
1907 1040
400 1934
400 1702
63 558
63 1879
753 972
753 796
1050 673
1050 1387
1525 616
1525 1094
1919 498
1919 501
1421 227
1421 1340
76 1596
76 1344
81 165
81 1717
1824 97
1824 1664
25 1998
25 220
518 652
518 1195
122 644
122 875
1386 1257
1386 226
984 1704
984 854
1775 1078
1775 950
1168 1531
1168 160
1876 1354
1876 294
1183 169
1183 1161
144 885
144 1987
1799 597
1799 1279
421 1334
421 1467
839 770
839 2034
326 307
326 1092
433 1256
433 259
1855 516
1855 1597
1173 1084
1173 793
1074 1891
1074 1057
508 851
508 1786
1453 203
1453 318
84 1109
84 804
786 411
786 1035
154 1966
154 1384
17 184
17 1490
129 1572
129 1988
1114 2008
1114 181
262 1740
262 1199
1649 64
1649 1274
530 1444
530 1800
1452 1500
1452 965
1004 1296
1004 111
274 557
274 1732
583 310
583 772
1217 1935
1217 215
346 480
346 322
300 1043
300 1983
621 1227
621 926
1428 290
1428 1454
627 584
627 1312
1258 1524
1258 449
931 1190
931 850
1221 761
1221 909
405 1742
405 994
1009 1708
1009 591
1408 1784
1408 1112
435 1829
435 686
1843 1149
1843 198
2040 1484
2040 348
86 943
86 1075
287 1744
287 1150
1560 1042
1560 1417
470 1902
470 108
908 677
908 725
1515 1668
1515 16
1718 183
1718 993
1997 1990
1997 1974
868 1538
868 577
1518 1117
1518 106
1276 1517
1276 700
1657 392
1657 1153
1745 288
1745 1543
1059 1949
1059 1579
962 1641
962 1400
878 1828
878 1457
705 1343
705 367
1989 810
1989 1203
1355 280
1355 1135
349 619
349 996
422 1003
422 452
755 983
755 83
218 1416
218 205
1293 1968
1293 142
1889 1163
1889 243
1026 1435
1026 394
1519 53
1519 1493
751 1723
751 963
699 1578
699 1506
707 285
707 151
1550 702
1550 640
1535 60
1535 1869
1818 1741
1818 777
1164 1973
1164 1328
867 736
867 1996
233 1038
233 1957
1569 1789
1569 1430
912 1170
912 1184
404 1604
404 1373
265 1893
265 807
384 521
384 2046
1318 1840
1318 1875
153 34
153 957
635 1952
635 756
1028 1211
1028 961
710 1167
710 664
492 1207
492 1180
1936 845
1936 535
1294 372
1294 1011
849 1115
849 1906
1980 407
1980 499
503 24
503 1795
1537 1317
1537 337
757 1612
757 678
792 877
792 1022
103 1234
103 1816
1672 216
1672 150
1908 1278
1908 1488
1269 1307
1269 1081
245 871
245 190
418 1909
418 254
964 661
964 506
1247 344
1247 105
338 930
338 1587
1341 1746
1341 1489
1122 995
1122 1483
681 1407
681 188
1967 1545
1967 1787
809 141
809 276
1797 544
1797 324
1499 1480
1499 1852
1603 789
1603 887
302 1526
302 1332
512 836
512 731
600 74
600 1636
971 1105
971 316
593 1773
593 161
1423 532
1423 1532
1359 1039
1359 1640
1781 2021
1781 1693
149 393
149 1492
1981 1675
1981 690
251 1380
251 471
1398 461
1398 474
1765 1418
1765 938
328 110
328 935
451 1393
451 1272
1324 1999
1324 1169
30 1147
30 655
351 795
351 679
662 1291
662 196
402 1219
402 841
1991 778
1991 1623
244 1302
244 1660
1015 1462
1015 980
2041 1559
2041 704
1261 1100
1261 80
1926 19
1926 1639
818 1686
818 1139
360 40
360 1556
210 1347
210 1986
1913 846
1913 881
527 609
527 329
1154 853
1154 1931
1253 2030
1253 1508
6 1497
6 1159
680 1712
680 1507
1589 1882
1589 223
133 140
133 478
513 889
513 639
1629 1631
1629 671
1155 1736
1155 1942
1179 95
1179 897
50 1306
50 1495
2044 1249
2044 549
1836 1151
1836 538
1262 2007
1262 1885
48 431
48 1433
1469 116
1469 359
1411 72
1411 1491
1071 625
1071 915
263 1350
263 1846
447 697
447 1140
1898 1582
1898 246
1233 1065
1233 1456
1034 1098
1034 1137
1831 55
1831 791
1520 376
1520 1270
1678 1335
1678 1121
1975 1766
1975 1700
1534 139
1534 1690
1715 1752
1715 253
5 923
5 1720
1652 12
1652 767
118 112
118 2003
225 1181
225 1755
1156 1437
1156 1924
2024 414
2024 1224
1053 1329
1053 1796
1901 47
1901 1576
744 1877
744 29
1542 1977
1542 114
1900 1375
1900 1056
1130 843
1130 23
1925 235
1925 135
1287 1851
1287 1439
2038 1605
2038 1567
1809 676
1809 453
1607 651
1607 193
884 748
884 292
599 54
599 325
1024 695
1024 1588
1450 879
1450 1193
1103 202
1103 698
2035 1618
2035 429
2032 219
2032 1446
563 1486
563 75
1111 1920
1111 1402
194 201
194 883
1459 1123
1459 1405
1562 543
1562 1288
1157 1523
1157 1825
554 719
554 2004
87 606
87 1502
1884 1805
1884 1771
1594 1778
1594 1978
444 1916
444 371
1822 2027
1822 1847
1774 524
1774 176
249 1801
249 733
857 377
857 669
339 1643
339 1440
1357 387
1357 315
1921 787
1921 927
921 1134
921 1626
125 1070
125 1165
46 1962
46 1413
1557 1682
1557 1804
1864 1608
1864 1361
990 113
990 1763
466 446
466 1496
168 823
168 1883
1791 556
1791 98
334 1706
334 1650
1263 2001
1263 701
419 1575
419 951
1345 425
1345 1363
1601 1845
1601 1514
1209 1259
1209 379
1198 641
1198 1432
1245 1871
1245 1106
711 986
711 1735
4 100
4 1481
1645 1218
1645 567
1283 1701
1283 1326
924 1644
924 277
1397 684
1397 1617
1143 614
1143 829
1965 1073
1965 1779
822 1874
822 566
519 1896
519 976
1937 1266
1937 768
561 1228
561 1434
465 436
465 1687
668 1348
668 888
456 906
456 537
515 170
515 545
257 484
257 1144
1237 580
1237 578
775 1695
775 368
601 352
601 1060
180 1102
180 430
1214 1308
1214 250
1185 2022
1185 955
1255 981
1255 1216
1083 289
1083 776
1093 588
1093 1461
708 773
708 1460
130 771
130 321
1186 895
1186 206
323 1679
323 898
1222 1776
1222 1445
1972 1950
1972 899
1780 1182
1780 57
1503 872
1503 1052
460 68
460 493
551 1226
551 764
1793 1412
1793 779
1971 1544
1971 739
70 305
70 1716
1923 1867
1923 622
824 1837
824 1806
1565 1529
1565 800
860 1152
860 1834
230 1761
230 267
1132 1212
1132 745
1574 638
1574 427
1696 370
1696 674
2 1663
2 1734
44 1634
44 636
1903 615
1903 876
494 864
494 685
1658 313
1658 1477
732 491
732 959
637 1676
637 457
1365 920
1365 145
309 659
309 270
1120 214
1120 514
1719 415
1719 1592
1614 1858
1614 1622
1697 1932
1697 283
720 78
720 1048
1548 355
1548 1985
1528 1436
1528 1392
1910 428
1910 1370
107 22
107 1427
330 200
330 468
1747 2005
1747 1213
947 197
947 1086
1960 1767
1960 469
1061 1260
1061 812
502 1792
502 1830
589 967
589 1231
1600 1188
1600 1127
1963 1635
1963 611
747 1646
747 2014
1677 1914
1677 399
1030 438
1030 182
925 1899
925 473
1254 2045
1254 1297
482 941
482 239
917 811
917 51
1794 1172
1794 1252
15 1319
15 375
726 1683
726 826
241 1558
241 2020
1790 1141
1790 389
933 808
933 998
1798 126
1798 1513
1751 1756
1751 185
1737 1399
1737 1305
397 282
397 1955
1099 1552
1099 488
1495 747
1495 1966
747 204
747 1410
1966 498
1966 1398
204 124
204 1637
1410 1168
1410 1183
498 3
498 107
1398 1627
1398 1046
124 1109
124 1091
1637 785
1637 1036
1168 1903
1168 1838
1183 1123
1183 231
3 2038
3 1725
107 666
107 720
1627 1827
1627 1202
1046 55
1046 405
1109 1307
1109 1306
1091 554
1091 621
785 1851
785 571
1036 1187
1036 886
1903 1448
1903 404
1838 1904
1838 1634
1123 1537
1123 1474
231 608
231 918
2038 1586
2038 229
1725 668
1725 1326
666 252
666 1315
720 57
720 400
1827 650
1827 1232
1202 468
1202 117
55 1204
55 427
405 199
405 1498
1307 1523
1307 523
1306 976
1306 936
554 60
554 339
621 1285
621 1821
1851 162
1851 1076
571 1890
571 118
1187 1853
1187 1114
886 1451
886 403
1448 861
1448 991
404 1695
404 1916
1904 1214
1904 1654
1634 924
1634 632
1537 443
1537 165
1474 240
1474 1079
608 601
608 1992
918 1316
918 1372
1586 879
1586 1027
229 1669
229 1428
668 448
668 1917
1326 1791
1326 389
252 922
252 895
1315 1033
1315 407
57 645
57 1477
400 83
400 1122
650 561
650 754
1232 1320
1232 1105
468 1116
468 313
117 1623
117 1897
1204 1064
1204 1959
427 1251
427 1154
199 1549
199 869
1498 1002
1498 1807
1523 1296
1523 1237
523 1394
523 1774
976 2015
976 1690
936 755
936 1144
60 1133
60 1092
339 882
339 1852
1285 517
1285 447
1821 894
1821 771
162 39
162 700
1076 1207
1076 814
1890 56
1890 1671
118 740
118 1848
1853 691
1853 1638
1114 1166
1114 998
1451 1771
1451 942
403 1158
403 244
861 239
861 49
991 1039
991 1115
1695 654
1695 1645
1916 1552
1916 417
1214 1024
1214 556
1654 1604
1654 979
924 456
924 1519
632 856
632 862
443 216
443 1958
165 211
165 1120
240 2017
240 1813
1079 707
1079 15
601 150
601 1708
1992 1351
1992 1798
1316 411
1316 769
1372 1248
1372 878
879 1582
879 1242
1027 153
1027 155
1669 241
1669 1384
1428 642
1428 719
448 188
448 578
1917 1165
1917 114
1791 1241
1791 120
389 1570
389 1626
922 213
922 1675
895 576
895 385
1033 884
1033 1007
407 1927
407 1653
645 1997
645 1720
1477 1094
1477 215
83 1471
83 109
1122 1565
1122 876
561 1646
561 597
754 1221
754 1702
1320 1441
1320 704
1105 184
1105 1084
1116 1363
1116 122
313 21
313 1539
1623 30
1623 1025
1897 623
1897 112
1064 952
1064 1014
1959 1931
1959 2042
1251 13
1251 521
1154 1453
1154 1254
1549 10
1549 1517
869 290
869 868
1002 1161
1002 1837
1807 712
1807 1128
1296 1405
1296 177
1237 366
1237 1074
1394 1413
1394 1844
1774 723
1774 2008
2015 1060
2015 1386
1690 507
1690 1858
755 1322
755 186
1144 1954
1144 593
1133 558
1133 575
1092 1625
1092 363
882 1656
882 1581
1852 1841
1852 637
517 1196
517 1778
447 1409
447 1427
894 1898
894 988
771 1563
771 1243
39 1290
39 925
700 1271
700 1213
1207 1447
1207 1043
814 1387
814 1738
56 1236
56 271
1671 1830
1671 354
740 534
740 434
1848 1068
1848 1255
691 284
691 1750
1638 1850
1638 557
1166 528
1166 801
998 757
998 327
1771 146
1771 844
942 1756
942 1282
1158 1360
1158 345
244 123
244 1701
239 579
239 82
49 804
49 1361
1039 1198
1039 191
1115 378
1115 1884
654 1733
654 688
1645 1994
1645 452
1552 437
1552 251
417 5
417 1910
1024 335
1024 713
556 914
556 983
1604 1247
1604 1117
979 338
979 698
456 266
456 1792
1519 933
1519 1986
856 1551
856 2021
862 838
862 1683
216 1889
216 1226
1958 333
1958 731
211 1149
211 1476
1120 350
1120 32
2017 1989
2017 441
1813 255
1813 1814
707 1462
707 1661
15 1937
15 269
150 1235
150 1894
1708 387
1708 887
1351 475
1351 1321
1798 1555
1798 954
411 1668
411 508
769 1754
769 1107
1248 1843
1248 140
878 50
878 1450
1582 1250
1582 1972
1242 201
1242 1244
153 467
153 182
155 1181
155 193
241 596
241 1048
1384 135
1384 1553
642 935
642 217
719 626
719 1660
188 1655
188 638
578 282
578 1349
1165 1511
1165 1215
114 1610
114 592
1241 487
1241 85
120 348
120 1176
1570 634
1570 1402
1626 652
1626 1130
213 346
213 319
1675 841
1675 1004
576 502
576 1801
385 1888
385 1512
884 1188
884 89
1007 1896
1007 323
1927 1491
1927 715
1653 353
1653 1789
1997 1065
1997 1431
1720 1635
1720 1513
1094 340
1094 424
215 829
215 1764
1471 1901
1471 1220
109 559
109 603
1565 237
1565 1139
876 2014
876 1781
1646 1572
1646 370
597 1990
597 1090
1221 1328
1221 1849
1702 969
1702 1205
1441 324
1441 1749
704 1085
704 344
184 648
184 566
1084 1283
1084 681
1363 1806
1363 530
122 1839
122 1499
21 1121
21 624
1539 921
1539 1765
30 1590
30 2034
1025 718
1025 94
623 533
623 1186
112 974
112 183
952 1977
952 538
1014 889
1014 777
1931 1480
1931 1619
2042 132
2042 767
13 416
13 1692
521 779
521 1487
1453 709
1453 2012
1254 40
1254 194
10 197
10 1003
1517 971
1517 1492
290 26
290 1012
868 412
868 1697
1161 1666
1161 1140
1837 1191
1837 705
712 1020
712 1642
1128 927
1128 1934
1405 1796
1405 649
177 429
177 1573
366 595
366 1926
1074 1943
1074 1148
1413 1460
1413 178
1844 101
1844 630
723 1667
723 1129
2008 679
2008 916
1060 1469
1060 819
1386 2030
1386 587
507 977
507 469
1858 1496
1858 1714
1322 961
1322 361
186 716
186 1592
1954 1106
1954 1527
593 1969
593 813
558 435
558 1876
575 1042
575 1013
1625 214
1625 1103
363 70
363 1053
1656 477
1656 1816
1581 540
1581 2004
1841 1288
1841 1138
637 906
637 1454
1196 1546
1196 1473
1778 1872
1778 631
1409 1726
1409 1873
1427 1270
1427 1794
1898 1847
1898 379
988 342
988 518
1563 1686
1563 1735
1243 824
1243 1611
1290 1449
1290 446
925 968
925 1906
1271 542
1271 1603
1213 1544
1213 482
1447 2001
1447 1863
1043 717
1043 506
1387 809
1387 1231
1738 1857
1738 374
1236 1327
1236 43
271 63
271 1369
1830 920
1830 24
354 1415
354 1067
534 1029
534 1332
434 1385
434 959
1068 909
1068 31
1255 1268
1255 1665
284 1920
284 945
1750 753
1750 853
1850 1493
1850 1591
557 1263
557 674
528 1437
528 397
801 127
801 1302
757 1925
757 104
327 941
327 206
146 1108
146 86
844 170
844 724
1756 661
1756 431
1282 1152
1282 187
1360 888
1360 818
345 831
345 1643
123 512
123 866
1701 847
1701 74
579 1647
579 1126
82 1564
82 1640
804 885
804 78
1361 792
1361 682
1198 651
1198 1571
191 1340
191 66
378 466
378 1909
1884 1101
1884 142
1733 91
1733 1388
688 780
688 420
1994 1339
1994 1329
452 465
452 604
437 2016
437 276
251 1696
251 1131
5 364
5 574
1910 45
1910 1272
335 27
335 1378
713 1365
713 113
914 1497
914 257
983 1506
983 846
1247 737
1247 1380
1117 1028
1117 281
338 1715
338 362
698 1313
698 1580
266 439
266 1936
1792 1842
1792 619
933 1597
933 1401
1986 460
1986 606
1551 602
1551 382
2021 1075
2021 464
838 1058
838 803
1683 511
1683 965
1889 1435
1889 200
1226 721
1226 99
333 65
333 29
731 326
731 975
1149 1368
1149 821
1476 1763
1476 515
350 940
350 248
32 1031
32 1979
1989 1559
1989 1229
441 610
441 486
255 1766
255 1810
1814 1383
1814 1913
1462 490
1462 1614
1661 1797
1661 1860
1937 1727
1937 1463
269 46
269 617
1235 1310
1235 399
1894 1700
1894 1672
387 295
387 2043
887 581
887 699
475 1652
475 1548
1321 1785
1321 1965
1555 1929
1555 1156
954 2022
954 171
1668 1155
1668 1933
508 728
508 615
1754 590
1754 763
1107 481
1107 450
1843 980
1843 392
140 970
140 874
50 1567
50 522
1450 1034
1450 119
1250 4
1250 293
1972 1472
1972 1530
201 987
201 734
1244 1364
1244 396
467 1729
467 359
182 1772
182 1533
1181 1991
1181 1832
193 292
193 526
596 1137
596 495
1048 1081
1048 226
135 1676
135 1304
1553 51
1553 1689
935 393
935 203
217 1944
217 1795
626 1414
626 14
1660 947
1660 870
1655 1881
1655 851
638 951
638 71
282 902
282 1612
1349 1400
1349 1633
1511 1052
1511 1111
1215 625
1215 1820
1610 1429
1610 1062
592 1751
592 1127
487 1151
487 1338
85 1893
85 136
348 209
348 116
1176 1575
1176 516
634 1923
634 1295
1402 990
1402 1490
652 913
652 96
1130 1940
1130 766
346 949
346 341
319 589
319 1312
841 743
841 2024
1004 1557
1004 1418
502 929
502 1962
1801 1422
1801 1348
1888 1870
1888 309
1512 1032
1512 1911
1188 1891
1188 1467
89 423
89 1718
1896 1812
1896 1589
323 850
323 169
1491 121
1491 61
715 320
715 1529
353 67
353 462
1789 873
1789 168
1065 81
1065 1223
1431 706
1431 1786
1635 250
1635 1228
1513 497
1513 1022
340 329
340 238
424 438
424 1256
829 1210
829 1528
1764 774
1764 1698
1901 1193
1901 842
1220 582
1220 330
559 669
559 1376
603 1918
603 985
237 993
237 690
1139 1390
1139 1682
2014 845
2014 854
1781 23
1781 278
1572 1142
1572 1406
370 1576
370 1978
1990 1167
1990 1281
1090 972
1090 872
1328 236
1328 1742
1849 997
1849 347
969 1252
969 1035
1205 1846
1205 791
324 939
324 802
1749 547
1749 307
1085 90
1085 907
344 2020
344 152
648 672
648 1059
566 1211
566 864
1283 227
1283 1985
681 285
681 1044
1806 139
1806 1145
530 274
530 501
1839 1826
1839 1679
1499 1455
1499 38
1121 1924
1121 253
624 1710
624 781
921 1458
921 527
1765 1190
1765 552
1590 1734
1590 2036
2034 795
2034 377
718 900
718 1892
94 287
94 1748
533 105
533 591
1186 410
1186 759
974 830
974 901
183 1854
183 519
1977 1246
1977 133
538 1620
538 815
889 1605
889 433
777 1278
777 233
1480 641
1480 84
1619 1324
1619 1222
132 221
132 1175
767 564
767 822
416 20
416 1147
1692 810
1692 1607
779 75
779 1160
1487 1687
1487 1809
709 33
709 917
2012 1301
2012 1935
40 1054
40 655
194 1289
194 1583
197 1153
197 1341
1003 1534
1003 1150
971 1334
971 1598
1492 164
1492 428
26 1309
26 1488
1012 612
1012 2026
412 1971
412 1507
1697 1104
1697 1169
1666 1259
1666 343
1140 1595
1140 1478
1191 2027
1191 1532
705 383
705 485
1020 1330
1020 1594
1642 852
1642 288
927 994
927 35
1934 1932
1934 1688
1796 1132
1796 115
649 799
649 1996
429 1095
429 546
1573 474
1573 1585
595 1212
595 1234
1926 797
1926 653
1943 915
1943 639
1148 1249
1148 1518
1460 1664
1460 910
178 783
178 1822
101 1073
101 1531
630 488
630 398
1667 839
1667 310
1129 368
1129 1088
679 1201
679 835
916 692
916 1224
1469 1579
1469 1219
819 1438
819 1803
2030 1017
2030 1299
587 1483
587 600
977 484
977 1056
469 1948
469 811
1496 1308
1496 1157
1714 2003
1714 514
961 1670
961 59
361 77
361 7
716 2006
716 1808
1592 1078
1592 919
1106 1347
1106 732
1527 166
1527 357
1969 1833
1969 1662
813 1855
813 673
435 1542
435 1178
1876 773
1876 1762
1042 1509
1042 367
1013 1424
1013 837
214 270
214 1621
1103 643
1103 1456
70 503
70 849
1053 1430
1053 230
477 790
477 588
1816 770
1816 401
540 1879
540 1799
2004 316
2004 1859
1288 360
1288 1825
1138 1983
1138 37
906 1684
906 62
1454 1077
1454 1500
1546 2002
1546 322
1473 2046
1473 1508
1872 964
1872 1975
631 793
631 1737
1726 1587
1726 68
1873 17
1873 2000
1270 261
1270 1395
1794 1744
1794 1719
1847 1061
1847 808
379 110
379 1485
342 64
342 2011
518 432
518 298
1686 1503
1686 1238
1735 87
1735 568
824 1606
824 739
1611 1874
1611 1185
1449 141
1449 1200
446 834
446 1481
968 1445
968 1099
1906 331
1906 1526
542 775
542 1411
1603 1397
1603 202
1544 1953
1544 1703
482 1739
482 2037
2001 1049
2001 1459
1863 189
1863 167
717 151
717 1836
506 2032
506 388
809 376
809 455
1231 1486
1231 268
1857 1869
1857 857
374 1973
374 496
1327 358
1327 1624
43 904
43 1286
63 381
63 235
1369 1279
1369 28
920 1536
920 2039
24 1089
24 2040
1415 1436
1415 1693
1067 1950
1067 2028
1029 1358
1029 881
1332 735
1332 678
1385 745
1385 1350
959 657
959 1391
909 291
909 1760
31 1561
31 470
1268 1878
1268 1375
1665 1588
1665 73
1920 356
1920 748
945 179
945 52
753 798
753 1113
853 832
853 1569
1493 1900
1493 1082
1591 981
1591 1015
1263 1096
1263 1864
674 880
674 1829
1437 48
1437 1370
397 111
397 836
127 1939
127 926
1302 1379
1302 1566
1925 88
1925 2045
104 1769
104 1331
941 1344
941 1768
206 402
206 1420
1108 2029
1108 2047
86 1871
86 1516
170 1230
170 453
724 100
724 1291
661 493
661 1945
431 1677
431 1264
1152 883
1152 956
187 1087
187 1616
888 1
888 2041
818 1782
818 1382
831 349
831 305
1643 1941
1643 1203
512 982
512 1514
866 390
866 1037
847 1615
847 34
74 823
74 545
1647 1141
1647 1987
1126 1050
1126 577
1564 1233
1564 1866
1640 1396
1640 733
885 2023
885 1946
78 1162
78 912
792 1164
792 1976
682 778
682 1337
651 1815
651 180
1571 69
1571 1206
1340 989
1340 1417
66 1253
66 896
466 158
466 1743
1909 1425
1909 758
1101 1886
1101 440
142 656
142 532
91 9
91 1374
1388 1159
1388 1442
780 267
780 1824
420 903
420 1596
1339 800
1339 1636
1329 458
1329 1963
465 1010
465 1641
604 1273
604 1541
2016 1143
2016 1457
276 1444
276 992
1696 1862
1696 500
1131 1887
1131 833
364 693
364 1628
574 640
574 160
45 1883
45 520
1272 551
1272 1227
27 1318
27 1057
1378 301
1378 1723
1365 36
1365 1699
113 726
113 686
1497 553
1497 1736
257 1261
257 1298
1506 1245
1506 1658
846 966
846 352
737 1712
737 1556
1380 156
1380 1303
1028 820
1028 245
281 1389
281 461
1715 286
1715 923
362 1093
362 1868
1313 1393
1313 1262
1580 72
1580 908
439 978
439 689
1936 1404
1936 2025
1842 176
1842 727
619 1770
619 1680
1597 541
1597 543
1401 828
1401 22
460 1098
460 499
606 1182
606 103
602 1717
602 1277
382 1407
382 1461
1075 2005
1075 1110
464 1930
464 730
1058 537
1058 1163
803 1578
803 1629
511 489
511 946
965 1217
965 332
1435 899
1435 1773
200 1648
200 1100
721 865
721 172
99 1856
99 1135
65 504
65 1711
29 1524
29 893
326 611
326 986
975 1885
975 76
1368 163
1368 750
821 79
821 2035
1763 550
1763 436
515 479
515 676
940 394
940 128
248 714
248 1957
1031 1016
1031 962
1979 1663
1979 1489
1559 1352
1559 1746
1229 137
1229 1319
610 1494
610 1982
486 1354
486 536
1766 1124
1766 1907
1810 658
1810 426
1383 1788
1383 422
1913 1366
1913 53
490 1995
490 1535
1614 318
1614 131
1797 1265
1797 1550
1860 859
1860 421
1727 1811
1727 1928
1463 1704
1463 1173
46 1600
46 1311
617 480
617 1466
1310 1752
1310 219
399 696
399 491
1700 776
1700 1258
1672 1134
1672 478
295 708
295 1593
2043 1174
2043 1172
581 1280
581 984
699 1694
699 599
1652 25
1652 102
1548 1440
1548 129
1785 373
1785 483
1965 2009
1965 1562
1929 1613
1929 761
1156 683
1156 147
2022 544
2022 1784
171 1865
171 414
1155 995
1155 444
1933 159
1933 817
728 1955
728 44
615 130
615 1011
590 548
590 1403
763 1521
763 930
481 1681
481 675
450 1919
450 1218
980 1055
980 1609
392 788
392 1783
970 1880
970 1335
874 729
874 1952
1567 1984
1567 1775
522 840
522 451
1034 283
1034 660
119 143
119 1560
4 1805
4 756
293 697
293 413
1472 1294
1472 505
1530 1070
1530 1342
987 1080
987 190
734 1713
734 1482
1364 1502
1364 272
396 259
396 1209
1729 1023
1729 1673
359 539
359 1446
1772 1399
1772 371
1533 702
1533 1780
1991 807
1991 911
1832 1443
1832 1823
292 1905
292 1269
526 1835
526 812
1137 843
1137 1543
495 848
495 1189
1081 1267
1081 1195
226 2031
226 932
1676 1179
1676 294
1304 297
1304 1432
51 1964
51 11
1689 751
1689 1599
393 8
393 764
203 195
203 938
1944 525
1944 1041
1795 1861
1795 572
1414 247
1414 1522
14 1867
14 280
947 1602
947 19
870 722
870 1584
1881 380
1881 524
851 454
851 943
951 249
951 1021
71 1707
71 762
902 1333
902 513
1612 1912
1612 145
1400 302
1400 635
1633 1942
1633 670
1052 1540
1052 892
1111 622
1111 1741
625 580
625 1949
1820 1408
1820 1180
1429 1617
1429 1356
1062 315
1062 1470
1751 80
1751 1355
1127 54
1127 805
1151 471
1151 685
1338 144
1338 701
1893 408
1893 1505
136 999
136 826
209 760
209 308
116 273
116 687
1575 1118
1575 1804
516 258
516 1284
1923 93
1923 205
1295 473
1295 1392
990 1194
990 1040
1490 1882
1490 1097
913 1146
913 1759
96 953
96 967
1940 2
1940 1119
766 173
766 1177
949 2010
949 1336
341 664
341 2044
589 264
589 1045
1312 1915
1312 613
743 529
743 1260
2024 148
2024 1171
1557 1709
1557 325
1418 1678
1418 1504
929 386
929 1475
1962 365
1962 1758
1422 1938
1422 275
1348 1731
1348 535
1870 106
1870 1914
309 312
309 1266
1032 1066
1032 858
1911 1947
1911 905
1891 42
1891 703
1467 445
1467 300
423 1706
423 680
1718 647
1718 1434
1812 1779
1812 254
1589 1257
1589 1960
850 1069
850 369
169 220
169 789
121 210
121 1359
61 154
61 1776
320 1721
320 1899
1529 928
1529 1767
67 960
67 192
462 744
462 1465
873 1297
873 1722
168 695
168 1777
81 2018
81 1980
1223 1484
1223 92
706 937
706 1000
1786 620
1786 1674
250 289
250 1412
1228 1287
1228 1439
497 1657
497 1345
1022 1468
1022 1501
329 1961
329 1968
238 299
238 958
438 782
438 1199
1256 1009
1256 1800
1210 1426
1210 594
1528 175
1528 1125
774 1216
774 1639
1698 1601
1698 126
1193 218
1193 569
842 1323
842 58
582 1381
582 855
330 1314
330 1740
669 391
669 157
1376 279
1376 1732
1918 607
1918 18
985 1362
985 1276
993 1545
993 1547
690 1787
690 311
1390 784
1390 746
1682 996
1682 891
845 741
845 1367
854 646
854 616
23 1353
23 633
278 560
278 898
1142 314
1142 787
1406 570
1406 260
1576 1343
1576 1630
1978 738
1978 459
1167 449
1167 509
1281 242
1281 1845
972 1745
972 1831
872 1423
872 303
236 328
236 6
1742 1136
1742 47
997 636
997 1956
347 628
347 1728
1252 955
1252 1346
1035 1072
1035 1818
1846 1608
1846 1817
791 1755
791 1239
939 1371
939 1554
802 1170
802 138
547 430
547 1102
307 1618
307 667
90 598
90 684
907 677
907 372
2020 212
2020 442
152 627
152 415
672 618
672 644
1059 825
1059 1325
1211 973
1211 1877
864 1574
864 1292
227 1083
227 395
1985 1112
1985 1631
285 198
285 1757
1044 749
1044 1970
139 321
139 1063
1145 1030
1145 494
274 185
274 1071
501 1208
501 425
1826 585
1826 863
1679 948
1679 1998
1455 765
1455 317
38 752
38 196
1924 1999
1924 476
253 375
253 1716
1710 565
1710 418
781 492
781 573
1458 1184
1458 207
527 1038
527 1902
1190 98
1190 304
552 772
552 1515
1734 457
1734 890
2036 336
2036 1974
795 161
795 867
377 1538
377 796
900 1819
900 1793
1892 609
1892 2033
287 694
287 1908
1748 711
1748 1197
105 562
105 583
591 563
591 742
410 1730
410 1452
759 877
759 1086
830 1753
830 786
901 208
901 1649
1854 351
1854 665
519 95
519 134
1246 1981
1246 262
133 816
133 1317
1620 1650
1620 463
815 174
815 384
1605 406
1605 277
433 957
433 1421
1278 2019
1278 931
233 1828
233 222
641 296
641 1558
84 1988
84 472
1324 614
1324 963
1222 1225
1222 860
221 256
221 1921
1175 1006
1175 234
564 334
564 768
822 629
822 1834
20 1724
20 1419
1147 1377
1147 944
810 1525
810 663
1607 806
1607 605
75 265
75 337
1160 736
1160 1967
1687 1300
1687 108
1809 97
1809 1274
33 1632
33 246
917 223
917 1192
1301 16
1301 1018
1935 355
1935 1026
1054 263
1054 232
655 1275
655 1761
1289 181
1289 2013
1583 586
1583 1047
1153 41
1153 1520
1341 12
1341 897
1534 1416
1534 662
1150 2007
1150 1019
1334 1802
1334 1240
1598 1568
1598 1790
164 306
164 1840
428 125
428 671
1309 725
1309 710
1488 875
1488 1993
612 228
612 1875
2026 409
2026 1479
1971 950
1971 794
1507 555
1507 225
1104 871
1104 224
1169 510
1169 1685
1259 1293
1259 567
343 827
343 1305
1595 1922
1595 1651
1478 1373
1478 1705
2027 1357
2027 1895
1532 1051
1532 1691
383 243
383 1001
485 1644
485 149
1330 531
1330 659
1594 549
1594 1510
852 1659
852 1464
288 1622
288 1005
994 1951
994 1747
35 1008
35 1433
1932 934
1932 419
1688 1577
1688 584
