3 127 39297282
2 1
2 3
126 33
126 24
33 76
33 43
24 35
24 57
76 55
76 19
43 36
43 3
35 83
35 31
57 65
57 86
55 71
55 7
19 122
19 87
36 50
36 23
3 75
3 18
83 61
83 78
31 105
31 70
65 26
65 109
86 124
86 113
71 8
71 112
7 15
7 6
122 10
122 48
87 127
87 101
50 64
50 29
23 106
23 34
75 1
75 30
18 93
18 95
61 97
61 121
78 123
78 39
105 120
105 125
70 74
70 63
26 53
26 52
109 115
109 85
124 46
124 44
113 94
113 38
8 90
8 41
112 42
112 27
15 13
15 21
6 59
6 68
10 92
10 45
48 116
48 98
127 111
127 69
101 32
101 89
64 100
64 54
29 14
29 58
106 47
106 84
34 4
34 9
1 56
1 20
30 28
30 81
93 108
93 22
95 117
95 72
97 99
97 60
121 17
121 107
123 119
123 96
39 91
39 66
120 25
120 16
125 80
125 77
74 40
74 104
63 12
63 51
53 118
53 73
52 67
52 102
115 88
115 11
85 62
85 2
46 82
46 114
44 37
44 103
94 5
94 79
38 49
38 110
