1 255 66265
19 30
19 253
30 242
30 40
253 166
253 225
242 4
242 102
40 226
40 246
166 181
166 67
225 196
225 118
4 158
4 193
102 178
102 112
226 69
226 47
246 16
246 184
181 170
181 240
67 89
67 81
196 120
196 111
118 179
118 208
158 68
158 161
193 77
193 232
178 185
178 34
112 114
112 108
69 51
69 11
47 177
47 85
16 207
16 250
184 31
184 135
170 116
170 29
240 103
240 131
89 194
89 117
81 188
81 230
120 152
120 38
111 59
111 6
179 99
179 139
208 133
208 159
68 137
68 123
161 43
161 153
77 37
77 66
232 83
232 229
185 32
185 190
34 146
34 3
114 15
114 26
108 211
108 214
51 233
51 147
11 96
11 191
177 129
177 100
85 132
85 113
207 82
207 80
250 88
250 176
31 130
31 97
135 24
135 203
116 23
116 126
29 5
29 248
103 182
103 107
131 78
131 160
194 163
194 33
117 165
117 87
188 206
188 75
230 57
230 249
152 39
152 218
38 45
38 251
59 155
59 167
6 235
6 98
99 115
99 156
139 73
139 21
133 204
133 14
159 105
159 44
137 109
137 199
123 238
123 200
43 124
43 122
153 36
153 243
37 1
37 28
66 224
66 247
83 215
83 134
229 231
229 149
32 228
32 12
190 142
190 110
146 61
146 93
3 222
3 154
15 17
15 198
26 202
26 92
211 94
211 180
214 237
214 140
233 168
233 121
147 125
147 145
96 13
96 234
191 58
191 10
129 127
129 46
100 64
100 186
132 205
132 2
113 212
113 95
82 63
82 201
80 76
80 22
88 128
88 162
176 183
176 106
130 219
130 7
97 49
97 239
24 223
24 79
203 60
203 151
23 18
23 25
126 53
126 119
5 172
5 8
248 187
248 216
182 241
182 254
107 150
107 252
78 192
78 141
160 164
160 20
163 91
163 255
33 101
33 195
165 104
165 42
87 136
87 62
206 65
206 175
75 70
75 197
57 90
57 27
249 35
249 189
39 236
39 50
218 148
218 173
45 138
45 220
251 144
251 227
155 72
155 41
167 213
167 169
235 52
235 86
98 174
98 48
115 217
115 143
156 71
156 84
73 209
73 157
21 244
21 74
204 54
204 56
14 210
14 9
105 245
105 221
44 171
44 55
