511 2047 65
103 121
103 488
121 246
121 281
488 72
488 144
246 330
246 57
281 130
281 267
72 217
72 429
144 184
144 377
330 16
330 298
57 82
57 132
130 367
130 363
267 156
267 102
217 481
217 117
429 414
429 38
184 303
184 178
377 469
377 468
16 308
16 161
298 382
298 146
82 362
82 302
132 449
132 500
367 41
367 300
363 262
363 227
156 374
156 324
102 336
102 511
481 316
481 131
117 17
117 329
414 122
414 406
38 216
38 155
303 282
303 311
178 113
178 323
469 420
469 100
468 75
468 404
308 218
308 67
161 93
161 506
382 486
382 430
146 148
146 215
362 320
362 62
302 426
302 139
449 243
449 9
500 36
500 166
41 61
41 37
300 174
300 454
262 110
262 181
227 476
227 186
374 389
374 191
324 423
324 142
336 224
336 24
511 94
511 99
316 52
316 261
131 487
131 315
17 247
17 496
329 28
329 260
122 492
122 71
406 108
406 44
216 213
216 424
155 284
155 335
282 317
282 232
311 350
311 46
113 60
113 376
323 51
323 69
420 418
420 283
100 277
100 248
75 448
75 101
404 384
404 112
218 15
218 188
67 138
67 204
93 251
93 192
506 165
506 242
486 219
486 411
430 11
430 471
148 49
148 31
215 268
215 173
320 359
320 304
62 401
62 151
426 390
426 444
139 407
139 145
243 348
243 239
9 510
9 107
36 65
36 159
166 439
166 419
61 349
61 249
37 403
37 437
174 200
174 237
454 168
454 127
110 18
110 163
181 453
181 434
476 393
476 379
186 458
186 26
389 395
389 321
191 256
191 39
423 378
423 408
142 451
142 32
224 197
224 313
24 116
24 381
94 309
94 333
99 91
99 351
52 342
52 446
261 416
261 136
487 440
487 207
315 1
315 265
247 338
247 290
496 375
496 141
28 238
28 14
260 4
260 3
492 202
492 45
71 21
71 445
108 210
108 490
44 128
44 257
213 484
213 425
424 83
424 431
284 115
284 129
335 119
335 417
317 126
317 402
232 222
232 372
350 70
350 154
46 19
46 288
60 462
60 328
376 199
376 457
51 86
51 92
69 134
69 285
418 278
418 441
283 491
283 231
277 98
277 150
248 81
248 392
448 170
448 158
101 152
101 386
384 171
384 252
112 203
112 466
15 474
15 495
188 368
188 269
138 183
138 318
204 189
204 385
251 225
251 48
192 289
192 29
165 64
165 244
242 212
242 275
219 436
219 435
411 73
411 452
11 87
11 195
471 508
471 455
49 105
49 291
31 341
31 169
268 230
268 297
173 480
173 47
359 2
359 253
304 489
304 30
401 299
401 209
151 339
151 59
390 331
390 109
444 388
444 465
407 322
407 187
145 241
145 294
348 22
348 176
239 310
239 50
510 229
510 190
107 312
107 383
65 498
65 438
159 180
159 149
439 421
439 167
419 266
419 153
349 314
349 427
249 13
249 398
403 503
403 293
437 305
437 143
200 301
200 380
237 125
237 79
168 254
168 327
127 472
127 483
18 124
18 177
163 264
163 387
453 96
453 499
434 433
434 442
393 97
393 332
379 7
379 211
458 357
458 447
26 35
26 6
395 463
395 263
321 470
321 409
256 20
256 95
39 85
39 34
378 194
378 5
408 399
408 111
451 501
451 391
32 175
32 226
197 478
197 394
313 106
313 135
116 120
116 354
381 236
381 319
309 467
309 356
333 432
333 340
91 25
91 164
351 505
351 507
342 353
342 68
446 292
446 459
416 77
416 504
136 137
136 345
440 271
440 63
207 346
207 428
1 235
1 27
265 370
265 272
338 274
338 396
290 114
290 201
375 450
375 258
141 371
141 307
238 56
238 196
14 104
14 443
4 118
4 279
3 461
3 405
202 84
202 334
45 259
45 366
21 55
21 157
445 415
445 295
210 347
210 355
490 66
490 240
128 198
128 412
257 361
257 147
484 325
484 245
425 33
425 160
83 205
83 185
431 509
431 493
115 234
115 464
129 76
129 162
119 206
119 358
417 369
417 276
126 74
126 360
402 296
402 364
222 133
222 80
372 40
372 343
70 193
70 220
154 397
154 233
19 373
19 8
288 280
288 12
462 344
462 53
328 78
328 475
199 54
199 494
457 250
457 88
86 23
86 208
92 123
92 460
134 473
134 485
285 172
285 400
278 286
278 90
441 410
441 287
491 306
491 477
231 422
231 482
98 497
98 365
150 223
150 456
81 179
81 273
392 228
392 214
170 182
170 140
158 43
158 413
152 255
152 337
386 502
386 89
171 326
171 352
252 42
252 10
203 58
203 479
466 221
466 270
134 1403
134 294
1403 626
1403 434
294 135
294 679
626 53
626 1857
434 1195
434 1898
135 1601
135 245
679 1564
679 1346
53 1704
53 385
1857 462
1857 610
1195 1438
1195 73
1898 1959
1898 381
1601 2007
1601 1406
245 243
245 1126
1564 13
1564 248
1346 1003
1346 41
1704 1108
1704 1374
385 332
385 128
462 1906
462 560
610 280
610 1787
1438 964
1438 1625
73 1878
73 1252
1959 393
1959 576
381 1551
381 17
2007 1017
2007 748
1406 726
1406 861
243 624
243 575
1126 680
1126 1215
13 281
13 163
248 1540
248 1096
1003 54
1003 1452
41 914
41 168
1108 1771
1108 1167
1374 455
1374 1050
332 1196
332 750
128 974
128 1613
1906 1518
1906 725
560 1781
560 896
280 980
280 1979
1787 755
1787 595
964 1565
964 891
1625 942
1625 1659
1878 2045
1878 1048
1252 2037
1252 761
393 94
393 1243
576 1483
576 174
1551 1368
1551 458
17 841
17 1750
1017 102
1017 1363
748 1019
748 1645
726 521
726 1221
861 1934
861 124
624 253
624 572
575 844
575 1852
680 29
680 1982
1215 475
1215 1190
281 888
281 985
163 1849
163 495
1540 1260
1540 1734
1096 1141
1096 1306
54 305
54 298
1452 1115
1452 60
914 1113
914 15
168 438
168 244
1771 786
1771 2043
1167 354
1167 855
455 413
455 303
1050 607
1050 1277
1196 712
1196 721
750 1466
750 958
974 1121
974 1311
1613 1882
1613 627
1518 461
1518 171
725 1437
725 459
1781 1608
1781 343
896 1973
896 1711
980 235
980 84
1979 1903
1979 1739
755 1962
755 605
595 953
595 1813
1565 97
1565 1383
891 1112
891 312
942 746
942 1344
1659 734
1659 1198
2045 130
2045 456
1048 380
1048 1557
2037 1957
2037 1497
761 415
761 1114
94 1470
94 16
1243 1808
1243 1189
1483 926
1483 1094
174 1280
174 1575
1368 1833
1368 115
458 139
458 566
841 1513
841 515
1750 1714
1750 1499
102 559
102 733
1363 541
1363 1396
1019 1832
1019 1570
1645 191
1645 1708
521 30
521 1851
1221 553
1221 977
1934 330
1934 1673
124 386
124 472
253 1057
253 762
572 837
572 1532
844 1648
844 821
1852 1423
1852 1917
29 451
29 1807
1982 1858
1982 1139
475 1102
475 1333
1190 1627
1190 44
888 500
888 2034
985 1270
985 501
1849 918
1849 729
495 360
495 1681
1260 736
1260 61
1734 890
1734 1646
1141 1928
1141 1021
1306 613
1306 351
305 1281
305 1151
298 764
298 1433
1115 1756
1115 1804
60 710
60 1846
1113 1544
1113 965
15 2021
15 1837
438 2018
438 570
244 1205
244 1272
786 219
786 1675
2043 164
2043 148
354 1265
354 850
855 1405
855 1721
413 1571
413 182
303 1450
303 1305
607 1314
607 1637
1277 420
1277 1558
712 1764
712 1066
721 387
721 1067
1466 589
1466 1350
958 445
958 1587
1121 1209
1121 1900
1311 1848
1311 1940
1882 1303
1882 466
627 767
627 1329
461 1604
461 1727
171 422
171 1193
1437 1855
1437 404
459 1178
459 316
1608 1203
1608 1273
343 1670
343 1427
1973 189
1973 1486
1711 724
1711 686
235 692
235 592
84 69
84 1362
1903 1226
1903 448
1739 309
1739 1543
1962 808
1962 366
605 1794
605 378
953 396
953 1877
1813 301
1813 471
97 604
97 1078
1383 113
1383 851
1112 1239
1112 1889
312 359
312 1284
746 1910
746 373
1344 442
1344 1352
734 957
734 867
1198 1179
1198 893
130 1308
130 1064
456 962
456 1290
380 2001
380 517
1557 1236
1557 1247
1957 903
1957 293
1497 411
1497 778
415 1351
415 19
1114 416
1114 1256
1470 1410
1470 282
16 1765
16 1159
1808 1965
1808 616
1189 177
1189 1671
926 118
926 1137
1094 1053
1094 603
1280 1401
1280 1830
1575 1430
1575 1985
1833 6
1833 188
115 1321
115 388
139 1838
139 1342
566 1634
566 1939
1513 95
1513 1075
515 654
515 1888
1714 899
1714 370
1499 157
1499 1469
559 1653
559 1822
733 1717
733 956
541 105
541 1174
1396 1632
1396 585
1832 991
1832 220
1570 1197
1570 283
191 338
191 1620
1708 765
1708 1123
30 1447
30 1307
1851 801
1851 1622
553 2002
553 638
977 1689
977 984
330 1293
330 1343
1673 1407
1673 270
386 1609
386 1536
472 1789
472 1334
1057 1040
1057 1409
762 1522
762 982
837 1595
837 1733
1532 259
1532 1353
1648 1391
1648 904
821 186
821 465
1423 1258
1423 805
1917 574
1917 672
451 306
451 1684
1807 214
1807 741
1858 265
1858 1319
1139 1168
1139 347
1102 994
1102 955
1333 1755
1333 260
1627 1310
1627 544
44 1086
44 339
500 1015
500 591
2034 251
2034 1999
1270 1084
1270 331
501 1119
501 89
918 1328
918 1158
729 190
729 74
360 1991
360 289
1681 1875
1681 825
736 611
736 1482
61 1371
61 1039
890 443
890 1577
1646 1530
1646 935
1928 199
1928 1330
1021 169
1021 1747
613 1894
613 100
351 1464
351 928
1281 774
1281 1428
1151 1237
1151 534
764 836
764 882
1433 1416
1433 1993
1756 160
1756 820
1804 1161
1804 707
710 482
710 1240
1846 697
1846 1954
1544 1563
1544 531
965 1759
965 1259
2021 1784
2021 946
1837 39
1837 1829
2018 1799
2018 401
570 1767
570 2031
1205 1651
1205 444
1272 804
1272 87
219 1460
219 1668
1675 961
1675 1474
164 586
164 1658
148 1135
148 1035
1265 1597
1265 921
850 382
850 2047
1405 1927
1405 1453
1721 1831
1721 1299
1571 175
1571 536
182 2010
182 55
1450 1160
1450 249
1305 334
1305 394
1314 1294
1314 1083
1637 1812
1637 1944
420 2000
420 1641
1558 568
1558 197
1764 915
1764 1868
1066 272
1066 1009
387 1745
387 1432
1067 406
1067 1504
589 447
589 1676
1350 1007
1350 1230
445 1010
445 1588
1587 159
1587 1782
1209 770
1209 257
1900 120
1900 1678
1848 1051
1848 1529
1940 1827
1940 268
1303 1036
1303 218
466 619
466 92
767 551
767 1649
1329 464
1329 1016
1604 548
1604 1769
1727 787
1727 558
422 2024
422 681
1193 1994
1193 261
1855 1162
1855 1061
404 79
404 1772
1178 1462
1178 1874
316 1426
316 1124
1203 1847
1203 1996
1273 1355
1273 1693
1670 1300
1670 1005
1427 250
1427 920
189 582
189 1420
1486 1912
1486 1976
724 1515
724 452
686 1983
686 983
692 834
692 1657
592 1028
592 523
69 665
69 872
1362 1614
1362 1662
1226 23
1226 1569
448 1377
448 967
309 781
309 403
1543 1763
1543 1716
808 886
808 743
366 37
366 508
1794 1354
1794 427
378 2032
378 59
396 1892
396 684
1877 1797
1877 1387
301 1722
301 384
471 1398
471 1562
604 414
604 1055
1078 1961
1078 876
113 1191
113 140
851 492
851 1986
1239 407
1239 1386
1889 846
1889 1553
359 1472
359 1467
1284 1546
1284 1285
1910 1762
1910 341
373 1424
373 144
442 1046
442 136
1352 440
1352 276
957 792
957 1502
867 27
867 1554
1179 1309
1179 978
893 165
893 1669
1308 1099
1308 660
1064 172
1064 1367
962 150
962 1014
1290 1936
1290 238
2001 3
2001 695
517 620
517 1856
1236 21
1236 1519
1247 1574
1247 960
903 822
903 1680
293 1778
293 2038
411 873
411 986
778 1526
778 1866
1351 705
1351 1945
19 1170
19 1897
416 1130
416 1963
1256 1253
1256 383
1410 929
1410 195
282 50
282 1697
1765 1022
1765 1076
1159 425
1159 90
1965 713
1965 310
616 1018
616 112
177 823
177 1395
1671 358
1671 1085
118 947
118 1279
1137 1867
1137 1743
1053 1691
1053 1323
603 824
603 299
1401 368
1401 719
1830 763
1830 940
1430 799
1430 530
1985 96
1985 853
6 1008
6 644
188 1199
188 1184
1321 145
1321 153
388 768
388 1056
1838 1361
1838 1935
1342 1636
1342 327
1634 1738
1634 46
1939 1760
1939 1573
95 777
95 428
1075 583
1075 1282
654 1138
654 31
1888 1097
1888 364
899 1685
899 976
370 1960
370 916
157 998
157 1149
1469 1919
1469 323
1653 193
1653 1105
1822 2039
1822 319
1717 374
1717 1182
956 460
956 635
105 345
105 1129
1174 509
1174 290
1632 751
1632 797
585 1325
585 1583
991 63
991 1682
220 302
220 457
1197 1815
1197 470
283 2016
283 18
338 254
338 48
1620 944
1620 1916
765 2003
765 1937
1123 588
1123 514
1447 1476
1447 829
1307 1550
1307 1938
801 1436
801 42
1622 1777
1622 1392
2002 1887
2002 1431
638 1446
638 1494
1689 4
1689 642
984 340
984 1663
1293 204
1293 513
1343 506
1343 1545
1407 858
1407 647
270 2019
270 617
1609 966
1609 700
1536 1389
1536 1211
1789 321
1789 1089
1334 2036
1334 1227
1040 952
1040 1080
1409 141
1409 292
1522 1907
1522 1978
982 1905
982 376
1595 344
1595 803
1733 1337
1733 547
259 1947
259 1828
1353 833
1353 2011
1391 1741
1391 1618
904 1045
904 436
186 800
186 651
465 1666
465 1748
1258 1047
1258 1471
805 796
805 1376
574 421
574 1187
672 1023
672 1643
306 1870
306 1623
1684 677
1684 273
214 22
214 1740
741 98
741 900
265 1728
265 1393
1319 571
1319 439
1168 614
1168 1295
347 1444
347 162
994 1621
994 1926
955 481
955 1382
1755 1953
1755 629
260 1667
260 936
1310 1339
1310 1836
544 1560
544 569
1086 1422
1086 798
339 1970
339 49
1015 655
1015 75
591 1865
591 1920
251 1694
251 1968
1999 1893
1999 937
1084 1132
1084 1144
331 138
331 1629
1119 1153
1119 948
89 597
89 474
1328 207
1328 1268
1158 901
1158 1531
190 122
190 266
74 932
74 20
1991 1517
1991 348
289 369
289 992
1875 1628
1875 1027
825 1206
825 57
611 1261
611 662
1482 230
1482 1611
1371 1218
1371 567
1039 1884
1039 1156
443 1458
443 783
1577 1516
1577 1501
1530 1761
1530 1980
935 546
935 1302
199 58
199 989
1330 5
1330 885
169 2015
169 1568
1747 1958
1747 1200
1894 1264
1894 1445
100 1070
100 599
1464 1654
1464 1106
928 520
928 840
774 1796
774 927
1428 291
1428 1788
1237 1687
1237 1254
534 264
534 2005
836 1650
836 766
882 1602
882 286
1416 997
1416 1981
1993 419
1993 1120
160 93
160 859
820 600
820 1527
1161 103
1161 1283
707 1185
707 1263
482 653
482 389
1240 1695
1240 502
697 1349
697 1348
1954 533
1954 226
1563 1861
1563 1541
531 1077
531 1655
1759 1173
1759 1913
1259 329
1259 1845
1784 943
1784 1977
946 1914
946 831
39 1922
39 377
1829 2046
1829 429
1799 1779
1799 723
401 1150
401 1835
1767 1081
1767 80
2031 615
2031 1923
1651 1234
1651 2
444 1155
444 1975
804 1461
804 1332
87 973
87 690
1460 641
1460 225
1668 687
1668 866
961 356
961 202
1474 784
1474 1596
586 630
586 490
1658 668
1658 1605
1135 1533
1135 1871
1035 1703
1035 2023
1597 1098
1597 703
921 216
921 2042
382 1795
382 2020
2047 2044
2047 865
1927 1672
1927 1359
1453 1213
1453 1288
1831 33
1831 1707
1299 35
1299 780
175 673
175 718
536 699
536 119
2010 969
2010 1751
55 671
55 1370
1160 1373
1160 990
249 446
249 752
334 1024
334 1525
394 1030
394 1542
1294 1440
1294 437
1083 694
1083 233
1812 579
1812 1385
1944 1539
1944 1949
2000 739
2000 1500
1641 1549
1641 400
568 1419
568 911
197 1790
197 183
915 363
915 826
1868 213
1868 810
272 1647
272 1890
1009 1257
1009 744
1745 519
1745 1233
1432 32
1432 818
406 194
406 1859
1504 1881
1504 1710
447 322
447 1615
1676 143
1676 1806
1007 1480
1007 1210
1230 1780
1230 1492
1010 682
1010 1768
1588 418
1588 577
159 628
159 807
1782 1390
1782 1202
770 1639
770 596
257 1853
257 1950
120 1092
120 625
1678 320
1678 71
1051 1610
1051 594
1529 1249
1529 1413
1827 114
1827 759
268 1322
268 749
1036 1862
1036 747
218 156
218 328
619 1713
619 176
92 215
92 1421
551 1754
551 757
1649 1082
1649 1821
464 511
464 149
1016 634
1016 1701
548 1839
548 745
1769 355
1769 423
787 1360
787 1537
558 539
558 1506
2024 779
2024 1967
681 1997
681 1803
1994 1315
1994 109
261 1468
261 817
1162 1
1162 1943
1061 2040
1061 1487
79 1397
79 1921
1772 1679
1772 1948
1462 1528
1462 1631
1874 83
1874 70
1426 869
1426 877
1124 1508
1124 1372
1847 1520
1847 9
1996 1969
1996 1266
1355 1038
1355 1642
1693 1217
1693 1507
1300 722
1300 192
1005 201
1005 1166
250 708
250 133
920 8
920 934
582 1341
582 864
1420 1725
1420 503
1912 854
1912 1034
1976 1251
1976 843
1515 1477
1515 930
452 1269
452 1510
1983 1931
1983 1133
983 1317
983 326
834 1731
834 1000
1657 950
1657 288
1028 602
1028 1911
523 7
523 839
665 663
665 1523
872 1176
872 2022
1614 11
1614 1612
1662 1248
1662 242
23 649
23 1116
1569 1699
1569 790
1377 1384
1377 939
967 146
967 862
781 1275
781 1318
403 1244
403 1547
1763 1770
1763 77
1716 1626
1716 535
886 1566
886 246
743 229
743 1143
37 1599
37 794
508 417
508 564
1354 1825
1354 1737
427 1425
427 1100
2032 912
2032 1459
59 367
59 1556
1892 945
1892 1617
684 304
684 24
1797 78
1797 795
1387 2009
1387 996
1722 1823
1722 643
384 391
384 1073
1398 357
1398 637
1562 1792
1562 228
414 881
414 1706
1055 601
1055 1798
1961 1664
1961 971
876 1698
876 426
1191 82
1191 1463
140 1899
140 913
492 720
492 1715
1986 802
1986 1169
407 1578
407 491
1386 1465
1386 889
846 1736
846 1712
1553 313
1553 1746
1472 173
1472 227
1467 735
1467 639
1546 1503
1546 1521
1285 1441
1285 184
1762 1147
1762 1381
341 1448
341 1127
1424 285
1424 1854
144 1408
144 1222
1046 111
1046 493
136 1110
136 1238
440 1276
440 1902
276 1493
276 1103
792 1802
792 1971
1502 1250
1502 857
27 1025
27 1864
1554 772
1554 1316
1309 618
1309 1335
978 91
978 1826
165 123
165 317
1669 1049
1669 738
1099 1062
1099 993
660 2013
660 650
172 365
172 1989
1367 706
1367 924
150 1809
150 1567
1014 1987
1014 1972
1936 963
1936 487
238 816
238 28
3 505
3 467
695 409
695 814
620 1122
620 902
1856 1242
1856 1534
21 1418
21 910
1519 1313
1519 1128
1574 1579
1574 480
960 740
960 1688
822 1484
822 206
1680 1924
1680 698
1778 652
1778 1783
2038 581
2038 1873
873 1589
873 835
986 432
986 848
1526 1231
1526 789
1866 1505
1866 1320
705 1742
705 894
1945 879
1945 1584
1170 1966
1170 399
1897 856
1897 1188
1130 1495
1130 507
1963 295
1963 1181
1253 730
1253 1644
383 728
383 1473
929 1006
929 870
195 234
195 185
50 1616
50 554
1697 1455
1697 1175
1022 476
1022 1183
1076 981
1076 307
425 860
425 1915
90 231
90 1286
713 252
713 1904
310 526
310 1336
1018 375
1018 657
112 350
112 1074
823 1093
823 938
1395 408
1395 1496
358 236
358 1869
1085 221
1085 224
947 573
947 1301
1279 933
1279 1720
1867 1165
1867 405
1743 1131
1743 510
1691 1814
1691 65
1323 811
1323 2026
824 883
824 1146
299 453
299 395
368 1032
368 970
719 1633
719 398
763 1214
763 1020
940 1561
940 1417
799 827
799 612
530 1442
530 676
96 278
96 1345
853 782
853 609
1008 543
1008 200
644 314
644 1918
1199 1274
1199 1327
1184 527
1184 1245
145 1163
145 85
153 556
153 2006
768 1656
768 758
1056 66
1056 152
1361 769
1361 1774
1935 771
1935 1378
1636 240
1636 1593
327 1152
327 62
1738 1810
1738 622
46 1235
46 555
1760 683
1760 1576
1573 433
1573 1142
777 1690
777 132
428 1489
428 170
583 392
583 10
1282 297
1282 372
1138 669
1138 88
31 255
31 335
1097 1090
1097 67
364 1548
364 14
1685 1964
1685 430
976 1552
976 1946
1960 1860
1960 552
916 623
916 1220
998 1241
998 606
1149 696
1149 545
1919 809
1919 640
323 1488
323 353
193 1785
193 972
1105 1776
1105 1696
2039 791
2039 1201
319 875
319 81
374 478
374 1400
1182 1194
1182 167
460 315
460 402
635 1791
635 1819
345 678
345 1125
1129 1434
1129 1729
509 239
509 210
290 561
290 1744
751 424
751 1820
797 1805
797 1555
1325 715
1325 333
1583 892
1583 151
63 1730
63 528
1682 137
1682 1111
302 587
302 1338
457 1841
457 907
1815 2017
1815 241
470 187
470 793
2016 540
2016 959
18 142
18 1225
254 1475
254 1683
48 512
48 1224
944 988
944 1095
1916 121
1916 51
2003 897
2003 1026
1937 147
1937 773
588 483
588 1619
514 1457
514 525
1476 852
1476 727
829 1399
829 180
1550 1043
1550 45
1938 1817
1938 1304
1436 1660
1436 131
42 1988
42 1357
1777 36
1777 532
1392 1723
1392 1429
1887 701
1887 485
1431 908
1431 871
1446 949
1446 1287
1494 658
1494 1498
4 2008
4 1955
642 1154
642 1340
340 1876
340 1844
1663 1068
1663 812
204 1449
204 237
513 931
513 2012
506 1886
506 704
1545 1072
1545 1929
858 737
858 154
647 43
647 287
2019 1992
2019 1594
617 1216
617 104
966 1347
966 1801
700 362
700 656
1389 1402
1389 129
1211 431
1211 1012
321 1212
321 271
1089 516
1089 469
2036 496
2036 742
1227 1490
1227 1104
952 178
952 868
1080 806
1080 1592
141 1271
141 1204
292 1952
292 674
1907 1661
1907 1702
1978 2025
1978 1091
1905 247
1905 1880
376 499
376 661
344 2033
344 874
803 756
803 1207
1337 497
1337 1246
547 1312
547 1824
1947 1638
1947 198
1828 1087
1828 1735
833 1990
833 1171
2011 646
2011 494
1741 1079
1741 1509
1618 1726
1618 262
1045 1606
1045 1365
436 631
436 659
800 550
800 116
651 954
651 1512
1666 1134
1666 919
1748 1411
1748 849
1047 1998
1047 832
1471 562
1471 632
796 1816
796 489
1376 397
1376 108
421 468
421 412
1187 1172
1187 99
1023 608
1023 1029
1643 211
1643 1582
1870 754
1870 1044
1623 1071
1623 1063
677 1140
677 26
273 1369
273 300
22 1297
22 379
1740 1013
1740 106
98 161
98 117
900 941
900 1933
1728 1289
1728 542
1393 968
1393 486
571 1901
571 342
439 711
439 1223
614 232
614 1031
1295 223
1295 580
1444 714
1444 217
162 1908
162 1607
1621 1840
1621 1951
1926 878
1926 72
481 1491
481 1624
1382 584
1382 498
1953 47
1953 2028
629 1451
629 522
1667 1415
1667 906
936 598
936 166
1339 269
1339 12
1836 732
1836 667
1560 473
1560 1580
569 1456
569 995
1422 267
1422 1298
798 1232
798 590
1970 557
1970 352
49 337
49 1292
655 1775
655 1942
75 205
75 1677
1865 274
1865 1719
1920 101
1920 898
1694 753
1694 999
1968 68
1968 40
1893 2027
1893 256
937 887
937 1581
1132 1262
1132 1058
1144 86
1144 263
138 688
138 1088
1629 208
1629 1930
1153 621
1153 1117
948 1180
948 1208
597 979
597 760
474 52
474 689
207 645
207 549
1268 1060
1268 324
901 2041
901 126
1531 1054
1531 56
122 1511
122 830
266 1818
266 1538
932 1366
932 76
20 685
20 1598
1517 1011
1517 1033
348 709
348 1479
369 1724
369 1591
992 1379
992 181
1628 951
1628 1603
1027 158
1027 1291
1206 1065
1206 1454
57 1267
57 1148
1261 731
1261 454
662 537
662 909
230 716
230 1326
1611 666
1611 463
1218 1843
1218 880
567 1585
567 1757
1884 776
1884 196
1156 296
1156 275
1458 538
1458 107
783 1590
783 258
1516 1177
1516 110
1501 775
1501 578
1761 524
1761 1984
1980 1773
1980 1136
546 1753
546 25
1302 1749
1302 1925
58 179
58 1331
989 1891
989 1481
5 450
5 1107
885 1630
885 788
2015 441
2015 1895
1568 1732
1568 922
1958 636
1958 212
1200 1850
1200 361
1264 1037
1264 1186
1445 670
1445 203
1070 1879
1070 1228
599 1674
599 691
1654 1586
1654 410
1106 1439
1106 1686
520 633
520 518
840 1052
840 336
1796 895
1796 1932
927 1941
927 1524
291 1665
291 1375
1788 1766
1788 1635
1687 449
1687 1443
1254 648
1254 504
264 529
264 1101
2005 813
2005 842
1650 1278
1650 987
766 845
766 371
1602 318
1602 675
286 1145
286 1834
997 975
997 815
1981 308
1981 1793
419 1559
419 2014
1120 1885
1120 1109
93 2030
93 346
859 702
859 785
600 1192
600 1700
1527 1414
1527 284
103 1435
103 838
1283 1002
1283 1255
1185 693
1185 1041
1263 477
1263 1640
653 1485
653 1358
389 819
389 1652
1695 1786
1695 1356
502 279
502 1324
1349 2035
1349 1164
1348 325
1348 905
533 1995
533 1600
226 1478
226 1872
1861 1752
1861 1709
1541 1956
1541 1974
1077 1001
1077 222
1655 1883
1655 1404
1173 863
1173 2029
1913 1219
1913 349
329 1572
329 127
1845 828
1845 1388
943 1800
943 1380
1977 1896
1977 565
1914 1157
1914 1394
831 1692
831 435
1922 847
1922 1514
377 125
377 1364
2046 2004
2046 209
429 1004
429 64
1779 1296
1779 484
723 1811
723 1535
1150 1042
1150 923
1835 664
1835 479
1081 155
1081 277
80 1758
80 488
615 593
615 390
1923 38
1923 1863
1234 1412
1234 917
2 311
2 1069
1155 1718
1155 717
1975 1229
1975 925
1461 1705
1461 34
1332 563
1332 1059
973 1842
973 1118
690 1909
690 884
