3 511 72238760
2 3
2 1
381 132
381 15
132 108
132 438
15 336
15 197
108 83
108 369
438 353
438 290
336 41
336 49
197 488
197 395
83 2
83 315
369 89
369 422
353 7
353 410
290 179
290 366
41 138
41 209
49 76
49 149
488 110
488 301
395 107
395 236
2 71
2 456
315 409
315 331
89 325
89 238
422 234
422 141
7 391
7 348
410 248
410 323
179 498
179 186
366 35
366 70
138 263
138 399
209 159
209 259
76 413
76 442
149 397
149 10
110 1
110 103
301 60
301 426
107 246
107 383
236 229
236 84
71 105
71 32
456 267
456 465
409 69
409 24
331 187
331 454
325 178
325 496
238 8
238 102
234 51
234 111
141 242
141 183
391 420
391 446
348 508
348 279
248 118
248 425
323 21
323 364
498 75
498 497
186 212
186 355
35 271
35 231
70 304
70 230
263 254
263 319
399 405
399 289
159 318
159 206
259 429
259 215
413 233
413 12
442 499
442 416
397 40
397 451
10 359
10 264
1 162
1 368
103 82
103 66
60 204
60 184
426 505
426 189
246 173
246 334
383 352
383 164
229 205
229 433
84 329
84 72
105 430
105 153
32 256
32 121
267 340
267 269
465 412
465 418
69 339
69 299
24 207
24 245
187 330
187 219
454 380
454 218
178 362
178 452
496 374
496 262
8 213
8 93
102 379
102 90
51 354
51 281
111 174
111 194
242 222
242 317
183 277
183 44
420 74
420 436
446 247
446 120
508 130
508 373
279 182
279 244
118 146
118 404
425 253
425 203
21 202
21 428
364 504
364 382
75 291
75 434
497 200
497 14
212 332
212 322
355 55
355 54
271 191
271 311
231 3
231 365
304 473
304 305
230 384
230 133
254 97
254 306
319 87
319 435
405 19
405 139
289 284
289 314
318 450
318 124
206 265
206 50
429 476
429 349
215 58
215 36
233 161
233 280
12 462
12 67
499 42
499 493
416 396
416 137
40 223
40 109
451 158
451 119
359 400
359 385
264 328
264 480
162 100
162 494
368 414
368 408
82 295
82 307
66 73
66 285
204 160
204 347
184 252
184 128
505 11
505 371
189 78
189 249
173 427
173 188
334 196
334 147
352 459
352 511
164 363
164 444
205 286
205 9
433 157
433 346
329 48
329 227
72 104
72 64
430 122
430 6
153 77
153 171
256 62
256 45
121 156
121 469
340 298
340 228
269 57
269 151
412 239
412 258
418 52
418 345
339 237
339 148
299 506
299 394
207 276
207 443
245 251
245 177
330 415
330 509
219 47
219 324
380 152
380 56
218 129
218 117
362 484
362 114
452 461
452 316
374 192
374 193
262 292
262 338
213 402
213 401
93 61
93 25
379 195
379 495
90 296
90 447
354 421
354 367
281 106
281 419
174 220
174 30
194 393
194 389
222 337
222 31
317 28
317 23
277 96
277 198
44 85
44 272
74 392
74 341
436 216
436 241
247 199
247 81
120 217
120 437
130 144
130 235
373 441
373 445
182 453
182 440
244 376
244 65
146 302
146 34
404 225
404 335
253 190
253 176
203 320
203 270
202 232
202 260
428 123
428 333
504 86
504 142
382 273
382 13
291 43
291 361
434 478
434 387
200 95
200 457
14 165
14 417
332 487
332 154
322 37
322 155
55 17
55 26
54 308
54 358
191 175
191 458
311 377
311 92
3 309
3 491
365 208
365 489
473 460
473 390
305 406
305 313
384 29
384 370
133 455
133 16
97 125
97 224
306 5
306 266
87 310
87 20
435 99
435 475
19 303
19 39
139 343
139 91
284 131
284 326
314 378
314 468
450 172
450 351
124 431
124 424
265 463
265 278
50 221
50 201
476 113
476 53
349 257
349 168
58 112
58 38
36 510
36 492
161 126
161 4
280 63
280 500
462 388
462 33
67 407
67 169
42 22
42 181
493 403
493 350
396 294
396 293
137 255
137 136
223 466
223 375
109 68
109 503
158 481
158 386
119 214
119 287
400 166
400 94
385 145
385 127
328 300
328 116
480 167
480 170
100 372
100 211
494 268
494 297
414 471
414 439
408 180
408 470
295 474
295 250
307 321
307 485
73 115
73 344
285 134
285 448
160 507
160 282
347 98
347 18
252 288
252 482
128 226
128 140
11 479
11 46
371 283
371 472
78 486
78 275
249 356
249 502
427 150
427 501
188 342
188 327
196 432
196 483
147 240
147 79
459 101
459 464
511 490
511 357
363 411
363 143
444 210
444 261
286 477
286 312
9 88
9 449
157 27
157 467
346 163
346 243
48 423
48 59
227 135
227 185
104 274
104 398
64 360
64 80
