1 2047 4879873
495 911
495 1118
911 1444
911 1063
1118 993
1118 1608
1444 1152
1444 1593
1063 854
1063 1522
993 379
993 436
1608 1452
1608 503
1152 1868
1152 1936
1593 1269
1593 599
854 1898
854 48
1522 1553
1522 1202
379 157
379 1649
436 1259
436 676
1452 720
1452 42
503 1055
503 534
1868 1238
1868 84
1936 712
1936 898
1269 920
1269 768
599 760
599 1324
1898 568
1898 1517
48 94
48 1817
1553 1988
1553 203
1202 257
1202 298
157 657
157 994
1649 946
1649 1036
1259 1807
1259 942
676 1664
676 1878
720 890
720 118
42 2026
42 6
1055 1787
1055 633
534 1171
534 1022
1238 1306
1238 1208
84 240
84 1604
712 2036
712 1196
898 1378
898 189
920 1101
920 1231
768 378
768 126
760 352
760 296
1324 33
1324 570
568 1812
568 1369
1517 1717
1517 397
94 1581
94 322
1817 261
1817 1471
1988 1454
1988 346
203 451
203 1620
257 535
257 1333
298 520
298 724
657 1096
657 857
994 402
994 869
946 999
946 818
1036 1172
1036 917
1807 354
1807 1025
942 1645
942 399
1664 664
1664 1921
1878 233
1878 773
890 886
890 756
118 1845
118 122
2026 1968
2026 186
6 1637
6 833
1787 881
1787 684
633 1999
633 989
1171 1257
1171 706
1022 504
1022 1098
1306 247
1306 1037
1208 227
1208 897
240 1667
240 817
1604 1109
1604 1346
2036 221
2036 1006
1196 18
1196 305
1378 319
1378 809
189 1422
189 1371
1101 752
1101 636
1231 1697
1231 696
378 162
378 1818
126 371
126 1777
352 1071
352 345
296 1943
296 430
33 1423
33 1869
570 852
570 1685
1812 742
1812 1210
1369 440
1369 392
1717 834
1717 698
397 1436
397 1077
1581 1296
1581 1052
322 1933
322 376
261 34
261 1886
1471 719
1471 502
1454 2039
1454 562
346 656
346 1287
451 66
451 713
1620 1162
1620 165
535 1811
535 151
1333 519
1333 2046
520 506
520 333
724 1630
724 1244
1096 1414
1096 558
857 703
857 572
402 884
402 659
869 299
869 1110
999 1474
999 128
818 1625
818 1704
1172 467
1172 1802
917 1753
917 17
354 160
354 1902
1025 1795
1025 564
1645 15
1645 1133
399 407
399 1243
664 666
664 1373
1921 356
1921 1524
233 1354
233 1066
773 1913
773 828
886 1104
886 1438
756 353
756 1754
1845 2000
1845 140
122 1668
122 1183
1968 1527
1968 1303
186 1131
186 922
1637 1248
1637 1433
833 1275
833 27
881 565
881 226
684 1143
684 381
1999 1762
1999 1348
989 865
989 1775
1257 324
1257 1692
706 547
706 1056
504 200
504 1838
1098 1059
1098 1757
247 533
247 907
1037 1916
1037 1186
227 1698
227 1084
897 1940
897 733
1667 113
1667 1682
817 1799
817 1874
1109 908
1109 1090
1346 961
1346 434
221 438
221 57
1006 970
1006 269
18 1837
18 1579
305 444
305 1998
319 1038
319 424
809 1677
809 1019
1422 1987
1422 123
1371 1221
1371 1832
752 485
752 462
636 1481
636 1262
1697 740
1697 119
696 1786
696 312
162 1836
162 417
1818 762
1818 339
371 1966
371 903
1777 1575
1777 1279
1071 30
1071 60
345 744
345 1824
1943 456
1943 1912
430 1067
430 822
1423 382
1423 1792
1869 1128
1869 1058
852 276
852 1160
1685 2016
1685 19
742 1709
742 1386
1210 1091
1210 522
440 795
440 234
392 1328
392 457
834 1335
834 144
698 21
698 1580
1436 1681
1436 847
1077 716
1077 490
1296 770
1296 967
1052 222
1052 1707
1933 978
1933 652
376 184
376 1326
34 769
34 1675
1886 1193
1886 1566
719 14
719 536
502 1856
502 25
2039 1808
2039 1585
562 777
562 1512
656 1315
656 497
1287 1909
1287 1678
66 1032
66 458
713 1995
713 314
1162 321
1162 364
165 232
165 1045
1811 734
1811 788
151 1588
151 2
519 1690
519 1356
2046 1756
2046 1843
506 543
506 385
333 10
333 1370
1630 1504
1630 441
1244 53
1244 1772
1414 1760
1414 637
558 1956
558 1042
703 953
703 921
572 627
572 1043
884 1126
884 1175
659 578
659 235
299 929
299 816
1110 1920
1110 1870
1474 1785
1474 107
128 1372
128 1773
1625 1694
1625 375
1704 1702
1704 265
467 358
467 1304
1802 1973
1802 2024
1753 1173
1753 1311
17 1492
17 38
160 412
160 640
1902 1198
1902 366
1795 608
1795 1950
564 1301
564 1158
15 1062
15 1223
1133 1061
1133 888
407 361
407 1134
1243 22
1243 1570
666 1219
666 1242
1373 849
1373 517
356 866
356 1176
1524 1548
1524 790
1354 1298
1354 120
1066 1638
1066 1507
1913 1389
1913 737
828 853
828 982
1104 968
1104 1338
1438 806
1438 1347
353 1102
353 1755
1754 183
1754 1360
2000 136
2000 1872
140 342
140 406
1668 2012
1668 145
1183 598
1183 442
1527 635
1527 693
1303 1051
1303 317
1131 542
1131 2020
922 198
922 431
1248 1050
1248 2047
1433 1401
1433 1618
1275 1735
1275 1147
27 202
27 1170
565 1683
565 1674
226 1659
226 766
1143 207
1143 848
381 1801
381 1583
1762 1739
1762 1616
1348 1632
1348 1741
865 739
865 1957
1775 1146
1775 601
324 1718
324 1977
1692 204
1692 624
547 561
547 1129
1056 1418
1056 1112
200 842
200 1470
1838 649
1838 767
1059 793
1059 419
1757 1245
1757 1349
533 2038
533 23
907 70
907 1917
1916 2008
1916 984
1186 1797
1186 414
1698 2005
1698 453
1084 702
1084 1586
1940 1673
1940 1234
733 945
733 111
113 541
113 1105
1682 1520
1682 763
1799 16
1799 1656
1874 82
1874 551
908 396
908 1519
1090 288
1090 169
961 1261
961 1124
434 1651
434 1157
438 47
438 1093
57 426
57 180
970 1941
970 670
269 1958
269 229
1837 671
1837 181
1579 41
1579 1562
444 480
444 1615
1998 250
1998 78
1038 1396
1038 555
424 1195
424 1024
1677 1200
1677 1670
1019 284
1019 747
1987 1831
1987 1295
123 158
123 301
1221 524
1221 1730
1832 468
1832 483
485 1203
485 1125
462 1137
462 846
1481 726
1481 152
1262 937
1262 463
740 1888
740 1009
119 193
119 1545
1786 675
1786 428
312 1980
312 291
1836 1814
1836 249
417 464
417 838
762 1215
762 1226
339 1790
339 1736
1966 791
1966 1225
903 486
903 1498
1575 685
1575 681
1279 1994
1279 146
30 1839
30 1272
60 185
60 1380
744 2044
744 1782
1824 1197
1824 783
456 1300
456 191
1912 1935
1912 546
1067 166
1067 1727
822 1281
822 1477
382 1398
382 31
1792 874
1792 851
1128 1905
1128 1447
1058 584
1058 1455
276 1230
276 88
1160 1536
1160 1322
2016 1603
2016 1079
19 67
19 1511
1709 1606
1709 1873
1386 1803
1386 2025
1091 1925
1091 1357
522 3
522 1189
795 808
795 244
234 37
234 1403
1328 867
1328 1359
457 1273
457 205
1335 1263
1335 238
144 1796
144 1174
21 1409
21 1750
1580 1148
1580 1442
1681 1766
1681 1283
847 1228
847 1910
716 918
716 508
490 673
490 899
770 604
770 1745
967 910
967 1132
222 1505
222 557
1707 1952
1707 237
978 661
978 902
652 1809
652 1834
184 1981
184 306
1326 1331
1326 757
769 85
769 590
1675 192
1675 1435
1193 919
1193 1207
1566 1400
1566 1013
14 1918
14 845
536 1963
536 332
1856 1023
1856 861
25 201
25 509
1808 278
1808 1574
1585 415
1585 1699
777 1892
777 1821
1512 359
1512 197
1315 525
1315 892
497 443
497 74
1909 421
1909 188
1678 745
1678 1930
1032 1884
1032 1621
458 1135
458 466
1995 2041
1995 224
314 1453
314 1639
321 1270
321 1117
364 1960
364 638
232 328
232 292
1045 954
1045 24
734 1044
734 384
788 259
788 176
1588 1607
1588 1538
2 840
2 1713
1690 99
1690 650
1356 1490
1356 1559
1756 285
1756 7
1843 514
1843 1466
543 705
543 611
385 1494
385 1475
10 1945
10 575
1370 1748
1370 1384
1504 1496
1504 904
441 949
441 1113
53 1865
53 2029
1772 1493
1772 527
1760 689
1760 1366
637 1557
637 1451
1956 1609
1956 1959
1042 1841
1042 294
953 1092
953 1896
921 971
921 648
627 29
627 400
1043 362
1043 1684
1126 1513
1126 44
1175 1983
1175 40
578 8
578 401
235 1145
235 1251
929 1108
929 513
816 1406
816 498
1920 340
1920 1416
1870 1984
1870 1499
1785 476
1785 1358
107 2040
107 1082
1372 997
1372 882
1773 607
1773 623
1694 1159
1694 1658
375 383
375 646
1702 409
1702 1789
265 804
265 1072
358 574
358 531
1304 365
1304 718
1973 1139
1973 1351
2024 1491
2024 1543
1173 1703
1173 1070
1311 1501
1311 895
1492 1861
1492 594
38 1862
38 1859
412 1473
412 569
640 131
640 429
1198 1480
1198 377
366 786
366 1240
608 915
608 1213
1950 1246
1950 1970
1301 230
1301 355
1158 571
1158 906
1062 329
1062 1563
1223 374
1223 860
1061 218
1061 2045
888 1302
888 253
361 260
361 1764
1134 4
1134 1180
22 1030
22 602
1570 871
1570 300
1219 566
1219 1086
1242 1161
1242 242
849 1078
849 781
517 1855
517 1292
866 878
866 1249
1176 1095
1176 61
1548 325
1548 208
790 1830
790 471
1298 1011
1298 905
120 482
120 272
1638 1515
1638 1353
1507 1961
1507 20
1389 1798
1389 211
737 1508
737 277
853 114
853 554
982 1614
982 1516
968 1669
968 544
1338 1099
1338 2037
806 1711
806 2018
1347 1546
1347 133
1102 1612
1102 69
1755 1721
1755 507
183 178
183 1049
1360 487
1360 477
136 977
136 287
1872 1849
1872 1271
342 1388
342 1015
406 552
406 1525
2012 2033
2012 12
145 1467
145 1190
598 395
598 343
442 282
442 1650
635 1020
635 1047
693 651
693 1138
1051 2031
1051 779
317 1286
317 105
542 1852
542 1410
2020 823
2020 479
198 501
198 2014
431 2030
431 1381
1050 1964
1050 1265
2047 887
2047 1535
1401 872
1401 1
1618 1623
1618 217
1735 2002
1735 1425
1147 175
1147 293
202 2003
202 164
1170 1715
1170 129
1683 683
1683 252
1674 1733
1674 170
1659 1531
1659 1783
766 1576
766 454
207 641
207 1337
848 605
848 1211
1801 1844
1801 1448
1583 367
1583 469
1739 139
1739 677
1616 256
1616 1924
1632 89
1632 986
1741 335
1741 1628
739 1142
739 1010
1957 326
1957 1934
1146 1599
1146 1185
601 1361
601 1375
1718 928
1718 1278
1977 1587
1977 621
204 761
204 996
624 92
624 628
561 1345
561 1443
1129 1695
1129 90
1418 548
1418 616
1112 1906
1112 68
842 1633
842 65
1470 1041
1470 820
649 1319
649 363
767 96
767 924
793 879
793 1938
419 699
419 304
1245 439
1245 1385
1349 923
1349 283
2038 327
2038 738
23 829
23 73
70 679
70 647
1917 875
1917 935
2008 913
2008 309
984 174
984 1779
1797 586
1797 1647
414 1592
414 106
2005 1212
2005 965
453 1926
453 264
702 1537
702 832
1586 216
1586 1472
1673 1857
1673 780
1234 1258
1234 295
945 900
945 1671
111 1468
111 75
541 196
541 944
1105 1123
1105 799
1520 153
1520 746
763 337
763 606
16 263
16 778
1656 1457
1656 687
82 64
82 1445
551 1028
551 492
396 1900
396 1235
1519 63
1519 912
288 446
288 81
169 470
169 1307
1261 11
1261 1660
1124 1027
1124 72
1651 1374
1651 1634
1157 1539
1157 1635
47 727
47 883
1093 450
1093 349
426 1768
426 1482
180 1057
180 759
1941 1510
1941 958
670 868
670 885
1958 215
1958 1440
229 1833
229 962
671 225
671 1039
181 1250
181 1907
41 545
41 708
1562 753
1562 1901
480 1619
480 612
1615 1969
1615 1986
250 493
250 1476
78 1206
78 1850
1396 1065
1396 348
555 620
555 1716
1195 1074
1195 1154
1024 796
1024 1631
1200 1847
1200 271
1670 2007
1670 751
284 1894
284 351
747 56
747 1412
1831 1706
1831 1217
1295 1653
1295 147
158 1885
158 1947
301 1097
301 1420
524 749
524 1330
1730 331
1730 445
468 267
468 1551
483 360
483 1737
1203 2010
1203 461
1125 1710
1125 1781
1137 1427
1137 603
846 9
846 373
726 266
726 494
152 411
152 976
937 1018
937 1804
463 587
463 1293
1888 241
1888 1327
1009 1192
1009 1321
193 1863
193 930
1545 1114
1545 728
675 1558
675 1791
428 1363
428 1309
1980 1029
1980 653
291 391
291 95
1814 775
1814 104
249 1840
249 245
464 1085
464 1815
838 405
838 951
1215 1116
1215 1521
1226 1742
1226 889
1790 1179
1790 459
1736 1518
1736 275
791 894
791 559
1225 427
1225 1705
486 127
486 280
1498 268
1498 943
685 58
685 1377
681 1205
681 1155
1994 1672
1994 1264
146 1399
146 619
1839 496
1839 1083
1272 1758
1272 663
185 214
185 530
1380 523
1380 54
2044 455
2044 979
1782 2035
1782 858
1197 1751
1197 672
783 1726
783 812
1300 1942
1300 1829
191 952
191 59
1935 972
1935 1708
546 2022
546 1002
166 1291
166 1997
1727 938
1727 1026
1281 870
1281 1556
1477 1439
1477 934
1398 655
1398 1073
31 1429
31 516
874 474
874 1696
851 1089
851 1368
1905 1990
1905 563
1447 388
1447 1589
584 580
584 432
1455 1430
1455 983
1230 975
1230 1882
88 1320
88 1813
1536 1931
1536 1793
1322 1153
1322 785
1603 76
1603 1168
1079 577
1079 132
67 1233
67 1450
1511 1163
1511 460
1606 1424
1606 43
1873 711
1873 475
1803 1897
1803 194
2025 1854
2025 220
1925 1725
1925 583
1357 1648
1357 97
3 532
3 1432
1189 980
1189 1600
808 344
808 481
244 1048
244 1150
37 1404
37 179
1403 1003
1403 538
867 2021
867 1759
1359 418
1359 1788
1273 730
1273 219
205 805
205 1657
1263 1188
1263 465
238 1891
238 1975
1796 550
1796 709
1174 807
1174 1601
1409 629
1409 595
1750 1362
1750 1594
1148 1068
1148 1743
1442 303
1442 800
1766 1379
1766 279
1283 1364
1283 79
1228 1890
1228 1529
1910 49
1910 1908
918 1761
918 1887
508 1662
508 255
673 1344
673 909
899 2013
899 1305
604 2043
604 695
1745 413
1745 1308
910 1937
910 1464
1132 1860
1132 338
1505 841
1505 1565
557 755
557 1700
1952 827
1952 341
237 71
237 940
661 864
661 1140
902 1008
902 1784
1809 1502
1809 1679
1834 1299
1834 472
1981 722
1981 813
306 1107
306 613
1331 182
1331 1932
757 156
757 1462
85 1087
85 1033
590 610
590 1437
192 936
192 1478
1435 51
1435 707
919 1880
919 735
1207 1765
1207 103
1400 236
1400 1991
1013 1434
1013 316
1918 825
1918 1392
845 1241
845 591
1963 1053
1963 1985
332 1119
332 394
1023 210
1023 1012
861 357
861 625
201 1752
201 1805
509 26
509 370
278 350
278 668
1574 1040
1574 1276
415 1732
415 308
1699 515
1699 1141
1892 850
1892 1316
1821 155
1821 1816
359 1641
359 1822
197 692
197 1569
525 1495
525 771
892 1744
892 154
443 2001
443 1605
74 579
74 540
421 600
421 281
188 125
188 1636
745 782
745 855
1930 1214
1930 826
1884 1893
1884 159
1621 710
1621 1688
1135 784
1135 1054
466 1201
466 1810
2041 814
2041 1584
224 596
224 642
1453 1915
1453 844
1639 959
1639 1080
1270 1948
1270 403
1117 1426
1117 2027
1960 529
1960 658
638 1167
638 704
328 239
328 1955
292 212
292 2028
954 142
954 794
24 2015
24 1417
1044 1693
1044 1151
384 714
384 1382
259 589
259 199
176 1266
176 1256
1607 862
1607 86
1538 1953
1538 1017
840 101
840 330
1713 1532
1713 1021
99 336
99 1643
650 992
650 1819
1490 386
1490 1723
1559 1227
1559 1182
285 539
285 1277
7 1617
7 797
514 1341
514 1875
1466 1483
1466 116
705 1853
705 1288
611 121
611 669
1494 1992
1494 1325
1475 1365
1475 1317
1945 1428
1945 1911
575 149
575 1260
1748 297
1748 1577
1384 617
1384 688
1496 410
1496 248
904 190
904 46
949 505
949 1274
1113 389
1113 1469
1865 1446
1865 223
2029 380
2029 956
1493 1218
1493 80
527 489
527 1582
689 830
689 1229
1366 1387
1366 1076
1557 810
1557 398
1451 789
1451 150
1609 1284
1609 1323
1959 1767
1959 955
1841 643
1841 1285
294 1530
294 836
1092 1640
1092 821
1896 916
1896 1720
971 1408
971 1749
648 2034
648 1962
29 644
29 1724
400 1663
400 723
362 1876
362 1627
1684 115
1684 246
1513 1419
1513 1826
44 289
44 1350
1983 109
1983 1528
40 143
40 1780
8 372
8 488
401 1460
401 1497
1145 1661
1145 1572
1251 639
1251 991
1108 273
1108 161
513 1314
513 1899
1406 510
1406 270
498 585
498 1540
340 1676
340 286
1416 537
1416 1547
1984 1595
1984 1376
1499 93
1499 615
476 701
476 1951
1358 1927
1358 645
2040 1928
2040 1642
1082 425
1082 1479
997 856
997 1806
882 311
882 1747
607 1866
607 1184
623 1005
623 1611
1159 499
1159 433
1658 1629
1658 521
383 1567
383 1166
646 1842
646 318
409 1923
409 1965
1789 1561
1789 1714
804 1016
804 593
1072 1297
1072 1136
574 1746
574 1397
531 582
531 1665
365 1770
365 134
718 927
718 1100
1139 1867
1139 323
1351 1355
1351 1035
1491 1738
1491 52
1543 1120
1543 102
1703 1312
1703 437
1070 1255
1070 315
1501 435
1501 1216
895 981
895 1680
1861 302
1861 1103
594 28
594 973
1862 500
1862 614
1859 1823
1859 1486
1473 187
1473 1115
569 1343
569 2023
131 173
131 1689
429 1489
429 985
1480 447
1480 774
377 1407
377 1944
786 764
786 55
1240 743
1240 1731
915 1254
915 1334
1213 473
1213 1967
1246 815
1246 1719
1970 592
1970 632
230 1252
230 2019
355 1415
355 110
571 290
571 1922
906 1778
906 741
329 1871
329 1578
1563 947
1563 824
374 1431
374 1088
860 320
860 1573
218 1127
218 995
2045 1204
2045 950
1302 893
1302 697
253 1800
253 1007
260 35
260 758
1764 168
1764 1402
4 1111
4 1549
1180 167
1180 1598
1030 172
1030 1534
602 262
602 1069
871 1929
871 553
300 369
300 1181
566 1094
566 597
1086 1514
1086 313
1161 901
1161 408
242 1310
242 1449
1078 839
1078 1827
781 876
781 736
1855 1701
1855 387
1292 998
1292 148
878 1394
878 478
1249 484
1249 873
1095 1014
1095 626
61 1421
61 1290
325 83
325 1939
208 1903
208 1329
1830 1774
1830 1568
471 87
471 843
1011 1734
1011 171
905 1919
905 549
482 254
482 2042
272 1974
272 631
1515 274
1515 691
1353 1776
1353 630
1961 1342
1961 231
20 334
20 581
1798 1121
1798 307
211 1978
211 1081
1508 1224
1508 932
277 1239
277 1626
114 195
114 837
554 1590
554 811
1614 258
1614 1075
1516 177
1516 717
1669 732
1669 1541
544 1982
544 209
1099 1313
1099 452
2037 1571
2037 1976
1711 618
1711 1220
2018 1253
2018 1194
1546 213
1546 1340
133 1156
133 750
1612 1613
1612 1064
69 2011
69 124
1721 1164
1721 526
507 819
507 573
178 665
178 32
1049 1405
1049 662
487 390
487 1463
477 449
477 660
977 1294
977 141
287 422
287 1247
1849 1339
1849 1318
1271 1552
1271 700
1388 1895
1388 1034
1015 801
1015 1564
552 1858
552 1458
1525 251
1525 491
2033 1554
2033 1771
12 969
12 1395
1467 1904
1467 1954
1190 98
1190 13
395 1165
395 1367
343 667
343 729
282 576
282 45
1650 896
1650 2017
1020 1178
1020 1622
1047 243
1047 1465
651 754
651 1602
1138 1523
1138 960
2031 1533
2031 988
779 1488
779 802
1286 1820
1286 39
105 1390
105 1889
1852 1666
1852 1949
1410 117
1410 674
823 448
823 50
479 62
479 772
501 1000
501 721
2014 941
2014 1864
2030 863
2030 1222
1381 1846
1381 310
1964 1484
1964 966
1265 914
1265 1740
887 1004
887 1232
1535 347
1535 987
872 880
872 1597
1 1509
1 556
1623 1461
1623 765
217 1989
217 1848
2002 528
2002 2032
1425 1763
1425 974
175 1972
175 609
293 948
293 1728
2003 2004
2003 963
164 1794
164 926
1715 622
1715 518
129 1646
129 77
683 798
683 1391
252 694
252 835
1733 560
1733 1500
170 1828
170 36
1531 1691
1531 792
1783 682
1783 1503
1576 1654
1576 1506
454 1169
454 1209
641 1106
641 1267
1337 1971
1337 680
605 1485
605 1060
1211 1336
1211 859
1844 1996
1844 1596
1448 1268
1448 1644
367 1542
367 1383
469 1979
469 787
139 1712
139 1187
677 891
677 1624
256 678
256 228
1924 686
1924 404
89 715
89 206
986 831
986 776
335 654
335 163
1628 725
1628 423
1142 1851
1142 1236
1010 1555
1010 137
326 1550
326 1413
1934 1046
1934 1352
1599 1199
1599 1177
1185 1655
1185 1456
1361 1144
1361 1825
1375 567
1375 100
928 393
928 1393
1278 1282
1278 511
1587 2009
1587 5
621 1191
621 1591
761 957
761 1914
996 731
996 1560
92 964
92 1130
628 877
628 939
1345 1722
1345 1031
1443 416
1443 112
1695 748
1695 1149
90 420
90 1122
548 1769
548 135
616 1877
616 1881
1906 1441
1906 138
68 1993
68 2006
1633 1289
1633 1411
65 1729
65 1332
1041 925
1041 1459
820 1835
820 1883
1319 1526
1319 368
363 1237
363 1946
96 931
96 1687
924 933
924 1001
879 1544
879 1610
1938 690
1938 803
699 1280
699 1879
304 130
304 588
439 91
439 1487
1385 512
1385 1686
923 1652
923 634
283 108
283 990
