63 511 17729
55 63
55 59
63 20
63 33
59 49
59 7
20 1
20 2
33 32
33 48
49 36
49 12
7 28
7 58
1 51
1 60
2 43
2 27
32 22
32 44
48 19
48 6
36 29
36 62
12 11
12 26
28 57
28 14
58 34
58 35
51 5
51 61
60 8
60 45
43 10
43 39
27 15
27 24
22 16
22 53
44 50
44 38
19 41
19 37
6 54
6 31
29 46
29 9
62 17
62 23
11 25
11 3
26 18
26 47
57 30
57 13
14 4
14 52
34 21
34 40
35 56
35 42
352 509
352 336
509 63
509 381
336 21
336 294
63 37
63 115
381 397
381 131
21 309
21 440
294 149
294 61
37 412
37 1
115 383
115 122
397 101
397 472
131 9
131 195
309 404
309 260
440 109
440 444
149 117
149 370
61 391
61 302
412 183
412 86
1 125
1 487
383 358
383 79
122 441
122 193
101 87
101 278
472 344
472 316
9 7
9 171
195 254
195 241
404 445
404 202
260 194
260 326
109 349
109 24
444 493
444 223
117 314
117 473
370 350
370 71
391 414
391 431
302 400
302 139
183 112
183 437
86 298
86 224
125 33
125 228
487 231
487 492
358 6
358 484
79 203
79 207
441 2
441 220
193 501
193 423
87 315
87 422
278 510
278 395
344 89
344 211
316 72
316 66
7 339
7 272
171 230
171 384
254 191
254 280
241 416
241 455
445 67
445 476
202 411
202 78
194 342
194 303
326 177
326 264
349 337
349 305
24 152
24 204
493 23
493 58
223 102
223 287
314 221
314 88
473 330
473 116
350 274
350 508
71 488
71 147
414 153
414 150
431 386
431 210
400 85
400 248
139 345
139 47
112 481
112 427
437 145
437 354
298 331
298 100
224 351
224 60
33 162
33 340
228 388
228 281
231 4
231 279
492 372
492 499
6 479
6 471
484 49
484 265
203 38
203 312
207 322
207 335
2 140
2 200
220 359
220 19
501 366
501 90
423 467
423 10
315 419
315 365
422 252
422 425
510 106
510 46
395 201
395 396
89 123
89 126
211 53
211 249
72 45
72 429
66 507
66 321
339 277
339 480
272 159
272 483
230 421
230 81
384 275
384 375
191 266
191 306
280 482
280 355
416 433
416 234
455 474
455 378
67 389
67 334
476 111
476 282
411 65
411 156
78 41
78 511
342 446
342 40
303 94
303 469
177 164
177 39
264 141
264 494
337 27
337 137
305 119
305 363
152 57
152 59
204 80
204 36
23 217
23 222
58 251
58 360
102 475
102 182
287 456
287 450
221 205
221 449
88 289
88 436
330 237
330 458
116 346
116 161
274 50
274 393
508 198
508 403
488 495
488 399
147 160
147 373
153 452
153 77
150 69
150 54
386 184
386 327
210 168
210 491
85 163
85 13
248 273
248 464
345 405
345 18
47 226
47 75
481 97
481 392
427 301
427 406
145 233
145 504
354 424
354 181
331 206
331 320
100 323
100 12
351 110
351 5
60 291
60 460
162 70
162 235
340 121
340 246
388 68
388 341
281 297
281 263
4 300
4 76
279 434
279 167
372 174
372 124
499 311
499 15
479 134
479 276
471 245
471 32
49 132
49 212
265 369
265 459
38 390
38 34
312 454
312 497
322 463
322 451
335 439
335 28
140 243
140 247
200 74
200 155
359 394
359 209
19 262
19 284
366 232
366 114
90 374
90 93
467 428
467 51
10 108
10 269
419 310
419 348
365 430
365 465
252 17
252 503
425 324
425 410
106 261
106 357
46 25
46 438
201 432
201 180
396 55
396 199
123 22
123 84
126 435
126 154
53 486
53 170
249 229
249 347
45 470
45 92
429 295
429 43
507 333
507 418
321 447
321 158
277 500
277 120
480 415
480 398
159 387
159 135
483 379
483 215
421 271
421 3
81 166
81 457
275 227
275 127
375 267
375 83
266 268
266 64
306 20
306 288
482 99
482 270
355 185
355 466
433 82
433 329
234 56
234 402
474 29
474 26
378 426
378 113
389 299
389 142
334 376
334 197
111 257
111 238
282 8
282 190
65 296
65 328
156 91
156 214
41 367
41 48
511 485
511 218
446 420
446 478
40 130
40 186
94 307
94 304
469 208
469 477
164 361
164 505
39 144
39 165
141 11
141 448
494 364
494 453
27 178
27 313
137 362
137 151
119 157
119 259
363 317
363 148
57 175
57 31
59 409
59 240
80 236
80 258
36 196
36 283
217 443
217 286
222 461
222 292
251 42
251 256
360 30
360 187
475 188
475 216
182 169
182 380
456 104
456 413
450 353
450 95
205 371
205 338
449 417
449 219
289 146
289 103
436 133
436 285
237 176
237 14
458 244
458 179
346 319
346 136
161 490
161 107
50 343
50 138
393 143
393 325
198 239
198 496
403 332
403 377
495 385
495 52
399 35
399 253
160 506
160 192
373 489
373 382
452 318
452 250
77 242
77 225
69 129
69 173
54 172
54 105
184 73
184 401
327 290
327 62
168 502
168 44
491 118
491 128
163 96
163 408
13 498
13 98
273 308
273 462
464 468
464 442
405 213
405 368
18 16
18 356
226 293
226 255
75 189
75 407
