255 1023 1346714
210 30
210 184
30 166
30 104
184 94
184 50
166 147
166 249
104 66
104 189
94 251
94 77
50 229
50 91
147 182
147 65
249 196
249 209
66 217
66 55
189 84
189 134
251 25
251 248
77 195
77 212
229 148
229 19
91 64
91 95
182 105
182 177
65 124
65 167
196 7
196 24
209 102
209 27
217 14
217 254
55 35
55 240
84 201
84 2
134 37
134 42
25 135
25 58
248 137
248 242
195 141
195 113
212 192
212 97
148 68
148 96
19 190
19 198
64 40
64 11
95 183
95 216
105 233
105 126
177 101
177 171
124 232
124 246
167 203
167 164
7 155
7 250
24 193
24 52
102 213
102 73
27 159
27 162
14 87
14 71
254 109
254 128
35 144
35 44
240 98
240 228
201 247
201 194
2 245
2 169
37 158
37 187
42 67
42 112
135 22
135 161
58 3
58 218
137 23
137 226
242 165
242 230
141 33
141 214
113 29
113 140
192 48
192 60
97 204
97 6
68 231
68 72
96 173
96 54
190 10
190 199
198 180
198 238
40 145
40 92
11 74
11 86
183 132
183 100
216 53
216 211
233 46
233 130
126 122
126 1
101 39
101 110
171 143
171 88
232 45
232 153
246 62
246 38
203 36
203 178
164 197
164 146
155 120
155 174
250 200
250 186
193 133
193 175
52 76
52 168
213 47
213 119
73 17
73 34
159 49
159 181
162 221
162 43
87 70
87 188
71 51
71 118
109 93
109 224
128 219
128 18
144 207
144 61
44 225
44 205
98 176
98 185
228 127
228 107
247 156
247 115
194 89
194 121
245 139
245 234
169 83
169 31
158 69
158 235
187 138
187 4
67 241
67 179
112 152
112 208
22 206
22 239
161 90
161 81
3 59
3 131
218 237
218 63
23 56
23 85
226 8
226 202
165 163
165 172
230 20
230 28
33 21
33 252
214 136
214 15
29 123
29 79
140 222
140 12
48 116
48 151
60 255
60 32
204 26
204 99
6 253
6 80
231 142
231 154
72 13
72 111
173 103
173 41
54 191
54 227
10 220
10 157
199 114
199 149
180 108
180 82
238 129
238 236
145 117
145 170
92 16
92 75
74 244
74 160
86 9
86 106
132 78
132 125
100 223
100 243
53 150
53 215
211 5
211 57
992 179
992 81
179 940
179 596
81 134
81 434
940 563
940 554
596 37
596 210
134 654
134 67
434 975
434 687
563 571
563 834
554 782
554 320
37 503
37 411
210 626
210 137
654 383
654 126
67 276
67 132
975 294
975 266
687 537
687 229
571 2
571 884
834 745
834 918
782 633
782 128
320 268
320 628
503 810
503 809
411 264
411 435
626 1016
626 912
137 151
137 15
383 188
383 372
126 950
126 384
276 996
276 668
132 88
132 462
294 55
294 106
266 102
266 17
537 898
537 156
229 445
229 615
2 118
2 542
884 11
884 345
745 216
745 565
918 783
918 749
633 968
633 402
128 390
128 234
268 887
268 803
628 388
628 765
810 1015
810 273
809 270
809 665
264 600
264 642
435 195
435 419
1016 588
1016 607
912 409
912 202
151 561
151 786
15 983
15 843
188 611
188 697
372 962
372 987
950 209
950 1017
384 150
384 382
996 285
996 805
668 901
668 185
88 44
88 555
462 330
462 733
55 454
55 29
106 979
106 1006
102 208
102 960
17 761
17 313
898 938
898 250
156 619
156 518
445 941
445 225
615 651
615 455
118 852
118 756
542 902
542 835
11 930
11 183
345 279
345 660
216 236
216 318
565 656
565 750
783 789
783 289
749 907
749 444
968 23
968 536
402 257
402 673
390 360
390 310
234 169
234 889
887 144
887 204
803 757
803 972
388 189
388 109
765 278
765 362
1015 895
1015 885
273 486
273 206
270 732
270 511
665 606
665 467
600 353
600 138
642 777
642 125
195 259
195 72
419 323
419 577
588 52
588 630
607 64
607 775
409 591
409 437
202 815
202 636
561 910
561 876
786 228
786 473
983 288
983 197
843 659
843 249
611 265
611 66
697 551
697 248
962 481
962 199
987 507
987 335
209 261
209 920
1017 812
1017 292
150 858
150 998
382 688
382 426
285 56
285 477
805 211
805 47
901 763
901 621
185 724
185 13
44 154
44 450
555 785
555 704
330 148
330 1013
733 260
733 347
454 58
454 506
29 184
29 942
979 423
979 746
1006 541
1006 173
208 349
208 832
960 664
960 540
761 1007
761 969
313 385
313 149
938 824
938 675
250 328
250 822
619 532
619 742
518 499
518 904
941 954
941 432
225 838
225 167
651 736
651 379
455 601
455 1005
852 1003
852 238
756 672
756 163
902 192
902 160
835 965
835 797
930 795
930 119
183 4
183 735
279 830
279 489
660 344
660 31
236 613
236 105
318 553
318 290
656 386
656 994
750 196
750 221
789 500
789 482
289 847
289 933
907 586
907 976
444 859
444 43
23 381
23 415
536 778
536 194
257 451
257 514
673 9
673 92
360 707
360 84
310 275
310 403
169 680
169 60
889 964
889 291
144 988
144 585
204 143
204 95
757 460
757 117
972 420
972 1010
189 715
189 39
109 395
109 393
278 521
278 42
362 510
362 794
895 120
895 883
885 218
885 993
486 939
486 539
206 990
206 766
732 7
732 410
511 431
511 329
606 1023
606 341
467 312
467 747
353 153
353 30
138 970
138 1
777 691
777 326
125 614
125 725
259 531
259 807
72 350
72 517
323 166
323 380
577 906
577 307
52 80
52 590
630 90
630 632
64 6
64 530
775 283
775 48
591 62
591 617
437 709
437 892
815 406
815 543
636 424
636 471
910 573
910 170
876 595
876 286
228 967
228 425
473 634
473 770
288 45
288 366
197 869
197 1008
659 855
659 63
249 926
249 857
265 657
265 635
66 604
66 457
551 337
551 699
248 21
248 325
481 568
481 181
199 686
199 1002
507 572
507 787
335 299
335 923
261 924
261 61
920 355
920 201
812 666
812 446
292 774
292 417
858 915
858 977
998 650
998 100
688 458
688 370
426 818
426 897
56 796
56 618
477 515
477 957
211 241
211 831
47 158
47 112
763 16
763 300
621 284
621 319
724 850
724 978
13 919
13 945
154 448
154 76
450 644
450 720
785 674
785 193
704 880
704 334
148 287
148 525
1013 46
1013 727
260 1012
260 737
347 936
347 683
58 821
58 639
506 995
506 191
184 780
184 280
942 935
942 33
423 54
423 27
746 667
746 552
541 354
541 295
173 944
173 400
349 99
349 22
832 522
832 974
664 529
664 721
540 937
540 463
1007 447
1007 176
969 375
969 695
385 997
385 814
149 1018
149 18
824 791
824 414
675 86
675 846
328 87
328 274
822 253
822 575
532 730
532 867
742 899
742 886
499 263
499 922
904 394
904 68
954 856
954 602
432 946
432 272
838 893
838 640
167 230
167 14
736 1001
736 917
379 645
379 389
601 527
601 364
1005 879
1005 161
1003 764
1003 564
238 321
238 559
672 232
672 32
163 220
163 77
192 207
192 620
160 258
160 145
965 723
965 985
797 909
797 549
795 352
795 849
119 187
119 689
4 928
4 504
735 327
735 474
830 779
830 840
489 916
489 233
344 878
344 308
31 706
31 502
613 175
613 711
105 516
105 528
553 947
553 819
290 281
290 449
386 752
386 580
994 413
994 479
196 905
196 544
221 865
221 314
500 480
500 1000
482 401
482 369
847 570
847 717
933 509
933 622
586 592
586 70
976 440
976 700
859 174
859 773
43 497
43 710
381 303
381 826
415 391
415 989
778 800
778 324
194 505
194 648
451 605
451 348
514 26
514 421
9 864
9 333
92 845
92 708
707 242
707 404
84 671
84 240
275 146
275 670
403 716
403 868
680 494
680 376
60 464
60 999
964 692
964 25
291 246
291 111
988 881
988 842
585 412
585 801
143 1011
143 387
95 483
95 49
460 317
460 597
117 136
117 958
420 222
420 682
1010 59
1010 623
715 538
715 982
39 734
39 943
395 743
395 637
393 696
393 984
521 12
521 576
42 702
42 198
510 894
510 877
794 753
794 378
120 396
120 162
883 792
883 200
218 147
218 492
993 332
993 114
939 547
939 469
539 107
539 235
990 252
990 741
766 694
766 351
7 722
7 124
410 485
410 140
431 377
431 981
329 356
329 661
1023 115
1023 760
341 759
341 663
312 1019
312 82
747 186
747 36
153 652
153 152
30 806
30 269
970 583
970 971
1 168
1 408
691 309
691 315
326 358
326 135
614 866
614 79
725 584
725 556
531 1014
531 203
807 342
807 649
350 5
350 731
517 616
517 171
166 548
166 41
380 861
380 959
906 433
906 913
307 719
307 305
80 338
80 103
590 155
590 952
90 177
90 836
632 817
632 3
6 331
6 624
530 251
530 678
283 69
283 254
48 296
48 501
62 557
62 374
617 8
617 951
709 405
709 71
892 882
892 40
406 487
406 589
543 256
543 874
424 298
424 921
471 875
471 478
573 638
573 139
170 754
170 903
595 83
595 653
286 599
286 491
967 311
967 545
425 1009
425 690
634 658
634 245
770 712
770 798
45 24
45 407
366 662
366 863
869 558
869 453
1008 793
1008 498
855 908
855 316
63 247
63 598
926 357
926 961
857 397
857 75
657 729
657 841
635 340
635 430
604 784
604 560
457 872
457 890
337 293
337 768
699 159
699 363
21 524
21 772
325 963
325 603
568 693
568 627
181 629
181 508
686 484
686 470
1002 610
1002 953
572 896
572 488
787 190
787 534
299 788
299 456
923 728
923 991
924 297
924 837
61 178
61 255
355 799
355 282
201 593
201 848
666 685
666 392
446 371
446 219
774 438
774 98
417 20
417 214
915 361
915 227
977 57
977 267
650 813
650 829
100 790
100 578
458 949
458 277
370 744
370 676
818 85
818 165
897 698
897 182
796 1004
796 131
618 465
618 582
515 365
515 215
957 513
957 439
241 116
241 567
831 223
831 816
158 776
158 911
112 436
112 94
16 900
16 243
300 459
300 244
284 495
284 74
319 701
319 609
850 844
850 703
978 853
978 973
919 1020
919 96
945 367
945 808
448 416
448 212
76 713
76 442
644 714
644 533
720 121
720 669
674 122
674 104
193 740
193 948
880 476
880 562
334 141
334 925
287 123
287 490
525 108
525 986
46 802
46 684
727 262
727 226
1012 422
1012 336
737 373
737 461
936 748
936 1021
683 927
683 519
821 625
821 870
639 339
639 428
995 956
995 932
191 608
191 767
780 50
780 574
280 468
280 955
935 322
935 860
33 51
33 631
54 466
54 641
27 142
27 224
667 980
667 929
552 205
552 65
354 931
354 804
295 19
295 871
944 91
944 643
400 966
400 93
99 35
99 452
22 213
22 825
522 762
522 828
974 343
974 78
529 839
529 1022
721 475
721 97
937 164
937 566
463 612
463 302
447 10
447 781
176 301
176 129
375 771
375 520
695 89
695 304
997 594
997 239
814 862
814 180
1018 934
1018 647
18 306
18 38
791 726
791 127
414 441
414 891
86 758
86 535
846 523
846 429
87 472
87 811
274 493
274 820
253 851
253 53
575 113
575 359
730 827
730 587
867 133
867 399
899 398
899 110
886 546
886 579
263 130
263 231
922 28
922 368
394 833
394 512
68 427
68 823
856 496
856 914
602 569
602 755
946 581
946 718
272 271
272 677
893 34
893 738
640 550
640 217
230 679
230 237
14 873
14 655
1001 739
1001 443
917 705
917 73
645 888
645 418
389 751
389 346
527 854
527 526
364 101
364 769
879 172
879 157
161 681
161 646
