1023 1023 1
943 399
943 486
399 934
399 327
486 689
486 21
934 252
934 973
327 226
327 768
689 537
689 766
21 584
21 804
252 981
252 309
973 994
973 909
226 65
226 7
768 611
768 935
537 932
537 562
766 577
766 644
584 890
584 354
804 728
804 316
981 825
981 819
309 1002
309 683
994 1018
994 8
909 104
909 405
65 269
65 142
7 962
7 727
611 136
611 765
935 755
935 323
932 1019
932 384
562 90
562 758
577 759
577 147
644 186
644 56
890 4
890 60
354 165
354 382
728 782
728 86
316 193
316 513
825 849
825 223
819 282
819 817
1002 764
1002 966
683 248
683 41
1018 901
1018 566
8 302
8 414
104 858
104 696
405 860
405 734
269 937
269 628
142 336
142 475
962 593
962 662
727 979
727 436
136 81
136 158
765 344
765 589
755 546
755 482
323 744
323 281
1019 929
1019 788
384 45
384 137
90 448
90 459
758 991
758 1
759 946
759 578
147 206
147 984
186 77
186 1005
56 967
56 169
4 62
4 792
60 468
60 253
165 762
165 385
382 863
382 194
782 299
782 239
86 655
86 496
193 996
193 160
513 910
513 305
849 669
849 406
223 48
223 116
282 140
282 366
817 378
817 6
764 491
764 23
966 394
966 83
248 188
248 563
41 596
41 651
901 72
901 34
566 886
566 419
302 63
302 84
414 801
414 236
858 778
858 843
696 476
696 110
860 531
860 245
734 608
734 881
937 747
937 614
628 57
628 1009
336 926
336 135
475 261
475 776
593 51
593 106
662 840
662 367
979 82
979 377
436 497
436 130
81 724
81 303
158 319
158 539
344 355
344 585
589 733
589 950
546 202
546 895
482 660
482 290
744 529
744 301
281 12
281 875
929 121
929 704
788 983
788 805
45 493
45 770
137 877
137 775
448 1001
448 99
459 974
459 541
991 362
991 784
1 616
1 661
946 489
946 457
578 224
578 254
206 506
206 310
984 657
984 813
77 348
77 492
1005 195
1005 190
967 263
967 70
169 857
169 636
62 715
62 914
792 98
792 443
468 821
468 712
253 893
253 488
762 617
762 995
385 306
385 37
863 602
863 507
194 742
194 726
299 173
299 92
239 891
239 848
655 829
655 102
496 786
496 508
996 271
996 504
160 352
160 933
910 702
910 977
305 410
305 716
669 663
669 897
406 266
406 356
48 835
48 793
116 228
116 824
140 542
140 241
366 487
366 795
378 874
378 1004
6 333
6 694
491 1010
491 417
23 466
23 230
394 172
394 68
83 815
83 69
188 674
188 272
563 649
563 990
596 25
596 944
651 732
651 952
72 163
72 235
34 679
34 713
886 601
886 11
419 722
419 900
63 369
63 64
84 201
84 803
801 907
801 668
236 750
236 904
778 757
778 270
843 331
843 752
476 823
476 421
110 547
110 604
531 590
531 446
245 512
245 156
608 656
608 864
881 155
881 267
747 434
747 435
614 773
614 14
57 845
57 274
1009 785
1009 645
926 5
926 888
135 416
135 209
261 643
261 624
776 124
776 251
51 1011
51 568
106 519
106 22
840 210
840 892
367 138
367 229
82 438
82 698
377 884
377 902
497 930
497 659
130 55
130 42
724 551
724 745
303 61
303 911
319 846
319 576
539 947
539 960
355 535
355 415
585 945
585 526
733 397
733 125
950 538
950 96
202 177
202 641
895 293
895 665
660 894
660 606
290 243
290 639
529 39
529 304
301 58
301 871
12 906
12 452
875 594
875 284
121 951
121 640
704 1016
704 346
983 552
983 540
805 343
805 262
493 828
493 956
770 479
770 119
877 454
877 516
775 592
775 460
1001 532
1001 379
99 638
99 178
974 418
974 30
541 955
541 453
362 523
362 839
784 997
784 161
616 842
616 1006
661 703
661 472
489 740
489 868
457 838
457 919
224 222
224 591
254 122
254 291
506 237
506 827
310 672
310 307
657 686
657 575
813 619
813 737
348 391
348 199
492 802
492 485
195 66
195 185
190 179
190 730
263 746
263 280
70 673
70 520
857 205
857 666
636 779
636 197
715 816
715 495
914 818
914 834
98 588
98 189
443 807
443 428
821 16
821 424
712 850
712 521
893 924
893 678
488 35
488 627
617 89
617 317
995 287
995 992
306 741
306 565
37 350
37 52
602 899
602 389
507 629
507 917
742 787
742 470
726 949
726 218
173 413
173 1000
92 856
92 772
891 340
891 711
848 471
848 246
829 238
829 100
102 959
102 373
786 94
786 395
508 232
508 896
271 257
271 853
504 159
504 59
352 524
352 723
933 300
933 330
702 376
702 207
977 402
977 167
410 898
410 800
716 234
716 1023
663 38
663 671
897 308
897 559
266 204
266 368
356 609
356 790
835 690
835 633
793 294
793 999
228 221
228 808
824 103
824 50
542 215
542 569
241 463
241 642
487 543
487 515
795 313
795 557
874 2
874 879
1004 101
1004 334
333 597
333 164
694 311
694 548
1010 32
1010 862
417 324
417 467
466 789
466 296
230 794
230 941
172 349
172 697
68 953
68 401
815 93
815 866
69 425
69 392
674 411
674 612
272 114
272 151
649 631
649 483
990 626
990 579
25 832
25 505
944 451
944 403
732 876
732 441
952 107
952 256
163 709
163 227
235 285
235 15
679 957
679 462
713 882
713 200
601 259
601 439
11 231
11 358
722 295
722 456
900 40
900 510
369 685
369 658
64 24
64 719
201 708
201 113
803 769
803 544
907 748
907 931
668 717
668 387
750 46
750 357
904 422
904 432
757 725
757 993
270 247
270 203
331 240
331 975
752 798
752 968
823 560
823 705
421 134
421 854
547 97
547 214
604 918
604 707
590 361
590 353
446 480
446 242
512 47
512 781
156 359
156 583
656 381
656 806
864 326
864 767
155 699
155 128
267 109
267 196
434 53
434 250
435 873
435 605
773 922
773 581
14 989
14 318
845 465
845 67
274 634
274 971
785 965
785 265
645 751
645 654
5 429
5 297
888 1014
888 988
416 618
416 530
209 572
209 494
643 820
643 18
624 146
624 499
124 1012
124 646
251 925
251 796
1011 120
1011 650
568 168
568 555
519 623
519 166
22 780
22 610
210 749
210 615
892 1015
892 761
138 315
138 258
229 80
229 754
438 561
438 720
698 449
698 706
884 880
884 809
902 329
902 700
930 337
930 920
659 777
659 942
55 811
55 714
42 288
42 534
551 335
551 75
745 948
745 739
61 738
61 289
911 677
911 533
846 837
846 599
576 682
576 607
947 458
947 19
960 913
960 187
535 980
535 1013
415 964
415 916
945 870
945 279
526 216
526 921
397 398
397 225
125 729
125 812
538 667
538 998
96 328
96 1003
177 851
177 31
641 830
641 500
293 613
293 923
665 380
665 184
894 149
894 437
606 450
606 502
243 573
243 695
639 371
639 420
39 963
39 554
304 154
304 365
58 912
58 44
871 123
871 621
906 954
906 484
452 219
452 625
594 836
594 771
284 756
284 208
951 36
951 664
640 273
640 939
1016 364
1016 126
346 440
346 831
552 400
552 522
540 133
540 797
343 17
343 908
262 157
262 869
828 630
828 688
956 445
956 940
479 653
479 143
119 833
119 131
454 264
454 701
516 648
516 220
592 987
592 174
460 938
460 180
532 564
532 338
379 536
379 211
638 903
638 150
178 10
178 26
418 339
418 360
30 20
30 517
955 763
955 386
453 363
453 928
523 571
523 498
839 1020
839 525
997 473
997 255
161 49
161 393
842 603
842 78
1006 556
1006 490
703 1008
703 345
472 731
472 514
740 527
740 129
868 181
868 351
838 883
838 587
919 76
919 314
222 982
222 511
591 112
591 760
122 545
122 244
291 961
291 710
237 550
237 233
827 652
827 570
672 404
672 518
307 213
307 85
686 855
686 322
575 91
575 841
619 889
619 600
737 670
737 249
391 433
391 33
199 375
199 370
802 927
802 580
485 905
485 162
66 675
66 687
185 474
185 861
179 298
179 118
730 283
730 887
746 408
746 501
280 71
280 108
673 423
673 455
520 426
520 826
205 260
205 176
666 276
666 105
779 390
779 79
197 635
197 676
816 73
816 647
495 141
495 278
818 558
818 9
834 783
834 95
588 791
588 192
189 88
189 567
807 409
807 632
428 477
428 852
16 1007
16 549
424 139
424 721
850 1022
850 553
521 1017
521 320
924 383
924 847
678 431
678 1021
35 430
35 321
627 29
627 970
89 145
89 976
317 478
317 859
287 822
287 574
992 481
992 637
741 407
741 191
565 127
565 799
350 332
350 3
52 115
52 341
899 582
899 867
389 388
389 54
629 374
629 622
917 878
917 969
787 736
787 292
470 872
470 111
949 774
949 844
218 598
218 87
413 27
413 464
1000 427
1000 503
856 735
856 461
772 212
772 693
340 681
340 28
711 268
711 198
471 148
471 885
246 152
246 347
238 718
238 312
100 182
100 447
959 692
959 958
373 396
373 528
94 985
94 74
395 444
395 13
232 684
232 153
896 810
896 170
257 595
257 144
853 277
853 915
159 586
159 469
59 620
59 217
524 743
524 171
723 132
723 342
300 275
300 936
330 986
330 509
376 753
376 183
207 43
207 325
402 117
402 691
167 865
167 175
898 814
898 442
800 286
800 978
234 372
234 680
1023 972
1023 412
821 273
821 594
273 347
273 391
594 464
594 751
347 745
347 107
391 90
391 209
464 991
464 548
751 1000
751 201
745 723
745 297
107 454
107 791
90 502
90 12
209 463
209 300
991 490
991 352
548 755
548 857
1000 449
1000 529
201 412
201 646
723 509
723 945
297 829
297 473
454 925
454 229
791 35
791 372
502 537
502 276
12 573
12 299
463 638
463 185
300 418
300 522
490 605
490 761
352 598
352 937
755 874
755 103
857 570
857 348
449 434
449 249
529 681
529 768
412 261
412 843
646 980
646 32
509 524
509 238
945 252
945 289
829 398
829 377
473 899
473 123
925 474
925 356
229 346
229 585
35 66
35 340
372 642
372 203
537 665
537 363
276 319
276 486
573 1023
573 476
299 101
299 394
638 179
638 989
185 868
185 733
418 692
418 547
522 928
522 294
605 671
605 94
761 292
761 134
598 55
598 626
937 25
937 80
874 608
874 766
103 189
103 92
570 48
570 407
348 879
348 650
434 756
434 108
249 130
249 482
681 440
681 820
768 618
768 975
261 512
261 265
843 480
843 769
980 711
980 592
32 311
32 517
524 1001
524 64
238 813
238 668
252 918
252 589
289 812
289 894
398 131
398 525
377 898
377 951
899 435
899 1009
123 679
123 612
474 334
474 45
356 232
356 145
346 508
346 49
585 100
585 709
66 385
66 694
340 713
340 4
642 85
642 853
203 426
203 575
665 514
665 506
363 306
363 58
319 295
319 213
486 443
486 927
1023 415
1023 629
476 479
476 772
101 228
101 364
394 510
394 240
179 935
179 915
989 968
989 30
868 712
868 930
733 298
733 896
692 921
692 741
547 703
547 503
928 698
928 304
294 150
294 501
671 188
671 717
94 799
94 500
292 282
292 953
134 533
134 675
55 670
55 788
626 155
626 842
25 29
25 519
80 827
80 729
608 301
608 845
766 216
766 940
189 822
189 1007
92 590
92 504
48 330
48 735
407 210
407 165
879 888
879 461
650 664
650 411
756 636
756 197
108 154
108 620
130 357
130 750
482 23
482 875
440 82
440 483
820 809
820 458
618 296
618 149
975 386
975 65
512 718
512 215
265 587
265 230
480 739
480 174
769 997
769 1020
711 198
711 469
592 160
592 178
311 824
311 926
517 31
517 674
1001 39
1001 488
64 557
64 701
813 539
813 457
668 220
668 268
918 148
918 625
589 61
589 187
812 684
812 380
894 251
894 293
131 886
131 129
525 22
525 74
898 445
898 666
951 314
951 645
435 628
435 219
1009 992
1009 20
679 805
679 447
612 180
612 1004
334 639
334 81
45 244
45 183
232 518
232 795
145 471
145 767
508 942
508 378
49 332
49 161
100 338
100 660
709 797
709 448
385 270
385 287
694 836
694 286
713 112
713 705
4 528
4 734
85 922
85 1016
853 431
853 302
426 840
426 132
575 144
575 142
514 41
514 901
506 404
506 690
306 285
306 291
58 212
58 948
295 308
295 860
213 949
213 969
443 451
443 753
927 343
927 181
415 889
415 742
629 883
629 909
479 192
479 119
772 452
772 118
228 339
228 959
364 128
364 331
510 993
510 986
240 990
240 326
935 785
935 37
915 550
915 122
968 586
968 916
30 531
30 158
712 677
712 983
930 747
930 224
298 693
298 542
896 307
896 168
921 970
921 841
741 146
741 792
703 804
703 184
503 657
503 309
698 647
698 877
304 5
304 663
150 971
150 651
501 62
501 177
188 53
188 423
717 470
717 275
799 368
799 52
500 96
500 890
282 389
282 328
953 484
953 171
533 374
533 110
675 117
675 256
670 856
670 283
788 325
788 732
155 205
155 359
842 369
842 351
29 728
29 361
519 601
519 46
827 459
827 147
729 789
729 719
301 410
301 234
845 848
845 137
216 743
216 433
940 561
940 114
822 725
822 138
1007 861
1007 765
590 70
590 253
504 341
504 99
330 800
330 707
735 597
735 1018
210 607
210 136
165 40
165 34
888 869
888 428
461 885
461 808
664 644
664 97
411 527
411 360
636 89
636 182
197 91
197 762
154 614
154 591
620 497
620 422
357 828
357 565
750 652
750 204
23 429
23 621
875 489
875 227
82 267
82 362
483 606
483 630
809 782
809 59
458 477
458 908
296 865
296 967
149 450
149 995
386 534
386 691
65 764
65 779
718 917
718 441
215 914
215 759
587 834
587 153
230 400
230 170
739 436
739 783
174 214
174 113
997 568
997 699
1020 687
1020 632
198 535
198 2
469 610
469 408
160 493
160 156
178 195
178 337
824 672
824 246
926 936
926 569
31 84
31 802
674 274
674 18
39 658
39 653
488 419
488 854
557 9
557 116
701 944
701 961
539 1017
539 576
457 654
457 803
220 771
220 731
268 254
268 863
148 838
148 891
625 305
625 726
61 38
61 505
187 19
187 754
684 237
684 839
380 807
380 946
251 558
251 609
293 634
293 740
886 327
886 1019
129 777
129 233
22 887
22 172
74 835
74 749
445 715
445 667
666 323
666 996
314 515
314 641
645 773
645 260
628 546
628 358
219 163
219 648
992 852
992 676
20 1015
20 313
805 985
805 737
447 472
447 757
180 897
180 819
1004 933
1004 169
639 494
639 250
81 14
81 536
244 111
244 271
183 851
183 563
518 964
518 700
795 126
795 721
471 984
471 393
767 355
767 279
942 624
942 102
378 303
378 775
332 455
332 93
161 826
161 787
338 17
338 1005
660 481
660 125
797 619
797 540
448 643
448 1013
270 602
270 259
287 850
287 365
836 815
836 353
286 498
286 1003
112 475
112 538
705 847
705 978
528 560
528 288
734 941
734 545
922 955
922 405
1016 26
1016 3
431 776
431 774
302 859
302 442
840 511
840 95
132 16
132 611
144 934
144 748
142 582
142 871
41 878
41 427
901 226
901 7
404 72
404 406
690 460
690 555
285 106
285 744
291 33
291 635
212 202
212 669
948 520
948 420
308 381
308 832
860 588
860 139
949 317
949 913
969 973
969 468
451 47
451 910
753 730
753 42
343 21
343 811
181 466
181 403
889 284
889 932
742 162
742 943
883 376
883 223
909 554
909 583
192 567
192 1010
119 329
119 817
452 207
452 727
118 831
118 373
339 315
339 278
959 873
959 770
128 354
128 844
331 866
331 264
993 175
993 957
986 962
986 790
990 88
990 541
326 623
326 562
785 242
785 236
37 485
37 417
550 396
550 814
122 577
122 13
586 818
586 825
916 521
916 413
531 467
531 200
158 438
158 425
677 336
677 1012
983 686
983 390
747 50
747 923
224 956
224 401
693 720
693 683
542 907
542 549
307 794
307 127
168 143
168 526
970 696
970 186
841 963
841 939
146 760
146 972
792 867
792 402
804 855
804 1006
184 78
184 277
657 321
657 414
309 141
309 904
647 950
647 911
877 383
877 367
5 8
5 239
663 487
663 862
971 793
971 954
651 1002
651 947
62 780
62 133
177 810
177 316
53 258
53 409
423 603
423 1
470 920
470 738
275 318
275 262
368 424
368 876
52 752
52 221
96 543
96 257
890 960
890 290
389 902
389 196
328 63
328 662
484 57
484 462
171 208
171 988
374 564
374 688
110 678
110 24
117 982
117 552
256 837
256 695
856 704
856 218
283 350
283 974
325 655
325 746
732 36
732 1008
205 51
205 976
359 714
359 881
369 981
369 581
351 399
351 846
728 994
728 593
361 191
361 499
601 335
601 492
46 173
46 496
459 206
459 716
147 416
147 906
789 544
789 54
719 28
719 600
410 269
410 75
234 631
234 231
848 105
848 322
137 781
137 892
743 530
743 79
433 397
433 140
561 616
561 595
114 736
114 806
725 763
725 572
138 67
138 193
861 491
861 211
765 1011
765 395
70 864
70 68
253 872
253 697
341 225
341 235
99 465
99 958
800 135
800 830
707 622
707 965
597 73
597 60
1018 615
1018 578
607 87
607 786
136 167
136 929
40 199
40 263
34 310
34 266
869 387
869 952
428 121
428 858
885 682
885 1014
808 11
808 333
644 453
644 580
97 159
97 245
527 222
527 784
360 596
360 437
89 281
89 10
182 43
182 280
91 870
91 884
762 801
762 6
614 27
614 151
591 977
591 109
497 516
497 217
422 507
422 432
828 559
828 661
565 931
565 375
652 659
652 798
204 272
204 166
429 649
429 248
621 627
621 342
489 574
489 444
227 120
227 194
267 722
267 571
362 190
362 379
606 345
606 903
630 495
630 706
782 388
782 987
59 446
59 324
477 255
477 905
908 724
908 685
865 76
865 758
967 382
967 1021
450 966
450 979
995 241
995 640
534 392
534 924
691 349
691 157
764 833
764 919
779 579
779 86
917 912
917 895
441 556
441 708
914 999
914 689
759 584
759 1022
834 599
834 880
153 176
153 998
400 532
400 152
170 702
170 551
436 680
436 796
783 83
783 778
214 553
214 478
113 366
113 69
568 439
568 430
699 44
699 637
687 71
687 613
632 384
632 243
535 77
535 371
2 456
2 523
610 104
610 849
408 710
408 15
493 604
493 421
156 617
156 320
195 247
195 673
337 656
337 816
672 115
672 633
246 164
246 882
936 893
936 370
569 823
569 56
84 124
84 98
802 938
802 900
274 566
274 312
18 344
18 513
