7 1023 19
1 3
1 4
3 2
3 5
4 7
4 6
154 936
154 246
936 99
936 510
246 593
246 856
99 528
99 42
510 829
510 886
593 337
593 837
856 600
856 1016
528 517
528 341
42 792
42 392
829 588
829 579
886 379
886 800
337 179
337 453
837 386
837 143
600 503
600 66
1016 634
1016 486
517 458
517 863
341 725
341 747
792 847
792 86
392 860
392 302
588 492
588 516
579 589
579 402
379 201
379 14
800 212
800 880
179 101
179 732
453 13
453 347
386 339
386 211
143 116
143 351
503 1010
503 912
66 939
66 271
634 448
634 665
486 191
486 8
458 919
458 941
863 724
863 612
725 850
725 909
747 815
747 363
847 304
847 80
86 915
86 150
860 659
860 361
302 241
302 603
492 926
492 27
516 955
516 278
589 239
589 664
402 270
402 678
201 109
201 279
14 426
14 472
212 206
212 868
880 194
880 202
101 930
101 352
732 193
732 597
13 207
13 389
347 391
347 314
339 951
339 550
211 238
211 596
116 513
116 105
351 183
351 567
1010 250
1010 410
912 858
912 780
939 243
939 781
271 592
271 644
448 88
448 793
665 122
665 46
191 987
191 185
8 693
8 649
919 227
919 87
941 81
941 789
724 113
724 802
612 225
612 169
850 718
850 975
909 712
909 757
815 294
815 771
363 286
363 922
304 533
304 844
80 766
80 799
915 480
915 91
150 663
150 200
659 686
659 468
361 203
361 737
241 77
241 387
603 814
603 364
926 940
926 51
27 788
27 591
955 617
955 816
278 220
278 676
239 284
239 751
664 161
664 260
270 587
270 296
678 536
678 478
109 301
109 862
279 237
279 655
426 720
426 332
472 455
472 403
206 785
206 893
868 730
868 59
194 787
194 132
202 719
202 928
930 565
930 249
352 367
352 584
193 691
193 839
597 45
597 705
207 892
207 545
389 739
389 542
391 710
391 570
314 60
314 421
951 917
951 786
550 956
550 233
238 97
238 418
596 390
596 887
513 722
513 733
105 36
105 707
183 292
183 197
567 55
567 47
250 75
250 982
410 131
410 15
858 692
858 155
780 1015
780 717
243 623
243 309
781 741
781 274
592 196
592 393
644 145
644 57
88 507
88 938
793 832
793 891
122 232
122 346
46 182
46 813
987 103
987 983
185 165
185 823
693 991
693 406
649 2
649 643
227 627
227 329
87 761
87 763
81 541
81 801
789 835
789 564
113 383
113 90
802 969
802 963
225 299
225 120
169 380
169 222
718 988
718 422
975 430
975 633
712 30
712 979
757 628
757 992
294 831
294 843
771 502
771 308
286 488
286 743
922 609
922 319
533 713
533 511
844 335
844 437
766 897
766 1018
799 12
799 514
480 102
480 620
91 700
91 575
663 626
663 104
200 532
200 83
686 268
686 3
468 67
468 703
203 672
203 362
737 452
737 572
77 548
77 636
387 405
387 277
814 456
814 425
364 447
364 615
940 624
940 647
51 549
51 248
788 964
788 144
591 186
591 303
617 39
617 82
816 1009
816 1004
220 622
220 907
676 694
676 26
284 911
284 791
751 84
751 970
161 358
161 25
260 121
260 704
587 115
587 365
296 721
296 333
536 864
536 423
478 523
478 24
301 563
301 853
862 1023
862 852
237 377
237 914
655 877
655 231
720 605
720 414
332 842
332 820
455 16
455 607
403 146
403 95
785 312
785 878
893 338
893 219
730 611
730 419
59 174
59 429
787 384
787 776
132 768
132 125
719 974
719 412
928 221
928 70
565 526
565 618
249 1013
249 715
367 585
367 374
584 1020
584 828
691 177
691 282
839 965
839 477
45 973
45 40
705 935
705 445
892 373
892 995
545 53
545 230
739 968
739 948
542 561
542 547
710 629
710 942
570 253
570 176
60 630
60 855
421 85
421 293
917 698
917 834
786 695
786 255
956 382
956 29
233 148
233 506
97 466
97 997
418 107
418 754
390 501
390 934
887 797
887 106
722 538
722 417
733 759
733 228
36 498
36 376
707 621
707 272
292 137
292 543
197 167
197 729
55 573
55 327
47 883
47 1002
75 217
75 114
982 487
982 616
131 281
131 947
15 441
15 156
692 172
692 738
155 760
155 407
1015 9
1015 637
717 413
717 290
623 128
623 316
309 483
309 639
741 728
741 142
274 368
274 62
196 972
196 556
393 305
393 687
145 827
145 569
57 885
57 117
507 906
507 916
938 141
938 157
832 986
832 756
891 495
891 158
232 614
232 450
346 462
346 613
182 574
182 925
813 213
813 539
103 560
103 902
983 681
983 494
165 680
165 199
823 978
823 646
991 427
991 819
406 1003
406 159
2 642
2 38
643 269
643 474
627 994
627 48
329 331
329 610
761 726
761 96
763 431
763 58
541 318
541 520
801 875
801 258
835 490
835 283
564 670
564 865
383 998
383 898
90 438
90 223
969 381
969 89
963 709
963 229
299 336
299 298
120 43
120 275
380 251
380 5
222 577
222 79
988 535
988 654
422 497
422 777
430 1007
430 73
633 826
633 838
30 679
30 859
979 562
979 671
628 307
628 555
992 416
992 204
831 619
831 94
843 434
843 262
502 727
502 581
308 1011
308 493
488 908
488 990
743 464
743 809
609 871
609 881
319 833
319 690
713 108
713 900
511 594
511 529
335 451
335 52
437 904
437 489
897 923
897 32
1018 317
1018 153
12 428
12 198
514 252
514 557
102 782
102 273
620 74
620 242
700 894
700 553
575 525
575 518
626 461
626 226
104 540
104 818
532 463
532 127
83 772
83 952
268 481
268 321
3 888
3 93
67 645
67 653
703 927
703 10
672 467
672 836
362 635
362 23
452 870
452 439
572 696
572 910
548 524
548 854
636 350
636 224
405 746
405 872
277 716
277 56
456 794
456 50
425 31
425 311
447 706
447 822
615 344
615 857
624 749
624 411
647 905
647 805
549 701
549 369
248 195
248 595
964 11
964 846
144 953
144 126
186 110
186 845
303 901
303 112
39 443
39 257
82 449
82 641
1009 566
1009 261
1004 640
1004 961
622 385
622 966
907 65
907 398
694 551
694 35
26 767
26 287
911 409
911 118
791 300
791 134
84 178
84 322
970 989
970 774
358 631
358 19
25 4
25 783
121 192
121 1
704 78
704 515
115 971
115 440
365 748
365 632
721 796
721 234
333 28
333 1005
864 375
864 667
423 216
423 899
523 256
523 810
24 136
24 187
563 685
563 666
853 861
853 954
1023 500
1023 205
852 807
852 714
377 171
377 326
914 20
914 485
877 1014
877 537
231 798
231 769
605 63
605 586
414 764
414 657
842 476
842 349
820 343
820 371
16 214
16 354
607 404
607 742
146 151
146 750
95 638
95 559
312 697
312 946
878 162
878 985
338 933
338 921
219 656
219 124
611 471
611 444
419 602
419 558
174 295
174 534
429 17
429 499
384 446
384 328
776 459
776 918
768 254
768 147
125 330
125 734
974 790
974 334
412 310
412 348
221 967
221 175
70 931
70 388
526 661
526 508
618 683
618 315
1013 583
1013 21
715 457
715 291
585 648
585 658
374 866
374 873
1020 475
1020 811
828 1000
828 240
177 932
177 929
282 578
282 590
965 491
965 958
477 812
477 913
973 245
973 1017
40 139
40 353
935 758
935 770
445 849
445 682
373 840
373 544
995 181
995 345
53 340
53 267
230 527
230 435
968 775
968 677
948 660
948 100
561 879
561 554
547 867
547 519
629 370
629 674
942 601
942 848
253 244
253 37
176 34
176 890
630 180
630 920
855 945
855 869
85 662
85 280
293 803
293 149
698 762
698 188
834 552
834 1008
695 397
695 521
255 876
255 735
382 465
382 285
29 773
29 436
148 263
148 130
506 1001
506 41
466 976
466 259
997 568
997 896
107 356
107 400
754 504
754 944
501 44
501 598
934 98
934 119
797 152
797 943
106 580
106 980
538 129
538 325
417 576
417 401
759 1022
759 996
228 72
228 673
498 889
498 18
376 699
376 210
621 264
621 512
272 903
272 684
137 924
137 265
543 168
543 408
167 76
167 1012
729 1021
729 650
573 731
573 432
327 804
327 708
883 668
883 209
1002 882
1002 711
217 950
217 959
114 723
114 306
487 469
487 342
616 190
616 399
281 688
281 394
947 755
947 702
441 1006
441 123
156 424
156 669
172 324
172 604
738 163
738 357
760 505
760 138
407 460
407 166
9 582
9 396
637 33
637 830
413 236
413 372
290 736
290 651
128 999
128 164
316 160
316 745
483 355
483 531
639 473
639 784
728 359
728 625
142 806
142 395
368 22
368 69
62 54
62 276
972 608
972 752
556 606
556 7
305 454
305 133
687 765
687 937
827 993
827 189
569 288
569 420
885 6
885 140
117 808
117 496
906 173
906 61
916 795
916 71
141 599
141 289
157 320
157 509
986 208
986 92
756 68
756 981
495 111
495 744
158 433
158 984
614 530
614 652
450 1019
450 778
462 884
462 960
613 825
613 522
574 297
574 479
925 962
925 821
213 851
213 247
539 49
539 740
560 675
560 415
902 977
902 135
681 841
681 895
494 360
494 817
680 378
680 949
199 824
199 482
978 484
978 546
646 470
646 442
427 957
427 571
819 874
819 366
1003 64
1003 753
159 266
159 323
642 235
642 184
38 215
38 170
269 689
269 779
474 313
474 218
