255 255 41
254 80
254 197
80 166
80 244
197 236
197 38
166 65
166 243
244 177
244 32
236 140
236 60
38 112
38 170
65 36
65 255
243 182
243 190
177 90
177 25
32 115
32 59
140 70
140 217
60 43
60 156
112 55
112 2
170 198
170 155
36 104
36 173
255 11
255 114
182 16
182 102
190 34
190 30
90 5
90 86
25 18
25 26
115 8
115 251
59 13
59 4
70 238
70 120
217 158
217 58
43 145
43 202
156 137
156 179
55 7
55 83
2 29
2 67
198 110
198 105
155 162
155 232
104 219
104 165
173 154
173 246
11 63
11 187
114 35
114 54
16 41
16 167
102 56
102 172
34 144
34 96
30 176
30 222
5 237
5 250
86 74
86 207
18 186
18 192
26 45
26 48
8 141
8 61
251 225
251 204
13 239
13 42
4 85
4 223
238 201
238 227
120 139
120 184
158 153
158 62
58 148
58 84
145 53
145 205
202 151
202 215
137 78
137 211
179 10
179 121
7 138
7 189
83 183
83 216
29 224
29 191
67 253
67 103
110 12
110 168
105 203
105 247
162 248
162 218
232 111
232 193
219 233
219 178
165 31
165 81
154 73
154 93
246 124
246 94
63 47
63 33
187 28
187 126
35 22
35 180
54 149
54 230
41 98
41 1
167 195
167 99
56 109
56 19
172 161
172 214
144 147
144 142
96 134
96 40
176 27
176 194
222 118
222 64
237 208
237 107
250 129
250 143
74 37
74 212
207 163
207 50
186 245
186 15
192 160
192 231
45 213
45 79
48 14
48 175
141 210
141 82
61 131
61 242
225 39
225 226
204 127
204 108
239 199
239 100
42 75
42 164
85 235
85 159
223 150
223 6
201 241
201 133
227 89
227 119
139 228
139 128
184 206
184 23
153 169
153 181
62 174
62 200
148 196
148 51
84 69
84 57
53 234
53 116
205 17
205 76
151 125
151 20
215 123
215 249
78 136
78 87
211 24
211 132
10 21
10 52
121 97
121 71
138 91
138 157
189 122
189 3
183 252
183 66
216 72
216 68
224 171
224 95
191 46
191 9
253 209
253 117
103 188
103 185
12 130
12 106
168 221
168 49
203 101
203 135
247 229
247 113
248 88
248 92
218 220
218 152
111 240
111 44
193 77
193 146
255 98
255 176
98 30
98 50
176 82
176 174
30 4
30 160
50 55
50 211
82 89
82 233
174 206
174 51
4 84
4 102
160 223
160 101
55 57
55 204
211 17
211 14
89 15
89 136
233 110
233 161
206 61
206 45
51 238
51 35
84 60
84 111
102 94
102 122
223 71
223 88
101 203
101 8
57 222
57 246
204 93
204 243
17 97
17 140
14 11
14 230
15 163
15 143
136 168
136 108
110 113
110 170
161 132
161 124
61 213
61 245
45 153
45 201
238 179
238 79
35 49
35 225
60 177
60 52
111 154
111 135
94 252
94 43
122 188
122 133
71 48
71 67
88 221
88 190
203 5
203 9
8 236
8 121
222 216
222 104
246 23
246 24
93 21
93 46
243 224
243 25
97 95
97 37
140 72
140 125
11 159
11 58
230 86
230 157
163 169
163 173
143 38
143 112
168 76
168 232
108 87
108 99
113 100
113 106
170 210
170 20
132 239
132 19
124 119
124 29
213 117
213 165
245 209
245 229
153 248
153 134
201 107
201 231
179 200
179 114
79 69
79 10
49 197
49 208
225 191
225 171
177 182
177 251
52 164
52 151
154 187
154 27
135 105
135 42
252 32
252 189
43 74
43 202
188 59
188 227
133 7
133 16
48 77
48 28
67 127
67 22
221 90
221 240
190 56
190 147
5 68
5 149
9 145
9 167
236 126
236 148
121 155
121 183
216 184
216 131
104 158
104 219
23 44
23 194
24 63
24 13
21 1
21 65
46 2
46 195
224 249
224 130
25 92
25 33
95 214
95 235
37 199
37 26
72 162
72 115
125 75
125 3
159 156
159 180
58 244
58 80
86 6
86 247
157 186
157 254
169 241
169 96
173 120
173 217
38 70
38 205
112 198
112 253
76 83
76 218
232 196
232 66
87 128
87 129
99 36
99 116
100 237
100 142
106 12
106 166
210 137
210 185
20 34
20 242
239 212
239 175
19 152
19 146
119 141
119 81
29 73
29 41
117 226
117 78
165 40
165 85
209 181
209 18
229 172
229 228
248 91
248 109
134 192
134 150
107 62
107 250
231 178
231 47
200 234
200 31
114 123
114 144
69 215
69 103
10 54
10 53
197 220
197 64
208 39
208 138
191 207
191 118
171 193
171 139
