63 1023 4881331
15 24
15 46
24 39
24 5
46 30
46 63
39 32
39 18
5 11
5 38
30 43
30 14
63 8
63 45
32 41
32 23
18 36
18 17
11 53
11 16
38 42
38 35
43 22
43 1
14 47
14 57
8 54
8 12
45 4
45 51
41 10
41 28
23 56
23 19
36 48
36 26
17 20
17 9
53 13
53 50
16 37
16 27
42 3
42 55
35 40
35 6
22 60
22 31
1 52
1 49
47 25
47 61
57 62
57 7
54 59
54 44
12 21
12 2
4 33
4 29
51 34
51 58
65 827
65 1017
827 456
827 716
1017 723
1017 527
456 547
456 74
716 220
716 772
723 292
723 435
527 79
527 555
547 742
547 469
74 100
74 78
220 337
220 838
772 773
772 92
292 514
292 708
435 689
435 977
79 430
79 1001
555 191
555 296
742 303
742 380
469 989
469 130
100 423
100 934
78 396
78 260
337 870
337 450
838 77
838 6
773 218
773 109
92 153
92 868
514 674
514 198
708 327
708 389
689 947
689 1
977 151
977 860
430 395
430 610
1001 71
1001 246
191 665
191 112
296 1003
296 873
303 867
303 1008
380 171
380 390
989 790
989 333
130 781
130 762
423 688
423 598
934 832
934 1018
396 465
396 924
260 458
260 403
870 885
870 249
450 732
450 964
77 859
77 927
6 158
6 105
218 719
218 751
109 619
109 51
153 669
153 452
868 133
868 928
674 82
674 367
198 439
198 794
327 850
327 807
389 22
389 173
947 321
947 432
1 521
1 228
151 75
151 266
860 362
860 404
395 371
395 203
610 232
610 261
71 663
71 378
246 768
246 900
665 483
665 863
112 933
112 861
1003 797
1003 73
873 394
873 217
867 635
867 300
1008 488
1008 132
171 778
171 169
390 84
390 590
790 317
790 922
333 540
333 361
781 496
781 226
762 872
762 186
688 705
688 573
598 354
598 847
832 687
832 585
1018 528
1018 526
465 671
465 1016
924 123
924 440
458 985
458 881
403 897
403 87
885 755
885 355
249 651
249 766
732 1022
732 291
964 639
964 386
859 364
859 343
927 240
927 312
158 821
158 413
105 425
105 17
719 571
719 516
751 930
751 884
619 30
619 775
51 95
51 332
669 875
669 833
452 400
452 23
133 67
133 139
928 841
928 683
82 443
82 925
367 154
367 83
439 319
439 565
794 840
794 485
850 8
850 904
807 3
807 222
22 758
22 493
173 248
173 659
321 902
321 323
432 474
432 406
521 731
521 615
228 64
228 626
75 667
75 180
266 779
266 787
362 869
362 517
404 129
404 280
371 401
371 274
203 550
203 842
232 462
232 441
261 134
261 792
663 121
663 883
378 721
378 580
768 529
768 666
900 126
900 447
483 966
483 1010
863 566
863 201
933 740
933 199
861 484
861 41
797 788
797 195
73 560
73 852
394 429
394 242
217 467
217 945
635 464
635 946
300 915
300 570
488 374
488 335
132 595
132 357
778 817
778 165
169 383
169 491
84 734
84 557
590 431
590 369
317 1021
317 990
922 986
922 858
540 311
540 375
361 518
361 506
496 704
496 936
226 144
226 301
872 953
872 43
186 625
186 818
705 225
705 128
573 137
573 287
354 318
354 632
847 72
847 27
687 593
687 988
585 887
585 140
528 410
528 816
526 373
526 548
671 124
671 125
1016 926
1016 909
123 160
123 298
440 866
440 834
985 376
985 987
881 90
881 871
897 424
897 141
87 58
87 15
755 411
755 284
355 750
355 903
651 223
651 256
766 346
766 265
1022 784
1022 253
291 34
291 487
639 958
639 694
386 263
386 501
364 805
364 994
343 844
343 652
240 216
240 747
312 499
312 812
821 1013
821 629
413 808
413 348
425 417
425 108
17 586
17 167
571 655
571 905
516 143
516 810
930 730
930 197
884 706
884 59
30 741
30 270
775 70
775 372
95 824
95 931
332 352
332 237
875 66
875 405
833 561
833 534
400 596
400 505
23 264
23 498
67 451
67 541
139 890
139 588
841 243
841 416
683 316
683 713
443 392
443 388
925 998
925 283
154 830
154 426
83 891
83 677
319 554
319 384
565 558
565 99
840 1007
840 620
485 399
485 397
8 307
8 176
904 16
904 581
3 746
3 181
222 877
222 206
758 219
758 320
493 1014
493 25
248 19
248 194
659 700
659 643
902 633
902 695
323 613
323 313
474 29
474 702
406 628
406 262
731 229
731 446
615 480
615 271
64 52
64 210
626 258
626 763
667 684
667 603
180 20
180 463
779 21
779 711
787 511
787 170
869 886
869 86
517 680
517 36
129 597
129 278
280 322
280 415
401 944
401 606
274 919
274 231
550 138
550 656
842 692
842 536
462 393
462 725
441 918
441 819
134 507
134 117
792 350
792 221
121 302
121 709
883 764
883 646
721 634
721 490
580 146
580 888
529 954
529 703
666 543
666 754
126 370
126 715
447 614
447 991
966 594
966 341
1010 997
1010 433
566 135
566 131
201 310
201 942
740 478
740 889
199 33
199 281
484 623
484 637
41 712
41 187
788 344
788 360
195 1015
195 407
560 865
560 664
852 38
852 342
429 921
429 839
242 748
242 115
467 579
467 587
945 2
945 166
464 736
464 184
946 854
946 80
915 63
915 239
570 306
570 155
374 616
374 856
335 164
335 215
595 641
595 214
357 4
357 14
817 116
817 638
165 103
165 110
383 760
383 172
491 929
491 552
734 185
734 752
557 950
557 89
431 678
431 502
369 759
369 962
1021 309
1021 892
990 800
990 57
986 18
986 668
858 227
858 5
311 999
311 363
375 409
375 329
518 996
518 508
506 569
506 418
704 45
704 584
936 56
936 200
144 583
144 578
301 98
301 142
953 9
953 94
43 855
43 113
625 449
625 535
818 241
818 510
225 899
225 39
128 609
128 848
137 727
137 285
287 559
287 896
318 592
318 190
632 118
632 602
72 520
72 745
27 576
27 224
593 979
593 769
988 849
988 796
887 267
887 791
140 252
140 693
410 544
410 563
816 273
816 55
373 150
373 995
548 640
548 956
124 735
124 295
125 575
125 690
926 188
926 686
909 793
909 305
160 328
160 898
298 472
298 102
866 960
866 916
834 494
834 707
376 783
376 862
987 983
987 804
90 774
90 567
871 257
871 771
424 97
424 269
141 910
141 864
58 673
58 434
15 975
15 314
411 724
411 714
284 803
284 653
750 644
750 968
903 308
903 448
223 749
223 811
256 670
256 68
346 608
346 698
265 479
265 522
784 459
784 978
253 971
253 799
34 546
34 127
487 951
487 568
958 798
958 353
694 149
694 737
263 572
263 660
501 482
501 244
805 992
805 120
994 1011
994 843
844 874
844 235
652 642
652 911
216 957
216 272
747 46
747 349
499 408
499 963
812 288
812 814
1013 12
1013 37
629 776
629 682
808 920
808 91
348 114
348 627
417 179
417 648
108 906
108 381
586 675
586 157
167 980
167 208
655 618
655 28
905 35
905 617
143 427
143 600
810 473
810 770
730 324
730 62
197 879
197 468
706 347
706 753
59 744
59 476
741 294
741 657
270 236
270 825
70 255
70 914
372 611
372 932
824 162
824 26
931 212
931 820
352 492
352 645
237 159
237 701
66 174
66 801
405 454
405 196
561 851
561 315
534 81
534 325
596 1004
596 1009
505 556
505 107
264 377
264 32
498 681
498 658
451 948
451 530
541 421
541 286
890 1000
890 512
588 47
588 601
243 356
243 777
416 365
416 40
316 880
316 182
713 728
713 420
392 649
392 525
388 531
388 205
998 955
998 973
283 193
283 895
830 358
830 972
426 230
426 607
891 163
891 857
677 961
677 940
554 582
554 647
384 207
384 696
558 234
558 513
99 729
99 334
1007 786
1007 533
620 893
620 722
399 564
399 93
397 795
397 826
307 976
307 336
176 76
176 24
16 969
16 192
581 894
581 495
746 952
746 545
181 738
181 767
877 168
877 259
206 993
206 621
219 111
219 831
320 338
320 161
1014 101
1014 970
25 739
25 612
19 460
19 438
194 233
194 304
700 238
700 589
643 846
643 368
633 654
633 1012
695 553
695 845
613 31
613 539
313 813
313 756
29 42
29 379
702 503
702 699
628 398
628 340
262 829
262 532
229 279
229 907
446 13
446 359
480 461
480 299
271 69
271 710
52 537
52 122
210 382
210 282
258 471
258 1006
763 901
763 366
684 297
684 385
603 685
603 912
20 147
20 136
463 10
463 414
21 509
21 718
711 853
711 442
511 515
511 765
170 330
170 574
886 481
886 345
86 156
86 444
680 254
680 177
36 412
36 937
597 175
597 178
278 88
278 982
322 245
322 96
415 519
415 743
944 275
944 202
606 475
606 605
919 917
919 497
231 489
231 331
138 780
138 604
656 60
656 247
692 504
692 726
536 419
536 624
393 204
393 49
725 984
725 500
918 152
918 815
819 938
819 209
507 949
507 959
117 551
117 119
350 486
350 789
221 542
221 1002
302 183
302 455
709 61
709 422
764 943
764 477
646 402
646 828
634 650
634 717
490 44
490 470
146 104
146 11
888 661
888 189
954 453
954 785
703 289
703 50
543 106
543 662
754 351
754 428
370 882
370 211
715 1019
715 837
614 1005
614 782
991 806
991 876
594 941
594 939
341 213
341 697
997 48
997 523
433 293
433 679
135 250
135 85
131 636
131 761
310 391
310 436
942 466
942 437
478 277
478 591
889 630
889 720
33 53
33 672
281 538
281 967
623 809
623 981
637 923
637 757
712 822
712 326
187 908
187 339
344 524
344 145
360 251
360 562
1015 577
1015 549
407 276
407 148
865 457
865 622
664 823
664 965
38 835
38 836
342 1020
342 676
921 802
921 445
839 268
839 631
748 733
748 387
115 913
115 691
579 974
579 54
587 1023
587 7
2 290
2 878
166 935
166 599
