255 2047 51493
49 224
49 48
224 68
224 193
48 45
48 253
68 132
68 36
193 60
193 32
45 172
45 205
253 227
253 161
132 61
132 29
36 79
36 101
60 233
60 137
32 255
32 141
172 194
172 38
205 88
205 144
227 92
227 126
161 131
161 140
61 4
61 180
29 105
29 91
79 226
79 33
101 21
101 72
233 124
233 183
137 128
137 148
255 164
255 243
141 235
141 181
194 147
194 107
38 77
38 90
88 218
88 130
144 11
144 185
92 69
92 170
126 26
126 228
131 139
131 248
140 89
140 215
4 83
4 16
180 85
180 34
105 97
105 54
91 63
91 52
226 230
226 47
33 254
33 115
21 186
21 81
72 169
72 14
124 160
124 7
183 155
183 214
128 118
128 98
148 114
148 212
164 84
164 190
243 51
243 197
235 102
235 167
181 95
181 202
147 1
147 110
107 225
107 56
77 13
77 111
90 25
90 50
218 207
218 135
130 70
130 199
11 74
11 151
185 122
185 182
69 237
69 123
170 136
170 244
26 162
26 203
228 246
228 166
139 15
139 229
248 22
248 232
89 134
89 238
215 206
215 175
83 251
83 82
16 157
16 158
85 187
85 86
34 120
34 208
97 67
97 211
54 142
54 234
63 20
63 109
52 30
52 173
230 80
230 31
47 18
47 66
254 242
254 145
115 153
115 150
186 219
186 5
81 198
81 149
169 43
169 165
14 154
14 55
160 19
160 94
7 213
7 12
155 37
155 188
214 57
214 241
118 252
118 195
98 210
98 71
114 177
114 240
212 129
212 171
84 179
84 174
190 236
190 6
51 9
51 17
197 249
197 245
102 152
102 99
167 216
167 104
95 204
95 116
202 127
202 100
1 222
1 42
110 53
110 64
225 46
225 40
56 106
56 163
13 196
13 24
111 178
111 247
25 220
25 217
50 75
50 146
207 96
207 113
135 192
135 44
70 39
70 87
199 143
199 58
74 250
74 23
151 221
151 28
122 168
122 93
182 189
182 73
237 133
237 8
123 27
123 108
136 78
136 138
244 35
244 41
162 156
162 112
203 62
203 209
246 121
246 117
166 76
166 201
15 2
15 59
229 65
229 200
22 3
22 239
232 223
232 119
134 231
134 159
238 176
238 191
206 103
206 10
175 184
175 125
637 250
637 1040
250 347
250 216
1040 1176
1040 619
347 553
347 1895
216 1267
216 1097
1176 877
1176 1656
619 1426
619 1486
553 432
553 87
1895 43
1895 1942
1267 187
1267 699
1097 1669
1097 1786
877 1803
877 720
1656 737
1656 563
1426 1670
1426 859
1486 102
1486 2045
432 1205
432 556
87 1621
87 1815
43 1823
43 308
1942 738
1942 966
187 589
187 1735
699 1297
699 794
1669 812
1669 614
1786 588
1786 557
1803 817
1803 1386
720 615
720 82
737 1938
737 1186
563 1018
563 1160
1670 423
1670 1808
859 1892
859 1458
102 935
102 811
2045 585
2045 238
1205 1399
1205 2015
556 199
556 1948
1621 1790
1621 331
1815 246
1815 117
1823 587
1823 212
308 1680
308 1113
738 521
738 1732
966 885
966 148
589 318
589 1044
1735 328
1735 1098
1297 911
1297 1645
794 1378
794 99
812 1646
812 1177
614 516
614 1554
588 1974
588 1000
557 1285
557 2010
817 1890
817 426
1386 1560
1386 1490
615 1405
615 491
82 903
82 708
1938 1295
1938 84
1186 480
1186 346
1018 129
1018 418
1160 13
1160 1738
423 1522
423 94
1808 1603
1808 1143
1892 360
1892 1615
1458 1783
1458 1727
935 444
935 1030
811 1437
811 1087
585 1112
585 1535
238 107
238 1328
1399 273
1399 1069
2015 1252
2015 149
199 1715
199 1105
1948 1208
1948 543
1790 1249
1790 972
331 669
331 1643
246 1452
246 1079
117 1659
117 1149
587 693
587 774
212 536
212 939
1680 2026
1680 305
1113 452
1113 1258
521 45
521 618
1732 810
1732 218
885 2000
885 11
148 306
148 555
318 106
318 1553
1044 1873
1044 30
328 1971
328 1303
1098 79
1098 1003
911 1248
911 1614
1645 683
1645 540
1378 644
1378 134
99 1270
99 1244
1646 586
1646 1806
1177 1085
1177 179
516 1805
516 1307
1554 1260
1554 1233
1974 1590
1974 542
1000 1137
1000 1813
1285 1577
1285 1856
2010 219
2010 854
1890 713
1890 1665
426 1695
426 1009
1560 220
1560 48
1490 1227
1490 1093
1405 1400
1405 1065
491 828
491 766
903 1547
903 1294
708 582
708 451
1295 1992
1295 870
84 1858
84 1713
480 535
480 1366
346 1465
346 917
129 1408
129 485
418 1653
418 1396
13 1601
13 831
1738 1849
1738 1693
1522 1172
1522 1537
94 1882
94 792
1603 1613
1603 1120
1143 86
1143 400
360 838
360 1099
1615 1619
1615 295
1783 138
1783 928
1727 1144
1727 1605
444 1125
444 1541
1030 1912
1030 865
1437 609
1437 64
1087 537
1087 1185
1112 1549
1112 1096
1535 1799
1535 80
107 593
107 1810
1328 1505
1328 787
273 1042
273 1127
1069 2003
1069 1563
1252 789
1252 142
149 691
149 544
1715 192
1715 960
1105 1969
1105 6
1208 1277
1208 1377
543 1878
543 813
1249 1048
1249 1467
972 1824
972 647
669 894
669 968
1643 49
1643 373
1452 1755
1452 47
1079 285
1079 1335
1659 1989
1659 816
1149 233
1149 1668
693 1028
693 631
774 1383
774 1472
536 111
536 1429
939 167
939 249
2026 1234
2026 421
305 1749
305 596
452 1524
452 1080
1258 1268
1258 1527
45 1199
45 251
618 1231
618 918
810 822
810 1589
218 165
218 773
2000 1421
2000 1891
11 758
11 908
306 176
306 1355
555 1163
555 1057
106 1741
106 931
1553 851
1553 672
1873 497
1873 566
30 214
30 1495
1971 1516
1971 427
1303 14
1303 806
79 893
79 1362
1003 1031
1003 1418
1248 1781
1248 1313
1614 667
1614 1183
683 1460
683 1493
540 884
540 681
644 1834
644 801
134 938
134 474
1270 1511
1270 1935
1244 889
1244 745
586 1636
586 39
1806 934
1806 53
1085 1037
1085 1908
179 1842
179 1216
1805 1698
1805 694
1307 256
1307 1773
1260 1510
1260 655
1233 113
1233 1962
1590 1575
1590 420
542 496
542 1764
1137 1701
1137 1620
1813 405
1813 1586
1577 464
1577 1743
1856 224
1856 178
219 1435
219 5
854 2005
854 191
713 963
713 608
1665 950
1665 181
1695 90
1695 354
1009 1816
1009 595
220 878
220 914
48 15
48 1052
1227 603
1227 1121
1093 748
1093 2008
1400 617
1400 1983
1065 539
1065 1281
828 1469
828 1775
766 1859
766 750
1547 1866
1547 1857
1294 1126
1294 932
582 1207
582 97
451 476
451 389
1992 576
1992 1843
870 1513
870 262
1858 1731
1858 1545
1713 1115
1713 1721
535 1153
535 1976
1366 313
1366 76
1465 788
1465 1241
917 1043
917 1722
1408 1423
1408 945
485 1906
485 973
1653 65
1653 189
1396 913
1396 1071
1601 663
1601 1049
831 376
831 1707
1849 740
1849 1599
1693 1095
1693 1658
1172 1520
1172 2036
1537 1602
1537 1196
1882 1370
1882 1021
792 1417
792 551
1613 1298
1613 605
1120 281
1120 941
86 735
86 706
400 41
400 1393
838 940
838 1562
1099 1572
1099 1888
1619 629
1619 385
295 243
295 869
138 1321
138 263
928 254
928 875
1144 141
1144 1914
1605 1667
1605 1291
1125 1389
1125 1681
1541 942
1541 1931
1912 1322
1912 1135
865 1793
865 833
609 257
609 1699
64 301
64 3
537 1744
537 1757
1185 57
1185 1525
1549 383
1549 398
1096 1544
1096 1897
1799 1332
1799 422
80 1064
80 51
593 316
593 68
1810 1014
1810 18
1505 1477
1505 1188
787 1515
787 1162
1042 100
1042 969
1127 1988
1127 1446
2003 2024
2003 1872
1563 657
1563 384
789 1899
789 379
142 116
142 1357
691 1343
691 1724
544 226
544 1622
192 1142
192 1311
960 1459
960 46
1969 42
1969 955
6 592
6 1413
1277 635
1277 943
1377 1946
1377 1299
1878 1419
1878 1027
813 546
813 311
1048 1913
1048 1626
1467 1081
1467 1977
1824 359
1824 1877
647 235
647 994
894 1975
894 1354
968 562
968 1573
49 1150
49 641
373 489
373 981
1755 1214
1755 1812
47 428
47 1831
285 161
285 697
1335 1006
1335 1083
1989 22
1989 1820
816 471
816 371
233 1422
233 1215
1668 1485
1668 901
1028 456
1028 315
631 1772
631 1551
1383 1475
1383 437
1472 651
1472 518
111 666
111 1979
1429 1371
1429 1530
167 1635
167 1916
249 154
249 410
1234 1694
1234 1036
421 624
421 1007
1749 472
1749 601
596 163
596 1759
1524 1875
1524 169
1080 1742
1080 1471
1268 495
1268 1092
1527 1240
1527 581
1199 1945
1199 1928
251 1164
251 953
1231 1966
1231 259
918 1814
918 36
822 919
822 461
1589 1736
1589 458
165 1154
165 2044
773 1265
773 1797
1421 650
1421 505
1891 103
1891 73
758 1072
758 1768
908 891
908 800
176 1637
176 1929
1355 101
1355 1061
1163 1107
1163 1785
1057 791
1057 1275
1741 1427
1741 1056
931 549
931 1001
851 1937
851 325
672 1250
672 1997
497 260
497 213
566 62
566 1627
214 413
214 1886
1495 1397
1495 983
1516 1489
1516 1496
427 1911
427 1865
14 684
14 633
806 947
806 821
893 298
893 1840
1362 632
1362 892
1031 1795
1031 1958
1418 289
1418 1029
1781 1555
1781 656
1313 933
1313 1167
667 1193
667 1192
1183 993
1183 1598
1460 63
1460 1352
1493 1949
1493 1556
884 571
884 1584
681 1059
681 1632
1834 1954
1834 1661
801 1523
801 1838
938 1507
938 1818
474 277
474 1146
1511 150
1511 143
1935 1415
1935 2
889 1254
889 1679
745 2006
745 1346
1636 1675
1636 304
39 2030
39 1673
934 1978
934 174
53 1571
53 310
1037 236
1037 1251
1908 763
1908 1871
1842 1394
1842 1606
1216 1023
1216 1403
1698 206
1698 229
694 1296
694 1463
256 105
256 1867
1773 197
1773 780
1510 1336
1510 1054
655 280
655 534
113 1804
113 1662
1962 690
1962 1582
1575 1719
1575 1565
420 2023
420 248
496 1965
496 724
1764 856
1764 668
1701 1339
1701 1020
1620 1010
1620 1344
405 158
405 1204
1586 1015
1586 457
464 322
464 393
1743 1
1743 848
224 646
224 326
178 1062
178 1846
1435 1395
1435 1957
5 1194
5 829
2005 1925
2005 1538
191 349
191 2047
963 1623
963 1219
608 1178
608 1672
950 2046
950 1228
181 769
181 1002
90 121
90 8
354 1552
354 279
1816 300
1816 343
595 837
595 1967
878 1181
878 1235
914 1902
914 1984
15 1766
15 1123
1052 937
1052 1754
603 1171
603 258
1121 855
1121 561
748 112
748 1543
2008 503
2008 786
617 1222
617 131
1983 756
1983 1473
539 578
539 804
1281 1451
1281 1677
1469 1762
1469 671
1775 1369
1775 482
1859 1066
1859 1218
750 203
750 1504
1866 122
1866 1155
1857 1455
1857 1616
1126 1078
1126 552
932 1333
932 719
1207 1140
1207 768
97 767
97 1887
476 470
476 394
389 1197
389 479
576 686
576 137
1843 1351
1843 2042
1513 264
1513 147
262 1729
262 1478
1731 715
1731 695
1545 982
1545 1173
1115 1964
1115 1776
1721 244
1721 1633
1153 1851
1153 77
1976 1625
1976 194
313 825
313 162
76 1993
76 128
788 2027
788 723
1241 1767
1241 964
1043 1414
1043 52
1722 494
1722 204
1423 985
1423 1734
945 2037
945 1497
1906 2029
1906 1638
973 208
973 949
65 1990
65 408
189 1753
189 1337
913 132
913 336
1071 1111
1071 88
663 714
663 297
1049 1852
1049 807
376 447
376 1999
1707 247
1707 1839
740 10
740 266
1599 416
1599 261
1095 493
1095 986
1658 283
1658 688
1520 790
1520 974
2036 287
2036 182
1602 871
1602 604
1196 1444
1196 1074
1370 1774
1370 1500
1021 732
1021 321
1417 761
1417 1585
551 1033
551 1011
1298 439
1298 904
605 96
605 1165
281 989
281 1340
941 523
941 779
735 1982
735 1271
706 140
706 1325
41 1200
41 1639
1393 970
1393 906
940 1331
940 685
1562 820
1562 1053
1572 1373
1572 751
1888 1300
1888 1359
629 200
629 1853
385 2038
385 78
243 1847
243 372
869 1664
869 1379
1321 1903
1321 466
263 334
263 1940
254 705
254 462
875 1448
875 1364
141 269
141 1896
1914 1861
1914 1308
1667 1708
1667 730
1291 675
1291 568
1389 1864
1389 1717
1681 1915
1681 770
942 232
942 492
1931 317
1931 1566
1322 1047
1322 1407
1135 1968
1135 1432
1793 89
1793 600
833 1688
833 1663
257 1269
257 1309
1699 1353
1699 1676
301 1387
301 81
3 999
3 184
1744 680
1744 434
1757 71
1757 867
57 625
57 513
1525 127
1525 1920
383 1356
383 1652
398 569
398 1156
1544 35
1544 345
1897 752
1897 1166
1332 381
1332 130
422 1833
422 1750
1064 712
1064 459
51 602
51 1752
316 453
316 198
68 1631
68 98
1014 839
1014 984
18 20
18 1696
1477 1756
1477 136
1188 1863
1188 1700
1515 1716
1515 665
1162 957
1162 1067
100 1981
100 417
969 1648
969 673
1988 520
1988 847
1446 267
1446 239
2024 765
2024 639
1872 223
1872 707
657 1953
657 1723
384 710
384 170
1899 93
1899 2028
379 652
379 294
116 1025
116 722
1357 530
1357 1004
1343 225
1343 519
1724 1474
1724 2014
226 692
226 292
1622 1191
1622 1607
1142 1329
1142 1347
1311 387
1311 987
1459 356
1459 2004
46 380
46 1532
42 1045
42 135
955 622
955 548
592 1390
592 1798
1413 1609
1413 996
635 1879
635 948
943 1644
943 1058
1946 832
1946 1272
1299 1189
1299 1926
1419 27
1419 1330
1027 2022
1027 1282
546 1428
546 558
311 1082
311 465
1913 1801
1913 1591
1626 959
1626 1526
1081 1791
1081 621
1977 1568
1977 125
359 1802
359 358
1877 895
1877 242
235 1466
235 926
994 1245
994 21
1975 1046
1975 818
1354 363
1354 1559
562 782
562 255
1573 971
1573 962
1150 1109
1150 196
641 25
641 879
489 648
489 525
981 1141
981 703
1214 110
1214 1086
1812 696
1812 923
428 31
428 1870
1831 1182
1831 975
161 201
161 332
697 157
697 370
1006 1434
1006 795
1083 872
1083 504
22 1363
22 357
1820 775
1820 873
471 120
471 66
371 797
371 630
1422 623
1422 1702
1215 1921
1215 1630
1485 841
1485 26
901 1263
901 193
456 2035
456 915
315 897
315 353
1772 1179
1772 1491
1551 484
1551 570
1475 1907
1475 1104
437 1304
437 736
651 1534
651 628
518 1569
518 1441
666 1476
666 559
1979 1574
1979 830
1371 1876
1371 1883
1530 407
1530 626
1635 188
1635 1302
1916 610
1916 486
154 399
154 60
410 1678
410 1073
1694 32
1694 925
1036 290
1036 1136
624 1558
624 674
1007 2025
1007 40
472 1372
472 1440
601 1580
601 864
163 1404
163 1089
1759 1714
1759 144
1875 1996
1875 1540
169 860
169 1845
1742 228
1742 402
1471 16
1471 1758
495 50
495 1360
1092 173
1092 1518
1240 634
1240 1327
581 487
581 1691
1945 1685
1945 1384
1928 1904
1928 1243
1164 1509
1164 645
953 1728
953 1610
1966 1392
1966 1410
259 320
259 1487
1814 844
1814 677
36 890
36 391
919 449
919 2009
461 1348
461 375
1736 1548
1736 1933
458 709
458 312
1154 95
1154 1211
2044 1827
2044 721
1265 276
1265 1345
1797 580
1797 1595
650 1747
650 522
505 126
505 1579
103 172
103 1470
73 1416
73 454
1072 341
1072 1809
1768 1725
1768 284
891 108
891 1315
800 1283
800 1412
1637 1711
1637 2041
1929 1748
1929 759
101 1539
101 898
1061 698
1061 1528
1107 406
1107 845
1785 743
1785 616
791 1060
791 1944
1275 627
1275 443
1427 488
1427 397
1056 1169
1056 478
549 275
549 1312
1001 185
1001 824
1937 1581
1937 902
325 755
325 1692
1250 307
1250 1358
1997 803
1997 209
260 1293
260 1829
213 1220
213 368
62 365
62 175
1627 2043
1627 1134
413 338
413 210
1886 1209
1886 823
1397 1604
1397 438
983 1923
983 689
1489 653
1489 1517
1496 1650
1496 1733
1911 1132
1911 1402
1865 34
1865 802
684 362
684 1168
633 1129
633 784
947 742
947 159
821 1317
821 654
298 1765
298 1784
1840 731
1840 1690
632 12
632 1587
892 717
892 1682
1795 1274
1795 9
1958 1918
1958 270
289 412
289 319
1029 1464
1029 24
1555 793
1555 1323
656 545
656 382
933 1943
933 1114
1167 1290
1167 550
1193 396
1193 1961
1192 1835
1192 1190
993 1830
993 638
1598 44
1598 490
63 961
63 146
1352 1994
1352 1860
1949 1431
1949 1503
1556 729
1556 171
571 183
571 541
1584 1210
1584 378
1059 23
1059 1546
1632 554
1632 1106
1954 1229
1954 517
1661 1494
1661 1617
1523 1499
1523 1239
1838 450
1838 849
1507 1956
1507 1506
1818 711
1818 1618
277 1401
277 643
1146 753
1146 1238
150 764
150 1898
143 1850
143 2002
1415 702
1415 1278
2 1462
2 498
1254 679
1254 202
1679 1334
1679 574
2006 1837
2006 1261
1346 221
1346 1642
1675 1038
1675 1651
304 843
304 2019
2030 583
2030 1862
1673 366
1673 2033
1978 153
1978 678
174 1388
174 411
1571 377
1571 599
310 1720
310 467
236 1380
236 920
1251 278
1251 1649
763 573
763 56
1871 1253
1871 946
1394 1986
1394 1885
1606 1147
1606 342
1023 575
1023 69
1403 1411
1403 726
206 1326
206 1461
229 2007
229 728
1296 1770
1296 241
1463 1869
1463 1492
105 1091
105 2016
1867 1624
1867 252
197 1995
197 1319
780 952
780 1206
1336 323
1336 1246
1054 333
1054 1939
280 337
280 481
534 1118
534 145
1804 749
1804 152
1662 912
1662 1811
690 1420
690 979
1582 2040
1582 1255
1719 1306
1719 1305
1565 958
1565 190
2023 744
2023 139
248 676
248 156
1965 335
1965 739
724 1973
724 754
856 783
856 611
668 1257
668 2013
1339 1704
1339 1035
1020 114
1020 1588
1010 1230
1010 1232
1344 2012
1344 746
158 340
158 468
1204 119
1204 725
1015 268
1015 1550
457 1237
457 85
322 1266
322 1017
393 429
393 1138
1 446
1 1368
848 1952
848 1647
646 842
646 1039
326 1641
326 1187
1062 7
1062 1483
1846 324
1846 1746
1395 1934
1395 1456
1957 511
1957 1782
1194 1159
1194 1398
829 104
829 415
1925 55
1925 834
1538 1385
1538 1180
349 852
349 1051
2047 1050
2047 1424
1623 1745
1623 1013
1219 1600
1219 868
1178 419
1178 861
1672 701
1672 1917
2046 1501
2046 1174
1228 61
1228 1726
769 205
769 564
1002 956
1002 1737
121 1148
121 591
8 425
8 836
1552 944
1552 1151
279 1761
279 1289
300 1316
300 1361
343 612
343 1769
837 1292
837 469
1967 1320
1967 1088
1181 965
1181 1985
1235 92
1235 1592
1902 17
1902 1409
1984 1705
1984 572
1766 1594
1766 1792
1123 1034
1123 1286
937 344
937 1280
1754 299
1754 1468
1171 1367
1171 757
258 271
258 1763
855 1195
855 1972
561 1779
561 155
112 1760
112 1139
1543 348
1543 404
503 388
503 1242
786 796
786 445
1222 1697
1222 882
131 329
131 1217
756 538
756 2011
1473 1841
1473 506
578 1068
578 531
804 1279
804 1324
1451 1578
1451 716
1677 286
1677 1951
1762 499
1762 579
671 1807
671 1787
1369 857
1369 1425
482 533
482 1894
1066 1932
1066 1826
1218 1567
1218 899
203 1314
203 662
1504 291
1504 636
122 747
122 1593
1155 1482
1155 1657
1455 293
1455 1381
1616 1533
1616 390
1078 1683
1078 1919
552 367
552 1778
1333 327
1333 1264
719 1596
719 1128
1140 515
1140 760
768 168
768 1439
767 1655
767 900
1887 1666
1887 1612
470 649
470 876
394 355
394 151
1197 2017
1197 1433
479 1350
479 826
686 1084
686 401
137 1212
137 245
1351 303
1351 1901
2042 1687
2042 501
264 1184
264 1406
147 990
147 827
1729 1175
1729 1980
1478 1709
1478 924
715 777
715 1684
695 386
695 598
982 164
982 922
1173 1116
1173 1536
1964 507
1964 230
1776 733
1776 409
244 1531
244 1119
1633 302
1633 74
1851 33
1851 1026
77 1910
77 936
1625 28
1625 433
194 19
194 2034
825 1202
825 1825
162 1005
162 1671
1993 658
1993 4
128 1157
128 435
2027 1634
2027 514
723 863
723 1542
1767 1012
1767 1936
964 314
964 976
1414 594
1414 1739
52 1301
52 70
494 1055
494 1828
204 75
204 808
985 524
985 1484
1734 1855
1734 862
2037 1874
2037 1564
1497 1628
1497 1076
2029 590
2029 1100
1638 888
1638 1342
208 526
208 1570
949 1576
949 840
1990 809
1990 265
408 1686
408 886
1753 1130
1753 951
1337 207
1337 1751
132 1597
132 234
336 1844
336 1927
1111 547
1111 772
88 1480
88 1436
714 819
714 967
297 798
297 1777
1852 395
1852 815
807 1817
807 995
447 361
447 978
1999 1796
1999 1488
247 195
247 1442
1839 1848
1839 1924
10 1712
10 350
266 1349
266 1288
416 1158
416 1447
261 1819
261 998
493 509
493 1508
986 309
986 584
283 1430
283 1443
688 835
688 123
790 477
790 460
974 1247
974 577
287 907
287 1893
182 512
182 364
871 1198
871 1318
604 1479
604 1900
1444 997
1444 1640
1074 1016
1074 660
1774 1512
1774 1203
1500 1583
1500 814
732 1223
732 874
321 1161
321 177
761 272
761 1152
1585 1922
1585 980
1033 441
1033 1561
1011 442
1011 109
439 91
439 1880
904 916
904 448
96 1108
96 887
1165 896
1165 186
989 1703
989 369
1340 1941
1340 880
523 1338
523 436
779 687
779 392
1982 1608
1982 440
1271 133
1271 1521
140 473
140 778
1325 1457
1325 296
1200 118
1200 921
1639 1789
1639 1970
970 483
970 1710
906 475
906 781
1331 1780
1331 231
685 1800
685 1382
820 1868
820 785
1053 1889
1053 1449
1373 227
1373 1438
751 455
751 741
1300 215
1300 240
1359 1103
1359 237
200 351
200 1947
1853 282
1853 160
2038 1008
2038 500
78 1453
78 776
1847 1654
1847 1077
372 1224
372 805
1664 508
1664 1454
1379 510
1379 59
1903 992
1903 1032
466 881
466 527
334 54
334 253
1940 352
1940 83
705 1998
705 1884
462 1832
462 1365
1448 853
1448 718
1364 288
1364 1557
269 991
269 374
1896 1110
1896 1450
1861 620
1861 529
1308 532
1308 1881
1708 1374
1708 29
730 211
730 1262
675 2032
675 954
568 909
568 1102
1864 640
1864 1094
1717 1481
1717 1090
1915 1273
1915 1276
770 700
770 1019
232 1376
232 1502
492 1660
492 430
317 1821
317 883
1566 927
1566 124
1047 1930
1047 339
1407 762
1407 1341
1968 1794
1968 1022
1432 607
1432 424
89 1960
89 910
600 115
600 1905
1688 1909
1688 2018
1663 431
1663 613
1269 1514
1269 661
1309 670
1309 1145
1353 642
1353 166
1676 180
1676 704
1387 1375
1387 560
81 866
81 905
999 988
999 799
184 1063
184 930
680 502
680 1955
434 1771
434 58
71 330
71 1959
867 1611
867 850
625 2021
625 1287
513 858
513 1822
127 2020
127 1963
1920 1170
1920 1689
1356 1041
1356 1122
1652 274
1652 37
569 682
569 528
1156 1718
1156 1213
35 2001
35 1284
345 1730
345 1070
752 72
752 567
1166 929
1166 1629
381 1987
381 1836
130 222
130 1674
1833 1519
1833 1133
1750 1991
1750 1236
712 1529
712 1788
459 1221
459 217
602 1225
602 1310
1752 2031
1752 38
453 1391
453 1950
198 1201
198 977
1631 1740
1631 659
98 1259
98 1226
839 1445
839 414
984 664
984 463
20 1075
20 1124
1696 1498
1696 1706
1756 771
1756 403
136 846
136 1101
1863 2039
1863 1131
1700 606
1700 734
1716 727
1716 67
665 1256
665 1024
957 597
957 1854
1067 1117
1067 565
