15 255 1216
10 14
10 5
14 11
14 6
5 12
5 7
11 2
11 8
6 15
6 1
12 4
12 3
7 13
7 9
88 249
88 205
249 221
249 2
205 23
205 183
221 210
221 76
2 117
2 7
23 102
23 120
183 234
183 252
210 56
210 248
76 80
76 28
117 46
117 226
7 146
7 176
102 250
102 130
120 245
120 229
234 132
234 93
252 91
252 147
56 139
56 138
248 81
248 152
80 165
80 70
28 118
28 241
46 126
46 127
226 207
226 217
146 87
146 65
176 148
176 1
250 231
250 53
130 154
130 201
245 136
245 61
229 171
229 94
132 208
132 189
93 41
93 243
91 59
91 172
147 242
147 247
139 49
139 96
138 71
138 196
81 177
81 95
152 48
152 42
165 180
165 182
70 39
70 85
118 103
118 78
241 151
241 37
126 157
126 6
127 47
127 238
207 129
207 113
217 211
217 141
87 4
87 60
65 162
65 105
148 164
148 197
1 73
1 253
231 134
231 188
53 54
53 198
154 159
154 25
201 63
201 236
136 246
136 191
61 222
61 13
171 200
171 55
94 174
94 170
208 239
208 50
189 32
189 206
41 17
41 161
243 107
243 36
59 230
59 255
172 143
172 199
242 156
242 111
247 144
247 26
49 86
49 181
96 33
96 22
71 122
71 128
196 89
196 79
177 19
177 51
95 168
95 214
48 31
48 3
42 178
42 44
180 16
180 216
182 160
182 45
39 194
39 52
85 15
85 9
103 232
103 158
78 218
78 24
151 98
151 163
37 74
37 167
157 35
157 235
6 233
6 29
47 62
47 112
238 8
238 84
129 187
129 124
113 110
113 244
211 192
211 190
141 202
141 64
4 131
4 90
60 83
60 99
162 115
162 212
105 101
105 67
164 153
164 219
197 204
197 58
73 155
73 179
253 82
253 27
134 193
134 97
188 10
188 116
54 69
54 145
198 224
198 21
159 185
159 11
25 225
25 240
63 109
63 203
236 114
236 149
246 173
246 119
191 92
191 137
222 140
222 251
13 66
13 14
200 150
200 77
55 184
55 213
174 40
174 125
170 43
170 108
239 169
239 57
50 72
50 254
32 18
32 75
206 142
206 237
17 38
17 30
161 100
161 209
107 34
107 227
36 104
36 215
230 133
230 20
255 175
255 186
143 223
143 68
199 106
199 121
156 220
156 12
111 123
111 228
144 195
144 166
26 135
26 5
