2047 2047 7500728
1522 873
1522 763
873 1427
873 1775
763 1138
763 1254
1427 1029
1427 371
1775 453
1775 612
1138 1062
1138 1032
1254 1509
1254 570
1029 890
1029 1750
371 1733
371 508
453 653
453 543
612 1378
612 1080
1062 265
1062 1718
1032 135
1032 91
1509 1853
1509 1749
570 1294
570 38
890 1554
890 827
1750 952
1750 1641
1733 86
1733 102
508 1695
508 561
653 1895
653 1822
543 71
543 538
1378 1255
1378 741
1080 1073
1080 1201
265 1392
265 1994
1718 335
1718 22
135 814
135 76
91 1129
91 1043
1853 954
1853 709
1749 1464
1749 1401
1294 1391
1294 168
38 424
38 560
1554 1134
1554 765
827 556
827 1684
952 1954
952 349
1641 922
1641 1820
86 1947
86 564
102 16
102 1579
1695 1085
1695 1088
561 695
561 622
1895 1271
1895 1109
1822 1881
1822 1403
71 1825
71 762
538 1005
538 161
1255 413
1255 250
741 506
741 1359
1073 319
1073 72
1201 1072
1201 784
1392 566
1392 1631
1994 770
1994 1079
335 1069
335 916
22 394
22 1202
814 844
814 1421
76 1539
76 361
1129 134
1129 812
1043 196
1043 88
954 968
954 1455
709 1578
709 217
1464 1961
1464 1936
1401 734
1401 637
1391 1262
1391 792
168 480
168 314
424 386
424 199
560 1689
560 1269
1134 140
1134 1336
765 1182
765 1030
556 1782
556 550
1684 3
1684 1828
1954 1629
1954 857
349 1101
349 541
922 1045
922 627
1820 1916
1820 696
1947 493
1947 1614
564 1031
564 1279
16 279
16 1892
1579 1425
1579 1248
1085 302
1085 981
1088 245
1088 1335
695 1458
695 2007
622 621
622 1732
1271 948
1271 982
1109 1143
1109 656
1881 1154
1881 43
1403 719
1403 1525
1825 2034
1825 1708
762 1361
762 98
1005 125
1005 1511
161 1268
161 273
413 1566
413 146
250 303
250 437
506 1451
506 1986
1359 1016
1359 1783
319 1453
319 1587
72 587
72 1381
1072 1212
1072 536
784 577
784 891
566 1148
566 872
1631 463
1631 749
770 1328
770 1354
1079 50
1079 1635
1069 160
1069 439
916 399
916 1404
394 473
394 111
1202 1805
1202 1804
844 1500
844 992
1421 631
1421 833
1539 1964
1539 1290
361 1119
361 153
134 620
134 1957
812 689
812 1929
196 1731
196 1978
88 843
88 191
968 1569
968 547
1455 985
1455 748
1578 41
1578 1058
217 1842
217 63
1961 1907
1961 392
1936 425
1936 1198
734 1390
734 1050
637 1552
637 1893
1262 1959
1262 2047
792 1802
792 1953
480 1632
480 2023
314 940
314 1680
386 4
386 255
199 1377
199 1540
1689 212
1689 1527
1269 1060
1269 201
140 93
140 1970
1336 18
1336 559
1182 727
1182 1506
1030 1928
1030 1170
1782 610
1782 728
550 1102
550 400
3 1660
3 1355
1828 584
1828 994
1629 1343
1629 1461
857 832
857 965
1101 802
1101 388
541 1125
541 1981
1045 1107
1045 531
627 626
627 644
1916 452
1916 585
696 736
696 1275
493 747
493 868
1614 1649
1614 1035
1031 1426
1031 1594
1279 149
1279 79
279 934
279 721
1892 903
1892 1704
1425 1563
1425 1559
1248 379
1248 1418
302 1934
302 1021
981 1702
981 1083
245 350
245 1948
1335 237
1335 1028
1458 483
1458 2044
2007 256
2007 1353
621 458
621 927
1732 381
1732 535
948 10
948 1533
982 238
982 1661
1143 1003
1143 1334
656 126
656 183
1154 1197
1154 1284
43 398
43 1973
719 1915
719 1870
1525 1273
1525 1363
2034 828
2034 1518
1708 1927
1708 805
1361 1827
1361 998
98 202
98 327
125 1076
125 170
1511 515
1511 426
1268 1608
1268 1930
273 1650
273 1022
1566 44
1566 1340
146 1792
146 1773
303 1282
303 1879
437 252
437 1470
1451 1234
1451 308
1986 1063
1986 1682
1016 702
1016 540
1783 315
1783 1150
1453 368
1453 1902
1587 1383
1587 1910
587 1460
587 1883
1381 1396
1381 1800
1212 1466
1212 974
536 430
536 205
577 676
577 163
891 1095
891 1677
1148 861
1148 1990
872 943
872 1135
463 1836
463 1120
749 1277
749 1298
1328 1520
1328 542
1354 95
1354 209
50 1447
50 1753
1635 1821
1635 1780
160 1402
160 840
439 1428
439 771
399 583
399 848
1404 539
1404 49
473 945
473 1436
111 1875
111 558
1805 751
1805 729
1804 446
1804 1253
1500 521
1500 1437
992 759
992 1369
631 2
631 185
833 1097
833 1356
1964 1808
1964 1544
1290 1691
1290 155
1119 1667
1119 1189
153 1596
153 1288
620 892
620 1485
1957 910
1957 755
689 1210
689 1530
1929 720
1929 295
1731 1931
1731 122
1978 1996
1978 263
843 167
843 1376
191 699
191 678
1569 1847
1569 546
547 470
547 806
985 23
985 1442
748 1873
748 746
41 901
41 132
1058 1077
1058 52
1842 488
1842 343
63 754
63 1513
1907 1771
1907 1656
392 313
392 1901
425 1046
425 1479
1198 1582
1198 1675
1390 258
1390 127
1050 650
1050 48
1552 1232
1552 461
1893 1225
1893 332
1959 1726
1959 502
2047 62
2047 834
1802 964
1802 110
1953 883
1953 1982
1632 991
1632 106
2023 1091
2023 1320
940 1556
940 307
1680 282
1680 1914
4 876
4 1712
255 791
255 813
1377 1757
1377 164
1540 1364
1540 898
212 1627
212 1863
1527 1576
1527 414
1060 1988
1060 1487
201 1865
201 938
93 1448
93 403
1970 1105
1970 1723
18 310
18 1846
559 1851
559 2031
727 836
727 594
1506 1226
1506 1768
1928 326
1928 137
1170 1078
1170 207
610 249
610 1850
728 357
728 549
1102 1023
1102 1103
400 1687
400 1276
1660 1233
1660 133
1355 1215
1355 54
584 989
584 507
994 1633
994 669
1343 1652
1343 408
1461 401
1461 94
832 1670
832 1658
965 1823
965 963
802 1960
802 1039
388 705
388 1992
1125 1634
1125 1898
1981 186
1981 623
1107 1611
1107 1843
531 1545
531 1127
626 1365
626 1874
644 1694
644 166
452 614
452 1550
585 667
585 800
736 617
736 39
1275 21
1275 1534
747 1745
747 1671
868 1872
868 1516
1649 1945
1649 69
1035 1287
1035 1164
1426 1012
1426 451
1594 1551
1594 30
149 190
149 36
79 768
79 893
934 1926
934 1036
721 1526
721 2014
903 1707
903 176
1704 742
1704 1476
1563 1303
1563 2043
1559 1126
1559 1144
379 1597
379 545
1418 1121
1418 1462
1934 823
1934 955
1021 187
1021 796
1702 1495
1702 1905
1083 1772
1083 70
350 1477
350 1346
1948 904
1948 214
237 1207
237 744
1028 895
1028 1690
483 1459
483 665
2044 1590
2044 874
256 1068
256 1528
1353 1315
1353 232
458 1388
458 1999
927 795
927 331
381 1756
381 1727
535 1305
535 1147
10 555
10 47
1533 1906
1533 395
238 1360
238 1209
1661 1989
1661 11
1003 182
1003 1398
1334 56
1334 115
126 1572
126 427
183 870
183 1446
1197 1445
1197 1730
1284 1573
1284 862
398 1659
398 526
1973 519
1973 811
1915 568
1915 1149
1870 779
1870 675
1273 1278
1273 2022
1363 1688
1363 1504
828 1904
828 1909
1518 1729
1518 1374
1927 416
1927 794
805 1759
805 1173
1827 2016
1827 1192
998 815
998 942
202 1438
202 1064
327 648
327 1179
1076 1174
1076 1547
170 1250
170 1481
515 924
515 1923
426 180
426 1251
1608 260
1608 837
1930 251
1930 1557
1650 432
1650 84
1022 686
1022 101
44 433
44 1015
1340 1741
1340 324
1792 787
1792 2041
1773 1852
1773 1084
1282 1519
1282 198
1879 2010
1879 573
252 1482
252 1938
1470 772
1470 712
1234 348
1234 1133
308 178
308 1538
1063 220
1063 798
1682 997
1682 1941
702 988
702 1009
540 120
540 752
315 655
315 173
1150 2015
1150 581
368 419
368 227
1902 2009
1902 878
1383 1312
1383 1357
1910 1776
1910 1571
1460 1011
1460 1431
1883 59
1883 518
1396 1065
1396 1944
1800 1289
1800 1165
1466 423
1466 1324
974 277
974 1662
430 1942
430 783
205 113
205 1577
676 351
676 604
163 2032
163 1774
1095 578
1095 977
1677 613
1677 1429
861 1588
861 880
1990 600
1990 312
943 1385
943 1490
1135 1132
1135 1995
1836 40
1836 353
1120 1321
1120 429
1277 1465
1277 270
1298 305
1298 1322
1520 889
1520 435
542 738
542 280
95 767
95 1885
209 1864
209 1099
1447 32
1447 1711
1753 575
1753 524
1821 1400
1821 1325
1780 431
1780 967
1402 1137
1402 482
840 722
840 1736
1428 172
1428 1567
771 355
771 1414
583 1112
583 410
848 80
848 228
539 1832
539 773
49 877
49 213
945 1098
945 818
1436 642
1436 1868
1875 1158
1875 1341
558 1882
558 1908
751 1515
751 174
729 374
729 1625
446 793
446 226
1253 1110
1253 2029
521 1260
521 816
1437 1655
1437 1019
759 886
759 1679
1369 537
1369 1646
2 436
2 144
185 1440
185 973
1097 1025
1097 1965
1356 1468
1356 1505
1808 484
1808 1457
1544 864
1544 12
1691 1142
1691 29
155 717
155 1706
1667 694
1667 983
1189 1310
1189 777
1596 254
1596 1454
1288 915
1288 1265
892 1819
892 1977
1485 447
1485 177
910 2008
910 203
755 292
755 1295
1210 2037
1210 1245
1530 162
1530 1116
720 1698
720 225
295 1581
295 1521
1931 409
1931 1366
122 466
122 897
1996 358
1996 438
263 1980
263 906
167 6
167 1386
1376 1860
1376 553
699 1061
699 1785
678 1699
678 2039
1847 859
1847 652
546 618
546 808
470 1619
470 1252
806 789
806 513
23 1507
23 726
1442 412
1442 175
1873 1177
1873 1146
746 1332
746 908
901 404
901 61
132 1665
132 596
1077 1840
1077 1160
52 97
52 969
488 1778
488 1231
343 267
343 2036
754 495
754 529
1513 1410
1513 1834
1771 1204
1771 1937
1656 1636
1656 588
313 450
313 1463
1901 907
1901 807
1046 20
1046 1263
1479 1367
1479 1676
1582 440
1582 683
1675 114
1675 189
258 662
258 1316
127 1841
127 956
650 58
650 565
48 571
48 1922
1232 1983
1232 233
461 1737
461 1672
1225 296
1225 422
332 599
332 602
1726 1664
1726 1235
502 1809
502 1709
62 420
62 491
834 1697
834 1761
964 188
964 598
110 1188
110 259
883 766
883 1735
1982 672
1982 1180
991 1249
991 757
106 1141
106 293
1091 1722
1091 921
1320 838
1320 1746
1556 1435
1556 406
307 1568
307 707
282 60
282 1114
1914 1302
1914 530
876 624
876 821
1712 1543
1712 1940
791 609
791 275
813 1903
813 582
1757 1153
1757 359
164 193
164 405
1364 888
1364 884
898 1270
898 139
1627 1108
1627 1532
1863 128
1863 605
1576 995
1576 1057
414 1605
414 769
1988 1047
1988 658
1487 498
1487 681
1865 567
1865 271
938 972
938 1703
1448 1307
1448 1829
403 1583
403 297
1105 1814
1105 33
1723 459
1723 1055
310 334
310 636
1846 1230
1846 218
1851 288
1851 1553
2031 918
2031 1371
836 415
836 501
594 1653
594 867
1226 179
1226 1558
1768 971
1768 223
326 206
326 1752
137 1857
137 472
1078 914
1078 428
207 1013
207 377
249 1647
249 1056
1850 1240
1850 1301
357 329
357 1297
549 941
549 1638
1023 475
1023 1810
1103 1890
1103 345
1687 607
1687 1643
1276 1331
1276 248
1233 1949
1233 1190
133 822
133 1789
1215 156
1215 485
54 159
54 697
989 786
989 443
507 1715
507 1877
1633 1784
1633 817
669 520
669 1919
1652 1411
1652 1382
408 785
408 299
401 1394
401 1228
94 1070
94 1292
1670 1862
1670 957
1658 197
1658 1880
1823 730
1823 1452
963 112
963 285
1960 262
1960 1131
1039 1644
1039 852
705 1848
705 1755
1992 171
1992 234
1634 276
1634 803
1898 1968
1898 987
186 1498
186 200
623 53
623 1258
1611 544
1611 211
1843 1040
1843 646
1545 1622
1545 68
1127 51
1127 1502
1365 1618
1365 1950
1874 1054
1874 935
1694 81
1694 89
166 732
166 595
614 1799
614 993
1550 1542
1550 1151
667 316
667 685
800 1714
800 1422
617 716
617 65
39 387
39 724
21 1333
21 1747
1534 1488
1534 1681
1745 761
1745 1734
1671 1236
1671 1140
1872 1004
1872 1496
1516 1285
1516 1952
1945 929
1945 1074
69 592
69 309
1287 390
1287 391
1164 372
1164 1345
1012 1997
1012 1286
451 1673
451 579
1551 1059
1551 34
30 548
30 1705
190 1048
190 478
36 1701
36 45
768 660
768 1589
893 1067
893 608
1926 562
1926 1313
1036 1244
1036 905
1526 1514
1526 858
2014 1738
2014 1092
1707 1299
1707 281
176 241
176 1742
742 1010
742 1219
1476 1935
1476 1052
1303 928
1303 325
2043 966
2043 1501
1126 960
1126 2024
1144 1793
1144 1267
1597 362
1597 407
545 17
545 1259
1121 866
1121 1497
1462 1770
1462 1781
823 682
823 1283
955 1744
955 1358
187 1373
187 2021
796 1787
796 647
1495 1600
1495 625
1905 638
1905 1830
1772 1833
1772 269
70 1939
70 367
1477 1769
1477 1017
1346 25
1346 1178
904 1966
904 758
214 257
214 1420
1207 490
1207 979
744 591
744 287
895 1430
895 229
1690 1483
1690 1375
1459 1205
1459 385
665 1257
665 1264
1590 1585
1590 336
874 1524
874 1342
1068 804
1068 462
1528 57
1528 846
1315 936
1315 222
232 552
232 666
1388 272
1388 1407
1999 1824
1999 283
795 1818
795 1817
331 83
331 920
1756 514
1756 723
1727 839
1727 1839
1305 1169
1305 819
1147 1617
1147 454
555 389
555 534
47 370
47 885
1906 2017
1906 1686
395 1917
395 365
1360 1208
1360 1854
1209 932
1209 14
1989 1884
1989 301
11 1891
11 1858
182 1560
182 725
1398 670
1398 46
56 204
56 1280
115 291
115 887
1572 1
1572 740
427 1645
427 105
870 465
870 1991
1446 630
1446 1193
1445 1449
1445 580
1730 1115
1730 1962
1573 366
1573 1344
862 117
862 871
1659 616
1659 1281
526 879
526 1439
519 294
519 692
811 96
811 27
568 87
568 489
1149 673
1149 477
779 1956
779 1831
675 1161
675 909
1278 1531
1278 2020
2022 1181
2022 569
1688 590
1688 1584
1504 1639
1504 574
1904 1001
1904 1195
1909 1211
1909 346
1729 486
1729 654
1374 753
1374 1330
416 664
416 364
794 1739
794 1473
1759 1766
1759 615
1173 1246
1173 1093
2016 2035
2016 869
1192 1678
1192 1651
815 774
815 899
942 1152
942 1412
1438 902
1438 476
1064 286
1064 474
648 341
648 1580
1179 824
1179 551
1174 278
1174 1958
1547 418
1547 2012
1250 842
1250 1223
1481 1693
1481 1433
924 1549
924 1317
1923 691
1923 881
180 976
180 760
1251 1613
1251 1763
260 1609
260 384
837 1607
837 1924
251 152
251 1266
1557 216
1557 1100
432 121
432 554
84 640
84 1229
686 1920
686 780
101 2006
101 1486
433 801
433 1575
1015 235
1015 382
1741 1616
1741 750
324 854
324 378
787 926
787 853
2041 1014
2041 67
1852 1291
1852 679
1084 649
1084 468
1519 849
1519 1379
198 2026
198 1669
2010 74
2010 1762
573 1796
573 1323
1482 557
1482 517
1938 1409
1938 1384
772 340
772 525
712 1494
712 141
348 373
348 1399
1133 1606
1133 1623
178 1033
178 1044
1538 1844
1538 1241
220 714
220 1537
798 1300
798 2033
997 1337
997 1807
1941 919
1941 116
988 1719
988 690
1009 912
1009 1889
120 1222
120 165
752 322
752 1239
655 1743
655 1444
173 100
173 923
2015 1786
2015 1415
581 1628
581 684
419 516
419 825
227 984
227 975
2009 1716
2009 1393
878 239
878 1111
1312 1443
1312 970
1357 958
1357 523
1776 863
1776 776
1571 1136
1571 328
1011 788
1011 1791
1431 1510
1431 1951
59 643
59 1183
518 733
518 1237
1065 1467
1065 701
1944 1474
1944 1642
1289 1185
1289 946
1165 1985
1165 2018
423 1096
423 124
1324 1696
1324 634
277 1163
277 735
1662 1478
1662 1993
1942 1878
1942 1760
783 1508
783 1835
113 1162
113 715
1577 481
1577 1795
351 1621
351 986
604 1218
604 522
2032 1216
2032 1598
1774 455
1774 1166
578 639
578 2002
977 764
977 55
613 317
613 1187
1429 1104
1429 82
1588 781
1588 338
880 1713
880 1499
600 1203
600 154
312 1387
312 641
1385 913
1385 700
1490 290
1490 5
1132 1790
1132 1318
1995 449
1995 674
40 31
40 1861
353 1272
353 1517
1321 1657
1321 1896
429 1434
429 64
1465 138
1465 629
270 1710
270 243
305 894
305 505
1322 1886
1322 380
889 136
889 1758
435 1911
435 1139
738 1024
738 1372
280 274
280 1866
767 1963
767 1000
1885 1106
1885 1194
1864 1666
1864 342
1099 693
1099 1319
32 1082
32 657
1711 78
1711 1196
575 1238
575 103
524 1859
524 210
1400 1314
1400 606
1325 533
1325 1380
431 184
431 1472
967 961
967 1243
1137 1397
1137 1008
482 1720
482 947
722 944
722 778
1736 1326
1736 1041
172 2046
172 1728
1567 1090
1567 980
355 2011
355 1049
1414 632
1414 1086
1112 713
1112 1925
410 1406
410 1155
80 1855
80 42
228 1955
228 1900
1832 356
1832 1788
773 959
773 1214
877 1405
877 1157
213 511
213 1570
1098 706
1098 75
818 1603
818 504
642 586
642 35
1868 1308
1868 157
1158 456
1158 158
1341 2003
1341 1871
1882 917
1882 1002
1908 829
1908 810
1515 1186
1515 1309
174 1812
174 66
374 1327
374 1168
1625 1764
1625 99
793 710
793 1075
226 1668
226 304
1110 978
1110 1122
2029 2001
2029 2013
1260 528
1260 499
816 1987
816 119
1655 1984
1655 231
1019 949
1019 1087
886 1562
886 1975
1679 509
1679 1352
537 1913
537 1020
1646 1349
1646 510
436 417
436 1724
144 28
144 1674
1440 1370
1440 1801
973 668
973 1038
1025 221
1025 1113
1965 344
1965 109
1468 1529
1468 1602
1505 603
1505 1897
484 651
484 1424
1457 1615
1457 1199
864 471
864 576
12 1624
12 1094
1142 1586
1142 19
29 1748
29 224
717 1171
717 851
1706 847
1706 1976
694 1523
694 856
983 1912
983 1118
1310 1089
1310 1167
777 1548
777 194
254 1979
254 953
1454 663
1454 1869
915 1311
915 1725
1265 1018
1265 1626
1819 1535
1819 698
1977 1663
1977 2042
447 129
447 77
177 247
177 151
2008 1034
2008 242
203 2027
203 775
292 1389
292 1480
1295 1416
1295 1206
2037 1217
2037 1329
1245 999
1245 434
162 1849
162 1475
1116 1856
1116 208
1698 1692
1698 1564
225 687
225 1599
1581 2005
1581 1798
1521 108
1521 1604
409 37
409 457
1366 2025
1366 1845
466 512
466 1471
897 360
897 589
358 1351
358 1595
438 497
438 1071
1980 2040
1980 337
906 266
906 704
6 1256
6 1683
1386 1347
1386 743
1860 1794
1860 1974
553 2030
553 1887
1061 284
1061 826
1785 131
1785 1053
1699 230
1699 1242
2039 8
2039 1998
859 1213
859 130
652 1051
652 323
618 1491
618 1637
808 143
808 236
1619 448
1619 1432
1252 1888
1252 1574
789 1721
789 1037
513 527
513 1876
1507 347
1507 1123
726 718
726 1777
412 352
412 680
175 492
175 1274
1177 882
1177 1450
1146 318
1146 1395
1332 261
1332 1006
908 268
908 896
404 1943
404 875
61 1700
61 169
1665 107
1665 1565
596 1813
596 933
1840 1221
1840 321
1160 469
1160 1484
97 92
97 677
969 1419
969 24
1778 1007
1778 1640
1231 855
1231 1971
267 2028
267 990
2036 339
2036 1767
495 661
495 737
529 1751
529 962
1410 1145
1410 195
1834 1591
1834 1815
1204 611
1204 467
1937 865
1937 1512
1636 860
1636 1685
588 145
588 397
450 1503
450 931
1463 1339
1463 835
907 500
907 1546
807 688
807 1779
20 1408
20 1128
1263 1227
1263 925
1367 1293
1367 601
1676 633
1676 1191
440 635
440 939
683 659
683 572
114 1536
114 73
189 1933
189 619
662 1306
662 215
1316 1816
1316 1555
1841 1441
1841 1184
956 831
956 1717
58 930
58 1304
565 444
565 264
571 320
571 1417
1922 1612
1922 1492
1983 441
1983 1026
233 1620
233 739
1737 503
1737 1489
1672 244
1672 496
296 1754
296 1630
422 1648
422 1765
599 311
599 150
602 7
602 532
1664 711
1664 1811
1235 1172
1235 1593
1809 298
1809 1124
1709 1654
1709 597
420 85
420 1362
491 911
491 479
1697 369
1697 1867
1761 1797
1761 253
188 104
188 1894
598 393
598 797
1188 411
1188 628
259 1261
259 2045
766 1224
766 487
1735 841
1735 354
672 464
672 1296
1180 1456
1180 376
1249 703
1249 563
757 1423
757 118
1141 782
1141 240
293 900
293 1042
1722 26
1722 756
921 1413
921 147
838 1130
838 1066
1746 15
1746 1541
1435 593
1435 2004
406 845
406 9
1568 1921
1568 1740
707 2019
707 330
60 1368
60 1117
1114 123
1114 421
1302 333
1302 850
530 1592
530 799
624 1601
624 383
821 1838
821 300
1543 1967
1543 90
1940 1220
1940 192
609 809
609 306
275 1972
275 1247
1903 937
1903 951
582 1803
582 1350
1153 1176
1153 402
359 2038
359 708
193 1918
193 1946
405 13
405 1837
888 1493
888 375
884 460
884 1932
1270 246
1270 445
139 494
139 219
1108 1899
1108 396
1532 820
1532 1469
128 671
128 289
605 181
605 1175
995 1561
995 1348
1057 148
1057 1159
1605 1338
1605 790
769 1806
769 1826
1047 745
1047 950
658 363
658 830
498 142
498 731
681 996
681 1610
567 1081
567 2000
271 1969
271 442
972 1156
972 1027
1703 645
1703 1200
420 1905
420 461
1905 890
1905 88
461 152
461 1650
890 624
890 803
88 1023
88 1131
152 151
152 125
1650 1648
1650 1866
624 1574
624 1198
803 1076
803 354
1023 1496
1023 1667
1131 1822
1131 687
151 337
151 744
125 1595
125 1106
1648 133
1648 83
1866 1485
1866 961
1574 1796
1574 883
1198 1634
1198 318
1076 59
1076 1170
354 1482
354 604
1496 1817
1496 1909
1667 822
1667 2035
1822 1204
1822 631
687 630
687 1138
337 1661
337 1920
744 1862
744 54
1595 1886
1595 984
1106 1863
1106 807
133 362
133 22
83 1991
83 1943
1485 465
1485 200
961 2023
961 214
1796 1137
1796 1554
883 676
883 787
1634 1966
1634 1361
318 732
318 472
59 820
59 543
1170 1593
1170 1390
1482 382
1482 1653
604 865
604 1182
1817 551
1817 1214
1909 1222
1909 776
822 1570
822 122
2035 1312
2035 1930
1204 1584
1204 17
631 1067
631 52
630 1677
630 302
1138 1560
1138 1360
1661 1303
1661 1665
1920 1772
1920 1895
1862 476
1862 1693
54 1409
54 512
1886 2042
1886 2027
984 877
984 703
1863 660
1863 1179
807 1979
807 1683
362 934
362 1321
22 182
22 1056
1991 678
1991 608
1943 1638
1943 197
465 303
465 1012
200 1431
200 1234
2023 1803
2023 1754
214 1594
214 1327
1137 322
1137 1112
1554 483
1554 605
676 1487
676 479
787 218
787 1875
1966 817
1966 1717
1361 1155
1361 1192
732 1828
732 1449
472 1573
472 548
820 1411
820 1280
543 332
543 2017
1593 1094
1593 1159
1390 412
1390 169
382 816
382 1150
1653 1058
1653 537
865 1556
865 1831
1182 2005
1182 1492
551 467
551 577
1214 177
1214 581
1222 1200
1222 347
776 667
776 1123
1570 375
1570 364
122 130
122 1078
1312 514
1312 1771
1930 582
1930 1939
1584 1145
1584 1747
17 904
17 1689
1067 1897
1067 1365
52 1007
52 686
1677 879
1677 1469
302 1602
302 1297
1560 1540
1560 1552
1360 494
1360 184
1303 513
1303 1870
1665 782
1665 1463
1772 1795
1772 1274
1895 944
1895 1964
476 1176
476 1912
1693 1859
1693 995
1409 1477
1409 538
512 1195
512 1508
2042 1329
2042 47
2027 671
2027 1845
877 634
877 1366
703 757
703 844
660 1386
660 1428
1179 346
1179 255
1979 1614
1979 963
1683 193
1683 682
934 1389
934 140
1321 1139
1321 1577
182 499
182 659
1056 96
1056 143
678 74
678 1597
608 544
608 1069
1638 679
1638 699
197 1414
197 621
303 745
303 1843
1012 205
1012 1854
1431 759
1431 709
1234 378
1234 108
1803 861
1803 1641
1754 522
1754 1203
1594 866
1594 561
1327 824
1327 600
322 1655
322 474
1112 290
1112 1273
483 410
483 1765
605 82
605 1158
1487 32
1487 247
479 381
479 511
218 1525
218 1426
1875 556
1875 652
817 1770
817 1105
1717 1296
1717 359
1155 210
1155 558
1192 146
1192 225
1828 41
1828 236
1449 507
1449 1721
1573 329
1573 881
548 36
548 259
1411 1709
1411 1761
1280 1101
1280 622
332 965
332 736
2017 616
2017 460
1094 216
1094 1460
1159 1703
1159 1701
412 1734
412 665
169 501
169 1806
816 874
816 16
1150 1189
1150 1723
1058 1517
1058 272
537 1944
537 1014
1556 1245
1556 1951
1831 448
1831 768
2005 964
2005 1038
1492 637
1492 485
467 1864
467 932
577 1587
577 220
177 1847
177 274
581 997
581 1762
1200 1091
1200 618
347 44
347 804
667 773
667 1475
1123 2015
1123 330
375 173
375 1740
364 1926
364 922
130 905
130 733
1078 35
1078 1808
514 1421
514 562
1771 967
1771 960
582 1502
582 1332
1939 1715
1939 1124
1145 629
1145 1051
1747 942
1747 1868
904 415
904 1671
1689 1980
1689 1108
1897 1047
1897 998
1365 1378
1365 1908
1007 1037
1007 1140
686 1457
686 1466
879 1178
879 571
1469 1253
1469 968
1602 1096
1602 1902
1297 823
1297 1712
1540 204
1540 1609
1552 1433
1552 1435
494 1656
494 121
184 725
184 387
513 1481
513 454
1870 199
1870 1952
782 1031
782 286
1463 1978
1463 1890
1795 1175
1795 1086
1274 1185
1274 847
944 450
944 440
1964 651
1964 324
1176 517
1176 1742
1912 1725
1912 219
1859 1997
1859 276
995 1263
995 1527
1477 1022
1477 493
538 1954
538 862
1195 211
1195 144
1508 938
1508 262
1329 496
1329 1154
47 1452
47 516
671 945
671 76
1845 981
1845 1865
634 1107
634 740
1366 1404
1366 969
757 845
757 1835
844 542
844 5
1386 113
1386 1682
1428 1006
1428 2007
346 39
346 1367
255 1277
255 206
1614 331
1614 278
963 394
963 1278
193 1191
193 1025
682 530
682 568
1389 1899
1389 1331
140 248
140 2040
1139 1675
1139 55
1577 488
1577 1068
499 590
499 1957
659 923
659 1000
96 1102
96 971
143 1151
143 859
74 1099
74 737
1597 2041
1597 81
544 37
544 12
1069 1977
1069 639
679 691
679 649
699 1343
699 1743
1414 1545
1414 1346
621 1059
621 1313
745 232
745 1335
1843 575
1843 1162
205 1858
205 1784
1854 1910
1854 77
759 1702
759 1995
709 1690
709 304
378 1779
378 1333
108 559
108 1436
861 781
861 1336
1641 508
1641 45
522 1672
522 163
1203 1830
1203 1576
866 167
866 1904
561 1917
561 1935
824 1674
824 918
600 129
600 8
1655 1324
1655 1039
474 1958
474 231
290 730
290 1678
1273 914
1273 765
410 1248
410 885
1765 342
1765 1143
82 1184
82 427
1158 711
1158 1916
32 1994
32 348
247 1408
247 265
381 1352
381 1070
511 250
511 1088
1525 916
1525 1242
1426 1110
1426 751
556 1669
556 1840
652 198
652 1382
1770 1844
1770 338
1105 1166
1105 1113
1296 749
1296 1533
359 321
359 1272
210 917
210 814
558 434
558 1599
146 1708
146 940
225 1605
225 1355
41 563
41 268
236 334
236 1535
507 170
507 491
1721 1543
1721 1619
329 1716
329 849
881 761
881 1704
36 1553
36 1607
259 2046
259 1872
1709 1228
1709 519
1761 240
1761 755
1101 1268
1101 642
622 1456
622 254
965 1932
965 771
736 1613
736 447
616 853
616 1544
460 148
460 486
216 316
216 531
1460 1522
1460 1494
1703 1616
1703 188
1701 675
1701 536
1734 1210
1734 419
665 1652
665 1751
501 30
501 141
1806 962
1806 1541
874 1046
874 954
16 1922
16 1891
1189 1215
1189 222
1723 203
1723 1163
1517 360
1517 90
272 766
272 1406
1944 1231
1944 374
1014 846
1014 669
1245 1117
1245 1924
1951 1900
1951 1789
448 2024
448 1598
768 1848
768 941
964 1082
964 1467
1038 1538
1038 1500
637 1564
637 1692
485 892
485 185
1864 1950
1864 1345
932 1694
932 702
1587 1418
1587 105
220 1987
220 439
1847 495
1847 593
274 1827
274 34
997 310
997 523
1762 1160
1762 603
1091 431
1091 246
618 294
618 352
44 1780
44 996
804 1529
804 897
773 15
773 1026
1475 1711
1475 1929
2015 645
2015 1493
330 870
330 57
173 599
173 585
1740 1551
1740 1534
1926 1308
1926 1054
922 1739
922 1120
905 437
905 956
733 38
733 1852
35 947
35 235
1808 1714
1808 430
1421 1282
1421 104
562 58
562 1133
967 688
967 1008
960 1208
960 102
1502 592
1502 1596
1332 1254
1332 135
1715 1515
1715 1419
1124 2
1124 1668
629 1427
629 1288
1051 1490
1051 1726
942 1915
942 277
1868 524
1868 901
415 118
415 656
1671 2002
1671 183
1980 1945
1980 864
1108 1838
1108 212
1047 404
1047 692
998 157
998 893
1378 1266
1378 856
1908 886
1908 509
1037 1292
1037 353
1140 1103
1140 498
1457 721
1457 800
1466 295
1466 1792
1178 747
1178 1372
571 1876
571 1561
1253 237
1253 1834
968 810
968 115
1096 1384
1096 1629
1902 456
1902 1953
823 876
823 1975
1712 238
1712 244
204 1968
204 565
1609 921
1609 1676
1433 1405
1433 726
1435 1128
1435 683
1656 1962
1656 1165
121 1982
121 657
725 64
725 2004
387 1212
387 889
1481 1045
1481 1161
454 763
454 1603
199 1011
199 433
1952 1040
1952 119
1031 155
1031 1453
286 1169
286 138
1978 1407
1978 298
1890 223
1890 2016
1175 717
1175 1736
1086 326
1086 470
1185 1368
1185 224
847 1071
847 1773
450 1148
450 228
440 2001
440 1696
651 1065
651 661
324 1509
324 305
517 1818
517 180
1742 396
1742 14
1725 400
1725 1495
219 1226
219 1507
1997 2043
1997 453
276 149
276 786
1263 1530
1263 1836
1527 25
1527 1937
1022 1281
1022 1220
493 1699
493 111
1954 325
1954 116
862 307
862 724
211 871
211 1129
144 257
144 1728
938 1183
938 1825
262 371
262 1395
496 1800
496 1826
1154 1194
1154 1236
1452 1057
1452 137
516 114
516 695
945 1020
945 233
76 1034
76 1799
981 1448
981 775
1865 1673
1865 327
1107 1684
1107 812
740 43
740 1489
1404 1388
1404 252
969 429
969 674
845 1846
845 1259
1835 802
1835 40
542 1286
542 1293
5 147
5 627
113 880
113 408
1682 515
1682 1243
1006 1201
1006 1317
2007 95
2007 1849
39 1019
39 528
1367 872
1367 1907
1277 1064
1277 20
206 120
206 1617
331 549
331 851
278 1960
278 164
394 117
394 1620
1278 1044
1278 23
1191 1969
1191 650
1025 898
1025 680
530 573
530 579
568 857
568 504
1899 469
1899 1002
1331 704
1331 1444
248 535
248 1606
2040 1241
2040 617
1675 1623
1675 1631
55 992
55 288
488 1947
488 1413
1068 441
1068 258
590 1322
590 894
1957 982
1957 449
923 478
923 1989
1000 446
1000 774
1102 66
1102 813
971 791
971 1547
1151 339
1151 1565
859 1387
859 1853
1099 510
1099 1763
737 1710
737 1376
2041 1018
2041 145
81 1688
81 623
37 1774
37 1727
12 156
12 1271
1977 1156
1977 1506
639 1410
639 463
691 413
691 300
649 572
649 1787
1343 101
1343 1821
1743 1750
1743 1358
1545 367
1545 741
1346 1741
1346 705
1059 779
1059 502
1313 1546
1313 91
232 666
232 987
1335 103
1335 1439
575 1330
575 215
1162 1375
1162 33
1858 1745
1858 919
1784 2012
1784 1373
1910 1670
1910 1778
77 2029
77 1961
1702 854
1702 251
1995 385
1995 2010
1690 1706
1690 299
304 959
304 1782
1779 1472
1779 1524
1333 1753
1333 271
559 1649
559 29
1436 245
1436 473
781 2045
781 153
1336 1258
1336 249
508 365
508 1252
45 1353
45 361
1672 1429
1672 1837
163 366
163 785
1830 832
1830 27
1576 1610
1576 2011
167 489
167 920
1904 1621
1904 384
1917 720
1917 208
1935 1061
1935 1807
1674 972
1674 527
918 712
918 1196
129 1055
129 1976
8 633
8 978
1324 746
1324 166
1039 613
1039 1276
1958 842
1958 1238
231 1285
231 1455
730 1374
730 869
1678 1219
1678 1001
914 951
914 1017
765 1578
765 4
1248 837
1248 1748
885 1601
885 2008
342 1618
342 1130
1143 1157
1143 1437
1184 1233
1184 2028
427 758
427 708
711 1933
711 2022
1916 835
1916 632
1994 132
1994 391
348 1505
348 373
1408 1559
1408 1798
265 289
265 767
1352 1766
1352 1497
1070 1319
1070 405
250 1829
250 1125
1088 677
1088 902
916 591
916 1936
1242 1913
1242 1090
1110 586
1110 253
751 435
751 1392
1669 681
1669 1927
1840 809
1840 1347
198 464
198 540
1382 1171
1382 416
1844 1990
1844 1896
338 1624
338 1132
1166 700
1166 154
1113 567
1113 1857
749 1804
749 139
1533 1247
1533 93
321 1600
321 86
1272 913
1272 933
917 977
917 772
814 731
814 2025
434 297
434 1216
1599 554
1599 390
1708 1730
1708 1874
940 1756
940 1691
1605 2039
1605 296
1355 609
1355 1141
563 1735
563 843
268 714
268 1149
334 275
334 285
1535 266
1535 503
170 1781
170 1415
491 2034
491 1052
1543 2019
1543 946
1619 308
1619 1832
1716 186
1716 1381
849 526
849 2020
761 588
761 2014
1704 97
1704 1707
1553 1921
1553 1790
1607 1942
1607 432
2046 793
2046 202
1872 1221
1872 1718
1228 406
1228 1894
519 136
519 270
240 873
240 1906
755 1104
755 646
1268 490
1268 635
642 267
642 1073
1456 1081
1456 612
254 369
254 1758
1932 1089
1932 799
771 392
771 395
1613 841
1613 1632
447 1532
447 574
853 1121
853 975
1544 269
1544 601
148 444
148 863
486 929
486 1776
316 1468
316 281
531 973
531 1645
1522 907
1522 1432
1494 1480
1494 1949
1616 1291
1616 1464
188 598
188 1430
675 1934
675 750
536 1270
536 636
1210 345
1210 614
419 194
419 336
1652 1359
1652 24
1751 51
1751 1948
30 739
30 1136
141 1983
141 344
962 31
962 1585
1541 663
1541 533
1046 754
1046 1289
954 475
954 953
1922 607
1922 2000
1891 570
1891 576
1215 65
1215 1181
222 936
222 351
203 875
203 1759
1163 1647
1163 372
360 931
360 735
90 1167
90 1209
766 340
766 1393
1406 647
1406 529
1231 1369
1231 1251
374 357
374 1572
846 1302
846 1639
669 966
669 226
1117 912
1117 438
1924 1549
1924 195
1900 1033
1900 376
1789 61
1789 1402
2024 1769
2024 207
1598 620
1598 48
1848 1757
1848 1514
941 1581
941 6
1082 409
1082 1095
1467 1967
1467 552
1538 1398
1538 806
1500 748
1500 71
1564 1202
1564 1187
1692 858
1692 1425
892 315
892 1518
185 1029
185 1819
1950 2047
1950 1626
1345 569
1345 589
1694 827
1694 455
702 87
702 1227
1418 42
1418 1473
105 1654
105 1261
1987 762
1987 209
439 1097
439 1733
495 1043
495 788
593 1325
593 1016
1827 1888
1827 505
34 1400
34 611
310 1486
310 896
523 239
523 1445
1160 350
1160 1010
603 1262
603 1488
431 1521
431 1722
246 370
246 313
294 1786
294 263
352 11
352 1364
1780 830
1780 2031
996 1180
996 379
1529 213
1529 1334
897 643
897 500
15 1660
15 840
1026 1841
1026 442
1711 716
1711 69
1929 1491
1929 1146
645 201
645 1440
1493 891
1493 1503
870 423
870 1697
57 1066
57 2009
599 710
599 1344
585 723
585 825
1551 1294
1551 606
1534 1955
1534 1320
1308 98
1308 1882
1054 1244
1054 900
1739 1283
1739 49
1120 1680
1120 899
437 160
437 1295
956 1447
956 131
38 1301
38 2030
1852 1659
1852 834
947 123
947 1015
235 1462
235 1306
1714 1562
1714 1093
430 1504
430 242
1282 1380
1282 1528
104 1284
104 279
58 134
58 282
1133 1092
1133 1810
688 1013
688 319
1008 1451
1008 388
1208 948
1208 1729
102 1592
102 1122
592 1264
592 1867
1596 583
1596 1724
1254 172
1254 974
135 256
135 1348
1515 722
1515 1479
1419 482
1419 525
2 930
2 564
1668 596
1668 778
1427 1357
1427 808
1288 403
1288 850
1490 1049
1490 952
1726 1628
1726 784
1915 924
1915 1839
277 780
277 1351
524 1767
524 1569
901 260
901 1940
118 1941
118 1833
656 911
656 1548
2002 668
2002 70
183 1850
183 1589
1945 1458
1945 792
864 1809
864 1230
1838 1973
1838 1520
212 1965
212 99
404 2044
404 976
692 230
692 407
157 734
157 1063
893 424
893 1720
1266 1379
1266 1801
856 1118
856 690
886 939
886 957
509 1072
509 1003
1292 1719
1292 794
353 1873
353 1884
1103 1036
1103 1060
498 641
498 1341
721 477
721 1938
800 462
800 1788
295 1075
295 1851
1792 168
1792 1311
747 28
747 1434
1372 1193
1372 68
1876 312
1876 895
1561 1815
1561 1687
237 539
237 1971
1834 309
1834 1996
810 1232
810 1218
115 1422
115 127
1384 829
1384 815
1629 358
1629 727
456 796
456 545
1953 521
1953 1537
876 425
876 1860
1975 798
1975 698
238 1005
238 1539
244 867
244 2037
1968 597
1968 1305
565 343
565 1323
921 1315
921 805
1676 1309
1676 908
1405 1746
1405 436
726 192
726 1752
1128 989
1128 1992
683 610
683 1583
1962 1152
1962 142
1165 1658
1165 1555
1982 175
1982 291
657 320
657 1542
64 487
64 1627
2004 1959
2004 2013
1212 1269
1212 1755
889 1450
889 1299
1045 284
1045 697
1161 949
1161 818
763 553
763 1861
1603 801
1603 1686
1011 110
1011 1783
433 1394
433 217
1040 1557
1040 915
119 906
119 839
155 1579
155 1636
1453 1363
1453 833
1169 638
1169 1883
138 1984
138 124
1407 742
1407 520
298 884
298 1764
223 341
223 335
2016 2018
2016 625
717 1420
717 831
1736 990
1736 1009
326 783
326 421
470 1999
470 1116
1368 594
1368 684
224 196
224 1981
1071 1651
1071 1391
1773 471
1773 1396
1148 1098
1148 306
228 1197
228 777
2001 21
2001 2032
1696 1820
1696 713
1065 729
1065 1239
661 855
661 1536
1509 1775
1509 1513
305 1205
305 484
1818 943
1818 1383
180 356
180 991
396 383
396 1354
14 261
14 181
400 819
400 1918
1495 1643
1495 1679
1226 280
1226 1637
1507 769
1507 1027
2043 1898
2043 1749
453 658
453 417
149 706
149 161
786 79
786 10
1530 836
1530 1713
1836 73
1836 1586
25 1566
25 1316
1937 719
1937 1805
1281 882
1281 1441
1220 1931
1220 626
1699 94
1699 189
111 1558
111 550
325 1135
325 728
116 653
116 241
307 1662
307 283
724 1646
724 1881
871 1972
871 1339
1129 1871
1129 980
257 1919
257 1813
1728 323
1728 1516
1183 587
1183 1401
1825 1223
1825 1127
371 566
371 393
1395 1050
1395 397
1800 1823
1800 497
1826 229
1826 1892
1194 1397
1194 1249
1236 1004
1236 380
1057 50
1057 1371
137 1190
137 1225
114 1471
114 541
695 333
695 1446
1020 595
1020 655
233 128
233 1622
1034 1256
1034 1768
1799 349
1799 1126
1448 109
1448 445
775 1630
775 1114
1673 1134
1673 1923
327 821
327 648
1684 1575
1684 1685
812 619
812 1642
43 1318
43 1304
1489 78
1489 1498
1388 1385
1388 1188
252 1416
252 664
429 926
429 753
674 546
674 2038
1846 1111
1846 1083
1259 1483
1259 1
802 1567
802 1417
40 852
40 848
1286 1048
1286 1174
1293 560
1293 287
147 1615
147 1563
627 868
627 1177
880 89
880 1267
408 1290
408 480
515 234
515 555
1243 1342
1243 1077
1201 950
1201 314
1317 557
1317 615
95 1035
95 227
1849 451
1849 1287
1019 84
1019 355
528 112
528 1732
872 584
872 1974
1907 999
1907 1168
1064 1250
1064 1946
20 1362
20 673
120 1370
120 1021
1617 1260
1617 1666
549 1510
549 1580
851 811
851 1797
1960 888
1960 1878
164 1956
164 368
117 955
117 1349
1620 1993
1620 317
1044 1213
1044 1340
23 1591
23 1470
1969 1461
1969 1338
650 301
650 1794
898 1523
898 328
680 1442
680 2036
573 80
573 1608
579 532
579 662
857 452
857 1612
504 1053
504 1438
469 1314
469 970
1002 1526
1002 693
704 534
704 1275
1444 1887
1444 707
535 1812
535 106
1606 1814
1606 1856
1241 760
1241 1042
617 457
617 1611
1623 925
1623 701
1631 1164
1631 56
992 1172
992 7
288 179
288 1698
1947 1695
1947 414
1413 1079
1413 1889
441 756
441 1350
258 993
258 1777
1322 752
1322 2006
894 26
894 1880
982 1925
982 2003
449 826
449 1903
478 1028
478 986
1989 1731
1989 1901
446 1199
446 672
774 1519
774 1760
66 19
66 578
813 506
813 411
791 1824
791 1454
1547 1791
1547 1635
339 1030
339 1024
1565 46
1565 126
1387 1869
1387 1074
1853 1499
1853 628
510 1206
510 640
1763 1119
1763 92
1710 1512
1710 1681
1376 1100
1376 743
1018 1568
1018 150
145 1186
145 191
1688 443
1688 1640
623 1265
623 1501
1774 377
1774 887
1727 190
1727 363
156 158
156 654
1271 1911
1271 1550
1156 958
1156 860
1506 401
1506 264
1410 602
1410 1531
463 85
463 221
413 1459
413 1153
300 1144
300 165
572 1484
572 1664
1787 426
1787 53
101 293
101 689
1821 1877
1821 1737
1750 1842
1750 1224
1358 159
1358 100
367 797
367 174
741 696
741 1985
1741 62
1741 1403
705 2033
705 1582
779 386
779 1590
502 1885
502 1663
1546 994
1546 399
91 311
91 1705
666 2026
666 1211
987 1080
987 1237
103 715
103 903
1439 988
1439 459
1330 458
1330 1511
215 60
215 176
1375 422
1375 402
33 979
33 1115
1745 1399
1745 1147
919 1424
919 1474
2012 1986
2012 492
1373 1465
1373 1062
1670 187
1670 1700
1778 1109
1778 1246
2029 790
2029 72
1961 466
1961 1744
854 1307
854 1443
251 1087
251 644
385 928
385 764
2010 1377
2010 1255
1706 1240
1706 1738
299 1855
299 547
959 1988
959 1571
1782 670
1782 935
1472 1356
1472 18
1524 171
1524 1657
1753 63
1753 13
271 1970
271 937
1649 738
1649 1229
29 1476
29 1085
245 1173
245 1310
473 1423
473 828
2045 1328
2045 1478
153 983
153 243
1258 1644
1258 1588
249 838
249 1785
365 718
365 878
1252 985
1252 67
1353 418
1353 2021
361 1963
361 1412
1429 1337
1429 1816
1837 1604
1837 795
366 1041
366 292
785 580
785 1300
832 694
832 789
27 1142
27 1914
1610 1257
1610 910
2011 909
2011 1279
489 107
489 1235
920 389
920 468
1621 481
1621 178
384 428
384 1793
720 1084
720 162
208 1811
208 685
1061 1326
1061 1879
1807 1928
1807 1207
972 1893
972 1633
527 1217
527 927
712 75
712 770
1196 1298
1196 1625
1055 9
1055 1998
1976 518
1976 273
633 3
633 1802
978 1032
978 398
