1023 2047 463088179
338 306
338 53
306 488
306 896
53 565
53 559
488 895
488 793
896 303
896 440
565 209
565 348
559 752
559 188
895 880
895 184
793 580
793 180
303 777
303 393
440 280
440 675
209 329
209 321
348 107
348 844
752 27
752 758
188 946
188 267
880 787
880 33
184 524
184 250
580 585
580 461
180 1015
180 1
777 44
777 840
393 720
393 884
280 334
280 309
675 978
675 529
329 987
329 259
321 15
321 610
107 882
107 516
844 802
844 966
27 623
27 596
758 136
758 166
946 80
946 38
267 172
267 770
787 936
787 892
33 443
33 384
524 725
524 142
250 397
250 187
585 569
585 433
461 970
461 742
1015 28
1015 706
1 718
1 668
44 201
44 812
840 504
840 310
720 413
720 853
884 843
884 229
334 460
334 240
309 484
309 556
978 968
978 372
529 217
529 790
987 551
987 1012
259 735
259 526
15 523
15 740
610 330
610 89
882 193
882 682
516 57
516 940
802 715
802 532
966 449
966 221
623 300
623 228
596 996
596 219
136 992
136 236
166 151
166 528
80 457
80 739
38 603
38 468
172 784
172 212
770 865
770 373
936 337
936 567
892 600
892 55
443 982
443 781
384 901
384 275
725 598
725 39
142 396
142 383
397 972
397 919
187 36
187 538
569 729
569 748
433 196
433 248
970 810
970 25
742 510
742 366
28 817
28 160
706 622
706 912
718 818
718 206
668 829
668 227
201 76
201 755
812 305
812 467
504 703
504 613
310 88
310 954
413 390
413 830
853 665
853 412
843 995
843 230
229 159
229 324
460 342
460 255
240 100
240 293
484 774
484 205
556 586
556 593
968 405
968 14
372 531
372 522
217 724
217 726
790 698
790 16
551 1011
551 976
1012 207
1012 147
735 783
735 112
526 920
526 64
523 836
523 197
740 92
740 438
330 944
330 540
89 335
89 566
193 428
193 728
682 915
682 401
57 204
57 571
940 404
940 917
715 378
715 171
532 178
532 766
449 85
449 465
221 530
221 63
300 809
300 173
228 520
228 122
996 493
996 150
219 376
219 789
992 46
992 773
236 969
236 161
151 627
151 588
528 607
528 220
457 871
457 241
739 52
739 943
603 252
603 256
468 96
468 574
784 712
784 37
212 785
212 43
865 907
865 474
373 905
373 839
337 816
337 399
567 621
567 822
600 402
600 1001
55 642
55 925
982 515
982 349
781 31
781 12
901 616
901 279
275 175
275 237
598 501
598 573
39 114
39 74
396 125
396 632
383 72
383 264
972 257
972 69
919 105
919 10
36 200
36 1018
538 93
538 503
729 260
729 805
748 545
748 961
196 491
196 863
248 292
248 146
810 408
810 222
25 708
25 678
510 942
510 760
366 244
366 582
817 276
817 691
160 377
160 617
622 981
622 140
912 496
912 47
818 165
818 81
206 932
206 933
829 111
829 422
227 643
227 671
76 106
76 694
755 429
755 862
305 779
305 690
467 179
467 746
703 343
703 854
613 162
613 307
88 117
88 664
954 120
954 119
390 980
390 362
830 164
830 988
665 66
665 185
412 876
412 672
995 59
995 614
230 723
230 133
159 1009
159 918
324 741
324 979
342 644
342 1003
255 518
255 54
100 806
100 87
293 618
293 458
774 562
774 270
205 677
205 738
586 296
586 224
593 1008
593 803
405 199
405 472
14 716
14 437
531 45
531 827
522 999
522 364
724 67
724 820
726 479
726 963
698 299
698 563
16 82
16 965
1011 283
1011 214
976 308
976 921
207 653
207 913
147 2
147 771
783 609
783 421
112 223
112 937
920 347
920 893
64 568
64 277
836 272
836 502
197 363
197 927
92 344
92 578
438 539
438 879
944 1002
944 514
540 20
540 1017
335 512
335 792
566 463
566 886
428 874
428 872
728 815
728 584
915 934
915 659
401 447
401 710
204 370
204 163
571 977
571 22
404 420
404 536
917 62
917 318
378 170
378 768
171 475
171 423
178 676
178 249
766 268
766 356
85 141
85 287
465 546
465 624
530 962
530 367
63 557
63 638
809 581
809 419
173 439
173 290
520 636
520 451
122 576
122 695
493 361
493 476
150 861
150 974
376 79
376 258
789 316
789 138
46 989
46 731
773 597
773 482
969 852
969 825
161 938
161 505
627 483
627 904
588 620
588 709
607 583
607 680
220 870
220 84
871 1016
871 838
241 1020
241 284
52 749
52 689
943 990
943 794
252 494
252 466
256 345
256 998
96 711
96 371
574 247
574 470
712 398
712 985
37 355
37 697
785 246
785 319
43 102
43 360
907 450
907 997
474 541
474 841
905 297
905 35
839 332
839 294
816 278
816 701
399 123
399 683
621 359
621 986
822 832
822 521
402 469
402 688
1001 858
1001 453
642 103
642 786
925 8
925 763
515 129
515 655
349 1023
349 634
31 21
31 860
12 991
12 908
616 65
616 339
279 391
279 877
175 833
175 804
237 24
237 776
501 225
501 757
573 181
573 630
114 18
114 823
74 403
74 113
125 956
125 692
632 924
632 658
72 427
72 679
264 647
264 233
257 379
257 611
69 389
69 42
105 95
105 444
10 994
10 26
200 323
200 575
1018 902
1018 374
93 441
93 534
503 734
503 645
260 130
260 5
805 435
805 527
545 17
545 837
961 900
961 813
491 454
491 629
863 537
863 215
292 477
292 286
146 975
146 778
408 525
408 906
222 189
222 885
708 9
708 351
678 145
678 656
942 434
942 208
760 495
760 326
244 875
244 459
582 801
582 931
276 452
276 717
691 859
691 253
377 239
377 535
617 30
617 555
981 497
981 381
140 251
140 909
496 320
496 639
47 473
47 121
165 485
165 1010
81 11
81 101
932 714
932 490
933 340
933 674
111 295
111 791
422 553
422 202
643 157
643 599
671 788
671 807
106 800
106 652
694 869
694 40
429 91
429 1022
862 134
862 835
779 911
779 935
690 687
690 75
179 314
179 507
746 964
746 78
343 174
343 448
854 442
854 775
162 411
162 808
307 543
307 148
117 478
117 3
664 198
664 265
120 511
120 579
119 615
119 628
980 517
980 826
362 948
362 245
164 400
164 855
988 274
988 699
66 641
66 550
185 19
185 605
876 48
876 70
672 143
672 633
59 959
59 702
614 137
614 631
723 331
723 486
133 899
133 663
1009 104
1009 108
918 693
918 657
741 1013
741 782
979 262
979 866
644 660
644 357
1003 139
1003 210
518 446
518 375
54 867
54 554
806 737
806 845
87 426
87 513
618 649
618 973
458 158
458 56
562 601
562 169
270 234
270 881
677 211
677 116
738 6
738 957
296 431
296 462
224 506
224 592
1008 796
1008 313
803 704
803 50
199 519
199 269
472 109
472 304
716 86
716 7
437 606
437 302
45 1021
45 953
827 131
827 949
999 922
999 846
364 914
364 727
67 713
67 4
820 941
820 650
479 58
479 34
963 409
963 759
299 380
299 619
563 186
563 646
82 194
82 415
965 635
965 182
283 939
283 481
214 883
214 471
308 176
308 195
921 238
921 135
653 930
653 799
913 191
913 498
2 382
2 235
771 353
771 445
609 333
609 847
421 190
421 651
223 369
223 509
937 455
937 352
347 203
347 98
893 926
893 958
568 192
568 856
277 410
277 732
272 686
272 700
502 602
502 168
363 577
363 673
927 736
927 772
344 824
344 745
578 83
578 128
539 595
539 828
879 118
879 667
1002 722
1002 681
514 418
514 500
20 797
20 547
1017 216
1017 341
512 744
512 149
792 254
792 1005
463 564
463 733
886 288
886 897
874 154
874 425
872 127
872 424
815 13
815 604
584 291
584 848
934 368
934 891
659 798
659 993
447 608
447 558
710 754
710 661
370 156
370 916
163 743
163 77
977 851
977 312
22 765
22 1006
420 242
420 416
536 358
536 544
62 115
62 890
318 764
318 1007
170 888
170 670
768 301
768 894
475 124
475 831
423 719
423 561
676 327
676 273
249 271
249 666
268 328
268 414
356 218
356 868
141 325
141 814
287 552
287 487
546 648
546 684
624 430
624 612
962 625
962 322
367 637
367 285
557 144
557 365
638 51
638 41
581 889
581 388
419 350
419 183
439 842
439 849
290 878
290 756
636 94
636 23
451 97
451 548
576 61
576 857
695 289
695 594
361 572
361 336
476 549
476 387
861 261
861 1000
974 685
974 152
79 747
79 1014
258 346
258 589
316 560
316 311
138 231
138 960
989 821
989 499
731 492
731 669
597 903
597 232
482 49
482 971
852 950
852 819
825 945
825 126
938 967
938 984
505 386
505 153
483 315
483 587
904 385
904 983
620 407
620 705
709 71
709 873
583 32
583 542
680 753
680 626
870 761
870 707
84 662
84 730
1016 750
1016 923
838 480
838 226
1020 263
1020 910
284 590
284 864
749 436
749 456
689 417
689 1004
990 282
990 406
794 929
794 243
494 640
494 489
466 132
466 952
345 769
345 395
998 533
998 767
711 298
711 780
371 795
371 167
247 834
247 281
470 955
470 508
398 90
398 591
985 432
985 29
355 213
355 354
697 1019
697 762
246 99
246 68
319 392
319 721
102 654
102 811
360 73
360 947
450 570
450 898
997 177
997 394
541 317
541 110
841 696
841 887
297 850
297 951
35 751
35 464
332 155
332 928
294 266
294 60
765 154
765 1930
154 1087
154 408
1930 150
1930 1892
1087 1209
1087 631
408 1290
408 437
150 1546
150 949
1892 1181
1892 975
1209 1620
1209 1882
631 1552
631 747
1290 1233
1290 79
437 1314
437 1607
1546 1910
1546 948
949 1201
949 91
1181 1843
1181 968
975 278
975 293
1620 1337
1620 194
1882 1791
1882 1968
1552 1653
1552 891
747 965
747 1339
1233 444
1233 405
79 14
79 1819
1314 1874
1314 1282
1607 925
1607 1604
1910 931
1910 1106
948 763
948 84
1201 796
1201 100
91 1832
91 130
1843 355
1843 1672
968 1411
968 59
278 1204
278 417
293 1901
293 242
1337 515
1337 1746
194 1793
194 851
1791 1722
1791 1710
1968 11
1968 575
1653 892
1653 1334
891 1088
891 311
965 549
965 1111
1339 1079
1339 1630
444 454
444 755
405 1726
405 465
14 671
14 1568
1819 1396
1819 1124
1874 1440
1874 890
1282 1461
1282 342
925 907
925 1945
1604 1762
1604 1475
931 1765
931 371
1106 606
1106 1637
763 467
763 1392
84 266
84 1349
796 381
796 1963
100 1163
100 936
1832 1723
1832 1700
130 281
130 895
355 1265
355 1603
1672 261
1672 930
1411 277
1411 1839
59 1202
59 1313
1204 436
1204 106
417 883
417 42
1901 1857
1901 1256
242 1596
242 1533
515 1574
515 517
1746 1677
1746 1423
1793 1387
1793 1609
851 588
851 619
1722 318
1722 1684
1710 756
1710 429
11 349
11 1024
575 420
575 243
892 670
892 1447
1334 1001
1334 1197
1088 1853
1088 1979
311 1685
311 380
549 754
549 1239
1111 1264
1111 1885
1079 369
1079 1703
1630 1595
1630 1158
454 1759
454 784
755 806
755 1213
1726 650
1726 913
465 718
465 25
671 1593
671 1050
1568 1811
1568 387
1396 480
1396 1984
1124 334
1124 1123
1440 479
1440 535
890 1869
890 77
1461 109
1461 1554
342 1847
342 712
907 1690
907 339
1945 1951
1945 1032
1762 666
1762 742
1475 1564
1475 1817
1765 1371
1765 829
371 64
371 1285
606 438
606 125
1637 1679
1637 303
467 2044
467 776
1392 1070
1392 2009
266 1044
266 1737
1349 1434
1349 1652
381 1635
381 466
1963 1033
1963 964
1163 1128
1163 217
936 1324
936 146
1723 1225
1723 1558
1700 882
1700 60
281 1373
281 1278
895 1733
895 906
1265 1617
1265 1146
1603 1429
1603 1693
261 1455
261 1180
930 1665
930 422
277 752
277 707
1839 1614
1839 1936
1202 879
1202 910
1313 801
1313 447
436 2004
436 1243
106 1395
106 785
883 1809
883 1912
42 1887
42 1219
1857 1778
1857 1250
1256 74
1256 1472
1596 1825
1596 1866
1533 813
1533 1711
1574 1927
1574 738
517 1788
517 887
1677 1643
1677 922
1423 1485
1423 1413
1387 1105
1387 1697
1609 1460
1609 163
588 358
588 2018
619 192
619 310
318 1422
318 1565
1684 360
1684 134
756 1539
756 414
429 1659
429 1144
349 1779
349 1513
1024 953
1024 2027
420 885
420 115
243 1292
243 1356
670 413
670 424
1447 608
1447 1813
1001 1082
1001 195
1197 1215
1197 1266
1853 1170
1853 488
1979 2025
1979 779
1685 1280
1685 1375
380 534
380 1680
754 993
754 713
1239 2023
1239 513
1264 1803
1264 299
1885 6
1885 985
369 1804
369 527
1703 1510
1703 974
1595 1544
1595 1066
1158 85
1158 1381
1759 1573
1759 934
784 1815
784 1008
806 1787
806 1500
1213 838
1213 352
650 90
650 17
913 199
913 1463
718 1777
718 770
25 823
25 822
1593 926
1593 1102
1050 723
1050 52
1811 1193
1811 1127
387 1267
387 661
480 1275
480 1194
1984 30
1984 1351
334 1718
334 1398
1123 999
1123 1011
479 224
479 70
535 653
535 256
1869 514
1869 932
77 1453
77 1656
109 172
109 452
1554 1444
1554 127
1847 1675
1847 669
712 659
712 500
1690 1326
1690 1152
339 1696
339 46
1951 902
1951 1002
1032 1006
1032 229
666 304
666 830
742 1081
742 1279
1564 244
1564 795
1817 1067
1817 184
1371 370
1371 1738
829 1073
829 1046
64 1502
64 82
1285 943
1285 1091
438 1695
438 869
125 2005
125 1177
1679 586
1679 227
303 540
303 1529
2044 346
2044 1985
776 951
776 86
1070 1907
1070 1244
2009 941
2009 166
1044 282
1044 490
1737 655
1737 1499
1434 1353
1434 33
1652 1538
1652 234
1635 279
1635 991
466 295
466 1470
1033 1376
1033 1380
964 1417
964 1212
1128 298
1128 1763
217 213
217 1276
1324 1671
1324 788
146 1856
146 341
1225 1200
1225 1704
1558 542
1558 205
882 1309
882 1052
60 998
60 1118
1373 1090
1373 646
1278 878
1278 156
1733 635
1733 746
906 140
906 58
1617 132
1617 486
1146 920
1146 1512
1429 1775
1429 1189
1693 188
1693 1641
1455 22
1455 1975
1180 1507
1180 316
1665 1599
1665 550
422 1549
422 449
752 7
752 559
707 329
707 938
1614 981
1614 484
1936 1126
1936 751
879 1295
879 1310
910 808
910 1272
801 1933
801 1768
447 251
447 1029
2004 1625
2004 94
1243 143
1243 1465
1395 711
1395 431
785 583
785 1870
1809 95
1809 616
1912 57
1912 1010
1887 2010
1887 1476
1219 1140
1219 1705
1778 516
1778 996
1250 1208
1250 174
74 658
74 1994
1472 183
1472 1428
1825 463
1825 359
1866 1589
1866 314
813 1571
813 357
1711 662
1711 305
1927 1312
1927 122
738 1391
738 1108
1788 840
1788 565
887 1689
887 816
1643 1741
1643 1749
922 1608
922 1065
1485 1322
1485 323
1413 204
1413 169
1105 1534
1105 622
1697 615
1697 955
1460 354
1460 1288
163 1132
163 843
358 973
358 1977
2018 399
2018 794
192 1230
192 1344
310 2007
310 375
1422 308
1422 1925
1565 504
1565 819
360 1798
360 54
134 1865
134 264
1539 1062
1539 643
414 434
414 528
1659 564
1659 592
1144 1592
1144 1269
1779 558
1779 425
1513 1503
1513 905
953 802
953 1686
2027 373
2027 1446
885 26
885 1676
115 639
115 860
1292 231
1292 201
1356 657
1356 1661
413 499
413 1400
424 1989
424 1355
608 18
608 529
1813 1918
1813 226
1082 198
1082 873
195 1871
195 1958
1215 744
1215 766
1266 432
1266 1409
1170 1319
1170 607
488 142
488 818
2025 2045
2025 2017
779 695
779 2031
1280 340
1280 1301
1375 397
1375 1359
534 83
534 826
1680 263
1680 495
993 1120
993 1222
713 1790
713 1490
2023 171
2023 1618
513 332
513 1536
1803 448
1803 468
299 1000
299 935
6 1720
6 185
985 418
985 1133
1804 450
1804 876
527 680
527 160
1510 1255
1510 1756
974 187
974 761
1544 520
1544 1942
1066 1517
1066 1007
85 347
85 719
1381 1354
1381 1045
1573 1393
1573 269
934 1644
934 1767
1815 364
1815 1064
1008 330
1008 1251
1787 556
1787 1022
1500 745
1500 1976
838 1556
838 1489
352 1601
352 12
90 1896
90 1516
17 702
17 1053
199 1550
199 1935
1463 1701
1463 1841
1777 1013
1777 988
770 1464
770 1820
823 1072
823 966
822 255
822 1
926 1416
926 1297
1102 561
1102 428
723 1875
723 1511
52 1615
52 1131
1193 858
1193 1781
1127 1810
1127 1274
1267 38
1267 1402
661 1345
661 421
1275 1308
1275 1730
1194 1234
1194 1188
30 1917
30 1537
1351 610
1351 464
1718 706
1718 1175
1398 1904
1398 343
999 335
999 1336
1011 600
1011 2030
224 1025
224 80
70 584
70 1542
653 1406
653 3
256 1789
256 526
514 294
514 617
932 1199
932 789
1453 1390
1453 47
1656 1363
1656 186
172 401
172 1650
452 1450
452 88
1444 215
1444 699
127 710
127 103
1675 1237
1675 1752
669 1716
669 1971
659 252
659 1881
500 1468
500 790
1326 1378
1326 929
1152 1646
1152 1835
1696 1674
1696 1432
46 1005
46 720
902 1442
902 1946
1002 1928
1002 1845
1006 331
1006 724
229 1900
229 1100
304 624
304 750
830 1366
830 108
1081 641
1081 1421
1279 98
1279 1186
244 1657
244 44
795 1636
795 1433
1067 525
1067 40
184 181
184 1383
370 1792
370 1458
1738 1174
1738 1757
1073 1801
1073 1300
1046 388
1046 1098
1502 135
1502 1916
82 894
82 147
943 1894
943 817
1091 1520
1091 470
1695 1164
1695 904
869 149
869 306
2005 797
2005 709
1177 1156
1177 1415
586 704
586 881
227 290
227 1184
540 571
540 1075
1529 1876
1529 1478
346 1051
346 1991
1985 1341
1985 1084
951 880
951 1760
86 283
86 962
1907 164
1907 684
1244 532
1244 472
941 928
941 1214
166 344
166 762
282 1734
282 604
490 1332
490 778
655 621
655 286
1499 1058
1499 1982
1353 579
1353 1543
33 563
33 1948
1538 2015
1538 798
234 1732
234 708
279 701
279 847
991 9
991 118
295 426
295 1855
1470 1445
1470 827
1376 927
1376 1836
1380 1425
1380 180
1417 1771
1417 921
1212 1890
1212 1173
298 1389
298 692
1763 202
1763 1518
213 1228
213 133
1276 2046
1276 168
1671 740
1671 693
788 1317
788 1580
1856 1047
1856 687
341 1699
341 727
1200 572
1200 1648
1704 557
1704 1093
542 1960
542 1785
205 676
205 1287
1309 45
1309 821
1052 791
1052 732
998 714
998 219
1118 1488
1118 1340
1090 731
1090 1252
646 1401
646 771
878 1750
878 2014
156 49
156 1851
635 1451
635 1774
746 1740
746 1122
140 1303
140 673
58 144
58 93
132 1167
132 1954
486 56
486 1906
920 611
920 698
1512 644
1512 66
1775 1023
1775 1456
1189 292
1189 509
188 581
188 987
1641 601
1641 491
22 498
22 276
1975 1330
1975 265
1507 1112
1507 1207
316 1493
316 1997
1599 842
1599 162
550 1992
550 1776
1549 1575
1549 1852
449 863
449 1651
7 496
7 2033
559 963
559 1333
329 1921
329 1667
938 1965
938 1905
981 442
981 502
484 1833
484 1666
1126 638
1126 321
751 402
751 1623
1295 896
1295 1540
1310 1578
1310 1521
808 1980
808 1911
1272 1709
1272 119
1933 1438
1933 377
1768 487
1768 2039
251 1557
251 317
1029 2043
1029 845
1625 804
1625 489
94 2029
94 197
143 1437
143 1736
1465 233
1465 1784
711 1969
711 406
431 686
431 113
583 2024
583 1139
1870 63
1870 1096
95 1772
95 223
616 1229
616 1165
57 1837
57 121
1010 1331
1010 730
2010 2019
2010 900
1476 768
1476 155
1140 289
1140 582
1705 682
1705 899
516 862
516 248
996 605
996 1048
1208 296
1208 1043
174 1634
174 809
658 877
658 524
1994 1678
1994 1236
183 1909
183 1068
1428 1232
1428 114
463 1089
463 849
359 1085
359 580
1589 1848
1589 270
314 997
314 1598
1571 585
1571 1099
357 1824
357 112
662 939
662 501
305 909
305 886
1312 319
1312 1966
122 1505
122 959
1391 322
1391 967
1108 1467
1108 1610
840 1903
840 1435
565 1304
565 994
1689 531
1689 1773
816 1506
816 2028
1741 1492
1741 1743
1749 1183
1749 376
1608 379
1608 916
1065 1294
1065 782
1322 1496
1322 1932
323 1227
323 235
204 309
204 1169
169 1235
169 1861
1534 1613
1534 253
622 660
622 675
615 1524
615 780
955 1638
955 640
354 250
354 81
1288 1092
1288 473
1132 1780
1132 1077
843 455
843 395
973 1281
973 1113
1977 1818
1977 1532
399 865
399 383
794 792
794 237
1230 1753
1230 908
1344 1361
1344 1988
2007 453
2007 1611
375 363
375 196
308 1057
308 678
1925 72
1925 1959
504 1795
504 1805
819 1681
819 1794
1798 651
1798 1191
54 2041
54 1471
1865 903
1865 625
264 1840
264 62
1062 1950
1062 1934
643 1172
643 2016
434 618
434 976
528 1838
528 1766
564 846
564 1713
592 477
592 1365
1592 182
1592 2038
1269 1151
1269 267
558 1150
558 16
425 1755
425 1166
1503 1640
1503 1629
905 868
905 246
802 1823
802 1754
1686 1939
1686 679
373 1037
373 674
1446 1059
1446 1998
26 1004
26 1782
1676 503
1676 1217
639 1735
639 1519
860 1497
860 2022
231 1223
231 200
201 924
201 382
657 1327
657 1138
1661 1814
1661 107
499 27
499 97
1400 1360
1400 1594
1989 257
1989 126
1355 1296
1355 393
18 120
18 1259
529 1254
529 1844
1918 1020
1918 591
226 1938
226 1382
198 391
198 1802
873 897
873 1577
1871 271
1871 1241
1958 1224
1958 871
744 1523
744 1257
766 1192
766 280
432 1419
432 1654
1409 1035
1409 1457
1319 681
1319 1248
607 741
607 1567
142 824
142 300
818 161
818 1587
2045 179
2045 1708
2017 1104
2017 1143
695 2036
695 238
2031 1955
2031 1367
340 1662
340 1962
1301 2002
1301 836
397 793
397 1136
1359 476
1359 594
83 1293
83 1728
826 1129
826 61
263 451
263 254
495 1060
495 10
1120 889
1120 1854
1222 1328
1222 850
1790 430
1790 1388
1490 69
1490 1664
171 1515
171 911
1618 416
1618 1311
332 715
332 378
1536 1914
1536 1873
448 947
448 972
468 1973
468 700
1000 1673
1000 1967
935 898
935 216
1720 212
1720 110
185 874
185 1431
418 1541
418 1036
1133 190
1133 1307
450 760
450 1547
876 1940
876 1576
680 129
680 151
160 117
160 493
1255 1261
1255 1898
1756 1619
1756 1178
187 1858
187 137
761 460
761 325
520 481
520 1570
1942 854
1942 1745
1517 917
1517 980
1007 4
1007 1919
347 1086
347 855
719 511
719 1141
1354 1566
1354 1551
1045 551
1045 828
1393 1211
1393 1021
269 1054
269 523
1644 1597
1644 995
1767 609
1767 977
364 937
364 2020
1064 1329
1064 19
330 519
330 645
1251 800
1251 68
556 569
556 539
1022 717
1022 1670
745 772
745 574
1976 1702
1976 1083
1556 1724
1556 353
1489 867
1489 736
1601 89
1601 689
12 1289
12 350
1896 1097
1896 1528
1516 1725
1516 915
702 32
702 1384
1053 1590
1053 1864
1550 116
1550 1210
1935 1030
1935 1624
1701 148
1701 1944
1841 1622
1841 1970
1013 327
1013 774
988 1893
988 518
1464 832
1464 1902
1820 99
1820 208
1072 576
1072 441
966 1041
966 351
255 1039
255 1196
1 176
1 1459
1416 1306
1416 757
1297 1135
1297 273
561 815
561 533
428 866
428 656
1875 1121
1875 901
1511 512
1511 471
1615 654
1615 320
1131 1015
1131 781
858 722
858 232
1781 275
1781 664
1810 105
1810 510
1274 685
1274 1286
38 1190
38 262
1402 623
1402 221
1345 386
1345 1719
421 1987
421 1915
1308 1038
1308 1271
1730 667
1730 1569
1234 459
1234 923
1188 1645
1188 1130
1917 1443
1917 853
1537 191
1537 1408
610 950
610 807
464 1449
464 888
706 1195
706 457
1175 1545
1175 538
1904 1480
1904 672
343 547
343 1385
335 1796
335 1588
1336 1868
1336 1842
600 1448
600 767
2030 970
2030 1883
1025 1368
1025 758
80 677
80 2001
584 2011
584 1379
1542 1527
1542 1799
1406 34
1406 1168
3 1605
3 508
1789 1669
1789 554
526 1996
526 663
294 834
294 820
617 338
617 1125
1199 1830
1199 753
789 872
789 1034
1390 952
1390 1436
47 1016
47 1479
1363 315
1363 222
186 462
186 478
401 864
401 1218
1650 1226
1650 971
1450 859
1450 1961
88 302
88 589
215 13
215 50
699 1682
699 409
710 599
710 394
103 1454
103 1612
1237 544
1237 1621
1752 1240
1752 37
1716 1283
1716 703
1971 691
1971 688
252 1668
252 225
1881 348
1881 390
1468 104
1468 2006
790 1171
790 1964
1378 1095
1378 1562
929 1231
929 1707
1646 1531
1646 613
1835 1981
1835 875
1674 362
1674 239
1432 407
1432 919
1005 825
1005 1061
720 612
720 167
1442 236
1442 1826
1946 1649
1946 398
1928 1828
1928 577
1845 983
1845 2000
331 1561
331 1441
724 1957
724 400
1900 1019
1900 1797
1100 733
1100 1872
624 1920
624 245
750 1114
750 848
1366 1026
1366 1203
108 249
108 1498
641 602
641 620
1421 598
1421 1504
98 29
98 630
1186 536
1186 39
1657 748
1657 1018
44 1246
44 1863
1636 92
1636 1270
1433 734
1433 1321
525 102
525 193
40 1482
40 1908
181 272
181 297
1383 831
1383 989
1792 153
1792 593
1458 1786
1458 1553
1174 632
1174 812
1757 1176
1757 634
1801 410
1801 697
1300 211
1300 1748
388 870
388 1846
1098 841
1098 507
135 1712
135 1937
1916 1807
1916 627
894 786
894 990
147 1729
147 1277
1894 1115
1894 1221
817 469
817 1080
1520 537
1520 839
470 372
470 1751
1164 1420
1164 404
904 1160
904 1834
149 73
149 705
306 942
306 1481
797 1179
797 2026
709 8
709 1263
1156 1473
1156 555
1415 1153
1415 1888
704 1134
704 1972
881 65
881 260
290 1074
290 139
1184 721
1184 553
571 123
571 743
1075 1956
1075 799
1876 366
1876 159
1478 1800
1478 1291
1051 597
1051 203
1991 439
1991 783
1341 521
1341 173
1084 984
1084 1978
880 291
880 590
1760 443
1760 1816
283 1399
283 20
962 1895
962 259
164 1315
164 1028
684 1320
684 71
532 1494
532 1076
472 28
472 652
928 189
928 336
1214 1769
1214 1616
344 361
344 492
762 954
762 284
1734 716
1734 241
604 665
604 1350
1332 1913
1332 2008
778 1514
778 53
621 1372
621 541
286 642
286 1953
1058 1783
1058 368
1982 445
1982 1412
579 385
579 1071
1543 729
1543 1245
563 1572
563 573
1948 1147
1948 570
2015 505
2015 1273
798 136
798 566
1732 543
1732 345
708 1484
708 1683
701 41
701 1974
847 1078
847 1253
9 5
9 1548
118 506
118 423
426 1410
426 637
1855 1660
1855 1302
1445 1744
1445 367
827 969
827 805
927 2003
927 1721
1836 1877
1836 497
1425 1584
1425 403
180 773
180 1407
1771 1559
1771 1501
921 228
921 567
1890 552
1890 933
1173 1335
1173 690
1389 914
1389 1205
692 1094
692 2047
202 240
202 474
1518 1687
1518 1247
1228 1983
1228 1142
133 626
133 1891
2046 175
2046 1880
168 145
168 1591
740 1055
740 415
693 562
693 1056
1317 1110
1317 595
1580 1348
1580 1508
1047 1806
1047 328
687 1017
687 1474
1699 1582
1699 207
727 1268
727 1405
572 313
572 1343
1648 2037
1648 475
557 1358
557 1370
1093 530
1093 494
1960 545
1960 1414
1785 1487
1785 1157
676 957
676 177
1287 628
1287 1739
45 1714
45 170
821 1812
821 1581
791 87
791 1109
732 124
732 614
714 958
714 844
219 324
219 1563
1488 268
1488 856
1340 735
1340 1560
731 485
731 725
1252 258
1252 1182
1401 1663
1401 2035
771 35
771 2040
1750 1424
1750 2012
2014 578
2014 837
49 435
49 1655
1851 548
1851 461
1451 944
1451 1452
1774 833
1774 1827
1740 36
1740 1162
1122 365
1122 1639
1303 648
1303 1299
673 1761
673 1374
144 918
144 1249
93 1377
93 1009
1167 2021
1167 1159
1954 1491
1954 1602
56 1886
56 1694
1906 956
1906 1526
611 1137
611 1318
698 668
698 285
644 568
644 1394
66 396
66 1731
1023 649
1023 210
1456 2032
1456 1462
292 152
292 214
509 861
509 2034
581 1579
581 131
987 992
987 1627
601 1119
601 629
491 1986
491 433
498 24
498 696
276 1477
276 1262
1330 307
1330 78
265 1628
265 337
1112 1742
1112 1706
1207 2
1207 1117
1493 1426
1493 737
1997 1305
1997 1926
842 1404
842 1260
162 1238
162 1040
1992 312
1992 301
1776 178
1776 978
1575 1929
1575 633
1852 814
1852 1764
863 1993
863 48
1651 1808
1651 1346
496 1220
496 141
2033 446
2033 128
963 1642
963 1198
1333 1216
1333 946
1921 1632
1921 603
1667 1952
1667 1258
1965 1145
1965 1923
1905 1509
1905 1325
442 1631
442 1943
502 1403
502 1947
1833 1829
1833 1483
1666 884
1666 1990
638 1466
638 23
321 683
321 75
402 1633
402 326
1623 458
1623 1187
896 1397
896 1357
1540 912
1540 1691
1578 1770
1578 1850
1521 835
1521 1821
1980 1715
1980 440
1911 1849
1911 288
1709 1859
1709 1583
119 961
119 482
1438 1860
1438 1338
377 1430
377 1535
487 960
487 356
2039 1486
2039 1626
1557 1369
1557 1362
317 1116
317 165
2043 392
2043 1107
845 1316
845 274
804 596
804 1758
489 31
489 411
2029 333
2029 1862
197 55
197 427
1437 1206
1437 1879
1736 560
1736 1386
233 2013
233 1831
1784 1692
1784 1042
1969 1185
1969 1364
406 1161
406 1555
686 1530
686 1522
113 749
113 769
2024 67
2024 1049
1139 101
1139 1103
63 1284
63 1323
1096 1014
1096 43
1772 412
1772 2042
223 986
223 21
1229 218
1229 1727
1165 979
1165 1606
1837 522
1837 384
121 810
121 1155
1331 546
1331 1063
730 96
730 1495
2019 1931
2019 787
900 1469
900 1012
768 1688
768 1586
155 775
155 1427
289 777
289 1298
582 247
582 374
682 694
682 759
899 1698
899 111
862 945
862 230
248 764
248 1101
605 15
605 456
1048 1647
1048 419
296 483
296 1352
1043 1889
1043 1941
1634 1347
1634 1003
809 1154
809 157
877 209
877 1922
524 803
524 1878
1678 739
1678 1027
1236 1600
1236 1867
1909 1822
1909 1717
1068 811
1068 647
1232 1585
1232 1069
114 728
114 1242
1089 51
1089 1418
849 726
849 636
1085 1995
1085 389
580 1031
580 1658
1848 1899
1848 1897
270 1747
270 1439
997 893
997 1525
1598 76
1598 158
585 982
585 138
1099 857
1099 206
1824 940
1824 1149
112 1148
112 852
939 1949
939 1884
501 1342
501 587
909 220
909 1999
886 287
886 1924
