255 511 998716
212 214
212 254
214 63
214 240
254 168
254 253
63 180
63 247
240 74
240 245
168 193
168 55
253 103
253 67
180 169
180 117
247 152
247 251
74 58
74 136
245 109
245 201
193 182
193 29
55 110
55 228
103 100
103 95
67 194
67 230
169 111
169 241
117 235
117 132
152 189
152 249
251 224
251 4
58 99
58 154
136 49
136 145
109 164
109 82
201 153
201 220
182 130
182 71
29 200
29 1
110 14
110 35
228 161
228 28
100 70
100 172
95 142
95 26
194 88
194 157
230 218
230 32
111 185
111 77
241 18
241 72
235 208
235 96
132 165
132 21
189 191
189 128
249 244
249 112
224 47
224 53
4 10
4 252
99 181
99 15
154 107
154 78
49 105
49 94
145 149
145 186
164 223
164 16
82 184
82 45
153 60
153 225
220 61
220 183
130 36
130 11
71 38
71 133
200 226
200 211
1 129
1 227
14 73
14 141
35 196
35 178
161 236
161 46
28 125
28 158
70 20
70 209
172 239
172 216
142 8
142 118
26 222
26 190
88 246
88 232
157 134
157 177
218 213
218 37
32 98
32 24
185 90
185 69
77 22
77 197
18 113
18 188
72 93
72 163
208 33
208 56
96 65
96 199
165 76
165 87
21 144
21 192
191 97
191 229
128 156
128 116
244 13
244 131
112 143
112 5
47 147
47 106
53 39
53 17
10 122
10 54
252 25
252 7
181 187
181 150
15 248
15 231
107 80
107 166
78 204
78 44
105 238
105 123
94 79
94 115
149 81
149 89
186 170
186 52
223 148
223 42
16 205
16 34
184 31
184 198
45 101
45 233
60 108
60 151
225 2
225 234
61 210
61 159
183 64
183 40
36 146
36 91
11 62
11 41
38 51
38 179
133 203
133 237
226 102
226 84
211 27
211 23
129 167
129 242
227 221
227 119
73 124
73 86
141 120
141 176
196 137
196 75
178 6
178 207
236 243
236 43
46 30
46 48
125 9
125 104
158 174
158 219
20 250
20 83
209 140
209 19
239 85
239 171
216 160
216 50
8 155
8 12
118 255
118 217
222 175
222 114
190 57
190 135
246 66
246 215
232 68
232 173
134 121
134 195
177 139
177 92
213 162
213 202
37 206
37 127
98 59
98 126
24 3
24 138
84 69
84 36
69 117
69 487
36 345
36 414
117 291
117 279
487 162
487 198
345 449
345 322
414 187
414 354
291 372
291 85
279 194
279 491
162 324
162 494
198 30
198 199
449 95
449 430
322 93
322 137
187 221
187 488
354 22
354 382
372 225
372 293
85 435
85 402
194 309
194 277
491 180
491 175
324 172
324 110
494 362
494 170
30 432
30 250
199 489
199 204
95 78
95 158
430 367
430 39
93 166
93 6
137 210
137 312
221 134
221 355
488 305
488 350
22 21
22 442
382 507
382 375
225 55
225 390
293 160
293 448
435 38
435 57
402 24
402 184
309 416
309 476
277 33
277 417
180 436
180 190
175 131
175 458
172 195
172 235
110 401
110 499
362 5
362 237
170 477
170 470
432 380
432 286
250 169
250 347
489 196
489 45
204 319
204 88
78 428
78 159
158 369
158 105
367 41
367 239
39 335
39 60
166 469
166 262
6 329
6 420
210 232
210 473
312 284
312 378
134 214
134 218
355 75
355 70
305 64
305 288
350 326
350 343
21 71
21 227
442 202
442 146
507 56
507 252
375 399
375 124
55 96
55 260
390 155
390 474
160 334
160 282
448 147
448 26
38 74
38 270
57 165
57 266
24 246
24 495
184 243
184 152
416 79
416 292
476 94
476 358
33 313
33 68
417 80
417 510
436 504
436 135
190 219
190 299
131 139
131 387
458 144
458 431
195 100
195 127
235 317
235 241
401 496
401 405
499 19
499 76
5 258
5 63
237 391
237 183
477 121
477 188
470 216
470 92
380 161
380 423
286 459
286 427
169 300
169 126
347 226
347 346
196 132
196 208
45 451
45 15
319 66
319 34
88 253
88 91
428 163
428 475
159 87
159 403
369 54
369 425
105 223
105 245
41 13
41 123
239 50
239 220
335 492
335 318
60 254
60 278
469 294
469 48
262 12
262 397
329 287
329 379
420 240
420 103
232 82
232 141
473 44
473 332
284 502
284 1
378 500
378 315
214 323
214 359
218 396
218 410
75 366
75 482
70 49
70 217
64 28
64 377
288 51
288 421
326 111
326 18
343 47
343 385
71 256
71 189
227 283
227 384
202 234
202 307
146 325
146 109
56 290
56 412
252 118
252 457
399 462
399 157
124 333
124 149
96 437
96 58
260 439
260 174
155 244
155 376
474 255
474 14
334 310
334 43
282 65
282 478
147 177
147 444
26 272
26 422
74 493
74 143
270 2
270 275
165 509
165 193
266 29
266 17
246 11
246 450
495 238
495 498
243 463
243 316
152 330
152 233
79 468
79 383
292 186
292 62
94 129
94 276
358 263
358 52
313 446
313 351
68 86
68 23
80 206
80 46
510 295
510 348
504 205
504 8
135 77
135 73
219 140
219 481
299 392
299 438
139 342
139 497
387 298
387 248
144 81
144 381
431 511
431 192
100 464
100 485
127 212
127 20
317 116
317 327
241 197
241 37
496 472
496 222
405 336
405 104
19 479
19 363
76 274
76 251
258 456
258 301
63 182
63 443
391 453
391 424
183 133
183 434
121 483
121 16
188 394
188 393
216 108
216 501
92 314
92 59
161 130
161 259
423 113
423 361
459 360
459 337
427 231
427 122
300 465
300 447
126 364
126 365
226 441
226 9
346 120
346 168
132 151
132 230
208 61
208 167
451 281
451 398
15 171
15 466
66 289
66 440
34 349
34 102
253 285
253 229
91 148
91 261
163 460
163 142
475 406
475 404
87 107
87 311
403 273
403 209
54 32
54 411
425 321
425 395
223 154
223 224
245 72
245 344
13 371
13 353
123 138
123 267
50 320
50 486
220 264
220 176
492 400
492 506
318 201
318 89
254 242
254 303
278 505
278 40
294 150
294 211
48 114
48 215
12 271
12 228
397 413
397 67
287 445
287 3
379 268
379 4
240 429
240 249
103 484
103 356
82 296
82 388
141 297
141 408
44 265
44 331
332 153
332 433
502 83
502 308
1 99
1 407
500 454
500 306
315 389
315 53
323 338
323 508
359 101
359 106
396 181
396 136
410 480
410 145
366 31
366 236
482 35
482 179
49 90
49 115
217 178
217 97
28 10
28 191
377 471
377 203
51 164
51 125
421 98
421 490
111 418
111 247
18 112
18 207
47 503
47 426
385 352
385 373
256 328
256 213
189 269
189 128
283 280
283 419
384 339
384 368
234 461
234 455
307 467
307 185
325 302
325 386
109 156
109 374
290 200
290 119
412 7
412 173
118 357
118 452
457 340
457 304
462 257
462 409
157 42
157 415
333 341
333 25
149 370
149 27
