255 255 497520
59 14
59 120
14 201
14 28
120 71
120 253
201 249
201 232
28 22
28 106
71 183
71 42
253 111
253 158
249 78
249 143
232 35
232 167
22 88
22 215
106 63
106 107
183 134
183 122
42 98
42 221
111 203
111 165
158 202
158 74
78 51
78 242
143 119
143 222
35 175
35 125
167 34
167 230
88 83
88 55
215 149
215 16
63 161
63 128
107 176
107 131
134 148
134 50
122 21
122 251
98 105
98 170
221 117
221 15
203 220
203 210
165 151
165 109
202 8
202 177
74 82
74 26
51 129
51 200
242 189
242 73
119 70
119 138
222 18
222 31
175 133
175 52
125 234
125 145
34 47
34 62
230 95
230 40
83 162
83 240
55 89
55 166
149 3
149 136
16 190
16 184
161 247
161 94
128 146
128 211
176 75
176 207
131 99
131 218
148 116
148 204
50 19
50 41
21 57
21 195
251 233
251 96
105 112
105 38
170 248
170 168
117 150
117 76
15 84
15 173
220 252
220 124
210 243
210 135
151 236
151 144
109 245
109 178
8 49
8 153
177 68
177 132
82 219
82 212
26 13
26 69
129 155
129 169
200 37
200 85
189 244
189 20
73 9
73 241
70 17
70 23
138 188
138 216
18 30
18 156
31 36
31 4
133 126
133 90
52 32
52 226
234 160
234 130
145 80
145 1
47 118
47 228
62 113
62 235
95 48
95 224
40 77
40 12
162 198
162 180
240 193
240 104
89 205
89 2
166 102
166 229
3 217
3 231
136 46
136 91
190 238
190 191
184 199
184 10
247 27
247 194
94 250
94 39
146 58
146 142
211 192
211 114
75 5
75 246
207 53
207 86
99 181
99 152
218 65
218 179
116 239
116 67
204 87
204 64
19 196
19 54
41 11
41 140
57 154
57 137
195 101
195 197
233 110
233 121
96 25
96 61
112 185
112 254
38 187
38 206
248 108
248 60
168 45
168 97
150 93
150 141
76 209
76 43
84 29
84 213
173 223
173 103
252 174
252 66
124 147
124 123
243 139
243 92
135 227
135 81
236 6
236 214
144 127
144 163
245 79
245 255
178 208
178 157
49 44
49 7
153 186
153 24
68 56
68 164
132 225
132 182
219 33
219 100
212 115
212 159
13 72
13 237
69 171
69 172
184 89
184 146
89 47
89 15
146 5
146 61
47 216
47 246
15 178
15 136
5 180
5 66
61 131
61 54
216 156
216 162
246 28
246 87
178 50
178 153
136 233
136 250
180 57
180 104
66 170
66 198
131 63
131 209
54 175
54 172
156 97
156 230
162 247
162 48
28 103
28 11
87 152
87 129
50 43
50 72
153 228
153 179
233 207
233 114
250 168
250 80
57 9
57 253
104 34
104 106
170 248
170 140
198 24
198 36
63 126
63 107
209 33
209 60
175 227
175 42
172 236
172 7
97 134
97 197
230 39
230 18
247 143
247 185
48 76
48 229
103 150
103 171
11 223
11 67
152 242
152 30
129 64
129 119
43 44
43 192
72 127
72 59
228 191
228 95
179 238
179 55
207 94
207 149
114 194
114 10
168 13
168 73
80 46
80 125
9 90
9 45
253 56
253 183
34 196
34 174
106 195
106 12
248 81
248 210
140 169
140 254
24 133
24 251
36 203
36 53
126 193
126 208
107 40
107 29
33 224
33 189
60 32
60 111
227 147
227 201
42 142
42 225
236 232
236 75
7 65
7 123
134 20
134 116
197 158
197 240
39 165
39 138
18 21
18 177
143 112
143 199
185 118
185 105
76 202
76 181
229 145
229 182
150 122
150 71
171 245
171 167
223 190
223 26
67 25
67 8
242 83
242 217
30 38
30 205
64 4
64 88
119 241
119 2
44 128
44 92
192 164
192 35
127 86
127 214
59 200
59 82
191 160
191 23
95 3
95 173
238 27
238 235
55 135
55 141
94 176
94 49
149 220
149 58
194 108
194 231
10 218
10 161
13 101
13 31
73 155
73 93
46 37
46 100
125 163
125 79
90 70
90 110
45 249
45 1
56 22
56 68
183 204
183 117
196 206
196 226
174 151
174 213
195 186
195 98
12 115
12 154
81 237
81 239
210 120
210 139
169 187
169 222
254 157
254 219
133 113
133 215
251 69
251 252
203 85
203 77
53 62
53 99
193 6
193 14
208 91
208 148
40 212
40 96
29 159
29 188
224 78
224 121
189 17
189 41
32 16
32 234
111 211
111 84
147 51
147 221
201 243
201 102
142 130
142 132
225 144
225 137
232 244
232 255
75 109
75 124
65 166
65 52
123 74
123 19
