1023 2047 988
681 890
681 512
890 372
890 613
512 862
512 486
372 651
372 937
613 755
613 991
862 249
862 405
486 861
486 328
651 984
651 41
937 338
937 555
755 752
755 617
991 189
991 186
249 187
249 70
405 344
405 873
861 545
861 312
328 377
328 608
984 374
984 105
41 843
41 302
338 194
338 1014
555 706
555 153
752 40
752 962
617 310
617 108
189 565
189 815
186 239
186 106
187 542
187 506
70 599
70 446
344 195
344 23
873 927
873 323
545 583
545 459
312 485
312 750
377 723
377 129
608 431
608 356
374 290
374 653
105 835
105 60
843 534
843 193
302 467
302 522
194 863
194 776
1014 116
1014 953
706 32
706 395
153 301
153 563
40 416
40 618
962 936
962 693
310 710
310 999
108 257
108 61
565 832
565 948
815 777
815 458
239 100
239 224
106 272
106 575
542 552
542 523
506 870
506 641
599 707
599 135
446 584
446 1019
195 412
195 82
23 39
23 1023
927 856
927 268
323 364
323 977
583 742
583 986
459 333
459 678
485 461
485 727
750 318
750 20
723 514
723 701
129 934
129 258
431 102
431 711
356 101
356 682
290 553
290 368
653 773
653 477
835 221
835 266
60 238
60 721
534 734
534 800
193 16
193 1013
467 469
467 982
522 79
522 979
863 614
863 162
776 180
776 854
116 933
116 430
953 541
953 5
32 6
32 632
395 240
395 175
301 834
301 232
563 664
563 993
416 94
416 68
618 698
618 393
936 326
936 452
693 916
693 226
710 220
710 157
999 1022
999 634
257 968
257 577
61 213
61 580
832 488
832 481
948 207
948 345
777 202
777 587
458 131
458 316
100 662
100 24
224 708
224 564
272 1021
272 744
575 112
575 36
552 639
552 284
523 696
523 4
870 557
870 658
641 103
641 357
707 223
707 254
135 192
135 521
584 558
584 472
1019 359
1019 754
412 650
412 378
82 91
82 652
39 243
39 645
1023 821
1023 15
856 904
856 712
268 160
268 917
364 515
364 496
977 839
977 526
742 516
742 296
986 797
986 14
333 1
333 529
678 625
678 285
461 683
461 64
727 715
727 857
318 623
318 397
20 294
20 716
514 137
514 264
701 988
701 482
934 978
934 929
258 291
258 288
102 440
102 214
711 527
711 346
101 823
101 304
682 517
682 844
553 426
553 165
368 146
368 403
773 783
773 495
477 950
477 767
221 463
221 53
266 638
266 379
238 28
238 81
721 748
721 128
734 668
734 201
800 353
800 493
16 408
16 603
1013 781
1013 117
469 286
469 407
982 248
982 865
79 925
79 842
979 384
979 38
614 178
614 473
162 253
162 1018
180 568
180 868
854 606
854 229
933 941
933 726
430 2
430 538
541 674
541 592
5 35
5 671
6 543
6 350
632 849
632 607
240 1009
240 855
175 794
175 411
834 791
834 83
232 449
232 816
664 572
664 774
993 940
993 961
94 324
94 581
68 730
68 169
698 957
698 159
393 911
393 784
326 98
326 713
452 807
452 37
916 383
916 912
226 256
226 964
220 850
220 874
157 198
157 215
1022 233
1022 336
634 1005
634 3
968 875
968 550
577 84
577 363
213 216
213 589
580 147
580 114
488 759
488 763
481 398
481 501
207 548
207 782
345 75
345 566
202 197
202 574
587 260
587 110
131 733
131 669
316 387
316 735
662 902
662 261
24 168
24 885
708 646
708 319
564 590
564 508
1021 62
1021 480
744 974
744 605
112 305
112 422
36 897
36 528
639 600
639 822
284 127
284 631
696 573
696 970
4 447
4 893
557 549
557 208
658 768
658 228
103 339
103 616
357 635
357 786
223 554
223 841
254 190
254 847
192 795
192 813
521 145
521 307
558 417
558 593
472 785
472 889
359 390
359 329
754 450
754 518
650 892
650 829
378 204
378 570
91 852
91 695
652 251
652 141
243 520
243 385
645 525
645 921
821 21
821 43
15 995
15 470
904 474
904 896
712 626
712 894
160 265
160 172
917 906
917 429
515 367
515 910
496 724
496 325
839 680
839 740
526 45
526 337
516 492
516 559
296 366
296 758
797 793
797 956
14 908
14 247
1 818
1 163
529 663
529 597
625 279
625 804
285 11
285 628
683 1016
683 761
64 44
64 895
715 155
715 17
857 612
857 642
623 358
623 831
397 880
397 753
294 819
294 595
716 297
716 765
137 636
137 812
264 987
264 396
988 907
988 884
482 640
482 386
978 78
978 746
929 915
929 394
291 306
291 569
288 945
288 246
440 471
440 677
214 845
214 955
527 532
527 615
346 130
346 699
823 792
823 278
304 719
304 745
517 479
517 96
844 300
844 787
426 342
426 58
165 891
165 914
146 123
146 66
403 531
403 790
783 586
783 113
495 571
495 134
950 539
950 315
767 722
767 59
463 199
463 55
53 676
53 327
638 466
638 866
379 289
379 25
28 8
28 176
81 451
81 624
748 441
748 280
128 475
128 85
668 369
668 764
201 688
201 435
353 203
353 340
493 743
493 685
408 1002
408 1017
603 299
603 556
781 12
781 585
117 958
117 994
286 428
286 244
407 87
407 860
248 370
248 530
865 51
865 739
925 376
925 46
842 766
842 756
384 399
384 943
38 867
38 714
178 423
178 954
473 648
473 222
253 151
253 582
1018 259
1018 371
568 604
568 121
868 963
868 500
606 166
606 971
229 444
229 410
941 52
941 747
726 702
726 111
2 276
2 992
538 1001
538 788
674 692
674 185
592 700
592 973
35 513
35 611
671 820
671 882
543 206
543 731
350 769
350 736
849 270
849 392
607 898
607 809
1009 826
1009 827
855 814
855 402
794 644
794 234
411 404
411 125
791 951
791 622
83 946
83 9
449 73
449 985
816 1011
816 236
572 30
572 154
774 1012
774 666
940 298
940 65
961 99
961 72
324 184
324 981
581 89
581 705
730 303
730 63
169 241
169 983
957 601
957 164
159 250
159 267
911 136
911 457
784 317
784 119
98 1015
98 989
713 760
713 362
807 497
807 269
37 1008
37 536
383 633
383 332
912 77
912 828
256 647
256 282
964 858
964 833
850 825
850 837
874 598
874 876
198 709
198 18
215 926
215 133
233 499
233 433
336 811
336 535
1005 799
1005 737
3 188
3 1004
875 922
875 886
550 576
550 120
84 205
84 287
363 665
363 476
216 415
216 944
589 780
589 97
147 354
147 427
114 610
114 483
759 972
759 373
763 245
763 670
398 34
398 122
501 275
501 923
548 293
548 174
782 351
782 918
75 71
75 869
566 167
566 960
197 170
197 490
574 389
574 686
260 212
260 191
110 502
110 217
733 594
733 92
669 524
669 931
387 997
387 864
735 591
735 859
902 1006
902 509
261 806
261 932
168 308
168 144
885 26
885 503
646 924
646 50
319 80
319 33
590 355
590 691
508 273
508 468
62 292
62 838
480 464
480 432
974 673
974 352
605 460
605 1010
305 211
305 400
422 679
422 375
897 401
897 140
528 717
528 425
600 872
600 109
822 237
822 27
127 1020
127 637
631 704
631 966
573 1000
573 703
970 803
970 93
447 348
447 311
893 935
893 544
549 420
549 675
208 567
208 888
768 277
768 489
228 546
228 588
339 138
339 919
616 848
616 382
635 196
635 67
786 846
786 909
554 263
554 453
841 808
841 49
190 281
190 235
847 510
847 22
795 148
795 729
813 596
813 42
145 219
145 173
307 920
307 494
417 10
417 1003
593 883
593 903
785 824
785 142
889 445
889 434
390 975
390 341
329 231
329 602
450 448
450 998
518 183
518 901
892 810
892 454
829 887
829 871
204 314
204 853
570 210
570 95
852 796
852 684
695 817
695 209
251 443
251 456
141 115
141 578
520 1007
520 802
385 331
385 720
525 143
525 74
921 672
921 511
21 762
21 182
43 179
43 7
995 200
995 667
470 949
470 877
474 561
474 913
896 361
896 771
626 455
626 69
894 620
894 990
265 643
265 657
172 31
172 54
906 252
906 505
429 749
429 86
367 413
367 732
910 181
910 126
724 465
724 107
325 757
325 939
680 540
680 88
740 952
740 343
45 255
45 579
337 158
337 13
492 969
492 118
559 654
559 365
366 694
366 349
758 938
758 980
793 689
793 262
956 56
956 942
908 484
908 19
247 801
247 519
818 498
818 778
163 996
163 551
663 462
663 770
597 227
597 152
279 881
279 627
804 930
804 772
11 409
11 330
628 283
628 836
1016 649
1016 533
761 242
761 225
44 442
44 659
895 878
895 779
155 47
155 947
17 309
17 124
612 439
612 321
642 271
642 661
358 899
358 660
831 507
831 90
880 177
880 388
753 504
753 150
819 149
819 741
595 381
595 478
297 629
297 414
765 76
765 274
636 619
636 687
812 562
812 751
987 851
987 959
396 335
396 139
907 391
907 322
884 230
884 656
640 419
640 697
386 967
386 609
78 132
78 728
746 976
746 360
915 334
915 718
394 436
394 156
306 630
306 295
569 347
569 104
945 406
945 418
246 161
246 805
471 775
471 965
677 218
677 738
845 29
845 840
955 928
955 491
532 725
532 830
615 313
615 789
130 537
130 380
699 171
699 655
792 900
792 798
278 905
278 438
719 547
719 48
745 487
745 437
479 424
479 57
96 879
96 320
300 621
300 560
787 421
787 690
1688 337
1688 1910
337 1594
337 1940
1910 1225
1910 607
1594 1929
1594 917
1940 1639
1940 497
1225 282
1225 1124
607 1344
607 415
1929 13
1929 169
917 258
917 670
1639 910
1639 1406
497 1182
497 1882
282 1523
282 74
1124 386
1124 1120
1344 1721
1344 1416
415 1923
415 2001
13 163
13 853
169 671
169 130
258 1209
258 1811
670 68
670 1261
910 1008
910 517
1406 682
1406 111
1182 1795
1182 1963
1882 1336
1882 471
1523 1156
1523 199
74 1564
74 1545
386 1483
386 1540
1120 1665
1120 1285
1721 1151
1721 1647
1416 1452
1416 825
1923 1223
1923 621
2001 150
2001 1805
163 1021
163 775
853 1466
853 15
671 1526
671 1773
130 366
130 1752
1209 1502
1209 1161
1811 913
1811 170
68 1012
68 393
1261 1181
1261 112
1008 1160
1008 426
517 672
517 476
682 750
682 1554
111 1733
111 1224
1795 1734
1795 488
1963 1448
1963 1195
1336 347
1336 1731
471 192
471 1435
1156 1916
1156 1177
199 1582
199 1686
1564 788
1564 1590
1545 1142
1545 397
1483 889
1483 1429
1540 109
1540 577
1665 262
1665 1531
1285 615
1285 1844
1151 1683
1151 1532
1647 1299
1647 1790
1452 1809
1452 707
825 757
825 1551
1223 819
1223 1990
621 681
621 1036
150 1154
150 1720
1805 1783
1805 844
1021 713
1021 1327
775 1317
775 45
1466 143
1466 1751
15 305
15 310
1526 1364
1526 1031
1773 1995
1773 759
366 1967
366 242
1752 1375
1752 1732
1502 1214
1502 1274
1161 2008
1161 1242
913 1423
913 1713
170 1621
170 3
1012 932
1012 1365
393 1228
393 1047
1181 1213
1181 574
112 494
112 1522
1160 960
1160 728
426 113
426 961
672 117
672 1813
476 941
476 1444
750 1387
750 798
1554 1558
1554 319
1733 854
1733 642
1224 655
1224 116
1734 1643
1734 1983
488 2036
488 1671
1448 1984
1448 361
1195 104
1195 837
347 653
347 1673
1731 828
1731 1039
192 1410
192 579
1435 1759
1435 865
1916 2017
1916 1486
1177 17
1177 1925
1582 498
1582 389
1686 174
1686 1768
788 1463
788 951
1590 1268
1590 1000
1142 739
1142 1705
397 1488
397 1229
889 1591
889 1763
1429 1697
1429 290
109 1404
109 1459
577 171
577 1696
262 1754
262 751
1531 193
1531 50
615 1005
615 836
1844 2022
1844 243
1683 1085
1683 1470
1532 1792
1532 716
1299 1291
1299 1447
1790 885
1790 405
1809 185
1809 1868
707 719
707 1730
757 1968
757 1166
1551 1169
1551 448
819 1018
819 736
1990 1461
1990 1888
681 1762
681 1313
1036 661
1036 827
1154 1479
1154 1046
1720 1501
1720 679
1783 1903
1783 1077
844 897
844 1200
713 401
713 372
1327 805
1327 429
1317 555
1317 1272
45 1663
45 840
143 551
143 1906
1751 1096
1751 1233
305 1632
305 126
310 437
310 51
1364 756
1364 559
1031 1648
1031 1137
1995 664
1995 1796
759 970
759 1263
1967 786
1967 255
242 423
242 943
1375 1361
1375 1797
1732 580
1732 635
1214 473
1214 650
1274 965
1274 442
2008 867
2008 939
1242 1914
1242 815
1423 1064
1423 1573
1713 1850
1713 966
1621 547
1621 303
3 969
3 801
932 627
932 771
1365 244
1365 1693
1228 122
1228 2018
1047 54
1047 1744
1213 804
1213 390
574 307
574 668
494 1125
494 599
1522 1111
1522 1025
960 1932
960 344
728 47
728 1165
113 1561
113 1015
961 1555
961 592
117 652
117 433
1813 188
1813 534
941 1495
941 1652
1444 715
1444 1567
1387 792
1387 410
798 1550
798 1970
1558 434
1558 926
319 1318
319 1636
854 283
854 230
642 1063
642 226
655 33
655 184
116 666
116 1075
1643 459
1643 1539
1983 1397
1983 624
2036 1206
2036 1729
1671 866
1671 1504
1984 1866
1984 1500
361 413
361 1578
104 46
104 1527
837 1458
837 362
653 1542
653 718
1673 2026
1673 1131
828 1221
828 1838
1039 1867
1039 12
1410 1414
1410 1250
579 2042
579 1623
1759 930
1759 1235
865 302
865 1112
2017 1192
2017 23
1486 1358
1486 675
17 1428
17 250
1925 1682
1925 1322
498 1126
498 1316
389 1198
389 1311
174 1870
174 96
1768 489
1768 57
1463 128
1463 1597
951 1584
951 1687
1268 753
1268 1244
1000 1450
1000 905
739 358
739 270
1705 1664
1705 1728
1488 849
1488 1543
1229 286
1229 986
1591 847
1591 1901
1763 1407
1763 875
1697 1276
1697 535
290 1067
290 1659
1404 985
1404 533
1459 146
1459 1004
171 1352
171 956
1696 511
1696 1121
1754 1256
1754 467
751 1095
751 359
193 1679
193 314
50 1471
50 1130
1005 1362
1005 1562
836 371
836 1846
2022 783
2022 1348
243 1614
243 287
1085 1398
1085 1179
1470 1092
1470 619
1792 1919
1792 1270
716 197
716 1681
1291 1619
1291 409
1447 55
1447 1514
885 316
885 789
405 67
405 590
185 202
185 1644
1868 693
1868 1565
719 1666
719 1061
1730 727
1730 616
1968 69
1968 447
1166 976
1166 769
1169 1249
1169 1338
448 1135
448 77
1018 546
1018 762
736 822
736 1821
1461 175
1461 594
1888 391
1888 1441
1762 1668
1762 1779
1313 1427
1313 1146
661 947
661 220
827 785
827 238
1479 332
1479 518
1046 216
1046 56
1501 1755
1501 569
679 183
679 1401
1903 38
1903 34
1077 936
1077 1706
897 1978
897 1346
1200 1413
1200 657
401 280
401 1818
372 755
372 1409
805 994
805 848
429 826
429 1189
555 703
555 94
1272 1937
1272 1982
1663 575
1663 1043
840 1472
840 1251
551 1269
551 486
1906 31
1906 1118
1096 810
1096 348
1233 548
1233 1027
1632 1757
1632 1216
126 617
126 500
437 102
437 806
51 1701
51 387
756 782
756 1993
559 227
559 478
1648 1835
1648 823
1137 228
1137 164
664 139
664 1378
1796 239
1796 790
970 1628
970 1905
1263 1503
1263 352
786 1281
786 71
255 133
255 167
423 974
423 613
943 1294
943 1104
1361 400
1361 918
1797 1511
1797 1236
580 1938
580 1144
635 1893
635 16
473 1340
473 2
650 2005
650 187
965 1489
965 44
442 572
442 1909
867 1069
867 1548
939 744
939 539
1914 1132
1914 9
815 1950
815 2006
1064 267
1064 725
1573 354
1573 454
1850 1788
1850 19
966 1626
966 271
547 565
547 620
303 70
303 346
969 1878
969 11
801 660
801 1998
627 520
627 640
771 338
771 1533
244 872
244 1037
1693 1739
1693 628
122 711
122 901
2018 135
2018 1695
54 1304
54 1030
1744 320
1744 241
804 1293
804 59
390 416
390 1138
307 1945
307 860
668 1485
668 261
1125 1712
1125 1557
599 93
599 365
1111 1745
1111 526
1025 958
1025 1222
1932 1359
1932 105
344 1390
344 999
47 1723
47 289
1165 747
1165 629
1561 1604
1561 1258
1015 1552
1015 1943
1555 603
1555 1896
592 731
592 1966
652 1080
652 1033
433 1328
433 1370
188 503
188 367
534 1603
534 1093
1495 1657
1495 1207
1652 83
1652 1631
715 1803
715 2030
1567 674
1567 1332
792 702
792 687
410 312
410 1082
1550 1629
1550 2019
1970 735
1970 1513
434 1871
434 468
926 330
926 1824
1318 1237
1318 182
1636 1544
1636 1436
283 1804
283 893
230 285
230 291
1063 1277
1063 1965
226 334
226 1704
33 1627
33 560
184 75
184 581
666 678
666 1076
1075 231
1075 934
459 554
459 375
1539 1102
1539 399
1397 333
1397 556
624 1315
624 1201
1206 2004
1206 1196
1729 1942
1729 1680
866 1887
866 325
1504 1462
1504 1122
1866 685
1866 1541
1500 273
1500 1385
413 215
413 1473
1578 445
1578 318
46 355
46 912
1527 892
1527 1280
1458 217
1458 927
362 80
362 41
1542 1620
1542 148
718 1766
718 1574
2026 1960
2026 1579
1131 1964
1131 1944
1221 752
1221 1150
1838 1289
1838 2012
1867 1296
1867 1725
12 758
12 722
1414 1610
1414 1074
1250 1060
1250 1412
2042 1538
2042 1350
1623 582
1623 329
930 420
930 211
1235 1661
1235 176
302 1600
302 767
1112 1128
1112 327
1192 898
1192 832
23 923
23 1300
1358 1724
1358 1496
675 1802
675 877
1428 1851
1428 766
250 336
250 144
1682 20
1682 602
1322 1547
1322 881
1126 1791
1126 1211
1316 1467
1316 1807
1198 32
1198 1175
1311 1855
1311 296
1870 890
1870 709
96 485
96 1066
489 351
489 240
57 2039
57 1418
128 279
128 381
1597 919
1597 1491
1584 1535
1584 612
1687 745
1687 1989
753 450
753 363
1244 2045
1244 1955
1450 1898
1450 2000
905 1576
905 1616
358 1438
358 1433
270 1292
270 1353
1664 1425
1664 1883
1728 649
1728 376
849 1227
849 1854
1543 443
1543 1782
286 1083
286 1059
986 1685
986 1180
847 108
847 2037
1901 131
1901 738
1407 321
1407 2003
875 293
875 834
1276 562
1276 586
535 1001
535 107
1067 1520
1067 1164
1659 1248
1659 528
985 1032
985 1642
533 1145
533 835
146 954
146 1497
1004 589
1004 1886
1352 831
1352 200
956 1266
956 1771
511 1445
511 1107
1121 1872
1121 662
1256 643
1256 160
467 688
467 1420
1095 101
1095 1874
359 882
359 552
1679 76
1679 1171
314 851
314 62
1471 229
1471 981
1130 1568
1130 1571
1362 268
1362 212
1562 778
1562 7
371 1820
371 768
1846 1324
1846 765
783 1287
783 791
1348 829
1348 680
1614 953
1614 1515
287 1357
287 697
1398 288
1398 1377
1179 1534
1179 723
1092 201
1092 1512
619 235
619 1536
1919 496
1919 1204
1270 1230
1270 1618
197 308
197 247
1681 1173
1681 1016
1619 1099
1619 2035
409 852
409 1265
55 978
55 1010
1514 1374
1514 1828
316 903
316 453
789 395
789 465
67 461
67 1002
590 158
590 820
202 1907
202 991
1644 1326
1644 246
693 412
693 456
1565 1939
1565 251
1666 1653
1666 821
1061 537
1061 1756
727 1774
727 430
616 1054
616 1630
69 1109
69 311
447 814
447 1475
976 564
976 506
769 100
769 1996
1249 1305
1249 84
1338 440
1338 462
1135 507
1135 519
77 64
77 1148
546 665
546 451
762 808
762 916
822 1853
822 36
1821 1722
1821 1449
175 911
175 1163
594 1369
594 2010
391 2033
391 1856
1441 1588
1441 138
1668 1343
1668 1220
1779 1902
1779 686
1427 1933
1427 522
1146 441
1146 42
947 136
947 1062
220 1880
220 99
785 190
785 382
238 1563
238 4
332 224
332 78
518 198
518 980
216 1977
216 1800
56 689
56 740
1755 342
1755 2014
569 1106
569 2031
183 914
183 1481
1401 1674
1401 787
38 1962
38 691
34 257
34 721
936 166
936 1072
1706 373
1706 154
1978 1530
1978 1617
1346 1480
1346 1934
1413 1231
1413 942
657 1354
657 605
280 1784
280 1014
1818 996
1818 777
755 477
755 406
1409 708
1409 1899
994 1524
994 1920
848 1203
848 86
826 525
826 2040
1189 869
1189 940
703 733
703 1529
94 868
94 543
1937 964
1937 510
1982 179
1982 891
575 1026
575 452
1043 156
1043 1140
1472 636
1472 61
1251 604
1251 1505
1269 1190
1269 797
486 1307
486 89
31 784
31 1581
1118 1119
1118 1262
810 196
810 1994
348 1948
348 886
548 73
548 1519
1027 1570
1027 1822
1757 1658
1757 1999
1216 1806
1216 162
617 26
617 1372
500 403
500 1595
102 165
102 1367
806 1323
806 880
1701 1007
1701 1869
387 1786
387 1958
782 402
782 1758
1993 1815
1993 398
227 1170
227 648
478 717
478 1089
1835 1333
1835 931
823 168
823 726
228 888
228 1559
164 1833
164 1048
139 1341
139 306
1378 638
1378 1040
239 1622
239 1992
790 803
790 1953
1628 1777
1628 1507
1905 1029
1905 1849
1503 331
1503 1677
352 378
352 1363
1281 1238
1281 1812
71 1611
71 1702
133 95
133 1823
167 1700
167 561
974 10
974 1044
613 690
613 896
1294 982
1294 861
1104 466
1104 254
400 1087
400 1816
918 1640
918 884
1511 1836
1511 1453
1236 132
1236 2007
1938 1114
1938 1260
1144 383
1144 1108
1893 871
1893 656
16 1349
16 1381
1340 2046
1340 1368
2 482
2 1386
2005 161
2005 1946
187 824
187 922
1489 1675
1489 1656
44 2020
44 140
572 1670
572 232
1909 817
1909 770
1069 469
1069 178
1548 272
1548 149
744 811
744 1930
539 1482
539 1709
1132 1510
1132 1817
9 1376
9 1283
1950 1518
1950 1969
2006 360
2006 269
267 585
267 427
725 1178
725 1607
354 1183
354 1997
454 1239
454 598
1788 1241
1788 1897
19 800
19 1103
1626 1071
1626 995
271 839
271 544
565 22
565 103
620 780
620 449
70 878
70 460
346 1830
346 1408
1878 1918
1878 173
11 1430
11 419
660 1279
660 720
1998 1325
1998 1411
520 1478
520 1922
640 1892
640 1861
338 1808
338 2047
1533 1255
1533 1147
872 699
872 39
1037 1345
1037 1884
1739 1794
1739 841
628 676
628 764
711 532
711 1308
901 1392
901 610
135 701
135 277
1695 8
1695 264
1304 411
1304 794
1030 464
1030 1747
320 1596
320 1517
241 444
241 425
1293 25
1293 58
59 1081
59 65
416 1042
416 1613
1138 1575
1138 908
1945 1840
1945 458
860 1464
860 1831
1485 830
1485 1208
261 1793
261 1402
1712 1240
1712 1492
1557 1290
1557 1608
93 557
93 1667
365 1301
365 1347
1745 663
1745 1684
526 2016
526 1117
958 1331
958 118
1222 1342
1222 300
1359 1264
1359 1056
105 1865
105 180
1390 501
1390 1727
999 714
999 1714
1723 209
1723 1110
289 813
289 1086
747 1633
747 1499
629 335
629 205
1604 1651
1604 1009
1258 1162
1258 1650
1552 1094
1552 998
1943 883
1943 1133
603 1592
603 1781
1896 1028
1896 963
731 1245
731 1355
1966 1314
1966 1738
1080 601
1080 1798
1033 959
1033 531
1328 1924
1328 1832
1370 772
1370 1097
503 121
503 1339
367 119
367 1073
1603 1553
1603 754
1093 1246
1093 1476
1657 855
1657 1516
1207 1399
1207 990
83 684
83 1127
1631 1295
1631 353
1803 646
1803 692
2030 88
2030 873
674 774
674 673
1332 157
1332 514
702 339
702 1690
687 1772
687 1212
312 2013
312 91
1082 856
1082 1775
1629 1158
1629 1885
2019 1678
2019 1393
735 483
735 921
1513 1101
1513 357
1871 1282
1871 218
468 796
468 1926
330 1384
330 1546
1824 946
1824 1586
1237 904
1237 265
182 1719
182 474
1544 530
1544 1041
1436 955
1436 1360
1804 1848
1804 408
893 1334
893 933
285 700
285 87
291 1259
291 1442
1277 177
1277 424
1965 614
1965 1079
334 1312
334 1593
1704 151
1704 492
1627 37
1627 1662
560 14
560 1741
75 82
75 760
581 493
581 1143
678 1168
678 256
1076 1035
1076 1078
231 1484
231 1419
934 521
934 1742
554 802
554 438
375 1959
375 887
1102 743
1102 284
399 1298
399 1837
333 1843
333 1634
556 2044
556 1065
1315 421
1315 1785
1201 66
1201 1159
2004 1105
2004 252
1196 1468
1196 1011
1942 807
1942 553
1680 1915
1680 2043
1887 1320
1887 1306
325 516
325 967
1462 1900
1462 436
1122 1303
1122 275
685 987
685 975
1541 858
1541 781
273 281
273 1024
1385 1157
1385 1879
215 1271
215 422
1473 1329
1473 92
445 763
445 278
318 1167
318 1400
355 710
355 611
912 876
912 1100
892 1951
892 115
1280 894
1280 1456
217 28
217 299
927 1864
927 1715
80 1927
80 1860
41 60
41 1801
1620 127
1620 1210
148 1921
148 1954
1766 1789
1766 385
1574 1606
1574 504
1960 1876
1960 654
1579 1605
1579 587
1964 431
1964 857
1944 992
1944 1379
752 455
752 979
1150 368
1150 1149
1289 644
1289 1090
2012 977
2012 846
1296 2029
1296 935
1725 949
1725 2023
758 1013
758 1718
722 907
722 35
1610 1038
1610 850
1074 2021
1074 1834
1060 1288
1060 1084
1412 370
1412 1842
1538 1506
1538 1624
1350 1215
1350 779
582 369
582 729
329 356
329 1780
420 1528
420 667
211 1219
211 24
1661 1023
1661 1057
176 622
176 1184
1600 1088
1600 1749
767 948
767 630
1128 513
1128 993
327 945
327 1694
898 1957
898 1058
832 647
832 928
923 1051
923 1498
1300 724
1300 1424
1724 563
1724 1275
1496 1017
1496 195
1802 1645
1802 1284
877 874
877 404
1851 862
1851 1432
766 1391
766 1845
336 204
336 1247
144 1810
144 315
20 683
20 1185
602 1405
602 573
1547 818
1547 651
881 509
881 1881
1791 623
1791 1194
1211 1460
1211 1735
1467 748
1467 1761
1807 962
1807 253
32 487
32 475
1175 1931
1175 1655
1855 1003
1855 219
296 669
296 1839
890 538
890 1726
709 350
709 384
485 1549
485 984
1066 793
1066 1975
351 1443
351 72
240 249
240 746
2039 1577
2039 816
1418 906
1418 799
279 1710
279 1814
381 659
381 1672
919 567
919 1257
1491 309
1491 1309
1535 1421
1535 1487
612 1676
612 950
745 1740
745 380
1989 870
1989 6
450 864
450 63
363 266
363 1176
2045 1875
2045 234
1955 515
1955 326
1898 490
1898 1638
2000 988
2000 1422
1576 120
1576 1764
1616 479
1616 322
1438 1494
1438 1273
1433 1691
1433 1278
1292 761
1292 1134
1353 1717
1353 576
1425 1439
1425 21
1883 1525
1883 236
649 524
649 1981
376 1451
376 1858
1227 298
1227 1859
1854 1366
1854 233
443 593
443 618
1782 1979
1782 1217
1083 29
1083 152
1059 260
1059 527
1685 1787
1685 1585
1180 989
1180 206
108 1949
108 124
2037 1193
2037 1819
131 472
131 529
738 1019
738 637
321 1394
321 1708
2003 972
2003 809
293 1417
293 1974
834 114
834 324
562 1474
562 973
586 110
586 90
1001 1403
1001 364
107 1465
107 737
1520 495
1520 1395
1164 1873
1164 294
1248 48
1248 1493
528 223
528 1455
1032 1841
1032 323
1642 301
1642 550
1145 1457
1145 274
835 1765
835 1669
954 1743
954 734
1497 843
1497 1863
589 1205
589 696
1886 1746
1886 1197
831 1737
831 1847
200 1115
200 540
1266 1389
1266 895
1771 263
1771 1890
1445 1711
1445 658
1107 2011
1107 1770
1872 1388
1872 221
662 394
662 944
643 1191
643 1825
160 1426
160 30
688 106
688 1330
1420 481
1420 1431
101 214
101 1020
1874 929
1874 1253
882 1141
882 463
552 245
552 2027
76 1572
76 1660
1171 1776
1171 1254
851 1980
851 292
62 536
62 53
229 125
229 1070
981 145
981 1371
1568 186
1568 343
1571 439
1571 937
268 1625
268 606
212 191
212 1508
778 645
778 1509
7 859
7 313
1820 588
1820 27
768 571
768 1641
1324 1753
1324 795
765 2025
765 1991
1287 508
1287 632
791 1226
791 1587
829 549
829 863
680 1382
680 568
953 677
953 208
1515 1006
1515 542
1357 2032
1357 470
697 317
697 1053
288 570
288 123
1377 1152
1377 1971
1534 1891
1534 52
723 49
723 924
201 18
201 812
1512 1736
1512 1091
235 1952
235 2028
1536 407
1536 641
496 1356
496 414
1204 600
1204 1396
1230 2034
1230 1947
1618 1799
1618 1187
308 1310
308 304
247 1437
247 295
1173 1052
1173 634
1016 730
1016 5
1099 1490
1099 2024
2035 210
2035 1174
852 1319
852 704
1265 633
1265 417
978 1335
978 203
1010 1380
1010 899
1374 694
1374 1703
1828 541
1828 1218
903 396
903 1434
453 1976
453 1
395 776
395 1232
465 1935
465 1321
461 207
461 1941
1002 1188
1002 1116
158 1113
158 1601
820 1707
820 1098
1907 225
1907 1243
991 159
991 1826
1326 1477
1326 79
246 153
246 1699
412 155
412 85
456 97
456 584
1939 147
1939 1748
251 1234
251 1988
1653 341
1653 1440
821 1646
821 983
537 1877
537 938
1756 566
1756 1895
1774 374
1774 968
430 1580
430 1612
1054 181
1054 43
1630 129
1630 1055
1109 596
1109 480
311 1827
311 1049
814 1961
814 1862
1475 1153
1475 505
564 1383
564 1446
506 491
506 1956
100 732
100 435
1996 1302
1996 1615
1305 1022
1305 40
84 1202
84 1852
440 909
440 900
462 392
462 902
507 446
507 1556
519 833
519 626
64 2038
64 1911
1148 578
1148 502
665 1716
665 608
451 1537
451 1297
808 1045
808 499
916 1767
916 428
1853 276
1853 142
36 377
36 1599
1722 512
1722 1637
1449 773
1449 1654
911 1769
911 1469
1163 1199
1163 1034
1369 1889
1369 706
2010 259
2010 741
2033 189
2033 1598
1856 134
1856 952
1588 597
1588 81
138 248
138 842
1343 1750
1343 1566
1220 2015
1220 1973
1902 915
1902 457
686 957
686 971
1933 297
1933 328
522 484
522 349
441 1987
441 749
42 194
42 388
136 1560
136 1894
1062 1908
1062 591
1880 545
1880 141
99 1521
99 558
190 595
190 1602
382 1609
382 523
1563 705
1563 1155
4 172
4 137
224 1583
224 1760
78 925
78 1286
198 1913
198 1129
980 1351
980 1986
1977 237
1977 1904
1800 2009
1800 1123
689 879
689 1415
740 1454
740 742
342 583
342 1186
2014 418
2014 1917
1106 997
1106 631
2031 1252
2031 213
914 1857
914 2041
1481 1589
1481 625
1674 1692
1674 379
787 1649
787 1689
1962 920
1962 1985
691 1337
691 712
257 1936
257 98
721 1778
721 1267
166 1172
166 1972
1072 432
1072 698
373 1139
373 1928
154 1912
154 845
1530 2002
1530 838
1617 1569
1617 1635
1480 1068
1480 1136
1934 345
1934 1050
1231 1829
1231 695
942 1373
942 1698
1354 639
1354 222
605 609
605 340
